10 4
1 0 1 0 1 1 0 0 0 1 
0 7 5 4 
0.396414 0.338079 0.530626 0.0910504 0.879054 0.0377334 0.642837 0.824155 0.271109 0.942428 0.0163425 0.513086 0.827982 0.810846 0.607692 0.225378 
1 3 8 5 
0.553032 0.711982 0.545803 0.29885 0.831537 0.117702 0.853728 0.0921053 0.80674 0.591699 0.333895 0.159231 0.988113 0.671974 0.689858 0.0791633 
2 4 7 3 
0.391525 0.511786 0.492409 0.202371 0.119478 0.717787 0.244401 0.523867 0.95605 0.797433 0.235849 0.501853 0.0962829 0.067386 0.619555 0.950011 
3 0 5 6 
0.493386 0.585526 0.529823 0.165361 0.275384 0.608986 0.716389 0.00297447 0.330986 0.0915713 0.00167476 0.995413 0.483097 0.513461 0.487822 0.685467 
4 5 1 7 
0.156805 0.161659 0.727302 0.392654 0.663513 0.823585 0.46004 0.283067 0.773595 0.619531 0.709362 0.315305 0.112918 0.294888 0.845128 0.278278 
5 7 0 9 
0.0862382 0.574921 0.780512 0.569335 0.0883816 0.268335 0.254802 0.72132 0.473944 0.184671 0.878125 0.635603 0.911972 0.270779 0.299116 0.735557 
6 0 8 5 
0.824458 0.463269 0.586433 0.669585 0.741547 0.156705 0.123699 0.736214 0.729951 0.908798 0.822452 0.304872 0.68931 0.391787 0.393254 0.957645 
7 6 2 1 
0.83126 0.992699 0.0671916 0.743232 0.263478 0.366307 0.47879 0.994297 0.948491 0.987942 0.344648 0.240036 0.8124 0.807917 0.82647 0.481985 
8 1 2 9 
0.514481 0.10813 0.0179979 0.203792 0.499917 0.411251 0.161436 0.146506 0.525825 0.593024 0.977766 0.518524 0.660216 0.720998 0.782002 0.0265236 
9 2 5 7 
0.18773 0.120947 0.215051 0.000129614 0.928864 0.0415203 0.482115 0.478328 0.0246951 0.0877982 0.764006 0.737821 0.60228 0.872136 0.755819 0.806071 
