10 7
0 0 1 0 1 0 1 0 0 1 
0 7 3 6 4 5 2 
0.322477 0.580556 0.116066 0.224983 0.348119 0.412435 0.0944674 0.0504224 0.670211 0.890529 0.97761 0.0459928 0.660416 0.925433 0.581772 0.701872 0.0420222 0.797799 0.225209 0.722039 0.458472 0.418677 0.364667 0.638838 0.083784 0.179884 0.717654 0.661486 0.012615 0.747471 0.941366 0.335092 0.328026 0.0574319 0.560075 0.676145 0.469867 0.654543 0.726568 0.140078 0.545071 0.704178 0.18607 0.205487 0.629611 0.767843 0.907359 0.671633 0.565641 0.132568 0.393672 0.0241139 0.551245 0.758339 0.662952 0.635028 0.938224 0.380606 0.296514 0.950839 0.128076 0.237881 0.285931 0.456102 0.295313 0.846006 0.132248 0.765179 0.500549 0.858815 0.905257 0.0456203 0.562993 0.0913273 0.251108 0.192604 0.85917 0.158466 0.864238 0.424812 0.291034 0.25791 0.448925 0.842279 0.016249 0.111877 0.477307 0.954473 0.492483 0.773821 0.905311 0.620559 0.0117021 0.191242 0.0766617 0.307015 0.0372486 0.208909 0.0721939 0.537797 0.0677247 0.977451 0.583418 0.630718 0.0687781 0.834525 0.823323 0.927948 0.992992 0.68756 0.35276 0.284026 0.94547 0.801685 0.126305 0.961719 0.913563 0.603612 0.916192 0.406046 0.377433 0.821503 0.0266051 0.389135 0.0127452 0.103267 0.69615 0.0499938 
1 9 0 7 6 2 4 
0.998726 0.521502 0.0952804 0.282752 0.466971 0.896966 0.409057 0.42869 0.810528 0.0126682 0.344882 0.216574 0.390101 0.166385 0.243179 0.779236 0.17913 0.346446 0.475386 0.229124 0.658622 0.24373 0.816915 0.0385227 0.989525 0.988124 0.0491417 0.804097 0.993858 0.883083 0.546618 0.992584 0.404585 0.641899 0.275336 0.871556 0.538864 0.684393 0.300247 0.349392 0.697061 0.645128 0.565966 0.0871622 0.811513 0.809145 0.866399 0.990643 0.155591 0.341785 0.219767 0.814213 0.585515 0.0366818 0.852736 0.57504 0.0248057 0.901877 0.379137 0.0186639 0.784961 0.925755 0.0112481 0.189545 0.567654 0.286584 0.0611016 0.106518 0.970977 0.361348 0.45591 0.668038 0.00647663 0.0218763 0.7552 0.81799 0.831022 0.621599 0.808633 0.986613 0.963384 0.0283999 0.800826 0.548899 0.0650817 0.653561 0.123939 0.0898875 0.555439 0.503076 0.108551 0.340399 0.428831 0.1198 0.529944 0.996485 0.406384 0.591046 0.103003 0.377361 0.952394 0.558913 0.0453988 0.958871 0.58079 0.800599 0.776861 0.411811 0.422198 0.585494 0.398424 0.385581 0.613894 0.199249 0.93448 0.678975 0.852811 0.0584193 0.768863 0.408249 0.561495 0.877414 0.748648 0.990327 0.997214 0.278593 0.986812 0.403598 
2 3 8 4 6 0 9 
0.780904 0.229519 0.626956 0.557765 0.64133 0.0491536 0.143258 0.0397535 0.434735 0.757152 0.239003 0.369215 0.436127 0.0918134 0.427635 0.20499 0.500063 0.98913 0.0824044 0.248711 0.979457 0.0796181 0.527304 0.966269 0.483216 0.396942 0.0560848 0.264174 0.218976 0.704814 0.0905313 0.999879 0.934332 0.717487 0.557644 0.575662 0.766641 0.700902 0.615416 0.201376 0.458054 0.854418 0.570591 0.894182 0.946232 0.998226 0.0991717 0.446294 0.987356 0.181576 0.695005 0.966813 0.261194 0.222309 0.933082 0.74441 0.619251 0.989167 0.00858382 0.838227 0.693981 0.0991151 0.838106 0.628313 0.816602 0.39575 0.203975 0.583243 0.0966524 0.81939 0.784619 0.554707 0.673809 0.35521 0.448888 0.62004 0.353436 0.54806 0.0663346 0.340792 0.729636 0.76134 0.307605 0.99083 0.983649 0.240687 0.73524 0.6029 0.229854 0.743823 0.441127 0.923834 0.842939 0.279233 0.552147 0.659541 0.674983 0.756121 0.242784 0.771636 0.575512 0.0274036 0.326343 0.24932 0.382614 0.775231 0.869361 0.73605 0.32329 0.935695 0.0768419 0.0529263 0.697035 0.384446 0.0437562 0.680684 0.625133 0.778996 0.283584 0.854987 0.522819 0.724711 0.778821 0.365758 0.0039439 0.330968 0.025299 0.678927 
3 4 8 9 7 2 1 
0.875427 0.716977 0.490993 0.928353 0.414012 0.875439 0.972109 0.0946952 0.500572 0.751105 0.378279 0.355559 0.273925 0.10299 0.13438 0.639683 0.106933 0.465348 0.664981 0.785861 0.552437 0.933065 0.236424 0.215037 0.228552 0.0133296 0.126958 0.906653 0.565466 0.90824 0.320804 0.440893 0.625216 0.811796 0.369246 0.0392279 0.687236 0.341355 0.133923 0.187808 0.0924603 0.512202 0.543367 0.366385 0.615192 0.677747 0.00606732 0.722125 0.143095 0.671049 0.507986 0.695532 0.604114 0.74441 0.910569 0.832665 0.757739 0.0375273 0.739318 0.323205 0.945767 0.0601217 0.764098 0.570983 0.871918 0.133344 0.610211 0.559154 0.474699 0.744135 0.746962 0.567159 0.256336 0.290329 0.933544 0.871528 0.968076 0.939611 0.593653 0.111171 0.61066 0.101639 0.806703 0.214774 0.846048 0.717272 0.0474393 0.603788 0.754799 0.786757 0.926993 0.700566 0.846879 0.691091 0.27155 0.718797 0.824435 0.881761 0.277951 0.299134 0.625896 0.0249127 0.866293 0.882232 0.315242 0.799837 0.75376 0.283318 0.739449 0.347413 0.39449 0.350109 0.449052 0.201193 0.564883 0.2951 0.918464 0.612322 0.898888 0.673264 0.399079 0.825881 0.37383 0.245958 0.516972 0.645379 0.964756 0.341407 
4 5 8 3 9 6 1 
0.86618 0.0461203 0.136441 0.260669 0.396229 0.585493 0.461862 0.961112 0.880594 0.380327 0.573434 0.779482 0.0535901 0.972513 0.605363 0.42742 0.218472 0.122335 0.0727993 0.183227 0.463742 0.59994 0.425934 0.104284 0.752976 0.693553 0.611118 0.788244 0.276414 0.91779 0.577272 0.142594 0.96391 0.713714 0.403263 0.360139 0.299207 0.865126 0.321251 0.179801 0.245452 0.894685 0.959283 0.299042 0.867198 0.564645 0.726462 0.0856701 0.686981 0.799261 0.268897 0.150723 0.399201 0.694831 0.255007 0.152177 0.388385 0.866125 0.940421 0.664799 0.783915 0.517693 0.807393 0.747825 0.231407 0.210657 0.107964 0.530614 0.0757824 0.429215 0.710415 0.321234 0.3239 0.669698 0.620277 0.191099 0.234343 0.346739 0.276769 0.921324 0.146 0.545666 0.0720469 0.545201 0.240498 0.327054 0.697378 0.628882 0.193178 0.637799 0.293682 0.977093 0.155492 0.101075 0.724918 0.386899 0.311732 0.832882 0.917514 0.387514 0.262097 0.627929 0.708748 0.585997 0.297627 0.329025 0.777095 0.53197 0.675764 0.053864 0.453294 0.821764 0.59953 0.52534 0.366965 0.840028 0.852394 0.0643431 0.46891 0.0455726 0.702142 0.762592 0.0226656 0.857634 0.863666 0.747583 0.244534 0.175398 
5 6 8 9 4 3 7 
0.465178 0.699076 0.450601 0.529521 0.167986 0.496173 0.231664 0.930577 0.518839 0.0892979 0.794244 0.266422 0.333832 0.969642 0.846887 0.495879 0.532554 0.689449 0.285856 0.804214 0.118007 0.373459 0.404899 0.323661 0.993032 0.681349 0.583179 0.0658978 0.779562 0.442226 0.664105 0.24474 0.141302 0.114705 0.774262 0.309288 0.610879 0.00592517 0.239865 0.129718 0.0952231 0.0341088 0.39614 0.429055 0.00375034 0.243027 0.924934 0.536304 0.932476 0.21079 0.340518 0.0504827 0.584249 0.745417 0.374143 0.57728 0.426766 0.957322 0.643178 0.206328 0.399548 0.307283 0.451068 0.540851 0.421988 0.22533 0.850138 0.0328671 0.231255 0.0900037 0.162585 0.326478 0.124112 0.558725 0.755533 0.127863 0.801752 0.680467 0.664167 0.734228 0.891257 0.00468441 0.784711 0.475506 0.750102 0.158854 0.0527866 0.176867 0.116176 0.695965 0.383195 0.515724 0.00324774 0.834263 0.0565748 0.425236 0.0595928 0.906713 0.458103 0.290848 0.996717 0.620688 0.617325 0.120829 0.179413 0.372858 0.248692 0.981165 0.0533254 0.912859 0.715394 0.944583 0.917543 0.500104 0.420089 0.667645 0.658958 0.472875 0.844512 0.775134 0.16884 0.227707 0.290858 0.172088 0.0619705 0.347433 0.597324 0.121563 
6 0 8 9 3 2 7 
0.402595 0.620385 0.836694 0.45592 0.533244 0.552087 0.400503 0.450787 0.0521914 0.820591 0.118432 0.71115 0.293467 0.962944 0.486284 0.462307 0.190651 0.777142 0.634395 0.252622 0.124576 0.231719 0.374185 0.378722 0.287146 0.786596 0.629586 0.963261 0.816332 0.00127846 0.81879 0.218927 0.621663 0.655483 0.674847 0.154907 0.20757 0.0753495 0.605694 0.259762 0.895941 0.724126 0.970912 0.189408 0.687069 0.457196 0.651715 0.87772 0.234338 0.28611 0.130342 0.358914 0.51783 0.504527 0.737636 0.804976 0.291123 0.367222 0.768237 0.107455 0.3685 0.587027 0.326381 0.990164 0.24251 0.00122829 0.145071 0.450081 0.0765778 0.750765 0.709843 0.972519 0.47489 0.680754 0.161927 0.16196 0.13795 0.813642 0.0396802 0.372288 0.0997519 0.170022 0.731202 0.617581 0.674549 0.468838 0.422557 0.965672 0.836059 0.190795 0.0731266 0.20456 0.777822 0.399508 0.194723 0.0203321 0.400736 0.339794 0.470413 0.477314 0.0905585 0.180256 0.449833 0.565449 0.86101 0.61176 0.727408 0.99896 0.425401 0.767089 0.371248 0.525153 0.937111 0.102449 0.142735 0.61166 0.571287 0.565292 0.577332 0.407346 0.756087 0.650458 0.611906 0.533909 0.0499665 0.806629 0.554241 0.450703 
7 6 8 4 0 9 2 
0.989609 0.529839 0.0648785 0.415011 0.296928 0.436126 0.940164 0.234039 0.538575 0.0828982 0.845699 0.109862 0.64819 0.42303 0.517209 0.404277 0.0734889 0.129115 0.938185 0.123455 0.935744 0.492426 0.574158 0.0821675 0.51708 0.502175 0.319149 0.721989 0.880025 0.12158 0.787908 0.869634 0.651419 0.852786 0.284645 0.948346 0.288912 0.224809 0.182385 0.827487 0.307707 0.0280834 0.93735 0.955897 0.451114 0.454559 0.360174 0.524603 0.583674 0.298359 0.648058 0.519418 0.790785 0.222217 0.601585 0.307865 0.724392 0.920735 0.0298535 0.604417 0.0423143 0.817761 0.474051 0.693733 0.670547 0.758696 0.642079 0.959459 0.983505 0.824464 0.786947 0.291212 0.852548 0.724297 0.247108 0.303661 0.178855 0.607282 0.828264 0.762529 0.905641 0.476323 0.281947 0.696426 0.698539 0.883532 0.00429134 0.422931 0.804267 0.0341449 0.0273477 0.846581 0.851906 0.501399 0.540314 0.522453 0.260095 0.182393 0.481912 0.2436 0.00685742 0.268859 0.534812 0.859405 0.993156 0.78192 0.163066 0.172011 0.389202 0.991331 0.93454 0.294844 0.467653 0.216486 0.99127 0.166192 0.100019 0.995561 0.589123 0.904285 0.0297063 0.616471 0.750866 0.881612 0.11787 0.29118 0.404065 0.377965 
8 9 4 3 2 0 6 
0.3275 0.494233 0.254543 0.622343 0.961886 0.47103 0.613613 0.128078 0.571048 0.609175 0.717201 0.475333 0.638881 0.333672 0.2262 0.520493 0.451542 0.51738 0.924559 0.829507 0.990953 0.810536 0.451073 0.471384 0.965373 0.60745 0.81122 0.113366 0.545747 0.314122 0.433369 0.873247 0.808355 0.687913 0.49559 0.770241 0.158942 0.109204 0.898319 0.729991 0.718378 0.615521 0.205324 0.357259 0.949193 0.431524 0.877753 0.400735 0.948903 0.802311 0.230242 0.939857 0.612848 0.681315 0.411241 0.578221 0.288765 0.22246 0.691587 0.834513 0.536582 0.124956 0.70776 0.344937 0.812869 0.20335 0.115178 0.971811 0.312553 0.0134974 0.701802 0.0309317 0.629018 0.907126 0.388191 0.578211 0.33865 0.265944 0.978946 0.287553 0.0682547 0.209188 0.22741 0.681102 0.890503 0.63865 0.259323 0.179268 0.861111 0.95091 0.0137809 0.397693 0.075866 0.721541 0.742631 0.888735 0.92489 0.857809 0.860546 0.237444 0.871306 0.562348 0.268376 0.500324 0.469474 0.656567 0.0785351 0.808123 0.92251 0.0574809 0.0956764 0.990765 0.266669 0.323086 0.671867 0.157172 0.961736 0.93119 0.336441 0.822847 0.8821 0.350222 0.22054 0.957966 0.0717623 0.963171 0.846701 0.996653 
9 5 6 8 0 3 7 
0.739068 0.159039 0.271145 0.547192 0.0815489 0.328626 0.642868 0.0723138 0.595295 0.965954 0.744181 0.752467 0.927691 0.675371 0.0889083 0.750538 0.557471 0.43913 0.971078 0.515436 0.510892 0.934249 0.362137 0.507545 0.755229 0.0693838 0.741642 0.447514 0.338978 0.244114 0.640124 0.0780469 0.403153 0.91127 0.625239 0.484701 0.239896 0.268107 0.557015 0.835191 0.234061 0.301196 0.587658 0.161752 0.976567 0.676566 0.91229 0.534037 0.115696 0.883368 0.0494738 0.626589 0.817617 0.411611 0.134134 0.572846 0.480995 0.875775 0.0203604 0.819973 0.119889 0.660485 0.89802 0.523042 0.571754 0.523259 0.00774324 0.81165 0.791365 0.564758 0.64684 0.0254267 0.865954 0.234499 0.187179 0.842521 0.911065 0.0994686 0.376559 0.0267614 0.982837 0.426032 0.65335 0.800454 0.837643 0.787484 0.3733 0.318638 0.66326 0.39366 0.138611 0.783149 0.0541453 0.0366307 0.30619 0.6259 0.559889 0.313934 0.43755 0.351255 0.878692 0.0843901 0.376682 0.744647 0.318889 0.56386 0.587168 0.229954 0.663329 0.963727 0.256715 0.646166 0.389759 0.910065 0.44662 0.227402 0.697549 0.81992 0.54604 0.360809 0.21358 0.684651 0.143958 0.267726 0.721282 0.450148 0.893625 0.281171 
