21 2
1 0 1 0 1 0 0 1 0 0 0 1 0 1 1 0 1 1 1 1 1 
0 11 
0.766304 0.170379 0.138497 0.511164 
1 2 
0.955557 0.524144 0.235172 0.483006 
2 7 
0.290525 0.411392 0.431564 0.387643 
3 18 
0.271139 0.450697 0.679937 0.106564 
4 19 
0.691408 0.179907 0.673048 0.880153 
5 14 
0.282065 0.22625 0.0570637 0.446087 
6 7 
0.388705 0.212391 0.0203377 0.527202 
7 11 
0.914992 0.482759 0.247698 0.150164 
8 4 
0.682867 0.440688 0.377157 0.114431 
9 17 
0.529027 0.38557 0.279028 0.208964 
10 19 
0.14195 0.900372 0.672042 0.814998 
11 15 
0.0326074 0.0970635 0.00677595 0.0896711 
12 11 
0.856735 0.478376 0.755541 0.877073 
13 16 
0.479096 0.792065 0.488338 0.726794 
14 6 
0.454104 0.40966 0.382917 0.831261 
15 8 
0.211249 0.360287 0.909661 0.490277 
16 8 
0.401795 0.632227 0.469624 0.073837 
17 7 
0.250149 0.106444 0.544289 0.256925 
18 12 
0.0874391 0.11366 0.674492 0.84298 
19 11 
0.68007 0.322076 0.782798 0.168408 
20 4 
0.725026 0.622512 0.45853 0.107943 
