72 7
1 0 0 1 0 0 1 0 1 0 1 1 1 1 1 0 0 1 0 0 1 1 1 0 0 0 1 0 0 0 0 0 1 0 0 0 1 1 0 0 0 0 0 0 0 0 1 0 0 1 1 0 1 1 0 0 1 0 1 0 1 1 0 1 0 1 0 0 1 1 1 1 
0 2 23 61 27 38 60 
0.0354206 0.92287 0.421481 0.438668 0.533467 0.381892 0.639148 0.838836 0.304534 0.425592 0.144498 0.498831 0.738367 0.122005 0.241684 0.578307 0.680394 0.14403 0.148512 0.485047 0.68893 0.25108 0.882736 0.110129 0.584623 0.989161 0.973047 0.68595 0.0338683 0.101541 0.0663458 0.0692889 0.0244107 0.487827 0.507956 0.557878 0.869719 0.147105 0.396714 0.174253 0.572697 0.541212 0.673084 0.311064 0.663217 0.914768 0.889371 0.343611 0.0587972 0.0378828 0.828659 0.747727 0.288963 0.711394 0.857856 0.873586 0.700556 0.830902 0.559536 0.734424 0.932443 0.625882 0.803713 0.956854 0.113709 0.311669 0.514732 0.983428 0.458774 0.911446 0.157681 0.0314712 0.452658 0.830764 0.342535 0.115875 0.745532 0.231906 0.459486 0.804329 0.269789 0.288145 0.552056 0.558752 0.999539 0.409911 0.432338 0.700095 0.240814 0.991875 0.434519 0.173257 0.617757 0.238232 0.130111 0.731466 0.549901 0.644843 0.714894 0.00867514 0.556289 0.872575 0.0401463 0.00894684 0.703339 0.382682 0.124822 0.44887 0.614588 0.584308 0.253199 0.884377 0.872453 0.805255 0.443129 0.871992 0.215167 0.875468 0.572087 0.455981 0.867342 0.00660636 0.629238 0.485099 0.244838 0.759349 0.216565 0.794739 
1 66 68 9 71 2 54 
0.969428 0.507373 0.226242 0.0942494 0.956243 0.84083 0.678557 0.209443 0.725208 0.55101 0.0146977 0.168337 0.423003 0.229864 0.0438046 0.99509 0.685845 0.911147 0.00169635 0.315083 0.396246 0.246534 0.0744315 0.612811 0.0412737 0.478623 0.544271 0.844688 0.439104 0.348305 0.688249 0.408532 0.855678 0.914491 0.502781 0.811921 0.755321 0.181339 0.0213634 0.480529 0.732349 0.0360612 0.648866 0.155352 0.265926 0.692671 0.150442 0.95177 0.603818 0.152138 0.266853 6.35618e-05 0.398672 0.341284 0.612875 0.439946 0.819908 0.157145 0.284634 0.259012 0.50545 0.972883 0.667544 0.361128 0.887374 0.170326 0.173049 0.642695 0.351665 0.194412 0.123224 0.0840136 0.230473 0.77209 0.239365 0.496399 0.464761 0.389807 0.448169 0.0685789 0.541945 0.715022 0.0686425 0.940617 0.0563067 0.681517 0.380563 0.876215 0.838663 0.665198 0.135227 0.344113 0.63808 0.802771 0.705241 0.525454 0.973097 0.87829 0.168149 0.324761 0.0727017 0.291374 0.408775 0.303175 0.0634641 0.64814 0.799574 0.528225 0.0379472 0.247743 0.596804 0.579892 0.962765 0.665447 0.520509 0.019072 0.346964 0.901073 0.895287 0.185627 0.56627 0.0305136 0.52974 0.204351 0.833285 0.234981 0.729805 0.806382 
2 31 45 4 25 60 15 
0.252792 0.188059 0.288721 0.781018 0.226006 0.536464 0.377822 0.805898 0.499229 0.0432685 0.326407 0.518301 0.390232 0.22748 0.413588 0.575859 0.79375 0.444102 0.105599 0.998101 0.277386 0.340579 0.727906 0.0837679 0.453849 0.625861 0.214911 0.639821 0.815189 0.754829 0.128968 0.0679816 0.942888 0.417689 0.848999 0.168893 0.954153 0.226821 0.974791 0.453382 0.27009 0.301198 0.971683 0.660322 0.528678 0.385271 0.236181 0.322428 0.829373 0.34178 0.320529 0.106759 0.682359 0.0484354 0.190527 0.136209 0.674296 0.405438 0.77603 0.489486 0.160267 0.904998 0.557467 0.103155 0.322687 0.406467 0.272049 0.27684 0.633288 0.24684 0.730222 0.903377 0.548038 0.701905 0.5637 0.0767158 0.0871762 0.799881 0.399144 0.916549 0.141661 0.719673 0.0233079 0.824021 0.768108 0.213835 0.960229 0.442405 0.619273 0.73626 0.93189 0.77954 0.641258 0.489358 0.882695 0.963945 0.895824 0.154744 0.240785 0.529112 0.401583 0.971006 0.432489 0.949621 0.672911 0.996189 0.0263368 0.760087 0.79607 0.425481 0.676636 0.937731 0.145154 0.699944 0.761752 0.913262 0.913779 0.721981 0.355667 0.533052 0.458241 0.287557 0.312592 0.0994987 0.776915 0.195286 0.0634434 0.672739 
3 35 23 64 28 13 36 
0.701234 0.948146 0.63053 0.727571 0.708233 0.4266 0.153052 0.384869 0.364332 0.298206 0.0848137 0.126083 0.211468 0.998593 0.848065 0.567135 0.531644 0.306306 0.854692 0.844236 0.405804 0.631607 0.0395223 0.469248 0.304347 0.389552 0.773476 0.506198 0.141166 0.0487102 0.140539 0.8424 0.996856 0.771069 0.569971 0.705089 0.197669 0.723023 0.0899582 0.562001 0.0212284 0.174772 0.688084 0.232696 0.173364 0.536149 0.799831 0.705009 0.842455 0.654523 0.549245 0.248259 0.286131 0.588767 0.717507 0.590478 0.978319 0.490983 0.0966758 0.119485 0.539693 0.237215 0.961885 0.536549 0.00828381 0.531856 0.241638 0.205953 0.254878 0.331596 0.767954 0.276107 0.506368 0.456038 0.508803 0.679732 0.992187 0.308634 0.384741 0.834642 0.963157 0.933986 0.082901 0.249288 0.522752 0.800408 0.839765 0.501072 0.291391 0.936441 0.620556 0.831084 0.173656 0.582441 0.367633 0.18194 0.114297 0.609271 0.387893 0.369175 0.940867 0.155847 0.645281 0.447234 0.611884 0.154084 0.126967 0.604071 0.462718 0.511708 0.438713 0.425875 0.445693 0.521614 0.675163 0.968446 0.322022 0.514928 0.469517 0.613413 0.451369 0.0900737 0.444498 0.625025 0.672515 0.812131 0.806965 0.786811 
4 50 24 7 1 37 18 
0.962589 0.955352 0.93647 0.56666 0.41807 0.448178 0.00537333 0.843945 0.893871 0.526987 0.519108 0.862316 0.84901 0.034036 0.331834 0.462423 0.485405 0.421908 0.906921 0.110431 0.0944223 0.719052 0.917396 0.881234 0.140454 0.112254 0.0372196 0.502723 0.462959 0.838487 0.312226 0.425548 0.793839 0.248696 0.992208 0.211909 0.696874 0.997581 0.0558538 0.590745 0.524569 0.574962 0.453061 0.373578 0.608998 0.784895 0.836001 0.0944031 0.206802 0.742922 0.204834 0.301225 0.461974 0.12223 0.182458 0.602428 0.234484 0.219678 0.105151 0.697443 0.0581649 0.417377 0.122991 0.852004 0.666073 0.115198 0.0639127 0.362947 0.11278 0.119767 0.953691 0.637348 0.694728 0.406752 0.0109265 0.303726 0.191647 0.846928 0.398129 0.398449 0.58985 0.602963 0.699674 0.0518242 0.725193 0.882132 0.654252 0.959677 0.10181 0.759403 0.65712 0.159975 0.17678 0.780111 0.0119789 0.842853 0.895309 0.0758917 0.2058 0.00808872 0.195658 0.159491 0.645437 0.890386 0.566243 0.656363 0.194112 0.75789 0.503291 0.592241 0.156339 0.0931413 0.195204 0.856013 0.144965 0.920397 0.738145 0.799218 0.880075 0.839955 0.558621 0.537195 0.99993 0.735401 0.317306 0.0119093 0.578254 0.212615 
5 41 56 30 39 18 60 
0.509787 0.522504 0.367958 0.267676 0.0257952 0.960199 0.424015 0.118936 0.155404 0.280028 0.263902 0.075801 0.0181733 0.0631196 0.955876 0.858129 0.62174 0.493071 0.858059 0.357141 0.810376 0.869968 0.935395 0.0229914 0.957769 0.719448 0.243695 0.241228 0.662992 0.109835 0.415074 0.172778 0.632339 0.783032 0.440455 0.658135 0.743231 0.86447 0.777071 0.898635 0.144498 0.040973 0.974435 0.162671 0.104093 0.930311 0.0207995 0.725833 0.423382 0.878858 0.082974 0.233758 0.748827 0.0183689 0.25675 0.706596 0.737817 0.500445 0.947824 0.400809 0.61028 0.362898 0.573587 0.24262 0.14593 0.0140416 0.900754 0.889161 0.878511 0.677825 0.787795 0.0230089 0.718798 0.762231 0.18568 0.822891 0.692542 0.206479 0.548724 0.115924 0.0853376 0.631698 0.349682 0.834164 0.650067 0.606432 0.54076 0.387883 0.106877 0.488584 0.788692 0.717157 0.851482 0.362279 0.959777 0.997412 0.376321 0.860531 0.886573 0.254832 0.538356 0.674368 0.277841 0.257154 0.436599 0.463521 0.0800452 0.129141 0.67 0.628769 0.245065 0.755337 0.260466 0.594747 0.589502 0.910533 0.20118 0.130262 0.298416 0.308057 0.618846 0.0871085 0.0252139 0.470327 0.449388 0.984991 0.467739 0.825709 
6 68 38 23 69 32 70 
0.641032 0.465279 0.821902 0.721078 0.594419 0.491902 0.349846 0.839484 0.24724 0.610313 0.434232 0.836741 0.520846 0.635411 0.967003 0.819262 0.943468 0.585848 0.906371 0.968682 0.0561759 0.355758 0.953673 0.523915 0.181467 0.799195 0.878227 0.262008 0.183073 0.906907 0.620389 0.824105 0.372186 0.442291 0.545183 0.966605 0.934194 0.895029 0.806089 0.181433 0.505342 0.240321 0.0181745 0.0261879 0.875732 0.985177 0.84545 0.819201 0.571026 0.751821 0.787883 0.627202 0.107579 0.741555 0.151117 0.289046 0.54075 0.029344 0.551053 0.723823 0.936251 0.171443 0.547928 0.308436 0.613734 0.0931106 0.275041 0.547927 0.98814 0.0811309 0.729361 0.493482 0.321452 0.747535 0.51967 0.197184 0.732713 0.36512 0.016385 0.303738 0.116941 0.804268 0.93094 0.22452 0.545823 0.0820572 0.513566 0.086573 0.111401 0.0646191 0.810396 0.0476522 0.236062 0.358324 0.356089 0.849796 0.451434 0.63113 0.397723 0.439574 0.712261 0.127084 0.933056 0.0337129 0.874619 0.452726 0.230897 0.607332 0.817846 0.247282 0.91107 0.934787 0.05155 0.84201 0.159307 0.597373 0.924068 0.672872 0.683946 0.0354688 0.737491 0.494342 0.083121 0.973553 0.852665 0.43921 0.823349 0.3041 
7 27 49 16 1 67 36 
0.816314 0.222775 0.129456 0.0472109 0.830106 0.947302 0.294493 0.741176 0.882089 0.346043 0.583187 0.0413955 0.943416 0.507254 0.714268 0.627362 0.542723 0.451759 0.121704 0.625844 0.425312 0.974369 0.0650538 0.248661 0.278469 0.135393 0.469733 0.0221426 0.917994 0.817889 0.698872 0.734308 0.0406632 0.828328 0.781519 0.870769 0.77563 0.076012 0.611946 0.657719 0.422055 0.195133 0.699115 0.365472 0.702387 0.413383 0.992834 0.24511 0.865142 0.114538 0.870954 0.290454 0.0889075 0.936008 0.539116 0.367377 0.0714017 0.00884848 0.389519 0.989396 0.826737 0.0883916 0.723704 0.8674 0.91672 0.505222 0.73817 0.69235 0.581234 0.350115 0.350069 0.0032895 0.545248 0.049184 0.368761 0.247635 0.462567 0.361595 0.492745 0.327708 0.476133 0.3637 0.618163 0.565041 0.299708 0.157278 0.932417 0.371109 0.166127 0.321936 0.360505 0.992864 0.410328 0.0842089 0.860264 0.327048 0.589431 0.598434 0.0193979 0.170665 0.948549 0.369467 0.173955 0.493797 0.418651 0.542716 0.741432 0.881218 0.904311 0.234177 0.208926 0.380444 0.597877 0.827089 0.945485 0.897585 0.984367 0.877902 0.268694 0.150494 0.199838 0.629199 0.143358 0.610166 0.713408 0.00362182 0.937214 0.30284 
8 7 19 39 59 32 61 
0.0444017 0.74473 0.190176 0.785834 0.625948 0.0944868 0.0200111 0.834874 0.474931 0.617888 0.661963 0.420415 0.515473 0.64633 0.298317 0.784167 0.796824 0.498155 0.413366 0.940182 0.108321 0.126775 0.943804 0.045535 0.429614 0.545859 0.00214661 0.903119 0.0964636 0.328225 0.550579 0.140865 0.0729554 0.740755 0.926699 0.698903 0.835241 0.94671 0.533777 0.310172 0.564598 0.19574 0.730588 0.0800706 0.84207 0.0289049 0.864237 0.638894 0.52706 0.277604 0.579075 0.635381 0.404378 0.522879 0.680916 0.833992 0.068738 0.683063 0.737111 0.165202 0.0112885 0.28769 0.306067 0.0842439 0.0284447 0.232766 0.783147 0.863686 0.179476 0.316924 0.173858 0.744074 0.512664 0.904446 0.824145 0.354733 0.933351 0.688382 0.993627 0.460411 0.965986 0.572703 0.0957928 0.370364 0.0955816 0.776709 0.204356 0.16432 0.459772 0.941467 0.329521 0.471061 0.229157 0.635588 0.555305 0.257602 0.868354 0.338452 0.121288 0.0478301 0.655376 0.295147 0.791904 0.168039 0.199593 0.616049 0.522773 0.132944 0.304431 0.5164 0.593356 0.270417 0.0891024 0.689148 0.64078 0.184684 0.465858 0.845136 0.349004 0.92563 0.786604 0.678525 0.396691 0.0157612 0.314113 0.951996 0.273363 0.182467 
9 24 25 11 69 47 33 
0.889391 0.63825 0.636635 0.0223355 0.942681 0.153035 0.615691 0.213097 0.242137 0.304839 0.853878 0.426821 0.770697 0.699014 0.775825 0.696327 0.485618 0.45435 0.093018 0.501379 0.768463 0.0450136 0.774743 0.95093 0.335461 0.169394 0.181227 0.281284 0.859193 0.203428 0.395146 0.748584 0.841678 0.031781 0.770919 0.784359 0.184816 0.386611 0.997456 0.426953 0.69145 0.851334 0.853774 0.462147 0.550349 0.629599 0.158474 0.0359668 0.0839492 0.251492 0.537346 0.852412 0.296506 0.312089 0.803342 0.631967 0.481483 0.984569 0.91325 0.340675 0.187997 0.308396 0.0892593 0.0296747 0.340177 0.860179 0.814034 0.524993 0.246789 0.81149 0.951947 0.938239 0.662824 0.805721 0.400386 0.213173 0.43532 0.558861 0.24914 0.51927 0.810353 0.786486 0.371682 0.106859 0.0985745 0.175023 0.738825 0.580057 0.159592 0.652076 0.920733 0.347589 0.960472 0.00999204 0.377263 0.30065 0.870171 0.191297 0.825643 0.11696 0.00278713 0.77759 0.0551994 0.665612 0.583311 0.455586 0.878785 0.0186313 0.0144464 0.127924 0.537901 0.824799 0.91441 0.909583 0.931658 0.0129845 0.0846059 0.670483 0.593042 0.244198 0.322559 0.513775 0.591786 0.283032 0.523767 0.96905 0.583682 0.393937 
10 25 17 50 63 66 48 
0.828745 0.770225 0.0216828 0.70753 0.788857 0.0361291 0.835454 0.326758 0.860928 0.749864 0.23634 0.792586 0.762849 0.320946 0.46307 0.355891 0.565144 0.785629 0.869665 0.15693 0.0686608 0.393432 0.12598 0.652342 0.787369 0.286327 0.0616672 0.298267 0.449461 0.248582 0.864364 0.278206 0.0188073 0.886046 0.985736 0.807664 0.922175 0.82119 0.134422 0.783104 0.571055 0.370762 0.57569 0.333903 0.691708 0.03876 0.689794 0.256851 0.824389 0.559459 0.413782 0.89305 0.952891 0.539762 0.545392 0.74026 0.826088 0.607059 0.0385264 0.275549 0.855641 0.90289 0.553755 0.874448 0.788936 0.539491 0.682112 0.711112 0.360682 0.816534 0.494216 0.931736 0.187296 0.0699059 0.26564 0.879003 0.108666 0.955434 0.135855 0.933055 0.514893 0.549636 0.826105 0.467783 0.0893981 0.371497 0.208043 0.915487 0.978556 0.246569 0.191036 0.834197 0.149459 0.744791 0.708646 0.938396 0.284282 0.390758 0.649508 0.644964 0.207292 0.143723 0.5767 0.394588 0.213629 0.84234 0.273591 0.322295 0.797773 0.409446 0.25535 0.312666 0.959083 0.0814545 0.780449 0.0484807 0.452951 0.988492 0.963967 0.431508 0.235062 0.155003 0.265705 0.384521 0.899794 0.974351 0.322917 0.184077 
11 52 27 64 4 10 16 
0.240581 0.652072 0.0458545 0.650027 0.907421 0.358521 0.60911 0.988876 0.13897 0.65759 0.441827 0.127462 0.621557 0.873335 0.362524 0.776561 0.13904 0.747046 0.676355 0.113391 0.0699627 0.860431 0.4785 0.0423873 0.689472 0.0509018 0.158535 0.0952131 0.0178915 0.488312 0.343294 0.258473 0.140384 0.389149 0.9085 0.0478049 0.747669 0.517609 0.0366808 0.886639 0.175199 0.478508 0.0141015 0.796757 0.351843 0.376626 0.573317 0.490882 0.123671 0.249672 0.604273 0.193634 0.110103 0.0827733 0.236021 0.799575 0.133675 0.394556 0.894788 0.151567 0.882868 0.238082 0.410039 0.0232518 0.627231 0.318539 0.0710567 0.3749 0.836148 0.107738 0.261539 0.0113471 0.586245 0.275641 0.808104 0.938088 0.652267 0.381421 0.428971 0.775938 0.631093 0.0332438 0.969572 0.741197 0.116017 0.205593 0.540772 0.249692 0.600149 0.43556 0.401259 0.483018 0.673642 0.811298 0.50627 0.300873 0.129836 0.577326 0.675774 0.965984 0.685064 0.937313 0.977331 0.271309 0.212954 0.785435 0.209397 0.86522 0.166857 0.638368 0.641158 0.79795 0.671612 0.61073 0.539146 0.787629 0.816323 0.0799181 0.037321 0.416472 0.515478 0.43858 0.89949 0.18912 0.249878 0.40576 0.489994 0.379714 
12 44 71 68 14 54 56 
0.939459 0.316034 0.108465 0.148856 0.181254 0.275321 0.787224 0.822412 0.0732712 0.458836 0.433142 0.612418 0.246465 0.249465 0.692336 0.283786 0.665938 0.207814 0.722366 0.565428 0.396934 0.972244 0.971188 0.886928 0.351958 0.954273 0.0526949 0.697656 0.622423 0.155775 0.0206853 0.561882 0.471809 0.12915 0.710739 0.653063 0.404471 0.497963 0.475475 0.477743 0.956799 0.908618 0.0901604 0.203264 0.158083 0.782496 0.487051 0.824021 0.99031 0.209417 0.389449 0.387244 0.18166 0.360636 0.274172 0.533618 0.31491 0.326867 0.231274 0.937333 0.482642 0.251959 0.499215 0.954451 0.381109 0.209954 0.607514 0.785581 0.707916 0.0829891 0.263323 0.664716 0.991607 0.353484 0.86798 0.14969 0.13598 0.355031 0.973711 0.12629 0.564448 0.36316 0.513534 0.746108 0.723796 0.787706 0.279726 0.0387057 0.114573 0.510999 0.976039 0.597215 0.762958 0.475254 0.551665 0.144068 0.685207 0.159179 0.929648 0.393124 0.242168 0.192972 0.0578392 0.233775 0.546455 0.925819 0.383465 0.682435 0.28085 0.357176 0.808725 0.845298 0.720336 0.322259 0.591406 0.444132 0.109966 0.871131 0.482837 0.224539 0.382131 0.458876 0.821753 0.145089 0.934129 0.373419 0.289157 0.619337 
13 68 27 42 36 60 1 
0.00854056 0.958232 0.996119 0.392006 0.640667 0.276969 0.749182 0.449393 0.122267 0.469517 0.771652 0.713672 0.913649 0.881618 0.584804 0.396486 0.106156 0.966934 0.855362 0.92791 0.112023 0.789492 0.301328 0.40118 0.408828 0.833926 0.619985 0.421288 0.608691 0.0317622 0.491587 0.617232 0.989994 0.487706 0.00923742 0.630662 0.764675 0.758419 0.0800546 0.886942 0.227936 0.851707 0.600614 0.141585 0.733325 0.185417 0.538071 0.839481 0.152352 0.393434 0.76739 0.264375 0.182925 0.0687186 0.665556 0.591753 0.902644 0.285541 0.0130415 0.511336 0.317303 0.504629 0.128567 0.307298 0.992335 0.137805 0.93796 0.75701 0.896224 0.0180141 0.643952 0.12416 0.869721 0.244566 0.265745 0.603045 0.429983 0.803817 0.442526 0.582335 0.19725 0.209917 0.84671 0.380176 0.278635 0.512266 0.971929 0.181279 0.797807 0.98497 0.692615 0.11511 0.489599 0.821182 0.422408 0.481934 0.958987 0.360367 0.238944 0.855211 0.378381 0.882896 0.979371 0.248102 0.127462 0.245116 0.851148 0.557445 0.0489326 0.293674 0.139779 0.246183 0.50359 0.986489 0.626358 0.782225 0.498755 0.598287 0.963505 0.296562 0.583258 0.65612 0.411672 0.0728573 0.477302 0.834079 0.554792 0.436289 
14 37 10 34 70 63 62 
0.804094 0.515986 0.672077 0.361539 0.564919 0.965751 0.501318 0.811102 0.469341 0.487807 0.43746 0.251567 0.986562 0.0357474 0.215071 0.283124 0.619005 0.871191 0.694796 0.691863 0.348493 0.528875 0.246654 0.784782 0.723321 0.0403906 0.0762813 0.296149 0.717023 0.347152 0.117079 0.521117 0.863138 0.789156 0.882656 0.428056 0.754907 0.383973 0.239158 0.224248 0.871781 0.676618 0.475815 0.858343 0.712366 0.690886 0.141467 0.331371 0.562077 0.836263 0.0232334 0.91057 0.365138 0.269888 0.695352 0.0884589 0.310278 0.771633 0.384608 0.0273014 0.118785 0.501686 0.548418 0.981922 0.290842 0.431074 0.409979 0.0457488 0.815047 0.649137 0.269997 0.686828 0.325755 0.745812 0.545171 0.0381207 0.436698 0.686639 0.369492 0.998775 0.522902 0.392725 0.909345 0.888039 0.662613 0.604697 0.976498 0.972891 0.37633 0.361106 0.000192329 0.495115 0.862792 0.548611 0.477037 0.153634 0.979684 0.887016 0.199383 0.794732 0.536153 0.46938 0.48156 0.861908 0.215191 0.0267314 0.900029 0.651889 0.71337 0.269521 0.650663 0.236272 0.662245 0.560008 0.124311 0.324858 0.164705 0.100809 0.297749 0.541035 0.461915 0.297941 0.0361496 0.324706 0.846552 0.513187 0.47834 0.826236 
15 45 53 30 5 67 20 
0.798264 0.362294 0.12926 0.698294 0.0141827 0.84263 0.967814 0.664846 0.0789012 0.63006 0.224854 0.203212 0.954918 0.389559 0.304021 0.252667 0.930594 0.765935 0.550608 0.966744 0.0906418 0.39716 0.479931 0.568982 0.223396 0.880134 0.246705 0.844365 0.81649 0.393808 0.946893 0.614754 0.756102 0.0761525 0.313048 0.770285 0.918782 0.280862 0.435131 0.997683 0.910921 0.659985 0.200895 0.865839 0.0495449 0.504916 0.118506 0.980139 0.270851 0.669114 0.946883 0.361493 0.0662735 0.426814 0.930475 0.28967 0.306948 0.177181 0.134035 0.123437 0.570989 0.0809274 0.738192 0.327091 0.15708 0.0512394 0.0973758 0.075862 0.332101 0.532507 0.0735453 0.243023 0.192492 0.274441 0.108862 0.242037 0.779357 0.227367 0.222176 0.0502079 0.896481 0.16906 0.411701 0.962754 0.595874 0.342176 0.252424 0.902821 0.519357 0.386459 0.0262587 0.0903457 0.467386 0.76445 0.417437 0.624466 0.81569 0.514813 0.700328 0.147791 0.0473194 0.773873 0.390814 0.239812 0.048314 0.499676 0.481849 0.827671 0.727043 0.704025 0.877878 0.623524 0.873085 0.289579 0.586278 0.468958 0.631756 0.838702 0.371779 0.151113 0.225161 0.398038 0.241458 0.692547 0.162489 0.658895 0.317014 0.978179 
16 8 38 44 64 15 24 
0.460839 0.839529 0.0164592 0.942687 0.6672 0.743502 0.646712 0.545078 0.367026 0.519797 0.834657 0.953304 0.988755 0.466413 0.792006 0.360535 0.617526 0.0171671 0.758573 0.858984 0.709715 0.921062 0.517879 0.026728 0.89924 0.691587 0.0440697 0.0252099 0.912614 0.835285 0.541994 0.373453 0.674814 0.558453 0.31614 0.342013 0.301955 0.962853 0.887091 0.66898 0.48265 0.721749 0.622284 0.471405 0.188162 0.41429 0.83194 0.805688 0.431457 0.590513 0.664672 0.141172 0.511575 0.182552 0.1679 0.410815 0.874139 0.211969 0.436025 0.786753 0.0472541 0.978018 0.160206 0.722068 0.536471 0.476346 0.064081 0.838426 0.439199 0.951172 0.507406 0.921849 0.672921 0.12969 0.393254 0.861083 0.54398 0.225194 0.666771 0.975437 0.815707 0.331443 0.116609 0.327282 0.513995 0.284509 0.738097 0.388134 0.496478 0.174122 0.174887 0.543732 0.15214 0.335093 0.2658 0.688611 0.81144 0.329881 0.527037 0.250639 0.281053 0.0344429 0.172488 0.953974 0.164133 0.565742 0.815058 0.708113 0.790936 0.481829 0.68355 0.606644 0.813272 0.80016 0.933925 0.327267 0.0846682 0.672022 0.715402 0.581146 0.846144 0.890289 0.124878 0.998284 0.225382 0.390678 0.686895 0.0368216 
17 22 38 3 44 46 29 
0.0256899 0.770644 0.120621 0.816626 0.252473 0.804171 0.42327 0.0657453 0.604331 0.357195 0.393013 0.688999 0.0292174 0.108414 0.270145 0.875361 0.998703 0.395024 0.873645 0.224085 0.785702 0.56054 0.260907 0.506261 0.774472 0.548367 0.507874 0.022847 0.0083151 0.463461 0.435355 0.034005 0.234105 0.555976 0.850631 0.486578 0.360147 0.273901 0.552324 0.964478 0.631096 0.945336 0.653477 0.660313 0.0537508 0.923622 0.535675 0.052454 0.318646 0.40932 0.276539 0.104348 0.969861 0.537446 0.610609 0.744333 0.0858133 0.118483 0.76718 0.0941284 0.581944 0.202534 0.128133 0.816049 0.75851 0.978765 0.302627 0.118657 0.252665 0.854951 0.0831345 0.883761 0.800287 0.736611 0.544074 0.854038 0.660234 0.0797491 0.906492 0.978879 0.489069 0.183032 0.0832275 0.45893 0.720478 0.693837 0.203262 0.806291 0.81232 0.970442 0.900419 0.394264 0.172977 0.0285529 0.210313 0.931486 0.0073174 0.51294 0.0501433 0.259983 0.367891 0.133278 0.143744 0.168179 0.869889 0.687818 0.0222169 0.530123 0.767567 0.928709 0.509002 0.256637 0.111741 0.59223 0.715566 0.832218 0.286066 0.918829 0.63851 0.0983863 0.889271 0.538929 0.49265 0.0622475 0.567482 0.702963 0.993734 0.574799 
18 43 11 7 55 38 5 
0.751973 0.0470442 0.666344 0.77419 0.577167 0.433911 0.702899 0.0861688 0.690548 0.81464 0.678398 0.406114 0.646858 0.964465 0.324943 0.285368 0.0628511 0.214214 0.824297 0.555501 0.276461 0.391779 0.258464 0.270195 0.966578 0.474367 0.314073 0.80136 0.0581615 0.491228 0.779886 0.810134 0.538272 0.44623 0.584324 0.115439 0.880141 0.287223 0.201607 0.570689 0.101863 0.880006 0.976803 0.748721 0.844471 0.301746 0.0340893 0.907322 0.515959 0.858386 0.462823 0.79242 0.250165 0.721287 0.0626157 0.216743 0.195654 0.376688 0.0181031 0.253816 0.867916 0.797989 0.0639501 0.406188 0.244219 0.648274 0.521626 0.12436 0.935498 0.723234 0.695048 0.0373608 0.603239 0.671851 0.786082 0.44771 0.973597 0.820172 0.355032 0.489556 0.678558 0.817855 0.281976 0.928723 0.539142 0.344592 0.145466 0.734796 0.72128 0.163569 0.988612 0.589196 0.961558 0.052562 0.995384 0.205776 0.700836 0.51701 0.330136 0.636334 0.240244 0.0251844 0.673695 0.843483 0.697036 0.459777 0.291193 0.670632 0.279949 0.646225 0.160188 0.958507 0.46408 0.442165 0.887229 0.00322138 0.786757 0.0326951 0.738018 0.508037 0.196264 0.726629 0.0972336 0.157822 0.779191 0.0926176 0.363598 0.480028 
19 61 66 39 60 21 67 
0.249834 0.984548 0.0865865 0.529783 0.630773 0.246775 0.488289 0.0948523 0.688939 0.375519 0.0980737 0.475696 0.408214 0.836091 0.983733 0.604478 0.562721 0.0809669 0.7623 0.341912 0.173585 0.125898 0.82194 0.783212 0.819632 0.938302 0.633084 0.538551 0.728359 0.326439 0.954505 0.978193 0.310987 0.0410915 0.507976 0.941759 0.287866 0.996265 0.0366117 0.976806 0.371784 0.134685 0.452502 0.779998 0.970777 0.436235 0.384476 0.533497 0.517202 0.146776 0.875409 0.690786 0.272674 0.697349 0.473999 0.0923057 0.635651 0.107083 0.630857 0.36401 0.433521 0.585362 0.342203 0.744508 0.626453 0.850179 0.686268 0.914319 0.846444 0.722879 0.891125 0.218228 0.857565 0.343626 0.998226 0.828341 0.779861 0.382702 0.361839 0.297063 0.529478 0.237248 0.98785 0.802151 0.934598 0.461849 0.894457 0.570249 0.568931 0.525314 0.934259 0.00245281 0.110675 0.276462 0.746961 0.737128 0.126641 0.433228 0.651448 0.973085 0.156108 0.542572 0.191313 0.0136725 0.886199 0.189539 0.842014 0.66606 0.572241 0.203853 0.963123 0.101719 0.441101 0.950973 0.90387 0.375698 0.412822 0.798327 0.945947 0.981753 0.323641 0.880206 0.984206 0.434316 0.156668 0.731167 0.171444 0.283309 
20 26 23 17 34 36 42 
0.334176 0.251663 0.637244 0.176189 0.917723 0.209485 0.380042 0.880847 0.311204 0.821143 0.83182 0.215074 0.196842 0.244641 0.0134006 0.142789 0.226394 0.337041 0.022995 0.2106 0.771357 0.179663 0.941767 0.942801 0.462972 0.106162 0.765693 0.719365 0.426665 0.131157 0.16707 0.760841 0.38282 0.804314 0.93703 0.300543 0.0137996 0.317072 0.181389 0.325003 0.138216 0.0132089 0.540077 0.335057 0.25785 0.553478 0.477846 0.484245 0.890519 0.500841 0.694845 0.661876 0.680504 0.636612 0.604677 0.143476 0.742775 0.37037 0.86284 0.16944 0.501526 0.0299102 0.930281 0.884346 0.834225 0.867311 0.184889 0.848024 0.184384 0.366278 0.173028 0.322599 0.379487 0.713105 0.657656 0.637337 0.266582 0.135502 0.121582 0.157101 0.636343 0.816427 0.818977 0.316847 0.453039 0.423654 0.460323 0.195814 0.794023 0.323163 0.365254 0.29555 0.353073 0.295534 0.179896 0.187298 0.162846 0.364784 0.0353222 0.347229 0.731062 0.20835 0.669828 0.110549 0.921454 0.327485 0.747886 0.188037 0.462987 0.869467 0.345138 0.0993303 0.685894 0.164115 0.416178 0.138933 0.587768 0.876501 0.334747 0.381792 0.199664 0.7 0.677342 0.552737 0.995535 0.857237 0.740035 0.15838 
21 29 63 36 53 26 55 
0.0636327 0.905161 0.502922 0.811518 0.0931977 0.965909 0.680986 0.438335 0.0652398 0.36688 0.60245 0.481417 0.505813 0.190218 0.357918 0.84056 0.57201 0.557582 0.540561 0.249351 0.110319 0.536096 0.106589 0.850353 0.694476 0.328611 0.62571 0.200086 0.281694 0.609417 0.375523 0.345327 0.514578 0.878446 0.156846 0.607776 0.844355 0.837831 0.0461115 0.909595 0.204712 0.648561 0.391013 0.710525 0.83878 0.748931 0.551085 0.410789 0.306512 0.0916462 0.660141 0.416831 0.627742 0.76673 0.267184 0.322218 0.0953402 0.892895 0.522304 0.377035 0.502312 0.897827 0.722362 0.0168906 0.776273 0.879207 0.624667 0.620628 0.717039 0.670778 0.530223 0.92175 0.31934 0.921236 0.632275 0.158119 0.670166 0.183361 0.568909 0.976679 0.275007 0.22905 0.39351 0.902749 0.995779 0.660694 0.224967 0.0911194 0.553589 0.74727 0.468154 0.0559012 0.645097 0.190516 0.0727918 0.42137 0.0697234 0.697459 0.0419984 0.786762 0.368237 0.572222 0.708513 0.687577 0.493457 0.340788 0.845696 0.163624 0.524149 0.414604 0.140303 0.799155 0.643654 0.533812 0.701904 0.639433 0.194506 0.926871 0.730553 0.748095 0.674141 0.198707 0.803997 0.319239 0.389223 0.876788 0.740609 0.458946 
22 21 51 44 15 49 65 
0.630061 0.848286 0.295009 0.475756 0.0119102 0.819157 0.890361 0.152213 0.618313 0.534015 0.686025 0.320217 0.173448 0.880532 0.247088 0.904001 0.628627 0.921229 0.102707 0.432624 0.240468 0.49193 0.309412 0.981077 0.950876 0.883659 0.763684 0.196584 0.826143 0.118513 0.150805 0.456204 0.9668 0.445814 0.93196 0.97871 0.264971 0.822321 0.130923 0.883284 0.356336 0.816948 0.203501 0.529784 0.697479 0.450589 0.433785 0.326106 0.371819 0.536492 0.75873 0.612287 0.0284223 0.0681424 0.593364 0.979298 0.951802 0.357048 0.175883 0.777945 0.475562 0.326688 0.234149 0.442361 0.772502 0.166109 0.421071 0.0374737 0.98843 0.551993 0.920758 0.344766 0.368941 0.124259 0.87455 0.0664203 0.574848 0.308335 0.392527 0.946667 0.844827 0.151257 0.558954 0.873249 0.219399 0.152318 0.852548 0.171201 0.509366 0.0284306 0.949146 0.984928 0.355119 0.183295 0.427289 0.127621 0.349404 0.84836 0.165095 0.337834 0.400353 0.0858527 0.6826 0.769294 0.210112 0.55715 0.835714 0.78496 0.865485 0.228241 0.731627 0.710312 0.379498 0.290581 0.583561 0.598897 0.442899 0.436109 0.770098 0.952265 0.464539 0.719244 0.937193 0.819658 0.902539 0.364481 0.947279 0.251943 
23 7 36 11 57 46 29 
0.382488 0.408339 0.829527 0.218202 0.193299 0.695012 0.446443 0.924926 0.405323 0.825941 0.215507 0.988884 0.424838 0.658405 0.424993 0.194937 0.61067 0.889532 0.914181 0.547863 0.70919 0.816721 0.912344 0.656469 0.0686635 0.125185 0.768843 0.65844 0.738379 0.96707 0.930817 0.120867 0.375408 0.760344 0.339069 0.568707 0.455356 0.785512 0.493633 0.860679 0.611453 0.709139 0.849563 0.0362916 0.367545 0.274556 0.231228 0.978215 0.164088 0.14541 0.526078 0.873278 0.96213 0.438422 0.529747 0.0307939 0.563607 0.29859 0.689234 0.301986 0.26566 0.620051 0.422853 0.641069 0.380395 0.761922 0.209776 0.835751 0.547434 0.703409 0.69643 0.158887 0.412548 0.545993 0.195179 0.780092 0.820549 0.426407 0.758307 0.984637 0.571817 0.284385 0.857915 0.533947 0.722807 0.387662 0.564741 0.286414 0.686252 0.253976 0.588401 0.951913 0.874027 0.0112536 0.592981 0.254422 0.773175 0.802757 0.0901732 0.320609 0.506166 0.786603 0.479496 0.918714 0.332596 0.674675 0.698806 0.153145 0.101082 0.457113 0.137782 0.672899 0.741499 0.995697 0.206846 0.464306 0.383359 0.771587 0.75072 0.0696113 0.0255628 0.339121 0.0215239 0.89959 0.350374 0.614505 0.154012 0.12355 
24 36 39 56 13 52 44 
0.363384 0.59833 0.540948 0.516529 0.699412 0.998061 0.654311 0.372311 0.73956 0.650008 0.579157 0.203865 0.0333674 0.350745 0.954585 0.102979 0.376307 0.293706 0.124503 0.275897 0.64408 0.739008 0.429909 0.76763 0.15627 0.674094 0.211789 0.0796982 0.704883 0.135444 0.92184 0.0682672 0.733774 0.462787 0.584797 0.433187 0.460848 0.239108 0.805498 0.200408 0.889117 0.384655 0.404273 0.922484 0.735399 0.358858 0.0254628 0.111707 0.652564 0.149965 0.387604 0.296644 0.888973 0.817513 0.0642737 0.0452432 0.491607 0.276062 0.124941 0.19649 0.411506 0.0467812 0.264758 0.145281 0.509569 0.849554 0.578467 0.970417 0.0886625 0.383965 0.170825 0.977779 0.76862 0.575098 0.900263 0.504019 0.933957 0.925726 0.615726 0.586521 0.0756913 0.00332985 0.883165 0.964664 0.820843 0.947439 0.00990757 0.31245 0.223501 0.134849 0.508941 0.635008 0.18163 0.773698 0.780288 0.691199 0.623252 0.358755 0.661616 0.711915 0.74272 0.832441 0.689694 0.51134 0.407539 0.589957 0.0153592 0.341496 0.515683 0.631085 0.928017 0.591374 0.634415 0.811183 0.556039 0.455258 0.758622 0.565946 0.767708 0.982123 0.700795 0.276649 0.617131 0.882425 0.0503469 0.397419 0.573624 0.673599 
25 63 17 60 5 34 28 
0.010234 0.47522 0.665165 0.0255932 0.816717 0.180848 0.656678 0.744734 0.772223 0.291093 0.555917 0.328261 0.746351 0.314539 0.894208 0.51406 0.296662 0.595003 0.790708 0.913792 0.477428 0.841055 0.311211 0.0510524 0.514654 0.067385 0.286292 0.900169 0.566279 0.353973 0.975377 0.576513 0.829194 0.640542 0.602106 0.645911 0.82139 0.258785 0.390645 0.593612 0.549878 0.946562 0.921874 0.296229 0.261101 0.816081 0.810289 0.557762 0.411084 0.600997 0.471555 0.888513 0.442053 0.782766 0.939565 0.956707 0.850151 0.225857 0.856876 0.41643 0.579831 0.832252 0.992943 0.409025 0.472794 0.595049 0.0549353 0.294183 0.853834 0.44558 0.887796 0.403712 0.392142 0.809669 0.699942 0.653243 0.625751 0.510231 0.211005 0.036835 0.111228 0.68256 0.925348 0.553281 0.465326 0.864913 0.509988 0.315477 0.09077 0.366863 0.731907 0.670601 0.199115 0.72485 0.0796254 0.671909 0.3199 0.134561 0.966092 0.173734 0.580141 0.853888 0.577446 0.972283 0.663558 0.277388 0.625526 0.289308 0.787619 0.836532 0.326143 0.898847 0.519092 0.251491 0.452128 0.984418 0.116403 0.962115 0.299895 0.207173 0.328979 0.0318021 0.877774 0.528094 0.756652 0.9574 0.200003 0.0765517 
26 50 41 53 8 14 28 
0.644385 0.683541 0.105119 0.269911 0.97285 0.892738 0.106442 0.298993 0.791585 0.625534 0.550484 0.243712 0.609952 0.666887 0.205828 0.909848 0.874061 0.534806 0.94165 0.751835 0.0629001 0.698302 0.709234 0.262903 0.774854 0.801195 0.428999 0.025139 0.473296 0.448982 0.85287 0.117681 0.132523 0.95799 0.387591 0.105373 0.850727 0.494034 0.404366 0.642312 0.119568 0.95485 0.886024 0.729521 0.621737 0.0918521 0.639368 0.495798 0.626658 0.581018 0.247633 0.689558 0.27932 0.956867 0.952461 0.0541733 0.758062 0.38146 0.0793123 0.231358 0.830442 0.932183 0.349039 0.962966 0.890172 0.73663 0.0683388 0.7409 0.230664 0.472705 0.383212 0.350232 0.427555 0.269237 0.0797524 0.0492919 0.361089 0.71912 0.54509 0.987747 0.300138 0.792722 0.677305 0.579458 0.749589 0.629767 0.633631 0.507651 0.0112265 0.712943 0.739009 0.841669 0.645126 0.0880475 0.804634 0.535298 0.824677 0.872973 0.276198 0.0553411 0.345678 0.65941 0.405573 0.773233 0.928647 0.485325 0.822525 0.289735 0.204446 0.367614 0.277482 0.504584 0.160337 0.954787 0.0840419 0.909926 0.584554 0.717673 0.417577 0.59578 0.430617 0.156586 0.437449 0.0757427 0.244633 0.242084 0.611041 0.0693109 
27 71 20 14 60 65 54 
0.233967 0.475297 0.0155503 0.056492 0.765032 0.219996 0.424106 0.0425142 0.72458 0.584443 0.997302 0.808622 0.494369 0.581855 0.526295 0.911946 0.177636 0.956912 0.068532 0.615085 0.0326544 0.313165 0.857169 0.643696 0.382476 0.972225 0.530935 0.507128 0.43296 0.0775848 0.0373532 0.666927 0.552881 0.0529035 0.723419 0.317913 0.2729 0.147526 0.360427 0.99748 0.731969 0.357729 0.806102 0.226338 0.939584 0.332397 0.138283 0.11722 0.289309 0.206815 0.732305 0.321963 0.519981 0.589474 0.965659 0.902457 0.561699 0.496594 0.409585 0.994659 0.574179 0.446939 0.661586 0.12706 0.499842 0.385006 0.444973 0.772742 0.532531 0.805401 0.770222 0.2645 0.16313 0.576323 0.490837 0.102714 0.90872 0.629121 0.219934 0.198029 0.835936 0.95224 0.519992 0.355917 0.541714 0.485651 0.258374 0.103413 0.982245 0.66796 0.0980721 0.556423 0.114899 0.759658 0.683483 0.614741 0.144664 0.128456 0.387483 0.677195 0.933857 0.157704 0.941695 0.0969867 0.734028 0.432533 0.199701 0.642748 0.0616535 0.419635 0.840777 0.89759 0.371875 0.36077 0.253507 0.913589 0.846421 0.511881 0.0170019 0.828666 0.179841 0.115074 0.385089 0.29474 0.874733 0.068572 0.909481 0.0193966 
28 47 39 66 67 0 58 
0.227872 0.188695 0.0708199 0.427573 0.831443 0.132473 0.847208 0.672221 0.0300631 0.219083 0.0329905 0.28357 0.132672 0.879411 0.795451 0.149674 0.708077 0.975292 0.264748 0.0931656 0.270032 0.13948 0.161738 0.179512 0.158877 0.358766 0.476476 0.855469 0.489652 0.931143 0.493756 0.717524 0.119838 0.564576 0.145097 0.951282 0.69705 0.992305 0.623503 0.727113 0.211388 0.656493 0.0106825 0.34406 0.535905 0.806134 0.493734 0.243981 0.781426 0.758482 0.337147 0.0514579 0.897962 0.498885 0.23097 0.0568395 0.857651 0.707446 0.912309 0.347302 0.638589 0.406065 0.0648261 0.758428 0.970641 0.209923 0.709709 0.667691 0.202228 0.333212 0.394803 0.413616 0.989706 0.405486 0.757676 0.52561 0.211619 0.251411 0.769591 0.993045 0.00989267 0.106738 0.0445033 0.907855 0.605623 0.275474 0.964695 0.463273 0.98292 0.877003 0.810576 0.621509 0.283068 0.875402 0.379936 0.253709 0.0853246 0.0896458 0.9214 0.287553 0.422858 0.316203 0.701169 0.412564 0.721689 0.458845 0.938174 0.933308 0.710256 0.707765 0.926353 0.720149 0.814504 0.970857 0.628004 0.420126 0.24633 0.592698 0.8834 0.22925 0.469702 0.693975 0.850759 0.75277 0.569377 0.230695 0.00647903 0.654702 
29 19 17 47 27 12 58 
0.155763 0.965771 0.102268 0.0939366 0.899079 0.812524 0.801702 0.825432 0.532673 0.616205 0.796289 0.160676 0.0363317 0.0426193 0.753375 0.919732 0.271869 0.223076 0.613707 0.122628 0.975846 0.183084 0.353323 0.982325 0.837786 0.673664 0.910204 0.78004 0.416863 0.154286 0.423463 0.572626 0.120056 0.525731 0.666563 0.0191349 0.338255 0.468265 0.844567 0.870928 0.08447 0.640856 0.0316039 0.120802 0.683475 0.784978 0.0405332 0.955345 0.00805465 0.65424 0.0779728 0.983901 0.837324 0.431296 0.966226 0.67511 0.104961 0.87643 0.45515 0.521824 0.0307152 0.878613 0.0944502 0.150772 0.404344 0.761013 0.169906 0.742599 0.229278 0.0144735 0.613526 0.313747 0.655329 0.64513 0.434549 0.338805 0.430109 0.475082 0.294149 0.438163 0.129323 0.372122 0.422064 0.966647 0.803418 0.38829 0.641757 0.908379 0.264719 0.0969063 0.430203 0.295434 0.975519 0.524653 0.446206 0.379862 0.285666 0.616112 0.122461 0.514944 0.630586 0.735988 0.828691 0.285915 0.381118 0.26324 0.62472 0.811227 0.738323 0.91887 0.24939 0.867645 0.290992 0.671454 0.834292 0.0944102 0.0597439 0.476049 0.00278916 0.324463 0.572955 0.432992 0.619898 0.548474 0.957645 0.0661035 0.928336 0.243311 
30 3 19 68 71 67 5 
0.598717 0.167903 0.850186 0.223437 0.97913 0.588509 0.142307 0.22852 0.456154 0.433299 0.899974 0.290446 0.527709 0.959718 0.766495 0.530498 0.284181 0.339449 0.96349 0.904079 0.887923 0.921135 0.970182 0.816259 0.164447 0.652398 0.867057 0.922701 0.9652 0.653842 0.509647 0.563917 0.821745 0.359833 0.787355 0.800875 0.948342 0.929662 0.0293948 0.404496 0.362961 0.929369 0.694942 0.89067 0.889087 0.461437 0.421168 0.173269 0.800886 0.384658 0.0773477 0.688809 0.305794 0.04753 0.505068 0.470241 0.699928 0.372125 0.392942 0.665128 0.0259667 0.902589 0.229046 0.847712 0.262422 0.0164008 0.648586 0.210765 0.946063 0.677981 0.615261 0.309024 0.60735 0.310203 0.199693 0.496438 0.771639 0.620861 0.669707 0.572525 0.00551989 0.747054 0.261335 0.311314 0.794584 0.766403 0.781554 0.494513 0.138528 0.174496 0.159641 0.164494 0.0770854 0.388687 0.0122059 0.339508 0.405088 0.660792 0.550272 0.35115 0.338773 0.165533 0.660174 0.946124 0.475736 0.859867 0.442561 0.247375 0.480729 0.112268 0.819901 0.486249 0.859322 0.0812351 0.797562 0.653907 0.847638 0.579117 0.148419 0.986166 0.753613 0.30806 0.15066 0.830698 0.696747 0.162866 0.170206 0.101835 
31 13 30 37 46 40 59 
0.361747 0.973027 0.551117 0.609122 0.453755 0.663385 0.429023 0.940004 0.522707 0.510258 0.737567 0.176613 0.357896 0.316683 0.325033 0.344062 0.0702963 0.633093 0.494722 0.900995 0.32984 0.657588 0.0712008 0.431675 0.481246 0.791679 0.88466 0.643677 0.677691 0.99782 0.752232 0.0394381 0.970846 0.303349 0.648561 0.424602 0.966734 0.0775836 0.364606 0.48944 0.587842 0.102173 0.666054 0.945738 0.418856 0.991086 0.2898 0.489152 0.624179 0.784521 0.390147 0.954019 0.442109 0.461348 0.385694 0.923355 0.253027 0.270355 0.567032 0.930718 0.268175 0.319265 0.970156 0.239021 0.622614 0.618717 0.663623 0.589347 0.6963 0.0282291 0.0787873 0.284142 0.130402 0.744841 0.22988 0.549258 0.735927 0.519679 0.0384102 0.360106 0.304201 0.428557 0.314126 0.74631 0.889905 0.69982 0.669664 0.142932 0.970175 0.236696 0.07365 0.238349 0.555961 0.043806 0.477371 0.178574 0.662523 0.140994 0.767922 0.358823 0.169223 0.846709 0.642964 0.299624 0.59155 0.872844 0.848882 0.327477 0.392523 0.887292 0.687584 0.696724 0.315849 0.0017092 0.443033 0.205754 0.701529 0.112698 0.348687 0.671704 0.349394 0.422337 0.910054 0.905355 0.466143 0.387424 0.0839297 0.128665 
32 48 35 49 41 30 64 
0.29011 0.00329634 0.846147 0.617587 0.39582 0.733439 0.305171 0.0925437 0.0492885 0.30688 0.535577 0.255043 0.00840892 0.648275 0.603729 0.680113 0.997669 0.0260659 0.590167 0.903024 0.492208 0.977591 0.986954 0.620874 0.506008 0.838805 0.108361 0.203648 0.537365 0.238813 0.200913 0.827475 0.24211 0.0470598 0.445062 0.63793 0.780499 0.750233 0.730473 0.829787 0.0571125 0.26605 0.0848301 0.0655214 0.914326 0.68856 0.745634 0.911995 0.714625 0.335801 0.815019 0.206834 0.313391 0.801974 0.827707 0.8194 0.640779 0.936069 0.0230482 0.178144 0.174882 0.223961 0.00561957 0.416992 0.271021 0.450682 0.0549213 0.0515197 0.200915 0.785395 0.881307 0.258027 0.0514451 0.966137 0.323548 0.965771 0.654697 0.0691828 0.877765 0.369322 0.404984 0.692785 0.576156 0.718375 0.494758 0.403863 0.537775 0.135537 0.339932 0.560823 0.313681 0.514814 0.784784 0.319301 0.931806 0.0558052 0.769983 0.986727 0.107325 0.970897 0.772122 0.988632 0.228924 0.823567 0.954769 0.552473 0.789338 0.609466 0.621656 0.667103 0.978788 0.0266393 0.359888 0.554943 0.745014 0.854646 0.958807 0.282789 0.990183 0.298739 0.843612 0.303865 0.813553 0.628396 0.623166 0.745359 0.684202 0.393149 
33 69 68 52 47 6 9 
0.327776 0.734927 0.145443 0.117113 0.344393 0.767099 0.784216 0.32318 0.793738 0.144104 0.878124 0.538753 0.99875 0.836931 0.821542 0.988933 0.13567 0.665154 0.292798 0.949223 0.293551 0.915964 0.694582 0.977752 0.309112 0.426669 0.769279 0.673158 0.930878 0.549437 0.266129 0.258653 0.284365 0.411572 0.375766 0.628757 0.178671 0.159983 0.951938 0.97241 0.304087 0.830062 0.511162 0.302837 0.666992 0.332704 0.291771 0.802662 0.997859 0.584569 0.751885 0.29141 0.500533 0.446467 0.269162 0.809645 0.873136 0.0384411 0.482803 0.804014 0.587878 0.748932 0.0626668 0.872243 0.160504 0.438433 0.501001 0.339175 0.598416 0.452938 0.311585 0.902503 0.283 0.822747 0.20534 0.949992 0.155452 0.49711 0.752654 0.153311 0.0816792 0.50454 0.44472 0.582212 0.951007 0.713882 0.391857 0.824143 0.752323 0.87466 0.628157 0.340202 0.623592 0.690824 0.212445 0.784097 0.129257 0.713446 0.123272 0.727673 0.166384 0.434857 0.630176 0.449384 0.257604 0.835515 0.399376 0.413056 0.332626 0.152031 0.566367 0.414305 0.65657 0.0110869 0.996517 0.607577 0.724969 0.388374 0.43172 0.477293 0.263034 0.0598771 0.817495 0.886626 0.750701 0.0299396 0.670723 0.879957 
34 42 19 12 58 50 25 
0.359153 0.486457 0.0733213 0.75853 0.899513 0.405947 0.91056 0.465879 0.820252 0.567131 0.476966 0.816769 0.174708 0.201936 0.205143 0.606429 0.679228 0.468177 0.666306 0.496723 0.354804 0.417006 0.526663 0.0255267 0.296964 0.270048 0.819522 0.904594 0.179817 0.048374 0.1424 0.53897 0.534831 0.215721 0.2975 0.434343 0.621669 0.20806 0.900223 0.441921 0.775191 0.377189 0.258691 0.949899 0.579124 0.463834 0.556328 0.258353 0.932011 0.222634 0.755076 0.286815 0.63964 0.281738 0.312342 0.936604 0.551786 0.131863 0.841198 0.731603 0.180237 0.983598 0.270573 0.715068 0.199319 0.568073 0.149411 0.820988 0.776133 0.0496339 0.262909 0.551324 0.426823 0.521599 0.501223 0.00594713 0.985433 0.0575514 0.2643 0.917444 0.280185 0.0193754 0.204259 0.919825 0.301114 0.516601 0.856429 0.852899 0.648464 0.697627 0.584502 0.828701 0.681225 0.855075 0.543769 0.880544 0.423148 0.693181 0.701532 0.199281 0.742814 0.96444 0.750605 0.169637 0.48604 0.251828 0.175584 0.471473 0.30938 0.439884 0.388917 0.589565 0.45926 0.593176 0.50939 0.760373 0.109776 0.365819 0.613273 0.75824 0.0634461 0.197775 0.586942 0.744671 0.0528502 0.130711 0.625215 0.475998 
35 57 12 54 27 50 63 
0.736343 0.777227 0.677713 0.911928 0.248699 0.987092 0.351812 0.637616 0.576657 0.811072 0.230792 0.0860475 0.571445 0.340569 0.451867 0.184717 0.098809 0.515313 0.382492 0.685751 0.259984 0.435342 0.816462 0.885198 0.91134 0.640353 0.211945 0.58662 0.20706 0.503132 0.0125036 0.943403 0.280359 0.690216 0.855331 0.529058 0.677309 0.207143 0.166674 0.253966 0.0182143 0.397466 0.340013 0.589659 0.738035 0.79188 0.774376 0.836844 0.307193 0.156868 0.522594 0.567176 0.59221 0.339056 0.452375 0.503551 0.97941 0.66432 0.0901702 0.186469 0.167452 0.102674 0.129872 0.44781 0.79289 0.985203 0.976868 0.470199 0.192346 0.143542 0.724164 0.21056 0.541008 0.0641779 0.800219 0.279043 0.856058 0.574595 0.115886 0.163251 0.731463 0.638481 0.730427 0.323673 0.977537 0.182802 0.827224 0.956946 0.847122 0.917394 0.143415 0.0145734 0.0200681 0.273288 0.462384 0.812958 0.258491 0.439252 0.283157 0.450836 0.582794 0.00732108 0.661396 0.123802 0.071499 0.461615 0.402844 0.927557 0.0362101 0.518731 0.0908078 0.767673 0.157211 0.821235 0.0913464 0.134748 0.00403676 0.91857 0.0916945 0.851158 0.835965 0.23511 0.865732 0.856033 0.508397 0.328115 0.668991 0.766888 
36 10 16 11 63 61 19 
0.0309677 0.340736 0.876807 0.958525 0.376946 0.395538 0.0493325 0.144619 0.552749 0.870567 0.235965 0.687497 0.874604 0.154536 0.779192 0.725763 0.990501 0.0143016 0.591494 0.846534 0.522699 0.91961 0.515525 0.289587 0.686977 0.467672 0.507311 0.0371374 0.427141 0.386432 0.5111 0.458109 0.727168 0.387906 0.416634 0.104114 0.783444 0.465966 0.248733 0.336193 0.336533 0.484698 0.0236902 0.211138 0.639234 0.802882 0.9369 0.629734 0.817184 0.528394 0.476268 0.339883 0.448004 0.991793 0.62947 0.134981 0.459465 0.136781 0.172119 0.886606 0.523213 0.683218 0.344715 0.250381 0.0711247 0.761348 0.354495 0.854569 0.227314 0.603228 0.190762 0.563848 0.0879255 0.214452 0.774985 0.727159 0.0173338 0.711885 0.356894 0.834517 0.24028 0.833162 0.1744 0.688284 0.824954 0.80387 0.823265 0.284419 0.940651 0.995383 0.171025 0.463865 0.678602 0.51574 0.714246 0.749726 0.277088 0.0687409 0.604295 0.504402 0.671968 0.795057 0.0682497 0.759894 0.00950865 0.843235 0.487053 0.0268425 0.55512 0.843947 0.86136 0.7954 0.677109 0.0357599 0.483683 0.502063 0.83963 0.306948 0.786482 0.780281 0.302332 0.957507 0.244146 0.980933 0.473247 0.958391 0.73066 0.750335 
37 38 27 42 2 62 11 
0.458995 0.13952 0.166221 0.946048 0.166363 0.721341 0.789995 0.0277227 0.516741 0.467103 0.0634826 0.000424522 0.969166 0.903112 0.307373 0.755648 0.683393 0.609705 0.713155 0.927539 0.590638 0.186402 0.88593 0.321298 0.936737 0.913063 0.656253 0.191474 0.612163 0.786265 0.51446 0.0711579 0.925785 0.680682 0.0172059 0.092148 0.402023 0.807201 0.119871 0.918764 0.274304 0.183353 0.919189 0.243471 0.0864657 0.226562 0.999119 0.769859 0.836267 0.712274 0.697398 0.426905 0.898676 0.583328 0.748203 0.835413 0.496391 0.404456 0.0268873 0.108554 0.19072 0.541348 0.179712 0.116506 0.22203 0.196918 0.208654 0.624053 0.00411828 0.328524 0.542817 0.278422 0.511878 0.462006 0.521893 0.598343 0.688568 0.521012 0.368202 0.524835 0.233286 0.0656001 0.951739 0.131963 0.648928 0.699942 0.967376 0.145319 0.104398 0.994263 0.253872 0.295118 0.535611 0.433584 0.411624 0.757641 0.630502 0.620277 0.381694 0.63462 0.948802 0.924511 0.913042 0.460679 0.386517 0.434935 0.0590225 0.0750855 0.955947 0.427225 0.59992 0.189234 0.492825 0.551659 0.321196 0.141753 0.251601 0.288572 0.287072 0.355999 0.282836 0.540944 0.651117 0.818447 0.974528 0.0627405 0.576087 0.60503 
38 57 56 26 10 18 67 
0.0924983 0.268809 0.587628 0.151521 0.343895 0.543575 0.578746 0.943815 0.732809 0.0715706 0.495474 0.054005 0.213324 0.747076 0.342577 0.500395 0.103075 0.625413 0.0413396 0.754192 0.44386 0.0158679 0.816932 0.0199473 0.620898 0.49995 0.977728 0.860548 0.131769 0.860021 0.0132402 0.224267 0.12883 0.600868 0.375788 0.472725 0.144443 0.954534 0.41654 0.877252 0.0261043 0.912014 0.931257 0.239428 0.65909 0.273834 0.739823 0.762165 0.899247 0.781163 0.516357 0.343107 0.797031 0.333289 0.363055 0.417929 0.833238 0.340783 0.278477 0.965007 0.200804 0.291717 0.189274 0.329634 0.892585 0.565062 0.802358 0.0370282 0.519596 0.218898 0.91428 0.5457 0.130913 0.845537 0.785129 0.790003 0.119372 0.524952 0.552168 0.0186191 0.306115 0.0685243 0.361726 0.103146 0.401813 0.724781 0.521075 0.235051 0.0655642 0.799552 0.200059 0.266368 0.0912689 0.389333 0.596001 0.983854 0.954396 0.39836 0.0208821 0.473992 0.617258 0.935162 0.0196922 0.748171 0.7807 0.804821 0.538173 0.900071 0.329773 0.0903412 0.91869 0.635888 0.158866 0.280417 0.739034 0.560679 0.00519793 0.260109 0.79573 0.0707621 0.0596611 0.995789 0.33713 0.15093 0.385122 0.933131 0.134784 0.339518 
39 32 47 49 20 25 42 
0.696919 0.871528 0.638022 0.235093 0.771599 0.967795 0.325434 0.690289 0.603683 0.4843 0.970706 0.342717 0.0449782 0.975904 0.602826 0.840708 0.0466662 0.662487 0.836497 0.383796 0.813417 0.221619 0.316927 0.948201 0.561137 0.648418 0.103867 0.374646 0.597167 0.194695 0.207847 0.294086 0.066223 0.84587 0.529179 0.837822 0.813665 0.854613 0.528111 0.417347 0.338913 0.498818 0.760064 0.383891 0.474722 0.36289 0.224599 0.521388 0.0253771 0.0610962 0.905184 0.838794 0.282715 0.222111 0.786995 0.843852 0.870529 0.890862 0.218498 0.467696 0.0855569 0.426345 0.761782 0.15178 0.272215 0.290961 0.989602 0.0858794 0.145574 0.517713 0.503227 0.484486 0.0165307 0.263291 0.868377 0.491252 0.626181 0.0929765 0.0126401 0.651558 0.154073 0.917824 0.490352 0.436788 0.139935 0.277347 0.28064 0.0104641 0.168209 0.499137 0.47816 0.253766 0.925482 0.239942 0.405546 0.197697 0.530902 0.395148 0.283576 0.676476 0.912861 0.786803 0.160963 0.929391 0.0500941 0.0293399 0.420644 0.676275 0.122316 0.433284 0.327833 0.276389 0.351108 0.818186 0.713177 0.491043 0.0955329 0.993816 0.501507 0.263742 0.492954 0.979667 0.517508 0.418436 0.219609 0.923054 0.616133 0.750511 
40 7 62 52 22 31 21 
0.160453 0.736607 0.61729 0.581097 0.412882 0.739606 0.0143808 0.740715 0.0159954 0.365489 0.558901 0.729172 0.856532 0.654434 0.722989 0.358039 0.918176 0.215942 0.337706 0.435684 0.634378 0.557315 0.358737 0.250511 0.307826 0.676938 0.150221 0.734813 0.908 0.836733 0.322763 0.0684534 0.57334 0.940053 0.64955 0.986222 0.679659 0.663931 0.726938 0.695655 0.0294199 0.285839 0.424827 0.885952 0.940273 0.147816 0.243991 0.858449 0.363758 0.581696 0.294133 0.998136 0.139011 0.65287 0.248648 0.446837 0.329808 0.398868 0.18165 0.237808 0.235602 0.504413 0.306262 0.808942 0.444466 0.955812 0.795164 0.124126 0.619743 0.522102 0.81978 0.649163 0.807941 0.244607 0.535115 0.748214 0.392423 0.779105 0.606663 0.756181 0.360802 0.900795 0.754318 0.499813 0.553665 0.00296518 0.946649 0.883473 0.401834 0.128299 0.121282 0.637435 0.632712 0.427544 0.446377 0.0771785 0.383356 0.241542 0.201304 0.00309916 0.763644 0.0210845 0.652262 0.571584 0.265692 0.187377 0.319798 0.658115 0.966483 0.92646 0.414296 0.327285 0.827256 0.168614 0.827097 0.380921 0.171579 0.773747 0.264394 0.573413 0.902046 0.385676 0.210848 0.534759 0.81322 0.657225 0.611937 0.196576 
41 0 10 43 48 1 64 
0.233995 0.100018 0.0393146 0.553793 0.758133 0.00579731 0.480253 0.172429 0.333082 0.307509 0.341043 0.160179 0.68843 0.512623 0.933926 0.952824 0.0860354 0.835972 0.3385 0.296884 0.370731 0.15172 0.954109 0.982668 0.348295 0.852876 0.795909 0.54797 0.515287 0.630235 0.399908 0.749282 0.730252 0.439222 0.303075 0.488385 0.445019 0.783328 0.660814 0.778101 0.0908366 0.00185775 0.93828 0.779266 0.51448 0.872206 0.73209 0.600516 0.708179 0.0705901 0.897399 0.0789094 0.22231 0.851508 0.0615771 0.570605 0.704385 0.857486 0.118576 0.219671 0.487721 0.518483 0.968953 0.217973 0.957705 0.272028 0.706358 0.402725 0.0553555 0.367172 0.180826 0.146192 0.36903 0.119107 0.925458 0.88351 0.991313 0.657549 0.484026 0.699492 0.728139 0.381425 0.778401 0.950449 0.232934 0.839978 0.521054 0.937319 0.697464 0.63963 0.15699 0.185185 0.158113 0.125943 0.403157 0.115818 0.397971 0.109515 0.518543 0.453327 0.476687 0.699369 0.599519 0.845717 0.818476 0.524977 0.729227 0.809789 0.182526 0.213253 0.50928 0.910664 0.594678 0.287681 0.861113 0.827612 0.127659 0.382167 0.764931 0.825124 0.021797 0.921921 0.0103081 0.17991 0.0478641 0.413465 0.295729 0.445835 
42 21 53 10 5 27 62 
0.845384 0.332117 0.0236575 0.574611 0.141906 0.206183 0.787864 0.651186 0.116848 0.382542 0.938867 0.977961 0.210154 0.0665266 0.360128 0.975085 0.89165 0.381925 0.897006 0.901958 0.561835 0.94487 0.315424 0.857564 0.390705 0.838404 0.671835 0.289867 0.838072 0.185476 0.788547 0.683456 0.517593 0.812205 0.258067 0.659499 0.0183882 0.0459306 0.310685 0.135236 0.428473 0.249552 0.113197 0.638627 0.316079 0.473325 0.613712 0.207729 0.855249 0.510719 0.109687 0.417084 0.455589 0.425111 0.274648 0.846294 0.263515 0.946483 0.136161 0.101586 0.13196 0.924709 0.785042 0.649553 0.736914 0.0431086 0.309052 0.755302 0.0890392 0.619737 0.890538 0.517512 0.869289 0.0037346 0.156139 0.185367 0.477059 0.769852 0.393096 0.332309 0.28057 0.502783 0.749393 0.736159 0.927894 0.0240411 0.582453 0.191408 0.970524 0.718615 0.292995 0.102484 0.643323 0.0780367 0.752037 0.380237 0.121145 0.0610889 0.135539 0.210184 0.680825 0.0260772 0.727696 0.550114 0.0298118 0.883836 0.735481 0.506871 0.653687 0.128577 0.83918 0.934257 0.63136 0.588573 0.670416 0.559253 0.612614 0.252869 0.750662 0.583138 0.971484 0.0436563 0.685622 0.614807 0.121693 0.43766 0.995044 0.242838 
43 54 27 2 71 25 57 
0.729688 0.186473 0.0645546 0.465169 0.693344 0.718242 0.593746 0.532523 0.652499 0.225105 0.121096 0.322915 0.784359 0.73371 0.575785 0.53502 0.316848 0.547268 0.578676 0.00247059 0.162076 0.700369 0.44013 0.15712 0.943208 0.938879 0.287704 0.39623 0.118452 0.444365 0.576949 0.84814 0.630838 0.641504 0.313309 0.324182 0.359746 0.907055 0.856705 0.0122446 0.13216 0.977801 0.33516 0.916519 0.711511 0.910944 0.451539 0.0283593 0.458213 0.0302151 0.0308299 0.620289 0.730584 0.47096 0.777409 0.673792 0.409839 0.0651128 0.0700224 0.528291 0.509478 0.646972 0.376431 0.140316 0.288476 0.68974 0.464497 0.648221 0.596795 0.321202 0.660466 0.728955 0.299004 0.995626 0.645473 0.0105148 0.90657 0.097012 0.0388741 0.364783 0.127227 0.069704 0.985071 0.857812 0.540664 0.76248 0.531604 0.950503 0.827593 0.601626 0.478794 0.337071 0.248598 0.855225 0.477386 0.537074 0.544965 0.941884 0.185295 0.14176 0.263086 0.845761 0.870715 0.56209 0.841387 0.516188 0.572605 0.747957 0.6132 0.611479 0.11274 0.740427 0.681183 0.0978107 0.598239 0.221847 0.860291 0.129843 0.17235 0.687884 0.731469 0.651143 0.0249542 0.980067 0.506368 0.502341 0.51714 0.0513334 
44 15 18 4 8 70 65 
0.269401 0.389584 0.579997 0.842005 0.13754 0.193197 0.453484 0.25028 0.933625 0.134667 0.348091 0.531864 0.356514 0.208381 0.661706 0.528864 0.896265 0.393175 0.180007 0.921219 0.373242 0.686375 0.42356 0.890382 0.737709 0.867784 0.592817 0.930802 0.575095 0.141014 0.994611 0.844495 0.530598 0.574608 0.6865 0.668138 0.767805 0.139985 0.918418 0.70143 0.274652 0.266509 0.233293 0.631166 0.47489 0.894999 0.16003 0.371155 0.288174 0.340037 0.292374 0.661416 0.0264126 0.715934 0.551798 0.764121 0.583718 0.144615 0.694924 0.158812 0.285629 0.689535 0.00330719 0.816227 0.264142 0.689808 0.484365 0.031947 0.829792 0.402783 0.733377 0.104444 0.669291 0.96667 0.73561 0.144181 0.861669 0.89564 0.515336 0.149844 0.235677 0.80771 0.81126 0.26209 0.523644 0.363057 0.0262112 0.107361 0.507673 0.721135 0.266173 0.793302 0.410669 0.269481 0.609529 0.674812 0.959288 0.0938939 0.706759 0.78908 0.496677 0.440135 0.893524 0.165968 0.406805 0.629135 0.31015 0.268474 0.524775 0.825486 0.418318 0.760452 0.633196 0.229577 0.0225418 0.15684 0.592635 0.048753 0.264201 0.100307 0.769888 0.530374 0.893609 0.180557 0.799855 0.503138 0.855369 0.759143 
45 8 20 35 66 49 43 
0.259677 0.409068 0.0708823 0.569827 0.677542 0.595657 0.395312 0.0958597 0.356109 0.0285084 0.325437 0.378651 0.185348 0.918071 0.427404 0.449549 0.0183786 0.197292 0.979923 0.911988 0.377849 0.779778 0.415126 0.233218 0.538921 0.0121575 0.795346 0.0871442 0.105866 0.797609 0.528892 0.365543 0.206677 0.599774 0.93537 0.884219 0.195431 0.330682 0.980079 0.55154 0.359191 0.305516 0.930191 0.544539 0.223587 0.357595 0.994088 0.241966 0.554887 0.974011 0.153953 0.932736 0.753789 0.569079 0.165954 0.292709 0.581236 0.961301 0.379854 0.687103 0.75891 0.908746 0.0526457 0.965586 0.50852 0.988016 0.849805 0.703951 0.318698 0.829884 0.255492 0.677889 0.135399 0.185683 0.222427 0.358986 0.543278 0.216515 0.600952 0.0981648 0.190525 0.754905 0.0309009 0.944314 0.323984 0.196855 0.237023 0.905221 0.158156 0.616877 0.592323 0.917065 0.525623 0.644969 0.882652 0.0341428 0.632984 0.732457 0.738094 0.951682 0.562341 0.993586 0.629571 0.69774 0.179269 0.851998 0.0567269 0.722547 0.0685126 0.657679 0.820711 0.259038 0.412584 0.851612 0.203352 0.736569 0.0484676 0.440375 0.641789 0.206624 0.0572525 0.234112 0.123689 0.582875 0.879081 0.00634085 0.617018 0.512065 
46 1 55 19 48 54 36 
0.998879 0.527967 0.945316 0.0556063 0.250513 0.0138285 0.713285 0.0712244 0.272867 0.12587 0.922837 0.476218 0.862438 0.971304 0.916594 0.504227 0.177928 0.973846 0.73834 0.301617 0.556722 0.617421 0.307958 0.17374 0.129486 0.0467557 0.528852 0.593233 0.347895 0.87755 0.686551 0.346774 0.405517 0.631867 0.40238 0.65603 0.645696 0.115666 0.727254 0.918562 0.241535 0.650091 0.394781 0.103973 0.621395 0.311375 0.608201 0.799323 0.285221 0.34654 0.10094 0.841943 0.963961 0.408898 0.0156824 0.0934468 0.455653 0.544534 0.68668 0.803548 0.422084 0.373232 0.150322 0.827601 0.00509896 0.552702 0.483631 0.650795 0.668368 0.210885 0.569357 0.909903 0.860976 0.964138 0.0138764 0.482371 0.275513 0.622077 0.281694 0.560734 0.968618 0.382633 0.402677 0.932578 0.791531 0.418359 0.0260252 0.247184 0.962893 0.712705 0.0507321 0.384978 0.0859369 0.201054 0.212579 0.0910359 0.753756 0.69621 0.741831 0.422124 0.907094 0.311188 0.332027 0.76807 0.275326 0.345904 0.250441 0.550839 0.967981 0.532134 0.111573 0.936598 0.914768 0.51425 0.869177 0.706299 0.932609 0.895202 0.953483 0.895502 0.607907 0.004215 0.28048 0.693844 0.205269 0.493059 0.78488 0.959025 
47 17 38 43 44 8 16 
0.114874 0.664064 0.0270608 0.647008 0.775637 0.963659 0.561775 0.289887 0.832836 0.268074 0.222496 0.728037 0.221557 0.117998 0.335945 0.225772 0.398478 0.0297888 0.431041 0.891537 0.814669 0.390066 0.0808049 0.34138 0.771216 0.177168 0.179278 0.484392 0.0416006 0.292504 0.543472 0.156474 0.956568 0.570533 0.803482 0.732205 0.534192 0.365257 0.0220925 0.367028 0.633331 0.244588 0.095065 0.854888 0.362586 0.43101 0.08066 0.761064 0.460798 0.511701 0.6526 0.275467 0.901767 0.733405 0.616847 0.672983 0.910573 0.796125 0.157375 0.952174 0.0886289 0.700848 0.108648 0.0451969 0.271381 0.91213 0.777402 0.805573 0.277387 0.799495 0.1726 0.910718 0.044083 0.267665 0.765606 0.406669 0.698675 0.846266 0.167733 0.159473 0.357967 0.820333 0.434941 0.259734 0.553739 0.0517873 0.932717 0.464312 0.847913 0.0900926 0.416485 0.936541 0.79094 0.525133 0.981738 0.0623207 0.437262 0.759141 0.867893 0.714649 0.558635 0.0404934 0.625367 0.602718 0.308159 0.390973 0.00938741 0.00683355 0.23724 0.17712 0.166307 0.595207 0.997454 0.601247 0.854941 0.551192 0.653035 0.787659 0.0155035 0.500947 0.877751 0.431989 0.437489 0.668691 0.957121 0.419227 0.731012 0.394384 
48 2 22 5 20 9 67 
0.339721 0.947557 0.125373 0.349109 0.954391 0.362613 0.526229 0.120698 0.957819 0.523682 0.721945 0.81276 0.0748744 0.37498 0.600419 0.090378 0.875927 0.47817 0.522367 0.313415 0.146861 0.479488 0.732642 0.877873 0.873872 0.91101 0.476779 0.982904 0.648013 0.116177 0.717304 0.987734 0.0637346 0.842677 0.336843 0.0181254 0.20529 0.863071 0.138823 0.163109 0.386754 0.860768 0.97587 0.461628 0.235748 0.576289 0.552006 0.111675 0.0544591 0.0743728 0.42509 0.201321 0.553861 0.157733 0.0791941 0.427733 0.0687426 0.555973 0.410637 0.716755 0.67215 0.127941 0.704489 0.735885 0.970619 0.0413319 0.75401 0.175909 0.904403 0.892833 0.339018 0.291157 0.753601 0.314888 0.752786 0.989349 0.891177 0.304792 0.101024 0.945636 0.379165 0.526114 0.146957 0.933025 0.683847 0.226151 0.360758 0.752589 0.782124 0.771395 0.469345 0.454273 0.899337 0.173834 0.190158 0.869955 0.215166 0.944168 0.0458642 0.11957 0.837001 0.384882 0.410727 0.590602 0.699771 0.163512 0.579952 0.590948 0.468304 0.680976 0.536584 0.847469 0.20709 0.68354 0.780494 0.890937 0.909691 0.141252 0.643526 0.691815 0.912647 0.112871 0.146088 0.811984 0.286705 0.336246 0.681939 0.501871 
49 58 36 20 48 30 13 
0.708018 0.812457 0.19568 0.28797 0.403404 0.663984 0.968945 0.939988 0.511452 0.176035 0.623528 0.291946 0.0669716 0.533219 0.433199 0.710498 0.225034 0.345846 0.823369 0.371122 0.15783 0.110074 0.707368 0.839769 0.611945 0.987782 0.567573 0.233385 0.105198 0.680259 0.265553 0.813216 0.492715 0.461233 0.101185 0.896119 0.125216 0.0701306 0.836107 0.636669 0.246166 0.459635 0.928615 0.313137 0.992855 0.361814 0.0236348 0.217888 0.707659 0.847003 0.58901 0.865489 0.957077 0.296379 0.705258 0.569022 0.284161 0.272831 0.802407 0.389359 0.95309 0.0679602 0.202575 0.445805 0.529193 0.30376 0.341925 0.654409 0.373891 0.178032 0.291078 0.620056 0.637667 0.219693 0.933194 0.630522 0.581507 0.956828 0.84841 0.289166 0.803832 0.437421 0.154655 0.760909 0.7338 0.859914 0.329931 0.0179608 0.132745 0.132338 0.40732 0.0858347 0.200298 0.609895 0.53164 0.729491 0.913655 0.873565 0.3839 0.287546 0.0515967 0.674978 0.907602 0.689264 0.894671 0.840796 0.319786 0.476178 0.797624 0.168196 0.765344 0.601456 0.605617 0.919999 0.362365 0.339417 0.779913 0.692295 0.357378 0.912657 0.824633 0.764697 0.998492 0.0249314 0.374592 0.530132 0.754422 0.288247 
50 11 53 16 41 45 47 
0.707972 0.324191 0.464343 0.184149 0.121815 0.63254 0.949493 0.723271 0.238157 0.869492 0.0856363 0.577574 0.649404 0.777932 0.934952 0.562062 0.602565 0.699649 0.560554 0.627496 0.0742412 0.0906856 0.381919 0.362488 0.494382 0.520241 0.938281 0.949676 0.333542 0.421677 0.0942331 0.0415137 0.745868 0.558577 0.225663 0.867683 0.191116 0.175156 0.590955 0.429273 0.0446481 0.676591 0.00684749 0.694053 0.454523 0.941799 0.256114 0.0570876 0.641448 0.816668 0.684584 0.715689 0.907354 0.0665024 0.0781778 0.401736 0.586744 0.0164593 0.351412 0.920285 0.438136 0.445645 0.961799 0.184004 0.00422109 0.187462 0.0516875 0.195337 0.362618 0.642642 0.624611 0.407266 0.319234 0.631458 0.101319 0.773756 0.573258 0.357433 0.830844 0.214706 0.174101 0.515428 0.930395 0.081455 0.58193 0.00857299 0.483191 0.168674 0.0250323 0.834602 0.0889593 0.463168 0.280247 0.0507584 0.647172 0.284468 0.238221 0.69886 0.479805 0.600839 0.341502 0.104416 0.00810535 0.660736 0.735875 0.109424 0.434492 0.309132 0.466858 0.265336 0.523838 0.640959 0.780764 0.454233 0.722414 0.362695 0.462806 0.205605 0.531369 0.487838 0.0402072 0.620328 0.951007 0.320454 0.671086 0.598179 0.604922 0.909307 
51 60 56 43 33 30 70 
0.299277 0.925019 0.627675 0.733769 0.234151 0.0945331 0.999106 0.757989 0.735492 0.77987 0.212223 0.457906 0.142565 0.675029 0.663511 0.673934 0.162867 0.703718 0.294262 0.113874 0.0241724 0.965348 0.712053 0.629095 0.874655 0.00909211 0.713822 0.3848 0.647633 0.902966 0.903052 0.94691 0.827985 0.530727 0.68068 0.0621366 0.62526 0.679786 0.820126 0.360752 0.459656 0.0323486 0.818658 0.602221 0.707377 0.48217 0.276155 0.870245 0.185888 0.570416 0.984119 0.21006 0.535764 0.696172 0.839155 0.410419 0.705264 0.552977 0.795219 0.352897 0.455944 0.698271 0.299808 0.283929 0.228998 0.980488 0.346066 0.854258 0.660273 0.166191 0.21501 0.119929 0.19854 0.0336687 0.72215 0.905917 0.515838 0.998305 0.776162 0.701726 0.568721 0.760281 0.911786 0.104485 0.456453 0.750941 0.514903 0.161717 0.303918 0.310122 0.514615 0.759862 0.00839319 0.814422 0.0437905 0.237391 0.79491 0.389856 0.0916488 0.455183 0.556048 0.306659 0.575112 0.754588 0.340328 0.297262 0.660505 0.856166 0.295567 0.436667 0.557892 0.864287 0.196948 0.469678 0.968772 0.653401 0.220619 0.483675 0.815118 0.524537 0.793798 0.329733 0.284399 0.802191 0.144155 0.328189 0.0395821 0.939065 
52 58 68 39 11 53 7 
0.0286805 0.778218 0.266622 0.689186 0.634384 0.562189 0.125853 0.192275 0.426477 0.322801 0.661954 0.395249 0.976203 0.882573 0.878924 0.791321 0.40711 0.672722 0.121054 0.691508 0.474913 0.265209 0.0196975 0.514495 0.204274 0.737743 0.645726 0.598522 0.0118356 0.0836163 0.567883 0.0405161 0.861834 0.834505 0.729702 0.496217 0.396694 0.855555 0.688493 0.823171 0.178356 0.350446 0.21842 0.154558 0.233019 0.0973445 0.945879 0.640129 0.770067 0.0669333 0.331637 0.24498 0.332142 0.351334 0.759476 0.536417 0.0890772 0.405202 0.134939 0.100913 0.488818 0.702822 0.141429 0.350652 0.537327 0.871131 0.84687 0.934021 0.726685 0.535363 0.757193 0.905041 0.885809 0.975613 0.0595992 0.118828 0.0729571 0.00547845 0.758957 0.843024 0.0724117 0.0905935 0.0880041 0.404554 0.441928 0.84748 0.940971 0.531005 0.252682 0.0759102 0.631918 0.7415 0.778732 0.773347 0.0921524 0.316059 0.644478 0.939022 0.25008 0.371163 0.474385 0.00727284 0.276204 0.360194 0.982885 0.335803 0.479022 0.0558426 0.341281 0.237979 0.898866 0.413693 0.328572 0.986871 0.818247 0.7705 0.83435 0.759218 0.301505 0.0870322 0.835128 0.933423 0.828532 0.61386 0.70677 0.920685 0.929919 0.351248 
53 61 24 1 36 11 35 
0.694286 0.170158 0.334416 0.173307 0.226 0.675698 0.411286 0.124867 0.0893905 0.739858 0.111737 0.907638 0.510358 0.946088 0.666856 0.811863 0.0331199 0.501984 0.745286 0.861652 0.115844 0.452056 0.782337 0.0457633 0.803304 0.642044 0.225763 0.525714 0.976136 0.413035 0.524328 0.670421 0.583193 0.858745 0.843729 0.809193 0.534442 0.255015 0.93406 0.623833 0.994873 0.0457972 0.53147 0.505231 0.991885 0.198326 0.317094 0.0250047 0.70031 0.0623806 0.886657 0.816154 0.514437 0.668994 0.861918 0.317741 0.311039 0.0876804 0.843455 0.287174 0.500715 0.367783 0.957596 0.0839082 0.226528 0.801325 0.893101 0.76097 0.0563396 0.827161 0.384803 0.0512124 0.872958 0.916273 0.556443 0.864843 0.1146 0.873538 0.889848 0.81491 0.935918 0.776505 0.631064 0.450355 0.445499 0.492982 0.768096 0.756538 0.580662 0.611552 0.0437124 0.0813774 0.979335 0.00130826 0.165286 0.205863 0.802633 0.058387 0.966834 0.858973 0.885548 0.351637 0.910185 0.758507 0.26791 0.466628 0.62335 0.38251 0.340166 0.513198 0.19742 0.276084 0.289703 0.828483 0.72644 0.735203 0.321465 0.494536 0.491741 0.902127 0.106088 0.535453 0.983504 0.0854231 0.536761 0.14879 0.291286 0.339394 
54 8 38 49 70 32 57 
0.851232 0.877667 0.57518 0.474582 0.260177 0.915346 0.98778 0.457597 0.191431 0.277483 0.28608 0.91787 0.012686 0.607545 0.412406 0.504427 0.509672 0.518494 0.0398798 0.493176 0.603917 0.576641 0.641966 0.895203 0.916036 0.849143 0.153324 0.114402 0.941868 0.76308 0.222954 0.7931 0.640748 0.798135 0.267682 0.900925 0.713481 0.255461 0.358521 0.904912 0.532945 0.644601 0.822782 0.545631 0.252147 0.235188 0.0500574 0.761819 0.753682 0.0899372 0.254995 0.357599 0.666578 0.896961 0.252802 0.582614 0.746104 0.406125 0.697016 0.687972 0.169206 0.919971 0.481072 0.809954 0.718106 0.748753 0.710878 0.431587 0.00421454 0.0693998 0.336498 0.537159 0.714001 0.15928 0.0827899 0.966148 0.394468 0.132847 0.727966 0.14815 0.222785 0.982961 0.505748 0.889363 0.879922 0.75855 0.471977 0.626026 0.164676 0.168993 0.313998 0.333882 0.0889643 0.79507 0.143835 0.80707 0.543823 0.854714 0.238656 0.548037 0.924113 0.575155 0.0851965 0.638115 0.734435 0.167986 0.604263 0.128903 0.300834 0.332229 0.277052 0.523618 0.31519 0.7828 0.412981 0.195113 0.541351 0.884958 0.821139 0.706026 0.0539517 0.135137 0.0399079 0.142916 0.930206 0.183743 0.949986 0.474029 
55 3 58 61 10 44 70 
0.600685 0.498232 0.275249 0.204948 0.627134 0.576083 0.537177 0.904187 0.0997011 0.852367 0.686987 0.512682 0.0474799 0.228337 0.397641 0.868619 0.934364 0.451592 0.00375549 0.974272 0.594508 0.933962 0.158015 0.544494 0.407991 0.196471 0.733137 0.430057 0.159042 0.496934 0.53732 0.759727 0.995166 0.812569 0.964674 0.6223 0.388652 0.501851 0.526487 0.488353 0.354219 0.213473 0.00103535 0.401698 0.441811 0.398676 0.270317 0.376175 0.850268 0.274073 0.350446 0.444777 0.208034 0.508461 0.989271 0.616025 0.704932 0.722408 0.0460826 0.863974 0.219342 0.583403 0.623701 0.214507 0.395972 0.588375 0.836807 0.784624 0.0902266 0.363294 0.272977 0.444445 0.576767 0.274012 0.846143 0.0185783 0.672688 0.116461 0.394753 0.522956 0.390533 0.745199 0.967733 0.598567 0.25366 0.957004 0.214593 0.958592 0.679412 0.260675 0.822566 0.898754 0.844078 0.446267 0.113261 0.24005 0.0346425 0.950069 0.0246735 0.124869 0.313363 0.29765 0.569314 0.89013 0.571662 0.415458 0.908708 0.24435 0.531918 0.303461 0.767306 0.922451 0.0486603 0.735039 0.521019 0.30232 0.692044 0.735612 0.260913 0.371456 0.996287 0.0834789 0.27021 0.840365 0.529746 0.383471 0.080415 0.564389 
56 64 58 10 4 30 19 
0.537032 0.974401 0.67403 0.445741 0.218751 0.205948 0.749202 0.986057 0.128399 0.797862 0.721097 0.649417 0.100182 0.41314 0.385029 0.361095 0.784596 0.381316 0.444574 0.054806 0.221681 0.97432 0.438277 0.302096 0.538709 0.771817 0.407185 0.227967 0.418719 0.809923 0.486538 0.955751 0.784324 0.160568 0.401492 0.00307455 0.366516 0.150694 0.989132 0.494914 0.948556 0.710228 0.144332 0.0487387 0.123369 0.529361 0.409834 0.907965 0.910677 0.854408 0.962771 0.132358 0.828728 0.401048 0.434454 0.367437 0.172865 0.841639 0.595403 0.591584 0.651562 0.0819415 0.547335 0.435885 0.242509 0.948827 0.43896 0.609025 0.0995216 0.428092 0.103939 0.0480779 0.13832 0.248271 0.0968166 0.261689 0.777632 0.50665 0.169654 0.688309 0.361058 0.132425 0.820667 0.189786 0.533473 0.255121 0.557222 0.706338 0.0967593 0.152626 0.297921 0.748321 0.234567 0.845257 0.184206 0.477077 0.794084 0.623166 0.0861016 0.893606 0.0512582 0.190041 0.941684 0.189578 0.438312 0.0385003 0.451267 0.215944 0.545151 0.620921 0.904253 0.906209 0.753346 0.724919 0.0959945 0.286819 0.98004 0.653217 0.993157 0.0767993 0.805842 0.291079 0.82512 0.0404094 0.136335 0.00932673 0.517486 0.93042 
57 20 14 33 21 15 55 
0.87333 0.231941 0.804209 0.324597 0.447885 0.34936 0.945519 0.352137 0.255569 0.698865 0.0770566 0.351563 0.985685 0.0570967 0.00478018 0.978842 0.133896 0.810623 0.269921 0.959016 0.851032 0.406256 0.968343 0.368518 0.336676 0.600836 0.972106 0.160701 0.284588 0.765734 0.92641 0.157917 0.997674 0.73062 0.482515 0.445559 0.0799799 0.428033 0.797696 0.335549 0.126898 0.874753 0.687112 0.112583 0.93185 0.691892 0.0914248 0.0657456 0.502515 0.361345 0.0247619 0.353547 0.767601 0.993105 0.722065 0.104277 0.593941 0.69417 0.264978 0.878529 0.459904 0.191388 0.0364464 0.457579 0.922008 0.518961 0.903138 0.00198798 0.946994 0.700834 0.337537 0.0738929 0.575587 0.0246487 0.186476 0.507436 0.716541 0.277901 0.573182 0.219056 0.639246 0.597944 0.572602 0.406847 0.591049 0.294667 0.511124 0.18499 0.988838 0.776102 0.0635189 0.448742 0.967491 0.0999653 0.906321 0.889499 0.618926 0.809458 0.891487 0.565921 0.510292 0.229023 0.639814 0.0858791 0.253672 0.82629 0.593315 0.970213 0.10419 0.166497 0.189269 0.743436 0.764441 0.761871 0.150284 0.35549 0.0565381 0.661408 0.54048 0.0453756 0.43751 0.603999 0.494117 0.405001 0.703964 0.400438 0.2945 0.322891 
58 66 43 28 44 18 17 
0.806068 0.668682 0.354915 0.399383 0.638895 0.459105 0.56588 0.828163 0.202541 0.330322 0.590034 0.352825 0.685812 0.646572 0.0142331 0.226292 0.691948 0.451743 0.830291 0.186065 0.856745 0.534255 0.586503 0.151244 0.857145 0.7964 0.337231 0.745957 0.516588 0.752241 0.274582 0.322656 0.420923 0.629497 0.722039 0.0598174 0.0886015 0.287919 0.887981 0.291143 0.618241 0.478015 0.643968 0.304053 0.124588 0.658201 0.530344 0.816536 0.109944 0.360635 0.00260108 0.966689 0.89489 0.589105 0.117933 0.752035 0.385504 0.455164 0.497992 0.902093 0.207405 0.772574 0.224748 0.628327 0.40207 0.946787 0.688145 0.490672 0.234707 0.576125 0.781815 0.852948 0.0541404 0.425782 0.157 0.178728 0.0839833 0.687345 0.995263 0.193928 0.0479793 0.997865 0.160617 0.942869 0.586969 0.27855 0.694904 0.972473 0.733714 0.192896 0.874566 0.941118 0.96547 0.0993143 0.569446 0.36754 0.0461017 0.25759 0.858212 0.280808 0.833715 0.640026 0.133756 0.887856 0.0658085 0.290756 0.0665837 0.149792 0.978101 0.0618471 0.34372 0.0260803 0.0597117 0.504336 0.968949 0.646681 0.782886 0.663853 0.619154 0.5166 0.856749 0.49372 0.457718 0.822218 0.593034 0.0271639 0.189758 0.639136 
59 25 10 43 55 35 29 
0.00632514 0.753804 0.344457 0.0729088 0.903596 0.322558 0.134756 0.247316 0.348638 0.194468 0.751652 0.317587 0.841148 0.534538 0.981441 0.460303 0.0511378 0.83819 0.954023 0.508856 0.660408 0.547057 0.53602 0.850166 0.186193 0.820774 0.898136 0.106138 0.939243 0.586132 0.159838 0.945569 0.339937 0.504295 0.0184773 0.243533 0.826853 0.153233 0.490849 0.175491 0.347701 0.242501 0.493079 0.188849 0.777039 0.474519 0.649152 0.828176 0.312709 0.603175 0.337033 0.973117 0.150232 0.873053 0.823283 0.336425 0.693827 0.721419 0.442563 0.63307 0.307551 0.602401 0.578638 0.647488 0.106696 0.597116 0.89102 0.933549 0.750349 0.381869 0.109041 0.0980499 0.62437 0.602119 0.286899 0.401408 0.0766388 0.936051 0.229585 0.389348 0.539226 0.566617 0.362465 0.689457 0.43967 0.185748 0.0258824 0.133496 0.907167 0.468445 0.766566 0.214718 0.070846 0.345205 0.862205 0.177542 0.942321 0.753226 0.111091 0.69267 0.135095 0.220132 0.790719 0.759464 0.822251 0.0776187 0.160872 0.89889 0.0136698 0.390457 0.288238 0.552895 0.957074 0.650702 0.242353 0.396744 0.83645 0.268235 0.53024 0.743617 0.73668 0.296806 0.958334 0.807526 0.642011 0.82054 0.985068 0.584331 
60 22 61 15 45 25 70 
0.468324 0.138543 0.145339 0.629197 0.0374333 0.159009 0.0196535 0.325671 0.711904 0.976728 0.976373 0.954257 0.373471 0.812823 0.222493 0.903711 0.55644 0.959173 0.200517 0.514774 0.766699 0.842528 0.335313 0.751768 0.426859 0.909079 0.847928 0.70386 0.617939 0.164219 0.77158 0.0862629 0.302763 0.916919 0.71546 0.340196 0.0759282 0.735113 0.665867 0.787832 0.711841 0.64224 0.74209 0.0853117 0.455063 0.964582 0.989023 0.011503 0.923755 0.18954 0.526277 0.690454 0.0320675 0.86159 0.442222 0.458927 0.770669 0.29015 0.162787 0.388608 0.454369 0.934367 0.474871 0.757132 0.851286 0.19033 0.0973278 0.927214 0.925443 0.763195 0.715047 0.637284 0.405435 0.457136 0.722595 0.860498 0.421719 0.711618 0.872001 0.345474 0.901158 0.398278 0.0359282 0.933225 0.259869 0.47815 0.392152 0.0305377 0.7683 0.554939 0.419146 0.222669 0.489305 0.894016 0.979801 0.340592 0.0843464 0.0771291 0.267806 0.00978965 0.840324 0.982853 0.647073 0.245759 0.439989 0.369669 0.106257 0.861708 0.0812869 0.978258 0.207182 0.982445 0.376536 0.24311 0.91567 0.636405 0.72126 0.307822 0.666943 0.48956 0.862761 0.0860883 0.71223 0.352066 0.980105 0.692031 0.692658 0.064451 
61 42 57 50 15 19 46 
0.0909829 0.9615 0.245013 0.17227 0.939758 0.452195 0.154715 0.316294 0.695305 0.0703847 0.952699 0.416565 0.378207 0.619642 0.906126 0.240967 0.70573 0.618355 0.593034 0.685835 0.310386 0.285691 0.750286 0.0795466 0.246155 0.824526 0.689031 0.189471 0.54584 0.544273 0.572777 0.636823 0.505773 0.81779 0.809093 0.445531 0.269985 0.963808 0.761825 0.96529 0.0341926 0.714524 0.381856 0.412399 0.334166 0.287981 0.653367 0.0398965 0.906337 0.2464 0.725731 0.216723 0.532092 0.476017 0.29627 0.778246 0.300544 0.9853 0.967718 0.846384 0.529573 0.540494 0.483207 0.0353461 0.358284 0.292301 0.480877 0.62827 0.256109 0.242702 0.59356 0.290301 0.957226 0.975416 0.7027 0.291392 0.263397 0.356067 0.331288 0.169733 0.602468 0.0570197 0.386456 0.134559 0.533037 0.682726 0.912806 0.83358 0.668026 0.880523 0.679965 0.197599 0.421017 0.163172 0.232945 0.779302 0.455473 0.713822 0.407572 0.711581 0.956524 0.00113156 0.00188249 0.91375 0.976547 0.704583 0.205141 0.239944 0.0606503 0.53643 0.409677 0.663118 0.593449 0.796134 0.797677 0.126486 0.478859 0.710483 0.960067 0.146885 0.591006 0.640031 0.344485 0.0120239 0.803204 0.57743 0.791326 0.258676 
62 45 59 18 43 57 40 
0.161525 0.176576 0.676723 0.366667 0.41652 0.737374 0.903096 0.826197 0.400492 0.496546 0.622331 0.198169 0.623032 0.101191 0.908652 0.583099 0.248076 0.499659 0.223131 0.59256 0.511683 0.0263342 0.16999 0.303008 0.285011 0.461242 0.501906 0.255268 0.709018 0.701934 0.227409 0.870543 0.87851 0.904132 0.23721 0.29503 0.641506 0.140306 0.121228 0.0419972 0.636852 0.743559 0.240166 0.259884 0.84475 0.148819 0.842983 0.0928254 0.648477 0.0661136 0.685386 0.16016 0.0924478 0.855376 0.463168 0.377458 0.316618 0.965074 0.632727 0.0256361 0.667008 0.860135 0.896179 0.545519 0.764267 0.133389 0.840549 0.405773 0.273694 0.961777 0.44777 0.910546 0.705336 0.687936 0.17043 0.550085 0.836755 0.0134132 0.642911 0.485232 0.0795268 0.328297 0.645392 0.171975 0.183673 0.10856 0.549433 0.500291 0.0736338 0.18216 0.525927 0.740642 0.0422951 0.422106 0.286161 0.806562 0.555495 0.12671 0.212335 0.829189 0.0884865 0.660105 0.739735 0.793822 0.348042 0.910165 0.343908 0.184797 0.923579 0.986819 0.670029 0.00310537 0.315115 0.315421 0.17508 0.498788 0.423981 0.724513 0.999079 0.497615 0.906673 0.525006 0.238257 0.948968 0.947112 0.524417 0.75553 0.502607 
63 60 20 71 19 26 69 
0.981697 0.877343 0.160809 0.905275 0.864162 0.830838 0.90838 0.179277 0.146259 0.0834605 0.678065 0.570239 0.807973 0.677144 0.0678541 0.714646 0.20215 0.306111 0.663614 0.149263 0.830528 0.419144 0.65187 0.481655 0.387009 0.983665 0.221268 0.0149801 0.0551967 0.754704 0.990993 0.0368932 0.632047 0.151802 0.942168 0.496209 0.98264 0.850549 0.675486 0.128899 0.934009 0.353552 0.699138 0.741983 0.0306961 0.766992 0.456629 0.232847 0.0731029 0.120242 0.382109 0.903631 0.539386 0.0339788 0.385285 0.926395 0.0176443 0.606553 0.941375 0.072841 0.361257 0.932368 0.109734 0.993304 0.0841699 0.0519025 0.489513 0.06681 0.902451 0.164999 0.195709 0.836461 0.518551 0.894847 0.578443 0.549247 0.661839 0.0350718 0.782094 0.734942 0.155314 0.164203 0.638573 0.6947 0.198182 0.023858 0.621095 0.215826 0.630411 0.56247 0.288667 0.991668 0.494838 0.398401 0.984972 0.579008 0.450304 0.474485 0.645818 0.352755 0.639484 0.841527 0.189216 0.158035 0.736374 0.767659 0.707282 0.398213 0.802731 0.489376 0.133155 0.958045 0.653579 0.771727 0.652745 0.851761 0.795585 0.27384 0.0675869 0.425997 0.83631 0.356254 0.417664 0.331148 0.754655 0.402636 0.910156 0.204959 
64 32 54 6 15 4 22 
0.67464 0.133874 0.514589 0.381923 0.532087 0.31732 0.871298 0.665241 0.275365 0.524877 0.436969 0.92811 0.376638 0.232554 0.201949 0.444225 0.65855 0.0382593 0.800479 0.0762149 0.369407 0.555134 0.478851 0.279563 0.760093 0.355972 0.835537 0.317808 0.872578 0.233037 0.0647376 0.547218 0.366911 0.579327 0.92914 0.898998 0.896647 0.800439 0.564239 0.172012 0.325316 0.00120801 0.100121 0.701954 0.233762 0.302071 0.146179 0.892312 0.34033 0.946658 0.968527 0.709737 0.501792 0.447379 0.9893 0.261886 0.803351 0.824837 0.579693 0.675928 0.0578745 0.644431 0.223146 0.424786 0.223758 0.152286 0.323784 0.120404 0.952725 0.888023 0.292416 0.278041 0.889231 0.392538 0.979996 0.122993 0.694608 0.126175 0.0153057 0.0349384 0.0728331 0.983833 0.744676 0.574626 0.431212 0.733976 0.836511 0.234563 0.558813 0.416205 0.910491 0.616688 0.0606356 0.133637 0.0414736 0.284393 0.285924 0.365258 0.404798 0.238649 0.253281 0.697214 0.51669 0.142512 0.0897513 0.496686 0.265506 0.78436 0.622861 0.280812 0.819298 0.695694 0.264645 0.563974 0.270319 0.695856 0.29795 0.106831 0.930419 0.856763 0.523035 0.84091 0.47345 0.583671 0.974547 0.514924 0.868064 0.26047 
65 70 47 69 8 41 48 
0.275975 0.0598268 0.512495 0.541481 0.844186 0.135356 0.822292 0.663484 0.83105 0.0869367 0.227458 0.101369 0.782793 0.525408 0.2082 0.713211 0.38217 0.731235 0.554121 0.855621 0.314906 0.528668 0.370545 0.18297 0.789138 0.250726 0.455831 0.288257 0.384188 0.425907 0.304067 0.660163 0.485734 0.816562 0.201644 0.32992 0.951918 0.0239358 0.993405 0.782968 0.110873 0.220863 0.884337 0.893665 0.74627 0.0925363 0.606877 0.128441 0.823771 0.160998 0.984062 0.138677 0.689666 0.354606 0.321647 0.478804 0.605332 0.777478 0.767061 0.98952 0.203385 0.0711276 0.649683 0.689119 0.88769 0.851327 0.0190388 0.839607 0.875263 0.0124433 0.622575 0.986136 0.233306 0.506912 0.879801 0.979577 0.599448 0.486678 0.108017 0.423219 0.647676 0.092079 0.561896 0.337341 0.446685 0.883543 0.816145 0.0520172 0.661021 0.583206 0.0415375 0.864406 0.654334 0.691221 0.553525 0.542023 0.542548 0.572564 0.381631 0.417811 0.585007 0.00420555 0.403947 0.818313 0.511117 0.283748 0.79789 0.110565 0.770426 0.905907 0.533784 0.418101 0.997986 0.0956807 0.755442 0.444671 0.979224 0.571588 0.496688 0.640245 0.154794 0.538226 0.504651 0.809127 0.229447 0.0581758 0.35115 0.771995 
66 4 23 57 54 61 15 
0.0340598 0.248104 0.877501 0.831949 0.358669 0.647927 0.737856 0.892453 0.0660279 0.735843 0.988134 0.82147 0.180514 0.967358 0.393058 0.677202 0.607602 0.547852 0.215428 0.112253 0.356979 0.444875 0.170429 0.708129 0.21687 0.801169 0.44091 0.406677 0.0169154 0.177897 0.000430041 0.0509751 0.426001 0.877931 0.882925 0.78467 0.525858 0.620781 0.677123 0.591886 0.356624 0.665257 0.413356 0.537137 0.632615 0.806414 0.21434 0.240217 0.354266 0.429768 0.352471 0.711245 0.874643 0.5229 0.419374 0.0915129 0.324069 0.860284 0.49819 0.340984 0.0381812 0.49862 0.391959 0.464182 0.376551 0.274884 0.248852 0.902409 0.895665 0.925975 0.494295 0.252288 0.591232 0.907651 0.789426 0.223847 0.714065 0.00376512 0.464064 0.0683311 0.433533 0.816534 0.779576 0.308176 0.339434 0.19895 0.399688 0.663503 0.0592341 0.897878 0.00448673 0.0974153 0.396498 0.396446 0.561597 0.773048 0.671329 0.810449 0.675457 0.566994 0.736423 0.169752 0.819282 0.327655 0.0774028 0.608708 0.551502 0.791468 0.612473 0.0155656 0.859799 0.0460054 0.8321 0.639375 0.354181 0.171534 0.838325 0.753869 0.835037 0.897559 0.651747 0.839524 0.994974 0.0482449 0.23597 0.556572 0.821293 0.907299 
67 19 57 23 38 48 46 
0.431099 0.743905 0.902282 0.9826 0.535373 0.514755 0.998166 0.395172 0.56076 0.830266 0.0345475 0.914941 0.00180058 0.872872 0.668811 0.836838 0.770431 0.320558 0.676362 0.765406 0.368803 0.912331 0.321977 0.190096 0.81963 0.688998 0.686847 0.293923 0.792441 0.353349 0.587498 0.22354 0.097254 0.489781 0.206141 0.632627 0.00453552 0.204307 0.0277996 0.565296 0.0345728 0.0623471 0.480237 0.0363734 0.935219 0.149048 0.873211 0.705651 0.469606 0.549573 0.471057 0.838409 0.461904 0.793034 0.0285054 0.281535 0.482031 0.715352 0.575458 0.274473 0.0687011 0.162956 0.498013 0.165955 0.652737 0.704153 0.798582 0.657272 0.90846 0.826382 0.222568 0.943033 0.888729 0.702806 0.979406 0.823949 0.851854 0.852617 0.529599 0.32146 0.40219 0.000655858 0.159869 0.864095 0.79369 0.188375 0.14563 0.275721 0.903727 0.721088 0.550194 0.972428 0.884044 0.0482064 0.138383 0.536781 0.75236 0.936965 0.194053 0.66082 0.763347 0.416622 0.603852 0.652076 0.119427 0.583258 0.476025 0.971281 0.435876 0.00562423 0.292741 0.838066 0.00628009 0.452611 0.702161 0.79997 0.640985 0.84779 0.0756908 0.544712 0.568878 0.625885 0.51714 0.452922 0.674091 0.655523 0.989703 0.426451 
68 25 44 66 3 34 67 
0.719806 0.274381 0.483937 0.691087 0.710257 0.489562 0.983828 0.548323 0.495842 0.436439 0.250484 0.295811 0.0774246 0.098274 0.371502 0.622137 0.667152 0.997387 0.139277 0.120074 0.671478 0.794801 0.109778 0.0979285 0.387289 0.293534 0.185199 0.743125 0.893912 0.876321 0.751038 0.613718 0.150702 0.234975 0.304805 0.860959 0.724537 0.288634 0.409282 0.220378 0.725073 0.659766 0.516189 0.802497 0.75804 0.887692 0.424634 0.425192 0.885078 0.563912 0.545266 0.556556 0.358712 0.655044 0.654485 0.746002 0.948578 0.839683 0.489127 0.84249 0.716005 0.240165 0.456208 0.866707 0.47514 0.761014 0.727667 0.199676 0.0496472 0.136949 0.420054 0.77472 0.796714 0.936244 0.577217 0.554754 0.823935 0.00185167 0.979946 0.709014 0.565763 0.525212 0.26557 0.924476 0.180256 0.920055 0.670477 0.128833 0.759738 0.159604 0.971324 0.475743 0.399769 0.427532 0.342451 0.874909 0.188546 0.070117 0.074585 0.238193 0.207066 0.494639 0.0129131 0.00377993 0.430883 0.59013 0.558534 0.254819 0.591982 0.53848 0.963833 0.157745 0.0636916 0.229403 0.0822211 0.243947 0.149458 0.752698 0.372781 0.909196 0.912303 0.344105 0.384939 0.312072 0.771637 0.72739 0.186981 0.960183 
69 55 39 51 70 1 61 
0.00835233 0.187088 0.801419 0.566886 0.441907 0.393401 0.105366 0.405739 0.551147 0.169058 0.635142 0.633368 0.413005 0.784599 0.386066 0.785786 0.693795 0.298369 0.12989 0.0787345 0.610441 0.901527 0.806124 0.797421 0.86171 0.603631 0.058987 0.0600856 0.608203 0.815192 0.271375 0.616556 0.0022798 0.0727938 0.183442 0.444186 0.466195 0.288808 0.849925 0.0173419 0.457866 0.485067 0.65071 0.87087 0.269667 0.0367759 0.656656 0.963462 0.335145 0.786546 0.0421964 0.945586 0.688073 0.848321 0.743007 0.549783 0.451952 0.801994 0.609868 0.060155 0.617186 0.881243 0.676711 0.619466 0.954037 0.860153 0.0636523 0.420232 0.148961 0.913578 0.437574 0.606826 0.398645 0.0882833 0.477697 0.668311 0.125059 0.134352 0.631773 0.460204 0.920899 0.67397 0.40579 0.608972 0.52229 0.148797 0.158754 0.974242 0.950792 0.768623 0.0343971 0.567978 0.649865 0.711108 0.187444 0.603902 0.571261 0.251096 0.0241339 0.720221 0.164674 0.461708 0.327047 0.563318 0.549991 0.804744 0.23163 0.67505 0.939096 0.863403 0.135254 0.859995 0.537373 0.541044 0.468966 0.0596635 0.689842 0.627721 0.0339055 0.640633 0.396343 0.0683026 0.208611 0.0462089 0.77941 0.396054 0.650111 0.350671 
70 6 37 22 30 31 32 
0.375142 0.685944 0.202684 0.606772 0.360994 0.14178 0.470175 0.496248 0.00177514 0.00754843 0.0372925 0.470742 0.0672119 0.727134 0.0984624 0.101117 0.367767 0.494806 0.16942 0.576378 0.541015 0.948831 0.972433 0.191126 0.299502 0.619583 0.865371 0.370394 0.431407 0.00132328 0.768334 0.806549 0.687267 0.971018 0.413321 0.0482605 0.112798 0.883497 0.544509 0.114573 0.891045 0.581801 0.585315 0.958257 0.308935 0.683777 0.0593743 0.676703 0.178583 0.228794 0.253081 0.719597 0.177625 0.225514 0.910723 0.477126 0.845097 0.776094 0.84752 0.276504 0.777417 0.615854 0.0830528 0.464684 0.586872 0.496374 0.512945 0.69967 0.379871 0.0574532 0.814243 0.270916 0.639254 0.399557 0.229172 0.94819 0.0833341 0.288547 0.624893 0.261917 0.517341 0.877974 0.981514 0.694966 0.103488 0.892238 0.172092 0.948585 0.668332 0.0196129 0.225088 0.445749 0.635467 0.308141 0.910433 0.222339 0.804515 0.423377 0.922009 0.184385 0.480831 0.736251 0.455301 0.120085 0.135809 0.684474 0.0682749 0.219143 0.97302 0.693168 0.48106 0.490361 0.571141 0.462574 0.185327 0.674629 0.354812 0.35742 0.623213 0.0231432 0.377033 0.848302 0.468892 0.0125001 0.156443 0.379325 0.234839 0.960958 
71 21 50 61 44 39 7 
0.0289077 0.285117 0.471893 0.24805 0.258138 0.16506 0.72911 0.748499 0.736202 0.191684 0.933827 0.41083 0.546496 0.291247 0.034044 0.569639 0.66828 0.882346 0.0385307 0.68078 0.0387883 0.417855 0.915619 0.999746 0.220558 0.0724666 0.145089 0.50409 0.965566 0.745733 0.907708 0.994474 0.0308502 0.379601 0.242524 0.288988 0.544661 0.971634 0.0374872 0.280863 0.163318 0.971314 0.691693 0.709813 0.262561 0.725737 0.279452 0.93084 0.608083 0.317983 0.61162 0.646871 0.735838 0.527238 0.646617 0.956396 0.599705 0.791705 0.460486 0.565271 0.537438 0.368195 0.559744 0.568288 0.747796 0.802268 0.857276 0.292457 0.773902 0.894764 0.573319 0.93722 0.866078 0.265012 0.647033 0.128638 0.99075 0.926485 0.0594783 0.598832 0.244468 0.671098 0.245703 0.980306 0.198336 0.89232 0.936702 0.798042 0.684026 0.397189 0.363312 0.221464 0.765383 0.923057 0.789752 0.513179 0.725325 0.647029 0.805636 0.499227 0.541792 0.378955 0.436447 0.40787 0.643967 0.0834807 0.536508 0.634717 0.00996614 0.595986 0.233549 0.254434 0.267084 0.479253 0.234741 0.465421 0.371573 0.171443 0.263462 0.0555982 0.568632 0.626775 0.277062 0.334015 0.549831 0.0668142 0.847194 0.275157 
