32 1
1 1 0 1 1 0 0 1 1 1 0 1 1 1 1 1 0 0 0 0 1 1 1 1 1 0 1 0 1 0 0 1 
0 
0.711978 0.936192 
1 
0.912875 0.221229 
2 
0.970728 0.411712 
3 
0.359495 0.323892 
4 
0.27298 0.992641 
5 
0.213078 0.470255 
6 
0.53801 0.691202 
7 
0.173248 0.997182 
8 
0.369015 0.49732 
9 
0.535779 0.216836 
10 
0.119585 0.158617 
11 
0.779324 0.755709 
12 
0.660321 0.190921 
13 
0.88812 0.889974 
14 
0.937602 0.637189 
15 
0.628187 0.64958 
16 
0.573382 0.541063 
17 
0.87081 0.54411 
18 
0.952775 0.230304 
19 
0.868003 0.225755 
20 
0.222945 0.0810808 
21 
0.69601 0.760955 
22 
0.772283 0.869258 
23 
0.758137 0.141298 
24 
0.366578 0.293916 
25 
0.358134 0.486163 
26 
0.452532 0.137458 
27 
0.241872 0.112853 
28 
0.328379 0.129992 
29 
0.00282725 0.265981 
30 
0.767181 0.631015 
31 
0.915561 0.340563 
