28 6
0 0 0 1 0 1 0 0 0 1 0 0 1 1 0 0 0 1 1 0 0 1 0 1 1 0 1 0 
0 16 15 14 23 11 
0.479218 0.506262 0.505837 0.0174529 0.908653 0.0124372 0.960309 0.94874 0.636937 0.758985 0.937701 0.226297 0.425183 0.914697 0.519195 0.646685 0.691433 0.596707 0.449759 0.105229 0.106771 0.593186 0.860869 0.245784 0.114677 0.104495 0.580857 0.135224 0.421569 0.844203 0.023782 0.900787 0.350465 0.529619 0.91824 0.259118 0.542056 0.878549 0.207859 0.178992 0.637534 0.14556 0.405289 0.0627162 0.0602577 0.924485 0.709401 0.75169 0.521192 0.15916 0.85692 0.627963 0.752346 0.717789 0.873747 0.867024 0.822283 0.454605 0.00224761 0.243853 0.298808 0.0260296 0.14464 0.649273 
1 8 5 16 12 3 
0.11625 0.276696 0.578963 0.26181 0.681986 0.641679 0.322068 0.606471 0.35108 0.0737583 0.127663 0.510241 0.930678 0.755626 0.262587 0.648467 0.629374 0.129611 0.47075 0.0839783 0.131858 0.714603 0.382786 0.157888 0.859243 0.0320589 0.713536 0.922124 0.94045 0.81124 0.863553 0.0567002 0.0879363 0.442516 0.318511 0.769922 0.0841951 0.640579 0.376393 0.435275 0.714337 0.504056 0.945516 0.645015 0.259682 0.208103 0.293482 0.889055 0.337714 0.764232 0.973034 0.469572 0.478835 0.35582 0.62746 0.338078 0.387879 0.340996 0.260202 0.328329 0.152236 0.123755 0.385029 0.240172 
2 25 15 23 5 27 
0.0857414 0.0584549 0.890542 0.0312574 0.70347 0.150224 0.23936 0.996952 0.0392797 0.577074 0.761184 0.0123134 0.0466458 0.240019 0.368133 0.674105 0.578097 0.756012 0.0151012 0.838299 0.0843407 0.167337 0.962054 0.46937 0.407509 0.528325 0.172909 0.417603 0.178791 0.517027 0.80409 0.264533 0.575482 0.694632 0.29579 0.278952 0.844856 0.53515 0.275904 0.884136 0.112224 0.0370872 0.896449 0.15887 0.277106 0.264583 0.832976 0.855204 0.0205944 0.848077 0.693503 0.104935 0.0154136 0.655557 0.574305 0.422922 0.183883 0.747214 0.840525 0.362674 0.264241 0.644615 0.627207 0.839724 
3 9 24 27 23 21 
0.0682395 0.570371 0.431666 0.964689 0.729241 0.708772 0.229271 0.562217 0.563976 0.249866 0.410294 0.257479 0.354801 0.425707 0.913037 0.929106 0.84863 0.0969192 0.67632 0.689155 0.459593 0.940561 0.33377 0.0867998 0.780285 0.673017 0.00979641 0.89896 0.85712 0.467943 0.29354 0.92536 0.0383146 0.725206 0.890049 0.767556 0.433978 0.11932 0.329773 0.997954 0.369186 0.740066 0.255434 0.723987 0.165773 0.16847 0.653093 0.014403 0.265389 0.329413 0.703558 0.724983 0.269974 0.0373277 0.811782 0.0502588 0.710345 0.821579 0.949219 0.567465 0.289522 0.242759 0.492825 0.327837 
4 19 18 3 12 22 
0.87138 0.165232 0.655331 0.595367 0.331005 0.823801 0.24846 0.345408 0.0891907 0.577872 0.0489658 0.814173 0.847846 0.0862935 0.625956 0.898105 0.796638 0.447534 0.847324 0.364103 0.737056 0.090083 0.856928 0.0648932 0.0580478 0.239802 0.160286 0.459991 0.741996 0.585451 0.859889 0.613376 0.750683 0.51522 0.208743 0.0816876 0.339021 0.457202 0.427096 0.428212 0.0350744 0.476061 0.242385 0.88292 0.562355 0.868341 0.781025 0.358993 0.315875 0.628349 0.723096 0.0529318 0.718432 0.580024 0.117825 0.77648 0.819826 0.278111 0.236471 0.561822 0.863562 0.0963601 0.175198 0.614244 
5 13 15 21 4 8 
0.378813 0.876217 0.599089 0.621199 0.759137 0.161444 0.48954 0.540163 0.520437 0.805415 0.168512 0.243533 0.858347 0.886945 0.823557 0.976172 0.663425 0.643383 0.254282 0.899896 0.205205 0.117844 0.996256 0.380403 0.732089 0.607836 0.764343 0.428021 0.558438 0.605485 0.551048 0.937251 0.481702 0.150137 0.55845 0.240839 0.311581 0.0479897 0.781002 0.832018 0.853405 0.949514 0.0755509 0.711751 0.836459 0.899108 0.687923 0.499884 0.542491 0.942206 0.39978 0.747697 0.06005 0.396036 0.1281 0.792139 0.00387258 0.892443 0.22016 0.56231 0.497928 0.771208 0.499562 0.97963 
6 20 2 3 27 21 
0.00147182 0.0649447 0.959406 0.950986 0.140496 0.671158 0.787445 0.0396036 0.359081 0.287329 0.582095 0.301286 0.687108 0.329792 0.361336 0.0831446 0.457891 0.153475 0.0870172 0.350334 0.373635 0.649328 0.848262 0.144843 0.148889 0.827892 0.0661881 0.206901 0.0483618 0.299115 0.312902 0.0498336 0.364059 0.272308 0.000819614 0.504555 0.943466 0.788264 0.544159 0.302546 0.075593 0.126254 0.603833 0.762701 0.456045 0.965169 0.845846 0.913937 0.118644 0.932863 0.26427 0.492279 0.582191 0.112532 0.637122 0.73108 0.940424 0.70331 0.937981 0.988786 0.00242459 0.250883 0.0386197 0.366484 
7 15 8 11 2 18 
0.415197 0.769203 0.903297 0.541451 0.373036 0.665998 0.997496 0.338205 0.511844 0.911433 0.45685 0.444707 0.175703 0.949129 0.0268979 0.288236 0.586251 0.757978 0.22866 0.289561 0.695958 0.217446 0.291985 0.946841 0.256066 0.658469 0.470032 0.295505 0.529508 0.936688 0.123209 0.944706 0.705891 0.0265054 0.486157 0.0789271 0.692503 0.483653 0.417132 0.204347 0.395086 0.873982 0.649055 0.57079 0.823111 0.675952 0.859025 0.409362 0.43393 0.0876853 0.698922 0.129889 0.305131 0.990907 0.0767295 0.561197 0.649376 0.546761 0.856702 0.178885 0.48345 0.979911 0.12359 0.189341 
8 21 17 7 2 13 
0.488486 0.559382 0.552322 0.0592754 0.382493 0.228274 0.918301 0.791855 0.662205 0.00598589 0.490777 0.792093 0.311117 0.481685 0.868823 0.872314 0.131061 0.415584 0.729017 0.309946 0.899034 0.708928 0.433536 0.0883745 0.715344 0.0432823 0.356642 0.414264 0.136682 0.0420428 0.317531 0.625168 0.601425 0.869853 0.684443 0.983919 0.0981276 0.602744 0.775774 0.760332 0.60873 0.266551 0.552425 0.919847 0.748235 0.421248 0.792161 0.879296 0.836832 0.521178 0.189242 0.735866 0.230106 0.622778 0.82424 0.94545 0.66606 0.180883 0.359714 0.802742 0.222925 0.677245 0.42791 0.824351 
9 1 17 20 23 22 
0.584043 0.405558 0.323826 0.850594 0.957983 0.243673 0.598829 0.379231 0.0358347 0.478126 0.216063 0.557013 0.667368 0.951929 0.787119 0.290145 0.776169 0.732568 0.956205 0.957052 0.0922821 0.758947 0.179977 0.769527 0.186857 0.00432784 0.316625 0.29921 0.812597 0.961851 0.0143065 0.39664 0.367409 0.338133 0.247233 0.325392 0.581806 0.846063 0.704624 0.617641 0.324188 0.920687 0.174654 0.991556 0.872616 0.961772 0.281701 0.648786 0.694341 0.237906 0.605838 0.786623 0.996854 0.785815 0.55615 0.18371 0.790143 0.872775 0.48292 0.60274 0.834626 0.497227 0.99938 0.202035 
10 17 7 15 14 20 
0.232051 0.0348064 0.416864 0.152738 0.20946 0.408419 0.0253546 0.171232 0.690121 0.67414 0.865573 0.928027 0.279978 0.652196 0.92488 0.0657928 0.208346 0.108591 0.855936 0.081121 0.591511 0.458675 0.915747 0.0887376 0.458055 0.117782 0.924097 0.704668 0.64521 0.341263 0.797343 0.877261 0.376069 0.214207 0.0299991 0.585529 0.622627 0.0553536 0.756761 0.312747 0.729494 0.622334 0.240774 0.00947187 0.27453 0.165655 0.0752647 0.482876 0.274245 0.9312 0.563997 0.865756 0.389876 0.479744 0.954494 0.84793 0.597527 0.878591 0.552598 0.242736 0.219854 0.349942 0.119997 0.595923 
11 6 16 19 26 1 
0.934844 0.560547 0.740296 0.944316 0.835078 0.905951 0.0195804 0.317954 0.180196 0.950781 0.881951 0.0459528 0.340656 0.361695 0.000446935 0.188587 0.959221 0.879038 0.741185 0.201958 0.0988918 0.0911263 0.321955 0.694814 0.655275 0.471951 0.876266 0.84205 0.677301 0.814479 0.341572 0.612145 0.375026 0.0818684 0.55646 0.210104 0.987819 0.576041 0.528057 0.168016 0.526821 0.410008 0.213969 0.867478 0.771703 0.214415 0.0560643 0.730924 0.0934535 0.797249 0.932882 0.192345 0.888375 0.254837 0.88716 0.54365 0.726788 0.763426 0.3857 0.404089 0.577905 0.727272 0.0162339 0.952931 
12 10 25 2 22 16 
0.691092 0.964976 0.675557 0.1011 0.178944 0.543034 0.872803 0.39336 0.599099 0.603728 0.486813 0.396348 0.53661 0.679159 0.284723 0.791446 0.566318 0.828373 0.518234 0.329744 0.214074 0.922324 0.907649 0.941346 0.938557 0.86058 0.750487 0.511252 0.0236147 0.547447 0.659987 0.714707 0.512423 0.335544 0.815808 0.691367 0.878578 0.688611 0.0847266 0.477677 0.292338 0.57154 0.874024 0.828948 0.250698 0.158748 0.620394 0.817017 0.987121 0.138629 0.14676 0.201195 0.0609525 0.054409 0.142541 0.99951 0.914989 0.893027 0.510762 0.938603 0.440474 0.170749 0.653311 0.952897 
13 14 18 17 6 26 
0.72899 0.862547 0.450068 0.30053 0.736572 0.279016 0.551228 0.895319 0.89941 0.368245 0.88244 0.0380389 0.515005 0.083635 0.0989914 0.569414 0.226176 0.0985013 0.484403 0.119203 0.609263 0.423007 0.559677 0.780012 0.0763171 0.512574 0.286304 0.545435 0.156838 0.671174 0.703165 0.885828 0.533721 0.153232 0.186358 0.270293 0.432248 0.737587 0.165612 0.331658 0.105831 0.0480522 0.369697 0.620837 0.131687 0.468688 0.190251 0.357863 0.567189 0.674654 0.477066 0.176452 0.0976605 0.0367435 0.956464 0.173978 0.549318 0.242768 0.719413 0.706156 0.913942 0.422578 0.591984 0.447663 
14 24 2 15 4 23 
0.339715 0.62176 0.93162 0.709412 0.242597 0.063307 0.1781 0.432848 0.42117 0.745289 0.107502 0.898236 0.921741 0.205162 0.93498 0.878205 0.37914 0.484297 0.120973 0.098553 0.190453 0.0349147 0.521131 0.782437 0.482578 0.0969402 0.560779 0.200533 0.104998 0.0767082 0.0841011 0.444713 0.698468 0.015721 0.154124 0.941065 0.079028 0.332224 0.373913 0.500198 0.0775134 0.481415 0.398434 0.999255 0.686577 0.333413 0.87746 0.0657172 0.817711 0.998433 0.16427 0.0081641 0.0333479 0.685401 0.790601 0.515926 0.782341 0.351381 0.716459 0.887339 0.428089 0.80056 0.332051 0.126557 
15 7 27 24 26 6 
0.441536 0.395507 0.895913 0.922951 0.793941 0.895168 0.609528 0.127355 0.772628 0.675245 0.945065 0.771062 0.839515 0.95323 0.80441 0.524916 0.743831 0.320335 0.307257 0.0952116 0.0367943 0.194596 0.523301 0.837355 0.526647 0.649858 0.653636 0.0128228 0.717481 0.548945 0.831223 0.159016 0.944452 0.727136 0.0819669 0.738393 0.622304 0.691495 0.865748 0.394933 0.36674 0.810813 0.165995 0.206255 0.764043 0.970404 0.731171 0.507873 0.290739 0.0384278 0.603085 0.327534 0.233023 0.126386 0.164888 0.759671 0.776244 0.818524 0.772493 0.493724 0.367469 0.603716 0.652741 0.311921 
16 8 23 20 3 5 
0.34809 0.792942 0.726875 0.514084 0.999197 0.490917 0.484488 0.730367 0.99879 0.775228 0.768795 0.601875 0.102762 0.00181852 0.728261 0.26765 0.761489 0.504505 0.0861741 0.533982 0.998229 0.453643 0.137698 0.650969 0.765564 0.468551 0.385677 0.815878 0.421708 0.811879 0.73194 0.769797 0.604821 0.458814 0.283881 0.604018 0.949731 0.76837 0.334385 0.948522 0.543598 0.10318 0.550397 0.64636 0.104999 0.278658 0.91401 0.866488 0.783163 0.000183679 0.40047 0.781392 0.453827 0.538169 0.432361 0.219391 0.00671929 0.818038 0.0352689 0.428427 0.629917 0.767209 0.198224 0.234739 
17 0 10 6 20 7 
0.173141 0.124276 0.794073 0.276321 0.674673 0.440433 0.38132 0.953332 0.354442 0.247808 0.736495 0.354626 0.648278 0.517886 0.808453 0.186446 0.950248 0.0278435 0.193165 0.768286 0.0631124 0.621592 0.398203 0.830321 0.819816 0.632942 0.0563438 0.301922 0.471698 0.232098 0.552397 0.644839 0.356374 0.34647 0.92116 0.0310475 0.786903 0.30248 0.984379 0.141345 0.550288 0.720874 0.495971 0.198565 0.23876 0.304424 0.385011 0.189008 0.332267 0.578177 0.957293 0.395379 0.199769 0.355497 0.2257 0.0195851 0.988438 0.282044 0.321507 0.460136 0.514142 0.873903 0.104975 0.870516 
18 4 5 9 22 21 
0.148621 0.878904 0.606817 0.644592 0.077469 0.845577 0.949015 0.46248 0.0345849 0.281283 0.0406573 0.991878 0.676662 0.240426 0.347375 0.902362 0.260011 0.335813 0.184407 0.581518 0.795949 0.698549 0.455421 0.900924 0.569065 0.675795 0.92706 0.470629 0.683071 0.255676 0.356572 0.831692 0.134579 0.963389 0.476284 0.212048 0.808966 0.425299 0.674529 0.843551 0.706582 0.715186 0.835429 0.383244 0.955612 0.182804 0.285606 0.215624 0.518617 0.470013 0.797141 0.314567 0.168562 0.252563 0.215491 0.737628 0.928358 0.142551 0.208257 0.611429 0.398227 0.564829 0.443121 0.532806 
19 20 22 5 14 26 
0.180735 0.0512861 0.134569 0.0161644 0.43453 0.0901816 0.198969 0.720137 0.305805 0.717586 0.19015 0.102947 0.0321529 0.358712 0.35551 0.247644 0.0963394 0.283867 0.390195 0.304596 0.895296 0.788421 0.869425 0.338417 0.321227 0.397643 0.257821 0.0660816 0.734827 0.602525 0.485465 0.915561 0.653811 0.620034 0.931726 0.0883415 0.710216 0.130695 0.808478 0.0160209 0.848281 0.998628 0.118968 0.880434 0.35734 0.474477 0.128078 0.453679 0.758344 0.518272 0.758275 0.65364 0.306694 0.6277 0.992057 0.627921 0.0253425 0.249878 0.694003 0.760169 0.852403 0.179467 0.675731 0.506215 
20 7 27 0 24 26 
0.403034 0.525738 0.586432 0.401662 0.644706 0.466866 0.759002 0.119183 0.594943 0.212681 0.877527 0.113215 0.970956 0.531167 0.419909 0.598656 0.523224 0.04783 0.623998 0.773102 0.741832 0.384167 0.625505 0.9213 0.059898 0.131719 0.720801 0.667354 0.726275 0.230518 0.405505 0.12931 0.756257 0.991937 0.530972 0.400962 0.458803 0.289973 0.520145 0.0537459 0.502654 0.397672 0.166961 0.47361 0.928839 0.58687 0.0722657 0.452063 0.6347 0.696264 0.225164 0.376533 0.0804315 0.850669 0.297833 0.14033 0.982389 0.018634 0.807684 0.708664 0.249152 0.213189 0.837974 0.00540894 
21 24 4 6 1 9 
0.161572 0.324188 0.884637 0.635182 0.253027 0.471507 0.707448 0.70509 0.106207 0.403712 0.930254 0.48274 0.484143 0.780923 0.780573 0.624473 0.763312 0.799207 0.432157 0.471976 0.0483591 0.645346 0.309949 0.053768 0.850472 0.678894 0.460139 0.514402 0.337812 0.386655 0.232077 0.499385 0.710843 0.116713 0.134567 0.96387 0.58822 0.842014 0.668959 0.694428 0.245726 0.599213 0.177168 0.729869 0.380136 0.95774 0.354342 0.143448 0.756947 0.786498 0.615423 0.805306 0.431844 0.925373 0.859074 0.282317 0.604267 0.319213 0.796718 0.942079 0.705868 0.0287952 0.441464 0.416711 
22 3 19 24 11 7 
0.428156 0.66377 0.648753 0.605324 0.393639 0.028889 0.563064 0.747981 0.172337 0.320011 0.53448 0.78776 0.125317 0.966324 0.713133 0.984391 0.24864 0.317399 0.303604 0.0453586 0.259479 0.00947238 0.0741538 0.700943 0.426183 0.219662 0.276973 0.806764 0.953391 0.695018 0.856304 0.381548 0.358788 0.505057 0.986872 0.752427 0.533946 0.549936 0.500409 0.706282 0.869947 0.0348882 0.494043 0.995264 0.00121187 0.207175 0.979655 0.249852 0.524575 0.283259 0.295211 0.784053 0.292732 0.369365 0.484996 0.718915 0.589027 0.761969 0.525679 0.542418 0.456987 0.381983 0.923966 0.815775 
23 16 11 24 22 25 
0.0686111 0.127268 0.330721 0.103499 0.62131 0.325985 0.104711 0.828485 0.30564 0.354563 0.35306 0.5889 0.649774 0.137114 0.881632 0.0191386 0.62211 0.600547 0.608166 0.384079 0.126226 0.150584 0.841066 0.508209 0.0745501 0.656841 0.395249 0.985388 0.225043 0.816234 0.446162 0.293654 0.943502 0.776883 0.397154 0.564812 0.102868 0.501865 0.393298 0.408508 0.856428 0.746358 0.997408 0.506202 0.883471 0.87904 0.525341 0.505581 0.479587 0.133507 0.88966 0.605813 0.28409 0.730726 0.114022 0.35864 0.387566 0.509271 0.344028 0.61261 0.325505 0.79019 0.906264 0.269007 
24 6 20 18 8 22 
0.227117 0.0784498 0.661711 0.973474 0.0758582 0.167913 0.856946 0.954898 0.693254 0.362526 0.434485 0.82676 0.252186 0.0402981 0.110851 0.982912 0.15432 0.469491 0.370478 0.663591 0.81352 0.983088 0.989096 0.60371 0.889352 0.258103 0.170783 0.192769 0.0919224 0.840725 0.998052 0.319039 0.919174 0.659763 0.292513 0.995033 0.827675 0.149459 0.949931 0.520929 0.511985 0.384416 0.347689 0.764172 0.424714 0.45854 0.747083 0.579034 0.928031 0.117562 0.242625 0.741551 0.100649 0.231722 0.345261 0.990001 0.489825 0.516044 0.182771 0.581747 0.356769 0.180823 0.900786 0.275943 
25 9 22 8 26 24 
0.220907 0.18919 0.854744 0.605322 0.536879 0.618916 0.0300362 0.99542 0.365999 0.60907 0.923451 0.483561 0.851695 0.665002 0.58421 0.083417 0.0102629 0.574211 0.573242 0.526307 0.756982 0.154989 0.883076 0.937805 0.0557754 0.159019 0.77839 0.249075 0.429995 0.446651 0.591834 0.650902 0.635841 0.446578 0.256224 0.17272 0.0654932 0.28626 0.16814 0.431492 0.895331 0.0915906 0.915053 0.747026 0.756592 0.499263 0.830443 0.766855 0.0734741 0.403685 0.293163 0.830456 0.558674 0.176239 0.768261 0.614449 0.335258 0.546651 0.863524 0.765253 0.993302 0.455358 0.416155 0.629143 
26 20 23 14 4 8 
0.970003 0.398921 0.85397 0.0615932 0.313974 0.600996 0.818186 0.813236 0.431439 0.585041 0.886711 0.835123 0.878204 0.717167 0.393797 0.0544422 0.485428 0.0082466 0.3897 0.0320791 0.871771 0.154953 0.0253811 0.327129 0.571108 0.654524 0.229065 0.243487 0.456387 0.196494 0.202126 0.426389 0.595415 0.0560953 0.487983 0.909388 0.657091 0.306168 0.722625 0.0885294 0.891209 0.609335 0.923653 0.769413 0.326502 0.31745 0.823855 0.81193 0.325697 0.213555 0.844009 0.197468 0.368508 0.86939 0.524597 0.939616 0.523914 0.753661 0.183103 0.980301 0.950155 0.385229 0.40669 0.545569 
27 10 0 11 7 15 
0.186944 0.0920508 0.786918 0.110597 0.861464 0.11342 0.428047 0.685319 0.925349 0.753744 0.898874 0.769358 0.951212 0.267383 0.638749 0.475808 0.206999 0.162663 0.22947 0.390102 0.142964 0.179625 0.775331 0.549654 0.725194 0.216655 0.444327 0.180152 0.31507 0.645169 0.357734 0.502014 0.737219 0.144652 0.612611 0.598683 0.258071 0.0406587 0.284002 0.183421 0.794403 0.182876 0.952779 0.745615 0.450259 0.591528 0.221423 0.657258 0.754191 0.450893 0.0473595 0.897154 0.630518 0.82269 0.446808 0.355712 0.039345 0.891135 0.535864 0.354415 0.536304 0.893598 0.856429 0.273523 
