5 4
0 1 0 0 0 
0 3 2 4 
0.174785 0.144494 0.994721 0.90018 0.24815 0.604946 0.805985 0.107697 0.375899 0.302987 0.103433 0.770383 0.577372 0.177478 0.496228 0.638427 
1 2 0 4 
0.956307 0.131718 0.744575 0.965055 0.299541 0.64522 0.13984 0.444035 0.639941 0.04002 0.692185 0.244887 0.846005 0.799882 0.620785 0.148992 
2 3 4 0 
0.626137 0.100762 0.993555 0.0402568 0.18226 0.812703 0.258531 0.227434 0.76901 0.390249 0.972009 0.734065 0.68979 0.617229 0.873906 0.133826 
3 0 2 4 
0.75993 0.625892 0.122843 0.908922 0.529207 0.514011 0.635286 0.61 0.401406 7.72304e-05 0.140877 0.0275435 0.100839 0.134433 0.0678004 0.283099 
4 2 1 0 
0.482541 0.450211 0.406371 0.0997708 0.324117 0.540196 0.356941 0.238043 0.366207 0.858998 0.997973 0.992099 0.981841 0.906895 0.521307 0.495852 
