99 1
1 0 0 1 1 0 0 0 1 0 1 1 0 1 0 1 0 0 0 1 1 1 1 1 1 1 1 1 0 0 0 0 1 1 0 1 1 1 0 1 1 0 1 0 1 0 1 0 0 0 1 0 0 1 0 0 1 0 0 0 1 1 1 0 0 1 0 0 1 0 0 1 1 0 1 1 1 1 1 0 0 1 1 1 1 1 0 1 0 1 1 1 0 1 0 1 1 1 0 
0 
0.418677 0.695219 
1 
0.845766 0.938344 
2 
0.559891 0.414711 
3 
0.544834 0.969393 
4 
0.798662 0.89862 
5 
0.115502 0.858865 
6 
0.655801 0.546463 
7 
0.257339 0.45568 
8 
0.389682 0.513578 
9 
0.11042 0.832422 
10 
0.359362 0.257512 
11 
0.996888 0.195837 
12 
0.434209 0.588072 
13 
0.977422 0.20482 
14 
0.961105 0.318304 
15 
0.640902 0.379782 
16 
0.0135228 0.486668 
17 
0.318127 0.573413 
18 
0.901379 0.862961 
19 
0.542807 0.700041 
20 
0.761581 0.658309 
21 
0.558906 0.417381 
22 
0.204772 0.816245 
23 
0.873062 0.594454 
24 
0.329823 0.983482 
25 
0.426876 0.689185 
26 
0.240995 0.423765 
27 
0.885021 0.675204 
28 
0.0118363 0.862443 
29 
0.880024 0.972941 
30 
0.180747 0.520926 
31 
0.352724 0.194269 
32 
0.00759328 0.67085 
33 
0.767683 0.908972 
34 
0.533811 0.310489 
35 
0.609013 0.295392 
36 
0.968798 0.167919 
37 
0.712773 0.17357 
38 
0.984165 0.585835 
39 
0.768024 0.313987 
40 
0.569318 0.194901 
41 
0.00317184 0.810312 
42 
0.618665 0.888193 
43 
0.485516 0.630502 
44 
0.750636 0.36554 
45 
0.603443 0.931383 
46 
0.886466 0.956167 
47 
0.125652 0.894059 
48 
0.627017 0.893335 
49 
0.803031 0.160828 
50 
0.203825 0.412044 
51 
0.45622 0.172623 
52 
0.579964 0.168994 
53 
0.346193 0.564128 
54 
0.754829 0.114217 
55 
0.878116 0.324147 
56 
0.309117 0.881287 
57 
0.134459 0.927783 
58 
0.769481 0.619975 
59 
0.558284 0.520117 
60 
0.985515 0.161727 
61 
0.4515 0.871981 
62 
0.117894 0.577152 
63 
0.76604 0.744912 
64 
0.470487 0.569071 
65 
0.90574 0.674312 
66 
0.981115 0.36196 
67 
0.846935 0.561079 
68 
0.530954 0.193127 
69 
0.125208 0.285783 
70 
0.307344 0.00332318 
71 
0.609929 0.616462 
72 
0.884611 0.744388 
73 
0.544244 0.654091 
74 
0.364363 0.102529 
75 
0.174208 0.349878 
76 
0.264256 0.625708 
77 
0.221859 0.382151 
78 
0.20286 0.987899 
79 
0.127062 0.673347 
80 
0.55697 0.032802 
81 
0.347659 0.538085 
82 
0.394762 0.194594 
83 
0.099164 0.925716 
84 
0.387721 0.224372 
85 
0.211498 0.695066 
86 
0.227695 0.821427 
87 
0.311527 0.112305 
88 
0.565815 0.855772 
89 
0.766397 0.930179 
90 
0.958301 0.940605 
91 
0.280057 0.222557 
92 
0.566312 0.501916 
93 
0.604708 0.769172 
94 
0.489815 0.73177 
95 
0.442519 0.0467841 
96 
0.764572 0.790179 
97 
0.584869 0.159334 
98 
0.984773 0.684033 
