66 5
1 1 1 0 0 0 0 1 1 1 0 0 0 0 0 1 1 1 1 0 0 1 0 1 1 0 1 1 0 0 1 0 1 1 0 0 1 1 0 1 1 1 0 0 0 1 0 1 1 1 0 0 1 1 0 1 0 0 1 0 1 1 1 1 0 0 
0 11 1 43 36 
0.766641 0.86112 0.48613 0.723074 0.85658 0.156851 0.935562 0.217645 0.394833 0.54843 0.430339 0.194631 0.510958 0.285339 0.130433 0.385069 0.860284 0.824294 0.623846 0.106175 0.950921 0.610076 0.199508 0.209138 0.320031 0.482099 0.042908 0.61208 0.706826 0.190813 0.700744 0.473467 
1 12 3 59 64 
0.343725 0.132103 0.126158 0.738558 0.680532 0.556497 0.933189 0.191491 0.841836 0.063622 0.57656 0.702121 0.887916 0.200406 0.808295 0.838837 0.810482 0.00780308 0.0479749 0.130513 0.489902 0.0908829 0.742593 0.196728 0.281696 0.443337 0.670195 0.33363 0.630211 0.866736 0.242143 0.973936 
2 61 63 52 26 
0.924798 0.645683 0.870862 0.766635 0.709305 0.447422 0.468755 0.597221 0.647827 0.27705 0.436059 0.458309 0.284853 0.484034 0.588822 0.774755 0.574917 0.331414 0.971483 0.856613 0.774751 0.641678 0.190243 0.404962 0.508413 0.432385 0.378897 0.507252 0.800687 0.091391 0.186623 0.725485 
3 41 7 24 6 
0.504906 0.960875 0.0436009 0.152734 0.237925 0.47966 0.611043 0.522778 0.963693 0.199865 0.297533 0.53861 0.531279 0.269016 0.395223 0.30603 0.910693 0.585465 0.710991 0.419106 0.0178507 0.0898883 0.926358 0.818537 0.181279 0.112981 0.544022 0.918354 0.170466 0.0361418 0.364733 0.675372 
4 39 35 51 49 
0.887993 0.439149 0.757719 0.851687 0.639014 0.0552518 0.390296 0.170292 0.324267 0.785519 0.476322 0.23496 0.370984 0.187313 0.654067 0.388835 0.277201 0.580425 0.207372 0.458481 0.693406 0.751394 0.376834 0.863872 0.787536 0.741567 0.539244 0.784553 0.149901 0.367351 0.0194939 0.0378947 
5 18 22 59 28 
0.279878 0.615806 0.156732 0.0653967 0.0921279 0.391692 0.436381 0.279441 0.0457592 0.825216 0.556643 0.626184 0.0325879 0.0151234 0.31959 0.783982 0.391958 0.183462 0.571519 0.133525 0.722707 0.356071 0.283426 0.0900575 0.375565 0.321321 0.896557 0.152778 0.210903 0.342071 0.985243 0.49078 
6 24 9 5 0 
0.533667 0.992558 0.329446 0.579426 0.817774 0.886088 0.205611 0.850361 0.901211 0.525201 0.634344 0.293169 0.708663 0.205862 0.426694 0.43137 0.561934 0.710121 0.521427 0.937499 0.031442 0.417985 0.0902768 0.242345 0.760055 0.0755196 0.733125 0.717932 0.217494 0.289302 0.767936 0.751162 
7 65 38 60 59 
0.98347 0.536199 0.949995 0.884681 0.0613997 0.584338 0.17785 0.770063 0.7902 0.604545 0.201433 0.352134 0.314666 0.72286 0.289633 0.346108 0.140845 0.37991 0.588452 0.9009 0.455429 0.321577 0.618832 0.672924 0.610879 0.386769 0.424085 0.892739 0.484151 0.754674 0.992372 0.46762 
8 55 0 63 44 
0.526705 0.530152 0.122335 0.316905 0.134697 0.323768 0.669039 0.449363 0.0466283 0.958672 0.79547 0.187473 0.338581 0.383922 0.0883735 0.79401 0.705499 0.707206 0.466934 0.316378 0.0939745 0.891019 0.209117 0.578125 0.645693 0.201489 0.0457455 0.936566 0.143855 0.398047 0.288838 0.670559 
9 41 43 28 6 
0.734941 0.656504 0.512259 0.781569 0.615175 0.307729 0.969042 0.953756 0.691651 0.057416 0.747767 0.397151 0.764622 0.214701 0.713529 0.858596 0.10572 0.922646 0.436721 0.751413 0.124134 0.482467 0.687979 0.267989 0.880514 0.976817 0.938549 0.808713 0.38799 0.926013 0.87161 0.122931 
10 39 38 8 21 
0.691598 0.873542 0.151448 0.383249 0.930958 0.899215 0.7804 0.69558 0.113916 0.493929 0.554176 0.219636 0.416574 0.990897 0.97105 0.540708 0.473364 0.659028 0.808697 0.353878 0.635845 0.747246 0.162592 0.0238346 0.673259 0.0342015 0.146765 0.255776 0.41807 0.0512648 0.453468 0.109668 
11 47 62 64 7 
0.504131 0.273317 0.551345 0.618047 0.767245 0.105521 0.837684 0.18382 0.0964185 0.808733 0.724528 0.569783 0.467762 0.533225 0.923661 0.103607 0.280472 0.0862524 0.127441 0.953731 0.120454 0.274206 0.209507 0.538524 0.325471 0.662974 0.648192 0.250278 0.26789 0.14111 0.106043 0.772021 
12 5 64 11 51 
0.762909 0.227752 0.365491 0.859327 0.0364852 0.0900194 0.42911 0.504247 0.623245 0.352771 0.607853 0.903716 0.439023 0.735294 0.857447 0.559477 0.00950043 0.0669536 0.0980013 0.334971 0.729928 0.746194 0.585249 0.997818 0.887303 0.691292 0.769839 0.30173 0.34868 0.159908 0.483402 0.111589 
13 63 27 29 10 
0.938913 0.400026 0.928392 0.562157 0.752797 0.536245 0.465874 0.191821 0.27154 0.323321 0.751298 0.28104 0.390274 0.849299 0.616011 0.120202 0.595493 0.20126 0.11802 0.482796 0.892552 0.887859 0.784526 0.241232 0.0477673 0.267927 0.352821 0.435427 0.11682 0.323738 0.859572 0.055733 
14 50 39 60 43 
0.32421 0.0837642 0.668382 0.595749 0.407085 0.41968 0.876789 0.797359 0.268979 0.4928 0.917562 0.864471 0.694061 0.0355819 0.347267 0.586613 0.923441 0.131793 0.827846 0.971209 0.39972 0.180667 0.406636 0.516541 0.504404 0.266209 0.572274 0.228168 0.054173 0.190164 0.70473 0.378383 
15 53 22 2 51 
0.792791 0.850921 0.478373 0.06177 0.343721 0.395935 0.926241 0.0377821 0.431517 0.273509 0.624395 0.354958 0.405302 0.452241 0.326167 0.805022 0.632908 0.732803 0.321563 0.137312 0.999011 0.893837 0.36548 0.0531841 0.0840012 0.0702098 0.431567 0.35793 0.443321 0.405698 0.038943 0.236113 
16 10 33 5 2 
0.913251 0.224124 0.638123 0.344767 0.497633 0.262518 0.699725 0.902935 0.714759 0.0258916 0.707957 0.347667 0.758694 0.02952 0.484979 0.757705 0.923357 0.850459 0.810889 0.00735812 0.920668 0.242456 0.365288 0.36399 0.648155 0.404231 0.600103 0.904774 0.921547 0.897985 0.505115 0.834797 
17 65 38 35 25 
0.405756 0.879289 0.522676 0.120515 0.905181 0.230633 0.468182 0.663875 0.260153 0.95316 0.421581 0.18351 0.803619 0.23247 0.190868 0.724287 0.474926 0.556156 0.0882773 0.123081 0.960387 0.68838 0.0278547 0.881934 0.586365 0.532969 0.716731 0.708474 0.676207 0.896295 0.328216 0.0819631 
18 46 21 64 51 
0.67066 0.344641 0.341679 0.62382 0.766221 0.525189 0.427439 0.998691 0.716058 0.151726 0.473617 0.272214 0.240004 0.596698 0.232601 0.928383 0.624553 0.114534 0.514748 0.157522 0.831265 0.223222 0.833729 0.727561 0.551438 0.915692 0.503145 0.402331 0.118171 0.183911 0.483856 0.78883 
19 59 31 30 51 
0.840089 0.293464 0.0667825 0.991815 0.767082 0.338996 0.231819 0.36378 0.571597 0.160202 0.988332 0.686131 0.674951 0.145855 0.517397 0.898173 0.979584 0.244957 0.449611 0.895276 0.748102 0.851942 0.013447 0.932013 0.335798 0.802277 0.460565 0.161333 0.214927 0.755338 0.512058 0.0550166 
20 24 9 45 10 
0.917837 0.278651 0.179664 0.489434 0.438853 0.167996 0.175565 0.113804 0.313851 0.692962 0.0119768 0.293435 0.937919 0.461588 0.188711 0.686021 0.313529 0.202158 0.618035 0.649327 0.00443553 0.0785998 0.81066 0.219363 0.833938 0.322718 0.27438 0.88274 0.901559 0.321212 0.698624 0.819395 
21 4 19 5 51 
0.0462844 0.484394 0.15252 0.360135 0.177356 0.164497 0.65357 0.115275 0.626085 0.842281 0.801296 0.939614 0.0444397 0.419331 0.588941 0.0488753 0.497931 0.399602 0.268238 0.331869 0.72232 0.542618 0.214609 0.623879 0.86383 0.913233 0.443274 0.463692 0.791522 0.752103 0.502408 0.837806 
22 11 30 10 42 
0.819425 0.851511 0.529129 0.44551 0.693793 0.330425 0.385124 0.738232 0.749756 0.974065 0.787108 0.247687 0.373667 0.0553459 0.579556 0.0959868 0.597964 0.794165 0.719866 0.461793 0.707398 0.16314 0.925486 0.49892 0.915243 0.427894 0.336726 0.151741 0.0828223 0.534667 0.565595 0.902247 
23 36 0 30 22 
0.425148 0.732881 0.818203 0.174904 0.706946 0.605311 0.422591 0.0806131 0.660657 0.0021472 0.1766 0.258621 0.796312 0.896466 0.720414 0.503711 0.0596054 0.6459 0.00263071 0.974849 0.0737939 0.339357 0.12659 0.156616 0.874024 0.692184 0.0588637 0.260202 0.786907 0.406621 0.340173 0.212056 
24 18 20 46 55 
0.763688 0.809551 0.927061 0.424345 0.811698 0.103661 0.682966 0.60801 0.000126863 0.40338 0.111721 0.0597323 0.0492798 0.114352 0.034581 0.123074 0.453709 0.161171 0.27969 0.327732 0.853355 0.338554 0.587935 0.640262 0.745174 0.928108 0.852318 0.884677 0.0864845 0.239278 0.731125 0.850172 
25 32 50 20 57 
0.468537 0.761975 0.360863 0.580259 0.821707 0.410142 0.69461 0.856288 0.533216 0.148319 0.0174587 0.812906 0.476051 0.870814 0.151459 0.0639859 0.511076 0.896634 0.992094 0.363394 0.781311 0.0785782 0.602672 0.512436 0.92875 0.651501 0.170622 0.203268 0.512028 0.93247 0.16075 0.980565 
26 4 63 53 54 
0.931755 0.255434 0.372439 0.464971 0.403753 0.389898 0.277877 0.879804 0.260711 0.429337 0.94379 0.771788 0.325971 0.935884 0.135182 0.107281 0.0144621 0.737853 0.619717 0.943213 0.389354 0.790339 0.14648 0.901382 0.722808 0.30723 0.881947 0.417253 0.828843 0.44277 0.933404 0.760599 
27 46 14 13 35 
0.695741 0.503447 0.981762 0.956452 0.932784 0.925552 0.72824 0.258755 0.861436 0.863421 0.366036 0.875898 0.601275 0.985753 0.819111 0.990629 0.776091 0.965591 0.89201 0.4989 0.272821 0.773957 0.916152 0.101665 0.216727 0.849556 0.862263 0.914932 0.155399 0.0878335 0.0168893 0.85114 
28 10 14 8 5 
0.535831 0.78282 0.785639 0.399253 0.148856 0.661537 0.00052768 0.134609 0.480647 0.991157 0.9107 0.446238 0.883167 0.4096 0.719059 0.657124 0.325752 0.820724 0.873852 0.175309 0.682987 0.788784 0.330708 0.770821 0.805673 0.181847 0.362102 0.804324 0.989439 0.886167 0.728527 0.525271 
29 2 56 12 0 
0.175702 0.925051 0.952451 0.65635 0.916208 0.863151 0.102588 0.799375 0.272751 0.821647 0.456499 0.598504 0.642371 0.330351 0.773812 0.325358 0.119134 0.10452 0.0961793 0.924807 0.286367 0.458281 0.729131 0.275806 0.344448 0.457658 0.801077 0.0134346 0.971823 0.725601 0.831277 0.147526 
30 63 13 15 38 
0.64688 0.906463 0.366234 0.919631 0.72811 0.822733 0.518135 0.370481 0.153084 0.291947 0.69584 0.272218 0.396467 0.792019 0.197025 0.682834 0.2503 0.926156 0.958641 0.594748 0.383813 0.759718 0.608183 0.355636 0.485318 0.43946 0.503162 0.13597 0.223189 0.307037 0.70283 0.870068 
31 40 36 7 52 
0.891797 0.307834 0.312092 0.0448808 0.599782 0.00793191 0.317099 0.996249 0.799951 0.514124 0.679083 0.0502514 0.440279 0.637724 0.645 0.824093 0.397442 0.253182 0.179729 0.88276 0.692642 0.682891 0.0187306 0.915831 0.989928 0.72156 0.785899 0.203429 0.790624 0.575599 0.145039 0.682421 
32 14 43 30 48 
0.465063 0.0444006 0.479464 0.265014 0.558524 0.158547 0.315266 0.998803 0.796271 0.960265 0.822896 0.193712 0.213448 0.00262494 0.0764729 0.90609 0.685516 0.0952035 0.821921 0.675444 0.816764 0.607821 0.878873 0.607388 0.183419 0.0239123 0.289809 0.0668527 0.481044 0.0171109 0.550067 0.946107 
33 29 6 28 22 
0.188078 0.526387 0.618839 0.984348 0.486653 0.441735 0.178061 0.700101 0.44436 0.254534 0.606191 0.129876 0.349737 0.428112 0.80532 0.166501 0.0359329 0.684193 0.773889 0.219352 0.708105 0.0636976 0.286205 0.189149 0.0808085 0.836273 0.135256 0.14232 0.865804 0.346378 0.762356 0.0538811 
34 5 32 45 11 
0.82293 0.21629 0.0595188 0.26729 0.470824 0.66571 0.397166 0.820561 0.0938221 0.202487 0.987061 0.129755 0.88668 0.76095 0.349107 0.594785 0.824648 0.635313 0.783934 0.905456 0.471585 0.91919 0.0477761 0.337389 0.265568 0.810132 0.39127 0.138334 0.191327 0.429499 0.497752 0.0142571 
35 55 5 41 39 
0.22298 0.678714 0.937173 0.316802 0.881201 0.924235 0.446558 0.76788 0.685185 0.795665 0.362666 0.509832 0.430977 0.1466 0.415288 0.902563 0.0657901 0.463064 0.239951 0.331358 0.273196 0.631221 0.469692 0.464523 0.0607199 0.967444 0.47878 0.706509 0.524714 0.760328 0.823122 0.747694 
36 17 24 65 45 
0.684529 0.511054 0.0881229 0.369714 0.306719 0.450788 0.879546 0.737697 0.597388 0.294834 0.640259 0.663178 0.757899 0.88021 0.994537 0.0310947 0.511431 0.464228 0.495618 0.572151 0.431672 0.974398 0.27866 0.956386 0.734725 0.101782 0.70408 0.173767 0.862076 0.768577 0.49401 0.546606 
37 29 4 3 18 
0.0329208 0.795866 0.324048 0.630309 0.0906998 0.964307 0.293487 0.848598 0.844517 0.288024 0.879693 0.355949 0.752252 0.375311 0.9281 0.183924 0.349708 0.20676 0.14031 0.084434 0.308541 0.84439 0.258201 0.170617 0.612968 0.752211 0.717223 0.892599 0.334343 0.633543 0.47895 0.367264 
38 44 22 49 11 
0.767304 0.29106 0.368706 0.611822 0.579084 0.248399 0.96777 0.331336 0.62371 0.89587 0.51526 0.973418 0.102629 0.655571 0.0578522 0.411171 0.499961 0.316053 0.581788 0.112929 0.0682641 0.299011 0.00552773 0.402607 0.932554 0.484478 0.769871 0.361962 0.287475 0.767444 0.88207 0.0547795 
39 36 61 12 17 
0.499175 0.634371 0.968925 0.122885 0.530241 0.484185 0.0963032 0.632871 0.139756 0.154155 0.0440415 0.639717 0.470209 0.62583 0.752645 0.538473 0.924841 0.758173 0.94108 0.857394 0.242651 0.710951 0.219356 0.530126 0.478395 0.101426 0.584905 0.5369 0.352202 0.251506 0.174488 0.851377 
40 17 53 50 24 
0.627598 0.0705649 0.0489902 0.767353 0.22472 0.0930317 0.40707 0.694929 0.718861 0.159715 0.233402 0.643702 0.917888 0.174482 0.501096 0.160538 0.885433 0.720452 0.690664 0.363829 0.821878 0.275569 0.900729 0.174079 0.527076 0.0752165 0.0254559 0.412954 0.218629 0.999718 0.829073 0.846227 
41 24 36 54 1 
0.971095 0.0206494 0.989932 0.689956 0.180364 0.223334 0.333658 0.0982521 0.397816 0.834754 0.25879 0.28325 0.555206 0.949455 0.647079 0.377083 0.225024 0.547807 0.551163 0.7521 0.623024 0.576618 0.165053 0.841653 0.576336 0.994126 0.68788 0.646618 0.87219 0.301459 0.941621 0.843285 
42 49 39 13 0 
0.154887 0.866899 0.600725 0.552704 0.701653 0.859515 0.835954 0.256858 0.80897 0.483032 0.633942 0.0339938 0.0308396 0.185104 0.786093 0.653863 0.761723 0.951147 0.495516 0.338059 0.945273 0.183396 0.984677 0.817463 0.484855 0.926298 0.660747 0.806964 0.857851 0.193988 0.309437 0.0127388 
43 25 64 3 56 
0.769677 0.401396 0.0193978 0.578647 0.884429 0.653339 0.612641 0.915268 0.838444 0.398734 0.569132 0.600166 0.349881 0.064648 0.938225 0.295154 0.248044 0.922902 0.112617 0.732899 0.8492 0.773364 0.539863 0.707051 0.967353 0.849299 0.71979 0.0282394 0.759461 0.285233 0.790779 0.529138 
44 51 12 49 2 
0.463516 0.720427 0.486326 0.30196 0.119161 0.0554572 0.902126 0.469042 0.120105 0.840351 0.764197 0.368149 0.763253 0.876814 0.101048 0.612453 0.650178 0.640911 0.319504 0.617531 0.49021 0.0392943 0.64577 0.249671 0.324527 0.436549 0.77881 0.0111558 0.246726 0.886596 0.582213 0.710242 
45 44 29 20 42 
0.123996 0.914328 0.195226 0.244101 0.754679 0.959422 0.61225 0.517932 0.836236 0.713298 0.130385 0.486414 0.354209 0.449889 0.103945 0.844419 0.489183 0.749715 0.0940907 0.81371 0.186264 0.872901 0.824866 0.43299 0.759496 0.407079 0.143232 0.366518 0.475618 0.155434 0.0927018 0.599614 
46 35 62 48 10 
0.24735 0.455965 0.342372 0.0835858 0.169264 0.472757 0.57 0.523473 0.922646 0.673945 0.367892 0.411829 0.42366 0.461983 0.22554 0.609925 0.334883 0.0504057 0.0429146 0.0943796 0.457485 0.186147 0.460898 0.933103 0.34158 0.5536 0.532717 0.411342 0.841527 0.376432 0.235782 0.0888772 
47 25 59 41 7 
0.0509117 0.742463 0.525134 0.973558 0.416408 0.893026 0.385387 0.840068 0.355009 0.610927 0.449993 0.689892 0.661333 0.492908 0.784272 0.118818 0.679054 0.24517 0.0519206 0.0206342 0.79877 0.584637 0.431976 0.640297 0.96107 0.667758 0.729175 0.793467 0.245912 0.901638 0.795128 0.296824 
48 38 55 10 28 
0.213288 0.655769 0.900577 0.568297 0.266696 0.35057 0.25819 0.928029 0.843478 0.0424614 0.0468468 0.522532 0.287631 0.0987675 0.543166 0.0864014 0.683405 0.975142 0.726699 0.644475 0.6429 0.455873 0.437942 0.888812 0.357511 0.23307 0.185636 0.00161159 0.553332 0.456018 0.0621204 0.766621 
49 38 59 50 60 
0.313268 0.593107 0.306512 0.156746 0.635569 0.353359 0.679277 0.9232 0.452127 0.222443 0.0096017 0.135532 0.197585 0.7363 0.780006 0.840485 0.192174 0.217948 0.729297 0.549685 0.451018 0.914933 0.551296 0.00434994 0.370951 0.613417 0.770971 0.482738 0.576114 0.105888 0.861221 0.889382 
50 33 12 56 44 
0.521093 0.725405 0.257765 0.973219 0.947848 0.267367 0.108751 0.145433 0.00366718 0.888757 0.985918 0.195841 0.106705 0.715215 0.745525 0.557723 0.630148 0.296821 0.562073 0.00109818 0.910238 0.333043 0.483836 0.486352 0.438932 0.345057 0.375734 0.137928 0.51279 0.421862 0.472492 0.0338827 
51 7 47 23 8 
0.997624 0.115853 0.240548 0.00129136 0.00461024 0.226466 0.197132 0.111315 0.941681 0.942658 0.669038 0.571829 0.239479 0.23111 0.572927 0.149717 0.564154 0.0567628 0.636069 0.0030853 0.40182 0.0118034 0.141013 0.91461 0.433665 0.613505 0.948492 0.580932 0.343763 0.955594 0.676047 0.341387 
52 28 38 47 17 
0.53981 0.187373 0.0847425 0.482468 0.856411 0.656571 0.721947 0.0875212 0.229498 0.871664 0.651675 0.286261 0.507733 0.65476 0.688081 0.519537 0.795773 0.60269 0.953202 0.409278 0.551183 0.534134 0.753041 0.506777 0.21018 0.0944274 0.578224 0.126775 0.437105 0.654282 0.269836 0.976916 
53 2 39 4 13 
0.01115 0.181331 0.785587 0.240648 0.0529945 0.437261 0.52691 0.560728 0.0920215 0.21499 0.0802641 0.887794 0.817681 0.0334659 0.297072 0.368863 0.567599 0.0501132 0.87564 0.77778 0.144541 0.453864 0.904555 0.581646 0.108146 0.174391 0.558562 0.949801 0.52897 0.0179455 0.647867 0.54012 
54 18 48 39 12 
0.870715 0.307678 0.812998 0.962736 0.522668 0.893262 0.85053 0.340348 0.926728 0.147603 0.709212 0.494328 0.197716 0.584852 0.272107 0.342257 0.0387161 0.176662 0.923903 0.146862 0.351053 0.482464 0.0966635 0.880022 0.50041 0.74453 0.420142 0.699686 0.177983 0.20091 0.951957 0.0486977 
55 0 26 32 35 
0.658217 0.861964 0.371604 0.584945 0.0095671 0.0808151 0.0792724 0.207283 0.665667 0.351379 0.54954 0.704383 0.528041 0.473442 0.851245 0.879094 0.955907 0.947909 0.759116 0.456317 0.692439 0.179257 0.156003 0.870422 0.380167 0.107959 0.91912 0.888754 0.872914 0.930554 0.92001 0.531131 
56 38 44 20 27 
0.372428 0.195348 0.00936801 0.0380952 0.546728 0.558908 0.742478 0.0747689 0.0323502 0.593723 0.953863 0.988257 0.541632 0.712978 0.444574 0.234071 0.892236 0.600577 0.104493 0.272403 0.708536 0.0236128 0.161157 0.58145 0.954166 0.0811671 0.112581 0.746684 0.37278 0.228657 0.548769 0.745209 
57 6 54 35 52 
0.117045 0.525782 0.0455019 0.149395 0.119505 0.999364 0.137652 0.661137 0.712343 0.582226 0.895208 0.604579 0.182803 0.999701 0.876981 0.89134 0.0233141 0.0381389 0.47279 0.97748 0.119306 0.585371 0.724165 0.492086 0.814028 0.272933 0.237295 0.238034 0.83107 0.0205986 0.208767 0.948115 
58 28 39 41 30 
0.235162 0.327023 0.965976 0.817388 0.222231 0.570554 0.000191435 0.221932 0.447536 0.891531 0.245246 0.485675 0.364321 0.222727 0.604981 0.949692 0.946891 0.097067 0.763721 0.219825 0.334362 0.00175437 0.0508952 0.35496 0.210521 0.99901 0.901341 0.46479 0.0965204 0.567226 0.718423 0.331683 
59 65 10 63 61 
0.149262 0.338412 0.702489 0.0407934 0.583659 0.188164 0.405114 0.806385 0.793145 0.354807 0.753277 0.890212 0.118527 0.973101 0.224574 0.120282 0.0239967 0.579534 0.330803 0.023007 0.480875 0.795593 0.119527 0.048101 0.514016 0.45121 0.94235 0.198415 0.600281 0.05883 0.453368 0.749543 
60 38 43 27 6 
0.344021 0.195451 0.787286 0.137166 0.550258 0.540563 0.0273781 0.668785 0.513664 0.251952 0.789066 0.537661 0.831486 0.119869 0.560668 0.31236 0.915462 0.680195 0.360461 0.429477 0.131406 0.302811 0.627892 0.731687 0.361641 0.0812597 0.48123 0.758884 0.237117 0.271567 0.739784 0.581138 
61 17 9 5 38 
0.0676333 0.745683 0.686061 0.581298 0.997634 0.475127 0.118959 0.82912 0.594996 0.679627 0.141481 0.510457 0.359822 0.501942 0.939935 0.491227 0.804753 0.567826 0.222914 0.166395 0.649086 0.704144 0.925278 0.886203 0.975711 0.665063 0.467341 0.442729 0.192133 0.185646 0.460005 0.259767 
62 45 12 64 11 
0.621192 0.960023 0.758083 0.216188 0.639649 0.899564 0.726645 0.999471 0.401506 0.66658 0.490699 0.206259 0.234406 0.713613 0.372654 0.883492 0.417757 0.297932 0.769695 0.393468 0.962995 0.237037 0.836197 0.155128 0.422682 0.296202 0.414894 0.354011 0.442268 0.255958 0.282974 0.0634599 
63 30 26 36 31 
0.940621 0.00629344 0.855102 0.342126 0.672874 0.3458 0.548385 0.90728 0.0594131 0.921039 0.790772 0.47717 0.218971 0.560468 0.870638 0.181965 0.797504 0.706836 0.337093 0.220187 0.00303778 0.751987 0.574198 0.445305 0.00794571 0.857172 0.508765 0.223927 0.898229 0.788413 0.0795573 0.838849 
64 32 16 42 38 
0.729361 0.37486 0.339872 0.650399 0.165632 0.817042 0.86937 0.7261 0.687681 0.0513353 0.523604 0.394516 0.388428 0.743791 0.397554 0.140415 0.317988 0.842859 0.148361 0.17516 0.351625 0.372288 0.0733888 0.140038 0.451845 0.912238 0.934745 0.386504 0.0932139 0.402325 0.666963 0.822575 
65 16 6 43 10 
0.823878 0.342344 0.668917 0.511559 0.39368 0.192521 0.906075 0.782108 0.936311 0.303629 0.922523 0.254299 0.146488 0.0708845 0.429459 0.498113 0.443173 0.502848 0.638151 0.895018 0.415086 0.572895 0.281522 0.5083 0.97522 0.948486 0.330875 0.752405 0.955321 0.803849 0.695222 0.779199 
