81 1
1 0 1 0 1 1 1 0 0 1 1 1 0 0 0 0 0 1 0 1 0 0 0 1 1 0 0 0 0 0 0 1 1 0 0 1 0 1 1 0 1 1 0 0 0 1 1 1 1 0 1 0 0 0 0 0 1 1 1 1 0 0 1 0 0 0 1 1 0 1 0 0 1 1 0 0 1 0 0 0 0 
0 
0.492771 0.78584 
1 
0.406337 0.0581381 
2 
0.775746 0.879875 
3 
0.277241 0.840439 
4 
0.265892 0.143314 
5 
0.575471 0.835807 
6 
0.571904 0.244537 
7 
0.392806 0.526108 
8 
0.660266 0.831626 
9 
0.923244 0.665734 
10 
0.710934 0.980289 
11 
0.518364 0.275689 
12 
0.709545 0.552719 
13 
0.811832 0.414678 
14 
0.120685 0.466225 
15 
0.770498 0.613456 
16 
0.252064 0.176835 
17 
0.671594 0.0278106 
18 
0.0567096 0.948836 
19 
0.868249 0.322602 
20 
0.0921496 0.44372 
21 
0.158408 0.664054 
22 
0.688257 0.551214 
23 
0.190161 0.348523 
24 
0.38284 0.113405 
25 
0.0142572 0.0937744 
26 
0.0936939 0.532621 
27 
0.369463 0.803239 
28 
0.0853402 0.181295 
29 
0.217917 0.206025 
30 
0.64752 0.988415 
31 
0.819482 0.899584 
32 
0.16525 0.491076 
33 
0.927395 0.221959 
34 
0.439911 0.795644 
35 
0.544561 0.532061 
36 
0.239364 0.702969 
37 
0.196115 0.927621 
38 
0.254183 0.386276 
39 
0.276144 0.637024 
40 
0.499681 0.290401 
41 
0.730798 0.593375 
42 
0.823023 0.100261 
43 
0.396614 0.908363 
44 
0.281557 0.614531 
45 
0.114388 0.929077 
46 
0.602946 0.93387 
47 
0.828661 0.768196 
48 
0.424946 0.756055 
49 
0.990155 0.864857 
50 
0.551699 0.534716 
51 
0.396918 0.791063 
52 
0.237685 0.593033 
53 
0.718684 0.491868 
54 
0.979309 0.994829 
55 
0.128891 0.47899 
56 
0.28523 0.859689 
57 
0.0723651 0.108253 
58 
0.959951 0.468979 
59 
0.0166154 0.241507 
60 
0.0835106 0.131004 
61 
0.170584 0.686457 
62 
0.0648735 0.999244 
63 
0.454652 0.489819 
64 
0.7553 0.444807 
65 
0.354676 0.306999 
66 
0.979523 0.751595 
67 
0.0980625 0.217207 
68 
0.344628 0.816747 
69 
0.709075 0.323937 
70 
0.811576 0.837967 
71 
0.802927 0.0968055 
72 
0.697656 0.875292 
73 
0.205058 0.657607 
74 
0.344271 0.221674 
75 
0.899114 0.427782 
76 
0.352677 0.0696976 
77 
0.114238 0.417551 
78 
0.0689421 0.568891 
79 
0.90737 0.824242 
80 
0.0136976 0.262046 
