70 3
1 1 0 0 1 0 1 1 0 0 1 0 0 1 1 0 0 0 0 1 1 1 1 1 0 0 1 1 1 1 0 1 1 0 1 1 1 1 1 0 0 1 0 1 1 0 0 0 1 0 1 1 0 1 0 1 1 0 0 1 0 1 1 0 0 1 0 0 0 0 
0 21 46 
0.064069 0.787384 0.292635 0.422296 0.943339 0.749504 0.111383 0.571174 
1 25 42 
0.444257 0.635498 0.308226 0.57516 0.390831 0.211461 0.462988 0.140515 
2 46 51 
0.882724 0.453029 0.645858 0.064809 0.570959 0.15917 0.772275 0.780264 
3 4 57 
0.864955 0.272498 0.111805 0.15759 0.694794 0.0551436 0.907094 0.806177 
4 21 22 
0.641705 0.0705744 0.328848 0.949931 0.645734 0.719679 0.161392 0.108723 
5 55 46 
0.262247 0.742919 0.363222 0.908105 0.807728 0.934181 0.0672742 0.580003 
6 43 41 
0.904424 0.5794 0.548202 0.0162291 0.736989 0.242995 0.0713726 0.644083 
7 19 24 
0.337434 0.690878 0.768264 0.666282 0.640808 0.413999 0.385961 0.8022 
8 40 69 
0.712393 0.784968 0.989074 0.0756156 0.693073 0.796801 0.00979701 0.760347 
9 14 36 
0.0360502 0.281228 0.303642 0.584252 0.297457 0.0406309 0.827247 0.36883 
10 56 42 
0.0665198 0.022148 0.567297 0.834784 0.68843 0.208105 0.248783 0.0743909 
11 41 37 
0.320546 0.722698 0.556472 0.309619 0.798314 0.249545 0.10642 0.808111 
12 46 67 
0.532353 0.0459415 0.764452 0.835995 0.630193 0.0619096 0.876626 0.45744 
13 31 36 
0.33386 0.497259 0.583488 0.901157 0.332043 0.271918 0.109263 0.580826 
14 31 22 
0.35233 0.666855 0.842267 0.908802 0.976474 0.640581 0.158347 0.0828943 
15 46 54 
0.566119 0.981045 0.21418 0.330571 0.817039 0.844373 0.392481 0.693665 
16 2 14 
0.255005 0.635673 0.32048 0.838493 0.536831 0.652523 0.110411 0.646093 
17 10 32 
0.765661 0.58568 0.123574 0.607928 0.494482 0.100048 0.248508 0.652829 
18 36 34 
0.821067 0.749061 0.678245 0.0352471 0.0796319 0.495284 0.87962 0.472113 
19 4 6 
0.295333 0.443954 0.817107 0.615813 0.282447 0.353938 0.268336 0.392857 
20 68 45 
0.849576 0.765692 0.0873646 0.97315 0.37362 0.581847 0.0731977 0.622129 
21 39 55 
0.319329 0.0557432 0.00520027 0.997574 0.0909903 0.0848322 0.492858 0.97061 
22 31 51 
0.152044 0.852278 0.125761 0.969151 0.468091 0.408208 0.323088 0.736426 
23 13 14 
0.238111 0.650641 0.0888117 0.325476 0.623791 0.462432 0.907322 0.696989 
24 54 39 
0.953128 0.40389 0.197741 0.958328 0.401463 0.288732 0.0431606 0.894321 
25 49 9 
0.411386 0.452384 0.701889 0.380537 0.920474 0.110097 0.703625 0.656901 
26 17 25 
0.895012 0.561802 0.115556 0.220487 0.185593 0.577988 0.12781 0.882582 
27 30 59 
0.83571 0.0664386 0.467549 0.794038 0.467902 0.756281 0.837199 0.362223 
28 24 8 
0.938352 0.427009 0.889688 0.640241 0.807546 0.810163 0.750338 0.511171 
29 38 67 
0.537915 0.362075 0.223301 0.653471 0.582563 0.408894 0.231459 0.710372 
30 18 19 
0.980181 0.127186 0.960446 0.44773 0.921225 0.428348 0.204011 0.758424 
31 57 42 
0.728923 0.646644 0.0854167 0.369164 0.454189 0.895579 0.119502 0.96536 
32 19 26 
0.503274 0.724718 0.00430165 0.156745 0.307281 0.413196 0.388204 0.0176531 
33 64 40 
0.997834 0.831858 0.242658 0.445564 0.753083 0.671006 0.649575 0.511506 
34 60 54 
0.707235 0.1905 0.515853 0.792651 0.559664 0.970042 0.688231 0.679166 
35 61 56 
0.460166 0.438676 0.775592 0.464468 0.595421 0.0828722 0.877664 0.983625 
36 60 67 
0.265837 0.0983591 0.414194 0.508494 0.543923 0.167277 0.1795 0.193498 
37 43 15 
0.0627071 0.386018 0.831577 0.57856 0.178669 0.391242 0.548602 0.8669 
38 43 40 
0.917773 0.530573 0.92268 0.693365 0.995041 0.518102 0.776237 0.872705 
39 13 3 
0.455041 0.767564 0.975121 0.869235 0.276058 0.519044 0.036512 0.455558 
40 54 5 
0.0966352 0.775249 0.101313 0.928213 0.353809 0.279982 0.319454 0.902411 
41 37 10 
0.386415 0.0646547 0.920435 0.309096 0.758019 0.915476 0.827197 0.534256 
42 1 36 
0.411019 0.243222 0.096488 0.38614 0.112457 0.372546 0.905184 0.148969 
43 49 30 
0.864264 0.924739 0.392975 0.965577 0.852952 0.746784 0.245559 0.172406 
44 19 32 
0.562267 0.0356102 0.457095 0.482702 0.344706 0.215114 0.398177 0.171903 
45 5 62 
0.500827 0.16039 0.429579 0.597315 0.54653 0.542036 0.969861 0.451714 
46 57 19 
0.0694399 0.555269 0.722705 0.462415 0.520846 0.575656 0.209199 0.766404 
47 27 21 
0.158845 0.310329 0.894004 0.61594 0.793031 0.23871 0.831054 0.191208 
48 11 62 
0.377566 0.91144 0.740815 0.807145 0.508756 0.287344 0.349181 0.478617 
49 27 59 
0.276582 0.808498 0.595455 0.999287 0.270913 0.1163 0.574943 0.480112 
50 2 65 
0.338505 0.0415496 0.633334 0.23251 0.657489 0.426365 0.471219 0.488544 
51 11 4 
0.068969 0.995139 0.793272 0.809784 0.802284 0.302028 0.097128 0.151465 
52 45 60 
0.191651 0.0572273 0.644684 0.787106 0.0565143 0.915597 0.903407 0.631458 
53 50 41 
0.954463 0.734214 0.827661 0.587798 0.966724 0.485151 0.0141626 0.437943 
54 68 22 
0.319775 0.0426634 0.626874 0.113048 0.852447 0.429158 0.415076 0.949575 
55 32 34 
0.785761 0.772274 0.252948 0.430446 0.55938 0.309462 0.346043 0.462787 
56 17 33 
0.248899 0.895383 0.475966 0.0765598 0.48318 0.44269 0.56171 0.497343 
57 22 55 
0.129078 0.200409 0.578068 0.755952 0.313456 0.430515 0.18511 0.728532 
58 69 44 
0.924253 0.165852 0.538007 0.177201 0.596298 0.0973873 0.486663 0.94234 
59 16 38 
0.684092 0.809073 0.322966 0.160058 0.885633 0.806146 0.602748 0.447343 
60 52 54 
0.982748 0.432568 0.683789 0.560817 0.18852 0.997246 0.991332 0.37363 
61 23 57 
0.139363 0.650031 0.537274 0.67737 0.827232 0.133572 0.774757 0.313895 
62 58 34 
0.741478 0.760004 0.144005 0.0644439 0.920062 0.0296375 0.87059 0.52281 
63 3 8 
0.00619075 0.459729 0.606647 0.68998 0.0205455 0.795168 0.687226 0.0118775 
64 38 57 
0.3833 0.308161 0.0630346 0.920574 0.985531 0.890266 0.0541464 0.760288 
65 59 46 
0.0952202 0.945639 0.890063 0.239225 0.0100832 0.810125 0.268863 0.880674 
66 29 4 
0.0547532 0.339126 0.205572 0.661401 0.0291059 0.226118 0.456568 0.716332 
67 53 58 
0.129335 0.621295 0.933527 0.19237 0.54187 0.919058 0.0826363 0.596016 
68 1 51 
0.726075 0.774567 0.232437 0.616138 0.0137919 0.24252 0.426263 0.282654 
69 59 65 
0.0284978 0.177947 0.0983242 0.23407 0.839348 0.12743 0.460188 0.295916 
