72 5
0 0 0 0 0 1 0 0 1 0 1 1 1 1 1 0 1 1 1 1 1 1 0 1 0 1 0 0 0 0 0 1 0 1 1 1 0 0 0 0 1 0 0 1 0 0 0 0 1 0 0 1 0 1 1 1 1 1 0 1 0 0 1 1 0 1 1 1 0 0 0 0 
0 64 51 5 65 
0.421458 0.476594 0.675812 0.48518 0.951443 0.796841 0.37623 0.427406 0.624798 0.678267 0.855121 0.924427 0.838745 0.0711244 0.3899 0.190939 0.822722 0.937284 0.319138 0.711841 0.854389 0.988429 0.177669 0.25953 0.701309 0.755045 0.797169 0.141653 0.390074 0.625709 0.788414 0.811532 
1 47 24 60 35 
0.261067 0.672942 0.481152 0.885865 0.351209 0.336273 0.810292 0.189954 0.407398 0.200191 0.380893 0.230119 0.137476 0.700031 0.94196 0.991865 0.68846 0.11963 0.251394 0.389769 0.874674 0.0485636 0.531422 0.264748 0.674273 0.319837 0.0762798 0.776576 0.784063 0.372992 0.830323 0.0451294 
2 64 11 67 44 
0.647748 0.741286 0.587097 0.0551459 0.941477 0.96799 0.285265 0.0789529 0.668021 0.227225 0.0708176 0.356481 0.346855 0.322212 0.74625 0.221529 0.370776 0.277672 0.486277 0.0450487 0.597509 0.562557 0.821625 0.381571 0.935549 0.651948 0.426701 0.981483 0.963423 0.357695 0.378626 0.611172 
3 22 55 64 65 
0.951583 0.119412 0.601734 0.178808 0.190229 0.958215 0.525663 0.512441 0.704465 0.747192 0.883217 0.982137 0.233469 0.928265 0.579646 0.796027 0.749891 0.961218 0.731576 0.401839 0.387918 0.713058 0.365262 0.745614 0.0916841 0.976434 0.844595 0.0574067 0.642752 0.885054 0.991119 0.594334 
4 27 41 19 23 
0.551068 0.298805 0.707136 0.255532 0.045997 0.590352 0.237669 0.279466 0.518618 0.817315 0.0754929 0.268509 0.778533 0.807068 0.670347 0.166451 0.520127 0.0356098 0.912065 0.611811 0.0120439 0.75666 0.669218 0.654796 0.641714 0.660337 0.24913 0.646179 0.25319 0.0222723 0.840873 0.804257 
5 65 32 53 70 
0.138361 0.297459 0.646541 0.656979 0.114774 0.722034 0.925488 0.893307 0.529102 0.595835 0.0597587 0.0492292 0.631445 0.971824 0.66104 0.643489 0.728484 0.330258 0.298284 0.370197 0.990595 0.547414 0.016376 0.243785 0.569687 0.857249 0.0480421 0.890764 0.405258 0.107832 0.257839 0.543619 
6 42 52 0 11 
0.626413 0.126086 0.413373 0.155516 0.721921 0.473132 0.204745 0.353365 0.444955 0.865785 0.996854 0.173439 0.196042 0.295138 0.543636 0.186637 0.842553 0.560012 0.430422 0.41224 0.417262 0.478464 0.303004 0.82252 0.586296 0.560842 0.366139 0.991587 0.465222 0.566737 0.511652 0.0916351 
7 33 12 71 5 
0.451895 0.768108 0.843112 0.31768 0.764962 0.0165506 0.513722 0.0601005 0.560187 0.70036 0.902653 0.120199 0.130781 0.314893 0.537461 0.609245 0.617897 0.35998 0.195541 0.178739 0.726119 0.187127 0.643961 0.292855 0.698779 0.735596 0.985678 0.623804 0.982747 0.40042 0.0219603 0.434642 
8 9 50 38 53 
0.266045 0.993591 0.441809 0.966404 0.896244 0.562009 0.0971856 0.211137 0.0994694 0.706431 0.829034 0.45945 0.901971 0.00777315 0.185568 0.0890988 0.651734 0.478424 0.787878 0.387331 0.464101 0.411682 0.370077 0.864521 0.433642 0.80472 0.0330495 0.298714 0.557042 0.96654 0.180337 0.823086 
9 49 33 55 51 
0.184155 0.886676 0.0675111 0.283624 0.593107 0.896545 0.743074 0.495078 0.904318 0.928642 0.584177 0.556052 0.407066 0.372055 0.943383 0.871168 0.783737 0.31346 0.735689 0.217379 0.11818 0.768739 0.516094 0.675222 0.735278 0.69643 0.498308 0.695408 0.318577 0.287799 0.551782 0.502731 
10 59 69 46 67 
0.515838 0.52943 0.26266 0.420157 0.458072 0.846837 0.976209 0.865138 0.218893 0.919592 0.736306 0.00262967 0.233052 0.471995 0.220009 0.351232 0.240734 0.736103 0.0264538 0.976012 0.432533 0.524762 0.67142 0.751109 0.81256 0.223203 0.253841 0.987035 0.842496 0.0401965 0.754617 0.358335 
11 51 23 62 38 
0.864115 0.7547 0.892837 0.0830073 0.674292 0.629143 0.085637 0.907344 0.101138 0.305646 0.258576 0.341872 0.0417485 0.28503 0.317884 0.474281 0.809792 0.989305 0.225391 0.622352 0.212507 0.479231 0.609388 0.0550037 0.519428 0.364005 0.413338 0.0890541 0.381282 0.19183 0.116753 0.245397 
12 48 69 71 37 
0.638733 0.414041 0.528166 0.739871 0.719687 0.786742 0.0817431 0.761436 0.0717725 0.399627 0.235717 0.881565 0.388932 0.461108 0.503917 0.601439 0.940339 0.113305 0.656443 0.459767 0.47731 0.0697812 0.548821 0.858592 0.261611 0.665574 0.103989 0.208141 0.675163 0.432393 0.828962 0.313896 
13 36 1 9 65 
0.143871 0.13551 0.327557 0.215643 0.535137 0.563274 0.0972077 0.924069 0.0243818 0.601125 0.525508 0.964721 0.714429 0.181951 0.424488 0.191739 0.251732 0.973309 0.0503306 0.513343 0.638882 0.154319 0.721483 0.314046 0.586712 0.550446 0.627941 0.433146 0.907574 0.681708 0.999267 0.0514448 
14 43 40 29 9 
0.890099 0.364296 0.276424 0.91448 0.96542 0.801932 0.879201 0.67985 0.983883 0.303689 0.871589 0.235615 0.276997 0.921919 0.748958 0.91588 0.0762383 0.470441 0.229925 0.66295 0.0208866 0.857867 0.0960963 0.928461 0.539575 0.0953637 0.979905 0.356793 0.422188 0.246993 0.709148 0.312287 
15 23 1 57 47 
0.787505 0.105968 0.256559 0.771388 0.409657 0.128148 0.00700252 0.686654 0.0500667 0.75596 0.602534 0.126305 0.226401 0.832459 0.789255 0.247288 0.690326 0.885352 0.175748 0.229901 0.980715 0.155654 0.586694 0.402903 0.402647 0.295842 0.71519 0.0139362 0.281415 0.941957 0.590646 0.0689199 
16 60 65 8 59 
0.975352 0.84731 0.144236 0.0254188 0.60327 0.74677 0.151724 0.829671 0.57923 0.940979 0.0769587 0.269555 0.82633 0.252707 0.499456 0.807046 0.408361 0.08615 0.209949 0.811008 0.381992 0.925139 0.824944 0.663407 0.867096 0.415589 0.732327 0.915021 0.262794 0.572635 0.372603 0.238146 
17 68 21 20 44 
0.26361 0.415289 0.852886 0.842839 0.356268 0.929845 0.112395 0.182598 0.182552 0.611851 0.989644 0.590913 0.698001 0.199593 0.40192 0.0799932 0.124732 0.226864 0.743401 0.991828 0.642454 0.475728 0.906849 0.905248 0.0483631 0.279452 0.143394 0.468308 0.796291 0.406958 0.491524 0.0599011 
18 20 11 34 46 
0.015135 0.361113 0.456807 0.626986 0.350757 0.0477198 0.324987 0.550349 0.44964 0.40498 0.675081 0.676504 0.14838 0.666909 0.318958 0.624109 0.573757 0.224205 0.672472 0.853209 0.367599 0.14078 0.649501 0.774557 0.632303 0.709402 0.596805 0.976713 0.612142 0.775319 0.250969 0.627277 
19 68 17 63 56 
0.755496 0.579249 0.0375377 0.205136 0.984229 0.712619 0.88164 0.13261 0.379527 0.200598 0.756718 0.953285 0.424803 0.42919 0.806494 0.792402 0.56997 0.455994 0.56696 0.202273 0.165396 0.163764 0.178987 0.777538 0.939083 0.429955 0.404815 0.0755152 0.137731 0.659078 0.562704 0.893226 
20 8 43 41 46 
0.31286 0.980002 0.355167 0.692387 0.1806 0.111885 0.645672 0.605403 0.541075 0.452166 0.397805 0.111044 0.908161 0.964765 0.313318 0.0735566 0.128529 0.492304 0.851095 0.0676122 0.922259 0.25591 0.143127 0.0599902 0.914988 0.705831 0.953217 0.153316 0.306073 0.0515787 0.375872 0.618933 
21 30 69 71 24 
0.842924 0.956992 0.817584 0.383999 0.409158 0.215389 0.495043 0.317319 0.180154 0.808361 0.390875 0.308683 0.300665 0.24197 0.376295 0.222924 0.49788 0.519422 0.282914 0.412868 0.225253 0.236131 0.566184 0.531326 0.28771 0.942056 0.150259 0.31929 0.673095 0.461579 0.531471 0.516019 
22 56 40 57 42 
0.39506 0.145048 0.744597 0.203421 0.535924 0.0532797 0.504085 0.777894 0.429575 0.72701 0.275774 0.948997 0.0099238 0.688642 0.17425 0.246055 0.254826 0.705576 0.533764 0.196882 0.855835 0.853055 0.869976 0.317414 0.384526 0.385995 0.735985 0.73358 0.286012 0.563715 0.298023 0.681072 
23 19 59 47 16 
0.0959002 0.388579 0.0225809 0.525475 0.115588 0.298355 0.474472 0.125512 0.986997 0.648722 0.371567 0.241823 0.354298 0.905331 0.438704 0.210133 0.758386 0.308681 0.527547 0.142911 0.694676 0.263533 0.876491 0.980688 0.827247 0.174515 0.661761 0.53601 0.217135 0.546254 0.780697 0.313035 
24 56 15 60 64 
0.101633 0.312982 0.175932 0.0886303 0.961704 0.547499 0.330453 0.316002 0.45283 0.769157 0.526135 0.211215 0.0778383 0.0536826 0.354126 0.772514 0.317215 0.230618 0.753202 0.144463 0.405132 0.414963 0.680473 0.622267 0.961217 0.46117 0.935303 0.896049 0.264449 0.773813 0.946469 0.366082 
25 61 37 12 11 
0.6699 0.785165 0.3645 0.12273 0.554323 0.890635 0.333945 0.632161 0.944318 0.688071 0.404675 0.261533 0.918689 0.157878 0.405995 0.323821 0.572841 0.0864684 0.946088 0.534057 0.547639 0.881391 0.430106 0.812088 0.655204 0.376575 0.17817 0.741998 0.498976 0.632882 0.790497 0.168876 
26 5 20 6 23 
0.0456314 0.625551 0.604532 0.989949 0.313623 0.00920706 0.251482 0.232312 0.167085 0.657477 0.556133 0.739926 0.743945 0.502221 0.273983 0.291584 0.383612 0.704089 0.103672 0.0388161 0.0806644 0.281841 0.780815 0.579641 0.914723 0.571311 0.748517 0.332771 0.726307 0.0401236 0.305141 0.771939 
27 37 50 60 66 
0.91888 0.0133695 0.211609 0.0859649 0.670847 0.767742 0.825891 0.414792 0.269963 0.0998738 0.706376 0.653575 0.803963 0.810048 0.692391 0.884628 0.0918898 0.473205 0.464268 0.0066132 0.0445165 0.212786 0.339384 0.770824 0.252909 0.644525 0.542763 0.918584 0.554198 0.304651 0.897882 0.473078 
28 64 40 42 66 
0.877233 0.384934 0.403659 0.147195 0.484808 0.110035 0.80077 0.288771 0.920084 0.493161 0.173398 0.0119733 0.966366 0.637667 0.0185865 0.0108829 0.850452 0.357971 0.781707 0.103362 0.00249604 0.32447 0.0219462 0.556694 0.62912 0.919828 0.0297725 0.94714 0.0293192 0.588816 0.936007 0.906552 
29 42 3 56 55 
0.449701 0.854517 0.747328 0.369785 0.347678 0.920726 0.381758 0.314045 0.558393 0.400345 0.324928 0.408845 0.758315 0.106635 0.512207 0.760811 0.431104 0.534153 0.317506 0.0602245 0.453981 0.347278 0.00736482 0.4833 0.936094 0.943372 0.389852 0.909843 0.283038 0.4436 0.3684 0.732739 
30 29 27 15 45 
0.484282 0.95984 0.594847 0.884627 0.284768 0.00369191 0.642942 0.391402 0.515899 0.403753 0.822507 0.0500519 0.721259 0.882731 0.504033 0.0685371 0.890096 0.987333 0.00463094 0.833468 0.377186 0.914474 0.116506 0.820785 0.282875 0.849245 0.118902 0.398603 0.951769 0.764698 0.435057 0.436051 
31 58 67 22 36 
0.0335956 0.963619 0.400709 0.549494 0.367372 0.223215 0.599546 0.0886311 0.105946 0.103579 0.157168 0.996042 0.0909129 0.161799 0.82951 0.468099 0.0762734 0.946016 0.288884 0.359148 0.795261 0.407786 0.757751 0.747029 0.172484 0.192808 0.18308 0.897022 0.222711 0.503757 0.906329 0.256307 
32 24 64 27 10 
0.405347 0.923379 0.636199 0.508927 0.0805473 0.632241 0.59984 0.242346 0.461751 0.0679384 0.31862 0.407767 0.356822 0.677768 0.203028 0.764609 0.435519 0.950057 0.937093 0.628326 0.133136 0.834115 0.851037 0.636893 0.740444 0.107344 0.104269 0.0474812 0.913145 0.939017 0.577734 0.318493 
33 10 37 44 45 
0.846174 0.427259 0.18529 0.307925 0.495198 0.50391 0.715692 0.85202 0.181677 0.91872 0.616629 0.617196 0.868777 0.553722 0.245522 0.00191309 0.387837 0.0965594 0.638806 0.128281 0.203903 0.743075 0.175762 0.117049 0.682092 0.753496 0.435541 0.544488 0.967429 0.262961 0.487431 0.813602 
34 60 19 38 56 
0.176631 0.837219 0.0374378 0.358308 0.755939 0.654066 0.975504 0.624716 0.207788 0.221026 0.626629 0.595625 0.317586 0.265435 0.723906 0.521489 0.00851043 0.899668 0.638538 0.690602 0.653164 0.074079 0.23509 0.620593 0.33704 0.722522 0.434195 0.02726 0.395243 0.555722 0.212678 0.571873 
35 66 63 53 27 
0.904182 0.905686 0.773597 0.11197 0.126712 0.400226 0.707595 0.444298 0.665661 0.431501 0.965787 0.674172 0.331169 0.604325 0.364774 0.984333 0.678404 0.599865 0.604926 0.0154437 0.322386 0.0391211 0.0427037 0.717629 0.594843 0.255382 0.289502 0.987785 0.505497 0.219684 0.136666 0.409679 
36 15 44 71 64 
0.310489 0.229245 0.69638 0.97615 0.660746 0.662167 0.650322 0.991915 0.266492 0.0150962 0.976249 0.944896 0.614961 0.581175 0.96034 0.937347 0.620296 0.00304322 0.654976 0.215139 0.258425 0.944479 0.202924 0.763922 0.164163 0.33959 0.173601 0.289533 0.249853 0.695251 0.541615 0.560342 
37 34 64 4 12 
0.900162 0.186815 0.577157 0.166654 0.201911 0.553406 0.11155 0.816872 0.134581 0.0718891 0.754219 0.754877 0.0749323 0.409195 0.970016 0.333357 0.353673 0.17294 0.0972791 0.517836 0.51253 0.27088 0.807369 0.762384 0.966131 0.348983 0.322726 0.890627 0.586978 0.859218 0.475869 0.48714 
38 2 49 8 56 
0.606431 0.765343 0.064815 0.741012 0.837232 0.819034 0.495888 0.912165 0.228228 0.465904 0.245522 0.581902 0.638844 0.342801 0.0997374 0.151375 0.613681 0.907106 0.913759 0.579813 0.256089 0.236484 0.47044 0.843067 0.0957027 0.946309 0.330207 0.141736 0.999334 0.984001 0.389679 0.605766 
39 49 69 16 56 
0.273528 0.842666 0.498741 0.501756 0.30857 0.744262 0.0836575 0.947415 0.0870632 0.183395 0.0987898 0.700744 0.0905008 0.0125484 0.280557 0.34659 0.249033 0.750997 0.189657 0.344736 0.697305 0.519864 0.486471 0.69664 0.503865 0.87615 0.302406 0.253209 0.330644 0.649183 0.839785 0.604172 
40 71 16 7 11 
0.0827878 0.189586 0.747834 0.169851 0.37298 0.846624 0.870595 0.463481 0.859173 0.151152 0.810071 0.108205 0.902149 0.999728 0.452941 0.599455 0.519593 0.939412 0.296095 0.0234573 0.815562 0.5985 0.276666 0.146207 0.247683 0.116451 0.750379 0.739532 0.454976 0.856307 0.539952 0.537764 
41 33 51 13 2 
0.134411 0.57821 0.882354 0.993583 0.729363 0.692425 0.101789 0.631512 0.692153 0.55473 0.230966 0.211746 0.494142 0.527061 0.235203 0.309704 0.125561 0.511869 0.455911 0.373244 0.62832 0.206289 0.112777 0.0832958 0.0625959 0.652729 0.62106 0.108488 0.940515 0.328674 0.527361 0.0749257 
42 51 27 24 4 
0.102139 0.170298 0.267759 0.794293 0.725028 0.498725 0.00603882 0.219169 0.0257861 0.241242 0.528874 0.151347 0.753111 0.984784 0.524591 0.381431 0.191074 0.637368 0.464727 0.253669 0.290096 0.0857866 0.362157 0.230611 0.414461 0.889518 0.305537 0.321345 0.299232 0.374046 0.957592 0.401372 
43 10 6 4 58 
0.724076 0.201703 0.488541 0.749862 0.442945 0.0174144 0.90121 0.196057 0.00219864 0.425801 0.577488 0.193272 0.0631688 0.0422151 0.446942 0.353265 0.128002 0.809099 0.583877 0.542463 0.698617 0.889414 0.863808 0.997849 0.26346 0.821401 0.399221 0.807804 0.0467516 0.594885 0.0771753 0.770828 
44 0 67 62 53 
0.583131 0.4219 0.435591 0.585329 0.847701 0.0130786 0.778601 0.910869 0.0552936 0.225543 0.264135 0.183295 0.034642 0.848011 0.725758 0.733259 0.737425 0.589566 0.731108 0.000885218 0.410967 0.130329 0.808689 0.457718 0.725214 0.885864 0.228546 0.521802 0.451581 0.749236 0.761336 0.034711 
45 6 25 30 59 
0.210005 0.398642 0.929707 0.265299 0.624185 0.193841 0.448594 0.658826 0.0418526 0.174352 0.392085 0.779278 0.763918 0.123193 0.780163 0.174885 0.253522 0.588852 0.632603 0.978736 0.474717 0.861149 0.500539 0.926297 0.610386 0.261875 0.961008 0.781522 0.458802 0.581048 0.800359 0.668807 
46 31 47 15 53 
0.923907 0.3827 0.262701 0.965759 0.557052 0.654786 0.745037 0.32097 0.77798 0.5252 0.495855 0.031502 0.114053 0.128458 0.0102383 0.588769 0.989607 0.510777 0.515066 0.599993 0.772652 0.476074 0.381515 0.231453 0.0571227 0.181874 0.90026 0.0368126 0.911939 0.834366 0.640687 0.835846 
47 56 16 13 58 
0.558174 0.546642 0.0950873 0.336154 0.0718428 0.590942 0.367656 0.185895 0.7194 0.377894 0.774664 0.709007 0.888671 0.289731 0.308999 0.661323 0.765805 0.690514 0.892776 0.822928 0.872387 0.793036 0.85974 0.784326 0.627402 0.500427 0.620172 0.844467 0.403815 0.421777 0.618585 0.961989 
48 55 30 43 3 
0.304614 0.665799 0.226158 0.024014 0.0436931 0.000822448 0.733021 0.932364 0.290553 0.0420201 0.593687 0.0563581 0.732534 0.486463 0.879286 0.604921 0.279499 0.739026 0.389248 0.906901 0.239453 0.00941999 0.751369 0.643269 0.431197 0.369953 0.605258 0.399617 0.0836253 0.903401 0.43988 0.388239 
49 52 9 45 46 
0.66686 0.145274 0.545257 0.957414 0.187294 0.138945 0.0137716 0.919828 0.625408 0.893057 0.52475 0.904907 0.632083 0.913997 0.811809 0.871537 0.923417 0.563177 0.514805 0.354615 0.933131 0.120063 0.754232 0.0167561 0.0234643 0.194112 0.404996 0.592664 0.86015 0.817249 0.205558 0.52701 
50 41 14 27 66 
0.88976 0.498195 0.0696455 0.515168 0.391253 0.594395 0.420075 0.0233363 0.508392 0.231884 0.894873 0.43181 0.795061 0.409679 0.786425 0.728192 0.529742 0.540657 0.744948 0.553206 0.734769 0.149943 0.145871 0.594919 0.967192 0.351428 0.121929 0.929715 0.102243 0.606353 0.0795327 0.992003 
51 22 15 10 58 
0.927245 0.519138 0.251966 0.159129 0.414011 0.683776 0.95419 0.823689 0.4702 0.682382 0.353431 0.010857 0.42733 0.906637 0.745626 0.577273 0.052508 0.340544 0.544466 0.403936 0.462473 0.474181 0.50618 0.0688263 0.553714 0.498183 0.173375 0.702892 0.00535324 0.669176 0.446465 0.932599 
52 43 67 70 68 
0.382207 0.0459179 0.426014 0.852407 0.7283 0.779445 0.863264 0.15563 0.686082 0.60889 0.732903 0.73859 0.949434 0.277369 0.142526 0.411908 0.75155 0.648706 0.480734 0.305264 0.146889 0.654109 0.00815609 0.152242 0.323285 0.454622 0.0848405 0.511598 0.153053 0.176568 0.113923 0.53526 
53 26 66 57 27 
0.319381 0.250932 0.106416 0.00546325 0.859822 0.839319 0.744053 0.809256 0.116688 0.88658 0.221164 0.868238 0.535286 0.701898 0.173502 0.682174 0.356007 0.181658 0.834416 0.679292 0.636279 0.919257 0.19089 0.789332 0.0958248 0.304812 0.324592 0.318311 0.844749 0.71226 0.269097 0.16413 
54 14 24 41 52 
0.214831 0.913646 0.63227 0.331519 0.800226 0.853435 0.199757 0.335512 0.555333 0.373259 0.017686 0.91134 0.554917 0.852102 0.590632 0.191196 0.771359 0.781522 0.980528 0.867184 0.086334 0.305121 0.185494 0.931083 0.0173808 0.454591 0.0952124 0.980573 0.830104 0.264805 0.803586 0.0449354 
55 21 36 51 44 
0.576211 0.31419 0.844624 0.94947 0.331876 0.755964 0.504387 0.183978 0.346596 0.695583 0.955336 0.128118 0.676111 0.82252 0.214452 0.981232 0.00801446 0.145534 0.998613 0.462606 0.240747 0.979186 0.29271 0.505552 0.782772 0.337645 0.684004 0.218629 0.7141 0.662682 0.50792 0.290311 
56 60 30 31 34 
0.108509 0.744168 0.492725 0.455105 0.439751 0.448061 0.583223 0.115863 0.270581 0.797674 0.0970948 0.278596 0.943208 0.0957078 0.741202 0.183955 0.0748935 0.0339115 0.689507 0.857666 0.371557 0.373511 0.0762946 0.0856566 0.0361927 0.584215 0.375968 0.0130641 0.93676 0.615749 0.321811 0.045269 
57 20 6 11 53 
0.262597 0.0835967 0.915531 0.533179 0.881271 0.0126262 0.811775 0.824479 0.108334 0.552976 0.00843453 0.183227 0.586888 0.697942 0.0408931 0.958445 0.0714527 0.117188 0.0441011 0.107645 0.701403 0.420069 0.12071 0.638162 0.0358183 0.442521 0.683431 0.395736 0.257057 0.183805 0.195405 0.519654 
58 15 67 44 23 
0.123562 0.864608 0.973153 0.231896 0.417584 0.981587 0.415124 0.00447167 0.679529 0.456017 0.962916 0.750982 0.573205 0.00701737 0.858627 0.274607 0.427086 0.979337 0.91277 0.462905 0.421857 0.596201 0.858641 0.678914 0.780007 0.0540456 0.198569 0.0474089 0.164982 0.251402 0.196082 0.288544 
59 37 12 69 62 
0.935565 0.538065 0.830351 0.391582 0.500981 0.581332 0.964786 0.507999 0.439959 0.239393 0.935085 0.419296 0.152163 0.39799 0.841153 0.748364 0.25663 0.520068 0.528371 0.310676 0.718636 0.57578 0.475658 0.970038 0.771862 0.764202 0.0860476 0.941096 0.284643 0.619641 0.0919182 0.220207 
60 67 2 22 70 
0.503601 0.576575 0.166686 0.94356 0.815969 0.101771 0.362856 0.968132 0.499761 0.204009 0.716496 0.756391 0.724077 0.244867 0.067067 0.442714 0.820647 0.542725 0.412752 0.592509 0.306927 0.498799 0.533605 0.59157 0.11844 0.625523 0.811777 0.276146 0.547792 0.423566 0.934834 0.0513933 
61 59 38 56 10 
0.203291 0.35781 0.784242 0.703051 0.561819 0.500738 0.459442 0.285896 0.745605 0.526509 0.72861 0.566252 0.0692341 0.141362 0.158761 0.376161 0.640161 0.692366 0.967731 0.758602 0.317889 0.779508 0.0347481 0.865682 0.203074 0.969582 0.917075 0.203215 0.0711016 0.912028 0.0193254 0.274392 
62 32 44 55 42 
0.436886 0.117553 0.0499104 0.963395 0.846163 0.616162 0.0326291 0.987525 0.774923 0.40879 0.627686 0.467289 0.376521 0.386288 0.785178 0.156029 0.421036 0.65086 0.359103 0.390618 0.567935 0.562318 0.461719 0.479964 0.581643 0.736111 0.749802 0.385211 0.713555 0.581459 0.689516 0.150441 
63 57 67 64 5 
0.355589 0.146465 0.532701 0.130512 0.555255 0.160387 0.597801 0.931776 0.546674 0.38298 0.0878041 0.96771 0.0338397 0.446907 0.358328 0.601775 0.00922478 0.820047 0.0817384 0.590868 0.556158 0.83154 0.976079 0.269713 0.412999 0.665595 0.420154 0.112011 0.405022 0.533989 0.657187 0.76061 
64 2 12 7 49 
0.350274 0.488923 0.167484 0.896948 0.871903 0.255288 0.864659 0.905743 0.702195 0.222986 0.507517 0.71142 0.0430332 0.589256 0.302288 0.599191 0.420796 0.278367 0.868905 0.833795 0.943962 0.289058 0.945806 0.348984 0.823047 0.602993 0.109594 0.503501 0.79288 0.000716477 0.73921 0.143154 
65 41 57 68 39 
0.161982 0.904761 0.267286 0.864177 0.127748 0.774803 0.575597 0.170781 0.364059 0.877885 0.769972 0.784855 0.156252 0.638877 0.61865 0.100214 0.927935 0.564456 0.449198 0.750982 0.167449 0.558792 0.254483 0.960329 0.559508 0.993693 0.103484 0.0491481 0.900387 0.143587 0.410691 0.0623694 
66 35 57 55 5 
0.45278 0.502143 0.346876 0.816838 0.380028 0.116849 0.601693 0.53628 0.755725 0.220343 0.636494 0.68366 0.7848 0.085692 0.434642 0.952249 0.644484 0.689126 0.912578 0.203992 0.682819 0.0160618 0.25314 0.583206 0.159648 0.663831 0.645576 0.207996 0.341808 0.572122 0.384092 0.794587 
67 70 37 33 46 
0.847817 0.213119 0.990574 0.603542 0.433462 0.627069 0.287203 0.218262 0.712761 0.721845 0.170511 0.357244 0.410971 0.0830886 0.561236 0.0937901 0.0991504 0.814376 0.676997 0.258799 0.478207 0.322572 0.466795 0.820015 0.894695 0.850887 0.614602 0.968961 0.581856 0.226027 0.423255 0.429673 
68 70 58 3 57 
0.040898 0.320418 0.0908708 0.753659 0.0422627 0.261381 0.110903 0.453234 0.34447 0.672139 0.547024 0.44362 0.486516 0.22402 0.702419 0.964723 0.546593 0.169214 0.784738 0.441287 0.0201018 0.39934 0.410248 0.601958 0.625367 0.833503 0.0316304 0.0645134 0.247332 0.0648455 0.937122 0.28823 
69 67 30 48 35 
0.289374 0.152792 0.880759 0.633844 0.824931 0.427783 0.0774645 0.311447 0.651803 0.779884 0.27617 0.198396 0.949098 0.0609075 0.639683 0.9692 0.460247 0.0499314 0.571158 0.0856142 0.883434 0.602788 0.150128 0.130766 0.667633 0.0872498 0.418996 0.0528966 0.115243 0.460884 0.480423 0.404617 
70 3 15 36 23 
0.788965 0.115926 0.750054 0.440768 0.89581 0.0262239 0.639165 0.844908 0.0871314 0.278848 0.814108 0.547379 0.328779 0.385265 0.632993 0.212213 0.988053 0.78312 0.342979 0.655687 0.87037 0.761975 0.708583 0.985613 0.222859 0.189006 0.39023 0.836535 0.550188 0.428691 0.275143 0.339153 
71 43 66 50 56 
0.0514204 0.419086 0.285334 0.138552 0.697934 0.0994421 0.68593 0.0267133 0.484708 0.318923 0.238927 0.472761 0.102043 0.581906 0.128448 0.972413 0.343881 0.837031 0.958026 0.56674 0.0260373 0.348256 0.403275 0.576225 0.776948 0.678418 0.915378 0.321565 0.703615 0.6953 0.761991 0.755035 
