64 3
0 0 1 1 1 1 0 0 0 0 0 0 1 1 0 1 0 1 0 1 0 0 0 1 1 0 1 1 1 0 0 0 1 1 0 0 1 1 1 0 1 0 1 1 0 0 0 1 1 1 0 0 0 1 0 0 0 0 0 0 0 1 1 0 
0 2 27 
0.492736 0.190893 0.674621 0.59926 0.236204 0.23252 0.622022 0.613248 
1 62 41 
0.897949 0.269868 0.344315 0.0527028 0.767819 0.237678 0.171471 0.111994 
2 17 49 
0.79463 0.702635 0.969047 0.410761 0.160138 0.0676987 0.142813 0.66038 
3 1 15 
0.0608882 0.0518263 0.269001 0.735509 0.651086 0.505205 0.968029 0.273108 
4 43 31 
0.201592 0.0164026 0.177697 0.545906 0.0691054 0.945516 0.783584 0.240576 
5 46 24 
0.378565 0.85214 0.888063 0.347611 0.2629 0.0482018 0.41531 0.405713 
6 54 51 
0.483821 0.76947 0.0262268 0.752822 0.504979 0.677313 0.258027 0.473008 
7 14 60 
0.380837 0.152013 0.392883 0.558534 0.697919 0.461989 0.50405 0.481503 
8 14 11 
0.666931 0.0811299 0.413699 0.554995 0.428741 0.6766 0.603197 0.844051 
9 37 34 
0.818451 0.566133 0.0812487 0.844678 0.318955 0.586228 0.521991 0.576982 
10 3 33 
0.953463 0.440074 0.624425 0.346346 0.998608 0.322344 0.808335 0.502658 
11 6 13 
0.0642173 0.470778 0.59203 0.477917 0.0257729 0.0207712 0.154516 0.62897 
12 46 22 
0.683273 0.802962 0.021997 0.527952 0.121917 0.608225 0.0499427 0.698899 
13 31 40 
0.652361 0.107535 0.14678 0.998708 0.106143 0.469123 0.807043 0.6088 
14 54 18 
0.673018 0.743748 0.909973 0.150934 0.769521 0.930744 0.30545 0.39849 
15 45 29 
0.339239 0.47884 0.345242 0.361236 0.0067912 0.467158 0.969461 0.0567339 
16 41 34 
0.579089 0.818419 0.744457 0.725868 0.817126 0.850599 0.194992 0.624169 
17 57 37 
0.942112 0.132417 0.211709 0.852085 0.283351 0.98123 0.782829 0.588802 
18 53 43 
0.131081 0.718959 0.0572351 0.476323 0.0801943 0.0640263 0.943481 0.0496548 
19 40 30 
0.686577 0.699849 0.927957 0.431033 0.425717 0.745083 0.281633 0.620709 
20 62 22 
0.0886706 0.311364 0.87345 0.30038 0.163448 0.156801 0.281609 0.946278 
21 52 57 
0.524673 0.876684 0.380288 0.581908 0.353007 0.460482 0.645934 0.296488 
22 45 33 
0.406026 0.196714 0.466543 0.333983 0.627747 0.892261 0.0790663 0.90938 
23 2 4 
0.650413 0.601641 0.759682 0.523862 0.90202 0.92313 0.680663 0.18363 
24 37 16 
0.844959 0.394081 0.30295 0.225247 0.975989 0.655957 0.68573 0.621923 
25 59 29 
0.388618 0.358471 0.392581 0.855161 0.692454 0.0203278 0.747422 0.77152 
26 38 41 
0.580121 0.862033 0.97952 0.103983 0.764053 0.902651 0.784646 0.947683 
27 59 0 
0.792642 0.16614 0.513862 0.0178893 0.142129 0.169818 0.703619 0.764052 
28 34 56 
0.15267 0.480733 0.292066 0.00783091 0.173187 0.312394 0.755253 0.944708 
29 21 63 
0.164546 0.822222 0.877678 0.144067 0.926205 0.641732 0.0467175 0.710851 
30 17 53 
0.921763 0.382057 0.984916 0.435625 0.399946 0.127045 0.605443 0.103565 
31 47 50 
0.0030503 0.0437664 0.208439 0.295116 0.0515973 0.381627 0.60751 0.80685 
32 14 2 
0.700174 0.634947 0.59804 0.341906 0.681664 0.308891 0.93132 0.500441 
33 6 3 
0.485357 0.666278 0.713323 0.612401 0.271721 0.816887 0.503498 0.999427 
34 59 20 
0.207866 0.115054 0.598862 0.589493 0.722564 0.405712 0.915827 0.572176 
35 39 12 
0.244011 0.928382 0.0416543 0.84205 0.270287 0.723319 0.150941 0.201607 
36 11 35 
0.514984 0.709116 0.0478732 0.228307 0.321518 0.319595 0.045194 0.825016 
37 3 26 
0.37228 0.526888 0.980186 0.971142 0.116381 0.70275 0.376854 0.0322079 
38 21 55 
0.438915 0.518937 0.533444 0.48057 0.360987 0.803731 0.203888 0.511928 
39 28 25 
0.520322 0.136764 0.941396 0.748629 0.458281 0.260991 0.793823 0.283297 
40 0 44 
0.655577 0.1069 0.63914 0.626719 0.223281 0.34189 0.00357295 0.255489 
41 6 18 
0.694404 0.135754 0.142078 0.174974 0.496741 0.945809 0.378862 0.00866922 
42 20 54 
0.902192 0.47147 0.943273 0.843589 0.220099 0.401555 0.10458 0.0139223 
43 58 50 
0.672877 0.340428 0.791493 0.312017 0.967147 0.0147739 0.653908 0.97072 
44 31 43 
0.579355 0.964668 0.406478 0.721434 0.139642 0.903219 0.667243 0.518504 
45 51 33 
0.325014 0.81408 0.0898609 0.268287 0.657669 0.30996 0.669842 0.762249 
46 7 37 
0.446841 0.996759 0.695121 0.238334 0.308777 0.662269 0.253108 0.962685 
47 2 52 
0.233409 0.212344 0.488038 0.639887 0.933778 0.62768 0.543106 0.60102 
48 11 38 
0.219411 0.471198 0.269074 0.309272 0.739485 0.926744 0.619232 0.409327 
49 53 52 
0.76402 0.135833 0.939874 0.459141 0.374167 0.248651 0.12141 0.627274 
50 29 18 
0.150645 0.444745 0.966743 0.638683 0.084632 0.900521 0.266363 0.627738 
51 34 31 
0.082732 0.720952 0.883745 0.351806 0.0302245 0.62323 0.27855 0.649457 
52 42 51 
0.592572 0.796576 0.103376 0.532446 0.255718 0.477543 0.781097 0.377128 
53 45 50 
0.131527 0.255463 0.437178 0.0982699 0.894146 0.52181 0.998791 0.160509 
54 3 21 
0.573057 0.232279 0.221284 0.456802 0.584086 0.251508 0.0800321 0.862636 
55 38 16 
0.830178 0.493537 0.909165 0.933554 0.0259826 0.164883 0.411097 0.807079 
56 19 30 
0.799512 0.673538 0.771377 0.23669 0.771808 0.665523 0.758499 0.770598 
57 20 16 
0.27093 0.399089 0.140326 0.492214 0.855892 0.724412 0.743722 0.935924 
58 8 29 
0.0485124 0.417226 0.138224 0.957678 0.350781 0.164207 0.122561 0.761878 
59 25 53 
0.277792 0.770798 0.33811 0.0491694 0.00748783 0.109917 0.714692 0.765987 
60 56 46 
0.674034 0.151445 0.939814 0.81436 0.643659 0.795706 0.538772 0.387381 
61 0 16 
0.0320684 0.780142 0.543046 0.170292 0.73782 0.893827 0.334499 0.860381 
62 32 8 
0.524952 0.933497 0.0765832 0.863062 0.982666 0.0840711 0.972979 0.697359 
63 31 59 
0.238084 0.524092 0.00493993 0.177898 0.338452 0.648599 0.973604 0.877223 
