1700 1
1 1 1 0 0 1 1 1 0 0 1 0 1 1 1 1 0 0 0 0 0 1 0 1 0 1 0 0 0 0 1 0 0 1 0 0 0 0 0 1 1 0 0 0 0 0 0 1 0 1 0 1 1 1 1 0 1 0 1 1 1 1 0 0 0 1 1 1 1 0 1 1 1 0 0 0 0 0 0 1 0 1 1 1 0 1 0 0 0 1 0 0 1 0 1 0 0 0 0 0 1 0 1 0 0 0 1 1 1 1 1 1 1 1 1 0 1 0 0 0 0 1 1 1 0 1 0 0 0 0 1 1 1 1 0 0 1 0 0 1 0 0 1 1 0 1 0 0 1 1 1 0 0 1 0 1 0 0 0 1 1 1 1 1 1 0 1 1 0 0 0 1 0 0 1 1 1 1 1 1 1 1 0 0 0 0 1 1 1 0 1 1 0 0 1 1 1 1 1 0 1 0 1 0 0 1 0 0 1 0 0 0 1 1 1 0 0 1 0 0 1 0 0 0 1 1 0 0 1 1 1 1 0 1 0 1 0 0 0 0 1 1 1 1 0 0 0 1 0 1 1 0 1 0 0 1 0 1 0 1 1 1 1 1 1 1 1 0 0 1 0 0 1 0 1 0 1 0 1 1 1 1 0 1 0 1 1 0 0 1 0 0 1 0 0 1 0 1 1 1 1 0 1 1 1 1 1 0 0 1 0 0 1 1 0 0 0 1 1 1 1 0 0 1 0 0 1 1 0 1 0 0 0 0 0 1 0 0 0 1 0 1 1 0 1 0 0 0 0 0 0 0 0 0 0 1 1 1 1 0 1 0 1 1 1 0 1 0 0 0 1 1 0 1 1 0 0 0 0 0 1 1 1 0 0 1 0 0 1 1 1 1 0 1 1 1 1 1 0 0 0 0 0 1 0 0 1 0 1 0 1 0 0 1 1 0 1 1 1 1 1 0 0 0 0 0 0 0 1 0 1 0 1 1 1 1 0 1 0 1 0 0 0 1 0 0 0 1 0 1 1 0 0 0 0 1 0 1 1 0 0 1 1 1 1 1 1 1 1 0 1 0 1 0 1 0 1 0 0 1 0 1 0 1 0 1 0 1 0 0 0 1 0 1 1 1 1 1 1 0 0 1 1 0 0 1 0 0 1 1 0 0 1 0 1 1 0 0 1 1 1 1 0 0 1 0 0 1 1 0 0 0 0 1 0 1 1 1 1 1 1 0 1 0 1 1 0 1 0 0 1 0 0 0 1 0 0 1 1 0 0 0 1 0 0 0 0 1 0 0 1 1 0 1 0 0 1 1 0 0 0 1 1 0 0 0 1 1 0 1 0 1 1 1 0 0 0 0 0 0 1 1 0 0 1 1 0 0 1 1 1 0 1 0 1 1 1 0 1 0 0 1 0 0 1 0 0 0 1 1 1 1 1 0 1 0 0 0 1 0 0 1 0 1 0 0 1 0 1 1 1 1 1 1 0 1 0 1 1 0 0 1 0 0 1 0 1 0 1 1 0 1 0 1 1 1 0 1 1 1 1 1 1 0 1 0 0 0 1 0 1 0 1 1 1 1 0 0 0 1 0 1 1 1 1 1 0 1 1 0 1 1 0 1 0 1 0 0 0 0 1 1 1 1 1 0 1 0 1 1 0 0 1 0 1 0 0 0 0 0 1 0 1 0 0 0 0 1 1 0 1 0 0 1 0 0 0 1 1 0 1 1 0 1 0 0 0 0 1 1 1 1 0 1 0 1 1 0 0 1 1 0 0 0 0 0 1 0 0 1 1 0 1 0 0 1 1 0 0 1 0 0 1 0 1 1 0 1 0 1 1 0 0 1 1 0 0 1 1 1 1 1 0 0 1 1 0 1 0 1 0 0 0 0 1 0 0 0 0 1 1 1 0 0 1 0 1 0 0 1 0 1 0 1 0 0 1 1 0 1 1 1 0 0 1 0 0 0 1 1 1 1 1 0 1 1 0 1 0 1 0 1 1 1 1 0 0 0 0 1 0 0 0 1 0 0 0 1 1 0 1 1 1 0 1 1 0 0 1 0 0 0 0 1 0 1 0 1 0 0 0 1 1 1 1 0 0 0 0 0 1 1 1 1 0 1 1 1 0 0 0 1 1 0 1 1 0 1 1 1 0 0 1 0 0 1 0 1 0 1 1 0 1 1 1 0 1 1 1 0 0 0 0 1 1 1 1 0 1 1 0 0 1 0 1 0 0 0 1 1 1 1 1 1 1 1 1 1 1 1 0 1 0 1 1 1 1 1 0 1 1 0 0 1 1 1 1 1 0 1 1 0 1 1 1 1 1 1 1 0 1 0 0 0 0 0 0 1 0 0 1 0 1 1 1 1 1 1 1 0 1 0 0 1 0 0 1 1 0 1 0 0 0 1 1 1 0 1 1 1 0 0 0 0 0 0 0 0 0 1 1 0 0 0 0 1 1 0 1 0 0 0 1 1 0 0 0 1 0 0 1 1 1 1 0 0 0 1 1 0 1 0 1 0 1 1 1 0 0 1 1 0 1 0 0 0 1 1 1 0 1 1 0 1 1 1 1 1 1 1 0 0 0 0 1 1 0 1 0 0 0 0 1 0 1 0 1 1 1 1 0 1 0 1 1 0 1 1 0 0 0 1 1 1 1 1 1 0 0 0 1 1 0 1 0 0 1 0 1 1 1 0 1 0 1 1 1 1 0 1 0 1 1 0 1 1 1 0 1 0 1 1 0 0 0 1 0 0 0 0 0 0 1 0 1 1 0 0 0 1 0 1 1 0 1 0 1 1 1 1 0 1 1 1 1 0 1 0 1 0 1 0 0 1 1 0 0 1 1 1 1 0 1 0 0 1 1 0 1 1 0 0 1 0 0 1 0 0 0 0 0 0 0 1 1 0 0 0 0 1 0 1 0 0 0 1 1 0 0 1 0 1 1 0 1 0 1 0 0 0 1 1 0 0 1 0 0 0 1 1 0 0 1 0 1 0 0 1 1 0 0 0 0 0 0 0 1 0 1 0 1 0 0 0 1 0 1 0 0 1 1 1 0 1 0 1 1 0 1 1 1 0 1 0 1 0 0 0 1 0 1 1 1 1 1 0 0 1 1 1 0 1 0 1 0 1 1 0 0 0 0 0 1 0 0 0 1 1 1 1 0 1 0 1 1 0 0 1 0 0 1 1 1 0 0 0 1 0 1 0 1 0 0 0 0 1 1 0 1 1 1 0 1 0 0 0 1 1 0 0 1 0 1 1 0 0 0 0 1 0 1 0 1 0 1 0 0 1 0 0 1 0 0 1 1 1 0 1 0 1 0 0 1 0 0 0 1 1 1 0 0 1 1 0 1 1 0 0 1 1 0 1 0 1 1 0 1 1 0 0 1 1 1 1 1 0 0 1 0 0 0 1 1 0 1 1 0 0 0 0 0 1 0 1 1 1 0 0 1 1 1 1 1 0 0 1 1 1 0 1 1 1 1 1 1 1 1 0 0 0 0 1 1 1 1 1 1 0 0 1 0 1 0 1 0 1 1 0 1 0 0 1 1 1 1 1 1 1 0 1 1 1 1 1 0 0 1 0 1 1 1 1 1 0 1 0 0 1 1 0 1 1 1 1 1 1 1 1 0 0 1 0 1 0 0 0 1 0 1 1 0 1 1 0 0 1 1 1 0 0 1 0 0 1 0 0 1 0 0 0 1 1 1 1 0 0 0 0 0 1 0 1 1 1 1 1 1 1 1 0 0 1 1 1 1 0 0 0 1 0 1 0 0 0 0 1 1 0 0 0 0 1 1 0 1 1 0 0 1 1 1 1 1 0 1 0 1 1 1 0 
0 
0.794896 0.288771 
1 
0.815047 0.398208 
2 
0.0771018 0.298039 
3 
0.74602 0.789639 
4 
0.776926 0.934342 
5 
0.784721 0.886146 
6 
0.995803 0.839304 
7 
0.589544 0.719276 
8 
0.778604 0.933032 
9 
0.680283 0.533412 
10 
0.894119 0.849452 
11 
0.261055 0.893271 
12 
0.720369 0.314255 
13 
0.311586 0.746331 
14 
0.960775 0.414705 
15 
0.249672 0.755671 
16 
0.703476 0.0647196 
17 
0.15388 0.780578 
18 
0.362759 0.8999 
19 
0.570217 0.139685 
20 
0.834243 0.354938 
21 
0.0258301 0.830046 
22 
0.194242 0.615374 
23 
0.549322 0.972846 
24 
0.548407 0.229605 
25 
0.506258 0.442526 
26 
0.0790568 0.767313 
27 
0.335797 0.799426 
28 
0.081568 0.647383 
29 
0.545757 0.042343 
30 
0.0620878 0.795429 
31 
0.798015 0.765564 
32 
0.860149 0.951894 
33 
0.546142 0.222908 
34 
0.851794 0.116359 
35 
0.362592 0.686037 
36 
0.471297 0.388422 
37 
0.516083 0.665539 
38 
0.00379688 0.0654046 
39 
0.638385 0.552204 
40 
0.295009 0.144643 
41 
0.99473 0.374066 
42 
0.911956 0.330527 
43 
0.173492 0.993524 
44 
0.97791 0.719249 
45 
0.035867 0.0399975 
46 
0.514679 0.833882 
47 
0.805562 0.374827 
48 
0.785776 0.351704 
49 
0.597735 0.63757 
50 
0.468063 0.960327 
51 
0.323607 0.939361 
52 
0.34875 0.839689 
53 
0.604899 0.352547 
54 
0.905094 0.243284 
55 
0.90475 0.200103 
56 
0.387927 0.89948 
57 
0.574169 0.299883 
58 
0.230007 0.747661 
59 
0.293407 0.207917 
60 
0.466911 0.329274 
61 
0.247914 0.981589 
62 
0.163155 0.0534761 
63 
0.356416 0.948931 
64 
0.40518 0.954152 
65 
0.586501 0.873243 
66 
0.914479 0.910108 
67 
0.812604 0.263229 
68 
0.749797 0.417503 
69 
0.615775 0.654891 
70 
0.660788 0.520526 
71 
0.854994 0.0487147 
72 
0.420006 0.429164 
73 
0.348598 0.650013 
74 
0.176825 0.642005 
75 
0.85793 0.643735 
76 
0.971278 0.105845 
77 
0.625325 0.134434 
78 
0.159321 0.981741 
79 
0.083365 0.564501 
80 
0.935893 0.669866 
81 
0.437744 0.850372 
82 
0.579974 0.250348 
83 
0.1136 0.329771 
84 
0.667852 0.729376 
85 
0.984662 0.328639 
86 
0.249901 0.839657 
87 
0.377354 0.669908 
88 
0.26882 0.725952 
89 
0.319921 0.445645 
90 
0.367956 0.177851 
91 
0.0893804 0.339235 
92 
0.283696 0.714705 
93 
0.473669 0.443017 
94 
0.696446 0.557034 
95 
0.00751745 0.632339 
96 
0.2269 0.445262 
97 
0.48271 0.806874 
98 
0.69561 0.59631 
99 
0.136645 0.363461 
100 
0.325686 0.121307 
101 
0.692101 0.575588 
102 
0.960963 0.0694548 
103 
0.245495 0.229783 
104 
0.795407 0.565416 
105 
0.675428 0.163363 
106 
0.743268 0.764809 
107 
0.502598 0.0269636 
108 
0.479514 0.976267 
109 
0.46998 0.17596 
110 
0.5333 0.477498 
111 
0.808298 0.7602 
112 
0.922759 0.291009 
113 
0.567074 0.618369 
114 
0.887319 0.703719 
115 
0.98183 0.213005 
116 
0.825026 0.673931 
117 
0.788593 0.785989 
118 
0.743386 0.034088 
119 
0.0157724 0.538792 
120 
0.599504 0.691201 
121 
0.702155 0.342772 
122 
0.45601 0.204753 
123 
0.369735 0.935523 
124 
0.18102 0.839716 
125 
0.111483 0.71432 
126 
0.317214 0.919781 
127 
0.47452 0.239973 
128 
0.21079 0.0415941 
129 
0.858342 0.0981089 
130 
0.745313 0.840172 
131 
0.311114 0.570338 
132 
0.514103 0.0997068 
133 
0.356327 0.257489 
134 
0.133795 0.3721 
135 
0.796281 0.733299 
136 
0.0633004 0.498436 
137 
0.076071 0.51931 
138 
0.703189 0.445807 
139 
0.454833 0.884209 
140 
0.285522 0.566316 
141 
0.598529 0.602736 
142 
0.486097 0.073049 
143 
0.842709 0.696887 
144 
0.114643 0.701051 
145 
0.794996 0.859956 
146 
0.541223 0.10611 
147 
0.430294 0.0553258 
148 
0.205817 0.786621 
149 
0.312815 0.339612 
150 
0.158721 0.109096 
151 
0.0729108 0.222021 
152 
0.607532 0.148982 
153 
0.741331 0.310721 
154 
0.594788 0.196164 
155 
0.19493 0.880311 
156 
0.76248 0.793459 
157 
0.483046 0.248578 
158 
0.866508 0.325755 
159 
0.945465 0.981151 
160 
0.0268057 0.740461 
161 
0.841107 0.568028 
162 
0.84657 0.271401 
163 
0.623354 0.0523873 
164 
0.0580222 0.936169 
165 
0.391999 0.216743 
166 
0.0452644 0.46491 
167 
0.438764 0.652796 
168 
0.613892 0.180095 
169 
0.963518 0.20868 
170 
0.37626 0.158448 
171 
0.0889905 0.13874 
172 
0.951907 0.572037 
173 
0.387317 0.818415 
174 
0.897792 0.332782 
175 
0.799566 0.924598 
176 
0.0732426 0.640673 
177 
0.492626 0.919813 
178 
0.912074 0.11598 
179 
0.9722 0.970096 
180 
0.052149 0.364199 
181 
0.186839 0.0974134 
182 
0.829109 0.625604 
183 
0.75021 0.443001 
184 
0.805699 0.713728 
185 
0.65168 0.181959 
186 
0.872176 0.740671 
187 
0.320699 0.824083 
188 
0.312708 0.708016 
189 
0.642498 0.2105 
190 
0.0407984 0.442064 
191 
0.135098 0.114041 
192 
0.0827375 0.627724 
193 
0.033854 0.994812 
194 
0.743705 0.00605442 
195 
0.964908 0.795854 
196 
0.370254 0.151747 
197 
0.893267 0.199363 
198 
0.777351 0.643477 
199 
0.642363 0.58305 
200 
0.357205 0.294044 
201 
0.765009 0.22938 
202 
0.0347149 0.0857077 
203 
0.0534633 0.347423 
204 
0.793724 0.695961 
205 
0.557923 0.834522 
206 
0.138026 0.693021 
207 
0.948563 0.220763 
208 
0.320745 0.982417 
209 
0.215575 0.0644499 
210 
0.988472 0.180483 
211 
0.860303 0.358726 
212 
0.33223 0.75357 
213 
0.558088 0.109581 
214 
0.397047 0.200452 
215 
0.692631 0.754252 
216 
0.494496 0.45764 
217 
0.983632 0.529211 
218 
0.543348 0.0370953 
219 
0.876633 0.337072 
220 
0.733057 0.434556 
221 
0.171594 0.871083 
222 
0.127578 0.120158 
223 
0.0918458 0.448323 
224 
0.102575 0.307421 
225 
0.512773 0.0910469 
226 
0.487903 0.373076 
227 
0.449772 0.820133 
228 
0.126646 0.00786079 
229 
0.929714 0.523694 
230 
0.208313 0.622346 
231 
0.277945 0.702808 
232 
0.0799858 0.261577 
233 
0.232019 0.623334 
234 
0.298672 0.108652 
235 
0.960405 0.0317292 
236 
0.543209 0.132 
237 
0.902812 0.670786 
238 
0.252157 0.994657 
239 
0.119109 0.354732 
240 
0.302078 0.631882 
241 
0.445779 0.789981 
242 
0.00495812 0.895552 
243 
0.610115 0.131605 
244 
0.903413 0.539829 
245 
0.655298 0.111725 
246 
0.162175 0.933243 
247 
0.814533 0.242161 
248 
0.19482 0.0465521 
249 
0.865494 0.493493 
250 
0.155204 0.8259 
251 
0.525222 0.698413 
252 
0.9579 0.428034 
253 
0.369199 0.210057 
254 
0.422691 0.488308 
255 
0.56479 0.724769 
256 
0.12019 0.0105691 
257 
0.514751 0.125148 
258 
0.906121 0.124866 
259 
0.256753 0.809533 
260 
0.664695 0.912051 
261 
0.921259 0.82687 
262 
0.845294 0.735792 
263 
0.0690311 0.0401146 
264 
0.782344 0.934526 
265 
0.533607 0.937548 
266 
0.760426 0.0588293 
267 
0.635961 0.718325 
268 
0.486863 0.0051601 
269 
0.928383 0.909554 
270 
0.493468 0.493172 
271 
0.634323 0.613659 
272 
0.503741 0.149074 
273 
0.738807 0.409862 
274 
0.27394 0.99556 
275 
0.219396 0.938635 
276 
0.907611 0.140654 
277 
0.765505 0.752905 
278 
0.876446 0.834536 
279 
0.79302 0.65879 
280 
0.769061 0.326627 
281 
0.596338 0.529487 
282 
0.385456 0.232299 
283 
0.247812 0.872319 
284 
0.237459 0.176195 
285 
0.781874 0.730927 
286 
0.669367 0.416197 
287 
0.344586 0.173108 
288 
0.565271 0.0833931 
289 
0.58297 0.83921 
290 
0.0789531 0.802366 
291 
0.777845 0.986564 
292 
0.94302 0.54335 
293 
0.739469 0.819466 
294 
0.377886 0.532489 
295 
0.478256 0.146947 
296 
0.859116 0.0745937 
297 
0.676434 0.244573 
298 
0.306893 0.924246 
299 
0.116892 0.544352 
300 
0.100441 0.898766 
301 
0.275279 0.769808 
302 
0.314962 0.619865 
303 
0.942917 0.880233 
304 
0.703258 0.525887 
305 
0.719443 0.782211 
306 
0.328253 0.497288 
307 
0.768775 0.271273 
308 
0.040638 0.508245 
309 
0.0907391 0.418524 
310 
0.0407337 0.568995 
311 
0.565471 0.89985 
312 
0.643589 0.241905 
313 
0.144423 0.950481 
314 
0.166151 0.261315 
315 
0.494833 0.266593 
316 
0.16008 0.770112 
317 
0.0364009 0.475043 
318 
0.389977 0.979318 
319 
0.355276 0.093235 
320 
0.505205 0.0747194 
321 
0.875446 0.833458 
322 
0.572008 0.644222 
323 
0.104731 0.612646 
324 
0.152466 0.19547 
325 
0.0311692 0.1932 
326 
0.764465 0.59664 
327 
0.09305 0.408053 
328 
0.838545 0.237473 
329 
0.358535 0.00469635 
330 
0.498787 0.853367 
331 
0.271289 0.658868 
332 
0.623479 0.30769 
333 
0.133911 0.0134559 
334 
0.287008 0.489187 
335 
0.106691 0.792212 
336 
0.563906 0.982137 
337 
0.62567 0.135914 
338 
0.626359 0.730401 
339 
0.748559 0.778825 
340 
0.925871 0.779728 
341 
0.972025 0.690336 
342 
0.376368 0.0650753 
343 
0.0983892 0.214913 
344 
0.302548 0.456924 
345 
0.21961 0.801335 
346 
0.310291 0.490899 
347 
0.460203 0.93377 
348 
0.798589 0.594114 
349 
0.947226 0.0855963 
350 
0.0833005 0.0539168 
351 
0.877808 0.647207 
352 
0.036054 0.503478 
353 
0.78312 0.662413 
354 
0.233879 0.531679 
355 
0.441238 0.15975 
356 
0.311408 0.413264 
357 
0.850086 0.687776 
358 
0.478339 0.948475 
359 
0.90269 0.780887 
360 
0.405399 0.1223 
361 
0.582222 0.71569 
362 
0.613198 0.042425 
363 
0.64946 0.411787 
364 
0.636539 0.596686 
365 
0.497383 0.719839 
366 
0.650603 0.375192 
367 
0.367046 0.686657 
368 
0.87867 0.150166 
369 
0.34907 0.11255 
370 
0.681845 0.790308 
371 
0.2723 0.993253 
372 
0.203572 0.122386 
373 
0.68103 0.681911 
374 
0.0708619 0.583719 
375 
0.462797 0.476261 
376 
0.706019 0.0450195 
377 
0.191951 0.319217 
378 
0.0874445 0.841412 
379 
0.731005 0.723983 
380 
0.438098 0.228388 
381 
0.443822 0.088701 
382 
0.60358 0.810868 
383 
0.775358 0.48225 
384 
0.961034 0.124428 
385 
0.5948 0.642879 
386 
0.914736 0.867101 
387 
0.636133 0.118308 
388 
0.989487 0.317162 
389 
0.800219 0.0603489 
390 
0.900882 0.263016 
391 
0.53661 0.606901 
392 
0.308036 0.728562 
393 
0.926118 0.39548 
394 
0.569973 0.657123 
395 
0.119463 0.00807127 
396 
0.885511 0.563286 
397 
0.0967723 0.489091 
398 
0.374154 0.87213 
399 
0.971341 0.335188 
400 
0.996558 0.566142 
401 
0.978067 0.911295 
402 
0.433242 0.6142 
403 
0.0296027 0.422729 
404 
0.931362 0.829822 
405 
0.483078 0.832243 
406 
0.0928379 0.019688 
407 
0.439144 0.400874 
408 
0.74825 0.365262 
409 
0.796354 0.318223 
410 
0.0223849 0.915817 
411 
0.326294 0.907896 
412 
0.479103 0.423066 
413 
0.396987 0.853257 
414 
0.295197 0.368328 
415 
0.188445 0.291755 
416 
0.934469 0.166512 
417 
0.203049 0.367712 
418 
0.780712 0.232652 
419 
0.790441 0.712074 
420 
0.0624737 0.273519 
421 
0.544317 0.155312 
422 
0.293207 0.983461 
423 
0.556185 0.0414561 
424 
0.348723 0.352539 
425 
0.359679 0.371108 
426 
0.268357 0.685973 
427 
0.279004 0.74746 
428 
0.109039 0.675991 
429 
0.600717 0.404236 
430 
0.0443187 0.789162 
431 
0.695991 0.978788 
432 
0.955674 0.89904 
433 
0.3465 0.736386 
434 
0.131693 0.13694 
435 
0.44846 0.194166 
436 
0.410459 0.992777 
437 
0.349478 0.703665 
438 
0.976239 0.905663 
439 
0.745122 0.324962 
440 
0.258202 0.1048 
441 
0.696071 0.526559 
442 
0.790773 0.975075 
443 
0.274019 0.899813 
444 
0.651065 0.874736 
445 
0.304049 0.695384 
446 
0.663897 3.96986e-05 
447 
0.674172 0.619572 
448 
0.89908 0.0206719 
449 
0.355958 0.0307726 
450 
0.157612 0.804418 
451 
0.224939 0.568071 
452 
0.797195 0.574417 
453 
0.271736 0.773434 
454 
0.48008 0.016858 
455 
0.098396 0.738282 
456 
0.121658 0.794467 
457 
0.264841 0.912432 
458 
0.769541 0.53886 
459 
0.812245 0.420607 
460 
0.413596 0.116294 
461 
0.115991 0.0774931 
462 
0.116333 0.790163 
463 
0.697065 0.0154133 
464 
0.810835 0.0530224 
465 
0.0461859 0.968447 
466 
0.85744 0.271125 
467 
0.536518 0.654635 
468 
0.845542 0.808255 
469 
0.428069 0.325621 
470 
0.825113 0.526465 
471 
0.0639037 0.946771 
472 
0.320932 0.328745 
473 
0.859203 0.0904728 
474 
0.867605 0.671448 
475 
0.511079 0.281201 
476 
0.787741 0.62707 
477 
0.358694 0.904074 
478 
0.417233 0.0557582 
479 
0.919488 0.228068 
480 
0.108781 0.965674 
481 
0.196514 0.966221 
482 
0.236798 0.733033 
483 
0.620856 0.0823399 
484 
0.541287 0.0489252 
485 
0.407961 0.3664 
486 
0.57539 0.471865 
487 
0.31317 0.896322 
488 
0.80061 0.172373 
489 
0.986795 0.668215 
490 
0.843821 0.497874 
491 
0.949415 0.631562 
492 
0.124944 0.308109 
493 
0.535637 0.542177 
494 
0.363867 0.455124 
495 
0.770244 0.472648 
496 
0.420798 0.966759 
497 
0.438869 0.657596 
498 
0.699791 0.0597247 
499 
0.739936 0.241078 
500 
0.10865 0.147898 
501 
0.607478 0.68404 
502 
0.619763 0.920648 
503 
0.580362 0.420373 
504 
0.0930218 0.567157 
505 
0.0885876 0.936843 
506 
0.0650311 0.038003 
507 
0.568405 0.189975 
508 
0.346112 0.104041 
509 
0.732152 0.709979 
510 
0.559166 0.502397 
511 
0.182627 0.979964 
512 
0.469155 0.621496 
513 
0.63756 0.168947 
514 
0.68122 0.377496 
515 
0.410025 0.78987 
516 
0.525394 0.0175034 
517 
0.473911 0.145157 
518 
0.938152 0.0542728 
519 
0.565529 0.0311736 
520 
0.62143 0.654117 
521 
0.968016 0.686461 
522 
0.69212 0.536421 
523 
0.876436 0.038232 
524 
0.640463 0.608588 
525 
0.748211 0.199628 
526 
0.110985 0.930838 
527 
0.179592 0.58014 
528 
0.552334 0.817152 
529 
0.749087 0.233554 
530 
0.194648 0.159112 
531 
0.0234244 0.720042 
532 
0.176616 0.497335 
533 
0.865199 0.114768 
534 
0.551608 0.430728 
535 
0.145941 0.173037 
536 
0.0848453 0.113958 
537 
0.859498 0.776965 
538 
0.650379 0.735934 
539 
0.815197 0.290842 
540 
0.344522 0.563409 
541 
0.49047 0.455507 
542 
0.494247 0.670062 
543 
0.0356471 0.0465806 
544 
0.487214 0.784734 
545 
0.280135 0.681863 
546 
0.943847 0.303559 
547 
0.401905 0.120463 
548 
0.800894 0.267104 
549 
0.23523 0.352502 
550 
0.697832 0.381172 
551 
0.525539 0.782677 
552 
0.495129 0.385038 
553 
0.559643 0.145508 
554 
0.120972 0.37484 
555 
0.43635 0.465494 
556 
0.938249 0.92682 
557 
0.921001 0.432496 
558 
0.596883 0.956649 
559 
0.479076 0.0840968 
560 
0.741383 0.759211 
561 
0.765959 0.685229 
562 
0.06277 0.167864 
563 
0.805692 0.863664 
564 
0.434968 0.0409224 
565 
0.216166 0.1328 
566 
0.422094 0.741705 
567 
0.915478 0.917224 
568 
0.126743 0.47512 
569 
0.062732 0.247715 
570 
0.84996 0.499082 
571 
0.713209 0.788209 
572 
0.425903 0.634211 
573 
0.220705 0.0227852 
574 
0.590859 0.699781 
575 
0.106882 0.332242 
576 
0.458992 0.872841 
577 
0.0174714 0.521762 
578 
0.0407054 0.823164 
579 
0.385426 0.475673 
580 
0.864086 0.601592 
581 
0.608474 0.28618 
582 
0.343297 0.523951 
583 
0.203404 0.47004 
584 
0.999071 0.266136 
585 
0.717754 0.849032 
586 
0.765218 0.430964 
587 
0.637241 0.19112 
588 
0.0651743 0.857946 
589 
0.213906 0.656033 
590 
0.557727 0.320788 
591 
0.988275 0.0167184 
592 
0.193629 0.00574689 
593 
0.53848 0.234334 
594 
0.82891 0.923906 
595 
0.710008 0.692996 
596 
0.525497 0.318481 
597 
0.979176 0.868794 
598 
0.842432 0.18258 
599 
0.338834 0.841504 
600 
0.448715 0.0565883 
601 
0.690536 0.213933 
602 
0.487552 0.327777 
603 
0.405054 0.552726 
604 
0.185723 0.618959 
605 
0.20876 0.74345 
606 
0.939747 0.197035 
607 
0.760168 0.133376 
608 
0.202782 0.298648 
609 
0.36771 0.0316925 
610 
0.222554 0.077718 
611 
0.724689 0.748051 
612 
0.396199 0.703865 
613 
0.616845 0.238632 
614 
0.886445 0.955679 
615 
0.0801356 0.33516 
616 
0.0122673 0.770671 
617 
0.549094 0.499819 
618 
0.0984485 0.954147 
619 
0.0525455 0.284171 
620 
0.573107 0.261305 
621 
0.027621 0.512854 
622 
0.45834 0.787789 
623 
0.64623 0.661122 
624 
0.0864371 0.0139401 
625 
0.692815 0.308991 
626 
0.0916581 0.417504 
627 
0.0570419 0.487857 
628 
0.121369 0.673887 
629 
0.726489 0.00781395 
630 
0.629566 0.806625 
631 
0.342974 0.641833 
632 
0.577296 0.892068 
633 
0.141653 0.675745 
634 
0.846216 0.194198 
635 
0.959916 0.419323 
636 
0.455503 0.987537 
637 
0.932176 0.913844 
638 
0.775326 0.578406 
639 
0.574966 0.861763 
640 
0.592346 0.267781 
641 
0.170754 0.684005 
642 
0.685285 0.227796 
643 
0.171862 0.806654 
644 
0.901683 0.898351 
645 
0.814468 0.531249 
646 
0.704976 0.157442 
647 
0.173083 0.282272 
648 
0.0495103 0.314735 
649 
0.958017 0.895726 
650 
0.508933 0.917933 
651 
0.315048 0.964437 
652 
0.90547 0.247225 
653 
0.87828 0.680796 
654 
0.825631 0.453247 
655 
0.542559 0.417978 
656 
0.721028 0.713313 
657 
0.101982 0.406313 
658 
0.941109 0.273844 
659 
0.212966 0.842792 
660 
0.172195 0.0274343 
661 
0.374041 0.877171 
662 
0.184876 0.547124 
663 
0.159443 0.234387 
664 
0.861859 0.11746 
665 
0.130113 0.370792 
666 
0.0353926 0.445161 
667 
0.335229 0.940862 
668 
0.692386 0.213509 
669 
0.621658 0.518018 
670 
0.666756 0.164218 
671 
0.935995 0.387783 
672 
0.877531 0.0379776 
673 
0.794096 0.81864 
674 
0.311822 0.0070625 
675 
0.661432 0.484017 
676 
0.0344968 0.0354731 
677 
0.361189 0.219373 
678 
0.582597 0.520632 
679 
0.45376 0.444456 
680 
0.638092 0.583873 
681 
0.815248 0.673484 
682 
0.0290341 0.150477 
683 
0.614347 0.72142 
684 
0.363986 0.236005 
685 
0.239438 0.0307415 
686 
0.400222 0.175433 
687 
0.418525 0.277753 
688 
0.213411 0.212621 
689 
0.096393 0.525233 
690 
0.219683 0.757825 
691 
0.00924977 0.25418 
692 
0.793298 0.370438 
693 
0.473553 0.375895 
694 
0.89107 0.927313 
695 
0.82035 0.529162 
696 
0.511186 0.635598 
697 
0.202646 0.54022 
698 
0.786075 0.816993 
699 
0.261641 0.150061 
700 
0.0529975 0.501079 
701 
0.180802 0.45322 
702 
0.676512 0.599327 
703 
0.730973 0.889922 
704 
0.811948 0.827366 
705 
0.415155 0.0316315 
706 
0.585191 0.424405 
707 
0.285812 0.378489 
708 
0.794843 0.759365 
709 
0.754384 0.685913 
710 
0.686679 0.574734 
711 
0.215075 0.197865 
712 
0.210332 0.417721 
713 
0.738085 0.996407 
714 
0.234713 0.999726 
715 
0.146468 0.287711 
716 
0.500805 0.32727 
717 
0.740931 0.177317 
718 
0.926598 0.471904 
719 
0.0672389 0.738546 
720 
0.29927 0.482394 
721 
0.770177 0.884461 
722 
0.906798 0.055989 
723 
0.26295 0.701641 
724 
0.815354 0.0173336 
725 
0.387554 0.502033 
726 
0.592068 0.602629 
727 
0.699898 0.8024 
728 
0.0203495 0.437983 
729 
0.798807 0.255063 
730 
0.437709 0.945276 
731 
0.542773 0.938514 
732 
0.272546 0.283704 
733 
0.115831 0.199144 
734 
0.755608 0.183069 
735 
0.937689 0.054878 
736 
0.665463 0.707867 
737 
0.939339 0.572262 
738 
0.763856 0.202289 
739 
0.273903 0.57921 
740 
0.219623 0.661457 
741 
0.0812425 0.81169 
742 
0.264086 0.78114 
743 
0.614091 0.284436 
744 
0.219123 0.412898 
745 
0.539499 0.656833 
746 
0.358174 0.082272 
747 
0.595347 0.63072 
748 
0.365976 0.711177 
749 
0.829863 0.121584 
750 
0.894247 0.767553 
751 
0.176462 0.55971 
752 
0.475419 0.115801 
753 
0.131972 0.239275 
754 
0.31809 0.405875 
755 
0.818485 0.537713 
756 
0.0673324 0.899727 
757 
0.349403 0.331419 
758 
0.680867 0.963494 
759 
0.615855 0.899991 
760 
0.376392 0.155354 
761 
0.556823 0.734565 
762 
0.237625 0.15217 
763 
0.365285 0.603601 
764 
0.863347 0.195148 
765 
0.725185 0.757594 
766 
0.962701 0.901647 
767 
0.317304 0.43812 
768 
0.0174478 0.449276 
769 
0.677395 0.335538 
770 
0.855151 0.49588 
771 
0.87325 0.922483 
772 
0.395607 0.222653 
773 
0.253902 0.076474 
774 
0.186147 0.869757 
775 
0.976465 0.562538 
776 
0.0251105 0.533288 
777 
0.297104 0.262736 
778 
0.685458 0.662389 
779 
0.866337 0.548805 
780 
0.857537 0.591523 
781 
0.3064 0.820238 
782 
0.49317 0.623704 
783 
0.258358 0.510617 
784 
0.0729798 0.935754 
785 
0.846155 0.928131 
786 
0.431634 0.719405 
787 
0.850614 0.82724 
788 
0.942058 0.104516 
789 
0.903714 0.128205 
790 
0.974273 0.880179 
791 
0.690744 0.999384 
792 
0.413467 0.987847 
793 
0.26212 0.0989248 
794 
0.650236 0.128457 
795 
0.64773 0.507773 
796 
0.71998 0.95413 
797 
0.328011 0.213149 
798 
0.577833 0.586369 
799 
0.723767 0.650813 
800 
0.522123 0.569922 
801 
0.578944 0.953757 
802 
0.289327 0.429558 
803 
0.780997 0.231386 
804 
0.534074 0.684711 
805 
0.359591 0.508348 
806 
0.56489 0.0503344 
807 
0.507732 0.978357 
808 
0.0381817 0.769851 
809 
0.0772818 0.688417 
810 
0.898309 0.725012 
811 
0.19619 0.618288 
812 
0.679142 0.524201 
813 
0.831438 0.256975 
814 
0.11057 0.555205 
815 
0.907788 0.632693 
816 
0.125126 0.486732 
817 
0.58645 0.414453 
818 
0.91629 0.367447 
819 
0.645839 0.450365 
820 
0.0521579 0.00542967 
821 
0.958713 0.617048 
822 
0.0557641 0.466444 
823 
0.595405 0.0939457 
824 
0.236296 0.672687 
825 
0.782363 0.134604 
826 
0.397699 0.978553 
827 
0.752893 0.0768402 
828 
0.502754 0.58433 
829 
0.333815 0.613325 
830 
0.139535 0.241603 
831 
0.246018 0.264661 
832 
0.728336 0.832468 
833 
0.679114 0.644626 
834 
0.199914 0.324953 
835 
0.0949909 0.252072 
836 
0.330383 0.0537036 
837 
0.86912 0.386147 
838 
0.520148 0.464525 
839 
0.480093 0.756443 
840 
0.137212 0.262456 
841 
0.891048 0.534911 
842 
0.241009 0.64394 
843 
0.611751 0.743764 
844 
0.22827 0.945566 
845 
0.357089 0.367805 
846 
0.187169 0.603107 
847 
0.632466 0.915505 
848 
0.435574 0.311581 
849 
0.560131 0.635489 
850 
0.636534 0.655122 
851 
0.887561 0.966917 
852 
0.708825 0.756681 
853 
0.353064 0.228973 
854 
0.221207 0.833157 
855 
0.985417 0.358419 
856 
0.0956128 0.876464 
857 
0.893329 0.336622 
858 
0.520404 0.50508 
859 
0.0803861 0.748675 
860 
0.450646 0.437475 
861 
0.11648 0.637816 
862 
0.0405812 0.748946 
863 
0.553321 0.476156 
864 
0.0605269 0.113451 
865 
0.111644 0.697061 
866 
0.768573 0.999205 
867 
0.663978 0.477399 
868 
0.755887 0.0170419 
869 
0.706372 0.977093 
870 
0.850199 0.691788 
871 
0.335512 0.945811 
872 
0.568253 0.228841 
873 
0.282434 0.0886568 
874 
0.733921 0.36282 
875 
0.837332 0.184568 
876 
0.800295 0.953811 
877 
0.822383 0.840876 
878 
0.702758 0.375704 
879 
0.317031 0.763285 
880 
0.489155 0.428676 
881 
0.460345 0.257729 
882 
0.427881 0.124323 
883 
0.735127 0.183767 
884 
0.141365 0.441499 
885 
0.160861 0.991564 
886 
0.133287 0.496372 
887 
0.937375 0.70154 
888 
0.725213 0.219809 
889 
0.790197 0.459135 
890 
0.582629 0.627528 
891 
0.643703 0.382923 
892 
0.58134 0.466086 
893 
0.223799 0.284097 
894 
0.84179 0.54083 
895 
0.0473818 0.330946 
896 
0.969506 0.507727 
897 
0.588674 0.397387 
898 
0.63205 0.323801 
899 
0.581154 0.773416 
900 
0.7653 0.742015 
901 
0.764979 0.898588 
902 
0.238387 0.702355 
903 
0.600128 0.9636 
904 
0.922164 0.390324 
905 
0.422735 0.504793 
906 
0.0178525 0.0664379 
907 
0.887716 0.599192 
908 
0.532524 0.111515 
909 
0.883289 0.374314 
910 
0.652346 0.930671 
911 
0.70526 0.621852 
912 
0.438398 0.293934 
913 
0.0192387 0.0704489 
914 
0.617735 0.600393 
915 
0.843865 0.383036 
916 
0.342408 0.608844 
917 
0.281624 0.580795 
918 
0.311199 0.881751 
919 
0.544395 0.233363 
920 
0.272075 0.967131 
921 
0.738155 0.289928 
922 
0.0335684 0.625871 
923 
0.88912 0.566092 
924 
0.737387 0.77241 
925 
0.940406 0.389732 
926 
0.703081 0.645666 
927 
0.0115842 0.141479 
928 
0.9396 0.0308228 
929 
0.211928 0.557335 
930 
0.631216 0.0557925 
931 
0.940371 0.973624 
932 
0.664636 0.221994 
933 
0.554418 0.975835 
934 
0.103746 0.0988137 
935 
0.209198 0.375821 
936 
0.0659442 0.947353 
937 
0.665749 0.0995126 
938 
0.573224 0.554869 
939 
0.665605 0.310611 
940 
0.327279 0.606011 
941 
0.700343 0.0303595 
942 
0.251677 0.711927 
943 
0.171839 0.191277 
944 
0.74275 0.383767 
945 
0.748612 0.373966 
946 
0.439559 0.688983 
947 
0.34759 0.104196 
948 
0.910977 0.902008 
949 
0.0800307 0.014723 
950 
0.000821818 0.289228 
951 
0.390544 0.066766 
952 
0.236581 0.0562933 
953 
0.166279 0.809806 
954 
0.611163 0.831884 
955 
0.120416 0.938441 
956 
0.437895 0.82076 
957 
0.968801 0.689572 
958 
0.532687 0.140639 
959 
0.880849 0.275438 
960 
0.524406 0.629461 
961 
0.649404 0.963965 
962 
0.318444 0.996994 
963 
0.0681605 0.229421 
964 
0.899002 0.148191 
965 
0.244144 0.899823 
966 
0.437419 0.634688 
967 
0.966589 0.674001 
968 
0.690981 0.132868 
969 
0.483806 0.302144 
970 
0.964752 0.604223 
971 
0.240585 0.402646 
972 
0.424983 0.209386 
973 
0.0922183 0.95767 
974 
0.350025 0.973067 
975 
0.233108 0.874431 
976 
0.602528 0.882511 
977 
0.838396 0.920972 
978 
0.879505 0.906557 
979 
0.150393 0.778506 
980 
0.0547478 0.394537 
981 
0.67833 0.492167 
982 
0.0292248 0.644919 
983 
0.166168 0.720206 
984 
0.777787 0.649974 
985 
0.0223502 0.742539 
986 
0.254197 0.262935 
987 
0.145185 0.67918 
988 
0.472322 0.237404 
989 
0.63685 0.822347 
990 
0.210471 0.869957 
991 
0.696778 0.812999 
992 
0.752468 0.535174 
993 
0.73397 0.631973 
994 
0.441731 0.884363 
995 
0.41048 0.496479 
996 
0.278899 0.0888096 
997 
0.988646 0.308124 
998 
0.733729 0.154814 
999 
0.0283305 0.511517 
1000 
0.804789 0.0506807 
1001 
0.254056 0.0589859 
1002 
0.313616 0.399241 
1003 
0.738166 0.785938 
1004 
0.636645 0.375015 
1005 
0.608285 0.847116 
1006 
0.244972 0.305063 
1007 
0.660114 0.997441 
1008 
0.840237 0.394084 
1009 
0.629414 0.281968 
1010 
0.278447 0.0398939 
1011 
0.778447 0.557347 
1012 
0.128704 0.767094 
1013 
0.865471 0.862433 
1014 
0.921908 0.893801 
1015 
0.373949 0.726697 
1016 
0.944482 0.628005 
1017 
0.785683 0.258098 
1018 
0.0272458 0.523848 
1019 
0.044036 0.663891 
1020 
0.898864 0.652321 
1021 
0.511006 0.143836 
1022 
0.957383 0.17112 
1023 
0.141277 0.79762 
1024 
0.565205 0.770691 
1025 
0.0795887 0.843652 
1026 
0.810585 0.858036 
1027 
0.400999 0.939289 
1028 
0.625129 0.26647 
1029 
0.801721 0.547037 
1030 
0.160271 0.17567 
1031 
0.273734 0.104754 
1032 
0.803675 0.0594165 
1033 
0.362852 0.830921 
1034 
0.583265 0.406888 
1035 
0.494811 0.482128 
1036 
0.0592085 0.00581766 
1037 
0.625964 0.0165918 
1038 
0.176938 0.767241 
1039 
0.814212 0.742143 
1040 
0.537932 0.893801 
1041 
0.585795 0.348517 
1042 
0.751837 0.986794 
1043 
0.287806 0.376966 
1044 
0.253264 0.0895272 
1045 
0.924004 0.413536 
1046 
0.265198 0.197738 
1047 
0.518289 0.0688726 
1048 
0.257154 0.881141 
1049 
0.899793 0.840419 
1050 
0.288029 0.394605 
1051 
0.322547 0.347237 
1052 
0.400422 0.948511 
1053 
0.363829 0.577361 
1054 
0.715752 0.178041 
1055 
0.319504 0.253685 
1056 
0.0718424 0.905299 
1057 
0.602202 0.823679 
1058 
0.892093 0.890008 
1059 
0.200646 0.145358 
1060 
0.979535 0.124649 
1061 
0.558893 0.244733 
1062 
0.322387 0.0771827 
1063 
0.313605 0.579541 
1064 
0.958324 0.213399 
1065 
0.41996 0.246353 
1066 
0.608004 0.742507 
1067 
0.59359 0.00842599 
1068 
0.691018 0.957419 
1069 
0.585787 0.40677 
1070 
0.135461 0.90529 
1071 
0.660455 0.207303 
1072 
0.810589 0.262657 
1073 
0.0309824 0.702683 
1074 
0.152665 0.231628 
1075 
0.848041 0.1322 
1076 
0.356277 0.406934 
1077 
0.376933 0.678664 
1078 
0.484117 0.690538 
1079 
0.258205 0.442441 
1080 
0.903937 0.678164 
1081 
0.688794 0.511941 
1082 
0.420671 0.282384 
1083 
0.520366 0.111689 
1084 
0.239803 0.106153 
1085 
0.518459 0.375264 
1086 
0.0114435 0.178914 
1087 
0.582567 0.822033 
1088 
0.441571 0.613549 
1089 
0.524716 0.594236 
1090 
0.845177 0.372757 
1091 
0.726437 0.201454 
1092 
0.779691 0.10337 
1093 
0.880118 0.263808 
1094 
0.793908 0.138323 
1095 
0.706249 0.697845 
1096 
0.816488 0.395042 
1097 
0.209785 0.237159 
1098 
0.677426 0.730152 
1099 
0.348848 0.917229 
1100 
0.836305 0.867307 
1101 
0.292493 0.847748 
1102 
0.0462219 0.87506 
1103 
0.669781 0.487793 
1104 
0.488609 0.194497 
1105 
0.0820297 0.333786 
1106 
0.567254 0.808466 
1107 
0.53524 0.346945 
1108 
0.911836 0.415358 
1109 
0.610753 0.705744 
1110 
0.553681 0.317001 
1111 
0.403588 0.370169 
1112 
0.712043 0.613374 
1113 
0.607328 0.389469 
1114 
0.343526 0.956176 
1115 
0.306698 0.179831 
1116 
0.823483 0.599191 
1117 
0.0275789 0.869705 
1118 
0.474251 0.69736 
1119 
0.357498 0.962859 
1120 
0.891857 0.439528 
1121 
0.296645 0.459111 
1122 
0.247994 0.831886 
1123 
0.806056 0.15983 
1124 
0.247244 0.416808 
1125 
0.865574 0.800925 
1126 
0.73381 0.269162 
1127 
0.171094 0.445853 
1128 
0.882536 0.778422 
1129 
0.835322 0.226062 
1130 
0.734598 0.142021 
1131 
0.405892 0.55808 
1132 
0.741212 0.433471 
1133 
0.427785 0.215462 
1134 
0.130831 0.785283 
1135 
0.178322 0.0226885 
1136 
0.224811 0.474967 
1137 
0.4818 0.472805 
1138 
0.306853 0.287855 
1139 
0.632635 0.554097 
1140 
0.704664 0.498209 
1141 
0.355022 0.438473 
1142 
0.767371 0.526116 
1143 
0.884326 0.649907 
1144 
0.304538 0.719649 
1145 
0.875969 0.0391359 
1146 
0.86167 0.281861 
1147 
0.597216 0.602881 
1148 
0.715332 0.0250015 
1149 
0.818344 0.846163 
1150 
0.810285 0.996665 
1151 
0.868851 0.0350959 
1152 
0.471633 0.350651 
1153 
0.507901 0.778485 
1154 
0.638506 0.140536 
1155 
0.332582 0.34317 
1156 
0.638745 0.687604 
1157 
0.781643 0.406117 
1158 
0.21372 0.66597 
1159 
0.0560237 0.518258 
1160 
0.385619 0.931992 
1161 
0.557394 0.247288 
1162 
0.213853 0.154611 
1163 
0.85017 0.929185 
1164 
0.179612 0.668513 
1165 
0.775348 0.989897 
1166 
0.665179 0.644199 
1167 
0.0249928 0.136811 
1168 
0.99485 0.532894 
1169 
0.915296 0.633357 
1170 
0.67343 0.247878 
1171 
0.976527 0.312176 
1172 
0.935482 0.75817 
1173 
0.718292 0.149202 
1174 
0.42414 0.774316 
1175 
0.66746 0.809759 
1176 
0.706308 0.224855 
1177 
0.0570471 0.920162 
1178 
0.379465 0.907217 
1179 
0.849347 0.559077 
1180 
0.57573 0.624695 
1181 
0.548974 0.240909 
1182 
0.268894 0.573967 
1183 
0.37772 0.263744 
1184 
0.106861 0.293016 
1185 
0.897101 0.780291 
1186 
0.540894 0.873628 
1187 
0.0924671 0.476376 
1188 
0.631798 0.810759 
1189 
0.625578 0.0559383 
1190 
0.585075 0.293039 
1191 
0.865697 0.291384 
1192 
0.517893 0.922744 
1193 
0.211545 0.897358 
1194 
0.829961 0.0608919 
1195 
0.456436 0.405691 
1196 
0.685586 0.0054097 
1197 
0.646599 0.95448 
1198 
0.579377 0.0243192 
1199 
0.218225 0.686237 
1200 
0.317335 0.115325 
1201 
0.466529 0.85823 
1202 
0.988953 0.558996 
1203 
0.334606 0.620751 
1204 
0.369755 0.960185 
1205 
0.67669 0.954831 
1206 
0.253223 0.542387 
1207 
0.246214 0.771117 
1208 
0.465131 0.45776 
1209 
0.668475 0.295092 
1210 
0.518652 0.124911 
1211 
0.700783 0.204238 
1212 
0.130321 0.347382 
1213 
0.158719 0.709697 
1214 
0.371702 0.376943 
1215 
0.395935 0.689037 
1216 
0.492269 0.862463 
1217 
0.547267 0.481222 
1218 
0.421459 0.881873 
1219 
0.101973 0.791215 
1220 
0.842058 0.778663 
1221 
0.746045 0.0952813 
1222 
0.32105 0.99226 
1223 
0.866398 0.786181 
1224 
0.45002 0.534874 
1225 
0.081273 0.968671 
1226 
0.659785 0.782056 
1227 
0.17291 0.790105 
1228 
0.129438 0.331628 
1229 
0.499803 0.50114 
1230 
0.708571 0.895737 
1231 
0.190177 0.20084 
1232 
0.758201 0.737444 
1233 
0.682062 0.17966 
1234 
0.619317 0.784035 
1235 
0.970875 0.461375 
1236 
0.562698 0.71692 
1237 
0.556656 0.883748 
1238 
0.70918 0.423054 
1239 
0.669928 0.159199 
1240 
0.957928 0.751201 
1241 
0.127871 0.617712 
1242 
0.533257 0.30078 
1243 
0.407817 0.662696 
1244 
0.632408 0.90762 
1245 
0.163836 0.34098 
1246 
0.803357 0.354013 
1247 
0.54182 0.561558 
1248 
0.0914565 0.223881 
1249 
0.741218 0.710773 
1250 
0.00791644 0.712093 
1251 
0.172148 0.570614 
1252 
0.429013 0.728804 
1253 
0.454362 0.138192 
1254 
0.151858 0.12429 
1255 
0.297392 0.109786 
1256 
0.875492 0.425263 
1257 
0.727498 0.408749 
1258 
0.726043 0.135315 
1259 
0.0714451 0.358451 
1260 
0.042935 0.235281 
1261 
0.699431 0.846292 
1262 
0.589294 0.241251 
1263 
0.40785 0.68075 
1264 
0.465132 0.149068 
1265 
0.391524 0.473049 
1266 
0.86116 0.563672 
1267 
0.0436629 0.290173 
1268 
0.292476 0.498025 
1269 
0.428366 0.444334 
1270 
0.622315 0.725757 
1271 
0.55412 0.497807 
1272 
0.15102 0.281617 
1273 
0.906556 0.877063 
1274 
0.416933 0.978001 
1275 
0.235515 0.459868 
1276 
0.213282 0.934946 
1277 
0.30616 0.802576 
1278 
0.176196 0.71401 
1279 
0.483326 0.641329 
1280 
0.863077 0.87485 
1281 
0.114377 0.724238 
1282 
0.438522 0.15804 
1283 
0.0144111 0.730997 
1284 
0.656065 0.442777 
1285 
0.175331 0.27838 
1286 
0.168534 0.729451 
1287 
0.776187 0.319554 
1288 
0.0110681 0.682743 
1289 
0.196617 0.428001 
1290 
0.660745 0.432132 
1291 
0.887868 0.874027 
1292 
0.367078 0.194028 
1293 
0.676603 0.543274 
1294 
0.908037 0.159929 
1295 
0.184603 0.771115 
1296 
0.0347791 0.29898 
1297 
0.495353 0.473301 
1298 
0.45702 0.509764 
1299 
0.204298 0.113085 
1300 
0.952541 0.379629 
1301 
0.391465 0.121075 
1302 
0.10908 0.167652 
1303 
0.440629 0.120148 
1304 
0.850395 0.637246 
1305 
0.548149 0.511139 
1306 
0.0693783 0.436017 
1307 
0.385166 0.436456 
1308 
0.630045 0.0617693 
1309 
0.97973 0.538082 
1310 
0.221699 0.164333 
1311 
0.309197 0.256478 
1312 
0.463312 0.80455 
1313 
0.729778 0.920332 
1314 
0.314314 0.934077 
1315 
0.0334165 0.266854 
1316 
0.313706 0.424881 
1317 
0.387929 0.422786 
1318 
0.592533 0.828558 
1319 
0.542934 0.442927 
1320 
0.465804 0.0910834 
1321 
0.954067 0.535183 
1322 
0.5271 0.339233 
1323 
0.971639 0.157145 
1324 
0.401002 0.951369 
1325 
0.695228 0.622701 
1326 
0.115701 0.00442474 
1327 
0.879179 0.579014 
1328 
0.808975 0.608957 
1329 
0.499346 0.123289 
1330 
0.543034 0.532762 
1331 
0.390143 0.85674 
1332 
0.957643 0.778072 
1333 
0.279526 0.550176 
1334 
0.60663 0.82246 
1335 
0.993103 0.0724347 
1336 
0.913544 0.94717 
1337 
0.607617 0.440644 
1338 
0.286403 0.579256 
1339 
0.59779 0.687405 
1340 
0.530625 0.293017 
1341 
0.310106 0.646326 
1342 
0.297442 0.189285 
1343 
0.22534 0.106417 
1344 
0.798242 0.724685 
1345 
0.229705 0.341276 
1346 
0.257447 0.619848 
1347 
0.198016 0.21509 
1348 
0.39792 0.477542 
1349 
0.765266 0.00455065 
1350 
0.300002 0.758369 
1351 
0.0769853 0.213546 
1352 
0.705539 0.684603 
1353 
0.65419 0.991942 
1354 
0.263859 0.251979 
1355 
0.679347 0.794483 
1356 
0.544996 0.989453 
1357 
0.440809 0.842438 
1358 
0.178738 0.666149 
1359 
0.948855 0.97698 
1360 
0.390834 0.17856 
1361 
0.318256 0.648281 
1362 
0.798408 0.516272 
1363 
0.863372 0.196329 
1364 
0.993813 0.628638 
1365 
0.200879 0.293815 
1366 
0.387007 0.277865 
1367 
0.507361 0.0925453 
1368 
0.962467 0.161551 
1369 
0.0844869 0.226326 
1370 
0.41353 0.763834 
1371 
0.0208094 0.958526 
1372 
0.753287 0.461619 
1373 
0.800965 0.932025 
1374 
0.127768 0.74982 
1375 
0.909005 0.518602 
1376 
0.92838 0.227261 
1377 
0.166883 0.726788 
1378 
0.743533 0.0302543 
1379 
0.923117 0.737346 
1380 
0.658892 0.123996 
1381 
0.0311609 0.0458984 
1382 
0.401861 0.538522 
1383 
0.138444 0.364328 
1384 
0.700072 0.222931 
1385 
0.590654 0.113602 
1386 
0.986764 0.611463 
1387 
0.0721283 0.740051 
1388 
0.073082 0.873093 
1389 
0.672076 0.20085 
1390 
0.622912 0.581082 
1391 
0.719451 0.551292 
1392 
0.808343 0.886334 
1393 
0.27808 0.551875 
1394 
0.916588 0.201196 
1395 
0.289221 0.57548 
1396 
0.325192 0.320382 
1397 
0.621378 0.727053 
1398 
0.858904 0.759822 
1399 
0.0913807 0.558976 
1400 
0.982753 0.682035 
1401 
0.672578 0.969517 
1402 
0.293498 0.744706 
1403 
0.709569 0.36658 
1404 
0.617799 0.381645 
1405 
0.56743 0.240711 
1406 
0.962726 0.286881 
1407 
0.792003 0.771069 
1408 
0.173215 0.0700832 
1409 
0.322945 0.0898031 
1410 
0.27128 0.612166 
1411 
0.665283 0.596472 
1412 
0.932548 0.286662 
1413 
0.323525 0.791452 
1414 
0.0464838 0.414905 
1415 
0.350427 0.0292365 
1416 
0.09694 0.0230052 
1417 
0.998754 0.390438 
1418 
0.767711 0.708322 
1419 
0.757018 0.38551 
1420 
0.089967 0.324447 
1421 
0.626222 0.0526935 
1422 
0.611328 0.418225 
1423 
0.823763 0.784543 
1424 
0.488308 0.146707 
1425 
0.874346 0.759588 
1426 
0.758873 0.539629 
1427 
0.356059 0.691421 
1428 
0.826291 0.679584 
1429 
0.482873 0.872775 
1430 
0.0944896 0.8333 
1431 
0.902011 0.19143 
1432 
0.856305 0.900765 
1433 
0.581867 0.624017 
1434 
0.609087 0.338885 
1435 
0.00952685 0.699054 
1436 
0.663333 0.635748 
1437 
0.751747 0.274661 
1438 
0.0539732 0.57551 
1439 
0.0592038 0.542281 
1440 
0.722217 0.93355 
1441 
0.301869 0.48109 
1442 
0.473179 0.657928 
1443 
0.172511 0.29947 
1444 
0.337513 0.655384 
1445 
0.172245 0.432002 
1446 
0.488684 0.0742562 
1447 
0.623432 0.344989 
1448 
0.975021 0.205299 
1449 
0.969006 0.584108 
1450 
0.544185 0.978533 
1451 
0.283162 0.207517 
1452 
0.614281 0.0349094 
1453 
0.482178 0.668255 
1454 
0.610419 0.541382 
1455 
0.210536 0.332637 
1456 
0.474932 0.512405 
1457 
0.813727 0.948111 
1458 
0.170333 0.986238 
1459 
0.247581 0.507846 
1460 
0.641622 0.419826 
1461 
0.939848 0.130306 
1462 
0.494082 0.56328 
1463 
0.475295 0.469103 
1464 
0.768579 0.444301 
1465 
0.0532114 0.312763 
1466 
0.422834 0.336373 
1467 
0.520281 0.0371156 
1468 
0.371283 0.00245852 
1469 
0.70537 0.981702 
1470 
0.54384 0.915906 
1471 
0.314339 0.0187719 
1472 
0.428311 0.128065 
1473 
0.966883 0.598644 
1474 
0.114303 0.214464 
1475 
0.10649 0.755925 
1476 
0.63429 0.0463374 
1477 
0.886231 0.128372 
1478 
0.609617 0.361526 
1479 
0.597476 0.378196 
1480 
0.805827 0.650687 
1481 
0.690959 0.228662 
1482 
0.987061 0.21124 
1483 
0.265777 0.358343 
1484 
0.213699 0.971147 
1485 
0.340045 0.757539 
1486 
0.887053 0.654384 
1487 
0.776311 0.315364 
1488 
0.782449 0.743193 
1489 
0.914008 0.896753 
1490 
0.957657 0.0204975 
1491 
0.652678 0.591947 
1492 
0.0668349 0.538909 
1493 
0.72032 0.676452 
1494 
0.900435 0.317796 
1495 
0.054648 0.706262 
1496 
0.968483 0.745607 
1497 
0.934924 0.955543 
1498 
0.956848 0.200701 
1499 
0.313887 0.170546 
1500 
0.171848 0.653932 
1501 
0.928085 0.0589018 
1502 
0.308316 0.704396 
1503 
0.374266 0.0907656 
1504 
0.447589 0.288274 
1505 
0.987518 0.405246 
1506 
0.308771 0.640196 
1507 
0.997194 0.375606 
1508 
0.179105 0.717514 
1509 
0.0520581 0.0795402 
1510 
0.0353093 0.106706 
1511 
0.785803 0.00379218 
1512 
0.852314 0.720726 
1513 
0.959336 0.809161 
1514 
0.921428 0.273222 
1515 
0.979707 0.0932761 
1516 
0.927154 0.907792 
1517 
0.152178 0.23547 
1518 
0.612188 0.526444 
1519 
0.326236 0.0597768 
1520 
0.814718 0.313755 
1521 
0.465023 0.123489 
1522 
0.953951 0.462217 
1523 
0.499095 0.133056 
1524 
0.179731 0.551153 
1525 
0.212596 0.21504 
1526 
0.657859 0.998399 
1527 
0.218832 0.510173 
1528 
0.719125 0.178168 
1529 
0.319334 0.640553 
1530 
0.45139 0.299041 
1531 
0.733829 0.378544 
1532 
0.206833 0.886007 
1533 
0.614015 0.819021 
1534 
0.412451 0.940251 
1535 
0.878798 0.227168 
1536 
0.254006 0.343821 
1537 
0.350657 0.207956 
1538 
0.806038 0.849752 
1539 
0.341013 0.985769 
1540 
0.400905 0.553609 
1541 
0.200809 0.0587644 
1542 
0.552008 0.419641 
1543 
0.568937 0.271133 
1544 
0.597809 0.888271 
1545 
0.911686 0.0491993 
1546 
0.187313 0.645515 
1547 
0.427744 0.394146 
1548 
0.531522 0.0417587 
1549 
0.213167 0.943973 
1550 
0.98201 0.0919653 
1551 
0.171141 0.236015 
1552 
0.435787 0.521798 
1553 
0.443972 0.241825 
1554 
0.37155 0.784984 
1555 
0.227594 0.772455 
1556 
0.338593 0.428403 
1557 
0.83122 0.890601 
1558 
0.848045 0.400157 
1559 
0.161735 0.445854 
1560 
0.288428 0.0734211 
1561 
0.495053 0.475741 
1562 
0.718937 0.922797 
1563 
0.869887 0.250459 
1564 
0.964555 0.0830538 
1565 
0.194432 0.946565 
1566 
0.175019 0.365573 
1567 
0.18258 0.610806 
1568 
0.887371 0.626552 
1569 
0.852631 0.258921 
1570 
0.411536 0.0802246 
1571 
0.0313761 0.75013 
1572 
0.508628 0.862596 
1573 
0.640731 0.356672 
1574 
0.262753 0.802466 
1575 
0.802526 0.551181 
1576 
0.875887 0.297579 
1577 
0.0269213 0.594823 
1578 
0.220376 0.896808 
1579 
0.845282 0.184931 
1580 
0.979862 0.0397139 
1581 
0.131496 0.154881 
1582 
0.405287 0.314077 
1583 
0.765686 0.292658 
1584 
0.940629 0.618317 
1585 
0.551578 0.352165 
1586 
0.698541 0.582955 
1587 
0.102294 0.207169 
1588 
0.44555 0.743025 
1589 
0.563842 0.708303 
1590 
0.545491 0.366368 
1591 
0.259483 0.421378 
1592 
0.663947 0.286405 
1593 
0.0162012 0.884322 
1594 
0.183213 0.861483 
1595 
0.0692536 0.163074 
1596 
0.901197 0.20075 
1597 
0.317955 0.306484 
1598 
0.514827 0.0836413 
1599 
0.599142 0.455455 
1600 
0.701958 0.15072 
1601 
0.80762 0.4005 
1602 
0.733675 0.909915 
1603 
0.607669 0.179225 
1604 
0.65294 0.17151 
1605 
0.887528 0.198431 
1606 
0.537878 0.147011 
1607 
0.619809 0.201824 
1608 
0.433416 0.63601 
1609 
0.0861468 0.616628 
1610 
0.497493 0.1554 
1611 
0.779702 0.398691 
1612 
0.356151 0.0976574 
1613 
0.705175 0.870977 
1614 
0.181299 0.304316 
1615 
0.326433 0.883257 
1616 
0.455036 0.134053 
1617 
0.283756 0.188711 
1618 
0.0439674 0.891425 
1619 
0.367936 0.696907 
1620 
0.0629356 0.255463 
1621 
0.895338 0.600814 
1622 
0.402474 0.515147 
1623 
0.802638 0.83589 
1624 
0.151157 0.888785 
1625 
0.452518 0.64865 
1626 
0.0441853 0.232221 
1627 
0.0473404 0.400336 
1628 
0.329878 0.752515 
1629 
0.271313 0.511177 
1630 
0.0568311 0.597746 
1631 
0.394433 0.511867 
1632 
0.731798 0.67819 
1633 
0.700578 0.775766 
1634 
0.569615 0.0685134 
1635 
0.472673 0.632551 
1636 
0.323977 0.368011 
1637 
0.233364 0.726451 
1638 
0.883158 0.0360022 
1639 
0.562341 0.0343144 
1640 
0.924787 0.0148589 
1641 
0.682964 0.968972 
1642 
0.247079 0.730305 
1643 
0.369308 0.576957 
1644 
0.48282 0.640621 
1645 
0.088134 0.539651 
1646 
0.238367 0.482567 
1647 
0.0515178 0.970165 
1648 
0.160757 0.752096 
1649 
0.745931 0.730372 
1650 
0.820609 0.218604 
1651 
0.362923 0.144586 
1652 
0.586615 0.596287 
1653 
0.871037 0.469773 
1654 
0.632289 0.433377 
1655 
0.504087 0.557076 
1656 
0.448236 0.187052 
1657 
0.526049 0.695316 
1658 
0.917356 0.895357 
1659 
0.272273 0.400176 
1660 
0.535978 0.360407 
1661 
0.939827 0.774345 
1662 
0.842975 0.991344 
1663 
0.74451 0.00373174 
1664 
0.74344 0.490441 
1665 
0.734104 0.564049 
1666 
0.709045 0.097027 
1667 
0.708635 0.29566 
1668 
0.693314 0.579672 
1669 
0.765433 0.325604 
1670 
0.0130491 0.26952 
1671 
0.88268 0.461285 
1672 
0.456572 0.408729 
1673 
0.156601 0.373928 
1674 
0.304086 0.428874 
1675 
0.774104 0.840063 
1676 
0.789281 0.713931 
1677 
0.614408 0.632256 
1678 
0.705275 0.358918 
1679 
0.635988 0.448715 
1680 
0.849359 0.370092 
1681 
0.0127644 0.558404 
1682 
0.467119 0.721399 
1683 
0.854064 0.160433 
1684 
0.301071 0.619497 
1685 
0.486037 0.31412 
1686 
0.889018 0.368717 
1687 
0.775406 0.34559 
1688 
0.777446 0.932007 
1689 
0.719518 0.0815313 
1690 
0.360881 0.493622 
1691 
0.921595 0.150162 
1692 
0.207553 0.536003 
1693 
0.782418 0.912828 
1694 
0.894921 0.418406 
1695 
0.361543 0.74428 
1696 
0.788498 0.374307 
1697 
0.302684 0.255617 
1698 
0.0957065 0.156748 
1699 
0.41605 0.396778 
