1800 1
0 1 0 0 1 0 1 0 1 0 1 1 1 0 1 1 0 1 0 0 0 0 1 0 1 1 1 1 1 1 1 1 1 1 0 1 0 1 0 1 0 0 1 1 0 1 1 1 1 0 1 0 0 1 1 0 1 1 0 1 1 1 1 1 1 1 1 0 1 0 0 0 0 0 0 1 0 0 1 1 0 1 0 1 1 1 0 1 1 1 0 0 1 0 0 1 0 1 1 0 0 0 0 1 0 1 1 1 1 0 1 0 0 1 0 1 1 1 1 1 1 0 0 0 0 0 0 1 0 0 1 1 0 0 0 1 0 0 1 0 1 0 1 1 0 0 1 0 0 1 0 1 1 0 0 0 1 1 0 0 1 0 0 0 1 1 0 1 1 0 0 1 1 1 1 0 0 1 1 0 0 1 0 0 0 1 1 0 1 0 1 1 0 0 0 0 1 1 0 1 1 0 1 1 0 0 1 1 0 1 0 1 1 1 0 0 1 0 1 0 0 1 0 1 1 0 0 1 0 0 1 0 1 1 1 0 0 1 0 0 1 0 0 0 0 0 1 1 1 0 0 0 0 1 0 0 0 0 0 0 1 0 1 1 1 1 0 0 1 1 1 0 0 1 1 0 0 1 0 0 0 1 0 0 1 1 1 1 0 1 0 0 0 0 0 0 1 1 0 1 0 0 0 1 0 0 0 1 1 1 1 0 1 0 1 0 0 0 0 0 0 1 1 1 0 1 1 0 1 0 1 0 1 0 1 1 0 0 1 0 1 1 1 1 0 0 0 0 1 1 1 0 1 1 0 1 1 0 0 0 1 0 1 0 0 1 0 1 1 0 0 1 1 0 1 0 1 1 1 1 1 1 0 0 0 0 0 0 1 1 1 0 1 0 1 0 0 0 0 0 1 1 0 1 0 1 1 1 1 1 1 1 0 1 0 1 0 1 0 0 0 1 1 0 0 1 1 1 0 0 1 1 0 0 1 1 0 1 1 0 0 0 1 1 0 0 1 1 1 0 0 0 0 1 1 1 1 1 0 1 0 0 1 1 1 1 1 1 0 0 0 1 1 0 1 0 0 1 0 0 0 1 1 0 1 1 0 0 1 1 0 0 0 0 0 1 0 0 1 1 1 0 1 1 0 1 0 1 1 1 0 1 0 0 0 0 0 1 1 0 0 0 1 1 1 0 1 1 1 1 1 0 1 0 0 0 0 0 0 1 0 1 1 1 0 0 1 1 0 1 0 1 1 0 0 1 1 0 1 1 1 0 0 1 1 0 0 0 1 1 0 0 1 0 1 0 1 1 0 1 1 1 1 1 0 0 0 0 0 0 0 0 1 0 0 1 1 1 1 1 1 0 0 1 0 0 0 0 0 1 0 1 1 1 1 0 0 0 1 1 0 0 0 0 1 1 1 1 1 1 1 1 0 1 1 1 0 0 1 0 0 0 0 0 0 0 1 0 0 1 0 1 1 0 0 1 0 0 0 1 0 0 1 0 0 0 0 0 1 0 1 1 0 0 0 1 1 1 0 0 1 0 0 1 1 0 0 0 1 1 0 1 0 1 0 0 0 1 1 0 1 1 0 0 0 0 0 0 0 0 0 0 1 1 1 1 0 0 0 1 0 0 1 1 0 0 0 1 0 0 0 0 0 0 1 1 1 1 1 0 0 0 1 0 0 1 0 0 0 1 0 1 0 0 0 1 1 1 1 0 1 1 0 0 0 0 1 0 0 1 1 1 0 1 0 1 0 1 0 1 0 1 0 1 0 1 0 0 1 0 0 1 0 1 1 1 0 1 0 0 1 0 0 0 1 0 0 0 0 0 0 1 0 1 0 0 1 1 1 0 0 0 0 0 0 0 0 0 0 0 1 0 1 0 1 1 1 1 0 1 0 0 1 1 0 0 0 1 0 1 0 0 0 1 1 0 1 0 1 0 1 1 0 0 0 0 0 1 0 0 1 1 1 1 0 0 1 1 0 0 1 1 1 1 0 1 0 0 1 0 1 1 0 0 0 1 0 0 1 1 1 1 0 1 0 1 0 0 1 0 1 0 0 0 0 1 0 1 0 0 0 1 1 1 0 0 1 1 1 0 0 1 0 1 1 1 1 1 0 1 0 1 0 1 0 1 0 1 1 1 1 0 1 1 0 1 0 1 1 1 0 0 1 1 0 0 0 0 0 1 1 1 1 0 1 0 1 0 1 1 1 1 1 1 1 0 1 0 0 0 0 1 1 1 0 1 0 1 0 1 1 0 1 0 0 1 1 0 1 1 0 1 1 0 1 1 0 0 1 1 1 0 0 1 0 1 1 1 1 1 1 1 0 1 0 1 0 1 0 0 1 0 0 0 1 0 0 0 1 0 1 1 0 0 0 1 0 0 0 0 0 0 0 0 1 0 0 0 0 0 1 0 1 0 1 1 1 1 1 0 0 1 0 1 0 1 0 1 1 1 0 0 0 1 1 0 0 1 1 1 0 1 1 0 0 1 0 1 1 0 0 1 0 1 1 1 0 0 1 0 0 0 1 0 1 0 1 0 0 0 1 1 0 1 0 0 1 1 0 0 1 1 0 0 1 0 1 0 0 1 1 1 1 0 0 1 1 1 0 0 0 0 0 1 0 1 0 1 1 1 0 1 1 1 1 0 0 1 1 1 1 0 0 1 1 1 1 1 1 1 0 0 0 1 1 0 1 0 0 1 1 1 0 1 1 0 0 0 0 1 1 0 0 0 1 0 0 1 0 1 1 1 0 1 1 0 0 1 0 1 1 0 1 0 0 1 1 0 0 0 0 0 0 1 1 0 0 1 0 1 1 1 1 0 1 1 0 0 1 1 0 1 0 0 1 1 0 1 0 1 1 1 1 0 1 1 1 0 1 0 0 1 0 0 1 0 0 0 1 0 0 0 1 1 1 1 1 0 1 1 1 1 1 1 0 0 1 0 1 0 0 1 0 1 0 0 1 0 1 1 1 0 1 1 0 1 1 1 1 0 1 1 0 1 1 0 0 1 1 1 0 0 1 0 1 0 1 1 1 0 1 0 1 1 0 1 0 1 1 0 0 1 0 1 1 0 0 1 0 1 1 0 0 1 1 0 0 1 0 1 0 1 0 1 1 1 1 0 1 1 1 0 1 0 1 1 1 0 1 1 0 1 0 0 1 0 1 1 0 1 1 0 1 0 0 1 0 0 1 1 0 1 0 0 1 0 0 1 0 1 1 1 1 0 0 0 1 1 0 1 1 0 0 1 1 1 1 0 0 1 0 1 0 0 0 0 1 1 0 0 1 1 1 0 0 0 1 1 0 0 1 0 1 0 0 1 0 1 0 1 1 0 1 0 1 0 1 1 0 1 1 1 1 1 0 0 0 0 0 0 1 0 1 1 1 1 1 0 1 0 0 1 1 0 1 1 1 1 0 1 1 0 1 1 0 0 1 1 1 0 0 1 0 1 1 0 1 1 0 1 0 1 1 1 1 1 1 1 0 0 1 0 1 1 1 0 0 1 1 0 0 0 0 1 0 0 1 0 0 0 0 0 0 1 0 0 1 0 1 0 0 1 0 0 0 0 0 1 0 0 1 1 1 0 0 1 0 0 0 1 1 0 0 0 0 1 0 0 1 0 0 0 0 1 1 1 0 0 0 1 1 0 1 0 1 0 0 0 1 1 1 1 0 0 1 1 1 0 1 1 1 0 0 0 0 0 1 1 0 0 1 0 1 1 1 1 1 0 1 1 1 1 0 0 0 0 1 0 1 1 0 1 0 1 0 1 1 0 1 0 1 1 1 1 1 0 0 1 1 0 0 1 0 1 1 1 0 1 1 0 1 0 0 0 1 1 0 1 1 0 0 1 0 0 0 0 1 1 1 0 0 0 0 1 0 0 1 1 0 1 0 0 1 1 1 1 1 0 1 1 1 0 0 0 1 1 0 0 1 0 1 0 1 0 0 0 0 0 0 1 1 1 1 1 1 1 1 1 1 1 0 1 0 1 1 0 1 0 1 1 1 1 0 1 1 1 0 0 0 1 0 0 1 0 0 1 1 0 1 1 
0 
0.209953 0.765995 
1 
0.454886 0.403897 
2 
0.972703 0.0862855 
3 
0.0350148 0.168465 
4 
0.153573 0.495844 
5 
0.874303 0.776974 
6 
0.733537 0.50382 
7 
0.434466 0.398983 
8 
0.980731 0.179395 
9 
0.0558964 0.986698 
10 
0.66643 0.983124 
11 
0.668214 0.0431116 
12 
0.0940687 0.973463 
13 
0.557827 0.707126 
14 
0.0794351 0.602087 
15 
0.513552 0.289389 
16 
0.368081 0.968437 
17 
0.693286 0.340785 
18 
0.0547228 0.7283 
19 
0.50925 0.208295 
20 
0.224144 0.383553 
21 
0.98527 0.957681 
22 
0.887373 0.419736 
23 
0.356664 0.868104 
24 
0.599131 0.41256 
25 
0.854802 0.265561 
26 
0.395684 0.523016 
27 
0.308672 0.489753 
28 
0.496479 0.866499 
29 
0.196879 0.575915 
30 
0.468586 0.710431 
31 
0.865303 0.836668 
32 
0.678868 0.558589 
33 
0.177452 0.733591 
34 
0.286889 0.686702 
35 
0.941886 0.511033 
36 
0.0702545 0.927155 
37 
0.468715 0.957628 
38 
0.346891 0.825379 
39 
0.825732 0.946022 
40 
0.237939 0.680534 
41 
0.211583 0.633624 
42 
0.20355 0.520256 
43 
0.123377 0.70003 
44 
0.386755 0.320256 
45 
0.275944 0.855341 
46 
0.0306862 0.141248 
47 
0.692009 0.709554 
48 
0.699836 0.869461 
49 
0.443144 0.986726 
50 
0.556162 0.38503 
51 
0.497759 0.626417 
52 
0.312186 0.966474 
53 
0.584045 0.659077 
54 
0.791852 0.409777 
55 
0.605099 0.0297917 
56 
0.0903108 0.816683 
57 
0.663415 0.293861 
58 
0.336938 0.786792 
59 
0.993891 0.723693 
60 
0.107048 0.269835 
61 
0.579034 0.137734 
62 
0.411083 0.271043 
63 
0.847288 0.110919 
64 
0.140503 0.290433 
65 
0.0976446 0.696666 
66 
0.675463 0.595403 
67 
0.323083 0.987649 
68 
0.561877 0.907127 
69 
0.646726 0.35373 
70 
0.316904 0.251825 
71 
0.383521 0.407215 
72 
0.0685077 0.0469367 
73 
0.701076 0.405446 
74 
0.833729 0.694966 
75 
0.129139 0.940777 
76 
0.964802 0.708173 
77 
0.078511 0.375884 
78 
0.979216 0.925799 
79 
0.486803 0.119719 
80 
0.216232 0.584448 
81 
0.816385 0.891695 
82 
0.179851 0.139467 
83 
0.879343 0.741728 
84 
0.0465947 0.526069 
85 
0.0954578 0.363499 
86 
0.777894 0.478979 
87 
0.770713 0.846402 
88 
0.525916 0.471789 
89 
0.251847 0.359645 
90 
0.166756 0.380986 
91 
0.300421 0.131557 
92 
0.0891592 0.378932 
93 
0.507441 0.0683748 
94 
0.304732 0.994244 
95 
0.188094 0.520963 
96 
0.578692 0.0044782 
97 
0.412658 0.758543 
98 
0.143946 0.292001 
99 
0.500271 0.19054 
100 
0.81807 0.595729 
101 
0.554039 0.595964 
102 
0.0747081 0.324752 
103 
0.442366 0.600624 
104 
0.796541 0.694213 
105 
0.960268 0.963297 
106 
0.0751993 0.26069 
107 
0.0948538 0.164358 
108 
0.639622 0.602295 
109 
0.232733 0.944354 
110 
0.596539 0.420827 
111 
0.465317 0.175231 
112 
0.425305 0.877975 
113 
0.933774 0.569251 
114 
0.169976 0.434046 
115 
0.759791 0.988046 
116 
0.0297749 0.31383 
117 
0.58401 0.104483 
118 
0.638582 0.0263751 
119 
0.705107 0.435123 
120 
0.720588 0.665375 
121 
0.39842 0.795787 
122 
0.926065 0.493273 
123 
0.960146 0.565687 
124 
0.0955683 0.192879 
125 
0.510041 0.692108 
126 
0.613706 0.975358 
127 
0.867339 0.039011 
128 
0.853333 0.801113 
129 
0.608262 0.0233083 
130 
0.235159 0.368052 
131 
0.0113539 0.264934 
132 
0.681882 0.595363 
133 
0.369417 0.320463 
134 
0.621739 0.0745236 
135 
0.755586 0.342327 
136 
0.739899 0.154006 
137 
0.138114 0.665964 
138 
0.647279 0.0982599 
139 
0.231651 0.742848 
140 
0.291139 0.741692 
141 
0.434955 0.904845 
142 
0.71705 0.302294 
143 
0.943856 0.570382 
144 
0.103407 0.552117 
145 
0.593691 0.338566 
146 
0.92017 0.605045 
147 
0.6035 0.602052 
148 
0.200408 0.972917 
149 
0.922515 0.822147 
150 
0.0474403 0.678101 
151 
0.164473 0.787339 
152 
0.832107 0.302587 
153 
0.453303 0.479386 
154 
0.400847 0.684954 
155 
0.222234 0.691986 
156 
0.426646 0.657189 
157 
0.596831 0.143696 
158 
0.959483 0.540687 
159 
0.714078 0.0628899 
160 
0.0928048 0.307769 
161 
0.401456 0.0129745 
162 
0.912814 0.00495588 
163 
0.615026 0.113222 
164 
0.977873 0.537541 
165 
0.935368 0.0253129 
166 
0.215642 0.0998419 
167 
0.812652 0.0477492 
168 
0.402429 0.265955 
169 
0.527136 0.803277 
170 
0.950909 0.749369 
171 
0.495263 0.377555 
172 
0.406558 0.0920945 
173 
0.52125 0.366041 
174 
0.632782 0.235328 
175 
0.428931 0.725587 
176 
0.543097 0.830387 
177 
0.738561 0.455911 
178 
0.835343 0.353587 
179 
0.569133 0.813215 
180 
0.891128 0.504501 
181 
0.838528 0.10677 
182 
0.604343 0.65118 
183 
0.15452 0.00677244 
184 
0.917135 0.681655 
185 
0.810049 0.868044 
186 
0.431024 0.305312 
187 
0.245598 0.837583 
188 
0.397407 0.766849 
189 
0.203624 0.0301885 
190 
0.00217694 0.632555 
191 
0.755775 0.545274 
192 
0.462942 0.494336 
193 
0.00118525 0.298284 
194 
0.847923 0.570318 
195 
0.1115 0.739052 
196 
0.0748193 0.950028 
197 
0.845822 0.679162 
198 
0.601208 0.000341495 
199 
0.685935 0.518343 
200 
0.681997 0.495984 
201 
0.386387 0.113021 
202 
0.801296 0.631985 
203 
0.950604 0.198703 
204 
0.398834 0.154227 
205 
0.228891 0.401011 
206 
0.786782 0.984667 
207 
0.946285 0.249723 
208 
0.479003 0.94747 
209 
0.548008 0.326926 
210 
0.517788 0.659508 
211 
0.0659778 0.592608 
212 
0.609536 0.9118 
213 
0.27177 0.210744 
214 
0.912141 0.957705 
215 
0.729087 0.594138 
216 
0.453689 0.115474 
217 
0.707159 0.254985 
218 
0.74746 0.657762 
219 
0.453688 0.146294 
220 
0.81199 0.682579 
221 
0.547305 0.598771 
222 
0.667246 0.49359 
223 
0.848495 0.146249 
224 
0.44106 0.396502 
225 
0.473175 0.958849 
226 
0.05601 0.539153 
227 
0.551457 0.665546 
228 
0.450952 0.823227 
229 
0.87629 0.363094 
230 
0.780932 0.605377 
231 
0.957231 0.23462 
232 
0.720851 0.66439 
233 
0.489605 0.468311 
234 
0.322152 0.943293 
235 
0.614605 0.134142 
236 
0.625873 0.16191 
237 
0.732913 0.293119 
238 
0.6555 0.581408 
239 
0.439367 0.0965605 
240 
0.977911 0.912542 
241 
0.0554095 0.0339205 
242 
0.451695 0.606866 
243 
0.699466 0.902647 
244 
0.430093 0.575756 
245 
0.265741 0.211024 
246 
0.181133 0.222972 
247 
0.445645 0.901984 
248 
0.887362 0.93525 
249 
0.370295 0.209514 
250 
0.878544 0.984901 
251 
0.343656 0.504416 
252 
0.146811 0.0765697 
253 
0.797535 0.802311 
254 
0.657978 0.236902 
255 
0.898871 0.635888 
256 
0.149445 0.954281 
257 
0.669809 0.601139 
258 
0.561147 0.369275 
259 
0.503787 0.99124 
260 
0.94503 0.769527 
261 
0.202264 0.126163 
262 
0.992499 0.647909 
263 
0.028147 0.879861 
264 
0.583159 0.398442 
265 
0.0893758 0.461703 
266 
0.383343 0.433032 
267 
0.966119 0.530153 
268 
0.509602 0.763654 
269 
0.332464 0.16758 
270 
0.000556807 0.231335 
271 
0.803468 0.150001 
272 
0.185616 0.473277 
273 
0.751141 0.746763 
274 
0.842552 0.254928 
275 
0.738002 0.787582 
276 
0.024455 0.940266 
277 
0.913745 0.0169543 
278 
0.588175 0.941892 
279 
0.896816 0.171334 
280 
0.340334 0.986192 
281 
0.633037 0.723677 
282 
0.419224 0.599156 
283 
0.253831 0.928826 
284 
0.362811 0.586295 
285 
0.0964054 0.363368 
286 
0.81763 0.899873 
287 
0.513369 0.00324604 
288 
0.37315 0.26451 
289 
0.750009 0.215702 
290 
0.519437 0.488011 
291 
0.00328379 0.543892 
292 
0.428278 0.917029 
293 
0.560847 0.0164528 
294 
0.858921 0.457662 
295 
0.187787 0.199255 
296 
0.443854 0.820824 
297 
0.922933 0.863078 
298 
0.419981 0.176763 
299 
0.791903 0.782791 
300 
0.763058 0.888309 
301 
0.146159 0.580688 
302 
0.788182 0.659528 
303 
0.583934 0.161332 
304 
0.924038 0.333943 
305 
0.377034 0.443475 
306 
0.821954 0.380318 
307 
0.987368 0.250232 
308 
0.297347 0.548214 
309 
0.266685 0.156268 
310 
0.0058769 0.454472 
311 
0.355523 0.449731 
312 
0.275296 0.278456 
313 
0.312809 0.695277 
314 
0.455219 0.104712 
315 
0.478068 0.218277 
316 
0.993021 0.624227 
317 
0.798965 0.781203 
318 
0.283754 0.382899 
319 
0.942535 0.207792 
320 
0.716842 0.319569 
321 
0.651267 0.538796 
322 
0.699887 0.638635 
323 
0.789028 0.997233 
324 
0.186849 0.0557122 
325 
0.153501 0.192726 
326 
0.510184 0.509024 
327 
0.642457 0.78548 
328 
0.78748 0.955266 
329 
0.480756 0.242699 
330 
0.0599779 0.958824 
331 
0.460976 0.0529986 
332 
0.583051 0.259941 
333 
0.834202 0.866805 
334 
0.64284 0.776737 
335 
0.0745974 0.359681 
336 
0.0963057 0.725865 
337 
0.898477 0.796192 
338 
0.3645 0.687505 
339 
0.793426 0.551349 
340 
0.743217 0.946927 
341 
0.744075 0.253401 
342 
0.455951 0.386533 
343 
0.0388807 0.243431 
344 
0.341799 0.519637 
345 
0.48613 0.401776 
346 
0.478461 0.947106 
347 
0.454775 0.0615119 
348 
0.207047 0.288977 
349 
0.928317 0.849886 
350 
0.0657132 0.00291453 
351 
0.209568 0.162019 
352 
0.728779 0.108045 
353 
0.958211 0.093279 
354 
0.79555 0.751637 
355 
0.644628 0.538767 
356 
0.698564 0.388704 
357 
0.792168 0.154516 
358 
0.775236 0.831048 
359 
0.397947 0.117035 
360 
0.350685 0.884077 
361 
0.518811 0.829147 
362 
0.831183 0.973586 
363 
0.890659 0.0382296 
364 
0.262563 0.818976 
365 
0.888116 0.328276 
366 
0.82189 0.0976837 
367 
0.490295 0.550669 
368 
0.205729 0.448507 
369 
0.643948 0.00127844 
370 
0.200144 0.288577 
371 
0.540045 0.898708 
372 
0.67728 0.332213 
373 
0.0532236 0.452517 
374 
0.163261 0.45117 
375 
0.569551 0.513947 
376 
0.335247 0.0883629 
377 
0.343093 0.16643 
378 
0.0619493 0.233752 
379 
0.20466 0.324512 
380 
0.0527275 0.0927756 
381 
0.652789 0.874618 
382 
0.190459 0.143084 
383 
0.425287 0.396188 
384 
0.59159 0.0692357 
385 
0.397466 0.791734 
386 
0.357812 0.937512 
387 
0.690442 0.0350925 
388 
0.269725 0.743666 
389 
0.487609 0.432986 
390 
0.194836 0.0571605 
391 
0.946933 0.530083 
392 
0.145523 0.290026 
393 
0.696514 0.207473 
394 
0.523778 0.901173 
395 
0.531985 0.576505 
396 
0.993949 0.184774 
397 
0.451123 0.184408 
398 
0.327857 0.87641 
399 
0.580596 0.919448 
400 
0.945646 0.978063 
401 
0.711182 0.303458 
402 
0.915574 0.401624 
403 
0.338551 0.185299 
404 
0.14529 0.82616 
405 
0.618285 0.340126 
406 
0.88332 0.565217 
407 
0.870209 0.0288435 
408 
0.855243 0.566723 
409 
0.236316 0.379021 
410 
0.467896 0.768301 
411 
0.955526 0.461845 
412 
0.953075 0.406649 
413 
0.646253 0.280932 
414 
0.283059 0.226849 
415 
0.20038 0.228705 
416 
0.204912 0.911561 
417 
0.532163 0.120486 
418 
0.313185 0.870713 
419 
0.305785 0.458475 
420 
0.696873 0.92407 
421 
0.798601 0.580193 
422 
0.489287 0.66881 
423 
0.609036 0.34453 
424 
0.235533 0.845353 
425 
0.72355 0.703429 
426 
0.613654 0.679076 
427 
0.165274 0.566729 
428 
0.0857249 0.811527 
429 
0.847661 0.368784 
430 
0.0383764 0.0480406 
431 
0.597488 0.243288 
432 
0.959602 0.129651 
433 
0.363775 0.272787 
434 
0.000364512 0.66956 
435 
0.731262 0.697237 
436 
0.593629 0.529863 
437 
0.27743 0.0829162 
438 
0.198672 0.886467 
439 
0.427446 0.434205 
440 
0.731819 0.150996 
441 
0.137634 0.345473 
442 
0.830073 0.302908 
443 
0.912202 0.915798 
444 
0.114435 0.759863 
445 
0.284581 0.152811 
446 
0.807903 0.88207 
447 
0.396099 0.767505 
448 
0.0117211 0.759874 
449 
0.0402925 0.0120856 
450 
0.429434 0.771555 
451 
0.709323 0.0230634 
452 
0.301417 0.986753 
453 
0.10598 0.50009 
454 
0.87322 0.533426 
455 
0.934295 0.60504 
456 
0.684422 0.0719287 
457 
0.950513 0.514495 
458 
0.374836 0.862715 
459 
0.430292 0.489271 
460 
0.622578 0.714874 
461 
0.642082 0.430481 
462 
0.596944 0.0381811 
463 
0.197986 0.608665 
464 
0.798055 0.238279 
465 
0.62075 0.227489 
466 
0.00983335 0.330073 
467 
0.250553 0.311251 
468 
0.316826 0.356532 
469 
0.81134 0.190047 
470 
0.889958 0.745635 
471 
0.795086 0.57438 
472 
0.817564 0.745599 
473 
0.0888745 0.1924 
474 
0.608314 0.519167 
475 
0.681671 0.230892 
476 
0.23404 0.323753 
477 
0.661373 0.830984 
478 
0.361934 0.859359 
479 
0.439649 0.159989 
480 
0.0976378 0.0603987 
481 
0.387478 0.107471 
482 
0.390472 0.638031 
483 
0.418722 0.707298 
484 
0.994563 0.230062 
485 
0.897345 0.884521 
486 
0.975697 0.692431 
487 
0.4589 0.793261 
488 
0.438031 0.547775 
489 
0.985661 0.0463447 
490 
0.0669418 0.667332 
491 
0.277237 0.300982 
492 
0.991085 0.938609 
493 
0.131966 0.353019 
494 
0.797968 0.571615 
495 
0.513008 0.895606 
496 
0.632013 0.900486 
497 
0.00307737 0.0224853 
498 
0.538517 0.421799 
499 
0.729784 0.533079 
500 
0.651861 0.627129 
501 
0.4176 0.627558 
502 
0.31956 0.876501 
503 
0.42082 0.757591 
504 
0.424276 0.406481 
505 
0.803935 0.491217 
506 
0.0738133 0.0811718 
507 
0.7922 0.0648983 
508 
0.0197812 0.924166 
509 
0.417917 0.81775 
510 
0.495781 0.930925 
511 
0.713356 0.127794 
512 
0.831411 0.716433 
513 
0.150279 0.369927 
514 
0.138232 0.880063 
515 
0.903006 0.790093 
516 
0.507192 0.320607 
517 
0.417652 0.826752 
518 
0.197107 0.838472 
519 
0.584342 0.621383 
520 
0.244953 0.388277 
521 
0.1126 0.318766 
522 
0.469449 0.9048 
523 
0.383664 0.48923 
524 
0.828965 0.801581 
525 
0.30698 0.324746 
526 
0.732506 0.0203357 
527 
0.45254 0.563917 
528 
0.736769 0.602819 
529 
0.933844 0.875001 
530 
0.482883 0.83685 
531 
0.665095 0.990074 
532 
0.157457 0.0827465 
533 
0.816826 0.354564 
534 
0.921218 0.401168 
535 
0.975946 0.166171 
536 
0.789446 0.0885461 
537 
0.484937 0.258895 
538 
0.993346 0.868601 
539 
0.748125 0.822311 
540 
0.670182 0.0551055 
541 
0.147057 0.402688 
542 
0.0754412 0.599597 
543 
0.966605 0.81221 
544 
0.202416 0.900448 
545 
0.687211 0.685299 
546 
0.737299 0.352306 
547 
0.675373 0.894755 
548 
0.435052 0.492199 
549 
0.249319 0.35627 
550 
0.893368 0.225265 
551 
0.522441 0.682813 
552 
0.313811 0.00737753 
553 
0.941708 0.307157 
554 
0.875979 0.689834 
555 
0.129468 0.546161 
556 
0.744939 0.276525 
557 
0.948849 0.820381 
558 
0.876122 0.915454 
559 
0.632591 0.078538 
560 
0.815902 0.319802 
561 
0.763837 0.553201 
562 
0.672107 0.43921 
563 
0.447956 0.107159 
564 
0.93141 0.697275 
565 
0.463429 0.824777 
566 
0.92254 0.98587 
567 
0.507591 0.236351 
568 
0.993248 0.449299 
569 
0.543508 0.869226 
570 
0.139133 0.672975 
571 
0.415387 0.884072 
572 
0.9495 0.364236 
573 
0.704453 0.825622 
574 
0.27969 0.337044 
575 
0.90416 0.0955923 
576 
0.656845 0.667997 
577 
0.648793 0.328953 
578 
0.107207 0.0967491 
579 
0.436112 0.0386167 
580 
0.794024 0.899541 
581 
0.863394 0.716564 
582 
0.885412 0.370985 
583 
0.952915 0.878659 
584 
0.820284 0.496422 
585 
0.747885 0.959417 
586 
0.169398 0.163273 
587 
0.84349 0.118898 
588 
0.527509 0.547943 
589 
0.94452 0.807199 
590 
0.884986 0.848679 
591 
0.902791 0.541832 
592 
0.516676 0.551584 
593 
0.870784 0.623883 
594 
0.648333 0.306896 
595 
0.6625 0.442357 
596 
0.206438 0.525894 
597 
0.15892 0.091849 
598 
0.896879 0.111835 
599 
0.970508 0.717163 
600 
0.608257 0.718394 
601 
0.67658 0.777655 
602 
0.881666 0.520069 
603 
0.896553 0.409175 
604 
0.0680117 0.841072 
605 
0.216373 0.952998 
606 
0.689752 0.119164 
607 
0.49483 0.206428 
608 
0.670748 0.365614 
609 
0.830311 0.319081 
610 
0.67251 0.492811 
611 
0.761438 0.878948 
612 
0.0187045 0.920359 
613 
0.970797 0.915583 
614 
0.0321938 0.941305 
615 
0.632746 0.640451 
616 
0.659699 0.309325 
617 
0.418106 0.541365 
618 
0.829394 0.314659 
619 
0.95054 0.897406 
620 
0.155732 0.166913 
621 
0.850404 0.845483 
622 
0.286078 0.345234 
623 
0.0519111 0.956826 
624 
0.710848 0.882222 
625 
0.275907 0.383358 
626 
0.375033 0.0373456 
627 
0.262306 0.393737 
628 
0.957704 0.233103 
629 
0.30932 0.989898 
630 
0.174408 0.942066 
631 
0.630349 0.834106 
632 
0.251391 0.0484553 
633 
0.375471 0.0807855 
634 
0.363114 0.326011 
635 
0.978192 0.518846 
636 
0.492924 0.828596 
637 
0.364329 0.779002 
638 
0.17383 0.41624 
639 
0.735828 0.884678 
640 
0.298462 0.0117355 
641 
0.268036 0.673495 
642 
0.0490812 0.530342 
643 
0.0672317 0.0067855 
644 
0.763444 0.376552 
645 
0.996684 0.937852 
646 
0.318618 0.627033 
647 
0.771958 0.570009 
648 
0.675488 0.147429 
649 
0.650794 0.0386025 
650 
0.47344 0.628986 
651 
0.557448 0.966365 
652 
0.457582 0.921778 
653 
0.745367 0.631411 
654 
0.338018 0.481195 
655 
0.516089 0.63648 
656 
0.492931 0.784125 
657 
0.309975 0.542012 
658 
0.314466 0.377206 
659 
0.548797 0.0779106 
660 
0.753758 0.545481 
661 
0.0157623 0.0723757 
662 
0.172514 0.78772 
663 
0.642384 0.848002 
664 
0.93515 0.293179 
665 
0.886605 0.40859 
666 
0.922164 0.444053 
667 
0.374955 0.379746 
668 
0.365831 0.120322 
669 
0.0111576 0.703848 
670 
0.601517 0.527247 
671 
0.340328 0.0944483 
672 
0.311372 0.650303 
673 
0.63646 0.625838 
674 
0.0275094 0.185258 
675 
0.703749 0.781267 
676 
0.730739 0.719511 
677 
0.853643 0.903253 
678 
0.507231 0.496027 
679 
0.751255 0.442381 
680 
0.789206 0.637859 
681 
0.850971 0.71137 
682 
0.0819123 0.225926 
683 
0.0911166 0.447743 
684 
0.346248 0.102274 
685 
0.151591 0.947766 
686 
0.629521 0.49192 
687 
0.0422139 0.940893 
688 
0.142223 0.678674 
689 
0.566731 0.169732 
690 
0.863932 0.270479 
691 
0.951 0.594671 
692 
0.98999 0.804643 
693 
0.497923 0.497221 
694 
0.30067 0.249178 
695 
0.939602 0.0898762 
696 
0.887038 0.790573 
697 
0.801247 0.96895 
698 
0.0164991 0.892363 
699 
0.416693 0.362747 
700 
0.994637 0.568284 
701 
0.310513 0.624158 
702 
0.0602035 0.352727 
703 
0.565051 0.202426 
704 
0.0314009 0.131782 
705 
0.372158 0.895333 
706 
0.402261 0.323158 
707 
0.490003 0.392251 
708 
0.127801 0.987927 
709 
0.889472 0.428471 
710 
0.237105 0.829075 
711 
0.518347 0.124143 
712 
0.619648 0.319594 
713 
0.0930924 0.636147 
714 
0.211957 0.509785 
715 
0.998894 0.206594 
716 
0.0780688 0.309407 
717 
0.830752 0.138272 
718 
0.662134 0.395803 
719 
0.340698 0.693535 
720 
0.527585 0.712857 
721 
0.588867 0.929846 
722 
0.0360147 0.0788707 
723 
0.322097 0.163815 
724 
0.0667976 0.211569 
725 
0.592286 0.303903 
726 
0.0406434 0.110633 
727 
0.428045 0.660291 
728 
0.430227 0.521138 
729 
0.296438 0.642183 
730 
0.0309226 0.295332 
731 
0.848777 0.108991 
732 
0.604739 0.67953 
733 
0.247264 0.266872 
734 
0.0753329 0.587962 
735 
0.960407 0.602918 
736 
0.300819 0.549274 
737 
0.532763 0.336834 
738 
0.628145 0.85486 
739 
0.500649 0.694942 
740 
0.066429 0.092935 
741 
0.998845 0.107072 
742 
0.203568 0.42689 
743 
0.767363 0.633795 
744 
0.948028 0.0638013 
745 
0.275978 0.97895 
746 
0.359133 0.124755 
747 
0.0879418 0.963872 
748 
0.804285 0.335205 
749 
0.230744 0.879618 
750 
0.923168 0.191151 
751 
0.482535 0.223986 
752 
0.740426 0.0152988 
753 
0.56082 0.368571 
754 
0.870159 0.061469 
755 
0.0635131 0.936588 
756 
0.154404 0.0623582 
757 
0.0436603 0.357972 
758 
0.489248 0.811024 
759 
0.991767 0.437276 
760 
0.874825 0.267744 
761 
0.416227 0.233958 
762 
0.392499 0.504169 
763 
0.19783 0.196784 
764 
0.839374 0.428575 
765 
0.0764015 0.762542 
766 
0.619726 0.558937 
767 
0.986528 0.360152 
768 
0.574236 0.547348 
769 
0.728723 0.444395 
770 
0.608817 0.792236 
771 
0.380983 0.763221 
772 
0.854594 0.424643 
773 
0.121193 0.343842 
774 
0.235667 0.11296 
775 
0.781119 0.110492 
776 
0.380704 0.197346 
777 
0.34445 0.773203 
778 
0.701514 0.54228 
779 
0.969987 0.540888 
780 
0.970855 0.0463889 
781 
0.30343 0.590581 
782 
0.605326 0.289958 
783 
0.950733 0.179562 
784 
0.837307 0.679455 
785 
0.623956 0.446124 
786 
0.471691 0.00493871 
787 
0.209346 0.326285 
788 
0.429582 0.330539 
789 
0.670127 0.665248 
790 
0.443499 0.451246 
791 
0.77574 0.824203 
792 
0.648591 0.12019 
793 
0.597407 0.350105 
794 
0.66247 0.567394 
795 
0.890994 0.633324 
796 
0.613783 0.194424 
797 
0.223905 0.219109 
798 
0.484383 0.174638 
799 
0.39867 0.321689 
800 
0.854093 0.0226264 
801 
0.767814 0.325784 
802 
0.0275651 0.977159 
803 
0.652069 0.457147 
804 
0.307698 0.322196 
805 
0.122395 0.751197 
806 
0.773441 0.898134 
807 
0.5754 0.422032 
808 
0.018324 0.172806 
809 
0.772138 0.680794 
810 
0.7402 0.663132 
811 
0.314118 0.353983 
812 
0.857556 0.538023 
813 
0.573092 0.341939 
814 
0.712661 0.971762 
815 
0.663628 0.566754 
816 
0.994389 0.431441 
817 
0.892538 0.0219537 
818 
0.4086 0.544607 
819 
0.4791 0.716298 
820 
0.866803 0.601495 
821 
0.467495 0.640244 
822 
0.49963 0.0428951 
823 
0.0622765 0.517954 
824 
0.215702 0.834414 
825 
0.198747 0.955902 
826 
0.497546 0.512865 
827 
0.309885 0.355102 
828 
0.0508878 0.882977 
829 
0.697041 0.763549 
830 
0.85474 0.360668 
831 
0.330303 0.849128 
832 
0.79211 0.222841 
833 
0.871082 0.20071 
834 
0.767449 0.350182 
835 
0.917009 0.634251 
836 
0.951677 0.384504 
837 
0.274496 0.451307 
838 
0.427399 0.336772 
839 
0.969261 0.643101 
840 
0.171187 0.168008 
841 
0.599003 0.668733 
842 
0.680873 0.908888 
843 
0.0238346 0.73176 
844 
0.791865 0.720875 
845 
0.495309 0.646605 
846 
0.0815435 0.825612 
847 
0.495733 0.873653 
848 
0.0484535 0.366815 
849 
0.0743637 0.815902 
850 
0.716997 0.991373 
851 
0.450154 0.668675 
852 
0.375877 0.724649 
853 
0.119982 0.803276 
854 
0.0614213 0.0892422 
855 
0.446376 0.232608 
856 
0.25725 0.0453792 
857 
0.90134 0.938122 
858 
0.954267 0.925175 
859 
0.669883 0.746133 
860 
0.64605 0.165192 
861 
0.392738 0.727594 
862 
0.990804 0.888471 
863 
0.601247 0.0392576 
864 
0.255286 0.675611 
865 
0.85516 0.972283 
866 
0.666983 0.305313 
867 
0.640957 0.0428599 
868 
0.0299623 0.760939 
869 
0.846136 0.0913836 
870 
0.850181 0.292512 
871 
0.323991 0.107431 
872 
0.337891 0.225332 
873 
0.0455535 0.292159 
874 
0.150507 0.715436 
875 
0.0382912 0.796557 
876 
0.880628 0.431029 
877 
0.524151 0.871432 
878 
0.319499 0.125398 
879 
0.91069 0.574785 
880 
0.801008 0.76585 
881 
0.547068 0.467992 
882 
0.0711629 0.188025 
883 
0.510852 0.101125 
884 
0.948964 0.356987 
885 
0.192509 0.799146 
886 
0.649499 0.5165 
887 
0.906577 0.987391 
888 
0.741832 0.95213 
889 
0.279549 0.892339 
890 
0.667567 0.31784 
891 
0.688896 0.548195 
892 
0.748869 0.213046 
893 
0.419627 0.0683687 
894 
0.338444 0.330317 
895 
0.643154 0.139452 
896 
0.0961671 0.190222 
897 
0.607444 0.16733 
898 
0.378247 0.118296 
899 
0.268455 0.327211 
900 
0.475283 0.460964 
901 
0.126357 0.124782 
902 
0.977464 0.0329342 
903 
0.112173 0.719296 
904 
0.985065 0.391722 
905 
0.611635 0.652631 
906 
0.709563 0.300531 
907 
0.200826 0.458432 
908 
0.513578 0.620454 
909 
0.5268 0.852022 
910 
0.950771 0.169954 
911 
0.991474 0.0469383 
912 
0.360176 0.598918 
913 
0.214268 0.738423 
914 
0.717214 0.482723 
915 
0.0656342 0.192497 
916 
0.943688 0.191992 
917 
0.317279 0.921152 
918 
0.224926 0.429452 
919 
0.640448 0.20999 
920 
0.821174 0.252084 
921 
0.862622 0.530737 
922 
0.552615 0.063448 
923 
0.989168 0.0661927 
924 
0.683902 0.515969 
925 
0.918214 0.634673 
926 
0.685923 0.909688 
927 
0.681611 0.0460988 
928 
0.508607 0.89588 
929 
0.784522 0.225821 
930 
0.378603 0.850156 
931 
0.418318 0.322291 
932 
0.0421473 0.735597 
933 
0.243443 0.267073 
934 
0.165049 0.883891 
935 
0.477063 0.986223 
936 
0.135975 0.339685 
937 
0.516959 0.68859 
938 
0.403133 0.506128 
939 
0.754783 0.0870347 
940 
0.0220966 0.672997 
941 
0.721708 0.70802 
942 
0.582686 0.403319 
943 
0.754118 0.0912923 
944 
0.299198 0.53864 
945 
0.317113 0.677801 
946 
0.388796 0.735431 
947 
9.20095e-05 0.430943 
948 
0.471027 0.243535 
949 
0.698016 0.636076 
950 
0.127426 0.175079 
951 
0.622299 0.263401 
952 
0.514764 0.139258 
953 
0.951991 0.917897 
954 
0.645386 0.706773 
955 
0.00493186 0.667482 
956 
0.379771 0.72664 
957 
0.375502 0.962456 
958 
0.129958 0.12962 
959 
0.0537485 0.429157 
960 
0.66826 0.370861 
961 
0.106958 0.0570562 
962 
0.106292 0.10705 
963 
0.487999 0.577319 
964 
0.350585 0.186015 
965 
0.213395 0.47801 
966 
0.361095 0.835694 
967 
0.741411 0.875859 
968 
0.974952 0.693402 
969 
0.793756 0.620338 
970 
0.400175 0.798688 
971 
0.28782 0.779946 
972 
0.525328 0.663322 
973 
0.742402 0.655286 
974 
0.792943 0.796151 
975 
0.0844428 0.461203 
976 
0.167012 0.191401 
977 
0.518259 0.273304 
978 
0.298451 0.00625859 
979 
0.850623 0.649036 
980 
0.192274 0.0640187 
981 
0.127046 0.553369 
982 
0.899713 0.868458 
983 
0.429228 0.874665 
984 
0.561859 0.222984 
985 
0.495003 0.962035 
986 
0.021672 0.782823 
987 
0.74198 0.547 
988 
0.446145 0.484383 
989 
0.202286 0.239088 
990 
0.280533 0.286728 
991 
0.700291 0.447545 
992 
0.478129 0.218551 
993 
0.72085 0.77658 
994 
0.224809 0.571473 
995 
0.425616 0.417083 
996 
0.635492 0.552663 
997 
0.970452 0.535204 
998 
0.42112 0.39968 
999 
0.409869 0.98298 
1000 
0.622664 0.904872 
1001 
0.945014 0.644336 
1002 
0.687695 0.686995 
1003 
0.191335 0.13384 
1004 
0.171377 0.393621 
1005 
0.372928 0.45191 
1006 
0.680349 0.0732198 
1007 
0.899456 0.158478 
1008 
0.291771 0.620305 
1009 
0.935059 0.51658 
1010 
0.191778 0.360675 
1011 
0.933663 0.82727 
1012 
0.913338 0.904115 
1013 
0.362474 0.334458 
1014 
0.303795 0.772343 
1015 
0.317438 0.926458 
1016 
0.677215 0.262452 
1017 
0.570794 0.36491 
1018 
0.949447 0.762129 
1019 
0.49875 0.120824 
1020 
0.155749 0.871679 
1021 
0.572734 0.836098 
1022 
0.944898 0.472189 
1023 
0.994576 0.236669 
1024 
0.0924945 0.929635 
1025 
0.753249 0.284273 
1026 
0.29031 0.686912 
1027 
0.111542 0.203648 
1028 
0.591027 0.474016 
1029 
0.538106 0.894821 
1030 
0.246359 0.855544 
1031 
0.821279 0.923574 
1032 
0.117996 0.392073 
1033 
0.288484 0.0674424 
1034 
0.154202 0.787234 
1035 
0.188266 0.309951 
1036 
0.658913 0.761 
1037 
0.146049 0.603811 
1038 
0.233189 0.140626 
1039 
0.84048 0.325684 
1040 
0.0702609 0.593729 
1041 
0.609956 0.360571 
1042 
0.280641 0.721498 
1043 
0.564219 0.871668 
1044 
0.195515 0.102325 
1045 
0.766489 0.441874 
1046 
0.957869 0.587768 
1047 
0.365449 0.0758649 
1048 
0.979841 0.653933 
1049 
0.143307 0.134043 
1050 
0.441167 0.331573 
1051 
0.443994 0.10008 
1052 
0.092573 0.590043 
1053 
0.703892 0.325762 
1054 
0.730669 0.544372 
1055 
0.651446 0.80093 
1056 
0.138101 0.261402 
1057 
0.161501 0.418742 
1058 
0.9829 0.72572 
1059 
0.29041 0.178415 
1060 
0.828045 0.0568985 
1061 
0.620289 0.785914 
1062 
0.644667 0.985738 
1063 
0.861779 0.624508 
1064 
0.639671 0.00508605 
1065 
0.758551 0.0808383 
1066 
0.336659 0.202545 
1067 
0.180918 0.429232 
1068 
0.792588 0.88481 
1069 
0.754994 0.523257 
1070 
0.429182 0.40644 
1071 
0.324187 0.567283 
1072 
0.667842 0.485688 
1073 
0.986025 0.650743 
1074 
0.211408 0.276435 
1075 
0.829158 0.0394529 
1076 
0.333333 0.449447 
1077 
0.825367 0.978 
1078 
0.435185 0.687146 
1079 
0.602508 0.0748563 
1080 
0.692232 0.361059 
1081 
0.155695 0.028891 
1082 
0.563603 0.336613 
1083 
0.458123 0.356191 
1084 
0.221423 0.213118 
1085 
0.879448 0.650605 
1086 
0.619558 0.203636 
1087 
0.217888 0.2874 
1088 
0.689324 0.203913 
1089 
0.938143 0.900731 
1090 
0.480348 0.767301 
1091 
0.940184 0.813681 
1092 
0.216748 0.765551 
1093 
0.791681 0.651933 
1094 
0.452697 0.394189 
1095 
0.72679 0.144929 
1096 
0.755248 0.882484 
1097 
0.173819 0.318851 
1098 
0.219097 0.631943 
1099 
0.675043 0.440521 
1100 
0.84506 0.554491 
1101 
0.0911257 0.464618 
1102 
0.758127 0.309014 
1103 
0.752019 0.44745 
1104 
0.512927 0.690162 
1105 
0.348182 0.993275 
1106 
0.457463 0.288366 
1107 
0.806957 0.674211 
1108 
0.0539172 0.598638 
1109 
0.326144 0.506614 
1110 
0.992827 0.0529338 
1111 
0.651543 0.748074 
1112 
0.935418 0.825362 
1113 
0.0669255 0.154516 
1114 
0.457305 0.741968 
1115 
0.595036 0.302365 
1116 
0.296459 0.686162 
1117 
0.766984 0.0545855 
1118 
0.995176 0.519003 
1119 
0.502036 0.508103 
1120 
0.209164 0.850217 
1121 
0.501378 0.666627 
1122 
0.138583 0.308335 
1123 
0.340838 0.1925 
1124 
0.906972 0.666982 
1125 
0.699114 0.899799 
1126 
0.719915 0.350657 
1127 
0.647873 0.655334 
1128 
0.176019 0.714799 
1129 
0.809849 0.633324 
1130 
0.456767 0.404885 
1131 
0.935689 0.753226 
1132 
0.091047 0.702673 
1133 
0.807811 0.0862226 
1134 
0.221675 0.309847 
1135 
0.594326 0.43084 
1136 
0.160064 0.0957037 
1137 
0.0974665 0.298647 
1138 
0.404038 0.438304 
1139 
0.491148 0.311011 
1140 
0.105286 0.190262 
1141 
0.21081 0.825201 
1142 
0.540919 0.858683 
1143 
0.480535 0.716938 
1144 
0.573482 0.290384 
1145 
0.350262 0.0302492 
1146 
0.695269 0.285951 
1147 
0.783475 0.786316 
1148 
0.988624 0.591286 
1149 
0.872539 0.210299 
1150 
0.901133 0.466865 
1151 
0.641139 0.0611975 
1152 
0.562568 0.738606 
1153 
0.359845 0.966607 
1154 
0.17691 0.850992 
1155 
0.277618 0.282195 
1156 
0.0412545 0.488428 
1157 
0.107397 0.582174 
1158 
0.347111 0.587932 
1159 
0.299112 0.920593 
1160 
0.878316 0.649374 
1161 
0.950843 0.573585 
1162 
0.935325 0.734318 
1163 
0.359901 0.923949 
1164 
0.325604 0.23244 
1165 
0.134249 0.226737 
1166 
0.699305 0.775388 
1167 
0.287935 0.261873 
1168 
0.513993 0.64778 
1169 
0.22848 0.690903 
1170 
0.498772 0.506097 
1171 
0.973098 0.540027 
1172 
0.994525 0.080495 
1173 
0.1222 0.341636 
1174 
0.668427 0.421312 
1175 
0.262229 0.546742 
1176 
0.0706862 0.213072 
1177 
0.120327 0.00601141 
1178 
0.947389 0.480229 
1179 
0.929961 0.272993 
1180 
0.712669 0.0642092 
1181 
0.499731 0.411974 
1182 
0.839597 0.787666 
1183 
0.673847 0.35359 
1184 
0.435445 0.902327 
1185 
0.0444931 0.934217 
1186 
0.408424 0.0175914 
1187 
0.474244 0.402949 
1188 
0.0980864 0.596444 
1189 
0.744585 0.766513 
1190 
0.0177565 0.00681419 
1191 
0.313255 0.0884427 
1192 
0.219886 0.433582 
1193 
0.0944541 0.167275 
1194 
0.913811 0.0244148 
1195 
0.440269 0.62648 
1196 
0.088624 0.939999 
1197 
0.0384539 0.928221 
1198 
0.727665 0.712301 
1199 
0.281811 0.16311 
1200 
0.614628 0.326304 
1201 
0.0973278 0.0230522 
1202 
0.343896 0.571572 
1203 
0.426001 0.441982 
1204 
0.168016 0.170586 
1205 
0.208495 0.185772 
1206 
0.177401 0.52175 
1207 
0.274215 0.397287 
1208 
0.955332 0.368669 
1209 
0.564562 0.869143 
1210 
0.393084 0.00483035 
1211 
0.495623 0.481708 
1212 
0.94483 0.534077 
1213 
0.409929 0.672495 
1214 
0.246378 0.69174 
1215 
0.835605 0.861006 
1216 
0.018044 0.932933 
1217 
0.884058 0.361939 
1218 
0.504505 0.31006 
1219 
0.803921 0.672521 
1220 
0.480646 0.0124163 
1221 
0.858293 0.658047 
1222 
0.534166 0.132508 
1223 
0.0553333 0.489499 
1224 
0.501178 0.619895 
1225 
0.358642 0.894262 
1226 
0.624725 0.854265 
1227 
0.37597 0.569555 
1228 
0.388343 0.785899 
1229 
0.24205 0.634721 
1230 
0.477639 0.0776552 
1231 
0.495727 0.495683 
1232 
0.0105882 0.379785 
1233 
0.857622 0.515093 
1234 
0.689845 0.661544 
1235 
0.187614 0.170491 
1236 
0.67396 0.0459068 
1237 
0.828538 0.208126 
1238 
0.178415 0.883871 
1239 
0.697625 0.679593 
1240 
0.503766 0.056267 
1241 
0.573855 0.128492 
1242 
0.910532 0.949825 
1243 
0.698047 0.298875 
1244 
0.735723 0.940097 
1245 
0.933596 0.213362 
1246 
0.0177522 0.429323 
1247 
0.709045 0.0283404 
1248 
0.809108 0.566667 
1249 
0.543433 0.498953 
1250 
0.228211 0.731047 
1251 
0.669444 0.902171 
1252 
0.776954 0.497982 
1253 
0.110297 0.955369 
1254 
0.381853 0.807922 
1255 
0.634962 0.885619 
1256 
0.864189 0.208817 
1257 
0.0141112 0.774721 
1258 
0.158641 0.712158 
1259 
0.0735963 0.894365 
1260 
0.652255 0.00719201 
1261 
0.107727 0.670007 
1262 
0.436515 0.816772 
1263 
0.698348 0.245623 
1264 
0.383439 0.241781 
1265 
0.744575 0.61165 
1266 
0.972828 0.414019 
1267 
0.51382 0.749782 
1268 
0.912001 0.624117 
1269 
0.705151 0.293854 
1270 
0.432039 0.340113 
1271 
0.179474 0.296228 
1272 
0.54893 0.193585 
1273 
0.0709492 0.707571 
1274 
0.905743 0.144545 
1275 
0.601936 0.557998 
1276 
0.151737 0.709663 
1277 
0.228005 0.588252 
1278 
0.526435 0.926353 
1279 
0.833875 0.909874 
1280 
0.168134 0.57845 
1281 
0.521523 0.140963 
1282 
0.992469 0.0353434 
1283 
0.890745 0.90447 
1284 
0.659461 0.595896 
1285 
0.198324 0.0914995 
1286 
0.936009 0.377798 
1287 
0.387727 0.484939 
1288 
0.571383 0.458677 
1289 
0.19251 0.477126 
1290 
0.603222 0.794446 
1291 
0.0351237 0.754959 
1292 
0.504109 0.263129 
1293 
0.343212 0.0305433 
1294 
0.189482 0.177086 
1295 
0.940417 0.357617 
1296 
0.755536 0.46194 
1297 
0.498579 0.748005 
1298 
0.497284 0.389324 
1299 
0.652475 0.156744 
1300 
0.98522 0.8508 
1301 
0.248244 0.921229 
1302 
0.228597 0.635971 
1303 
0.406167 0.79998 
1304 
0.0946476 0.598677 
1305 
0.277106 0.69787 
1306 
0.393123 0.312229 
1307 
0.452829 0.897231 
1308 
0.575359 0.796041 
1309 
0.927775 0.764841 
1310 
0.973127 0.868192 
1311 
0.122458 0.728663 
1312 
0.330132 0.621037 
1313 
0.476668 0.827415 
1314 
0.0103611 0.129143 
1315 
0.984159 0.995581 
1316 
0.979943 0.232403 
1317 
0.916809 0.20854 
1318 
0.868374 0.322977 
1319 
0.00852026 0.963021 
1320 
0.921654 0.285626 
1321 
0.660891 0.314776 
1322 
0.597855 0.11372 
1323 
0.212008 0.173214 
1324 
0.909761 0.139782 
1325 
0.938055 0.882887 
1326 
0.00797373 0.0605126 
1327 
0.61155 0.338105 
1328 
0.68155 0.0882179 
1329 
0.165521 0.691911 
1330 
0.217361 0.14968 
1331 
0.687492 0.197304 
1332 
0.382083 0.604301 
1333 
0.405844 0.250456 
1334 
0.927278 0.414364 
1335 
0.213478 0.848931 
1336 
0.69999 0.874369 
1337 
0.163708 0.297846 
1338 
0.988089 0.375715 
1339 
0.471059 0.897849 
1340 
0.515497 0.409114 
1341 
0.780736 0.523471 
1342 
0.469627 0.392286 
1343 
0.861577 0.151177 
1344 
0.480504 0.0270971 
1345 
0.843088 0.697865 
1346 
0.176777 0.530579 
1347 
0.895169 0.558859 
1348 
0.134881 0.301013 
1349 
0.809316 0.0621583 
1350 
0.715378 0.0227938 
1351 
0.91109 0.415368 
1352 
0.897163 0.0747974 
1353 
0.713214 0.885251 
1354 
0.450513 0.184273 
1355 
0.783101 0.96601 
1356 
0.593387 0.563837 
1357 
0.489481 0.0630142 
1358 
0.956124 0.351058 
1359 
0.214191 0.436628 
1360 
0.378155 0.0572785 
1361 
0.134493 0.554932 
1362 
0.587858 0.0296625 
1363 
0.113791 0.722738 
1364 
0.330676 0.923107 
1365 
0.784897 0.0460535 
1366 
0.945901 0.695986 
1367 
0.461421 0.843064 
1368 
0.770784 0.174635 
1369 
0.728315 0.221296 
1370 
0.358908 0.511416 
1371 
0.187307 0.952295 
1372 
0.0752527 0.676788 
1373 
0.0153095 0.0313762 
1374 
0.0278458 0.2295 
1375 
0.468004 0.406001 
1376 
0.286779 0.602497 
1377 
0.960933 0.874637 
1378 
0.63216 0.074724 
1379 
0.597375 0.962836 
1380 
0.997831 0.382272 
1381 
0.00888932 0.943732 
1382 
0.0782581 0.470311 
1383 
0.786796 0.849042 
1384 
0.644946 0.515111 
1385 
0.0703383 0.00385375 
1386 
0.0265263 0.257645 
1387 
0.956149 0.101779 
1388 
0.934433 0.971459 
1389 
0.133155 0.962279 
1390 
0.200959 0.601159 
1391 
0.368279 0.487738 
1392 
0.203657 0.329212 
1393 
0.362375 0.835817 
1394 
0.403936 0.95975 
1395 
0.798652 0.401767 
1396 
0.342022 0.807542 
1397 
0.3455 0.42028 
1398 
0.277853 0.132295 
1399 
0.269322 0.922798 
1400 
0.647406 0.33966 
1401 
0.926652 0.673933 
1402 
0.597305 0.882801 
1403 
0.775712 0.531738 
1404 
0.85426 0.908867 
1405 
0.494016 0.0552187 
1406 
0.510026 0.862296 
1407 
0.542957 0.713683 
1408 
0.191508 0.905331 
1409 
0.5495 0.595444 
1410 
0.865081 0.348152 
1411 
0.997211 0.207103 
1412 
0.155694 0.342711 
1413 
0.627383 0.433546 
1414 
0.475006 0.896704 
1415 
0.356345 0.122412 
1416 
0.236364 0.282997 
1417 
0.796345 0.833669 
1418 
0.165798 0.572057 
1419 
0.365407 0.0200576 
1420 
0.480923 0.859423 
1421 
0.0752764 0.990949 
1422 
0.721719 0.618233 
1423 
0.704632 0.913226 
1424 
0.523565 0.254132 
1425 
0.50867 0.388646 
1426 
0.602284 0.505881 
1427 
0.595749 0.757978 
1428 
0.848592 0.223132 
1429 
0.191524 0.323598 
1430 
0.119836 0.547869 
1431 
0.446011 0.356201 
1432 
0.830866 0.242356 
1433 
0.18987 0.996664 
1434 
0.814412 0.555277 
1435 
0.0167212 0.295336 
1436 
0.4147 0.0919976 
1437 
0.286285 0.136419 
1438 
0.710231 0.990918 
1439 
0.0496454 0.233795 
1440 
0.245049 0.558316 
1441 
0.622441 0.847333 
1442 
0.0641971 0.21819 
1443 
0.605311 0.912789 
1444 
0.441322 0.796835 
1445 
0.236388 0.561158 
1446 
0.344704 0.682398 
1447 
0.917358 0.17557 
1448 
0.924754 0.107228 
1449 
0.172233 0.739167 
1450 
0.662505 0.188955 
1451 
0.0345022 0.0772053 
1452 
0.280952 0.320787 
1453 
0.213624 0.991183 
1454 
0.311705 0.26327 
1455 
0.224978 0.556754 
1456 
0.821585 0.847419 
1457 
0.404088 0.885782 
1458 
0.0656091 0.00939913 
1459 
0.798572 0.506931 
1460 
0.806235 0.0349592 
1461 
0.0680884 0.150939 
1462 
0.717358 0.985447 
1463 
0.326509 0.642112 
1464 
0.092675 0.498742 
1465 
0.381278 0.75518 
1466 
0.687697 0.415781 
1467 
0.832385 0.968649 
1468 
0.736568 0.0460096 
1469 
0.959832 0.048273 
1470 
0.309279 0.18481 
1471 
0.605027 0.130865 
1472 
0.0322287 0.00911529 
1473 
0.0166469 0.0978378 
1474 
0.0185144 0.815219 
1475 
0.604768 0.824749 
1476 
0.850178 0.672857 
1477 
0.975688 0.567535 
1478 
0.658304 0.302196 
1479 
0.209647 0.750979 
1480 
0.800938 0.590926 
1481 
0.506159 0.488635 
1482 
0.00670617 0.338544 
1483 
0.457283 0.743274 
1484 
0.384554 0.417115 
1485 
0.791547 0.693833 
1486 
0.601924 0.396575 
1487 
0.824698 0.634153 
1488 
0.40569 0.841345 
1489 
0.731991 0.424204 
1490 
0.656563 0.336759 
1491 
0.248953 0.506741 
1492 
0.00961612 0.224641 
1493 
0.0742762 0.66792 
1494 
0.526837 0.283923 
1495 
0.418898 0.327775 
1496 
0.874849 0.925057 
1497 
0.81641 0.881555 
1498 
0.263601 0.273693 
1499 
0.624829 0.648155 
1500 
0.690808 0.416376 
1501 
0.341988 0.292732 
1502 
0.812951 0.166686 
1503 
0.926885 0.218641 
1504 
0.0080303 0.658876 
1505 
0.642845 0.664593 
1506 
0.995635 0.891798 
1507 
0.171334 0.00525137 
1508 
0.116439 0.24561 
1509 
0.673171 0.643276 
1510 
0.529534 0.0920695 
1511 
0.971051 0.404383 
1512 
0.0171265 0.787461 
1513 
0.285938 0.280728 
1514 
0.0611539 0.910767 
1515 
0.928883 0.751962 
1516 
0.327144 0.270871 
1517 
0.044694 0.140095 
1518 
0.437557 0.971579 
1519 
0.358735 0.445587 
1520 
0.630455 0.00158034 
1521 
0.11018 0.62609 
1522 
0.893379 0.281515 
1523 
0.631342 0.00981761 
1524 
0.527125 0.304513 
1525 
0.653094 0.0566589 
1526 
0.396582 0.624145 
1527 
0.461042 0.413709 
1528 
0.411606 0.74698 
1529 
0.694437 0.47276 
1530 
0.657747 0.62332 
1531 
0.224721 0.98489 
1532 
0.894191 0.269415 
1533 
0.124985 0.331747 
1534 
0.240994 0.48372 
1535 
0.777335 0.87145 
1536 
0.4853 0.887515 
1537 
0.49754 0.378679 
1538 
0.16903 0.128882 
1539 
0.388497 0.696155 
1540 
0.433395 0.0415903 
1541 
0.752814 0.829977 
1542 
0.665735 0.213855 
1543 
0.243686 0.0773407 
1544 
0.960835 0.938123 
1545 
0.5501 0.618582 
1546 
0.561443 0.774821 
1547 
0.603472 0.455633 
1548 
0.0442368 0.728457 
1549 
0.787381 0.285231 
1550 
0.212177 0.564715 
1551 
0.156681 0.697477 
1552 
0.45223 0.654221 
1553 
0.0761563 0.62126 
1554 
0.783103 0.464653 
1555 
0.317415 0.216498 
1556 
0.506243 0.0702286 
1557 
0.0464753 0.171978 
1558 
0.284084 0.290162 
1559 
0.249319 0.244919 
1560 
0.228285 0.799419 
1561 
0.863501 0.789727 
1562 
0.574241 0.466973 
1563 
0.245361 0.618477 
1564 
0.195429 0.0327414 
1565 
0.903709 0.407606 
1566 
0.597457 0.0603894 
1567 
0.105083 0.0496871 
1568 
0.71461 0.18124 
1569 
0.670947 0.497714 
1570 
0.645893 0.988362 
1571 
0.714212 0.152136 
1572 
0.0585906 0.760687 
1573 
0.324114 0.342675 
1574 
0.0508484 0.573433 
1575 
0.587594 0.279133 
1576 
0.372852 0.451094 
1577 
0.0688604 0.947092 
1578 
0.918067 0.314221 
1579 
0.56557 0.113496 
1580 
0.346962 0.469278 
1581 
0.521102 0.944419 
1582 
0.529668 0.626186 
1583 
0.994106 0.244278 
1584 
0.807426 0.665054 
1585 
0.741992 0.453318 
1586 
0.653416 0.456203 
1587 
0.605454 0.712006 
1588 
0.21689 0.929568 
1589 
0.0546808 0.267739 
1590 
0.503001 0.642274 
1591 
0.546872 0.875853 
1592 
0.0933687 0.615732 
1593 
0.822945 0.0114357 
1594 
0.929953 0.388515 
1595 
0.124932 0.276915 
1596 
0.857793 0.646034 
1597 
0.221335 0.387461 
1598 
0.27222 0.215441 
1599 
0.631739 0.0796461 
1600 
0.880495 0.373731 
1601 
0.532964 0.53391 
1602 
0.829934 0.138419 
1603 
0.245916 0.0468244 
1604 
0.0679868 0.300597 
1605 
0.314563 0.570988 
1606 
0.942871 0.861434 
1607 
0.446841 0.0362401 
1608 
0.477166 0.269786 
1609 
0.0476758 0.407119 
1610 
0.658301 0.172608 
1611 
0.684035 0.516095 
1612 
0.818642 0.905369 
1613 
0.903556 0.0908626 
1614 
0.12081 0.535295 
1615 
0.170509 0.00130492 
1616 
0.909026 0.703473 
1617 
0.535215 0.73896 
1618 
0.841892 0.781131 
1619 
0.785785 0.909879 
1620 
0.0817281 0.100348 
1621 
0.480866 0.0245994 
1622 
0.961782 0.927707 
1623 
0.0608395 0.438948 
1624 
0.197493 0.108515 
1625 
0.846068 0.855794 
1626 
0.281123 0.530102 
1627 
0.371889 0.0997652 
1628 
0.435472 0.275444 
1629 
0.190628 0.556282 
1630 
0.810739 0.361137 
1631 
0.557587 0.719765 
1632 
0.0646097 0.0928022 
1633 
0.458726 0.906502 
1634 
0.873933 0.24451 
1635 
0.81638 0.955661 
1636 
0.344858 0.297246 
1637 
0.980261 0.30664 
1638 
0.224953 0.0411003 
1639 
0.745588 0.422446 
1640 
0.149616 0.591656 
1641 
0.27824 0.430739 
1642 
0.121758 0.650129 
1643 
0.530504 0.55723 
1644 
0.925573 0.721132 
1645 
0.113512 0.736313 
1646 
0.0822682 0.6711 
1647 
0.456078 0.146878 
1648 
0.763902 0.914804 
1649 
0.0533794 0.637835 
1650 
0.159314 0.86976 
1651 
0.593497 0.504172 
1652 
0.167006 0.573757 
1653 
0.810811 0.391959 
1654 
0.614858 0.5564 
1655 
0.814406 0.764473 
1656 
0.148055 0.0926462 
1657 
0.195212 0.269814 
1658 
0.742775 0.725715 
1659 
0.827044 0.668349 
1660 
0.446847 0.940556 
1661 
0.404661 0.529115 
1662 
0.611656 0.860739 
1663 
0.675993 0.375558 
1664 
0.775543 0.729373 
1665 
0.013393 0.934857 
1666 
0.599132 0.606889 
1667 
0.439028 0.766138 
1668 
0.180647 0.24984 
1669 
0.158097 0.795504 
1670 
0.806239 0.972503 
1671 
0.559977 0.954295 
1672 
0.0651492 0.755189 
1673 
0.224108 0.807925 
1674 
0.480905 0.0511521 
1675 
0.476273 0.927752 
1676 
0.991708 0.880934 
1677 
0.456867 0.603364 
1678 
0.741674 0.13286 
1679 
0.978922 0.517217 
1680 
0.862233 0.992315 
1681 
0.452073 0.461365 
1682 
0.599205 0.891102 
1683 
0.227503 0.779851 
1684 
0.140941 0.3856 
1685 
0.575356 0.947181 
1686 
0.358103 0.135333 
1687 
0.901475 0.423252 
1688 
0.890522 0.125584 
1689 
0.231177 0.371427 
1690 
0.176736 0.70745 
1691 
0.299178 0.168444 
1692 
0.588385 0.756045 
1693 
0.771808 0.330058 
1694 
0.888905 0.75073 
1695 
0.847275 0.751138 
1696 
0.743046 0.299348 
1697 
0.212503 0.34225 
1698 
0.19045 0.440006 
1699 
0.122101 0.331391 
1700 
0.825606 0.697457 
1701 
0.278572 0.183709 
1702 
0.83279 0.180047 
1703 
0.606961 0.723312 
1704 
0.30563 0.838138 
1705 
0.094739 0.482366 
1706 
0.545588 0.393917 
1707 
0.65081 0.133973 
1708 
0.149963 0.422619 
1709 
0.464031 0.0388683 
1710 
0.173349 0.311306 
1711 
0.790006 0.916395 
1712 
0.610655 0.00250915 
1713 
0.258645 0.801104 
1714 
0.442515 0.380746 
1715 
0.132495 0.26812 
1716 
0.078203 0.411067 
1717 
0.451829 0.910993 
1718 
0.591114 0.0587907 
1719 
0.634305 0.896744 
1720 
0.896929 0.729044 
1721 
0.37911 0.442517 
1722 
0.122962 0.0299207 
1723 
0.57649 0.272924 
1724 
0.452539 0.0405218 
1725 
0.311793 0.625888 
1726 
0.351828 0.101799 
1727 
0.542283 0.962483 
1728 
0.104308 0.800928 
1729 
0.763587 0.546823 
1730 
0.181674 0.896082 
1731 
0.814943 0.259877 
1732 
0.307149 0.266773 
1733 
0.17087 0.898263 
1734 
0.325563 0.805175 
1735 
0.795007 0.222492 
1736 
0.534219 0.174117 
1737 
0.66501 0.657181 
1738 
0.204038 0.2415 
1739 
0.930105 0.656577 
1740 
0.282022 0.241898 
1741 
0.282466 0.63385 
1742 
0.343697 0.824749 
1743 
0.596333 0.448005 
1744 
0.625677 0.35992 
1745 
0.994828 0.80735 
1746 
0.256002 0.809772 
1747 
0.0672271 0.563151 
1748 
0.0765446 0.238097 
1749 
0.461414 0.402108 
1750 
0.0432718 0.256421 
1751 
0.6246 0.577491 
1752 
0.430538 0.28961 
1753 
0.234672 0.634576 
1754 
0.53111 0.164777 
1755 
0.291153 0.813132 
1756 
0.406675 0.573619 
1757 
0.446983 0.750372 
1758 
0.398368 0.0433155 
1759 
0.198378 0.0240446 
1760 
0.403235 0.193206 
1761 
0.831395 0.659237 
1762 
0.00297809 0.898622 
1763 
0.222388 0.0795226 
1764 
0.136719 0.683802 
1765 
0.481631 0.179991 
1766 
0.940223 0.106231 
1767 
0.757482 0.370761 
1768 
0.395841 0.992153 
1769 
0.00533673 0.926951 
1770 
0.156931 0.29649 
1771 
0.740084 0.563606 
1772 
0.870109 0.187066 
1773 
0.313978 0.268477 
1774 
0.230382 0.512356 
1775 
0.292522 0.633617 
1776 
0.705563 0.123917 
1777 
0.292855 0.708541 
1778 
0.0225387 0.515243 
1779 
0.788063 0.159258 
1780 
0.199045 0.269694 
1781 
0.339248 0.139268 
1782 
0.375925 0.0967297 
1783 
0.510029 0.771766 
1784 
0.0888832 0.515365 
1785 
0.698717 0.245814 
1786 
0.811855 0.438801 
1787 
0.80942 0.681965 
1788 
0.625868 0.123398 
1789 
0.950442 0.856249 
1790 
0.635755 0.242964 
1791 
0.489867 0.341317 
1792 
0.36688 0.782721 
1793 
0.0498579 0.389419 
1794 
0.297964 0.837921 
1795 
0.548677 0.497009 
1796 
0.107615 0.887925 
1797 
0.636277 0.48354 
1798 
0.984655 0.146306 
1799 
0.255306 0.0735378 
