93 1
0 0 0 1 0 0 1 0 1 0 0 1 0 0 0 0 0 1 1 0 1 0 0 1 0 1 0 1 0 0 0 0 0 1 0 1 0 1 0 0 0 1 0 0 1 0 1 0 0 1 1 0 0 0 1 0 0 0 0 0 0 1 1 1 0 0 1 1 0 0 1 0 0 0 1 0 1 1 1 0 1 1 0 0 1 0 1 0 1 1 1 0 1 
0 
0.503431 0.303741 
1 
0.451519 0.86237 
2 
0.0782526 0.90401 
3 
0.290058 0.916451 
4 
0.659811 0.926776 
5 
0.4132 0.374521 
6 
0.636187 0.44866 
7 
0.2098 0.889451 
8 
0.609991 0.0867386 
9 
0.852934 0.692284 
10 
0.565079 0.962566 
11 
0.192929 0.0111741 
12 
0.206145 0.265908 
13 
0.706869 0.952971 
14 
0.526747 0.721399 
15 
0.930274 0.0301782 
16 
0.0251407 0.381792 
17 
0.892548 0.103393 
18 
0.285803 0.182606 
19 
0.019844 0.945614 
20 
0.109382 0.433045 
21 
0.320135 0.745569 
22 
0.881705 0.529935 
23 
0.635019 0.491695 
24 
0.616674 0.487953 
25 
0.183979 0.181753 
26 
0.450519 0.376908 
27 
0.192927 0.656665 
28 
0.642816 0.899796 
29 
0.609635 0.169563 
30 
0.621195 0.539909 
31 
0.199741 0.646336 
32 
0.921701 0.0922892 
33 
0.749729 0.207504 
34 
0.274896 0.769573 
35 
0.153118 0.384278 
36 
0.202618 0.473253 
37 
0.129846 0.0843227 
38 
0.00318813 0.764866 
39 
0.576018 0.619862 
40 
0.252819 0.759997 
41 
0.801615 0.703338 
42 
0.136905 0.994541 
43 
0.360003 0.779722 
44 
0.894337 0.969638 
45 
0.949285 0.515533 
46 
0.509548 0.149026 
47 
0.161869 0.431249 
48 
0.241315 0.911598 
49 
0.638753 0.516211 
50 
0.681172 0.791871 
51 
0.900488 0.88379 
52 
0.265124 0.0303347 
53 
0.968112 0.268312 
54 
0.7952 0.544131 
55 
0.888174 0.0480193 
56 
0.304128 0.689788 
57 
0.751358 0.441033 
58 
0.68433 0.111361 
59 
0.220755 0.578667 
60 
0.0809991 0.17004 
61 
0.0941999 0.590547 
62 
0.319066 0.256069 
63 
0.0217956 0.560381 
64 
0.167667 0.660549 
65 
0.0765922 0.848839 
66 
0.452419 0.977081 
67 
0.732629 0.717543 
68 
0.00741525 0.700742 
69 
0.985855 0.802616 
70 
0.244872 0.874029 
71 
0.850635 0.549 
72 
0.563817 0.601993 
73 
0.990033 0.248146 
74 
0.713353 0.210788 
75 
0.826813 0.794352 
76 
0.380828 0.921013 
77 
0.384899 0.699894 
78 
0.177082 0.406695 
79 
0.260275 0.34475 
80 
0.0672432 0.336868 
81 
0.193589 0.519662 
82 
0.313948 0.926218 
83 
0.237205 0.321363 
84 
0.62696 0.22306 
85 
0.123979 0.871832 
86 
0.0970889 0.974614 
87 
0.420832 0.660906 
88 
0.576607 0.410865 
89 
0.909052 0.28996 
90 
0.621654 0.735865 
91 
0.0843122 0.00248219 
92 
0.656879 0.469211 
