68 1
1 0 1 0 0 1 1 0 0 0 0 1 0 1 0 0 1 0 0 1 0 1 0 0 0 0 0 1 0 1 1 1 0 1 0 1 1 0 0 0 1 1 0 1 1 1 0 0 1 1 0 0 1 1 0 0 0 1 0 0 1 0 0 0 0 1 0 0 
0 
0.448218 0.873627 
1 
0.0716589 0.782323 
2 
0.109172 0.0624898 
3 
0.524326 0.100938 
4 
0.149269 0.866029 
5 
0.610009 0.156743 
6 
0.732556 0.255801 
7 
0.387752 0.524748 
8 
0.891562 0.0803368 
9 
0.403042 0.393336 
10 
0.121452 0.671302 
11 
0.0877104 0.870772 
12 
0.996416 0.982985 
13 
0.152344 0.470317 
14 
0.105525 0.57035 
15 
0.541235 0.553743 
16 
0.443978 0.612894 
17 
0.336066 0.553149 
18 
0.675384 0.860392 
19 
0.654088 0.824653 
20 
0.726421 0.264097 
21 
0.981396 0.458977 
22 
0.519897 0.369148 
23 
0.983726 0.411459 
24 
0.449485 0.386768 
25 
0.804796 0.570937 
26 
0.05807 0.892506 
27 
0.441708 0.0544863 
28 
0.875491 0.594052 
29 
0.524804 0.981016 
30 
0.164402 0.0660391 
31 
0.534759 0.60838 
32 
0.678933 0.870825 
33 
0.161529 0.354318 
34 
0.731217 0.815617 
35 
0.178971 0.457637 
36 
0.079714 0.160367 
37 
0.916615 0.599611 
38 
0.529516 0.900341 
39 
0.0110706 0.979001 
40 
0.287108 0.815866 
41 
0.549938 0.345178 
42 
0.708372 0.991646 
43 
0.399664 0.583863 
44 
0.585698 0.924468 
45 
0.564879 0.750101 
46 
0.990507 0.0996381 
47 
0.358481 0.669441 
48 
0.970463 0.52001 
49 
0.0237583 0.701679 
50 
0.335627 0.202729 
51 
0.159317 0.415341 
52 
0.363097 0.0759317 
53 
0.0149524 0.892612 
54 
0.976272 0.0260231 
55 
0.871613 0.26338 
56 
0.841889 0.421551 
57 
0.608559 0.550261 
58 
0.413197 0.00822315 
59 
0.134124 0.998895 
60 
0.932691 0.699003 
61 
0.748996 0.923199 
62 
0.798642 0.107476 
63 
0.592639 0.769104 
64 
0.627486 0.616398 
65 
0.470784 0.963113 
66 
0.819127 0.630101 
67 
0.378454 0.182223 
