54 5
1 0 0 0 0 1 1 1 0 0 0 0 0 1 0 0 1 0 0 0 0 0 0 1 0 0 1 1 1 1 0 1 0 0 1 1 0 1 1 1 0 1 1 1 1 0 0 1 1 1 0 0 1 1 
0 14 11 8 28 
0.970016 0.786856 0.452628 0.538454 0.334621 0.725847 0.374462 0.488152 0.51611 0.652245 0.90823 0.718061 0.66572 0.164387 0.0578628 0.730719 0.156552 0.932883 0.386125 0.57361 0.020707 0.734899 0.301451 0.807756 0.606132 0.410132 0.224205 0.384106 0.00657963 0.959863 0.815474 0.976595 
1 47 37 12 31 
0.889512 0.569492 0.510059 0.541757 0.477722 0.22812 0.207476 0.64211 0.285983 0.938196 0.798662 0.218866 0.324321 0.372271 0.239573 0.05922 0.673722 0.0473293 0.665352 0.083854 0.271534 0.0494582 0.0904336 0.231397 0.864933 0.0670289 0.978116 0.133035 0.582079 0.0594562 0.126984 0.47159 
2 6 37 28 5 
0.865163 0.220824 0.74878 0.151146 0.159019 0.547442 0.370012 0.48334 0.919713 0.609585 0.54256 0.593435 0.656914 0.207912 0.677289 0.928449 0.25737 0.767723 0.159846 0.122303 0.834752 0.137962 0.255337 0.41683 0.197418 0.382321 0.888421 0.826367 0.0193633 0.901768 0.933037 0.884526 
3 31 28 1 36 
0.22926 0.405683 0.764951 0.148973 0.015268 0.307511 0.742408 0.672182 0.515423 0.419698 0.600631 0.772793 0.187421 0.760477 0.895095 0.0221728 0.898439 0.150433 0.439003 0.095857 0.532754 0.327424 0.922224 0.552117 0.229192 0.855261 0.436643 0.351783 0.537079 0.472314 0.633394 0.766339 
4 52 28 14 19 
0.705856 0.65772 0.565447 0.221278 0.0774181 0.166078 0.994071 0.264839 0.926555 0.889167 0.287012 0.824994 0.0395994 0.726015 0.920851 0.572353 0.053439 0.843074 0.12447 0.282631 0.698335 0.561112 0.634414 0.235414 0.0334265 0.267808 0.00175325 0.911424 0.666153 0.917065 0.804689 0.372009 
5 9 36 4 32 
0.536215 0.587359 0.917042 0.46277 0.476526 0.204054 0.287763 0.516125 0.930069 0.208614 0.0884778 0.983508 0.0516883 0.212948 0.266139 0.750024 0.77406 0.900553 0.985438 0.807487 0.168362 0.987191 0.71891 0.834515 0.904257 0.523599 0.206524 0.479042 0.893736 0.799812 0.131245 0.42995 
6 40 39 22 7 
0.252342 0.180483 0.379821 0.182411 0.389097 0.468299 0.165919 0.440785 0.681247 0.432058 0.190809 0.455307 0.332611 0.176247 0.262793 0.500973 0.163439 0.981703 0.335488 0.0676951 0.505302 0.542012 0.546737 0.399038 0.341824 0.677983 0.828988 0.728995 0.72627 0.721708 0.592691 0.978612 
7 46 41 10 0 
0.440811 0.326942 0.732073 0.122058 0.759 0.922882 0.577365 0.0916107 0.0991291 0.840158 0.592583 0.262568 0.821861 0.928071 0.330263 0.327163 0.470083 0.877 0.726201 0.811907 0.554983 0.555189 0.540902 0.281253 0.276897 0.133593 0.259865 0.179088 0.106105 0.420888 0.470375 0.546917 
8 33 2 27 51 
0.12533 0.246339 0.59844 0.224459 0.086497 0.191024 0.487027 0.908358 0.119095 0.81729 0.235521 0.589178 0.69429 0.961722 0.401085 0.249272 0.516911 0.941987 0.530525 0.793808 0.0755798 0.79039 0.972896 0.181685 0.211278 0.443272 0.728602 0.959108 0.64572 0.397577 0.465938 0.77105 
9 49 46 12 45 
0.255402 0.482537 0.638771 0.374497 0.299827 0.874292 0.963675 0.994117 0.836014 0.36476 0.243389 0.352926 0.306747 0.773915 0.146734 0.382327 0.564305 0.11963 0.564012 0.775583 0.562902 0.292614 0.734692 0.208622 0.690191 0.20063 0.979672 0.334107 0.265009 0.975182 0.0645206 0.520411 
10 1 27 3 53 
0.858583 0.751663 0.413598 0.223343 0.995052 0.766524 0.53009 0.768967 0.913258 0.912417 0.333272 0.0328883 0.476429 0.108856 0.59579 0.769042 0.843547 0.804412 0.459233 0.0441773 0.784085 0.793341 0.309186 0.759267 0.857861 0.829597 0.216986 0.561153 0.724505 0.974533 0.138737 0.583088 
11 45 20 42 36 
0.318859 0.336522 0.490215 0.232117 0.248939 0.823488 0.265005 0.725367 0.932343 0.860796 0.49441 0.77589 0.665208 0.953643 0.820068 0.449293 0.746984 0.129254 0.20856 0.604845 0.95885 0.425547 0.165998 0.683355 0.400079 0.304734 0.266444 0.126275 0.857069 0.0728755 0.847523 0.175928 
12 21 19 41 48 
0.161226 0.67305 0.383703 0.0935693 0.533846 0.878113 0.86946 0.199054 0.831756 0.689527 0.648347 0.57874 0.818781 0.856907 0.183584 0.777631 0.282453 0.349582 0.460987 0.682532 0.654316 0.72743 0.808807 0.511386 0.800306 0.656331 0.687314 0.209703 0.994069 0.0953589 0.868039 0.155296 
13 14 12 16 32 
0.129856 0.118325 0.501309 0.961612 0.807852 0.149656 0.540351 0.626633 0.0065623 0.723936 0.404264 0.289016 0.0735174 0.865251 0.971548 0.727834 0.592681 0.780356 0.239219 0.392987 0.436686 0.926533 0.602691 0.430756 0.0218918 0.47073 0.586051 0.790301 0.722473 0.834916 0.0925561 0.852329 
14 42 30 39 3 
0.354292 0.387726 0.750083 0.0782276 0.79199 0.0390984 0.151745 0.657241 0.0106465 0.879579 0.249923 0.791002 0.118798 0.64291 0.227688 0.0453304 0.245601 0.658444 0.0672222 0.716331 0.244495 0.857523 0.438804 0.0794116 0.950079 0.291132 0.0326525 0.543944 0.105073 0.793745 0.287465 0.459365 
15 53 6 5 12 
0.689337 0.630703 0.0872927 0.568916 0.880626 0.878295 0.687713 0.523536 0.105983 0.733044 0.769137 0.764427 0.800266 0.485467 0.00892243 0.657789 0.924271 0.088334 0.607869 0.215403 0.120986 0.151813 0.320476 0.914732 0.439278 0.779841 0.0962031 0.476826 0.317433 0.0696645 0.553472 0.00677059 
16 31 50 51 29 
0.519059 0.2634 0.104529 0.625042 0.996444 0.873665 0.389469 0.79671 0.359133 0.398392 0.454499 0.283404 0.486726 0.0623676 0.498807 0.607712 0.214181 0.819283 0.522444 0.653458 0.599124 0.618647 0.130284 0.916557 0.688312 0.683756 0.923328 0.388679 0.32452 0.499014 0.969672 0.84358 
17 5 20 41 47 
0.858091 0.555568 0.306999 0.256483 0.0100666 0.590402 0.743208 0.0724342 0.0892091 0.350921 0.286615 0.908492 0.873365 0.940073 0.507616 0.492012 0.0703573 0.424174 0.180324 0.754113 0.347502 0.569003 0.0786335 0.846516 0.538675 0.922213 0.60893 0.612875 0.390835 0.367788 0.560741 0.248926 
18 17 35 15 24 
0.458142 0.248617 0.00585651 0.547351 0.599538 0.292471 0.455843 0.472903 0.232545 0.96346 0.964915 0.302902 0.387633 0.145238 0.0570151 0.735135 0.714241 0.135649 0.581651 0.252916 0.0578617 0.190582 0.865791 0.448696 0.55837 0.426532 0.697622 0.481726 0.294272 0.203031 0.415148 0.752414 
19 4 39 15 28 
0.713476 0.755609 0.524088 0.94602 0.719068 0.489003 0.248922 0.106702 0.634241 0.305938 0.841837 0.348482 0.441586 0.423488 0.601398 0.499448 0.61407 0.467189 0.948144 0.17244 0.893722 0.645767 0.654166 0.187994 0.848798 0.0693139 0.940408 0.300446 0.490318 0.240173 0.351631 0.203794 
20 28 35 7 5 
0.364723 0.398737 0.821552 0.998964 0.704675 0.663389 0.347447 0.146261 0.0868773 0.948845 0.645709 0.700947 0.416034 0.593853 0.873388 0.309756 0.23962 0.527554 0.497749 0.0884173 0.596867 0.438158 0.388863 0.0871858 0.678331 0.740494 0.29098 0.674113 0.616214 0.440795 0.388963 0.980937 
21 12 8 35 46 
0.873903 0.327348 0.690467 0.960781 0.276192 0.336176 0.661728 0.692226 0.930029 0.535116 0.00198211 0.169649 0.0626692 0.499732 0.258066 0.659537 0.937889 0.646929 0.746722 0.61622 0.387423 0.0377025 0.290332 0.00363721 0.478497 0.679295 0.984574 0.318029 0.889809 0.964475 0.862236 0.763713 
22 27 7 19 3 
0.386221 0.260242 0.818908 0.921337 0.262224 0.988557 0.984006 0.761956 0.246623 0.643543 0.699845 0.893552 0.390265 0.316065 0.280975 0.427968 0.606397 0.284612 0.906465 0.285692 0.269186 0.224494 0.175501 0.233662 0.0867303 0.939214 0.525485 0.639434 0.663707 0.0935001 0.528313 0.0499288 
23 36 38 28 49 
0.335778 0.955272 0.377922 0.582401 0.598815 0.0777662 0.475953 0.98908 0.393831 0.756928 0.417048 0.000227707 0.0415407 0.323513 0.28592 0.310727 0.548007 0.461421 0.544389 0.634738 0.400635 0.0698736 0.274171 0.0643426 0.163374 0.802484 0.114271 0.517116 0.149705 0.0855371 0.133081 0.485483 
24 8 37 14 47 
0.543837 0.628704 0.9826 0.300766 0.0457514 0.982828 0.342306 0.369264 0.268747 0.653033 0.917271 0.730168 0.197422 0.552009 0.130804 0.267296 0.82618 0.195146 0.43067 0.628664 0.309417 0.947785 0.778369 0.394955 0.0808666 0.263852 0.435764 0.59187 0.331736 0.0753875 0.180639 0.875574 
25 40 17 50 9 
0.146067 0.518645 0.119107 0.414814 0.171679 0.0363782 0.144982 0.369101 0.588387 0.275786 0.636397 0.414567 0.470932 0.0670669 0.0432315 0.780349 0.014852 0.821601 0.175304 0.0957186 0.0854527 0.611068 0.687588 0.417189 0.686455 0.868227 0.292763 0.390546 0.0314658 0.469102 0.140389 0.177532 
26 11 30 36 45 
0.295874 0.737329 0.528528 0.884261 0.0131144 0.164925 0.298829 0.484046 0.231992 0.34206 0.264396 0.246844 0.163661 0.4397 0.342562 0.249113 0.0507677 0.0301505 0.666302 0.737223 0.898378 0.959065 0.127769 0.929843 0.428167 0.268159 0.107376 0.415914 0.527654 0.699722 0.57534 0.823528 
27 5 9 16 39 
0.268793 0.00661811 0.934211 0.500784 0.348678 0.198607 0.747628 0.512339 0.638307 0.0901906 0.761452 0.689075 0.120341 0.427754 0.426298 0.0187187 0.386819 0.554067 0.948562 0.814986 0.822226 0.0559379 0.2309 0.34988 0.75566 0.80624 0.173408 0.192711 0.910108 0.881198 0.642876 0.1789 
28 25 27 53 40 
0.775694 0.427313 0.748833 0.414002 0.517504 0.510285 0.103076 0.637845 0.938039 0.529374 0.656564 0.324859 0.0834415 0.605126 0.139844 0.905667 0.661064 0.370744 0.255547 0.416724 0.176984 0.428956 0.609434 0.0870918 0.310154 0.25231 0.265992 0.19797 0.829397 0.945677 0.434464 0.605092 
29 50 45 12 39 
0.12217 0.528339 0.631622 0.651544 0.184902 0.95648 0.734985 0.790028 0.0963248 0.640653 0.451091 0.467069 0.8962 0.867815 0.644053 0.325156 0.477249 0.731145 0.63531 0.729559 0.997137 0.83328 0.558956 0.942814 0.267744 0.164048 0.315804 0.451042 0.183141 0.206298 0.144624 0.305311 
30 5 41 29 9 
0.732726 0.69184 0.709566 0.829051 0.332493 0.160657 0.29612 0.228693 0.028472 0.940173 0.553849 0.505721 0.671318 0.189159 0.23528 0.668455 0.0224387 0.794236 0.61127 0.290183 0.958283 0.927074 0.741224 0.141424 0.133372 0.885848 0.446735 0.868008 0.662094 0.40359 0.787547 0.39482 
31 43 44 34 30 
0.65777 0.519991 0.656616 0.686242 0.460164 0.210465 0.191963 0.131482 0.399624 0.427242 0.799938 0.422063 0.221478 0.411207 0.712246 0.179762 0.338281 0.45347 0.321186 0.471653 0.339318 0.767921 0.339661 0.00141252 0.171511 0.127208 0.396233 0.266942 0.62432 0.620104 0.694865 0.28209 
32 27 10 13 12 
0.561946 0.160295 0.731741 0.96157 0.587537 0.531679 0.383633 0.809015 0.942887 0.095879 0.988777 0.281168 0.549349 0.309963 0.752821 0.888668 0.0778845 0.092482 0.89008 0.249396 0.21969 0.286313 0.516338 0.84401 0.906417 0.211202 0.1261 0.0465113 0.562683 0.0944319 0.64677 0.12463 
33 2 10 21 1 
0.469833 0.651279 0.853078 0.565713 0.640056 0.134246 0.115062 0.950019 0.887067 0.00372946 0.0279038 0.979549 0.89381 0.2773 0.199238 0.180123 0.793637 0.0432482 0.0865391 0.00483963 0.169348 0.13305 0.567523 0.26378 0.779821 0.692153 0.518507 0.158333 0.778353 0.360771 0.0685237 0.248187 
34 1 27 43 33 
0.0558475 0.928961 0.602126 0.942914 0.93269 0.630029 0.922463 0.8265 0.907329 0.121702 0.00662254 0.700966 0.16495 0.0931617 0.705806 0.334298 0.226212 0.273329 0.598078 0.00603294 0.965482 0.116584 0.164366 0.743835 0.477355 0.232889 0.992022 0.489405 0.154491 0.805921 0.141511 0.210338 
35 7 37 19 33 
0.373666 0.0757157 0.494072 0.280996 0.197417 0.500694 0.981962 0.362367 0.593856 0.687768 0.696665 0.820068 0.961097 0.294742 0.826101 0.926579 0.411327 0.990467 0.670414 0.888682 0.223356 0.662436 0.378087 0.377847 0.468357 0.519599 0.588185 0.203238 0.263235 0.741437 0.87081 0.636902 
36 45 20 47 35 
0.865577 0.89986 0.376937 0.459433 0.587628 0.0736019 0.279501 0.548725 0.368344 0.105602 0.475304 0.779671 0.0960689 0.145719 0.668353 0.319425 0.808155 0.0464406 0.697272 0.276512 0.566039 0.285456 0.47975 0.829275 0.0268938 0.350561 0.466177 0.844047 0.715443 0.384074 0.858617 0.581019 
37 33 17 4 12 
0.309156 0.319953 0.420286 0.677501 0.425556 0.895591 0.457172 0.521625 0.0413094 0.125526 0.841049 0.849464 0.171966 0.538321 0.125976 0.738005 0.823777 0.605726 0.56728 0.850671 0.956287 0.0334565 0.694718 0.671729 0.417531 0.553335 0.252749 0.701464 0.78889 0.293201 0.573025 0.0980459 
38 18 5 7 52 
0.888902 0.232719 0.560335 0.930212 0.358244 0.401384 0.779676 0.53021 0.939705 0.905652 0.268216 0.763482 0.511378 0.835496 0.614153 0.467664 0.868952 0.308871 0.139394 0.286483 0.862206 0.392143 0.987947 0.651096 0.685344 0.560972 0.749142 0.298498 0.554284 0.524688 0.337209 0.443186 
39 37 40 22 25 
0.298927 0.153074 0.645861 0.238632 0.0587258 0.914077 0.00211385 0.570104 0.749573 0.616267 0.0377682 0.618525 0.925138 0.177162 0.905008 0.787344 0.569305 0.892955 0.43844 0.254649 0.453927 0.187582 0.553147 0.00821113 0.71227 0.890356 0.451398 0.469677 0.787899 0.824796 0.585328 0.0868259 
40 13 50 25 32 
0.145267 0.327572 0.606699 0.89484 0.943839 0.644467 0.513365 0.868977 0.821629 0.418373 0.656321 0.390934 0.311327 0.0947613 0.645583 0.765254 0.282343 0.19873 0.773465 0.994614 0.0890862 0.224863 0.464291 0.876985 0.0496586 0.0496193 0.963811 0.0275282 0.280809 0.289269 0.0641237 0.426076 
41 2 27 6 46 
0.31529 0.834281 0.429655 0.136919 0.252653 0.0859763 0.527854 0.563981 0.180738 0.173437 0.329235 0.463081 0.372167 0.1027 0.457695 0.461253 0.327563 0.921985 0.338238 0.377222 0.971605 0.302049 0.40475 0.252414 0.591318 0.468874 0.67849 0.208158 0.139696 0.999406 0.768837 0.454986 
42 10 1 12 25 
0.284468 0.11976 0.650321 0.465206 0.293196 0.979555 0.928287 0.665364 0.0822555 0.385981 0.126617 0.409819 0.307967 0.464855 0.78704 0.279571 0.766905 0.19179 0.531985 0.358223 0.660664 0.210475 0.566381 0.80036 0.209881 0.335218 0.255346 0.0435677 0.53371 0.847252 0.129908 0.818178 
43 1 35 28 47 
0.759784 0.211671 0.925572 0.842039 0.597652 0.0521886 0.251858 0.905619 0.517044 0.038898 0.185191 0.283949 0.230688 0.717176 0.642172 0.891352 0.927651 0.208552 0.691711 0.137532 0.54377 0.947058 0.1811 0.0774797 0.79431 0.311008 0.895658 0.761322 0.091236 0.179042 0.0215296 0.85102 
44 49 50 27 6 
0.99929 0.944917 0.893985 0.516334 0.983815 0.0791755 0.800283 0.214503 0.796352 0.442454 0.105855 0.724003 0.651007 0.797566 0.861535 0.194777 0.744624 0.0426349 0.272256 0.538934 0.353643 0.167914 0.300255 0.444879 0.346956 0.321785 0.295898 0.737669 0.268886 0.988957 0.726034 0.268176 
45 1 11 21 53 
0.699195 0.584793 0.132192 0.495546 0.0272468 0.238047 0.219549 0.678253 0.0356128 0.0810838 0.87303 0.780237 0.123719 0.145287 0.31917 0.477361 0.313201 0.619425 0.92224 0.660157 0.94121 0.218138 0.397826 0.210096 0.207096 0.12386 0.478272 0.14097 0.743879 0.262782 0.0586591 0.443074 
46 43 39 7 4 
0.428898 0.158169 0.553075 0.464511 0.239253 0.426105 0.244747 0.362971 0.571391 0.563918 0.840333 0.884592 0.183343 0.762572 0.544749 0.124553 0.980711 0.942575 0.334649 0.187806 0.0664348 0.812921 0.328776 0.810314 0.0757032 0.387435 0.253388 0.923278 0.578287 0.192008 0.798099 0.00718462 
47 33 43 37 34 
0.777279 0.716443 0.9524 0.34867 0.280361 0.792733 0.233262 0.463704 0.555306 0.778011 0.588257 0.536016 0.720585 0.922906 0.723823 0.78702 0.735827 0.0525988 0.597334 0.811531 0.440034 0.850722 0.734808 0.0183206 0.0427295 0.532907 0.0255052 0.392906 0.884081 0.497201 0.982335 0.66136 
48 3 38 41 8 
0.727469 0.243291 0.957708 0.282774 0.0213019 0.545965 0.818791 0.741887 0.468871 0.542613 0.528907 0.204698 0.595212 0.126241 0.0162288 0.0352459 0.976963 0.751037 0.0535665 0.0196926 0.283944 0.0790717 0.412599 0.168026 0.576272 0.394934 0.829385 0.789916 0.329669 0.839415 0.283921 0.057138 
49 18 17 4 11 
0.787594 0.158703 0.845895 0.256465 0.701316 0.374802 0.461163 0.296528 0.501043 0.477392 0.331774 0.478007 0.228429 0.38534 0.497699 0.512373 0.464412 0.910298 0.680399 0.0406845 0.305232 0.509784 0.830601 0.634901 0.349199 0.114521 0.692039 0.431905 0.35615 0.0319512 0.535913 0.143744 
50 28 38 8 32 
0.75661 0.861372 0.188498 0.257653 0.338764 0.520272 0.73566 0.567192 0.905612 0.233359 0.0795659 0.370024 0.143657 0.759965 0.410709 0.448888 0.269749 0.241309 0.0837893 0.618948 0.355831 0.775828 0.0508532 0.711981 0.807779 0.586766 0.855725 0.998433 0.968574 0.255933 0.890403 0.725183 
51 30 44 8 39 
0.599173 0.718497 0.0232611 0.504785 0.951856 0.102827 0.874809 0.0955126 0.862792 0.285518 0.544401 0.132541 0.526827 0.62819 0.751489 0.882657 0.404018 0.802343 0.594638 0.211798 0.389109 0.450363 0.210231 0.357682 0.706296 0.100634 0.0828657 0.823601 0.179535 0.0657025 0.27967 0.778708 
52 2 47 37 15 
0.405758 0.158302 0.831567 0.26855 0.44382 0.375968 0.401091 0.970647 0.00415858 0.15258 0.853304 0.408177 0.954923 0.447942 0.619975 0.344032 0.898305 0.830205 0.701714 0.604601 0.93084 0.78458 0.428202 0.110375 0.850282 0.707872 0.889083 0.634481 0.0108023 0.172577 0.370536 0.41656 
53 27 5 17 42 
0.578072 0.0862005 0.745346 0.58223 0.238781 0.59865 0.990407 0.193704 0.0465917 0.610382 0.537735 0.944897 0.440587 0.239449 0.549497 0.371427 0.024029 0.977699 0.481802 0.874311 0.685571 0.370885 0.508792 0.696373 0.543462 0.879328 0.112933 0.874341 0.0814313 0.798043 0.64904 0.659503 
