35 2
1 1 0 0 1 1 1 0 1 1 1 0 1 1 1 0 0 0 1 0 0 0 0 1 1 0 1 1 0 1 1 0 1 0 0 
0 25 
0.759065 0.633305 0.994109 0.367305 
1 5 
0.218402 0.220274 0.580154 0.236946 
2 8 
0.929347 0.839391 0.696436 0.5041 
3 16 
0.206665 0.878671 0.806695 0.122444 
4 18 
0.638202 0.937565 0.0105391 0.720036 
5 30 
0.327878 0.539645 0.303423 0.56022 
6 28 
0.999134 0.319285 0.0527566 0.993243 
7 32 
0.815951 0.211645 0.906864 0.396105 
8 11 
0.537657 0.325452 0.287982 0.234093 
9 0 
0.633324 0.440758 0.708223 0.440019 
10 19 
0.806487 0.0782211 0.500767 0.817026 
11 1 
0.528073 0.144904 0.337902 0.831496 
12 16 
0.757354 0.83063 0.024409 0.810111 
13 4 
0.710999 0.626062 0.0355185 0.617862 
14 22 
0.48411 0.15552 0.347619 0.772092 
15 6 
0.177171 0.405416 0.830371 0.885394 
16 17 
0.393573 0.691881 0.923656 0.894341 
17 20 
0.721913 0.422414 0.653812 0.0598157 
18 10 
0.358936 0.81717 0.0845395 0.383345 
19 7 
0.908412 0.0943436 0.253343 0.943931 
20 34 
0.275509 0.428041 0.867726 0.623128 
21 3 
0.257339 0.800299 0.605549 0.0877105 
22 33 
0.450984 0.481284 0.377574 0.37464 
23 18 
0.886481 0.0965533 0.798038 0.540293 
24 0 
0.051948 0.899229 0.973539 0.136487 
25 21 
0.60082 0.0448999 0.376917 0.854163 
26 22 
0.0891232 0.129672 0.416872 0.956849 
27 14 
0.617005 0.214188 0.553099 0.222554 
28 12 
0.238792 0.673538 0.783183 0.616366 
29 27 
0.158807 0.502847 0.144731 0.956845 
30 17 
0.3011 0.00879325 0.942368 0.274639 
31 17 
0.224942 0.875459 0.190181 0.601859 
32 13 
0.179011 0.690982 0.859293 0.595883 
33 15 
0.612093 0.212888 0.86202 0.165192 
34 26 
0.163919 0.403983 0.108979 0.947101 
