800 1
0 0 1 1 1 0 0 0 1 0 1 1 1 0 1 0 0 0 0 0 1 0 0 0 0 0 1 0 1 1 1 1 0 1 1 0 0 0 0 0 0 0 0 0 0 1 1 1 0 0 0 1 1 1 0 0 0 0 0 1 0 0 1 0 1 1 1 0 0 0 0 1 0 1 0 1 1 0 1 1 0 0 1 0 0 0 0 1 1 1 1 0 0 1 1 0 1 0 0 1 1 1 1 0 1 1 0 0 0 0 0 1 1 0 1 0 1 0 1 1 0 1 0 1 0 1 1 0 0 0 0 0 0 1 0 0 1 1 1 0 1 0 1 1 1 1 1 1 0 1 1 1 1 1 1 0 1 1 0 0 0 1 1 1 1 0 1 1 1 1 1 1 1 1 1 1 1 1 0 0 1 0 0 0 0 0 1 0 1 0 1 0 1 0 1 1 1 1 0 1 1 0 1 1 0 0 0 0 0 1 1 1 0 0 0 0 1 0 1 1 0 0 1 0 1 1 0 1 1 1 0 1 0 0 0 1 1 1 0 1 1 0 1 0 1 0 1 0 1 0 0 0 1 0 1 1 0 1 1 0 1 0 1 1 0 0 1 0 0 1 0 0 0 0 1 1 1 0 0 0 1 1 1 1 1 0 1 0 0 1 0 0 1 0 0 0 1 1 1 0 1 1 1 0 0 1 0 1 0 1 0 0 0 0 0 0 1 0 1 0 1 0 0 1 1 1 0 1 1 0 0 1 0 0 1 0 1 0 0 0 1 1 0 0 0 1 1 1 1 1 0 1 1 1 1 1 0 0 0 0 1 1 1 1 1 1 0 1 0 1 0 0 1 1 1 0 0 1 0 0 0 0 0 0 0 0 0 1 1 1 1 1 0 1 1 0 1 0 0 0 0 1 0 0 0 0 0 1 1 1 0 0 0 1 1 0 0 0 0 0 1 0 0 0 0 1 1 0 0 0 0 0 0 1 1 1 0 0 1 0 1 0 1 0 0 1 1 1 1 1 0 1 0 0 0 0 0 0 1 1 1 0 0 0 0 1 1 0 0 1 1 0 1 0 0 0 0 0 1 0 0 0 0 0 1 1 1 0 0 1 1 0 1 0 0 0 0 0 1 0 0 0 1 0 1 0 0 0 0 0 0 1 1 1 0 0 0 0 1 1 1 1 1 1 1 0 0 0 1 1 1 0 0 0 0 0 1 1 1 0 0 0 1 0 1 0 1 0 0 0 0 0 0 0 0 0 1 1 0 1 1 0 1 0 1 0 1 0 0 0 1 1 1 1 0 1 1 1 0 0 0 0 1 1 1 0 1 0 0 0 0 1 1 0 0 0 1 1 1 0 0 1 0 0 0 0 1 0 0 0 1 1 1 1 1 0 0 1 1 1 0 0 1 1 0 1 0 0 1 0 0 0 0 1 1 1 0 1 0 1 1 0 1 1 0 0 0 1 0 0 0 0 0 0 0 1 0 1 0 0 0 1 1 1 0 0 0 1 0 1 0 0 1 0 1 0 1 0 1 1 0 0 0 1 1 1 1 1 1 0 0 0 1 1 0 0 0 1 0 1 0 1 1 0 1 1 1 1 0 1 1 1 0 0 1 1 0 1 1 0 1 0 1 1 0 1 0 1 1 1 0 0 0 0 1 0 0 0 0 1 0 1 0 0 0 0 0 0 1 0 1 1 1 0 1 1 0 0 1 0 0 0 0 1 1 0 0 0 1 0 1 1 0 0 0 1 1 1 0 1 0 1 1 0 0 1 0 1 0 1 0 0 0 1 0 1 1 0 0 1 
0 
0.572593 0.765306 
1 
0.997788 0.223285 
2 
0.583306 0.713724 
3 
0.335229 0.811372 
4 
0.261078 0.576299 
5 
0.124096 0.374895 
6 
0.774731 0.0334245 
7 
0.375291 0.464564 
8 
0.509297 0.759459 
9 
0.078321 0.113696 
10 
0.814791 0.0563245 
11 
0.07526 0.384519 
12 
0.68036 0.581218 
13 
0.345745 0.186339 
14 
0.506233 0.40937 
15 
0.880224 0.0788264 
16 
0.174676 0.878012 
17 
0.302111 0.757982 
18 
0.591736 0.63734 
19 
0.569354 0.852814 
20 
0.213639 0.693451 
21 
0.227709 0.98837 
22 
0.726875 0.603 
23 
0.452933 0.236172 
24 
0.362459 0.531254 
25 
0.349868 0.17725 
26 
0.587579 0.425128 
27 
0.561769 0.267939 
28 
0.00634606 0.907514 
29 
0.454278 0.512579 
30 
0.316883 0.334502 
31 
0.591405 0.491559 
32 
0.212514 0.893516 
33 
0.249541 0.80425 
34 
0.530857 0.818895 
35 
0.657064 0.744496 
36 
0.512346 0.884773 
37 
0.732865 0.239221 
38 
0.487773 0.185799 
39 
0.475394 0.850231 
40 
0.717053 0.825261 
41 
0.0274812 0.304632 
42 
0.250389 0.58925 
43 
0.572571 0.256735 
44 
0.496763 0.0268483 
45 
0.769315 0.813647 
46 
0.36135 0.36072 
47 
0.305206 0.573865 
48 
0.254236 0.554747 
49 
0.378115 0.785093 
50 
0.373642 0.0351792 
51 
0.529589 0.885989 
52 
0.919952 0.262454 
53 
0.12521 0.407725 
54 
0.448253 0.600604 
55 
0.257956 0.165306 
56 
0.425865 0.285437 
57 
0.469938 0.676254 
58 
0.874687 0.0425083 
59 
0.93299 0.371451 
60 
0.0693565 0.702305 
61 
0.185097 0.430707 
62 
0.0630245 0.490303 
63 
0.00457143 0.317261 
64 
0.0450503 0.382687 
65 
0.102354 0.418693 
66 
0.417866 0.631943 
67 
0.304681 0.337818 
68 
0.894397 0.429892 
69 
0.745543 0.34265 
70 
0.0304951 0.00349867 
71 
0.507956 0.45636 
72 
0.288936 0.977893 
73 
0.132615 0.163623 
74 
0.0204016 0.0656047 
75 
0.535074 0.0897581 
76 
0.767909 0.720171 
77 
0.520465 0.830934 
78 
0.210474 0.525036 
79 
0.148195 0.255525 
80 
0.907723 0.250549 
81 
0.674217 0.325589 
82 
0.882492 0.978899 
83 
0.663406 0.776889 
84 
0.40879 0.408949 
85 
0.119539 0.439285 
86 
0.412448 0.627495 
87 
0.895646 0.701384 
88 
0.605388 0.0282603 
89 
0.865007 0.62579 
90 
0.093865 0.40008 
91 
0.715548 0.861774 
92 
0.120251 0.236013 
93 
0.692708 0.330726 
94 
0.761049 0.840903 
95 
0.58625 0.668772 
96 
0.0914517 0.260467 
97 
0.99436 0.973944 
98 
0.239366 0.657767 
99 
0.750833 0.648157 
100 
0.0667159 0.870372 
101 
0.0874419 0.479164 
102 
0.497867 0.983088 
103 
0.180547 0.103255 
104 
0.0113478 0.045554 
105 
0.729044 0.105213 
106 
0.445634 0.444592 
107 
0.966987 0.565886 
108 
0.680604 0.659695 
109 
0.896611 0.441653 
110 
0.500598 0.482862 
111 
0.110425 0.592049 
112 
0.743329 0.104786 
113 
0.565993 0.982695 
114 
0.762553 0.316826 
115 
0.630852 0.829268 
116 
0.187198 0.718294 
117 
0.308432 0.685064 
118 
0.701381 0.488979 
119 
0.788319 0.712729 
120 
0.534533 0.517363 
121 
0.817942 0.980168 
122 
0.961955 0.784929 
123 
0.546053 0.642559 
124 
0.444624 0.442665 
125 
0.0842125 0.945221 
126 
0.925526 0.194638 
127 
0.537271 0.668855 
128 
0.299423 0.103264 
129 
0.651551 0.0619759 
130 
0.42009 0.282403 
131 
0.891244 0.607287 
132 
0.000696261 0.199676 
133 
0.292352 0.702078 
134 
0.688656 0.0806705 
135 
0.414807 0.223189 
136 
0.598033 0.232749 
137 
0.203356 0.559988 
138 
0.0176774 0.749409 
139 
0.202547 0.462301 
140 
0.192074 0.28676 
141 
0.407523 0.117601 
142 
0.481398 0.944793 
143 
0.786456 0.780821 
144 
0.0480573 0.438007 
145 
0.842797 0.468147 
146 
0.720409 0.734041 
147 
0.0754345 0.721105 
148 
0.933718 0.367786 
149 
0.423183 0.622373 
150 
0.448457 0.83799 
151 
0.845562 0.0464901 
152 
0.0707381 0.0489182 
153 
0.606478 0.0884155 
154 
0.798328 0.809025 
155 
0.550717 0.990402 
156 
0.0957853 0.958239 
157 
0.108002 0.577183 
158 
0.903033 0.894458 
159 
0.358004 0.95109 
160 
0.332465 0.200801 
161 
0.419237 0.0528742 
162 
0.934842 0.494672 
163 
0.77398 0.868559 
164 
0.862458 0.197163 
165 
0.490933 0.310915 
166 
0.0351523 0.336495 
167 
0.357405 0.10589 
168 
0.385413 0.963883 
169 
0.194306 0.18374 
170 
0.772908 0.745022 
171 
0.174142 0.868694 
172 
0.703262 0.282145 
173 
0.445876 0.606294 
174 
0.176603 0.80388 
175 
0.557384 0.509068 
176 
0.00468079 0.976621 
177 
0.561942 0.939523 
178 
0.471293 0.335922 
179 
0.808082 0.333751 
180 
0.533085 0.299015 
181 
0.644665 0.568237 
182 
0.63551 0.00207 
183 
0.674127 0.0209224 
184 
0.965953 0.868433 
185 
0.204663 0.738861 
186 
0.613456 0.378805 
187 
0.607555 0.316718 
188 
0.66095 0.0534314 
189 
0.923012 0.837553 
190 
0.857312 0.480396 
191 
0.346621 0.861992 
192 
0.457018 0.908564 
193 
0.801515 0.928311 
194 
0.244486 0.609597 
195 
0.262062 0.777571 
196 
0.908612 0.906727 
197 
0.345808 0.544122 
198 
0.908797 0.0199353 
199 
0.565044 0.87475 
200 
0.888369 0.769707 
201 
0.613611 0.501824 
202 
0.148512 0.221166 
203 
0.818542 0.809462 
204 
0.274597 0.741554 
205 
0.647015 0.131909 
206 
0.22195 0.993637 
207 
0.993901 0.678968 
208 
0.9022 0.795416 
209 
0.607279 0.146686 
210 
0.405013 0.86934 
211 
0.924257 0.313625 
212 
0.776067 0.270065 
213 
0.857747 0.684864 
214 
0.29 0.422791 
215 
0.559614 0.178369 
216 
0.192497 0.173225 
217 
0.680193 0.341009 
218 
0.394391 0.498735 
219 
0.150471 0.668988 
220 
0.240289 0.797487 
221 
0.800897 0.462239 
222 
0.791123 0.794798 
223 
0.141207 0.693324 
224 
0.590214 0.748486 
225 
0.84001 0.995227 
226 
0.617826 0.764267 
227 
0.308853 0.393894 
228 
0.0343326 0.166599 
229 
0.0787578 0.324333 
230 
0.58939 0.638372 
231 
0.502702 0.781887 
232 
0.811597 0.182896 
233 
0.122897 0.205987 
234 
0.681631 0.273368 
235 
0.874975 0.92192 
236 
0.0708548 0.675872 
237 
0.384159 0.861978 
238 
0.47067 0.525367 
239 
0.555302 0.0608843 
240 
0.273853 0.395312 
241 
0.0561118 0.891679 
242 
0.15958 0.364964 
243 
0.285573 0.193912 
244 
0.531564 0.364331 
245 
0.518245 0.120954 
246 
0.00270248 0.0209474 
247 
0.902841 0.814299 
248 
0.203843 0.0257379 
249 
0.0202863 0.885474 
250 
0.299106 0.895262 
251 
0.807394 0.369961 
252 
0.571134 0.191553 
253 
0.231939 0.0418039 
254 
0.71692 0.787241 
255 
0.102688 0.990773 
256 
0.182553 0.1588 
257 
0.882453 0.342133 
258 
0.523764 0.168026 
259 
0.536045 0.0553282 
260 
0.532356 0.05429 
261 
0.176282 0.535059 
262 
0.0752374 0.0791231 
263 
0.349358 0.27908 
264 
0.104861 0.369644 
265 
0.164554 0.403967 
266 
0.264906 0.971948 
267 
0.773928 0.836039 
268 
0.163501 0.00586709 
269 
0.877843 0.880421 
270 
0.793108 0.980532 
271 
0.871194 0.975661 
272 
0.139332 0.753647 
273 
0.317794 0.663096 
274 
0.921672 0.853838 
275 
0.718424 0.454029 
276 
0.908128 0.894706 
277 
0.989088 0.983366 
278 
0.973829 0.338446 
279 
0.262446 0.0786904 
280 
0.70809 0.427 
281 
0.482657 0.972996 
282 
0.398948 0.256586 
283 
0.809035 0.562449 
284 
0.262453 0.686878 
285 
0.44287 0.0555606 
286 
0.66741 0.314065 
287 
0.0312217 0.806742 
288 
0.0677113 0.349015 
289 
0.469838 0.989384 
290 
0.202854 0.188262 
291 
0.443413 0.110982 
292 
0.0829683 0.4325 
293 
0.094348 0.0567977 
294 
0.770946 0.356794 
295 
0.135488 0.479036 
296 
0.783794 0.618146 
297 
0.452031 0.182742 
298 
0.874731 0.261067 
299 
0.745191 0.137184 
300 
0.947945 0.188061 
301 
0.192744 0.615355 
302 
0.502126 0.223966 
303 
0.422097 0.569837 
304 
0.572981 0.891935 
305 
0.559221 0.775835 
306 
0.0801967 0.00263347 
307 
0.886817 0.163165 
308 
0.435134 0.981165 
309 
0.219963 0.20608 
310 
0.337959 0.355451 
311 
0.685116 0.121754 
312 
0.973596 0.137147 
313 
0.304496 0.848327 
314 
0.398214 0.0496868 
315 
0.985511 0.346159 
316 
0.237748 0.178255 
317 
0.961514 0.739874 
318 
0.402221 0.383611 
319 
0.309711 0.975203 
320 
0.275546 0.868932 
321 
0.751038 0.355742 
322 
0.871566 0.637855 
323 
0.518907 0.306699 
324 
0.61902 0.73887 
325 
0.512779 0.95698 
326 
0.0943204 0.197895 
327 
0.0787335 0.0679166 
328 
0.335042 0.383229 
329 
0.916244 0.733256 
330 
0.432916 0.901755 
331 
0.0794148 0.670664 
332 
0.0800099 0.0409288 
333 
0.410538 0.482231 
334 
0.42454 0.72025 
335 
0.457434 0.700085 
336 
0.589182 0.208471 
337 
0.0558275 0.460747 
338 
0.846326 0.574735 
339 
0.767447 0.465347 
340 
0.313604 0.280226 
341 
0.422326 0.407925 
342 
0.478121 0.50106 
343 
0.475841 0.813163 
344 
0.884289 0.392085 
345 
0.546419 0.317205 
346 
0.29384 0.625834 
347 
0.98787 0.37385 
348 
0.666763 0.398408 
349 
0.856081 0.0913024 
350 
0.118657 0.313514 
351 
0.791388 0.707839 
352 
0.521985 0.847215 
353 
0.168587 0.368312 
354 
0.42195 0.936033 
355 
0.833658 0.735554 
356 
0.216259 0.255985 
357 
0.143479 0.69438 
358 
0.757045 0.61932 
359 
0.507544 0.641334 
360 
0.0114055 0.0539628 
361 
0.958539 0.305245 
362 
0.679797 0.946409 
363 
0.679095 0.346559 
364 
0.344817 0.535176 
365 
0.437862 0.463474 
366 
0.84869 0.229249 
367 
0.171313 0.370676 
368 
0.0764645 0.3399 
369 
0.738987 0.498414 
370 
0.275933 0.572645 
371 
0.233968 0.492193 
372 
0.82863 0.377447 
373 
0.186573 0.585675 
374 
0.996768 0.694117 
375 
0.227009 0.00817306 
376 
0.74808 0.185548 
377 
0.313418 0.427876 
378 
0.131957 0.992514 
379 
0.774436 0.476774 
380 
0.527689 0.212297 
381 
0.940248 0.37638 
382 
0.441547 0.111562 
383 
0.747055 0.518011 
384 
0.451462 0.486042 
385 
0.0164257 0.727395 
386 
0.0586877 0.250394 
387 
0.219588 0.887318 
388 
0.627841 0.406161 
389 
0.472993 0.624609 
390 
0.100278 0.700001 
391 
0.632782 0.848358 
392 
0.88555 0.9462 
393 
0.276234 0.0175066 
394 
0.938714 0.0506698 
395 
0.49428 0.466403 
396 
0.262967 0.434529 
397 
0.842783 0.704514 
398 
0.54609 0.589838 
399 
0.222526 0.997552 
400 
0.0758804 0.238951 
401 
0.724946 0.134568 
402 
0.489345 0.944534 
403 
0.0218859 0.117187 
404 
0.350695 0.494879 
405 
0.741796 0.450973 
406 
0.19488 0.374578 
407 
0.299331 0.0804297 
408 
0.320778 0.575565 
409 
0.0979363 0.259492 
410 
0.626235 0.592217 
411 
0.725895 0.889202 
412 
0.0267453 0.568678 
413 
0.593716 0.572835 
414 
0.158517 0.816242 
415 
0.570387 0.234397 
416 
0.0551931 0.295333 
417 
0.368965 0.544538 
418 
0.239868 0.390851 
419 
0.661725 0.590563 
420 
0.88573 0.403521 
421 
0.0415361 0.0806097 
422 
0.778098 0.340867 
423 
0.161039 0.0988761 
424 
0.916432 0.258976 
425 
0.358368 0.542667 
426 
0.851192 0.0842635 
427 
0.43187 0.877938 
428 
0.652942 0.0255861 
429 
0.450773 0.811458 
430 
0.841828 0.0211599 
431 
0.0458554 0.897021 
432 
0.316493 0.414821 
433 
0.44156 0.556361 
434 
0.805672 0.103285 
435 
0.146924 0.691401 
436 
0.506805 0.18846 
437 
0.772011 0.284903 
438 
0.529327 0.93305 
439 
0.383779 0.445759 
440 
0.192026 0.742148 
441 
0.988427 0.0432185 
442 
0.826411 0.420296 
443 
0.921156 0.479353 
444 
0.445882 0.371929 
445 
0.290811 0.28771 
446 
0.393089 0.336667 
447 
0.184731 0.709582 
448 
0.751487 0.626291 
449 
0.265943 0.557159 
450 
0.729575 0.412867 
451 
0.24856 0.236381 
452 
0.601327 0.0205713 
453 
0.521284 0.130653 
454 
0.953622 0.905063 
455 
0.576413 0.145648 
456 
0.647211 0.564839 
457 
0.188866 0.473622 
458 
0.985135 0.110022 
459 
0.952975 0.431017 
460 
0.481952 0.243786 
461 
0.718728 0.875041 
462 
0.580453 0.903459 
463 
0.584623 0.331941 
464 
0.52975 0.850567 
465 
0.8891 0.259325 
466 
0.263434 0.13766 
467 
0.495706 0.86476 
468 
0.158231 0.0169899 
469 
0.995414 0.111853 
470 
0.922053 0.571826 
471 
0.257501 0.569264 
472 
0.136665 0.446367 
473 
0.0428858 0.121801 
474 
0.556389 0.995861 
475 
0.552818 0.0383407 
476 
0.239647 0.271546 
477 
0.913381 0.8201 
478 
0.175005 0.498005 
479 
0.152041 0.704755 
480 
0.348571 0.0411404 
481 
0.96408 0.612005 
482 
0.1788 0.459786 
483 
0.476765 0.337032 
484 
0.476776 0.472179 
485 
0.448885 0.39883 
486 
0.0440048 0.706385 
487 
0.968093 0.18067 
488 
0.152752 0.0109793 
489 
0.302471 0.709141 
490 
0.00683983 0.855289 
491 
0.747482 0.246487 
492 
0.126834 0.660863 
493 
0.0665867 0.301839 
494 
0.158868 0.218627 
495 
0.00659389 0.507439 
496 
0.259768 0.970674 
497 
0.119444 0.438568 
498 
0.430461 0.59621 
499 
0.7756 0.907237 
500 
0.0683882 0.224484 
501 
0.306066 0.112393 
502 
0.93087 0.27416 
503 
0.293063 0.0836217 
504 
0.285139 0.595534 
505 
0.792763 0.291979 
506 
0.450822 0.540244 
507 
0.538466 0.577657 
508 
0.201108 0.605052 
509 
0.879496 0.359976 
510 
0.82368 0.88609 
511 
0.867415 0.0834472 
512 
0.856764 0.98686 
513 
0.522015 0.287224 
514 
0.583069 0.297615 
515 
0.194461 0.651457 
516 
0.522099 0.500527 
517 
0.76385 0.452969 
518 
0.774687 0.0569134 
519 
0.536591 0.0598263 
520 
0.652447 0.329354 
521 
0.351805 0.103269 
522 
0.869598 0.890271 
523 
0.680926 0.0707057 
524 
0.495323 0.560421 
525 
0.430681 0.319003 
526 
0.446511 0.298097 
527 
0.40245 0.303275 
528 
0.284956 0.924465 
529 
0.590499 0.868025 
530 
0.22208 0.78496 
531 
0.519483 0.74418 
532 
0.285487 0.283333 
533 
0.197149 0.0601745 
534 
0.340246 0.73374 
535 
0.120001 0.992693 
536 
0.0630933 0.471806 
537 
0.0959626 0.932691 
538 
0.362077 0.776888 
539 
0.00339699 0.8574 
540 
0.33731 0.434078 
541 
0.176403 0.783821 
542 
0.732175 0.578853 
543 
0.0870953 0.017131 
544 
0.503318 0.677594 
545 
0.885156 0.725398 
546 
0.462554 0.404639 
547 
0.469578 0.748041 
548 
0.687972 0.666727 
549 
0.808216 0.028218 
550 
0.400466 0.928217 
551 
0.0209113 0.463559 
552 
0.400023 0.116874 
553 
0.396251 0.7621 
554 
0.893762 0.399648 
555 
0.6195 0.231072 
556 
0.833726 0.795903 
557 
0.0148927 0.565901 
558 
0.374756 0.101988 
559 
0.583032 0.878073 
560 
0.779582 0.468188 
561 
0.603472 0.242136 
562 
0.872827 0.0730493 
563 
0.990177 0.560799 
564 
0.739776 0.798393 
565 
0.589017 0.140242 
566 
0.72661 0.609928 
567 
0.603801 0.126632 
568 
0.726802 5.22523e-05 
569 
0.888732 0.620564 
570 
0.3997 0.508232 
571 
0.851636 0.233426 
572 
0.304135 0.866529 
573 
0.799327 0.67889 
574 
0.968517 0.382359 
575 
0.556964 0.748099 
576 
0.850547 0.160435 
577 
0.990235 0.723374 
578 
0.233485 0.980412 
579 
0.284173 0.97326 
580 
0.778805 0.87319 
581 
0.113502 0.505415 
582 
0.483117 0.717304 
583 
0.632047 0.209919 
584 
0.717356 0.52078 
585 
0.830483 0.117056 
586 
0.0290119 0.682119 
587 
0.350482 0.333147 
588 
0.548648 0.149809 
589 
0.0120373 0.517164 
590 
0.532169 0.569001 
591 
0.265263 0.382716 
592 
0.729437 0.255498 
593 
0.10609 0.962921 
594 
0.23591 0.390263 
595 
0.936182 0.0147156 
596 
0.263453 0.0496842 
597 
0.520131 0.74657 
598 
0.766988 0.152178 
599 
0.956489 0.484344 
600 
0.672958 0.786973 
601 
0.601401 0.70197 
602 
0.469092 0.951883 
603 
0.0351165 0.0177396 
604 
0.101692 0.0471539 
605 
0.534904 0.633861 
606 
0.616155 0.800167 
607 
0.0165768 0.345592 
608 
0.0556655 0.122667 
609 
0.308513 0.291576 
610 
0.51293 0.244695 
611 
0.306291 0.776383 
612 
0.294379 0.826422 
613 
0.522953 0.061367 
614 
0.9786 0.479442 
615 
0.545711 0.651558 
616 
0.266415 0.147112 
617 
0.353528 0.735507 
618 
0.0989948 0.388644 
619 
0.753246 0.200687 
620 
0.435798 0.28815 
621 
0.834548 0.0519531 
622 
0.0883177 0.851125 
623 
0.397545 0.143983 
624 
0.973792 0.706058 
625 
0.435559 0.486722 
626 
0.950752 0.74185 
627 
0.263105 0.245131 
628 
0.568273 0.786057 
629 
0.306498 0.546873 
630 
0.2655 0.85221 
631 
0.19843 0.531915 
632 
0.999322 0.551958 
633 
0.267421 0.0983165 
634 
0.940602 0.0206677 
635 
0.299004 0.3764 
636 
0.308818 0.133552 
637 
0.428353 0.397136 
638 
0.984677 0.825898 
639 
0.541119 0.958468 
640 
0.531956 0.976678 
641 
0.44519 0.482708 
642 
0.718529 0.708295 
643 
0.727839 0.286801 
644 
0.494352 0.0343378 
645 
0.833674 0.759852 
646 
0.886547 0.0321041 
647 
0.291767 0.885869 
648 
0.584062 0.559188 
649 
0.984186 0.524664 
650 
0.579856 0.283189 
651 
0.901064 0.888674 
652 
0.416741 0.329418 
653 
0.28581 0.401418 
654 
0.155315 0.826929 
655 
0.359886 0.687271 
656 
0.803607 0.805076 
657 
0.169979 0.522136 
658 
0.513371 0.897819 
659 
0.808937 0.00772335 
660 
0.932156 0.64261 
661 
0.767575 0.818704 
662 
0.674715 0.0593423 
663 
0.704573 0.258777 
664 
0.618531 0.688759 
665 
0.783441 0.198387 
666 
0.971948 0.684505 
667 
0.087061 0.388689 
668 
0.0139229 0.372871 
669 
0.790107 0.169238 
670 
0.1998 0.149993 
671 
0.856509 0.00340718 
672 
0.955069 0.0264886 
673 
0.525543 0.46844 
674 
0.924307 0.33448 
675 
0.476163 0.856464 
676 
0.97709 0.243739 
677 
0.675168 0.651805 
678 
0.303081 0.379741 
679 
0.910581 0.921612 
680 
0.0684992 0.694022 
681 
0.119999 0.0404472 
682 
0.378528 0.20706 
683 
0.429136 0.392451 
684 
0.579931 0.219243 
685 
0.561689 0.779731 
686 
0.369236 0.418198 
687 
0.783138 0.324305 
688 
0.444687 0.308681 
689 
0.792745 0.368994 
690 
0.64316 0.268908 
691 
0.225458 0.620251 
692 
0.512647 0.900625 
693 
0.272055 0.815729 
694 
0.280366 0.182637 
695 
0.737341 0.348865 
696 
0.876659 0.857339 
697 
0.389312 0.255187 
698 
0.0643991 0.818449 
699 
0.647637 0.64433 
700 
0.0376915 0.209326 
701 
0.424061 0.406927 
702 
0.627525 0.207199 
703 
0.731232 0.0722117 
704 
0.51588 0.523977 
705 
0.441206 0.15904 
706 
0.792885 0.666664 
707 
0.779291 0.305533 
708 
0.567289 0.0513458 
709 
0.121261 0.847655 
710 
0.233982 0.858602 
711 
0.19652 0.110641 
712 
0.715941 0.585832 
713 
0.365828 0.78034 
714 
0.404281 0.0134655 
715 
0.42467 0.441972 
716 
0.222792 0.848731 
717 
0.8489 0.850317 
718 
0.0559296 0.580132 
719 
0.922528 0.571809 
720 
0.104108 0.363734 
721 
0.730849 0.896994 
722 
0.0303977 0.51014 
723 
0.202526 0.597687 
724 
0.561486 0.323787 
725 
0.445342 0.795468 
726 
0.182389 0.641862 
727 
0.90611 0.89833 
728 
0.227694 0.271938 
729 
0.67867 0.631975 
730 
0.285403 0.10334 
731 
0.0739472 0.508195 
732 
0.952071 0.922847 
733 
0.358512 0.00800049 
734 
0.502978 0.28104 
735 
0.57981 0.607087 
736 
0.644774 0.310659 
737 
0.504081 0.675171 
738 
0.820799 0.706607 
739 
0.272858 0.382285 
740 
0.0303943 0.7182 
741 
0.177753 0.212783 
742 
0.360061 0.0838631 
743 
0.111113 0.587755 
744 
0.355801 0.789783 
745 
0.21973 0.641204 
746 
0.893124 0.293677 
747 
0.149399 0.845195 
748 
0.216524 0.50791 
749 
0.853195 0.719502 
750 
0.78895 0.433005 
751 
0.326589 0.433724 
752 
0.743664 0.83067 
753 
0.108895 0.564463 
754 
0.537277 0.381754 
755 
0.946748 0.567671 
756 
0.0999534 0.124502 
757 
0.780454 0.460015 
758 
0.208365 0.891568 
759 
0.0477696 0.564165 
760 
0.681351 0.267499 
761 
0.205369 0.574475 
762 
0.561177 0.354768 
763 
0.419669 0.7777 
764 
0.862679 0.272864 
765 
0.497203 0.651629 
766 
0.705869 0.823792 
767 
0.085353 0.449533 
768 
0.654462 0.194248 
769 
0.0139959 0.191739 
770 
0.576002 0.960744 
771 
0.75941 0.675955 
772 
0.0852456 0.539865 
773 
0.13597 0.29361 
774 
0.431432 0.18374 
775 
0.857776 0.112784 
776 
0.451239 0.063145 
777 
0.687258 0.0124157 
778 
0.417913 0.106928 
779 
0.790116 0.280592 
780 
0.379792 0.287319 
781 
0.932221 0.0856612 
782 
0.111111 0.0175741 
783 
0.535194 0.765573 
784 
0.211823 0.54919 
785 
0.957312 0.787825 
786 
0.509934 0.716723 
787 
0.46378 0.59518 
788 
0.256587 0.59975 
789 
0.88879 0.68802 
790 
0.78349 0.746566 
791 
0.800804 0.234729 
792 
0.809711 0.488062 
793 
0.247145 0.227624 
794 
0.59499 0.0372609 
795 
0.508216 0.974782 
796 
0.32458 0.440437 
797 
0.060443 0.435691 
798 
0.458011 0.595637 
799 
0.201264 0.669834 
