67 3
0 1 1 0 0 0 0 0 0 1 0 0 0 1 1 0 0 1 0 1 0 1 0 0 0 0 0 1 1 0 0 0 0 0 1 0 1 0 1 0 1 0 1 0 1 1 1 0 1 1 0 1 1 1 0 0 0 0 0 0 1 1 1 1 0 1 0 
0 38 39 
0.159685 0.306699 0.251984 0.179219 0.800247 0.895718 0.483766 0.45922 
1 50 61 
0.153307 0.87127 0.0178328 0.411213 0.92381 0.525803 0.780642 0.982578 
2 44 63 
0.655696 0.467526 0.287099 0.32242 0.486306 0.948964 0.347724 0.772315 
3 10 15 
0.170629 0.939216 0.495445 0.422613 0.118436 0.295692 0.318331 0.602201 
4 40 49 
0.266904 0.908219 0.184734 0.284736 0.319432 0.108543 0.810539 0.100074 
5 56 23 
0.199036 0.746817 0.852099 0.486135 0.0692372 0.338405 0.435099 0.416961 
6 46 35 
0.605707 0.281348 0.153846 0.101152 0.703962 0.272282 0.396844 0.0222924 
7 24 0 
0.335756 0.141387 0.0599757 0.520489 0.426123 0.379408 0.629033 0.236662 
8 16 61 
0.621235 0.678518 0.466971 0.473335 0.164653 0.536208 0.811739 0.599752 
9 50 36 
0.814382 0.558876 0.203807 0.968228 0.660029 0.907769 0.24051 0.0568733 
10 42 17 
0.20863 0.265817 0.25638 0.268606 0.786307 0.682503 0.648014 0.415339 
11 39 47 
0.135493 0.540401 0.806014 0.602464 0.0137358 0.970667 0.138673 0.825475 
12 6 10 
0.747934 0.3848 0.650719 0.951742 0.353028 0.310747 0.859511 0.593539 
13 3 5 
0.708532 0.576251 0.0553891 0.964912 0.844856 0.841696 0.647415 0.49287 
14 60 59 
0.620366 0.392528 0.106982 0.42638 0.994993 0.120718 0.397047 0.133666 
15 58 23 
0.225508 0.694127 0.352266 0.876226 0.645869 0.705294 0.186974 0.505379 
16 22 46 
0.294951 0.00736465 0.130845 0.35034 0.972277 0.975702 0.192036 0.619692 
17 11 16 
0.186273 0.0889384 0.841599 0.293256 0.515319 0.836592 0.413974 0.912366 
18 25 27 
0.879832 0.195765 0.054294 0.232097 0.0719917 0.700163 0.937391 0.258965 
19 41 49 
0.81356 0.500493 0.243589 0.944405 0.850833 0.215866 0.920107 0.0428688 
20 32 63 
0.49194 0.0218312 0.477617 0.333539 0.315087 0.992936 0.170131 0.72906 
21 2 32 
0.0892273 0.785133 0.336154 0.143521 0.0172305 0.408145 0.843684 0.954622 
22 18 64 
0.190846 0.480671 0.549718 0.434435 0.425076 0.400551 0.650301 0.345183 
23 50 17 
0.733861 0.93536 0.50769 0.211478 0.268899 0.822776 0.204414 0.439029 
24 62 7 
0.579418 0.641064 0.894849 0.915572 0.784585 0.91208 0.323717 0.628269 
25 36 44 
0.677495 0.0575478 0.471499 0.227213 0.491983 0.896575 0.627765 0.142284 
26 57 9 
0.628142 0.975619 0.00654484 0.135832 0.187097 0.275444 0.958608 0.391511 
27 38 19 
0.501227 0.293891 0.151509 0.396076 0.209462 0.936095 0.308156 0.53318 
28 1 49 
0.524008 0.241859 0.232405 0.995507 0.469072 0.724388 0.892081 0.0968373 
29 48 63 
0.168022 0.494814 0.109458 0.174567 0.630645 0.296555 0.450011 0.589254 
30 18 6 
0.189292 0.458374 0.251209 0.585368 0.667837 0.187303 0.893524 0.201017 
31 64 28 
0.725024 0.993527 0.300786 0.720531 0.462599 0.0251739 0.612612 0.559437 
32 20 18 
0.386659 0.855909 0.902026 0.0173044 0.152463 0.352037 0.606558 0.840529 
33 51 29 
0.0298214 0.974895 0.957466 0.61519 0.642731 0.144769 0.508714 0.843748 
34 64 10 
0.568772 0.889964 0.877881 0.289303 0.352563 0.903055 0.901915 0.912 
35 53 46 
0.639458 0.181559 0.504275 0.541484 0.198863 0.656739 0.893521 0.805422 
36 47 52 
0.511679 0.527089 0.384936 0.469145 0.142279 0.0276671 0.613914 0.650993 
37 25 29 
0.228087 0.440187 0.400315 0.105968 0.72949 0.752878 0.00902245 0.631406 
38 17 25 
0.279772 0.304336 0.985481 0.784048 0.84582 0.184345 0.440787 0.739341 
39 46 51 
0.149382 0.501445 0.465143 0.534318 0.97059 0.607422 0.561985 0.584504 
40 28 31 
0.0948548 0.486502 0.873587 0.49517 0.59247 0.603077 0.248047 0.601492 
41 36 60 
0.405415 0.514255 0.217261 0.390896 0.298303 0.0630807 0.57524 0.73909 
42 10 51 
0.677144 0.951804 0.0664515 0.142287 0.486121 0.0370412 0.749709 0.048106 
43 44 50 
0.481506 0.7164 0.494626 0.355093 0.211569 0.0870957 0.95817 0.459617 
44 35 47 
0.372542 0.0940025 0.706909 0.589802 0.484898 0.00521191 0.652883 0.0601387 
45 54 56 
0.421446 0.407108 0.691597 0.563733 0.89323 0.728638 0.313442 0.941336 
46 47 57 
0.422841 0.0665827 0.816192 0.777934 0.278152 0.903288 0.736104 0.737769 
47 3 13 
0.110311 0.685879 0.635667 0.700113 0.170777 0.640878 0.352996 0.230916 
48 42 15 
0.856061 0.806626 0.215409 0.547657 0.370358 0.108639 0.276295 0.683801 
49 21 42 
0.0053672 0.472816 0.693061 0.82156 0.25075 0.971213 0.724848 0.986854 
50 46 0 
0.915612 0.819293 0.0026022 0.551279 0.519407 0.173379 0.192157 0.872403 
51 12 65 
0.680704 0.260355 0.383963 0.896114 0.808013 0.754321 0.00475287 0.084308 
52 19 11 
0.710786 0.443489 0.527543 0.403847 0.265049 0.778293 0.37506 0.989897 
53 64 35 
0.30662 0.68076 0.903336 0.309222 0.232039 0.422743 0.482601 0.424196 
54 9 28 
0.00153332 0.97585 0.147251 0.385496 0.871964 0.955264 0.139818 0.876717 
55 3 36 
0.931444 0.750358 0.021429 0.458988 0.154205 0.286478 0.237281 0.529266 
56 57 64 
0.613309 0.582995 0.683189 0.516645 0.892217 0.915228 0.939387 0.374819 
57 58 37 
0.261715 0.340957 0.210383 0.408966 0.726453 0.0823475 0.36423 0.866271 
58 66 47 
0.444211 0.890509 0.15416 0.46564 0.349496 0.308366 0.752117 0.586777 
59 1 31 
0.589206 0.45094 0.611487 0.272395 0.967585 0.503704 0.187623 0.906972 
60 26 25 
0.140237 0.868004 0.351889 0.549203 0.594458 0.434236 0.913433 0.460729 
61 29 35 
0.904939 0.28381 0.471395 0.370579 0.633306 0.779761 0.122697 0.220084 
62 10 14 
0.80929 0.068332 0.762675 0.0816852 0.0359167 0.266379 0.269308 0.942889 
63 44 47 
0.0843942 0.285139 0.66436 0.436283 0.834342 0.258818 0.870519 0.747775 
64 63 37 
0.06501 0.624486 0.54763 0.536405 0.995065 0.180936 0.316166 0.117762 
65 2 60 
0.26895 0.210309 0.00188952 0.0316252 0.291994 0.0378063 0.298004 0.561303 
66 22 55 
0.357658 0.0650892 0.728044 0.0220184 0.501372 0.562386 0.280836 0.371892 
