47 4
0 1 1 0 1 1 1 0 0 0 1 0 1 1 1 0 0 0 0 1 0 0 1 1 1 1 1 0 0 0 1 1 0 1 0 0 1 1 0 0 0 0 1 1 0 0 0 
0 7 27 43 
0.440309 0.745331 0.841473 0.649818 0.8257 0.229999 0.384032 0.752855 0.00443763 0.869477 0.969483 0.971201 0.58534 0.764042 0.890967 0.325292 
1 31 16 36 
0.628764 0.482135 0.190637 0.00138008 0.356182 0.513978 0.134262 0.692338 0.0437128 0.492671 0.0965111 0.386959 0.932981 0.841842 0.228431 0.582799 
2 43 36 6 
0.420398 0.462868 0.836308 0.389881 0.434069 0.421648 0.153923 0.325036 0.74694 0.133961 0.363436 0.197504 0.762725 0.84557 0.38814 0.764106 
3 33 26 39 
0.89409 0.945831 0.391039 0.990601 0.33279 0.32402 0.832444 0.561221 0.906819 0.499986 0.0196511 0.873649 0.920384 0.482519 0.709957 0.310265 
4 40 10 25 
0.241624 0.878545 0.59815 0.60506 0.0760493 0.360875 0.45063 0.46419 0.124981 0.652383 0.366308 0.023348 0.546473 0.312139 0.414387 0.537075 
5 23 31 46 
0.20615 0.645225 0.869505 0.225801 0.518875 0.789889 0.70832 0.228832 0.100154 0.624908 0.360437 0.564342 0.866532 0.238982 0.162492 0.471591 
6 19 35 33 
0.779222 0.648347 0.574604 0.14553 0.671695 0.121078 0.457669 0.0860821 0.658152 0.102598 0.824489 0.0276706 0.308748 0.469714 0.897175 0.534549 
7 19 37 36 
0.217421 0.787218 0.867777 0.577858 0.35156 0.734309 0.81684 0.514052 0.2059 0.131872 0.0374185 0.128122 0.911094 0.685766 0.702726 0.0566236 
8 24 19 10 
0.443543 0.481956 0.616891 0.268032 0.509626 0.925639 0.737746 0.406802 0.460188 0.726335 0.0938657 0.703057 0.943756 0.881084 0.570833 0.521614 
9 39 24 6 
0.746695 0.511042 0.470327 0.784114 0.639164 0.381421 0.46988 0.34189 0.438044 0.827341 0.165694 0.952337 0.270884 0.64765 0.569228 0.538916 
10 34 18 44 
0.564078 0.955054 0.00299752 0.657944 0.658111 0.946754 0.539027 0.228944 0.468368 0.771671 0.534086 0.806823 0.518366 0.045128 0.27715 0.30248 
11 35 1 9 
0.0261817 0.0966145 0.5997 0.191875 0.0489516 0.870584 0.839525 0.618179 0.4095 0.996801 0.113046 0.686162 0.560879 0.0680998 0.689159 0.218822 
12 44 2 43 
0.955154 0.104281 0.52952 0.48924 0.911104 0.0478859 0.534368 0.188254 0.350366 0.21866 0.846824 0.122725 0.244842 0.943438 0.722425 0.436717 
13 32 3 16 
0.610569 0.00250796 0.273043 0.723615 0.68867 0.833922 0.791715 0.377829 0.0527447 0.517925 0.0137421 0.810594 0.47308 0.118023 0.340114 0.96232 
14 27 8 11 
0.217381 0.738366 0.715348 0.0642049 0.86109 0.96019 0.00764325 0.583515 0.396907 3.32072e-05 0.176523 0.673149 0.610602 0.179031 0.946193 0.334218 
15 34 11 42 
0.24553 0.83286 0.643858 0.259272 0.643454 0.116937 0.377296 0.983568 0.079257 0.406423 0.371568 0.575945 0.623804 0.109934 0.291293 0.688009 
16 1 30 17 
0.554539 0.64839 0.695685 0.731063 0.321539 0.306288 0.910094 0.267732 0.640505 0.777795 0.0478472 0.766438 0.0233255 0.880707 0.410295 0.282598 
17 37 32 35 
0.606489 0.0663164 0.879298 0.182434 0.69012 0.989232 0.473728 0.378129 0.960256 0.725211 0.0737816 0.514795 0.373601 0.769467 0.245858 0.69514 
18 42 6 24 
0.71626 0.933748 0.0107196 0.482698 0.957074 0.891427 0.892993 0.239671 0.415587 0.420226 0.899565 0.923317 0.026715 0.965881 0.802614 0.209149 
19 35 41 37 
0.034131 0.752102 0.408088 0.107913 0.266897 0.781689 0.87738 0.512755 0.476829 0.953134 0.668708 0.439701 0.669395 0.602456 0.450421 0.152093 
20 45 8 39 
0.799201 0.757435 0.465311 0.698766 0.680751 0.492026 0.664647 0.483365 0.701176 0.320648 0.275211 0.384053 0.354779 0.0273124 0.792141 0.462692 
21 36 14 42 
0.806965 0.0506579 0.293206 0.475673 0.490359 0.962601 0.0781292 0.94078 0.114693 0.637659 0.282627 0.159779 0.43686 0.0400618 0.62509 0.135626 
22 29 20 37 
0.204178 0.818293 0.120921 0.479389 0.202346 0.475701 0.506702 0.994486 0.938393 0.800911 0.568315 0.278464 0.607876 0.618973 0.57167 0.083549 
23 29 41 32 
0.0501122 0.648964 0.799337 0.332739 0.808743 0.236197 0.372801 0.433833 0.371823 0.0936142 0.55095 0.172096 0.297793 0.369243 0.293017 0.777182 
24 21 42 39 
0.566075 0.70711 0.0847944 0.13439 0.985574 0.69267 0.753363 0.557245 0.776219 0.862696 0.0915153 0.937898 0.912808 0.740479 0.737235 0.245547 
25 11 28 10 
0.983055 0.345255 0.711963 0.534006 0.517351 0.00975508 0.903249 0.810368 0.786937 0.474837 0.579086 0.0708201 0.0409118 0.286196 0.155615 0.175302 
26 19 4 22 
0.829015 0.624504 0.791361 0.920531 0.562402 0.704169 0.66101 0.299637 0.949716 0.210232 0.273069 0.568064 0.193287 0.618324 0.280027 0.727293 
27 18 22 40 
0.946044 0.0767186 0.105379 0.52513 0.147539 0.14629 0.811326 0.303153 0.321592 0.0830965 0.151438 0.250257 0.912112 0.775942 0.041618 0.832642 
28 19 7 24 
0.637981 0.695502 0.703884 0.91105 0.263567 0.897171 0.529375 0.543593 0.624464 0.66505 0.833375 0.255006 0.611094 0.910094 0.360384 0.136223 
29 20 41 32 
0.360786 0.828267 0.0306454 0.512224 0.0785239 0.942757 0.288166 0.120142 0.7754 0.626511 0.865928 0.269052 0.264492 0.561431 0.972936 0.175542 
30 27 40 12 
0.368591 0.494571 0.369967 0.201966 0.749577 0.98106 0.11206 0.109961 0.117283 0.169692 0.616636 0.0648321 0.530478 0.444902 0.0954775 0.0427014 
31 20 16 42 
0.643568 0.813634 0.957378 0.509497 0.0826861 0.22187 0.0709275 0.0556219 0.397412 0.895925 0.925729 0.102329 0.264516 0.4203 0.472295 0.466482 
32 3 29 10 
0.279839 0.570639 0.748234 0.896475 0.635471 0.278711 0.341377 0.730948 0.321413 0.864803 0.769183 0.65228 0.508371 0.582817 0.609659 0.0178678 
33 16 11 19 
0.721125 0.228941 0.98472 0.646854 0.33127 0.249236 0.0671549 0.803565 0.715718 0.237032 0.256921 0.29426 0.516871 0.827559 0.0424933 0.413346 
34 25 13 24 
0.193979 0.642617 0.619526 0.963162 0.294898 0.127897 0.545979 0.904556 0.145765 0.211482 0.736085 0.23456 0.932608 0.965026 0.21928 0.579462 
35 4 23 20 
0.184235 0.883649 0.356781 0.478494 0.400521 0.184341 0.520988 0.813866 0.647371 0.842192 0.568589 0.84135 0.48481 0.188115 0.804512 0.779708 
36 43 1 24 
0.461777 0.561973 0.420349 0.696337 0.494581 0.385375 0.915617 0.0740428 0.681671 0.384134 0.72066 0.781531 0.568369 0.604309 0.138313 0.0468631 
37 6 24 36 
0.970025 0.410043 0.387285 0.811375 0.894853 0.5754 0.615886 0.67456 0.891412 0.966377 0.358824 0.353189 0.52835 0.779173 0.0495255 0.0229308 
38 30 1 29 
0.846219 0.349277 0.817633 0.62775 0.917646 0.421942 0.766063 0.964509 0.426772 0.088717 0.53236 0.245468 0.0587419 0.942403 0.632753 0.870117 
39 11 22 9 
0.511815 0.0995646 0.45238 0.87064 0.452753 0.98073 0.649813 0.502279 0.00366095 0.814361 0.467422 0.100635 0.66058 0.816699 0.918268 0.288331 
40 21 32 25 
0.698853 0.766982 0.143111 0.231213 0.0124502 0.201853 0.173616 0.645203 0.0719696 0.0108708 0.853356 0.557973 0.522686 0.952921 0.0103527 0.393326 
41 0 32 23 
0.907952 0.994744 0.8575 0.375374 0.0953783 0.518081 0.192073 0.0136462 0.806411 0.926417 0.353856 0.860806 0.625271 0.120839 0.00391666 0.856484 
42 2 23 38 
0.778492 0.277739 0.0409704 0.631848 0.835712 0.563657 0.584769 0.846065 0.956983 0.990442 0.837147 0.000121377 0.898395 0.831891 0.857622 0.273769 
43 46 39 4 
0.940916 0.182113 0.392259 0.294772 0.042919 0.01753 0.415611 0.0468357 0.874014 0.5489 0.252605 0.904113 0.327392 0.530345 0.945084 0.95924 
44 25 3 38 
0.212121 0.465723 0.53445 0.0492684 0.465844 0.432845 0.88116 0.323466 0.706614 0.808429 0.699168 0.172456 0.749345 0.881281 0.564715 0.0441167 
45 21 23 34 
0.971036 0.456259 0.00862701 0.223642 0.360373 0.336019 0.753986 0.305456 0.295258 0.120043 0.814197 0.839266 0.332164 0.27992 0.373717 0.381432 
46 33 13 6 
0.0692302 0.513176 0.0710207 0.768398 0.685632 0.820365 0.64968 0.250348 0.864482 0.57388 0.832593 0.324209 0.544916 0.288852 0.332836 0.768558 
