54 3
1 0 0 0 0 1 1 1 0 0 0 0 0 1 0 0 1 0 0 0 0 0 0 1 0 0 1 1 1 1 0 1 0 0 1 1 0 1 1 1 0 1 1 1 1 0 0 1 1 1 0 0 1 1 
0 14 11 
0.735658 0.431368 0.970016 0.786856 0.452628 0.538454 0.334621 0.725847 
1 32 27 
0.51611 0.652245 0.90823 0.718061 0.66572 0.164387 0.0578628 0.730719 
2 19 22 
0.386125 0.57361 0.020707 0.734899 0.301451 0.807756 0.606132 0.410132 
3 52 14 
0.959863 0.815474 0.976595 0.746719 0.268102 0.51505 0.0813401 0.993949 
4 15 39 
0.510059 0.541757 0.477722 0.22812 0.207476 0.64211 0.285983 0.938196 
5 1 25 
0.324321 0.372271 0.239573 0.05922 0.673722 0.0473293 0.665352 0.083854 
6 25 35 
0.0904336 0.231397 0.864933 0.0670289 0.978116 0.133035 0.582079 0.0594562 
7 1 36 
0.628948 0.637042 0.0133471 0.106671 0.865163 0.220824 0.74878 0.151146 
8 5 4 
0.370012 0.48334 0.919713 0.609585 0.54256 0.593435 0.656914 0.207912 
9 30 25 
0.25737 0.767723 0.159846 0.122303 0.834752 0.137962 0.255337 0.41683 
10 14 41 
0.888421 0.826367 0.0193633 0.901768 0.933037 0.884526 0.122591 0.681818 
11 1 36 
0.22926 0.405683 0.764951 0.148973 0.015268 0.307511 0.742408 0.672182 
12 5 11 
0.600631 0.772793 0.187421 0.760477 0.895095 0.0221728 0.898439 0.150433 
13 14 18 
0.532754 0.327424 0.922224 0.552117 0.229192 0.855261 0.436643 0.351783 
14 17 25 
0.633394 0.766339 0.877997 0.398345 0.915312 0.893265 0.705856 0.65772 
15 1 29 
0.0774181 0.166078 0.994071 0.264839 0.926555 0.889167 0.287012 0.824994 
16 7 35 
0.920851 0.572353 0.053439 0.843074 0.12447 0.282631 0.698335 0.561112 
17 30 10 
0.0334265 0.267808 0.00175325 0.911424 0.666153 0.917065 0.804689 0.372009 
18 9 36 
0.593288 0.652203 0.536215 0.587359 0.917042 0.46277 0.476526 0.204054 
19 29 28 
0.930069 0.208614 0.0884778 0.983508 0.0516883 0.212948 0.266139 0.750024 
20 5 19 
0.985438 0.807487 0.168362 0.987191 0.71891 0.834515 0.904257 0.523599 
21 10 50 
0.893736 0.799812 0.131245 0.42995 0.387171 0.0482878 0.89272 0.863696 
22 0 13 
0.379821 0.182411 0.389097 0.468299 0.165919 0.440785 0.681247 0.432058 
23 7 6 
0.332611 0.176247 0.262793 0.500973 0.163439 0.981703 0.335488 0.0676951 
24 46 3 
0.546737 0.399038 0.341824 0.677983 0.828988 0.728995 0.72627 0.721708 
25 43 35 
0.902191 0.972512 0.161023 0.291288 0.440811 0.326942 0.732073 0.122058 
26 1 38 
0.577365 0.0916107 0.0991291 0.840158 0.592583 0.262568 0.821861 0.928071 
27 26 31 
0.470083 0.877 0.726201 0.811907 0.554983 0.555189 0.540902 0.281253 
28 1 6 
0.259865 0.179088 0.106105 0.420888 0.470375 0.546917 0.74783 0.202448 
29 27 51 
0.12533 0.246339 0.59844 0.224459 0.086497 0.191024 0.487027 0.908358 
30 38 42 
0.235521 0.589178 0.69429 0.961722 0.401085 0.249272 0.516911 0.941987 
31 29 27 
0.0755798 0.79039 0.972896 0.181685 0.211278 0.443272 0.728602 0.959108 
32 11 18 
0.465938 0.77105 0.643916 0.0643786 0.99551 0.730413 0.255402 0.482537 
33 25 47 
0.874292 0.963675 0.994117 0.836014 0.36476 0.243389 0.352926 0.306747 
34 8 35 
0.382327 0.564305 0.11963 0.564012 0.775583 0.562902 0.292614 0.734692 
35 16 11 
0.20063 0.979672 0.334107 0.265009 0.975182 0.0645206 0.520411 0.457719 
36 1 27 
0.757546 0.577584 0.858583 0.751663 0.413598 0.223343 0.995052 0.766524 
37 21 53 
0.913258 0.912417 0.333272 0.0328883 0.476429 0.108856 0.59579 0.769042 
38 52 46 
0.459233 0.0441773 0.784085 0.793341 0.309186 0.759267 0.857861 0.829597 
39 31 41 
0.724505 0.974533 0.138737 0.583088 0.726196 0.552335 0.806432 0.721248 
40 45 25 
0.490215 0.232117 0.248939 0.823488 0.265005 0.725367 0.932343 0.860796 
41 44 33 
0.665208 0.953643 0.820068 0.449293 0.746984 0.129254 0.20856 0.604845 
42 53 20 
0.165998 0.683355 0.400079 0.304734 0.266444 0.126275 0.857069 0.0728755 
43 6 21 
0.337739 0.408045 0.658336 0.161226 0.67305 0.383703 0.0935693 0.533846 
44 30 46 
0.199054 0.831756 0.689527 0.648347 0.57874 0.818781 0.856907 0.183584 
45 8 34 
0.349582 0.460987 0.682532 0.654316 0.72743 0.808807 0.511386 0.800306 
46 44 39 
0.209703 0.994069 0.0953589 0.868039 0.155296 0.768409 0.251743 0.248865 
47 32 5 
0.118325 0.501309 0.961612 0.807852 0.149656 0.540351 0.626633 0.0065623 
48 44 14 
0.289016 0.0735174 0.865251 0.971548 0.727834 0.592681 0.780356 0.239219 
49 50 25 
0.926533 0.602691 0.430756 0.0218918 0.47073 0.586051 0.790301 0.722473 
50 17 49 
0.852329 0.953241 0.593865 0.813941 0.761093 0.743521 0.354292 0.387726 
51 6 22 
0.79199 0.0390984 0.151745 0.657241 0.0106465 0.879579 0.249923 0.791002 
52 8 40 
0.227688 0.0453304 0.245601 0.658444 0.0672222 0.716331 0.244495 0.857523 
53 12 3 
0.950079 0.291132 0.0326525 0.543944 0.105073 0.793745 0.287465 0.459365 
