66 1
1 1 1 0 0 0 0 1 1 1 0 0 0 0 0 1 1 1 1 0 0 1 0 1 1 0 1 1 0 0 1 0 1 1 0 0 1 1 0 1 1 1 0 0 0 1 0 1 1 1 0 0 1 1 0 1 0 0 1 0 1 1 1 1 0 0 
0 
0.292049 0.224728 
1 
0.147906 0.0886639 
2 
0.766641 0.86112 
3 
0.48613 0.723074 
4 
0.85658 0.156851 
5 
0.935562 0.217645 
6 
0.394833 0.54843 
7 
0.430339 0.194631 
8 
0.510958 0.285339 
9 
0.130433 0.385069 
10 
0.860284 0.824294 
11 
0.623846 0.106175 
12 
0.950921 0.610076 
13 
0.199508 0.209138 
14 
0.320031 0.482099 
15 
0.042908 0.61208 
16 
0.706826 0.190813 
17 
0.700744 0.473467 
18 
0.0519334 0.186874 
19 
0.196541 0.908513 
20 
0.343725 0.132103 
21 
0.126158 0.738558 
22 
0.680532 0.556497 
23 
0.933189 0.191491 
24 
0.841836 0.063622 
25 
0.57656 0.702121 
26 
0.887916 0.200406 
27 
0.808295 0.838837 
28 
0.810482 0.00780308 
29 
0.0479749 0.130513 
30 
0.489902 0.0908829 
31 
0.742593 0.196728 
32 
0.281696 0.443337 
33 
0.670195 0.33363 
34 
0.630211 0.866736 
35 
0.242143 0.973936 
36 
0.998839 0.368301 
37 
0.712494 0.679371 
38 
0.924798 0.645683 
39 
0.870862 0.766635 
40 
0.709305 0.447422 
41 
0.468755 0.597221 
42 
0.647827 0.27705 
43 
0.436059 0.458309 
44 
0.284853 0.484034 
45 
0.588822 0.774755 
46 
0.574917 0.331414 
47 
0.971483 0.856613 
48 
0.774751 0.641678 
49 
0.190243 0.404962 
50 
0.508413 0.432385 
51 
0.378897 0.507252 
52 
0.800687 0.091391 
53 
0.186623 0.725485 
54 
0.737074 0.0574848 
55 
0.49212 0.446379 
56 
0.504906 0.960875 
57 
0.0436009 0.152734 
58 
0.237925 0.47966 
59 
0.611043 0.522778 
60 
0.963693 0.199865 
61 
0.297533 0.53861 
62 
0.531279 0.269016 
63 
0.395223 0.30603 
64 
0.910693 0.585465 
65 
0.710991 0.419106 
