11 6
1 1 0 0 0 0 1 0 1 1 1 
0 4 3 10 6 9 
0.209864 0.775134 0.0492177 0.907054 0.802088 0.242882 0.466688 0.357611 0.224375 0.305125 0.518414 0.107264 0.10562 0.843936 0.937563 0.0310902 0.749892 0.236796 0.788973 0.786659 0.971111 0.4031 0.764811 0.465981 0.222328 0.662775 0.0338228 0.516882 0.941417 0.12739 0.812613 0.151281 0.902524 0.861831 0.0583348 0.704611 0.104712 0.525023 0.062222 0.329087 0.830148 0.580636 0.436351 0.935768 0.424572 0.373914 0.966858 0.174464 0.61071 0.755832 0.961124 0.581822 0.158931 0.725934 0.0478033 0.381259 0.38871 0.0816261 0.898141 0.330127 0.209016 0.710754 0.481408 0.11154 
1 3 5 6 10 9 
0.00638316 0.894914 0.45901 0.442734 0.830682 0.883582 0.816648 0.79754 0.0580464 0.427358 0.553372 0.0191702 0.00918013 0.712303 0.745105 0.0569834 0.0935623 0.133814 0.13861 0.991703 0.463941 0.347626 0.702457 0.945349 0.459166 0.275041 0.485092 0.275317 0.952338 0.549858 0.153691 0.958721 0.444772 0.6127 0.401455 0.275454 0.496282 0.218103 0.0729942 0.554329 0.645461 0.626366 0.573499 0.654641 0.338669 0.318604 0.711625 0.432232 0.452418 0.850234 0.423935 0.916359 0.19786 0.126392 0.861708 0.657026 0.401433 0.3468 0.932343 0.35377 0.896658 0.0860339 0.312491 0.34143 
2 1 9 5 4 10 
0.232151 0.654913 0.641448 0.943775 0.0871448 0.0938661 0.794009 0.51108 0.0102251 0.991869 0.637471 0.871933 0.648895 0.0389043 0.218734 0.581238 0.392675 0.115392 0.667272 0.705166 0.456821 0.366007 0.419112 0.0737049 0.561023 0.35116 0.763583 0.310369 0.92867 0.0798266 0.633214 0.160821 0.73474 0.274662 0.104596 0.821885 0.368528 0.898606 0.332964 0.378753 0.890475 0.970436 0.250686 0.53937 0.00933989 0.46942 0.120609 0.402015 0.584811 0.787881 0.10718 0.0416329 0.153888 0.526292 0.115338 0.714911 0.877452 0.87892 0.0252803 0.806122 0.958747 0.658494 0.966943 0.693487 
3 9 10 6 1 0 
0.848336 0.680437 0.86062 0.818771 0.931123 0.39999 0.828111 0.400543 0.520599 0.230126 0.985355 0.30848 0.337306 0.0269875 0.462368 0.863598 0.142325 0.177279 0.741051 0.0212457 0.202559 0.547173 0.979993 0.861053 0.514116 0.67348 0.794209 0.585655 0.188851 0.0958926 0.555799 0.0371871 0.776329 0.416419 0.855958 0.707453 0.816409 0.68407 0.107996 0.337007 0.914196 0.0933503 0.645487 0.251502 0.120338 0.107855 0.1151 0.262663 0.285134 0.856151 0.283909 0.487693 0.403324 0.263902 0.348746 0.917439 0.937381 0.142955 0.503094 0.126233 0.238848 0.0588938 0.16342 0.0151769 
4 7 6 3 9 2 
0.628729 0.617643 0.923975 0.274216 0.869145 0.0443132 0.382071 0.984245 0.306976 0.667205 0.840396 0.590885 0.154898 0.24372 0.854787 0.503644 0.161159 0.792168 0.646599 0.664254 0.918401 0.885447 0.723147 0.0818202 0.900623 0.19846 0.101198 0.623253 0.490182 0.804646 0.453878 0.118911 0.42229 0.377853 0.393128 0.291435 0.422167 0.775199 0.27568 0.729143 0.442404 0.116077 0.320028 0.597302 0.359796 0.174814 0.100946 0.520956 0.966982 0.747545 0.185209 0.885383 0.632992 0.908357 0.967203 0.533615 0.106817 0.0684014 0.156868 0.596999 0.873048 0.610746 0.71591 0.295337 
5 6 3 8 7 1 
0.862452 0.139909 0.326641 0.978529 0.459937 0.923943 0.338325 0.634751 0.0248896 0.859281 0.601734 0.772435 0.0444903 0.487116 0.405427 0.952847 0.45432 0.939042 0.0596639 0.522721 0.0959106 0.656663 0.395769 0.706657 0.372573 0.691106 0.695257 0.481611 0.277878 0.106023 0.365848 0.14033 0.245932 0.69249 0.118859 0.70587 0.616433 0.457185 0.340621 0.641323 0.316466 0.942354 0.413758 0.360956 0.429471 0.819184 0.313803 0.88379 0.758227 0.373467 0.406511 0.854137 0.0301298 0.80228 0.560794 0.402703 0.493386 0.256051 0.884314 0.771264 0.362074 0.250163 0.911594 0.608007 
6 8 10 2 3 5 
0.165059 0.0263228 0.43335 0.478862 0.910113 0.191577 0.852329 0.316625 0.045714 0.882459 0.118905 0.606508 0.285162 0.61229 0.86256 0.169476 0.383554 0.224634 0.419639 0.295148 0.832641 0.362291 0.325601 0.146517 0.921376 0.813239 0.801015 0.121784 0.617342 0.397867 0.73595 0.782402 0.424189 0.169299 0.261264 0.334303 0.360876 0.113593 0.650927 0.40659 0.996052 0.769832 0.0130984 0.281214 0.382122 0.875658 0.450691 0.765676 0.100292 0.87033 0.0608235 0.932933 0.232621 0.386424 0.0794506 0.153997 0.199663 0.880465 0.275782 0.817005 0.278332 0.0117311 0.599407 0.702522 
7 4 2 1 6 9 
0.948497 0.970317 0.457583 0.961595 0.251531 0.839706 0.837253 0.702222 0.605381 0.937545 0.572551 0.666205 0.870478 0.805172 0.0526292 0.949929 0.959169 0.252292 0.830394 0.234951 0.0692975 0.108726 0.246682 0.668704 0.811248 0.427712 0.529376 0.848072 0.969619 0.50364 0.535824 0.918116 0.473957 0.993407 0.879711 0.725488 0.833113 0.716964 0.42771 0.438494 0.654509 0.000260646 0.104699 0.524988 0.805433 0.157328 0.474916 0.764602 0.409621 0.305311 0.999552 0.478918 0.414037 0.246234 0.147623 0.225285 0.673946 0.676998 0.0733569 0.643565 0.180638 0.609181 0.561681 0.654595 
8 6 3 0 1 5 
0.874195 0.812865 0.808053 0.978894 0.337853 0.613486 0.136222 0.812769 0.378088 0.545843 0.11808 0.37764 0.024761 0.532117 0.623874 0.172384 0.757402 0.29782 0.849382 0.830759 0.941386 0.0300203 0.439939 0.503067 0.684616 0.0425271 0.944459 0.0646988 0.478228 0.102815 0.872492 0.352422 0.91568 0.680545 0.331316 0.253533 0.294031 0.467538 0.0663029 0.672119 0.0133811 0.184383 0.0497584 0.0381421 0.7165 0.673632 0.210526 0.473902 0.971452 0.0599075 0.304661 0.912838 0.0899278 0.744601 0.415905 0.774543 0.787128 0.360363 0.839242 0.265355 0.463178 0.711734 0.617777 0.378859 
9 5 4 0 10 8 
0.883078 0.408187 0.468155 0.599578 0.0818192 0.67868 0.0734806 0.0532716 0.738588 0.378142 0.966109 0.828516 0.122742 0.382014 0.603059 0.90987 0.742377 0.442301 0.175225 0.205555 0.154035 0.793003 0.584414 0.546314 0.742096 0.216806 0.232624 0.158727 0.915502 0.591052 0.58874 0.79858 0.999239 0.0568946 0.398158 0.0810587 0.735575 0.471639 0.13433 0.474163 0.84978 0.10044 0.302678 0.972523 0.482454 0.905737 0.882393 0.224831 0.348038 0.0576181 0.430386 0.502073 0.850621 0.0148005 0.0483872 0.592717 0.231607 0.281011 0.751444 0.147109 0.872063 0.340184 0.945688 0.871303 
10 7 5 4 9 8 
0.187132 0.909495 0.637788 0.669585 0.815232 0.520181 0.894416 0.16327 0.577799 0.324802 0.665344 0.42842 0.339603 0.713731 0.0211364 0.57121 0.994742 0.772581 0.718318 0.866805 0.112765 0.664006 0.738108 0.509843 0.00785268 0.69047 0.642497 0.823338 0.777162 0.249313 0.488603 0.964293 0.158808 0.126391 0.633878 0.97404 0.646572 0.528294 0.13731 0.224371 0.853096 0.802654 0.652791 0.192699 0.516385 0.673927 0.763908 0.511127 0.446508 0.482226 0.377932 0.559273 0.146233 0.11604 0.069116 0.154085 0.80651 0.711613 0.977423 0.583672 0.960926 0.466026 0.547965 0.119734 
