41 6
0 1 1 1 1 0 1 0 0 1 1 1 0 0 0 1 0 1 0 1 1 0 0 1 1 0 1 0 0 1 1 1 1 1 1 0 1 1 1 0 0 
0 3 14 16 37 40 
0.89056 0.530962 0.735677 0.116602 0.70137 0.609868 0.240863 0.647783 0.113166 0.0950838 0.281159 0.52531 0.804228 0.581356 0.0144942 0.993848 0.56686 0.378582 0.60617 0.452571 0.846994 0.275536 0.919948 0.448236 0.0223976 0.82688 0.623951 0.816612 0.440554 0.0144374 0.0320534 0.331113 0.5454 0.767731 0.447715 0.24677 0.377598 0.688578 0.894553 0.490765 0.783662 0.175711 0.0160748 0.58789 0.757067 0.030569 0.581738 0.323927 0.409151 0.187908 0.776498 0.256145 0.463444 0.696446 0.704381 0.485842 0.523326 0.328332 0.302453 0.96388 0.342769 0.334507 0.294993 0.888169 
1 2 3 30 12 31 
0.0294911 0.9706 0.214948 0.205202 0.986675 0.802838 0.962269 0.0172439 0.384576 0.286197 0.426395 0.572484 0.0626951 0.68254 0.0359281 0.759141 0.386921 0.52177 0.282468 0.715253 0.824223 0.246347 0.0580224 0.15873 0.541341 0.946191 0.260967 0.284049 0.0811298 0.740802 0.715335 0.110621 0.711402 0.930282 0.315823 0.698077 0.73312 0.278093 0.715321 0.117696 0.564289 0.141716 0.69018 0.626985 0.824257 0.726108 0.386126 0.211178 0.247878 0.668594 0.926431 0.0721011 0.914941 0.984453 0.230831 0.456282 0.930645 0.491798 0.74033 0.0117744 0.2326 0.455665 0.122395 0.944002 
2 17 3 23 37 35 
0.357401 0.236764 0.2806 0.499117 0.926944 0.907585 0.323374 0.653052 0.293711 0.534551 0.900931 0.962305 0.460982 0.973032 0.877246 0.445436 0.203862 0.333528 0.37608 0.69566 0.0738581 0.387855 0.92826 0.529523 0.51025 0.872262 0.91547 0.948469 0.514341 0.0345379 0.66478 0.871742 0.271302 0.94538 0.370859 0.198246 0.852965 0.694232 0.851298 0.146676 0.228784 0.752229 0.108981 0.689766 0.725261 0.986227 0.135202 0.929123 0.319754 0.511282 0.624783 0.393612 0.899137 0.553043 0.923135 0.409387 0.425305 0.838606 0.357855 0.939646 0.873144 0.0226351 0.811388 0.144445 
3 14 0 29 5 33 
0.967656 0.105263 0.946218 0.0766372 0.795029 0.671479 0.0628639 0.93023 0.600602 0.382618 0.441513 0.225385 0.776231 0.34065 0.778427 0.699366 0.750036 0.203732 0.537972 0.107892 0.143378 0.411116 0.130527 0.954766 0.555561 0.0985422 0.137012 0.898253 0.919522 0.0134913 0.0922419 0.887179 0.118754 0.0384601 0.963816 0.913783 0.709939 0.02668 0.844013 0.31054 0.409298 0.285526 0.535925 0.185529 0.626175 0.314352 0.884895 0.376212 0.518084 0.422867 0.484104 0.661462 0.833983 0.614631 0.616228 0.389545 0.713173 0.753241 0.287797 0.632696 0.766732 0.380039 0.519874 0.885486 
4 7 31 0 25 29 
0.643282 0.438978 0.919669 0.928807 0.974903 0.105198 0.554983 0.289256 0.990093 0.931194 0.80734 0.41296 0.415298 0.468803 0.246943 0.0299289 0.0850309 0.636488 0.743102 0.838272 0.924285 0.375797 0.605003 0.304324 0.895672 0.490489 0.722823 0.379362 0.289758 0.851261 0.889732 0.933039 0.290239 0.809401 0.861847 0.265143 0.914599 0.416829 0.554398 0.904692 0.348023 0.361739 0.317652 0.763322 0.830541 0.564595 0.79325 0.915572 0.201083 0.536352 0.753844 0.125368 0.91215 0.358847 0.429692 0.807821 0.849336 0.152516 0.187184 0.139094 0.00377644 0.0769161 0.0721335 0.294016 
5 23 20 29 13 19 
0.113557 0.705608 0.698833 0.475295 0.0232595 0.462154 0.305836 0.587855 0.255404 0.221409 0.788938 0.791757 0.975252 0.914307 0.703906 0.3341 0.343999 0.511728 0.183436 0.496515 0.698912 0.32253 0.500291 0.775828 0.394664 0.794307 0.662145 0.328644 0.353465 0.463061 0.679453 0.467021 0.168668 0.378286 0.942317 0.191928 0.84044 0.248153 0.779783 0.0958444 0.469562 0.568721 0.887601 0.444814 0.483028 0.591508 0.778914 0.827027 0.103236 0.96235 0.323541 0.802147 0.28488 0.823832 0.577975 0.679544 0.618139 0.240119 0.00818829 0.971604 0.70318 0.687641 0.438625 0.871849 
6 31 33 37 35 18 
0.00221148 0.0986568 0.41228 0.889813 0.543471 0.895308 0.48132 0.322385 0.722335 0.584556 0.284735 0.045876 0.386703 0.569615 0.869708 0.964678 0.24916 0.487848 0.204797 0.257348 0.459452 0.907977 0.944989 0.898077 0.779826 0.0109166 0.279019 0.843602 0.917284 0.908114 0.687161 0.919495 0.0067706 0.0994416 0.809308 0.550242 0.99475 0.290628 0.872626 0.717084 0.875184 0.157361 0.76296 0.261887 0.726977 0.632669 0.226564 0.976136 0.120516 0.431362 0.233484 0.579968 0.339339 0.178473 0.478045 0.119165 0.18939 0.757064 0.962767 0.106674 0.665177 0.649928 0.0261688 0.671948 
7 11 26 36 0 18 
0.094816 0.461204 0.00128859 0.252177 0.224164 0.263175 0.979154 0.856833 0.48974 0.95529 0.977349 0.921101 0.188774 0.557317 0.26044 0.367248 0.0353614 0.379605 0.556638 0.792425 0.342372 0.663312 0.457602 0.9923 0.689481 0.12955 0.74167 0.524957 0.35174 0.485789 0.651062 0.446556 0.946993 0.65235 0.698733 0.171157 0.915526 0.677887 0.0279893 0.405266 0.633177 0.00533824 0.326367 0.821952 0.562655 0.586808 0.1892 0.598016 0.966412 0.745838 0.390441 0.308784 0.40915 0.848043 0.301084 0.0986301 0.977594 0.0427537 0.623587 0.329333 0.528543 0.274649 0.775889 0.475536 
8 9 34 0 32 19 
0.674682 0.247791 0.785687 0.68002 0.574158 0.607639 0.242675 0.160966 0.796839 0.840691 0.127378 0.542676 0.231132 0.436162 0.951826 0.0791759 0.737246 0.0504562 0.0567696 0.78 0.674043 0.386103 0.308543 0.948693 0.161992 0.784079 0.875692 0.636614 0.430771 0.718218 0.789123 0.105453 0.966009 0.57481 0.785473 0.540167 0.182449 0.0281479 0.701133 0.979287 0.868839 0.828512 0.521964 0.0999716 0.264674 0.47379 0.179148 0.00192055 0.524246 0.235917 0.781921 0.198289 0.62202 0.0904638 0.146982 0.784012 0.874543 0.0226742 0.420626 0.305314 0.740892 0.20975 0.410767 0.706901 
9 11 37 34 23 29 
0.948201 0.946296 0.0932267 0.776713 0.46826 0.193198 0.0413868 0.942049 0.372346 0.0433074 0.466295 0.608263 0.825228 0.664585 0.230283 0.915692 0.811567 0.0142952 0.790234 0.834241 0.434921 0.0955483 0.575133 0.644671 0.506315 0.282033 0.42923 0.702555 0.529101 0.396239 0.926942 0.477302 0.342535 0.020169 0.254015 0.810794 0.213367 0.295402 0.752844 0.585713 0.338709 0.219139 0.193976 0.163937 0.883724 0.42426 0.0796293 0.695291 0.438555 0.869864 0.529532 0.873476 0.965412 0.104665 0.518147 0.471727 0.386699 0.947378 0.174282 0.9158 0.343617 0.101224 0.393103 0.686151 
10 18 36 6 34 35 
0.24979 0.920474 0.281229 0.468929 0.11445 0.445166 0.352653 0.53871 0.524796 0.0479448 0.977265 0.39466 0.577477 0.850741 0.360072 0.682143 0.368888 0.831799 0.0688414 0.316266 0.00608079 0.984642 0.659882 0.107305 0.377744 0.346034 0.228698 0.0248618 0.842979 0.563459 0.967381 0.0927691 0.483933 0.24861 0.561698 0.598383 0.693777 0.914352 0.137093 0.218573 0.962296 0.114358 0.613232 0.539774 0.965099 0.973304 0.221916 0.333988 0.805103 0.290758 0.650253 0.811184 0.275399 0.310135 0.918489 0.653144 0.656169 0.147187 0.678005 0.499148 0.710646 0.645387 0.591917 0.194578 
11 22 29 14 23 33 
0.930055 0.806347 0.0302638 0.044413 0.419579 0.570038 0.00951236 0.392883 0.791954 0.3435 0.197986 0.0827115 0.993753 0.00916912 0.358111 0.303889 0.927658 0.0112543 0.960058 0.0748445 0.68926 0.459206 0.78549 0.334647 0.0511233 0.980068 0.228644 0.204739 0.77303 0.816418 0.272706 0.703085 0.622764 0.30297 0.747498 0.0423433 0.873008 0.75701 0.435226 0.664961 0.10051 0.633212 0.747673 0.094263 0.642381 0.105784 0.398152 0.570038 0.117038 0.358209 0.644883 0.806298 0.817415 0.430373 0.140944 0.868538 0.410441 0.369588 0.0732771 0.183471 0.186006 0.345983 0.886556 0.80877 
12 5 11 21 26 16 
0.186922 0.491573 0.919551 0.934595 0.585836 0.561932 0.040379 0.983988 0.13197 0.157417 0.342197 0.776853 0.963715 0.159612 0.207226 0.104659 0.0281502 0.617667 0.474247 0.101427 0.801138 0.660253 0.447411 0.687694 0.469023 0.0963642 0.321748 0.320137 0.618325 0.712811 0.606477 0.805248 0.204384 0.526028 0.739843 0.79022 0.0879598 0.780222 0.774208 0.21993 0.937639 0.116405 0.996783 0.901354 0.276017 0.20401 0.00601282 0.304167 0.821677 0.48026 0.405595 0.622815 0.140513 0.853006 0.31051 0.609536 0.94937 0.632257 0.929673 0.567695 0.345068 0.53615 0.372943 0.549452 
13 33 6 4 11 18 
0.113881 0.370067 0.830646 0.230286 0.366851 0.732 0.506304 0.570861 0.738013 0.810471 0.392538 0.218273 0.216066 0.015353 0.358786 0.0690714 0.325863 0.968322 0.0184412 0.95812 0.897995 0.586136 0.303188 0.434144 0.959079 0.852641 0.496322 0.0718642 0.192313 0.646459 0.964871 0.306195 0.0165263 0.795518 0.536481 0.383377 0.527518 0.0427845 0.954238 0.26553 0.853256 0.346775 0.483803 0.0693214 0.362128 0.842589 0.138393 0.687991 0.81091 0.156834 0.646111 0.708905 0.74297 0.949299 0.143049 0.702049 0.80194 0.639371 0.773913 0.994253 0.28583 0.738784 0.300448 0.302356 
14 2 10 25 21 33 
0.639971 0.32735 0.732969 0.986746 0.811153 0.80229 0.348874 0.653742 0.940683 0.036865 0.464652 0.0975167 0.682976 0.173557 0.840487 0.632275 0.316606 0.542536 0.434214 0.955977 0.316449 0.428468 0.241807 0.0552332 0.728915 0.544163 0.589535 0.565844 0.229896 0.651355 0.445557 0.869867 0.978705 0.178525 0.856613 0.789858 0.980815 0.205487 0.4436 0.921498 0.242352 0.908252 0.0190145 0.925328 0.0818092 0.859501 0.557602 0.398415 0.402037 0.991817 0.354392 0.718486 0.420284 0.596199 0.773719 0.149199 0.140362 0.363254 0.715043 0.370258 0.0146097 0.1606 0.240124 0.993315 
15 22 1 6 17 9 
0.226774 0.241438 0.544575 0.135026 0.260452 0.469903 0.216835 0.119954 0.0275051 0.61525 0.521991 0.019322 0.969643 0.240476 0.439606 0.565842 0.0141955 0.588806 0.706204 0.37745 0.303849 0.0764613 0.39206 0.464448 0.316585 0.385375 0.803573 0.413322 0.168548 0.123513 0.715546 0.395322 0.364951 0.260121 0.530347 0.625403 0.730023 0.747182 0.745356 0.757529 0.362433 0.267347 0.776851 0.332076 0.507823 0.216457 0.897917 0.522019 0.805263 0.604121 0.899469 0.109111 0.680582 0.291529 0.57356 0.997168 0.676903 0.377133 0.41049 0.845451 0.500646 0.126035 0.240773 0.865597 
16 27 31 34 2 3 
0.236356 0.873708 0.880735 0.503704 0.650559 0.212811 0.0115269 0.867016 0.110728 0.533546 0.672278 0.714849 0.433015 0.78139 0.395432 0.724544 0.35495 0.392599 0.401447 0.732083 0.803089 0.246898 0.232729 0.929125 0.487671 0.0983265 0.315281 0.258791 0.589327 0.431461 0.777094 0.825683 0.305169 0.657829 0.329387 0.955727 0.87064 0.340914 0.822743 0.981368 0.874459 0.495021 0.696217 0.307474 0.276411 0.0916488 0.0320181 0.63136 0.484248 0.433465 0.363443 0.287338 0.680363 0.596173 0.216462 0.168035 0.694499 0.531743 0.426826 0.283826 0.963204 0.20392 0.109509 0.268373 
17 37 2 20 33 38 
0.0468432 0.713756 0.654268 0.541864 0.409973 0.961743 0.818275 0.501622 0.993761 0.449635 0.98587 0.427226 0.813079 0.273208 0.107589 0.409251 0.48967 0.275624 0.10375 0.0214138 0.702449 0.387576 0.984618 0.906369 0.497084 0.252991 0.768118 0.93598 0.477091 0.500506 0.715788 0.523934 0.214262 0.370057 0.0657985 0.624235 0.331799 0.884073 0.125857 0.32556 0.333709 0.111728 0.752786 0.146787 0.384936 0.860375 0.556039 0.874606 0.135998 0.659789 0.89602 0.838448 0.0473644 0.880638 0.744817 0.544449 0.133628 0.512934 0.480428 0.610719 0.0134403 0.196217 0.134654 0.227702 
18 17 28 26 22 11 
0.977795 0.223633 0.418234 0.0895228 0.976418 0.565022 0.474458 0.836793 0.12106 0.349064 0.972791 0.780849 0.245084 0.811239 0.828213 0.125722 0.556056 0.372662 0.25935 0.0689904 0.853091 0.87007 0.0824307 0.0493076 0.00472333 0.310133 0.615581 0.205175 0.162071 0.513654 0.289701 0.139866 0.737286 0.707935 0.229389 0.713704 0.272957 0.703847 0.550497 0.394017 0.0529115 0.523289 0.174866 0.297996 0.334528 0.00307978 0.423718 0.890584 0.375742 0.683068 0.959574 0.228833 0.553138 0.0420047 0.27814 0.557861 0.352138 0.893721 0.763037 0.514208 0.407375 0.0527376 0.654074 0.144661 
19 10 1 31 7 29 
0.408863 0.427647 0.640221 0.932152 0.602513 0.938217 0.266679 0.605593 0.361935 0.157263 0.981335 0.045003 0.116837 0.210168 0.598141 0.158842 0.488308 0.156002 0.510979 0.38203 0.919039 0.0251878 0.789405 0.971777 0.679262 0.934067 0.732449 0.562725 0.792432 0.766079 0.150035 0.201295 0.193726 0.790256 0.133447 0.796239 0.728473 0.400126 0.401833 0.0904075 0.557389 0.383168 0.135411 0.674226 0.593336 0.733552 0.833067 0.0816443 0.889554 0.344047 0.463674 0.808593 0.369234 0.253079 0.78037 0.0484964 0.187146 0.512819 0.611221 0.979578 0.278898 0.761256 0.180874 0.472624 
20 4 40 30 1 13 
0.670696 0.370392 0.271836 0.0538641 0.505802 0.946062 0.6472 0.239354 0.779129 0.728844 0.128908 0.123176 0.192519 0.937501 0.49241 0.445598 0.71787 0.540907 0.632744 0.230689 0.152128 0.612323 0.509587 0.913384 0.793197 0.982211 0.464895 0.107518 0.251075 0.744879 0.821965 0.921771 0.115271 0.0938008 0.975635 0.621073 0.0398628 0.622835 0.860427 0.818992 0.35168 0.989334 0.942168 0.544198 0.926835 0.434579 0.989796 0.644705 0.975486 0.622541 0.875394 0.127614 0.234863 0.384981 0.0409975 0.0280599 0.367192 0.505893 0.135577 0.618267 0.250772 0.957542 0.540039 0.366043 
21 28 25 24 0 16 
0.910198 0.490189 0.836878 0.852366 0.0343872 0.763713 0.286945 0.0241836 0.408418 0.26243 0.646724 0.283812 0.390044 0.881588 0.668793 0.431041 0.909647 0.0359853 0.936934 0.0452249 0.654253 0.187706 0.00276703 0.194291 0.55375 0.05411 0.709965 0.540866 0.145316 0.848474 0.388409 0.0555137 0.338663 0.225287 0.90788 0.373051 0.989 0.194825 0.397234 0.397417 0.457255 0.0439584 0.681229 0.847299 0.925546 0.350022 0.278341 0.835193 0.386007 0.215275 0.880418 0.0402597 0.402981 0.883185 0.234551 0.956731 0.937295 0.944516 0.497597 0.0826111 0.792991 0.886006 0.138125 0.131654 
22 6 16 1 33 9 
0.901939 0.49771 0.698085 0.945897 0.178939 0.545384 0.871443 0.52896 0.823724 0.706636 0.914967 0.038999 0.587055 0.955227 0.44198 0.47024 0.189778 0.398711 0.407535 0.134294 0.896308 0.490146 0.927285 0.782314 0.628271 0.0589391 0.893608 0.674276 0.563644 0.9939 0.915105 0.465582 0.49161 0.61319 0.411479 0.670549 0.158573 0.282922 0.19951 0.982298 0.989559 0.114477 0.0212966 0.576613 0.0697043 0.463277 0.0468532 0.259482 0.861988 0.454388 0.393777 0.758296 0.944535 0.321062 0.54061 0.572806 0.380001 0.434218 0.247082 0.943645 0.428119 0.162187 0.409227 0.919729 
23 34 32 19 26 36 
0.789788 0.916248 0.0931872 0.904265 0.937544 0.6698 0.973969 0.400821 0.716654 0.233452 0.262809 0.171042 0.627229 0.0211051 0.115577 0.94829 0.561716 0.688383 0.328291 0.995934 0.935465 0.271936 0.424052 0.0976515 0.681163 0.343781 0.873028 0.501869 0.93406 0.806978 0.605498 0.723848 0.723226 0.698685 0.628113 0.66077 0.368485 0.602082 0.0615915 0.0851388 0.835534 0.324401 0.256181 0.462762 0.345506 0.371758 0.411053 0.907221 0.0601408 0.739344 0.903155 0.995605 0.0112802 0.327207 0.0932569 0.692443 0.670989 0.966285 0.194312 0.605048 0.773264 0.79981 0.328896 0.49649 
24 40 36 14 37 23 
0.218852 0.952118 0.394624 0.543252 0.208299 0.857386 0.888758 0.580057 0.268439 0.795979 0.640198 0.00778353 0.699134 0.635803 0.0190637 0.0263413 0.72906 0.711507 0.69733 0.695346 0.905819 0.302379 0.468609 0.705628 0.631275 0.965099 0.204122 0.588283 0.122359 0.0711018 0.147374 0.341211 0.0232201 0.541998 0.884463 0.231519 0.399384 0.773221 0.811577 0.667823 0.5692 0.451775 0.675607 0.268334 0.087578 0.694671 0.294675 0.816638 0.406177 0.992005 0.511984 0.311996 0.294384 0.980593 0.0176243 0.925658 0.945692 0.221747 0.513941 0.0680516 0.292849 0.661315 0.409263 0.316069 
25 13 12 26 1 35 
0.359165 0.27052 0.636147 0.810939 0.946127 0.904481 0.898517 0.640798 0.199156 0.715156 0.0469754 0.191161 0.22714 0.358971 0.485545 0.207733 0.376596 0.411203 0.153425 0.598342 0.925145 0.221477 0.891191 0.58646 0.630739 0.20726 0.789772 0.924465 0.754848 0.392469 0.991412 0.114012 0.662989 0.627558 0.924951 0.609117 0.532039 0.823469 0.249915 0.731195 0.538624 0.29689 0.922356 0.765764 0.655862 0.407901 0.973497 0.0324573 0.819104 0.126922 0.6308 0.744249 0.348399 0.521991 0.330708 0.979138 0.729251 0.120481 0.903603 0.484098 0.51295 0.895015 0.59811 0.175939 
26 14 5 23 29 24 
0.0349704 0.785807 0.885155 0.33186 0.708163 0.650919 0.987722 0.116063 0.624415 0.0201794 0.935168 0.751337 0.650979 0.679416 0.0997359 0.17297 0.0101248 0.0788738 0.902221 0.130605 0.982477 0.386319 0.643555 0.877491 0.984429 0.819494 0.400064 0.507491 0.60455 0.454676 0.854021 0.63952 0.240482 0.739176 0.971381 0.948645 0.390095 0.959103 0.0647084 0.0145098 0.979282 0.999876 0.765847 0.630261 0.679292 0.865583 0.803231 0.689417 0.944457 0.705452 0.820022 0.926933 0.0917705 0.463578 0.804425 0.0761996 0.283072 0.204489 0.583691 0.887622 0.659165 0.437712 0.527142 0.899647 
27 20 13 19 34 18 
0.913 0.581492 0.436907 0.912876 0.347339 0.0671685 0.592168 0.212922 0.8704 0.281586 0.157379 0.575852 0.101608 0.084312 0.667622 0.565186 0.888737 0.743822 0.848257 0.0932252 0.327512 0.735879 0.75239 0.765224 0.26302 0.652037 0.942112 0.761543 0.500329 0.509094 0.219168 0.413329 0.0905864 0.656075 0.326205 0.437926 0.723244 0.918374 0.650847 0.593643 0.199959 0.808226 0.169495 0.301567 0.892538 0.837117 0.866753 0.781275 0.580938 0.71501 0.8745 0.90845 0.450889 0.62689 0.673674 0.713909 0.278926 0.615786 0.475452 0.779255 0.12488 0.69462 0.192584 0.215467 
28 34 4 14 0 25 
0.667582 0.637122 0.112466 0.837077 0.938689 0.00500388 0.674194 0.805442 0.786278 0.255132 0.520452 0.660778 0.163583 0.97134 0.287668 0.837257 0.685249 0.566594 0.453043 0.160701 0.345849 0.577924 0.855321 0.538433 0.79339 0.206016 0.0572216 0.446783 0.279955 0.494384 0.751022 0.947537 0.131506 0.863488 0.784614 0.0701948 0.868492 0.458808 0.875636 0.654771 0.71394 0.396088 0.315549 0.877523 0.367428 0.603217 0.71478 0.0526778 0.169811 0.167823 0.213379 0.515659 0.745746 0.0687006 0.054092 0.539137 0.274717 0.111314 0.985919 0.554672 0.605698 0.736942 0.502209 0.737204 
29 0 2 17 40 35 
0.123693 0.459571 0.079123 0.439242 0.337094 0.446551 0.0424583 0.0518736 0.499229 0.212269 0.219696 0.712608 0.727928 0.965443 0.781309 0.78202 0.504579 0.0560261 0.893334 0.490499 0.610698 0.499032 0.22744 0.112908 0.236235 0.827871 0.399731 0.0436336 0.296793 0.145363 0.726668 0.420486 0.604934 0.805791 0.859727 0.942028 0.252343 0.902186 0.993902 0.751572 0.114454 0.213598 0.464181 0.842383 0.179041 0.24549 0.624403 0.68362 0.301516 0.517737 0.174119 0.912214 0.0167682 0.401559 0.0251219 0.253003 0.22943 0.424853 0.296637 0.526222 0.570216 0.0233053 0.946708 0.17515 
30 12 26 6 9 37 
0.11108 0.833012 0.823076 0.324678 0.297192 0.665458 0.503719 0.542682 0.289861 0.187339 0.844198 0.807598 0.361458 0.756412 0.824366 0.763017 0.781534 0.0773693 0.992446 0.206387 0.374006 0.518669 0.776603 0.397312 0.465377 0.951754 0.226408 0.271812 0.0689321 0.307848 0.980433 0.180012 0.14086 0.803509 0.504691 0.438052 0.468967 0.00840962 0.980734 0.758828 0.195749 0.824932 0.566426 0.557206 0.581343 0.390792 0.320223 0.362877 0.468161 0.312669 0.569264 0.842167 0.831337 0.345867 0.239479 0.296714 0.297621 0.465887 0.568526 0.366553 0.773735 0.548959 0.546565 0.914595 
31 25 37 4 1 38 
0.580262 0.255414 0.158313 0.146688 0.81262 0.739656 0.53748 0.132843 0.102533 0.0056405 0.445512 0.671797 0.847808 0.276849 0.0176647 0.0872861 0.573563 0.315286 0.553173 0.142089 0.681839 0.326908 0.691048 0.228404 0.241503 0.0435159 0.27966 0.59415 0.86495 0.339325 0.927531 0.445213 0.594739 0.0858432 0.591901 0.407359 0.825499 0.12938 0.540202 0.928032 0.135021 0.985714 0.59983 0.982828 0.262563 0.617495 0.0701145 0.836126 0.93278 0.623288 0.978216 0.614619 0.950195 0.669264 0.843022 0.191698 0.71278 0.122682 0.785848 0.57773 0.462007 0.713378 0.0229428 0.0567464 
32 13 2 7 34 16 
0.00430798 0.552753 0.879244 0.990022 0.152583 0.862073 0.252585 0.770077 0.932187 0.0887115 0.702858 0.555475 0.066927 0.317476 0.50567 0.736191 0.160499 0.697368 0.448971 0.283181 0.483216 0.0267006 0.745188 0.196594 0.0496434 0.801934 0.995816 0.664487 0.26604 0.620537 0.408711 0.270348 0.17329 0.287955 0.26037 0.325873 0.150028 0.512955 0.0959501 0.0822151 0.601666 0.798808 0.63769 0.668593 0.116284 0.14336 0.404784 0.276783 0.840729 0.853755 0.559963 0.323945 0.880455 0.305151 0.520539 0.930099 0.107085 0.516355 0.594586 0.373125 0.136892 0.00329605 0.643473 0.310182 
33 19 35 32 7 10 
0.732004 0.523494 0.0184641 0.530812 0.161184 0.687058 0.647096 0.304544 0.0918418 0.923878 0.145273 0.945597 0.483841 0.469217 0.826052 0.788992 0.989757 0.756151 0.896077 0.506112 0.350736 0.269202 0.643004 0.354032 0.912675 0.953185 0.645283 0.816518 0.589239 0.0865621 0.233316 0.321244 0.610056 0.25178 0.852056 0.77124 0.938837 0.499151 0.0757842 0.0306792 0.42303 0.221057 0.976276 0.906871 0.690274 0.802328 0.695864 0.680031 0.558478 0.591941 0.186143 0.909214 0.861144 0.829147 0.263246 0.773819 0.782332 0.90853 0.590337 0.371572 0.995092 0.823652 0.692815 0.605148 
34 40 38 0 11 26 
0.452172 0.0449488 0.467052 0.673229 0.0212245 0.373923 0.363503 0.823552 0.069787 0.0435347 0.38203 0.661728 0.229678 0.291245 0.522872 0.0588247 0.554491 0.29669 0.841157 0.46302 0.887027 0.212728 0.458112 0.71068 0.905544 0.0632599 0.786112 0.450415 0.439648 0.800382 0.494437 0.89182 0.84533 0.961489 0.565049 0.866555 0.335413 0.928552 0.690107 0.4052 0.972087 0.0721375 0.0669277 0.201765 0.363382 0.589799 0.26059 0.917873 0.88649 0.101746 0.380893 0.773517 0.314475 0.839006 0.484197 0.220019 0.902265 0.270309 0.670433 0.341913 0.0706906 0.16487 0.233733 0.916021 
35 9 30 3 14 19 
0.866972 0.699422 0.544821 0.933899 0.901187 0.908203 0.523699 0.161776 0.826076 0.410189 0.263523 0.206969 0.183706 0.577998 0.0459746 0.667903 0.798016 0.94824 0.938211 0.46845 0.290153 0.00890205 0.63332 0.523887 0.924923 0.75968 0.322669 0.707499 0.221452 0.0500035 0.180182 0.0884236 0.749425 0.725003 0.022323 0.650612 0.633206 0.546022 0.812388 0.459281 0.95621 0.0759105 0.666251 0.139916 0.653908 0.712225 0.807819 0.451924 0.660465 0.74603 0.920374 0.950619 0.754932 0.553694 0.474505 0.679855 0.313374 0.797174 0.387354 0.534826 0.847178 0.567537 0.62325 0.596603 
36 26 30 0 11 31 
0.385027 0.147805 0.135513 0.0512777 0.287721 0.789421 0.763503 0.0955395 0.241345 0.423968 0.84157 0.16172 0.374587 0.596502 0.715414 0.849092 0.276357 0.0287883 0.646267 0.663712 0.563615 0.493444 0.231248 0.186864 0.0900471 0.523788 0.832437 0.337262 0.449534 0.0240318 0.396864 0.834561 0.171837 0.532377 0.885839 0.459558 0.321798 0.649341 0.555097 0.563143 0.0733096 0.396667 0.724863 0.447896 0.993169 0.440277 0.296989 0.269526 0.469065 0.943255 0.933237 0.0326796 0.436699 0.164486 0.219544 0.526747 0.688274 0.0519813 0.864008 0.137808 0.076013 0.260872 0.972369 0.24785 
37 11 0 18 32 5 
0.262504 0.67819 0.580858 0.659171 0.403053 0.0287546 0.65234 0.843329 0.325743 0.921865 0.312394 0.268999 0.855102 0.345074 0.705698 0.019588 0.564618 0.232445 0.707862 0.616599 0.0964529 0.845669 0.692612 0.357325 0.818038 0.940462 0.150574 0.676245 0.647869 0.265621 0.183794 0.910374 0.943811 0.764652 0.569545 0.346864 0.793406 0.221884 0.190193 0.11915 0.143749 0.502588 0.388148 0.998852 0.847662 0.0938464 0.0184399 0.41228 0.326291 0.726302 0.0288792 0.422744 0.571971 0.721492 0.780069 0.390009 0.661954 0.930643 0.0662536 0.309823 0.196264 0.250047 0.220197 0.140075 
38 29 30 4 9 39 
0.677132 0.927255 0.155375 0.17972 0.315403 0.154227 0.0273813 0.40925 0.172667 0.439661 0.735541 0.898969 0.46854 0.158285 0.470939 0.190032 0.938354 0.860948 0.851986 0.868997 0.927202 0.161809 0.0652615 0.177249 0.382006 0.205337 0.191947 0.171747 0.692276 5.27278e-05 0.183373 0.369408 0.927308 0.338748 0.549127 0.242711 0.492975 0.576509 0.651961 0.665642 0.0161696 0.387502 0.564611 0.48471 0.545787 0.0355499 0.674742 0.484141 0.896498 0.526727 0.353138 0.823699 0.688536 0.418399 0.000948009 0.0705416 0.623736 0.192896 0.242289 0.316012 0.192948 0.425661 0.685419 0.120256 
39 22 0 40 37 8 
0.0149277 0.923027 0.827225 0.402429 0.487637 0.311935 0.948216 0.523187 0.986676 0.432357 0.419685 0.513404 0.785494 0.243384 0.20194 0.203894 0.244332 0.272481 0.82763 0.437228 0.51477 0.143641 0.630176 0.940432 0.829061 0.750432 0.704841 0.0636073 0.113399 0.962225 0.874663 0.128327 0.885252 0.701887 0.530756 0.372889 0.013822 0.478972 0.896076 0.000498392 0.911329 0.315761 0.513902 0.696823 0.559145 0.715842 0.900716 0.803477 0.988323 0.728346 0.240705 0.503093 0.871987 0.870881 0.443525 0.701048 0.621313 0.148366 0.764655 0.734712 0.110591 0.639318 0.863038 0.995843 
40 2 34 11 14 8 
0.264808 0.355525 0.784095 0.580569 0.869427 0.480918 0.139714 0.585269 0.381634 0.943192 0.573592 0.10998 0.183897 0.0766858 0.981967 0.0547778 0.520211 0.683015 0.676091 0.668577 0.44767 0.410803 0.779168 0.0869876 0.273841 0.775011 0.428192 0.667635 0.143743 0.783219 0.540402 0.408552 0.138745 0.324497 0.989121 0.00817215 0.805415 0.128835 0.593441 0.187049 0.0720267 0.167034 0.297029 0.255923 0.24372 0.278996 0.310701 0.76393 0.962011 0.986792 0.432507 0.409681 0.397594 0.211675 0.496669 0.671435 0.986686 0.924861 0.339071 0.130429 0.708081 0.879472 0.538981 0.846826 
