600 3
1 0 0 0 1 1 0 0 1 1 0 1 0 0 1 1 0 0 1 0 0 1 1 0 0 0 1 0 1 0 1 1 0 0 1 0 1 0 1 1 0 1 1 1 0 1 1 1 0 1 0 1 1 1 1 0 0 1 1 1 1 0 1 0 1 1 1 1 0 0 1 1 0 0 1 1 0 1 1 0 0 1 0 0 1 0 0 0 1 0 0 1 1 1 0 0 1 0 0 1 1 1 1 0 0 0 0 1 0 1 0 1 1 0 1 1 1 0 0 1 1 0 1 0 0 0 1 0 0 0 0 0 0 1 0 1 0 1 0 1 1 1 0 1 0 0 1 1 1 1 1 1 0 0 0 1 1 0 0 0 0 0 0 1 0 1 0 1 1 1 1 0 1 0 0 1 1 1 1 1 1 1 0 0 0 1 0 1 1 1 0 0 0 1 0 1 1 1 1 0 1 0 1 0 1 0 0 0 0 0 0 0 0 1 1 0 0 0 0 0 1 1 1 0 0 0 1 0 1 1 1 1 0 1 0 1 1 1 0 0 0 1 0 0 0 0 1 1 0 0 0 0 0 0 1 1 1 1 1 1 0 1 0 1 0 1 1 0 0 0 1 1 1 0 0 0 0 0 0 1 1 1 0 1 0 0 1 0 1 1 1 0 0 0 0 1 0 1 0 1 0 0 0 0 0 1 1 1 1 0 1 1 0 0 1 1 1 0 1 1 0 1 0 1 0 0 1 1 0 0 0 1 0 1 1 1 1 1 1 1 1 1 0 0 0 0 1 0 1 1 1 1 1 0 1 0 1 0 0 0 1 1 1 0 1 1 0 0 1 0 0 1 0 1 1 1 1 1 1 1 1 1 1 1 0 0 0 1 1 1 0 1 0 0 1 0 0 0 1 1 0 1 1 1 1 1 0 1 1 0 0 1 0 0 1 1 1 0 1 1 1 1 0 0 0 0 1 0 1 0 0 0 0 0 1 0 1 0 1 1 1 0 0 0 1 0 0 0 0 1 0 0 1 1 1 0 0 1 1 1 0 0 0 1 0 0 1 0 1 1 0 1 0 1 0 0 1 0 1 0 0 1 1 0 1 1 1 1 1 0 1 1 1 0 1 0 0 1 1 0 1 1 1 0 1 0 0 1 1 0 0 0 0 0 1 1 0 0 1 1 1 1 1 1 0 1 1 1 0 1 1 0 1 1 0 0 0 1 0 1 0 0 0 0 1 1 0 1 0 0 1 0 0 1 0 1 1 0 0 0 1 0 0 1 0 1 0 1 1 0 1 0 1 1 1 1 1 0 1 0 1 1 1 0 1 0 1 0 0 0 1 0 1 0 0 0 0 0 0 0 
0 288 362 
0.818225 0.350617 0.0349395 0.681905 0.60425 0.0778238 0.128135 0.397523 
1 479 235 
0.693049 0.725504 0.987416 0.312219 0.817386 0.339728 0.259729 0.586052 
2 266 473 
0.113804 0.804277 0.131239 0.809701 0.255075 0.0804867 0.435591 0.867509 
3 310 443 
0.671406 0.98495 0.643072 0.706346 0.666855 0.247322 0.78417 0.79499 
4 90 29 
0.55291 0.337893 0.102094 0.540326 0.650112 0.919481 0.880054 0.909841 
5 110 85 
0.377429 0.619337 0.178592 0.508668 0.429038 0.433667 0.589155 0.864629 
6 290 562 
0.157085 0.972583 0.74083 0.800157 0.678928 0.407685 0.0474783 0.463098 
7 515 336 
0.839689 0.755586 0.0302157 0.941783 0.295912 0.680327 0.861264 0.175966 
8 137 499 
0.550281 0.967598 0.986135 0.728872 0.476266 0.415172 0.162539 0.0654212 
9 467 41 
0.821301 0.436886 0.436298 0.562131 0.237043 0.115226 0.969817 0.284521 
10 386 460 
0.976844 0.418013 0.928079 0.00705966 0.359796 0.223991 0.687387 0.22106 
11 585 487 
0.587858 0.950238 0.245153 0.573992 0.67911 0.721419 0.989165 0.841649 
12 218 367 
0.305364 0.608142 0.705853 0.741662 0.170273 0.942896 0.856888 0.14009 
13 184 199 
0.312582 0.204261 0.853226 0.240661 0.211321 0.213022 0.464652 0.898708 
14 263 564 
0.176263 0.0219401 0.814847 0.421416 0.595932 0.493957 0.142835 0.585097 
15 35 204 
0.854064 0.640971 0.537817 0.559916 0.382633 0.70809 0.502812 0.239521 
16 344 316 
0.674733 0.160762 0.93449 0.527959 0.401423 0.145811 0.740981 0.866075 
17 243 509 
0.730684 0.220782 0.197003 0.545531 0.642198 0.792936 0.0394888 0.785034 
18 133 517 
0.714709 0.232096 0.0160658 0.252527 0.792013 0.398698 0.960617 0.294825 
19 341 369 
0.0250544 0.312952 0.969559 0.959545 0.840911 0.370983 0.105356 0.581892 
20 58 54 
0.756955 0.967742 0.370656 0.953959 0.513273 0.0128542 0.746894 0.552762 
21 322 434 
0.927857 0.512597 0.357024 0.943923 0.765124 0.149036 0.342621 0.725741 
22 75 542 
0.534538 0.468916 0.293792 0.504097 0.428461 0.134703 0.87508 0.533816 
23 92 381 
0.683691 0.47355 0.0798793 0.0543468 0.427509 0.593153 0.067201 0.174403 
24 116 145 
0.29933 0.073772 0.377686 0.656354 0.017695 0.14281 0.80539 0.360316 
25 527 487 
0.341156 0.403089 0.718168 0.634949 0.907186 0.146628 0.769652 0.782266 
26 68 169 
0.894403 0.364135 0.959798 0.974283 0.418482 0.387307 0.567435 0.485683 
27 446 443 
0.350772 0.86104 0.787122 0.728458 0.517394 0.804817 0.871267 0.322784 
28 319 419 
0.572036 0.50629 0.142907 0.290204 0.141239 0.0500928 0.436832 0.910891 
29 43 372 
0.397138 0.726762 0.481412 0.356936 0.701045 0.899894 0.744243 0.26848 
30 361 544 
0.981831 0.736349 0.166993 0.768953 0.464806 0.684387 0.57377 0.336074 
31 386 106 
0.0758916 0.579207 0.245193 0.218798 0.869411 0.386432 0.268891 0.306243 
32 329 146 
0.42352 0.694461 0.828012 0.904932 0.0513975 0.529057 0.804826 0.79564 
33 6 401 
0.101593 0.779368 0.926751 0.268586 0.548321 0.391558 0.952972 0.122091 
34 405 502 
0.860994 0.803523 0.539351 0.106188 0.0223211 0.408762 0.49262 0.291212 
35 94 514 
0.392462 0.138525 0.484404 0.220474 0.0434568 0.535802 0.749531 0.848283 
36 444 30 
0.0386852 0.433035 0.326437 0.965437 0.70162 0.874758 0.356994 0.654593 
37 335 93 
0.614736 0.857843 0.888148 0.154087 0.964031 0.910469 0.562849 0.45665 
38 289 553 
0.246593 0.594144 0.416379 0.730997 0.814618 0.459836 0.266799 0.564149 
39 173 465 
0.111217 0.346804 0.0312752 0.437654 0.312241 0.732896 0.312412 0.669235 
40 458 414 
0.75386 0.00222475 0.167104 0.642008 0.156312 0.131134 0.552478 0.719161 
41 130 342 
0.997016 0.834378 0.348303 0.413395 0.565374 0.162921 0.873232 0.832173 
42 525 471 
0.430413 0.838287 0.528155 0.461688 0.275941 0.840395 0.194584 0.588353 
43 208 0 
0.897614 0.26349 0.584297 0.0647181 0.905498 0.740609 0.195853 0.457976 
44 504 386 
0.212136 0.456786 0.618015 0.560439 0.870182 0.183389 0.723359 0.743413 
45 326 1 
0.924764 0.445975 0.288716 0.452919 0.907664 0.564657 0.293314 0.102248 
46 421 478 
0.68432 0.0506244 0.0664335 0.268617 0.115342 0.971932 0.0092263 0.311195 
47 276 40 
0.0948321 0.642044 0.925783 0.712847 0.202482 0.795965 0.896236 0.925842 
48 441 325 
0.37627 0.464142 0.357773 0.664986 0.917061 0.265437 0.229643 0.210375 
49 393 46 
0.0133181 0.0520047 0.433277 0.0797517 0.320622 0.54862 0.0516837 0.329848 
50 233 276 
0.798845 0.954647 0.123636 0.724628 0.667493 0.326118 0.520593 0.563729 
51 247 202 
0.475527 0.62823 0.524114 0.8333 0.293216 0.441175 0.0987372 0.522859 
52 310 423 
0.905512 0.664868 0.518427 0.338789 0.74462 0.839048 0.887409 0.796303 
53 441 275 
0.277895 0.967742 0.70187 0.401531 0.69237 0.369363 0.727649 0.212963 
54 127 396 
0.272935 0.40862 0.607839 0.797049 0.24192 0.901055 0.238224 0.340657 
55 234 490 
0.329426 0.554642 0.325506 0.668215 0.299262 0.164554 0.555624 0.095565 
56 30 520 
0.301193 0.00471687 0.774991 0.993563 0.37408 0.50264 0.206526 0.307173 
57 488 382 
0.715793 0.0900879 0.27651 0.957713 0.991143 0.514735 0.298371 0.415057 
58 9 270 
0.744483 0.959151 0.430955 0.412698 0.258413 0.59551 0.968321 0.353978 
59 146 52 
0.727438 0.230153 0.275885 0.502429 0.223716 0.649965 0.005069 0.430242 
60 502 274 
0.909703 0.672932 0.577406 0.186213 0.630645 0.568549 0.700948 0.929015 
61 241 265 
0.0344652 0.728089 0.0646076 0.465421 0.140786 0.323021 0.0609304 0.109108 
62 491 296 
0.380276 0.404436 0.220044 0.65616 0.906866 0.44376 0.306126 0.911935 
63 127 444 
0.399252 0.783704 0.936196 0.976658 0.969917 0.56684 0.545207 0.670864 
64 568 94 
0.776321 0.530321 0.256901 0.840928 0.995742 0.397688 0.163949 0.056672 
65 344 562 
0.0465629 0.887071 0.245384 0.266607 0.543231 0.152249 0.710367 0.849357 
66 33 425 
0.112621 0.463436 0.368072 0.0488163 0.440094 0.337988 0.615657 0.985301 
67 453 366 
0.514113 0.785173 0.641833 0.771015 0.626101 0.637575 0.168702 0.790049 
68 42 12 
0.630996 0.74081 0.562568 0.87638 0.00741686 0.105799 0.0286292 0.717783 
69 359 494 
0.302151 0.0677768 0.556249 0.670223 0.116593 0.996343 0.00821072 0.73225 
70 472 33 
0.843762 0.495757 0.802235 0.485596 0.266772 0.428336 0.123171 0.435474 
71 475 128 
0.110972 0.849382 0.558228 0.67354 0.725762 0.565645 0.779339 0.754391 
72 246 527 
0.847204 0.585579 0.802272 0.403453 0.255802 0.918865 0.399795 0.264013 
73 4 143 
0.281075 0.494877 0.877196 0.0833107 0.980473 0.143967 0.511647 0.103643 
74 555 521 
0.921061 0.690413 0.579414 0.479289 0.363953 0.305176 0.0449336 0.143292 
75 462 114 
0.877787 0.906771 0.913941 0.680059 0.310223 0.169743 0.598924 0.710019 
76 516 172 
0.0914574 0.714831 0.744916 0.968653 0.798141 0.725389 0.11262 0.309788 
77 198 54 
0.0398204 0.750094 0.382474 0.619234 0.229383 0.746427 0.92441 0.274317 
78 510 141 
0.602678 0.767506 0.890748 0.516619 0.447565 0.200972 0.686362 0.0464896 
79 486 111 
0.296529 0.00244783 0.834948 0.0414452 0.971101 0.633089 0.766834 0.0837209 
80 132 532 
0.775782 0.982698 0.345961 0.158256 0.601932 0.575344 0.904683 0.526343 
81 448 259 
0.51032 0.452339 0.561908 0.401068 0.968958 0.00947356 0.60204 0.655319 
82 538 410 
0.775437 0.352492 0.515478 0.610385 0.393937 0.486579 0.243474 0.160771 
83 129 51 
0.756638 0.346082 0.169049 0.102599 0.504339 0.770982 0.677943 0.409022 
84 190 593 
0.203424 0.807644 0.979942 0.765333 0.208713 0.9489 0.774806 0.810753 
85 169 289 
0.323783 0.379656 0.183261 0.839262 0.99004 0.577199 0.325841 0.233514 
86 337 184 
0.419866 0.494608 0.242223 0.588915 0.597208 0.746562 0.359897 0.275151 
87 31 578 
0.802754 0.359008 0.464866 0.782696 0.124341 0.673578 0.731596 0.899147 
88 401 357 
0.729917 0.808114 0.71547 0.913178 0.647376 0.705511 0.490376 0.973217 
89 597 386 
0.869357 0.358891 0.722955 0.11158 0.947806 0.320163 0.858142 0.307703 
90 338 391 
0.964925 0.398068 0.372734 0.429791 0.180764 0.497075 0.103369 0.912359 
91 431 276 
0.248174 0.126138 0.395814 0.963644 0.0393161 0.0431903 0.669155 0.529692 
92 316 112 
0.758039 0.885764 0.967071 0.480994 0.997344 0.914878 0.801156 0.855486 
93 420 282 
0.869212 0.187506 0.794537 0.241945 0.617296 0.975301 0.73902 0.720665 
94 547 162 
0.308365 0.135834 0.26138 0.70418 0.0994782 0.300696 0.74737 0.768633 
95 321 148 
0.376814 0.588427 0.649541 0.343885 0.069421 0.646885 0.258763 0.870577 
96 352 455 
0.267047 0.371583 0.66885 0.0615843 0.613528 0.286146 0.0368851 0.352548 
97 323 596 
0.487789 0.315177 0.060379 0.749169 0.0193564 0.159857 0.0498649 0.766726 
98 246 484 
0.530503 0.305304 0.46868 0.180044 0.649189 0.538101 0.82693 0.907952 
99 3 531 
0.389296 0.675726 0.700884 0.0581457 0.73731 0.314412 0.344292 0.774195 
100 289 423 
0.69874 0.154749 0.66628 0.759119 0.903918 0.685636 0.918977 0.953783 
101 165 402 
0.834036 0.982866 0.152772 0.302716 0.16291 0.801961 0.840817 0.98984 
102 291 219 
0.319141 0.0992093 0.925222 0.0200246 0.157355 0.662532 0.334436 0.501647 
103 355 422 
0.85275 0.135468 0.156144 0.519029 0.894587 0.0600618 0.204665 0.813564 
104 479 266 
0.661031 0.84788 0.639894 0.813803 0.150596 0.802804 0.615764 0.991414 
105 479 238 
0.24091 0.111785 0.424886 0.166132 0.13181 0.582241 0.828663 0.466246 
106 55 181 
0.467641 0.936638 0.400858 0.623785 0.455667 0.295445 0.683847 0.660333 
107 403 284 
0.317361 0.77004 0.545572 0.957254 0.583843 0.696168 0.760058 0.199607 
108 44 418 
0.525284 0.928491 0.664488 0.95017 0.0946224 0.796297 0.532411 0.923286 
109 260 526 
0.188677 0.730184 0.552937 0.589535 0.35397 0.0086044 0.88498 0.0378171 
110 207 99 
0.735509 0.986298 0.764029 0.28108 0.943552 0.347872 0.977248 0.703611 
111 479 413 
0.256313 0.0727623 0.59332 0.920801 0.0229322 0.687943 0.717098 0.555343 
112 277 169 
0.171643 0.799905 0.709826 0.72458 0.38944 0.0637957 0.733184 0.27442 
113 393 595 
0.268409 0.837122 0.388419 0.0324386 0.118202 0.331971 0.380311 0.09545 
114 524 39 
0.760279 0.291895 0.000551852 0.353599 0.212696 0.023484 0.0415419 0.929795 
115 547 482 
0.909436 0.75047 0.452675 0.619262 0.47505 0.842115 0.683058 0.208234 
116 206 162 
0.610355 0.384944 0.621792 0.998774 0.417383 0.739994 0.330745 0.797693 
117 535 254 
0.725483 0.595723 0.658223 0.726035 0.949323 0.870919 0.749519 0.990865 
118 168 403 
0.643635 0.71015 0.0788161 0.0963102 0.329411 0.553866 0.938425 0.0124692 
119 247 593 
0.79714 0.372454 0.439904 0.418932 0.371229 0.857286 0.158926 0.701974 
120 12 596 
0.0683011 0.380463 0.590093 0.726524 0.106497 0.539416 0.597443 0.856016 
121 269 131 
0.184362 0.173916 0.108306 0.263178 0.270226 0.437717 0.817044 0.208651 
122 357 162 
0.263611 0.247326 0.951598 0.703515 0.666258 0.322827 0.560801 0.825184 
123 531 420 
0.819554 0.0931017 0.596244 0.409647 0.819625 0.702741 0.949063 0.417068 
124 381 331 
0.815224 0.74312 0.65326 0.92353 0.00629821 0.923486 0.361247 0.823342 
125 14 563 
0.402486 0.395749 0.0587593 0.354084 0.0992635 0.725017 0.676911 0.660065 
126 46 429 
0.875846 0.369755 0.794814 0.47209 0.779402 0.614439 0.174831 0.728466 
127 253 2 
0.20781 0.846731 0.476708 0.86107 0.770261 0.483006 0.784557 0.131508 
128 593 306 
0.942941 0.708835 0.312443 0.00170074 0.0629195 0.411707 0.726718 0.739831 
129 136 277 
0.441543 0.947617 0.646674 0.236356 0.419707 0.426076 0.850795 0.594538 
130 265 452 
0.328127 0.362351 0.729034 0.804835 0.223422 0.499295 0.287841 0.00797877 
131 2 472 
0.924673 0.573744 0.303025 0.237116 0.575445 0.365944 0.648823 0.302163 
132 218 439 
0.579082 0.547318 0.668212 0.225756 0.783674 0.0879193 0.651832 0.634469 
133 210 596 
0.516772 0.010584 0.168725 0.245806 0.815419 0.392147 0.745101 0.103259 
134 162 339 
0.697449 0.324799 0.949648 0.000473901 0.561915 0.525093 0.366418 0.210738 
135 25 500 
0.931333 0.406338 0.0195107 0.599545 0.632094 0.803185 0.687464 0.283926 
136 402 284 
0.0902992 0.954426 0.380506 0.259024 0.200232 0.195924 0.65117 0.945332 
137 203 229 
0.321236 0.996633 0.376094 0.270884 0.997107 0.938009 0.795977 0.363525 
138 242 3 
0.835718 0.0800805 0.0295721 0.855229 0.679625 0.661666 0.658413 0.36709 
139 18 318 
0.737012 0.0358916 0.0504932 0.117517 0.294915 0.250725 0.313441 0.946086 
140 111 13 
0.997381 0.517293 0.609258 0.373476 0.788177 0.606365 0.311485 0.584154 
141 157 33 
0.207388 0.805608 0.540313 0.23696 0.660837 0.219939 0.898626 0.31925 
142 405 181 
0.415317 0.32404 0.88011 0.465811 0.441557 0.175025 0.716535 0.754999 
143 416 276 
0.367624 0.118493 0.429885 0.976882 0.491968 0.218062 0.583247 0.803453 
144 6 21 
0.263686 0.00960325 0.358745 0.803999 0.246563 0.0195815 0.0239381 0.145189 
145 171 216 
0.989407 0.754149 0.935006 0.869517 0.21996 0.376564 0.0445426 0.936495 
146 430 442 
0.849087 0.499186 0.284146 0.278973 0.476068 0.776115 0.497035 0.059315 
147 83 243 
0.612452 0.843254 0.308854 0.971197 0.647254 0.555416 0.990778 0.671192 
148 412 206 
0.282158 0.690012 0.0837587 0.217165 0.55953 0.303718 0.593728 0.604072 
149 119 303 
0.769726 0.0893009 0.224477 0.0538722 0.368273 0.700545 0.829987 0.865308 
150 351 276 
0.164558 0.372312 0.252809 0.473412 0.343509 0.900063 0.0288282 0.334287 
151 287 401 
0.663897 0.853413 0.419446 0.747655 0.0705778 0.978975 0.0513737 0.664306 
152 310 463 
0.389597 0.352773 0.380888 0.614074 0.406646 0.749161 0.314619 0.236633 
153 455 44 
0.646188 0.779028 0.44679 0.898997 0.252439 0.790299 0.79906 0.281268 
154 64 434 
0.010701 0.788482 0.223728 0.430147 0.536138 0.294306 0.409122 0.587512 
155 131 472 
0.879099 0.348209 0.344943 0.259987 0.962282 0.751589 0.00914792 0.276901 
156 51 266 
0.35138 0.634409 0.402645 0.79817 0.533406 0.655085 0.588469 0.332466 
157 19 441 
0.70278 0.947053 0.501537 0.926508 0.3772 0.0376752 0.220814 0.786322 
158 139 92 
0.778492 0.504285 0.527634 0.123435 0.764272 0.489916 0.875024 0.77342 
159 30 102 
0.397037 0.118197 0.497654 0.799682 0.916367 0.03106 0.454767 0.504836 
160 484 448 
0.217891 0.0663059 0.338172 0.719428 0.992814 0.715372 0.757104 0.213627 
161 80 56 
0.393053 0.280186 0.886575 0.920687 0.403621 0.650847 0.410603 0.278645 
162 229 428 
0.14189 0.821304 0.295618 0.639544 0.620986 0.211985 0.670604 0.0757526 
163 2 464 
0.466871 0.934713 0.100436 0.805043 0.654141 0.0932497 0.520415 0.411245 
164 434 562 
0.793535 0.69993 0.302295 0.68011 0.620616 0.705916 0.330958 0.0312196 
165 255 380 
0.20864 0.126452 0.576528 0.504258 0.765996 0.197514 0.716244 0.4366 
166 356 220 
0.47073 0.740138 0.367778 0.571166 0.545182 0.0219187 0.664416 0.0655972 
167 437 590 
0.0877067 0.226698 0.671222 0.390002 0.906808 0.291839 0.0959186 0.237766 
168 105 38 
0.99299 0.531699 0.206932 0.569519 0.0359572 0.972927 0.767033 0.752201 
169 434 556 
0.185266 0.880258 0.780439 0.553044 0.451424 0.32562 0.574962 0.11584 
170 111 307 
0.0871322 0.478924 0.234824 0.758355 0.868926 0.141632 0.0501935 0.964845 
171 391 332 
0.045325 0.372389 0.904951 0.252256 0.941907 0.940908 0.225184 0.708941 
172 528 255 
0.749241 0.878375 0.51497 0.529679 0.431418 0.966393 0.8553 0.00638059 
173 568 313 
0.0145062 0.169365 0.725441 0.24933 0.92772 0.594368 0.390962 0.977913 
174 374 511 
0.351165 0.604538 0.142749 0.256116 0.856794 0.0846559 0.197024 0.0819782 
175 285 128 
0.71669 0.542837 0.768507 0.231659 0.0725165 0.199925 0.198053 0.927816 
176 96 101 
0.174333 0.220812 0.449651 0.899775 0.470142 0.37737 0.494143 0.861104 
177 283 555 
0.631464 0.706449 0.657893 0.774213 0.962564 0.514688 0.858868 0.159588 
178 554 527 
0.0497206 0.313356 0.195302 0.818228 0.545015 0.267819 0.0181533 0.743068 
179 284 123 
0.0233532 0.369968 0.445272 0.473004 0.269743 0.915414 0.850374 0.763886 
180 292 75 
0.817241 0.407981 0.912107 0.475135 0.182194 0.874671 0.989822 0.0410624 
181 58 379 
0.693527 0.0839797 0.899844 0.888829 0.902208 0.444859 0.156648 0.920361 
182 29 579 
0.14482 0.211279 0.722251 0.590092 0.684283 0.991994 0.505505 0.534658 
183 181 421 
0.740315 0.573122 0.690004 0.652422 0.0482566 0.872198 0.527093 0.0380789 
184 26 500 
0.624567 0.606788 0.645332 0.524411 0.495617 0.547539 0.969269 0.652266 
185 96 324 
0.00454851 0.61272 0.368475 0.7268 0.202812 0.0527581 0.718794 0.708317 
186 305 498 
0.99034 0.327731 0.0477965 0.680344 0.980153 0.0960531 0.552542 0.507246 
187 254 428 
0.0685977 0.758699 0.0725906 0.713929 0.28311 0.568208 0.261469 0.252379 
188 220 274 
0.409575 0.225022 0.342089 0.778049 0.951822 0.5449 0.830808 0.670616 
189 203 153 
0.145291 0.243557 0.745954 0.193087 0.923901 0.726107 0.28914 0.476443 
190 403 168 
0.942245 0.301951 0.181972 0.0148359 0.01588 0.465081 0.583044 0.277348 
191 192 530 
0.00671696 0.127035 0.0285394 0.348805 0.905085 0.980361 0.893706 0.735892 
192 345 125 
0.154115 0.796268 0.39048 0.90007 0.989355 0.31438 0.626177 0.278496 
193 110 548 
0.701768 0.733068 0.16148 0.88374 0.747904 0.17736 0.348821 0.330948 
194 207 33 
0.134465 0.461426 0.193317 0.163005 0.810231 0.0984016 0.143366 0.703937 
195 436 7 
0.85086 0.988409 0.590612 0.241339 0.888479 0.579967 0.55572 0.514656 
196 350 227 
0.374185 0.560231 0.0796105 0.535666 0.443971 0.827515 0.713026 0.792792 
197 136 139 
0.859074 0.292928 0.629161 0.052391 0.455933 0.439392 0.150793 0.599299 
198 29 336 
0.393643 0.994189 0.973496 0.984254 0.235528 0.861974 0.564221 0.791248 
199 443 322 
0.13779 0.750816 0.982915 0.217401 0.286481 0.426886 0.0449154 0.999508 
200 280 355 
0.167243 0.0787518 0.496306 0.796404 0.131143 0.952239 0.235796 0.281935 
201 106 172 
0.267022 0.945182 0.373314 0.240517 0.929436 0.608842 0.102492 0.493657 
202 125 288 
0.916341 0.53788 0.229938 0.899256 0.755281 0.516419 0.326141 0.800196 
203 17 24 
0.00357443 0.68317 0.624571 0.499881 0.479573 0.755714 0.45212 0.715369 
204 160 81 
0.0944942 0.304671 0.948841 0.467808 0.545189 0.878276 0.0766504 0.647681 
205 443 442 
0.126803 0.288274 0.0146208 0.35674 0.18753 0.769902 0.873159 0.513672 
206 202 289 
0.0594908 0.573672 0.0722557 0.684062 0.0735532 0.551829 0.439776 0.525673 
207 372 466 
0.529332 0.361692 0.782096 0.478173 0.829501 0.327285 0.356449 0.906151 
208 272 599 
0.382891 0.101768 0.0166573 0.397512 0.458508 0.204187 0.167414 0.331668 
209 426 47 
0.720754 0.77735 0.311184 0.793009 0.461412 0.384738 0.344838 0.901187 
210 109 388 
0.378612 0.439744 0.973729 0.160709 0.917917 0.80323 0.487994 0.274366 
211 472 133 
0.00274895 0.092272 0.564727 0.0194063 0.489784 0.0232355 0.223594 0.657198 
212 270 594 
0.39471 0.0756567 0.718803 0.705894 0.868666 0.180214 0.0906321 0.213505 
213 160 327 
0.825541 0.460014 0.440787 0.79927 0.620723 0.358703 0.6025 0.108716 
214 228 549 
0.571676 0.635818 0.404153 0.136403 0.655225 0.893937 0.159638 0.878818 
215 67 590 
0.820271 0.945845 0.590198 0.539074 0.651739 0.458864 0.719288 0.742371 
216 532 178 
0.743414 0.49791 0.260704 0.184201 0.297181 0.881427 0.542904 0.899681 
217 473 312 
0.211561 0.561819 0.811792 0.615714 0.698222 0.467017 0.50965 0.85786 
218 182 234 
0.372401 0.166106 0.00662989 0.962599 0.70518 0.658369 0.421464 0.424468 
219 436 378 
0.225158 0.144155 0.591743 0.485863 0.328356 0.888923 0.36729 0.87126 
220 452 593 
0.0472341 0.000165218 0.919252 0.859026 0.615879 0.617474 0.326043 0.125529 
221 488 222 
0.186314 0.847736 0.837984 0.192944 0.810335 0.543164 0.851313 0.231799 
222 63 374 
0.325631 0.19279 0.396209 0.917374 0.678653 0.724565 0.806297 0.0459422 
223 112 240 
0.403375 0.643059 0.595067 0.322628 0.502085 0.210946 0.940102 0.828128 
224 343 298 
0.500005 0.522789 0.263172 0.337989 0.715734 0.073507 0.881152 0.567047 
225 189 426 
0.819101 0.630937 0.0415742 0.215309 0.548311 0.720227 0.939874 0.354609 
226 284 163 
0.94951 0.169544 0.178758 0.544577 0.492172 0.680843 0.755523 0.432273 
227 163 80 
0.84771 0.00897535 0.614787 0.110881 0.346964 0.33052 0.184388 0.228116 
228 437 551 
0.0769006 0.716668 0.120631 0.118475 0.931977 0.668943 0.838702 0.871851 
229 433 496 
0.40755 0.973062 0.774415 0.586308 0.517639 0.266587 0.26715 0.273162 
230 228 440 
0.365159 0.54657 0.785096 0.979946 0.657451 0.13206 0.310467 0.841839 
231 483 245 
0.331533 0.437077 0.924702 0.452165 0.555552 0.856679 0.121108 0.394253 
232 554 201 
0.999124 0.136081 0.117721 0.773538 0.722388 0.63536 0.0401248 0.989538 
233 403 376 
0.765659 0.273682 0.285554 0.550754 0.253628 0.943005 0.682814 0.564094 
234 353 452 
0.772128 0.116378 0.480067 0.69683 0.568543 0.0356184 0.55351 0.689651 
235 598 290 
0.83431 0.428995 0.418121 0.952031 0.202533 0.140509 0.587392 0.242658 
236 368 596 
0.981643 0.895706 0.769596 0.267197 0.44646 0.0232233 0.210202 0.129274 
237 233 338 
0.172264 0.359446 0.111425 0.652331 0.0562758 0.679968 0.68795 0.609785 
238 475 14 
0.891826 0.203928 0.546816 0.309947 0.15596 0.749349 0.450456 0.743352 
239 295 209 
0.239266 0.973651 0.476209 0.00886145 0.240848 0.922669 0.0320848 0.45105 
240 539 190 
0.446097 0.224207 0.978848 0.557522 0.876539 0.0351238 0.237489 0.564488 
241 91 493 
0.682309 0.536735 0.811036 0.229125 0.846682 0.966995 0.978475 0.297137 
242 464 470 
0.87764 0.949613 0.944133 0.353849 0.958474 0.184981 0.276518 0.990559 
243 447 437 
0.609961 0.0821282 0.552669 0.588809 0.63965 0.429208 0.623933 0.87714 
244 304 272 
0.484247 0.676005 0.805577 0.295283 0.90513 0.652259 0.262278 0.883605 
245 192 509 
0.854087 0.827037 0.922238 0.79822 0.180886 0.880712 0.983201 0.457404 
246 54 158 
0.785866 0.481232 0.70136 0.338535 0.0700418 0.341011 0.767742 0.693975 
247 50 455 
0.962817 0.702398 0.437443 0.768395 0.997681 0.342573 0.420654 0.259959 
248 347 527 
0.232584 0.0802657 0.197086 0.154822 0.878486 0.377972 0.0355347 0.861687 
249 67 535 
0.480919 0.621242 0.388038 0.18228 0.959777 0.45808 0.52329 0.727519 
250 325 189 
0.488957 0.114872 0.443838 0.9264 0.883267 0.441519 0.268973 0.303921 
251 332 559 
0.673971 0.934062 0.575417 0.871057 0.0888846 0.453903 0.249029 0.124419 
252 312 198 
0.0312253 0.79651 0.705647 0.419264 0.97879 0.665424 0.877344 0.50208 
253 443 212 
0.243521 0.8819 0.144272 0.687359 0.8083 0.0275387 0.128878 0.077273 
254 492 321 
0.572424 0.00543013 0.764417 0.147842 0.876487 0.853302 0.601745 0.125516 
255 135 197 
0.209921 0.0089467 0.713845 0.915569 0.42821 0.692635 0.580993 0.305554 
256 192 334 
0.334953 0.438236 0.855836 0.479225 0.125595 0.664136 0.506764 0.254473 
257 467 374 
0.084828 0.313833 0.843653 0.849245 0.461675 0.72014 0.702548 0.0634195 
258 259 177 
0.980755 0.0555779 0.689216 0.6946 0.971147 0.117426 0.387236 0.552139 
259 431 98 
0.526075 0.757934 0.0201869 0.381911 0.237159 0.145782 0.0460461 0.743922 
260 55 206 
0.582146 0.485083 0.101288 0.425799 0.334328 0.562962 0.145939 0.0368756 
261 392 240 
0.717144 0.607137 0.0471736 0.40636 0.301737 0.0183202 0.523786 0.688973 
262 500 196 
0.270924 0.0965344 0.7047 0.291111 0.478445 0.941859 0.436893 0.524491 
263 147 357 
0.311946 0.267927 0.32223 0.413234 0.693726 0.656558 0.976196 0.839665 
264 31 198 
0.831261 0.410578 0.209715 0.878434 0.816938 0.511453 0.896755 0.340724 
265 205 222 
0.287491 0.471349 0.563748 0.992191 0.76246 0.0421934 0.93405 0.199352 
266 401 24 
0.0364995 0.87863 0.887758 0.358729 0.291864 0.581484 0.0152872 0.26806 
267 169 45 
0.870638 0.25241 0.119299 0.0803535 0.130845 0.936237 0.591806 0.0275994 
268 391 267 
0.494813 0.564452 0.26358 0.0585619 0.556643 0.0260401 0.100755 0.490693 
269 327 516 
0.110524 0.261892 0.54607 0.998282 0.620621 0.837934 0.579767 0.635908 
270 251 337 
0.344629 0.976632 0.253326 0.463928 0.0569857 0.384171 0.400164 0.648792 
271 202 265 
0.441023 0.906584 0.241577 0.704603 0.965146 0.798219 0.730644 0.0659009 
272 221 356 
0.733341 0.399436 0.217928 0.279411 0.397718 0.838549 0.117345 0.977485 
273 588 168 
0.978401 0.819086 0.199971 0.231727 0.283014 0.256957 0.615898 0.683178 
274 574 526 
0.360303 0.346772 0.934252 0.60188 0.051375 0.899398 0.400099 0.782019 
275 405 344 
0.738054 0.69864 0.0884474 0.955982 0.97805 0.486166 0.794531 0.095395 
276 187 577 
0.318734 0.442052 0.0880739 0.518705 0.673779 0.371088 0.775661 0.289678 
277 367 493 
0.317346 0.414569 0.0281814 0.251599 0.0164485 0.0795563 0.150997 0.416548 
278 309 572 
0.105559 0.599629 0.814935 0.194006 0.555611 0.792986 0.680172 0.350142 
279 599 208 
0.61913 0.207115 0.585875 0.707204 0.725819 0.259655 0.0782912 0.501481 
280 296 491 
0.18289 0.866679 0.547125 0.211072 0.118278 0.563574 0.290628 0.269274 
281 337 540 
0.38557 0.0856806 0.751832 0.200506 0.279687 0.307443 0.993492 0.959859 
282 69 364 
0.103683 0.276715 0.0889871 0.689558 0.983919 0.814806 0.949213 0.0622102 
283 73 197 
0.194767 0.499177 0.365224 0.741892 0.710249 0.483502 0.305466 0.000877477 
284 173 105 
0.153081 0.138346 0.371268 0.904913 0.338852 0.650955 0.212356 0.332344 
285 256 458 
0.214216 0.714497 0.146657 0.303203 0.404055 0.130576 0.11801 0.353268 
286 79 451 
0.851813 0.387553 0.933474 0.217037 0.129445 0.643723 0.700538 0.434911 
287 509 500 
0.720499 0.797681 0.591661 0.0917668 0.702594 0.930513 0.742722 0.91495 
288 70 202 
0.784892 0.477072 0.0680336 0.931549 0.780276 0.472089 0.0621251 0.898285 
289 271 397 
0.332582 0.677169 0.642465 0.266056 0.894206 0.77191 0.909779 0.594744 
290 446 563 
0.0480582 0.92732 0.352061 0.639719 0.0190869 0.0546549 0.570231 0.761809 
291 579 235 
0.115345 0.754497 0.31016 0.183379 0.686046 0.0904356 0.655468 0.748171 
292 253 123 
0.00308281 0.321302 0.157993 0.645548 0.587358 0.0521989 0.417458 0.497137 
293 361 501 
0.0515166 0.695001 0.551599 0.403577 0.33472 0.570686 0.458232 0.904951 
294 26 593 
0.738039 0.44784 0.182335 0.0481985 0.631219 0.868381 0.138634 0.286687 
295 121 400 
0.767511 0.619635 0.448657 0.925504 0.265183 0.0360154 0.977703 0.68264 
296 412 311 
0.306919 0.584669 0.319647 0.858518 0.988246 0.654367 0.429205 0.446479 
297 586 109 
0.874316 0.297356 0.20954 0.0566509 0.345555 0.840759 0.925032 0.484189 
298 117 227 
0.611544 0.894957 0.161219 0.0602009 0.820461 0.426401 0.0962163 0.798164 
299 560 159 
0.42281 0.415961 0.214038 0.742457 0.274479 0.202284 0.396824 0.703684 
300 36 479 
0.465383 0.523079 0.253498 0.674923 0.57973 0.599053 0.515683 0.504762 
301 288 470 
0.0463458 0.694785 0.538086 0.207565 0.754986 0.358548 0.633966 0.851202 
302 453 129 
0.480571 0.579523 0.158968 0.694609 0.32198 0.433448 0.896893 0.718804 
303 536 551 
0.674945 0.602515 0.068735 0.928443 0.277438 0.648465 0.527496 0.793121 
304 562 590 
0.43625 0.199573 0.305522 0.974337 0.407138 0.060508 0.332885 0.0411038 
305 118 561 
0.784112 0.392281 0.0691201 0.94308 0.0868899 0.3911 0.376528 0.983783 
306 164 35 
0.529438 0.784849 0.116174 0.598173 0.713292 0.393613 0.246638 0.240788 
307 514 218 
0.851525 0.622984 0.599438 0.157047 0.597321 0.006576 0.217555 0.930206 
308 360 471 
0.419803 0.831791 0.521547 0.488923 0.774871 0.608436 0.880023 0.151399 
309 400 419 
0.665058 0.121657 0.774776 0.781233 0.719831 0.488069 0.174845 0.966469 
310 16 140 
0.366335 0.580382 0.984563 0.965773 0.737429 0.581885 0.972349 0.954984 
311 478 94 
0.0842493 0.931894 0.85182 0.605796 0.420817 0.626691 0.214232 0.300841 
312 162 151 
0.290768 0.443149 0.928109 0.0655444 0.224381 0.64794 0.553613 0.399226 
313 80 247 
0.760806 0.980744 0.862852 0.745369 0.946517 0.600281 0.327254 0.918866 
314 244 312 
0.938895 0.639514 0.771238 0.790715 0.24531 0.192056 0.417406 0.459542 
315 120 218 
0.265994 0.783664 0.638646 0.194103 0.849209 0.863027 0.842042 0.402822 
316 434 338 
0.685292 0.0230588 0.437195 0.548143 0.768428 0.383712 0.148424 0.0956816 
317 429 535 
0.935026 0.241472 0.343203 0.706264 0.032187 0.588512 0.89832 0.449593 
318 329 322 
0.64509 0.314048 0.17488 0.283736 0.508151 0.0240886 0.146762 0.350193 
319 323 593 
0.806645 0.112202 0.432074 0.243839 0.660345 0.200502 0.627551 0.80877 
320 204 260 
0.512458 0.23121 0.171601 0.855661 0.937474 0.203788 0.444173 0.835794 
321 182 397 
0.22701 0.298471 0.806276 0.40189 0.582207 0.314428 0.425979 0.728969 
322 579 77 
0.137985 0.471266 0.965091 0.570059 0.715105 0.625436 0.770562 0.342656 
323 91 8 
0.272785 0.946664 0.297955 0.444385 0.802325 0.235429 0.648173 0.246498 
324 283 144 
0.738726 0.298233 0.600025 0.545003 0.700123 0.182231 0.85943 0.126101 
325 421 444 
0.97899 0.0491853 0.995317 0.944081 0.619245 0.710422 0.569517 0.389806 
326 293 13 
0.456551 0.325862 0.950387 0.754507 0.770247 0.752712 0.989936 0.41842 
327 415 479 
0.719974 0.737936 0.359392 0.319998 0.282939 0.0595149 0.50223 0.142369 
328 413 485 
0.66642 0.164607 0.462615 0.661737 0.108688 0.08186 0.372158 0.678205 
329 377 553 
0.681928 0.928218 0.751098 0.632316 0.682724 0.521346 0.385028 0.67266 
330 105 255 
0.733819 0.659739 0.122174 0.0932112 0.979737 0.405113 0.152726 0.481967 
331 377 465 
0.895397 0.213902 0.502949 0.358012 0.875639 0.611637 0.439872 0.247797 
332 481 100 
0.673033 0.97177 0.839756 0.424132 0.604086 0.52248 0.945477 0.989114 
333 336 373 
0.373352 0.92896 0.544982 0.495526 0.0221708 0.524719 0.90064 0.174897 
334 364 433 
0.513239 0.902083 0.662024 0.0161884 0.260096 0.537663 0.627825 0.699968 
335 498 461 
0.611507 0.458494 0.889438 0.451263 0.882626 0.493524 0.973743 0.828103 
336 565 238 
0.713346 0.855989 0.0978427 0.258328 0.351516 0.120014 0.783048 0.252155 
337 437 550 
0.700277 0.80815 0.691817 0.362301 0.824338 0.951913 0.899965 0.452163 
338 99 18 
0.369831 0.263388 0.14392 0.259268 0.714651 0.0265458 0.752792 0.688393 
339 383 368 
0.857277 0.567995 0.0914188 0.955119 0.826323 0.442934 0.0751328 0.609371 
340 421 323 
0.399104 0.395367 0.178193 0.0909218 0.757668 0.00253143 0.042835 0.657633 
341 298 337 
0.343059 0.824526 0.958104 0.486979 0.0837938 0.672755 0.513524 0.836586 
342 363 256 
0.0720151 0.218425 0.936168 0.163434 0.173544 0.762491 0.606368 0.248677 
343 435 17 
0.61872 0.770966 0.696825 0.796913 0.861888 0.454493 0.799445 0.904723 
344 446 489 
0.599439 0.455184 0.0786651 0.557544 0.942163 0.162459 0.230298 0.455687 
345 30 276 
0.823861 0.0710597 0.809871 0.760029 0.234494 0.983415 0.52252 0.840862 
346 47 94 
0.14232 0.850812 0.665348 0.839145 0.647725 0.527236 0.293637 0.44717 
347 519 454 
0.701309 0.0313978 0.860948 0.779974 0.588941 0.80311 0.942433 0.81924 
348 119 448 
0.410686 0.0826583 0.0125377 0.220557 0.842687 0.247031 0.203972 0.365207 
349 14 532 
0.259588 0.230213 0.286876 0.924936 0.0693576 0.934601 0.452172 0.362995 
350 270 120 
0.768758 0.0830802 0.915528 0.629706 0.863055 0.504469 0.432816 0.805488 
351 425 154 
0.746966 0.734395 0.774272 0.759503 0.954953 0.616959 0.00653466 0.158925 
352 543 281 
0.594989 0.241754 0.324641 0.881865 0.16669 0.393999 0.816467 0.618862 
353 277 109 
0.502992 0.525752 0.281318 0.41852 0.155457 0.144372 0.92299 0.588273 
354 523 339 
0.279887 0.696826 0.981094 0.0541592 0.456329 0.936046 0.671118 0.462864 
355 248 365 
0.557292 0.689961 0.895039 0.881933 0.571826 0.061729 0.275931 0.388293 
356 159 337 
0.58653 0.183583 0.558676 0.867848 0.602103 0.714134 0.0122205 0.525093 
357 53 431 
0.771792 0.582294 0.658907 0.752885 0.636453 0.115236 0.688932 0.307572 
358 176 471 
0.960856 0.135391 0.473863 0.855895 0.0173241 0.0456894 0.917624 0.293255 
359 266 231 
0.32618 0.0205124 0.781798 0.884857 0.888361 0.383902 0.59899 0.900581 
360 253 302 
0.862662 0.680786 0.483692 0.521568 0.433672 0.120145 0.636804 0.122603 
361 585 38 
0.906506 0.388573 0.350295 0.38037 0.244468 0.367619 0.426059 0.162092 
362 240 467 
0.760307 0.987055 0.880553 0.542105 0.871912 0.768914 0.926006 0.470902 
363 236 454 
0.3723 0.532157 0.515787 0.855991 0.053725 0.949459 0.976137 0.690529 
364 195 418 
0.905433 0.978568 0.792427 0.255728 0.358937 0.0368948 0.623347 0.784996 
365 429 309 
0.645037 0.959293 0.271276 0.525591 0.501398 0.143188 0.294505 0.427404 
366 5 322 
0.262405 0.98639 0.496157 0.778192 0.842381 0.549882 0.727651 0.818518 
367 170 380 
0.222371 0.145844 0.778281 0.0147983 0.401571 0.137218 0.0516932 0.0249182 
368 123 425 
0.30914 0.567252 0.209973 0.580416 0.0928427 0.711371 0.723604 0.387348 
369 320 516 
0.351348 0.40118 0.324084 0.847505 0.179373 0.166465 0.397386 0.907024 
370 507 571 
0.706736 0.207354 0.783641 0.485017 0.222153 0.185212 0.622235 0.273846 
371 380 369 
0.524525 0.51927 0.111702 0.734498 0.0996865 0.204544 0.445869 0.823291 
372 70 496 
0.160985 0.94324 0.985825 0.485069 0.790744 0.165197 0.651534 0.188131 
373 56 335 
0.825928 0.778957 0.843871 0.609569 0.263975 0.0660237 0.794782 0.88621 
374 133 256 
0.43066 0.864395 0.524183 0.542361 0.598893 0.623869 0.746906 0.0447626 
375 135 176 
0.629407 0.608145 0.282037 0.615232 0.0932137 0.0727818 0.780429 0.744748 
376 241 504 
0.381265 0.0868408 0.631608 0.225136 0.69641 0.895582 0.291159 0.491192 
377 51 315 
0.496104 0.212452 0.495424 0.0202864 0.754813 0.0943172 0.644155 0.501719 
378 172 56 
0.840517 0.768487 0.69946 0.122554 0.383719 0.792674 0.195336 0.164148 
379 347 158 
0.016798 0.918686 0.543089 0.648406 0.143822 0.239499 0.543988 0.434981 
380 181 130 
0.0660103 0.226795 0.538232 0.561434 0.247081 0.293045 0.655751 0.891237 
381 223 589 
0.982552 0.63528 0.563318 0.682012 0.757834 0.947037 0.474686 0.95317 
382 421 216 
0.409418 0.127983 0.930793 0.952507 0.776388 0.0746152 0.192007 0.320376 
383 79 350 
0.646156 0.575607 0.149492 0.184388 0.137041 0.396573 0.477433 0.792792 
384 125 579 
0.587624 0.270362 0.907477 0.150942 0.952373 0.665312 0.0979788 0.427059 
385 11 259 
0.439166 0.0279 0.337146 0.36996 0.980407 0.113535 0.444575 0.172414 
386 45 480 
0.0951114 0.0800674 0.529778 0.244603 0.264456 0.666819 0.641177 0.741889 
387 230 396 
0.0140858 0.0472354 0.199348 0.921563 0.198177 0.151721 0.586875 0.296156 
388 314 35 
0.50532 0.017947 0.233256 0.842466 0.387907 0.213664 0.956001 0.832482 
389 17 40 
0.786653 0.481189 0.469979 0.316431 0.725793 0.734435 0.983251 0.366969 
390 129 336 
0.295955 0.490409 0.490098 0.495303 0.411972 0.688275 0.647025 0.998847 
391 316 228 
0.204204 0.489751 0.243752 0.43746 0.332217 0.631659 0.651124 0.288217 
392 451 545 
0.678129 0.250794 0.51839 0.148108 0.567225 0.244183 0.882543 0.550476 
393 431 455 
0.993339 0.907108 0.849275 0.483437 0.402411 0.261248 0.171712 0.049436 
394 259 111 
0.275241 0.464299 0.645894 0.518994 0.901758 0.97811 0.150653 0.552882 
395 450 220 
0.590083 0.944457 0.865588 0.108474 0.0925645 0.432813 0.352657 0.975107 
396 246 113 
0.333973 0.976628 0.870917 0.183249 0.460065 0.273328 0.444496 0.631776 
397 295 57 
0.787919 0.598005 0.16889 0.433813 0.116999 0.0706485 0.411923 0.267652 
398 79 41 
0.882446 0.213614 0.622708 0.748034 0.322088 0.715272 0.180848 0.674745 
399 27 466 
0.638554 0.0243522 0.140765 0.509471 0.207601 0.60083 0.782799 0.652097 
400 328 565 
0.356689 0.020526 0.703568 0.525579 0.454339 0.820567 0.596227 0.866262 
401 492 144 
0.544513 0.970665 0.433372 0.167221 0.7187 0.75546 0.882493 0.899547 
402 379 345 
0.0636845 0.0687595 0.597224 0.20445 0.57823 0.804825 0.80528 0.361029 
403 129 414 
0.466592 0.813611 0.0584127 0.170159 0.33919 0.512752 0.990726 0.935417 
404 241 550 
0.155175 0.923528 0.049611 0.588547 0.0907487 0.768311 0.344007 0.973242 
405 34 495 
0.546114 0.731543 0.842972 0.143339 0.935992 0.421202 0.948164 0.741272 
406 63 97 
0.779159 0.248823 0.218697 0.837572 0.418983 0.557887 0.350323 0.409709 
407 224 5 
0.488654 0.64848 0.652865 0.538265 0.237027 0.743614 0.306576 0.581034 
408 428 2 
0.355247 0.26297 0.705977 0.198219 0.406308 0.641969 0.619421 0.354472 
409 224 197 
0.759558 0.162401 0.650476 0.978256 0.999973 0.0694588 0.536143 0.350296 
410 283 433 
0.0796337 0.967822 0.677927 0.732499 0.506088 0.914954 0.476113 0.812664 
411 68 433 
0.787098 0.851234 0.455938 0.493075 0.049453 0.862247 0.135044 0.668874 
412 200 311 
0.0705269 0.976277 0.680687 0.721003 0.954533 0.680659 0.790462 0.490676 
413 520 88 
0.520124 0.110589 0.237452 0.198051 0.843088 0.74354 0.113004 0.319201 
414 585 344 
0.51217 0.343302 0.460226 0.968108 0.836377 0.509679 0.830355 0.971421 
415 418 92 
0.489707 0.24908 0.0233513 0.170394 0.970083 0.977884 0.851053 0.760545 
416 250 162 
0.0301748 0.988684 0.992598 0.267627 0.186735 0.835686 0.0111666 0.299739 
417 260 557 
0.908731 0.667057 0.910673 0.368958 0.635165 0.74705 0.878637 0.46552 
418 359 517 
0.512594 0.208178 0.306271 0.535945 0.378572 0.276354 0.513829 0.229625 
419 88 350 
0.111634 0.0670743 0.971074 0.104232 0.334701 0.157809 0.939918 0.345868 
420 31 25 
0.913238 0.36628 0.761862 0.823911 0.735237 0.397027 0.57096 0.613874 
421 67 386 
0.671065 0.375141 0.497609 0.977336 0.911086 0.876181 0.25369 0.424915 
422 366 129 
0.407305 0.217441 0.357664 0.378379 0.321673 0.692365 0.536188 0.261591 
423 389 171 
0.356396 0.951471 0.360016 0.118258 0.775381 0.0952534 0.515285 0.346342 
424 247 356 
0.635773 0.380193 0.752973 0.133382 0.357529 0.664058 0.00956376 0.611219 
425 81 383 
0.901808 0.496278 0.332812 0.259472 0.874658 0.654485 0.951837 0.410846 
426 11 509 
0.404582 0.272473 0.94154 0.764598 0.390731 0.716921 0.859852 0.906016 
427 300 56 
0.283848 0.699036 0.949172 0.0368209 0.832418 0.306701 0.700879 0.841982 
428 166 387 
0.957353 0.819728 0.286131 0.290164 0.0791996 0.160789 0.944649 0.0310363 
429 94 568 
0.0211055 0.976217 0.133198 0.962646 0.740815 0.523929 0.679567 0.600667 
430 265 169 
0.169646 0.713793 0.441866 0.118818 0.750614 0.274284 0.425519 0.451494 
431 503 38 
0.241346 0.0736192 0.163167 0.527477 0.363784 0.242366 0.688266 0.308433 
432 172 161 
0.169158 0.294508 0.236117 0.302356 0.257154 0.976932 0.826285 0.936721 
433 491 474 
0.679551 0.747244 0.970023 0.121417 0.866063 0.720638 0.395701 0.291582 
434 11 299 
0.635021 0.413478 0.585587 0.798188 0.940955 0.94937 0.0405543 0.629221 
435 385 569 
0.889121 0.426961 0.608465 0.125238 0.729317 0.865619 0.10217 0.555602 
436 308 453 
0.811832 0.48189 0.427012 0.781856 0.603307 0.293075 0.502493 0.999008 
437 520 502 
0.510976 0.219678 0.0881022 0.0965628 0.0178665 0.029057 0.0459331 0.0584208 
438 405 458 
0.372378 0.547399 0.730698 0.980843 0.672636 0.460015 0.846462 0.774806 
439 559 499 
0.454574 0.82745 0.130692 0.881586 0.609305 0.733999 0.174661 0.111799 
440 292 565 
0.786423 0.243984 0.978997 0.874526 0.340546 0.996863 0.903583 0.386479 
441 160 315 
0.690216 0.427662 0.109259 0.420914 0.408505 0.781895 0.880929 0.254967 
442 448 389 
0.903769 0.0112751 0.723996 0.0344608 0.892861 0.333301 0.76846 0.0675221 
443 178 596 
0.82684 0.231523 0.745451 0.805837 0.106049 0.0859977 0.8027 0.00963145 
444 466 340 
0.571492 0.162693 0.285646 0.680751 0.583607 0.694151 0.462646 0.464535 
445 123 354 
0.361082 0.852887 0.0306227 0.0850773 0.887348 0.923484 0.418378 0.655808 
446 471 110 
0.157276 0.817846 0.0950015 0.902727 0.623683 0.20105 0.988725 0.426383 
447 199 455 
0.284368 0.782174 0.623895 0.570014 0.462924 0.207502 0.264165 0.925571 
448 517 469 
0.944918 0.0331184 0.0661702 0.975541 0.118196 0.953518 0.899024 0.536574 
449 22 131 
0.400053 0.766601 0.707876 0.495054 0.669328 0.331559 0.696104 0.658053 
450 288 446 
0.119255 0.0423108 0.68896 0.74315 0.612325 0.151884 0.950651 0.87649 
451 248 164 
0.0897733 0.0223726 0.655807 0.155944 0.997913 0.774003 0.109461 0.896938 
452 382 554 
0.786968 0.710629 0.485389 0.494844 0.205683 0.154717 0.826404 0.901788 
453 370 215 
0.808574 0.932025 0.626657 0.497533 0.675175 0.238982 0.649417 0.625826 
454 132 318 
0.248515 0.205246 0.749244 0.904321 0.361189 0.747158 0.678324 0.470651 
455 337 121 
0.189438 0.431063 0.69953 0.674827 0.925908 0.905213 0.829544 0.752312 
456 106 298 
0.336658 0.615575 0.574339 0.963316 0.113108 0.249514 0.202298 0.762525 
457 276 596 
0.489397 0.123854 0.523016 0.238642 0.0281757 0.884205 0.985799 0.7065 
458 459 331 
0.6954 0.544293 0.0609584 0.39493 0.21912 0.986866 0.300143 0.0486633 
459 567 64 
0.690977 0.0758359 0.722719 0.265316 0.0391517 0.835827 0.51483 0.24145 
460 270 424 
0.55922 0.0877502 0.514024 0.0822357 0.326392 0.5422 0.966441 0.312191 
461 454 409 
0.942086 0.944099 0.865589 0.00304444 0.339029 0.0847087 0.989911 0.639173 
462 115 272 
0.746317 0.824349 0.804924 0.469037 0.089665 0.844076 0.304864 0.604495 
463 462 368 
0.994664 0.644745 0.990967 0.508688 0.726981 0.317359 0.0508873 0.693422 
464 47 405 
0.0147175 0.571636 0.243686 0.880307 0.574681 0.582715 0.965015 0.564591 
465 151 577 
0.29368 0.968205 0.922736 0.0986037 0.437242 0.0124015 0.94268 0.742106 
466 21 0 
0.645323 0.61156 0.672951 0.63629 0.120248 0.399932 0.953649 0.171135 
467 348 34 
0.470722 0.108071 0.154836 0.714407 0.988377 0.729517 0.297123 0.953393 
468 569 105 
0.05178 0.587788 0.487216 0.974516 0.686391 0.924458 0.986918 0.629071 
469 484 347 
0.657276 0.311888 0.215374 0.330227 0.948178 0.335622 0.730158 0.901828 
470 168 29 
0.485027 0.977479 0.931583 0.639863 0.691886 0.91996 0.36938 0.989009 
471 262 398 
0.508019 0.925132 0.251276 0.995235 0.899649 0.937667 0.919693 0.886567 
472 166 25 
0.490381 0.224014 0.898145 0.705755 0.554241 0.846323 0.0413769 0.284399 
473 241 577 
0.107911 0.233178 0.525613 0.0394935 0.873041 0.217499 0.959453 0.242421 
474 553 299 
0.90591 0.714527 0.757938 0.157185 0.709762 0.657587 0.0948528 0.629455 
475 583 306 
0.215713 0.0345352 0.885605 0.113858 0.74029 0.439846 0.960182 0.781667 
476 368 392 
0.329801 0.832157 0.941511 0.855414 0.87165 0.814552 0.0729126 0.831104 
477 14 187 
0.66391 0.962883 0.993947 0.421848 0.120069 0.703709 0.0794354 0.214921 
478 114 255 
0.876512 0.548877 0.658125 0.762118 0.662735 0.398415 0.201964 0.622916 
479 55 373 
0.331249 0.509883 0.758367 0.272759 0.365297 0.630017 0.0873114 0.43821 
480 411 314 
0.71763 0.12503 0.107168 0.711576 0.546879 0.227237 0.415285 0.626314 
481 440 316 
0.249904 0.31867 0.297325 0.908029 0.080788 0.96006 0.306444 0.282752 
482 170 205 
0.208962 0.914225 0.996409 0.967329 0.186984 0.361706 0.597346 0.274295 
483 111 95 
0.41858 0.517545 0.183497 0.525748 0.229122 0.730376 0.752985 0.644406 
484 335 317 
0.392855 0.606593 0.513813 0.69018 0.514622 0.594601 0.65024 0.821066 
485 94 16 
0.307591 0.0863153 0.14744 0.304 0.0536443 0.334424 0.665706 0.65099 
486 368 339 
0.709457 0.0272999 0.983167 0.892955 0.553048 0.212288 0.623331 0.306033 
487 336 200 
0.501175 0.24955 0.586614 0.0149882 0.939729 0.101236 0.609589 0.589969 
488 362 57 
0.823185 0.229892 0.573258 0.970625 0.533893 0.626902 0.305049 0.199599 
489 93 528 
0.66522 0.98735 0.941069 0.648387 0.880304 0.494117 0.860675 0.503635 
490 375 547 
0.483655 0.301325 0.966919 0.0702688 0.316313 0.906649 0.171504 0.925902 
491 115 321 
0.412844 0.319802 0.323698 0.986102 0.290427 0.857591 0.613004 0.595476 
492 255 110 
0.509245 0.722409 0.878246 0.450314 0.370796 0.75855 0.94443 0.231472 
493 476 221 
0.948842 0.745839 0.0459048 0.915761 0.816108 0.362218 0.82241 0.987613 
494 320 166 
0.0814183 0.700964 0.63883 0.405116 0.687066 0.929257 0.262707 0.30007 
495 179 442 
0.190966 0.0339782 0.0423059 0.0692117 0.484292 0.413102 0.827761 0.428722 
496 336 88 
0.173302 0.593416 0.835785 0.219207 0.509177 0.651894 0.581425 0.331587 
497 265 36 
0.650614 0.720925 0.570509 0.289444 0.126041 0.257575 0.218701 0.388748 
498 421 163 
0.708645 0.748612 0.777413 0.75095 0.817823 0.261704 0.164053 0.645585 
499 343 354 
0.735531 0.863729 0.402043 0.571316 0.082936 0.91122 0.22321 0.664361 
500 81 241 
0.533906 0.89342 0.583641 0.104415 0.182865 0.709682 0.36199 0.401566 
501 383 473 
0.145 0.807075 0.668247 0.922413 0.558025 0.48607 0.184117 0.722078 
502 293 336 
0.530705 0.867186 0.738273 0.932748 0.438502 0.821209 0.843967 0.661712 
503 304 425 
0.524428 0.0194753 0.980194 0.108069 0.12389 0.163059 0.817751 0.48588 
504 218 4 
0.405516 0.709625 0.723256 0.0737627 0.632037 0.281281 0.559833 0.816154 
505 372 432 
0.690698 0.534065 0.558674 0.428971 0.466812 0.997175 0.25018 0.31078 
506 557 441 
0.397553 0.183315 0.755225 0.377747 0.291383 0.879115 0.540806 0.109134 
507 153 60 
0.0253146 0.770511 0.815055 0.74857 0.844273 0.447092 0.0298514 0.404106 
508 90 44 
0.0955943 0.953945 0.567275 0.654268 0.382916 0.0340878 0.651443 0.633096 
509 175 357 
0.368846 0.742421 0.493645 0.124071 0.120168 0.785028 0.00318571 0.660974 
510 343 204 
0.766405 0.919476 0.138692 0.58146 0.668046 0.982965 0.028552 0.697898 
511 112 342 
0.731109 0.482666 0.245743 0.298384 0.136934 0.628659 0.332472 0.788377 
512 317 555 
0.0987068 0.630601 0.41976 0.592351 0.754672 0.539929 0.377379 0.757858 
513 507 555 
0.126039 0.967308 0.191017 0.26473 0.548768 0.859063 0.247695 0.57732 
514 359 16 
0.869118 0.288069 0.117432 0.114862 0.586453 0.254365 0.743521 0.918925 
515 140 155 
0.596264 0.141449 0.635878 0.0160248 0.7338 0.39055 0.555954 0.11118 
516 337 249 
0.38272 0.274446 0.724165 0.573737 0.539176 0.272933 0.4328 0.786871 
517 371 306 
0.421638 0.719371 0.27783 0.53907 0.834233 0.864284 0.793435 0.577754 
518 5 71 
0.583031 0.379473 0.977626 0.218909 0.395498 0.711427 0.609459 0.951452 
519 522 181 
0.708309 0.205327 0.0323136 0.432474 0.779064 0.57149 0.705407 0.211864 
520 48 366 
0.201625 0.779999 0.275031 0.479455 0.319069 0.109264 0.343739 0.112504 
521 412 342 
0.948681 0.270049 0.506421 0.926308 0.488959 0.90192 0.637734 0.0984179 
522 302 553 
0.856285 0.56168 0.665667 0.888599 0.994154 0.444731 0.460089 0.699561 
523 25 139 
0.255221 0.85822 0.59845 0.530252 0.337675 0.917519 0.639516 0.681414 
524 100 209 
0.808362 0.978704 0.596584 0.314783 0.905012 0.0855423 0.216703 0.542746 
525 192 332 
0.00308728 0.0402453 0.631755 0.668755 0.928844 0.625909 0.113486 0.388933 
526 519 43 
0.207383 0.58069 0.628301 0.805833 0.110942 0.965976 0.723352 0.750458 
527 168 346 
0.0769921 0.455752 0.732079 0.673576 0.770535 0.637091 0.759118 0.987238 
528 37 407 
0.0573129 0.182925 0.983324 0.689068 0.85168 0.912168 0.314977 0.965166 
529 71 526 
0.735247 0.508484 0.221137 0.363547 0.314317 0.332079 0.329523 0.0376691 
530 14 139 
0.791044 0.159529 0.432665 0.523123 0.833105 0.2032 0.160214 0.592223 
531 22 145 
0.535301 0.247751 0.522977 0.518625 0.936819 0.374657 0.430792 0.251795 
532 18 83 
0.892242 0.0750688 0.240377 0.113379 0.438616 0.554694 0.445458 0.768139 
533 325 421 
0.745052 0.383407 0.687523 0.177717 0.90653 0.520628 0.380917 0.0667445 
534 32 365 
0.406796 0.648152 0.819106 0.929773 0.166777 0.755925 0.30443 0.597569 
535 104 437 
0.329462 0.899962 0.719321 0.569839 0.0133403 0.157937 0.124533 0.458798 
536 233 130 
0.986792 0.671128 0.100304 0.674316 0.848845 0.00683374 0.194944 0.229761 
537 385 155 
0.801116 0.480375 0.955947 0.620222 0.410148 0.122723 0.376147 0.714578 
538 422 100 
0.35883 0.0497544 0.283829 0.0781504 0.619593 0.297169 0.236087 0.744127 
539 572 272 
0.461023 0.742759 0.833291 0.561327 0.417075 0.682136 0.56816 0.612019 
540 330 403 
0.919814 0.713014 0.122113 0.87576 0.333236 0.532261 0.998484 0.709383 
541 408 49 
0.0932496 0.605668 0.76853 0.377078 0.683819 0.388124 0.674247 0.919906 
542 202 391 
0.0820694 0.593273 0.172973 0.915361 0.1546 0.590048 0.597497 0.72276 
543 470 354 
0.364499 0.121881 0.222408 0.486612 0.997641 0.555644 0.0188729 0.996125 
544 343 208 
0.7149 0.358277 0.87138 0.483431 0.735355 0.555198 0.871554 0.409602 
545 238 320 
0.839816 0.557174 0.597078 0.0127899 0.472535 0.751678 0.602838 0.0700316 
546 489 31 
0.579426 0.838937 0.926786 0.801835 0.325549 0.924427 0.357479 0.344422 
547 199 498 
0.610133 0.635452 0.980783 0.481513 0.118883 0.716138 0.0367113 0.990437 
548 14 256 
0.994242 0.965556 0.0689893 0.59132 0.978346 0.541524 0.342998 0.581184 
549 578 445 
0.38609 0.190982 0.656373 0.312876 0.992816 0.981923 0.237303 0.350295 
550 198 517 
0.972801 0.936478 0.793307 0.953584 0.417991 0.91219 0.669722 0.454702 
551 242 20 
0.966518 0.89687 0.761017 0.0355071 0.48819 0.739364 0.577031 0.831188 
552 184 282 
0.648624 0.706638 0.379568 0.304998 0.0195137 0.372384 0.28692 0.256817 
553 409 517 
0.414672 0.695481 0.549743 0.20798 0.649065 0.967733 0.12017 0.318787 
554 128 24 
0.114248 0.388954 0.919668 0.875266 0.424461 0.407857 0.614629 0.00149151 
555 186 83 
0.190078 0.887669 0.641815 0.569646 0.192667 0.661328 0.94203 0.479587 
556 29 54 
0.0928521 0.332818 0.360191 0.642595 0.540798 0.00925637 0.610328 0.660968 
557 418 103 
0.683766 0.442292 0.421717 0.603434 0.317557 0.846178 0.0112911 0.932187 
558 167 338 
0.867364 0.0377472 0.138006 0.509178 0.607393 0.330673 0.170507 0.549423 
559 498 204 
0.214133 0.903112 0.42147 0.574324 0.545707 0.962268 0.58358 0.156035 
560 90 363 
0.188799 0.307002 0.353915 0.610516 0.910436 0.671472 0.456694 0.921727 
561 402 358 
0.172063 0.471023 0.342111 0.310069 0.980201 0.949504 0.640742 0.150708 
562 168 591 
0.23936 0.71306 0.354115 0.660831 0.287384 0.899822 0.623099 0.870964 
563 301 80 
0.782587 0.244656 0.553337 0.136502 0.855173 0.463773 0.807975 0.311867 
564 147 399 
0.616231 0.557563 0.882656 0.958342 0.867632 0.862857 0.907846 0.508374 
565 121 414 
0.959376 0.252926 0.119833 0.313491 0.913756 0.407216 0.213313 0.536855 
566 135 43 
0.78319 0.0607674 0.513826 0.336527 0.19727 0.368998 0.8003 0.00524457 
567 72 563 
0.416878 0.297096 0.743363 0.299535 0.255438 0.610994 0.162392 0.163284 
568 532 400 
0.570057 0.078744 0.428883 0.689889 0.392235 0.342639 0.0971055 0.605547 
569 92 126 
0.874717 0.662684 0.436053 0.388543 0.999211 0.633323 0.757542 0.799511 
570 150 235 
0.985311 0.0554456 0.735503 0.728674 0.35498 0.990941 0.339668 0.517373 
571 414 567 
0.69333 0.724281 0.53778 0.122213 0.414171 0.930015 0.464853 0.511276 
572 276 353 
0.886562 0.410279 0.00703158 0.322614 0.798822 0.00624304 0.955937 0.556364 
573 304 12 
0.994771 0.791066 0.64995 0.730274 0.519739 0.00493035 0.721215 0.859407 
574 80 116 
0.318443 0.215633 0.599721 0.856223 0.337847 0.0138911 0.786238 0.802699 
575 95 266 
0.147046 0.411729 0.732079 0.154078 0.734343 0.530902 0.160321 0.69028 
576 366 586 
0.284784 0.0820359 0.757141 0.934734 0.81231 0.27688 0.939665 0.533524 
577 315 14 
0.408963 0.454731 0.677601 0.00868397 0.310954 0.0154474 0.0225751 0.0971918 
578 43 263 
0.418992 0.965193 0.959471 0.151071 0.119271 0.693814 0.681973 0.279592 
579 151 55 
0.245668 0.668878 0.851274 0.00280884 0.603613 0.663583 0.279689 0.543278 
580 397 414 
0.00524527 0.606071 0.870707 0.682846 0.614755 0.181661 0.698294 0.63733 
581 112 492 
0.185072 0.697844 0.481633 0.144543 0.848916 0.600905 0.838357 0.530888 
582 79 550 
0.300126 0.126165 0.891329 0.1514 0.128974 0.494941 0.814984 0.408663 
583 401 534 
0.824639 0.0434641 0.618162 0.695346 0.72631 0.232917 0.877007 0.424604 
584 63 252 
0.941044 0.0553197 0.853704 0.422678 0.199863 0.702619 0.0235823 0.0382191 
585 6 300 
0.26067 0.533634 0.0302439 0.151998 0.685034 0.159217 0.64694 0.500018 
586 344 255 
0.51211 0.392519 0.728623 0.130272 0.087865 0.454933 0.36319 0.964872 
587 486 568 
0.120731 0.820581 0.288757 0.974435 0.243259 0.488619 0.677054 0.266841 
588 212 198 
0.17092 0.787508 0.444196 0.201164 0.939506 0.129231 0.360381 0.586446 
589 499 54 
0.271604 0.141359 0.32078 0.000226619 0.271631 0.408645 0.455159 0.634821 
590 256 389 
0.868258 0.494248 0.155277 0.157015 0.468684 0.398536 0.645634 0.145738 
591 41 599 
0.0563002 0.836297 0.95998 0.500497 0.0374613 0.899487 0.629728 0.397843 
592 259 333 
0.326104 0.757536 0.400336 0.646885 0.757763 0.671967 0.0555301 0.212922 
593 260 186 
0.547619 0.175046 0.923296 0.702896 0.33206 0.391979 0.101432 0.977694 
594 154 340 
0.150167 0.594018 0.603106 0.110147 0.0945143 0.640568 0.00963388 0.724242 
595 577 267 
0.983219 0.364515 0.253103 0.383555 0.0113992 0.0108656 0.0555219 0.0669292 
596 337 580 
0.495977 0.771407 0.537355 0.419272 0.474303 0.869416 0.811252 0.575735 
597 139 69 
0.342544 0.997277 0.942987 0.94565 0.107424 0.037501 0.586218 0.117058 
598 50 225 
0.612624 0.744962 0.989143 0.865727 0.128517 0.000541892 0.876592 0.184038 
599 353 286 
0.546348 0.563448 0.871787 0.0837036 0.98272 0.34609 0.953119 0.793972 
