26 2
0 0 1 1 1 0 1 0 1 0 1 0 1 1 1 0 0 1 1 0 0 1 0 0 1 0 
0 7 
0.204469 0.844347 0.539071 0.0138819 
1 20 
0.308186 0.162371 0.853645 0.307033 
2 7 
0.439484 0.0200848 0.157532 0.533455 
3 15 
0.619243 0.714367 0.280806 0.724148 
4 23 
0.0165813 0.938644 0.456233 0.628506 
5 14 
0.018962 0.710395 0.197547 0.215305 
6 24 
0.46278 0.419774 0.868647 0.00185019 
7 10 
0.847369 0.310036 0.596027 0.701014 
8 24 
0.48169 0.140499 0.637154 0.639222 
9 11 
0.648687 0.258465 0.38832 0.929492 
10 3 
0.41496 0.946074 0.921257 0.871193 
11 23 
0.122809 0.890155 0.284974 0.320356 
12 18 
0.309274 0.783136 0.525234 0.177921 
13 8 
0.95889 0.0252903 0.0950217 0.554917 
14 8 
0.712091 0.0366074 0.866803 0.349245 
15 19 
0.540756 0.997931 0.934294 0.929076 
16 20 
0.916906 0.344036 0.873497 0.838163 
17 22 
0.448077 0.960972 0.105385 0.733051 
18 0 
0.210845 0.0423249 0.0644636 0.73608 
19 18 
0.849449 0.69497 0.245536 0.944471 
20 23 
0.971841 0.656562 0.286495 0.838643 
21 9 
0.962324 0.379399 0.00373832 0.896618 
22 6 
0.931162 0.813524 0.652512 0.804659 
23 25 
0.867741 0.252736 0.612659 0.973127 
24 16 
0.893987 0.183972 0.0281113 0.958451 
25 19 
0.248357 0.8079 0.615022 0.493894 
