66 6
1 1 1 0 0 0 0 1 1 1 0 0 0 0 0 1 1 1 1 0 0 1 0 1 1 0 1 1 0 0 1 0 1 1 0 0 1 1 0 1 1 1 0 0 0 1 0 1 1 1 0 0 1 1 0 1 0 0 1 0 1 1 1 1 0 0 
0 11 1 43 36 29 
0.86112 0.48613 0.723074 0.85658 0.156851 0.935562 0.217645 0.394833 0.54843 0.430339 0.194631 0.510958 0.285339 0.130433 0.385069 0.860284 0.824294 0.623846 0.106175 0.950921 0.610076 0.199508 0.209138 0.320031 0.482099 0.042908 0.61208 0.706826 0.190813 0.700744 0.473467 0.0519334 0.186874 0.196541 0.908513 0.343725 0.132103 0.126158 0.738558 0.680532 0.556497 0.933189 0.191491 0.841836 0.063622 0.57656 0.702121 0.887916 0.200406 0.808295 0.838837 0.810482 0.00780308 0.0479749 0.130513 0.489902 0.0908829 0.742593 0.196728 0.281696 0.443337 0.670195 0.33363 0.630211 
1 34 5 58 61 63 
0.712494 0.679371 0.924798 0.645683 0.870862 0.766635 0.709305 0.447422 0.468755 0.597221 0.647827 0.27705 0.436059 0.458309 0.284853 0.484034 0.588822 0.774755 0.574917 0.331414 0.971483 0.856613 0.774751 0.641678 0.190243 0.404962 0.508413 0.432385 0.378897 0.507252 0.800687 0.091391 0.186623 0.725485 0.737074 0.0574848 0.49212 0.446379 0.504906 0.960875 0.0436009 0.152734 0.237925 0.47966 0.611043 0.522778 0.963693 0.199865 0.297533 0.53861 0.531279 0.269016 0.395223 0.30603 0.910693 0.585465 0.710991 0.419106 0.0178507 0.0898883 0.926358 0.818537 0.181279 0.112981 
2 23 52 60 45 56 
0.675372 0.997016 0.408334 0.828106 0.234941 0.887993 0.439149 0.757719 0.851687 0.639014 0.0552518 0.390296 0.170292 0.324267 0.785519 0.476322 0.23496 0.370984 0.187313 0.654067 0.388835 0.277201 0.580425 0.207372 0.458481 0.693406 0.751394 0.376834 0.863872 0.787536 0.741567 0.539244 0.784553 0.149901 0.367351 0.0194939 0.0378947 0.8065 0.777213 0.889581 0.445513 0.832465 0.279878 0.615806 0.156732 0.0653967 0.0921279 0.391692 0.436381 0.279441 0.0457592 0.825216 0.556643 0.626184 0.0325879 0.0151234 0.31959 0.783982 0.391958 0.183462 0.571519 0.133525 0.722707 0.356071 
3 13 49 26 47 2 
0.152778 0.210903 0.342071 0.985243 0.49078 0.957877 0.141975 0.556177 0.0500045 0.533667 0.992558 0.329446 0.579426 0.817774 0.886088 0.205611 0.850361 0.901211 0.525201 0.634344 0.293169 0.708663 0.205862 0.426694 0.43137 0.561934 0.710121 0.521427 0.937499 0.031442 0.417985 0.0902768 0.242345 0.760055 0.0755196 0.733125 0.717932 0.217494 0.289302 0.767936 0.751162 0.28186 0.0973819 0.330588 0.0996332 0.98347 0.536199 0.949995 0.884681 0.0613997 0.584338 0.17785 0.770063 0.7902 0.604545 0.201433 0.352134 0.314666 0.72286 0.289633 0.346108 0.140845 0.37991 0.588452 
4 8 29 35 34 9 
0.610879 0.386769 0.424085 0.892739 0.484151 0.754674 0.992372 0.46762 0.290873 0.942366 0.352302 0.352272 0.526705 0.530152 0.122335 0.316905 0.134697 0.323768 0.669039 0.449363 0.0466283 0.958672 0.79547 0.187473 0.338581 0.383922 0.0883735 0.79401 0.705499 0.707206 0.466934 0.316378 0.0939745 0.891019 0.209117 0.578125 0.645693 0.201489 0.0457455 0.936566 0.143855 0.398047 0.288838 0.670559 0.928199 0.411173 0.987464 0.0628964 0.734941 0.656504 0.512259 0.781569 0.615175 0.307729 0.969042 0.953756 0.691651 0.057416 0.747767 0.397151 0.764622 0.214701 0.713529 0.858596 
5 27 11 42 21 62 
0.687979 0.267989 0.880514 0.976817 0.938549 0.808713 0.38799 0.926013 0.87161 0.122931 0.582517 0.383869 0.9045 0.197692 0.691598 0.873542 0.151448 0.383249 0.930958 0.899215 0.7804 0.69558 0.113916 0.493929 0.554176 0.219636 0.416574 0.990897 0.97105 0.540708 0.473364 0.659028 0.808697 0.353878 0.635845 0.747246 0.162592 0.0238346 0.673259 0.0342015 0.146765 0.255776 0.41807 0.0512648 0.453468 0.109668 0.924807 0.604916 0.492917 0.855765 0.504131 0.273317 0.551345 0.618047 0.767245 0.105521 0.837684 0.18382 0.0964185 0.808733 0.724528 0.569783 0.467762 0.533225 
6 2 19 53 10 11 
0.953731 0.120454 0.274206 0.209507 0.538524 0.325471 0.662974 0.648192 0.250278 0.26789 0.14111 0.106043 0.772021 0.414426 0.657388 0.390069 0.181672 0.762909 0.227752 0.365491 0.859327 0.0364852 0.0900194 0.42911 0.504247 0.623245 0.352771 0.607853 0.903716 0.439023 0.735294 0.857447 0.559477 0.00950043 0.0669536 0.0980013 0.334971 0.729928 0.746194 0.585249 0.997818 0.887303 0.691292 0.769839 0.30173 0.34868 0.159908 0.483402 0.111589 0.38766 0.848893 0.970916 0.424145 0.938913 0.400026 0.928392 0.562157 0.752797 0.536245 0.465874 0.191821 0.27154 0.323321 0.751298 
7 15 14 12 17 33 
0.20126 0.11802 0.482796 0.892552 0.887859 0.784526 0.241232 0.0477673 0.267927 0.352821 0.435427 0.11682 0.323738 0.859572 0.055733 0.723764 0.787964 0.61789 0.476561 0.32421 0.0837642 0.668382 0.595749 0.407085 0.41968 0.876789 0.797359 0.268979 0.4928 0.917562 0.864471 0.694061 0.0355819 0.347267 0.586613 0.923441 0.131793 0.827846 0.971209 0.39972 0.180667 0.406636 0.516541 0.504404 0.266209 0.572274 0.228168 0.054173 0.190164 0.70473 0.378383 0.273928 0.373112 0.974132 0.681013 0.792791 0.850921 0.478373 0.06177 0.343721 0.395935 0.926241 0.0377821 0.431517 
8 52 22 18 14 36 
0.326167 0.805022 0.632908 0.732803 0.321563 0.137312 0.999011 0.893837 0.36548 0.0531841 0.0840012 0.0702098 0.431567 0.35793 0.443321 0.405698 0.038943 0.236113 0.256619 0.517316 0.297883 0.600341 0.913251 0.224124 0.638123 0.344767 0.497633 0.262518 0.699725 0.902935 0.714759 0.0258916 0.707957 0.347667 0.758694 0.02952 0.484979 0.757705 0.923357 0.850459 0.810889 0.00735812 0.920668 0.242456 0.365288 0.36399 0.648155 0.404231 0.600103 0.904774 0.921547 0.897985 0.505115 0.834797 0.122109 0.143238 0.179564 0.619742 0.405756 0.879289 0.522676 0.120515 0.905181 0.230633 
9 65 55 28 47 42 
0.18351 0.803619 0.23247 0.190868 0.724287 0.474926 0.556156 0.0882773 0.123081 0.960387 0.68838 0.0278547 0.881934 0.586365 0.532969 0.716731 0.708474 0.676207 0.896295 0.328216 0.0819631 0.775585 0.850892 0.202478 0.680766 0.0815258 0.67066 0.344641 0.341679 0.62382 0.766221 0.525189 0.427439 0.998691 0.716058 0.151726 0.473617 0.272214 0.240004 0.596698 0.232601 0.928383 0.624553 0.114534 0.514748 0.157522 0.831265 0.223222 0.833729 0.727561 0.551438 0.915692 0.503145 0.402331 0.118171 0.183911 0.483856 0.78883 0.528552 0.825535 0.41265 0.294773 0.350725 0.840089 
10 3 58 23 52 20 
0.231819 0.36378 0.571597 0.160202 0.988332 0.686131 0.674951 0.145855 0.517397 0.898173 0.979584 0.244957 0.449611 0.895276 0.748102 0.851942 0.013447 0.932013 0.335798 0.802277 0.460565 0.161333 0.214927 0.755338 0.512058 0.0550166 0.0488024 0.57884 0.046832 0.815884 0.917837 0.278651 0.179664 0.489434 0.438853 0.167996 0.175565 0.113804 0.313851 0.692962 0.0119768 0.293435 0.937919 0.461588 0.188711 0.686021 0.313529 0.202158 0.618035 0.649327 0.00443553 0.0785998 0.81066 0.219363 0.833938 0.322718 0.27438 0.88274 0.901559 0.321212 0.698624 0.819395 0.599863 0.878288 
11 5 51 12 7 55 
0.360135 0.177356 0.164497 0.65357 0.115275 0.626085 0.842281 0.801296 0.939614 0.0444397 0.419331 0.588941 0.0488753 0.497931 0.399602 0.268238 0.331869 0.72232 0.542618 0.214609 0.623879 0.86383 0.913233 0.443274 0.463692 0.791522 0.752103 0.502408 0.837806 0.236498 0.654928 0.197941 0.413854 0.819425 0.851511 0.529129 0.44551 0.693793 0.330425 0.385124 0.738232 0.749756 0.974065 0.787108 0.247687 0.373667 0.0553459 0.579556 0.0959868 0.597964 0.794165 0.719866 0.461793 0.707398 0.16314 0.925486 0.49892 0.915243 0.427894 0.336726 0.151741 0.0828223 0.534667 0.565595 
12 29 36 0 30 22 
0.425148 0.732881 0.818203 0.174904 0.706946 0.605311 0.422591 0.0806131 0.660657 0.0021472 0.1766 0.258621 0.796312 0.896466 0.720414 0.503711 0.0596054 0.6459 0.00263071 0.974849 0.0737939 0.339357 0.12659 0.156616 0.874024 0.692184 0.0588637 0.260202 0.786907 0.406621 0.340173 0.212056 0.139502 0.158377 0.38696 0.846448 0.763688 0.809551 0.927061 0.424345 0.811698 0.103661 0.682966 0.60801 0.000126863 0.40338 0.111721 0.0597323 0.0492798 0.114352 0.034581 0.123074 0.453709 0.161171 0.27969 0.327732 0.853355 0.338554 0.587935 0.640262 0.745174 0.928108 0.852318 0.884677 
13 0 6 58 18 25 
0.658186 0.274517 0.860527 0.761848 0.957483 0.468537 0.761975 0.360863 0.580259 0.821707 0.410142 0.69461 0.856288 0.533216 0.148319 0.0174587 0.812906 0.476051 0.870814 0.151459 0.0639859 0.511076 0.896634 0.992094 0.363394 0.781311 0.0785782 0.602672 0.512436 0.92875 0.651501 0.170622 0.203268 0.512028 0.93247 0.16075 0.980565 0.694444 0.521613 0.560824 0.516151 0.931755 0.255434 0.372439 0.464971 0.403753 0.389898 0.277877 0.879804 0.260711 0.429337 0.94379 0.771788 0.325971 0.935884 0.135182 0.107281 0.0144621 0.737853 0.619717 0.943213 0.389354 0.790339 0.14648 
14 38 33 27 28 35 
0.828843 0.44277 0.933404 0.760599 0.698204 0.305843 0.22557 0.101957 0.695741 0.503447 0.981762 0.956452 0.932784 0.925552 0.72824 0.258755 0.861436 0.863421 0.366036 0.875898 0.601275 0.985753 0.819111 0.990629 0.776091 0.965591 0.89201 0.4989 0.272821 0.773957 0.916152 0.101665 0.216727 0.849556 0.862263 0.914932 0.155399 0.0878335 0.0168893 0.85114 0.591281 0.998651 0.807592 0.524065 0.924203 0.535831 0.78282 0.785639 0.399253 0.148856 0.661537 0.00052768 0.134609 0.480647 0.991157 0.9107 0.446238 0.883167 0.4096 0.719059 0.657124 0.325752 0.820724 0.873852 
15 65 47 43 18 37 
0.181847 0.362102 0.804324 0.989439 0.886167 0.728527 0.525271 0.668987 0.514166 0.924523 0.817843 0.175702 0.925051 0.952451 0.65635 0.916208 0.863151 0.102588 0.799375 0.272751 0.821647 0.456499 0.598504 0.642371 0.330351 0.773812 0.325358 0.119134 0.10452 0.0961793 0.924807 0.286367 0.458281 0.729131 0.275806 0.344448 0.457658 0.801077 0.0134346 0.971823 0.725601 0.831277 0.147526 0.650652 0.783728 0.803875 0.566859 0.64688 0.906463 0.366234 0.919631 0.72811 0.822733 0.518135 0.370481 0.153084 0.291947 0.69584 0.272218 0.396467 0.792019 0.197025 0.682834 0.2503 
16 40 20 8 54 30 
0.608183 0.355636 0.485318 0.43946 0.503162 0.13597 0.223189 0.307037 0.70283 0.870068 0.2135 0.0690639 0.7897 0.941611 0.891797 0.307834 0.312092 0.0448808 0.599782 0.00793191 0.317099 0.996249 0.799951 0.514124 0.679083 0.0502514 0.440279 0.637724 0.645 0.824093 0.397442 0.253182 0.179729 0.88276 0.692642 0.682891 0.0187306 0.915831 0.989928 0.72156 0.785899 0.203429 0.790624 0.575599 0.145039 0.682421 0.883433 0.457131 0.727302 0.483215 0.465063 0.0444006 0.479464 0.265014 0.558524 0.158547 0.315266 0.998803 0.796271 0.960265 0.822896 0.193712 0.213448 0.00262494 
17 6 12 8 20 63 
0.675444 0.816764 0.607821 0.878873 0.607388 0.183419 0.0239123 0.289809 0.0668527 0.481044 0.0171109 0.550067 0.946107 0.0615115 0.029531 0.211122 0.620036 0.188078 0.526387 0.618839 0.984348 0.486653 0.441735 0.178061 0.700101 0.44436 0.254534 0.606191 0.129876 0.349737 0.428112 0.80532 0.166501 0.0359329 0.684193 0.773889 0.219352 0.708105 0.0636976 0.286205 0.189149 0.0808085 0.836273 0.135256 0.14232 0.865804 0.346378 0.762356 0.0538811 0.872765 0.381195 0.0382293 0.359418 0.82293 0.21629 0.0595188 0.26729 0.470824 0.66571 0.397166 0.820561 0.0938221 0.202487 0.987061 
18 4 65 19 2 53 
0.824648 0.635313 0.783934 0.905456 0.471585 0.91919 0.0477761 0.337389 0.265568 0.810132 0.39127 0.138334 0.191327 0.429499 0.497752 0.0142571 0.645789 0.557271 0.281548 0.116613 0.22298 0.678714 0.937173 0.316802 0.881201 0.924235 0.446558 0.76788 0.685185 0.795665 0.362666 0.509832 0.430977 0.1466 0.415288 0.902563 0.0657901 0.463064 0.239951 0.331358 0.273196 0.631221 0.469692 0.464523 0.0607199 0.967444 0.47878 0.706509 0.524714 0.760328 0.823122 0.747694 0.439042 0.760295 0.0644968 0.320242 0.684529 0.511054 0.0881229 0.369714 0.306719 0.450788 0.879546 0.737697 
19 63 9 6 11 56 
0.88021 0.994537 0.0310947 0.511431 0.464228 0.495618 0.572151 0.431672 0.974398 0.27866 0.956386 0.734725 0.101782 0.70408 0.173767 0.862076 0.768577 0.49401 0.546606 0.279631 0.582132 0.91632 0.586351 0.0329208 0.795866 0.324048 0.630309 0.0906998 0.964307 0.293487 0.848598 0.844517 0.288024 0.879693 0.355949 0.752252 0.375311 0.9281 0.183924 0.349708 0.20676 0.14031 0.084434 0.308541 0.84439 0.258201 0.170617 0.612968 0.752211 0.717223 0.892599 0.334343 0.633543 0.47895 0.367264 0.429408 0.802997 0.997573 0.520108 0.767304 0.29106 0.368706 0.611822 0.579084 
20 12 27 35 8 40 
0.51526 0.973418 0.102629 0.655571 0.0578522 0.411171 0.499961 0.316053 0.581788 0.112929 0.0682641 0.299011 0.00552773 0.402607 0.932554 0.484478 0.769871 0.361962 0.287475 0.767444 0.88207 0.0547795 0.0585043 0.250776 0.666601 0.637588 0.499175 0.634371 0.968925 0.122885 0.530241 0.484185 0.0963032 0.632871 0.139756 0.154155 0.0440415 0.639717 0.470209 0.62583 0.752645 0.538473 0.924841 0.758173 0.94108 0.857394 0.242651 0.710951 0.219356 0.530126 0.478395 0.101426 0.584905 0.5369 0.352202 0.251506 0.174488 0.851377 0.885878 0.143413 0.974262 0.416119 0.627598 0.0705649 
21 5 55 43 50 25 
0.718861 0.159715 0.233402 0.643702 0.917888 0.174482 0.501096 0.160538 0.885433 0.720452 0.690664 0.363829 0.821878 0.275569 0.900729 0.174079 0.527076 0.0752165 0.0254559 0.412954 0.218629 0.999718 0.829073 0.846227 0.0702824 0.878063 0.61358 0.295003 0.971095 0.0206494 0.989932 0.689956 0.180364 0.223334 0.333658 0.0982521 0.397816 0.834754 0.25879 0.28325 0.555206 0.949455 0.647079 0.377083 0.225024 0.547807 0.551163 0.7521 0.623024 0.576618 0.165053 0.841653 0.576336 0.994126 0.68788 0.646618 0.87219 0.301459 0.941621 0.843285 0.322109 0.931553 0.533241 0.502473 
22 4 43 0 47 31 
0.859515 0.835954 0.256858 0.80897 0.483032 0.633942 0.0339938 0.0308396 0.185104 0.786093 0.653863 0.761723 0.951147 0.495516 0.338059 0.945273 0.183396 0.984677 0.817463 0.484855 0.926298 0.660747 0.806964 0.857851 0.193988 0.309437 0.0127388 0.0608868 0.910162 0.565443 0.762539 0.769677 0.401396 0.0193978 0.578647 0.884429 0.653339 0.612641 0.915268 0.838444 0.398734 0.569132 0.600166 0.349881 0.064648 0.938225 0.295154 0.248044 0.922902 0.112617 0.732899 0.8492 0.773364 0.539863 0.707051 0.967353 0.849299 0.71979 0.0282394 0.759461 0.285233 0.790779 0.529138 0.686629 
23 12 49 2 36 43 
0.486326 0.30196 0.119161 0.0554572 0.902126 0.469042 0.120105 0.840351 0.764197 0.368149 0.763253 0.876814 0.101048 0.612453 0.650178 0.640911 0.319504 0.617531 0.49021 0.0392943 0.64577 0.249671 0.324527 0.436549 0.77881 0.0111558 0.246726 0.886596 0.582213 0.710242 0.607022 0.0685388 0.0122017 0.726183 0.123996 0.914328 0.195226 0.244101 0.754679 0.959422 0.61225 0.517932 0.836236 0.713298 0.130385 0.486414 0.354209 0.449889 0.103945 0.844419 0.489183 0.749715 0.0940907 0.81371 0.186264 0.872901 0.824866 0.43299 0.759496 0.407079 0.143232 0.366518 0.475618 0.155434 
24 34 35 62 48 10 
0.24735 0.455965 0.342372 0.0835858 0.169264 0.472757 0.57 0.523473 0.922646 0.673945 0.367892 0.411829 0.42366 0.461983 0.22554 0.609925 0.334883 0.0504057 0.0429146 0.0943796 0.457485 0.186147 0.460898 0.933103 0.34158 0.5536 0.532717 0.411342 0.841527 0.376432 0.235782 0.0888772 0.832398 0.578154 0.172463 0.00166125 0.0509117 0.742463 0.525134 0.973558 0.416408 0.893026 0.385387 0.840068 0.355009 0.610927 0.449993 0.689892 0.661333 0.492908 0.784272 0.118818 0.679054 0.24517 0.0519206 0.0206342 0.79877 0.584637 0.431976 0.640297 0.96107 0.667758 0.729175 0.793467 
25 49 9 6 38 55 
0.270382 0.0605088 0.213288 0.655769 0.900577 0.568297 0.266696 0.35057 0.25819 0.928029 0.843478 0.0424614 0.0468468 0.522532 0.287631 0.0987675 0.543166 0.0864014 0.683405 0.975142 0.726699 0.644475 0.6429 0.455873 0.437942 0.888812 0.357511 0.23307 0.185636 0.00161159 0.553332 0.456018 0.0621204 0.766621 0.111787 0.962698 0.334918 0.378483 0.313268 0.593107 0.306512 0.156746 0.635569 0.353359 0.679277 0.9232 0.452127 0.222443 0.0096017 0.135532 0.197585 0.7363 0.780006 0.840485 0.192174 0.217948 0.729297 0.549685 0.451018 0.914933 0.551296 0.00434994 0.370951 0.613417 
26 35 5 65 17 27 
0.698996 0.167733 0.0461275 0.334565 0.521093 0.725405 0.257765 0.973219 0.947848 0.267367 0.108751 0.145433 0.00366718 0.888757 0.985918 0.195841 0.106705 0.715215 0.745525 0.557723 0.630148 0.296821 0.562073 0.00109818 0.910238 0.333043 0.483836 0.486352 0.438932 0.345057 0.375734 0.137928 0.51279 0.421862 0.472492 0.0338827 0.147267 0.730257 0.00710203 0.0951149 0.997624 0.115853 0.240548 0.00129136 0.00461024 0.226466 0.197132 0.111315 0.941681 0.942658 0.669038 0.571829 0.239479 0.23111 0.572927 0.149717 0.564154 0.0567628 0.636069 0.0030853 0.40182 0.0118034 0.141013 0.91461 
27 10 39 28 18 19 
0.955594 0.676047 0.341387 0.0714474 0.916595 0.342678 0.0760576 0.143061 0.53981 0.187373 0.0847425 0.482468 0.856411 0.656571 0.721947 0.0875212 0.229498 0.871664 0.651675 0.286261 0.507733 0.65476 0.688081 0.519537 0.795773 0.60269 0.953202 0.409278 0.551183 0.534134 0.753041 0.506777 0.21018 0.0944274 0.578224 0.126775 0.437105 0.654282 0.269836 0.976916 0.841655 0.354579 0.459384 0.698065 0.01115 0.181331 0.785587 0.240648 0.0529945 0.437261 0.52691 0.560728 0.0920215 0.21499 0.0802641 0.887794 0.817681 0.0334659 0.297072 0.368863 0.567599 0.0501132 0.87564 0.77778 
28 53 33 48 9 31 
0.174391 0.558562 0.949801 0.52897 0.0179455 0.647867 0.54012 0.199276 0.433453 0.780768 0.25227 0.870715 0.307678 0.812998 0.962736 0.522668 0.893262 0.85053 0.340348 0.926728 0.147603 0.709212 0.494328 0.197716 0.584852 0.272107 0.342257 0.0387161 0.176662 0.923903 0.146862 0.351053 0.482464 0.0966635 0.880022 0.50041 0.74453 0.420142 0.699686 0.177983 0.20091 0.951957 0.0486977 0.508587 0.764955 0.0114338 0.0312551 0.658217 0.861964 0.371604 0.584945 0.0095671 0.0808151 0.0792724 0.207283 0.665667 0.351379 0.54954 0.704383 0.528041 0.473442 0.851245 0.879094 0.955907 
29 46 28 0 44 12 
0.156003 0.870422 0.380167 0.107959 0.91912 0.888754 0.872914 0.930554 0.92001 0.531131 0.792518 0.291613 0.116076 0.802085 0.372428 0.195348 0.00936801 0.0380952 0.546728 0.558908 0.742478 0.0747689 0.0323502 0.593723 0.953863 0.988257 0.541632 0.712978 0.444574 0.234071 0.892236 0.600577 0.104493 0.272403 0.708536 0.0236128 0.161157 0.58145 0.954166 0.0811671 0.112581 0.746684 0.37278 0.228657 0.548769 0.745209 0.424005 0.558137 0.783304 0.970733 0.117045 0.525782 0.0455019 0.149395 0.119505 0.999364 0.137652 0.661137 0.712343 0.582226 0.895208 0.604579 0.182803 0.999701 
30 13 31 54 9 53 
0.97748 0.119306 0.585371 0.724165 0.492086 0.814028 0.272933 0.237295 0.238034 0.83107 0.0205986 0.208767 0.948115 0.54638 0.254269 0.0975101 0.665885 0.253633 0.235162 0.327023 0.965976 0.817388 0.222231 0.570554 0.000191435 0.221932 0.447536 0.891531 0.245246 0.485675 0.364321 0.222727 0.604981 0.949692 0.946891 0.097067 0.763721 0.219825 0.334362 0.00175437 0.0508952 0.35496 0.210521 0.99901 0.901341 0.46479 0.0965204 0.567226 0.718423 0.331683 0.894249 0.684399 0.149071 0.11648 0.254953 0.149262 0.338412 0.702489 0.0407934 0.583659 0.188164 0.405114 0.806385 0.793145 
31 40 24 6 50 19 
0.224574 0.120282 0.0239967 0.579534 0.330803 0.023007 0.480875 0.795593 0.119527 0.048101 0.514016 0.45121 0.94235 0.198415 0.600281 0.05883 0.453368 0.749543 0.397242 0.155857 0.790337 0.980901 0.344021 0.195451 0.787286 0.137166 0.550258 0.540563 0.0273781 0.668785 0.513664 0.251952 0.789066 0.537661 0.831486 0.119869 0.560668 0.31236 0.915462 0.680195 0.360461 0.429477 0.131406 0.302811 0.627892 0.731687 0.361641 0.0812597 0.48123 0.758884 0.237117 0.271567 0.739784 0.581138 0.467018 0.527071 0.718305 0.0172757 0.0676333 0.745683 0.686061 0.581298 0.997634 0.475127 
32 57 22 13 20 0 
0.359822 0.501942 0.939935 0.491227 0.804753 0.567826 0.222914 0.166395 0.649086 0.704144 0.925278 0.886203 0.975711 0.665063 0.467341 0.442729 0.192133 0.185646 0.460005 0.259767 0.931329 0.146065 0.841064 0.928963 0.621192 0.960023 0.758083 0.216188 0.639649 0.899564 0.726645 0.999471 0.401506 0.66658 0.490699 0.206259 0.234406 0.713613 0.372654 0.883492 0.417757 0.297932 0.769695 0.393468 0.962995 0.237037 0.836197 0.155128 0.422682 0.296202 0.414894 0.354011 0.442268 0.255958 0.282974 0.0634599 0.215981 0.0410571 0.279648 0.85563 0.940621 0.00629344 0.855102 0.342126 
33 12 42 57 9 49 
0.921039 0.790772 0.47717 0.218971 0.560468 0.870638 0.181965 0.797504 0.706836 0.337093 0.220187 0.00303778 0.751987 0.574198 0.445305 0.00794571 0.857172 0.508765 0.223927 0.898229 0.788413 0.0795573 0.838849 0.794707 0.934659 0.180976 0.46758 0.280459 0.729361 0.37486 0.339872 0.650399 0.165632 0.817042 0.86937 0.7261 0.687681 0.0513353 0.523604 0.394516 0.388428 0.743791 0.397554 0.140415 0.317988 0.842859 0.148361 0.17516 0.351625 0.372288 0.0733888 0.140038 0.451845 0.912238 0.934745 0.386504 0.0932139 0.402325 0.666963 0.822575 0.777185 0.00683572 0.472974 0.942817 
34 29 64 46 48 22 
0.192521 0.906075 0.782108 0.936311 0.303629 0.922523 0.254299 0.146488 0.0708845 0.429459 0.498113 0.443173 0.502848 0.638151 0.895018 0.415086 0.572895 0.281522 0.5083 0.97522 0.948486 0.330875 0.752405 0.955321 0.803849 0.695222 0.779199 0.146194 0.364139 0.290758 0.539873 0.556659 0.196833 0.321981 0.492971 0.500462 0.244504 0.74727 0.646951 0.315389 0.17673 0.145064 0.758562 0.679578 0.783215 0.653579 0.0946642 0.35611 0.935102 0.602965 0.33133 0.883587 0.93384 0.083735 0.838909 0.737689 0.778957 0.618108 0.883883 0.143095 0.908866 0.423756 0.699755 0.105699 
35 22 1 13 25 37 
0.253112 0.305631 0.116725 0.398176 0.0641922 0.796303 0.181391 0.717772 0.890967 0.537501 0.652873 0.493931 0.868831 0.536461 0.427771 0.952566 0.375369 0.16546 0.731522 0.993477 0.0493433 0.874618 0.902343 0.4731 0.574372 0.00804271 0.218837 0.767098 0.614204 0.209079 0.707093 0.867317 0.514709 0.823818 0.265492 0.578901 0.62012 0.446883 0.296673 0.511087 0.984384 0.949546 0.00501847 0.853214 0.486007 0.43279 0.80578 0.861376 0.59825 0.537302 0.854853 0.647593 0.41192 0.757197 0.120693 0.986293 0.765239 0.33953 0.75339 0.379444 0.548608 0.460483 0.24676 0.0633177 
36 56 59 45 12 16 
0.938892 0.415509 0.943519 0.888439 0.420527 0.796734 0.374446 0.853317 0.602514 0.235822 0.451567 0.139816 0.0906753 0.0991604 0.551736 0.847872 0.219853 0.538029 0.613111 0.559383 0.29142 0.992555 0.107992 0.751903 0.239315 0.171309 0.0362042 0.751567 0.813529 0.940626 0.710703 0.752421 0.356134 0.654222 0.64086 0.776661 0.450956 0.0153056 0.629978 0.0534694 0.251128 0.0815448 0.193285 0.341803 0.180705 0.745022 0.189675 0.400559 0.283051 0.802786 0.959942 0.574471 0.795341 0.0679334 0.326374 0.0346556 0.239243 0.362578 0.786223 0.0527713 0.303203 0.496926 0.805192 0.659338 
37 10 54 32 46 50 
0.0659768 0.655574 0.712485 0.147522 0.848859 0.0542882 0.328227 0.593881 0.243963 0.728785 0.876932 0.0467491 0.688727 0.451403 0.84209 0.75666 0.777776 0.876745 0.995903 0.140354 0.662968 0.0486743 0.443558 0.159895 0.853866 0.102895 0.311043 0.299918 0.538894 0.913148 0.761276 0.604871 0.568721 0.473761 0.752392 0.417581 0.528049 0.0806192 0.0114617 0.772012 0.809404 0.888394 0.818761 0.498131 0.339797 0.660851 0.254792 0.117573 0.537597 0.250695 0.257927 0.200565 0.299369 0.701485 0.36046 0.153235 0.80438 0.671503 0.453154 0.343274 0.58465 0.214429 0.948145 0.153372 
38 37 51 20 39 19 
0.582414 0.988252 0.590561 0.470808 0.807013 0.0886923 0.810605 0.467864 0.343484 0.928177 0.00546111 0.594179 0.186104 0.206026 0.893548 0.887589 0.566486 0.046783 0.691969 0.237989 0.499937 0.0352427 0.822639 0.714366 0.983388 0.976011 0.402557 0.683925 0.546964 0.618796 0.465081 0.129378 0.607048 0.0556424 0.600186 0.414061 0.144335 0.41079 0.881926 0.487819 0.338968 0.887387 0.0819971 0.525072 0.0934131 0.975545 0.412661 0.659899 0.0223277 0.10463 0.897888 0.522264 0.139872 0.720528 0.23663 0.12326 0.696539 0.639187 0.807185 0.243502 0.257983 0.272266 0.37288 0.865031 
39 64 12 38 35 9 
0.161018 0.960062 0.722824 0.0484053 0.0420591 0.247896 0.141818 0.0176038 0.660557 0.801718 0.0399314 0.765187 0.699606 0.562196 0.905059 0.420133 0.798826 0.028319 0.116672 0.438013 0.835504 0.360175 0.695997 0.10777 0.733055 0.561028 0.435679 0.706121 0.84012 0.907922 0.0899769 0.00113888 0.867984 0.812801 0.0495442 0.910043 0.0606967 0.191363 0.927647 0.721254 0.99308 0.967579 0.48644 0.692686 0.529774 0.391499 0.112819 0.328601 0.419818 0.229492 0.766614 0.255322 0.589666 0.46261 0.363092 0.322721 0.0236383 0.798771 0.0288418 0.863759 0.706694 0.118819 0.864898 0.574678 
40 62 27 2 42 43 
0.412368 0.71357 0.0988848 0.379947 0.20001 0.791571 0.909721 0.591509 0.90439 0.238322 0.0113274 0.133882 0.00493585 0.26665 0.723548 0.467546 0.629742 0.0462691 0.491185 0.428513 0.0751109 0.354943 0.135207 0.19393 0.219841 0.709885 0.125549 0.134283 0.194606 0.117865 0.240088 0.606975 0.831435 0.338972 0.986922 0.0314452 0.130543 0.896643 0.622954 0.0349335 0.134965 0.634282 0.168815 0.139901 0.900931 0.892363 0.607447 0.530673 0.938632 0.098632 0.959187 0.0137434 0.453575 0.094394 0.207673 0.673417 0.804279 0.333222 0.8077 0.998886 0.451088 0.0477872 0.60586 0.282523 
41 50 56 64 34 55 
0.936922 0.552236 0.624391 0.571204 0.721052 0.764292 0.472136 0.613415 0.371739 0.00280926 0.552047 0.470371 0.961996 0.565791 0.923947 0.0563901 0.773464 0.597363 0.860669 0.106686 0.405063 0.859555 0.557774 0.45285 0.465415 0.840296 0.83961 0.0581977 0.154265 0.356912 0.547623 0.091187 0.909149 0.172014 0.662391 0.6302 0.936306 0.134527 0.243615 0.308045 0.137336 0.795662 0.778416 0.0993326 0.361453 0.702363 0.155723 0.134917 0.299726 0.0163919 0.241603 0.704789 0.875947 0.799377 0.157639 0.341362 0.639673 0.997249 0.39956 0.793938 0.354161 0.947183 0.885125 0.26331 
42 5 47 54 41 64 
0.137125 0.363548 0.81938 0.932787 0.141965 0.918712 0.29424 0.844328 0.0744349 0.429157 0.144054 0.0908268 0.67076 0.848843 0.966773 0.470137 0.00648238 0.308135 0.10981 0.0037312 0.707695 0.903748 0.357892 0.654878 0.788873 0.621202 0.774075 0.336389 0.514712 0.829578 0.0184319 0.651836 0.193127 0.837812 0.584624 0.335091 0.756524 0.878864 0.179419 0.830959 0.308021 0.323473 0.921785 0.978781 0.172316 0.888559 0.448918 0.178798 0.196694 0.558728 0.18253 0.90439 0.462476 0.540422 0.559268 0.251349 0.161624 0.333343 0.587737 0.676336 0.162921 0.606169 0.328172 0.356048 
43 49 23 54 25 46 
0.0314632 0.0996806 0.194031 0.953249 0.0784619 0.366347 0.841808 0.52738 0.545146 0.0385021 0.0861086 0.727675 0.942892 0.548585 0.268097 0.502159 0.799933 0.429721 0.835502 0.387671 0.106057 0.998424 0.99384 0.434229 0.354471 0.43782 0.347025 0.0456106 0.638325 0.138684 0.916169 0.669788 0.238365 0.1102 0.623037 0.316827 0.476547 0.464844 0.844207 0.0216926 0.503347 0.930316 0.749368 0.446238 0.4789 0.0174651 0.948398 0.278834 0.447186 0.7839 0.666504 0.553243 0.782323 0.660344 0.987472 0.136795 0.0981646 0.334497 0.182405 0.73649 0.473182 0.0985741 0.406278 0.711546 
44 18 41 4 13 17 
0.87258 0.707014 0.997506 0.802896 0.456381 0.443744 0.281796 0.473846 0.392141 0.56063 0.921033 0.176041 0.227134 0.474276 0.958364 0.887478 0.461749 0.0951592 0.985643 0.796246 0.277565 0.722132 0.269427 0.376139 0.12841 0.980974 0.584913 0.157725 0.00934706 0.270234 0.651884 0.881927 0.977247 0.649389 0.684823 0.433628 0.093133 0.966619 0.907475 0.485274 0.527249 0.828508 0.661315 0.754383 0.302784 0.61968 0.641861 0.764532 0.714839 0.627504 0.560778 0.992404 0.349636 0.830206 0.368542 0.478046 0.81118 0.953455 0.635771 0.820527 0.223688 0.287655 0.702454 0.200935 
45 0 30 51 11 34 
0.542039 0.515451 0.881145 0.370546 0.176766 0.635527 0.67333 0.796446 0.277388 0.437862 0.511285 0.904892 0.998641 0.503689 0.254528 0.828846 0.872231 0.732575 0.640026 0.825686 0.368346 0.460553 0.049374 0.656 0.163006 0.250309 0.593044 0.550283 0.884873 0.623221 0.904179 0.426912 0.138672 0.785324 0.797458 0.315438 0.420851 0.470788 0.111885 0.69824 0.90865 0.62317 0.603132 0.907291 0.126859 0.85766 0.736138 0.99909 0.590235 0.376164 0.824775 0.95858 0.836716 0.874149 0.614581 0.999723 0.124459 0.207625 0.550006 0.00933153 0.830845 0.454185 0.436243 0.969517 
46 60 52 36 12 58 
0.39684 0.3586 0.613139 0.0200099 0.961731 0.52043 0.146868 0.819392 0.256567 0.145958 0.409626 0.632731 0.970733 0.368207 0.469447 0.844882 0.982787 0.46917 0.969341 0.190412 0.0191756 0.978673 0.021257 0.473361 0.414916 0.990774 0.71287 0.648616 0.27573 0.37323 0.353105 0.67257 0.731829 0.966244 0.69258 0.693561 0.486674 0.839448 0.512952 0.743241 0.985406 0.922579 0.375972 0.956139 0.290785 0.845419 0.801022 0.273572 0.314589 0.770363 0.463984 0.333765 0.749035 0.485241 0.807125 0.163951 0.476015 0.519995 0.812567 0.751745 0.893225 0.165672 0.424315 0.625054 
47 36 38 4 61 64 
0.831568 0.361831 0.941748 0.754146 0.737804 0.897888 0.0449314 0.583223 0.698909 0.318504 0.897812 0.469272 0.782488 0.231577 0.218307 0.267729 0.038702 0.382258 0.743744 0.558697 0.194826 0.495488 0.451922 0.360498 0.919803 0.0769759 0.492414 0.0366972 0.395591 0.111004 0.99304 0.227159 0.472835 0.934788 0.981305 0.210639 0.832675 0.0262361 0.793862 0.531585 0.34474 0.691674 0.000856642 0.127227 0.923251 0.219164 0.394956 0.961953 0.601422 0.1387 0.52065 0.796248 0.634188 0.972571 0.156746 0.553991 0.0495472 0.64916 0.590688 0.445138 0.760164 0.583728 0.672297 0.232999 
48 0 42 1 29 19 
0.882776 0.0245773 0.929174 0.883632 0.151805 0.852425 0.102796 0.546761 0.814377 0.704219 0.685461 0.335027 0.500467 0.319649 0.307598 0.657212 0.87364 0.357145 0.306372 0.464329 0.802283 0.0665363 0.0480566 0.47458 0.299536 0.566572 0.128181 0.743174 0.917764 0.808019 0.980674 0.800539 0.832596 0.909848 0.684172 0.984401 0.762273 0.786968 0.531162 0.57665 0.491187 0.216622 0.911676 0.991654 0.536271 0.219274 0.648866 0.409911 0.576419 0.955238 0.87424 0.378703 0.0217748 0.922296 0.853283 0.32131 0.488869 0.981464 0.0644843 0.406632 0.789483 0.0451583 0.207172 0.622079 
49 44 65 58 54 35 
0.293929 0.169499 0.354264 0.205605 0.161153 0.890535 0.424879 0.810019 0.300446 0.00129848 0.765257 0.174686 0.380001 0.787032 0.0969825 0.233284 0.108342 0.585851 0.214748 0.172827 0.992484 0.00423058 0.217985 0.199655 0.626309 0.172991 0.0909991 0.232789 0.89027 0.769311 0.370431 0.184199 0.93881 0.724695 0.389803 0.0999624 0.61523 0.814683 0.909981 0.915676 0.815981 0.675238 0.0903619 0.195982 0.46227 0.187344 0.429266 0.570612 0.773196 0.644014 0.743439 0.765679 0.648244 0.961424 0.965335 0.274554 0.134415 0.056334 0.507343 0.0246848 0.825645 0.877774 0.208883 0.764455 
50 58 45 55 52 13 
0.229351 0.449636 0.223736 0.425333 0.911906 0.41108 0.854599 0.482518 0.184276 0.498613 0.225957 0.949955 0.146857 0.187381 0.91529 0.421411 0.321795 0.971624 0.928754 0.34648 0.797269 0.806528 0.555364 0.561724 0.408996 0.154051 0.426141 0.626694 0.56742 0.200539 0.760068 0.796771 0.650176 0.983804 0.222104 0.562082 0.394884 0.0767026 0.0446003 0.57916 0.575315 0.270557 0.529115 0.722172 0.457938 0.444405 0.143583 0.779733 0.41603 0.0723373 0.126213 0.213299 0.878865 0.681577 0.775023 0.287861 0.835628 0.201164 0.914555 0.403048 0.401703 0.674624 0.199819 0.0518789 
51 5 18 44 15 40 
0.658561 0.632472 0.0739406 0.929119 0.161587 0.796113 0.387056 0.605992 0.939696 0.16679 0.0220218 0.0120335 0.293003 0.23532 0.890899 0.97458 0.0103429 0.17876 0.810208 0.211507 0.0933153 0.213256 0.61321 0.767939 0.413075 0.665089 0.426366 0.834997 0.27905 0.479678 0.333623 0.937611 0.11215 0.407563 0.866729 0.273737 0.203676 0.253786 0.879729 0.143372 0.420576 0.901751 0.155406 0.713579 0.137071 0.0463045 0.688159 0.147414 0.225064 0.498367 0.358921 0.31838 0.711623 0.972131 0.0863186 0.124698 0.637219 0.512685 0.959696 0.916269 0.992363 0.293318 0.85388 0.104513 
52 42 65 33 36 20 
0.257978 0.0479302 0.39497 0.159729 0.203336 0.108549 0.2968 0.249641 0.796708 0.444215 0.474705 0.295076 0.803135 0.793085 0.00669885 0.775266 0.879403 0.131397 0.412485 0.392088 0.0910927 0.328754 0.384451 0.384411 0.182634 0.488964 0.0852926 0.903243 0.867214 0.98985 0.877637 0.125192 0.0377807 0.272608 0.284921 0.241117 0.381157 0.581722 0.490758 0.177865 0.0259362 0.965463 0.47294 0.829072 0.758547 0.479639 0.604338 0.637951 0.611036 0.0168229 0.0300391 0.702129 0.345577 0.414491 0.0865401 0.528211 0.903455 0.171833 0.431453 0.770668 0.161683 0.30909 0.89586 0.199464 
53 34 24 40 4 19 
0.931338 0.14072 0.788439 0.896801 0.61366 0.61751 0.655348 0.0932994 0.221848 0.293299 0.704336 0.238671 0.323338 0.406465 0.584248 0.737829 0.493005 0.112459 0.641283 0.664838 0.543912 0.411952 0.826521 0.853002 0.307812 0.0259849 0.4347 0.488593 0.466566 0.397555 0.251095 0.397904 0.538275 0.0395342 0.294705 0.151935 0.657045 0.950053 0.245234 0.878893 0.243352 0.94957 0.117564 0.56669 0.356035 0.701812 0.304519 0.84904 0.81427 0.945802 0.513877 0.358182 0.357754 0.340398 0.211184 0.665566 0.366383 0.645885 0.154158 0.832949 0.0434396 0.405254 0.230853 0.581714 
54 47 35 38 5 61 
0.978883 0.980725 0.718963 0.928452 0.0982885 0.285653 0.284487 0.8001 0.590172 0.133527 0.61437 0.535974 0.647404 0.972552 0.893728 0.987802 0.183737 0.559293 0.354186 0.829621 0.713452 0.187135 0.873061 0.118705 0.417987 0.454775 0.563493 0.943545 0.188424 0.665326 0.419155 0.167306 0.646051 0.138118 0.0957586 0.744339 0.423771 0.380246 0.544439 0.0139423 0.513772 0.158809 0.549916 0.161176 0.131362 0.443644 0.148979 0.315098 0.00293771 0.503164 0.14472 0.716389 0.690299 0.0177803 0.835095 0.108286 0.472555 0.398588 0.0518312 0.660979 0.0639139 0.470986 0.828285 0.709965 
55 14 35 38 3 8 
0.998743 0.046817 0.818061 0.157553 0.596733 0.979237 0.288914 0.0403775 0.128216 0.604013 0.0433153 0.63138 0.748732 0.759705 0.321679 0.766512 0.5948 0.429966 0.239068 0.993388 0.481797 0.900046 0.0573017 0.952783 0.728331 0.767266 0.561888 0.652375 0.22157 0.594762 0.956664 0.220313 0.641579 0.774725 0.377866 0.238313 0.753962 0.66678 0.27869 0.882178 0.270792 0.322006 0.513559 0.0195246 0.0817103 0.835238 0.786037 0.67651 0.265204 0.0251046 0.669898 0.747001 0.925151 0.727199 0.699784 0.653482 0.494466 0.261672 0.305857 0.716036 0.856434 0.26252 0.936349 0.498014 
56 63 15 3 40 1 
0.0150169 0.673386 0.251787 0.337022 0.186944 0.271312 0.418733 0.0221825 0.0573487 0.0952426 0.287386 0.0824533 0.76514 0.0343875 0.00760419 0.49234 0.734172 0.661086 0.986806 0.995844 0.966943 0.702842 0.852278 0.229463 0.63919 0.350292 0.266709 0.953405 0.0866189 0.057916 0.9344 0.101636 0.731302 0.186187 0.438658 0.918246 0.457498 0.857391 0.940428 0.514847 0.952634 0.227815 0.5973 0.717774 0.262202 0.604904 0.210114 0.996374 0.265991 0.196919 0.992218 0.232934 0.899761 0.844497 0.462397 0.538951 0.194789 0.729106 0.492357 0.281408 0.787022 0.426756 0.383044 0.518323 
57 38 30 6 33 27 
0.376998 0.585288 0.631727 0.604813 0.182588 0.349501 0.867015 0.787493 0.559614 0.863389 0.0534833 0.756534 0.855607 0.286417 0.656295 0.700104 0.748814 0.195246 0.894893 0.47792 0.687603 0.176301 0.264942 0.114359 0.559345 0.783265 0.727302 0.381047 0.219834 0.797743 0.0601399 0.596832 0.383031 0.691867 0.201645 0.565619 0.0413673 0.0686595 0.353112 0.600982 0.932049 0.406595 0.357516 0.787656 0.693012 0.0138107 0.48776 0.441826 0.209057 0.382653 0.919746 0.89666 0.558955 0.184688 0.0110192 0.118299 0.967953 0.738321 0.499346 0.187787 0.536064 0.559486 0.784619 0.919095 
58 2 1 16 62 29 
0.837826 0.893702 0.986972 0.244421 0.251218 0.774628 0.937433 0.265028 0.262389 0.379259 0.474085 0.645042 0.299005 0.370745 0.203997 0.483693 0.381765 0.322296 0.451646 0.120086 0.821642 0.639434 0.65615 0.381128 0.424053 0.575245 0.632481 0.410317 0.0599592 0.925201 0.465241 0.897785 0.818903 0.452213 0.142206 0.0701205 0.226841 0.0796392 0.335149 0.48923 0.458898 0.809234 0.134272 0.757904 0.17998 0.338269 0.241597 0.561744 0.660565 0.693243 0.68183 0.482208 0.332677 0.33798 0.863336 0.75673 0.913225 0.495817 0.167047 0.973184 0.421018 0.632287 0.870969 0.239921 
59 19 53 21 64 54 
0.645191 0.800571 0.551713 0.454425 0.934844 0.309617 0.634404 0.273113 0.551214 0.196149 0.933678 0.244457 0.877979 0.415886 0.577134 0.215959 0.279222 0.333864 0.129184 0.775039 0.500911 0.102368 0.196057 0.133198 0.973338 0.435978 0.217698 0.986513 0.74602 0.529039 0.079328 0.391211 0.329611 0.631041 0.845636 0.264455 0.940658 0.48004 0.537567 0.491872 0.676189 0.471245 0.73633 0.554168 0.887131 0.313464 0.770127 0.166352 0.647328 0.899311 0.941391 0.148238 0.00167877 0.137448 0.281436 0.975016 0.573426 0.499135 0.961529 0.319447 0.028174 0.0408574 0.710658 0.357785 
60 54 57 22 56 2 
0.159807 0.104429 0.712523 0.631052 0.840759 0.266691 0.518183 0.154222 0.0368179 0.684535 0.80155 0.936129 0.625926 0.949788 0.937807 0.763374 0.231225 0.912824 0.336801 0.730359 0.874353 0.656248 0.758533 0.915211 0.366905 0.116318 0.587109 0.923199 0.738557 0.199666 0.959533 0.898364 0.304095 0.672056 0.529416 0.144854 0.938747 0.0475984 0.299076 0.975565 0.732134 0.100626 0.911694 0.35806 0.0504139 0.849501 0.121434 0.281638 0.762325 0.458235 0.0119976 0.636678 0.114482 0.770531 0.551889 0.481388 0.886849 0.138998 0.404587 0.625406 0.338664 0.36412 0.523769 0.642759 
61 37 54 13 24 38 
0.0866883 0.950489 0.832917 0.187314 0.862183 0.190977 0.237728 0.711685 0.312411 0.519366 0.47401 0.770646 0.531364 0.110688 0.885128 0.301895 0.662577 0.366516 0.188743 0.801575 0.771103 0.814149 0.140239 0.135223 0.337918 0.782998 0.171399 0.391103 0.57061 0.146323 0.491887 0.657298 0.0968125 0.324804 0.844612 0.958996 0.515781 0.0823402 0.670681 0.828191 0.601707 0.144691 0.598837 0.133071 0.255379 0.483965 0.434965 0.917956 0.850481 0.623708 0.719531 0.621583 0.437857 0.85977 0.756806 0.775775 0.642768 0.928205 0.166878 0.213378 0.0745285 0.658765 0.870676 0.171341 
62 12 1 4 14 26 
0.801018 0.327541 0.399336 0.945709 0.926378 0.532406 0.201088 0.410343 0.967371 0.119044 0.260824 0.59108 0.838576 0.882407 0.0289367 0.698346 0.639213 0.804712 0.341114 0.567419 0.97159 0.554492 0.641947 0.630355 0.425169 0.813288 0.613924 0.140458 0.943625 0.113274 0.938087 0.744643 0.440814 0.337422 0.690352 0.367192 0.869828 0.89144 0.777535 0.8372 0.010484 0.0383588 0.428279 0.84906 0.920766 0.457216 0.547406 0.559979 0.261928 0.88852 0.127398 0.233518 0.443012 0.769345 0.863874 0.868181 0.582633 0.477798 0.00863881 0.526258 0.591071 0.946725 0.270901 0.0318857 
63 52 35 48 41 42 
0.176613 0.991176 0.863176 0.214972 0.419455 0.712236 0.135738 0.876671 0.259642 0.695717 0.138599 0.148162 0.823115 0.372117 0.591174 0.592459 0.235991 0.459356 0.175092 0.713789 0.467994 0.701351 0.30486 0.41472 0.972252 0.336746 0.698868 0.933504 0.735824 0.852844 0.786196 0.912437 0.84402 0.649373 0.127409 0.263475 0.361609 0.263147 0.140146 0.621251 0.958864 0.278745 0.769413 0.781978 0.650863 0.360587 0.374438 0.886854 0.819943 0.54953 0.600643 0.287937 0.250881 0.905503 0.702657 0.223133 0.242249 0.401525 0.156637 0.978074 0.254369 0.942833 0.890511 0.0983882 
64 47 38 55 6 44 
0.502009 0.575065 0.23993 0.780754 0.344478 0.0219086 0.431617 0.705065 0.396346 0.318471 0.525007 0.945877 0.919114 0.812945 0.196758 0.824617 0.515602 0.41989 0.0668666 0.917126 0.576527 0.0449401 0.171495 0.519361 0.935451 0.269883 0.111567 0.95337 0.631746 0.0653811 0.234437 0.133755 0.640446 0.474367 0.91451 0.984924 0.496276 0.346127 0.689989 0.892622 0.664598 0.214996 0.838499 0.583712 0.0279404 0.035257 0.408329 0.543542 0.455147 0.475195 0.460668 0.0316747 0.520136 0.632163 0.551035 0.455586 0.902047 0.662602 0.408957 0.533793 0.727983 0.643394 0.667548 0.368429 
65 13 59 20 15 60 
0.0433414 0.506659 0.592782 0.258337 0.345158 0.176494 0.286278 0.380415 0.584822 0.82982 0.835562 0.0600178 0.290488 0.867237 0.580153 0.922652 0.418272 0.0357396 0.824698 0.0808742 0.444696 0.358491 0.808857 0.08809 0.0260393 0.177286 0.205851 0.608097 0.530639 0.819887 0.536281 0.573981 0.326546 0.129064 0.832318 0.671704 0.305557 0.118596 0.0521193 0.89038 0.948416 0.887682 0.950397 0.238904 0.754919 0.530551 0.161556 0.173191 0.56629 0.986254 0.254065 0.0109865 0.344745 0.0629227 0.0990765 0.370785 0.240209 0.304927 0.978882 0.770848 0.124815 0.515163 0.344829 0.451361 
