28 7
0 0 0 1 0 1 0 0 0 1 0 0 1 1 0 0 0 1 1 0 0 1 0 1 1 0 1 0 
0 16 15 14 23 11 22 
0.506262 0.505837 0.0174529 0.908653 0.0124372 0.960309 0.94874 0.636937 0.758985 0.937701 0.226297 0.425183 0.914697 0.519195 0.646685 0.691433 0.596707 0.449759 0.105229 0.106771 0.593186 0.860869 0.245784 0.114677 0.104495 0.580857 0.135224 0.421569 0.844203 0.023782 0.900787 0.350465 0.529619 0.91824 0.259118 0.542056 0.878549 0.207859 0.178992 0.637534 0.14556 0.405289 0.0627162 0.0602577 0.924485 0.709401 0.75169 0.521192 0.15916 0.85692 0.627963 0.752346 0.717789 0.873747 0.867024 0.822283 0.454605 0.00224761 0.243853 0.298808 0.0260296 0.14464 0.649273 0.555648 0.0628803 0.908391 0.0977039 0.941429 0.11625 0.276696 0.578963 0.26181 0.681986 0.641679 0.322068 0.606471 0.35108 0.0737583 0.127663 0.510241 0.930678 0.755626 0.262587 0.648467 0.629374 0.129611 0.47075 0.0839783 0.131858 0.714603 0.382786 0.157888 0.859243 0.0320589 0.713536 0.922124 0.94045 0.81124 0.863553 0.0567002 0.0879363 0.442516 0.318511 0.769922 0.0841951 0.640579 0.376393 0.435275 0.714337 0.504056 0.945516 0.645015 0.259682 0.208103 0.293482 0.889055 0.337714 0.764232 0.973034 0.469572 0.478835 0.35582 0.62746 0.338078 0.387879 0.340996 0.260202 0.328329 
1 0 27 15 17 25 23 
0.650466 0.344118 0.386487 0.0857414 0.0584549 0.890542 0.0312574 0.70347 0.150224 0.23936 0.996952 0.0392797 0.577074 0.761184 0.0123134 0.0466458 0.240019 0.368133 0.674105 0.578097 0.756012 0.0151012 0.838299 0.0843407 0.167337 0.962054 0.46937 0.407509 0.528325 0.172909 0.417603 0.178791 0.517027 0.80409 0.264533 0.575482 0.694632 0.29579 0.278952 0.844856 0.53515 0.275904 0.884136 0.112224 0.0370872 0.896449 0.15887 0.277106 0.264583 0.832976 0.855204 0.0205944 0.848077 0.693503 0.104935 0.0154136 0.655557 0.574305 0.422922 0.183883 0.747214 0.840525 0.362674 0.264241 0.644615 0.627207 0.839724 0.339247 0.922997 0.118676 0.184103 0.458147 0.394579 0.0682395 0.570371 0.431666 0.964689 0.729241 0.708772 0.229271 0.562217 0.563976 0.249866 0.410294 0.257479 0.354801 0.425707 0.913037 0.929106 0.84863 0.0969192 0.67632 0.689155 0.459593 0.940561 0.33377 0.0867998 0.780285 0.673017 0.00979641 0.89896 0.85712 0.467943 0.29354 0.92536 0.0383146 0.725206 0.890049 0.767556 0.433978 0.11932 0.329773 0.997954 0.369186 0.740066 0.255434 0.723987 0.165773 0.16847 0.653093 0.014403 0.265389 0.329413 0.703558 0.724983 0.269974 0.0373277 0.811782 
2 1 27 6 11 10 18 
0.967965 0.382874 0.0953926 0.401943 0.502194 0.425165 0.399898 0.87138 0.165232 0.655331 0.595367 0.331005 0.823801 0.24846 0.345408 0.0891907 0.577872 0.0489658 0.814173 0.847846 0.0862935 0.625956 0.898105 0.796638 0.447534 0.847324 0.364103 0.737056 0.090083 0.856928 0.0648932 0.0580478 0.239802 0.160286 0.459991 0.741996 0.585451 0.859889 0.613376 0.750683 0.51522 0.208743 0.0816876 0.339021 0.457202 0.427096 0.428212 0.0350744 0.476061 0.242385 0.88292 0.562355 0.868341 0.781025 0.358993 0.315875 0.628349 0.723096 0.0529318 0.718432 0.580024 0.117825 0.77648 0.819826 0.278111 0.236471 0.561822 0.863562 0.0963601 0.175198 0.614244 0.61158 0.38394 0.695932 0.950601 0.841142 0.123028 0.378813 0.876217 0.599089 0.621199 0.759137 0.161444 0.48954 0.540163 0.520437 0.805415 0.168512 0.243533 0.858347 0.886945 0.823557 0.976172 0.663425 0.643383 0.254282 0.899896 0.205205 0.117844 0.996256 0.380403 0.732089 0.607836 0.764343 0.428021 0.558438 0.605485 0.551048 0.937251 0.481702 0.150137 0.55845 0.240839 0.311581 0.0479897 0.781002 0.832018 0.853405 0.949514 0.0755509 0.711751 0.836459 0.899108 0.687923 0.499884 0.542491 0.942206 0.39978 
3 23 2 13 21 20 14 
0.497928 0.771208 0.499562 0.97963 0.921345 0.0580116 0.22047 0.232927 0.106001 0.00147182 0.0649447 0.959406 0.950986 0.140496 0.671158 0.787445 0.0396036 0.359081 0.287329 0.582095 0.301286 0.687108 0.329792 0.361336 0.0831446 0.457891 0.153475 0.0870172 0.350334 0.373635 0.649328 0.848262 0.144843 0.148889 0.827892 0.0661881 0.206901 0.0483618 0.299115 0.312902 0.0498336 0.364059 0.272308 0.000819614 0.504555 0.943466 0.788264 0.544159 0.302546 0.075593 0.126254 0.603833 0.762701 0.456045 0.965169 0.845846 0.913937 0.118644 0.932863 0.26427 0.492279 0.582191 0.112532 0.637122 0.73108 0.940424 0.70331 0.937981 0.988786 0.00242459 0.250883 0.0386197 0.366484 0.523191 0.0394393 0.871039 0.466656 0.827704 0.415197 0.769203 0.903297 0.541451 0.373036 0.665998 0.997496 0.338205 0.511844 0.911433 0.45685 0.444707 0.175703 0.949129 0.0268979 0.288236 0.586251 0.757978 0.22866 0.289561 0.695958 0.217446 0.291985 0.946841 0.256066 0.658469 0.470032 0.295505 0.529508 0.936688 0.123209 0.944706 0.705891 0.0265054 0.486157 0.0789271 0.692503 0.483653 0.417132 0.204347 0.395086 0.873982 0.649055 0.57079 0.823111 0.675952 0.859025 0.409362 0.43393 0.0876853 
4 9 27 19 15 0 20 
0.546761 0.856702 0.178885 0.48345 0.979911 0.12359 0.189341 0.00641641 0.609747 0.268268 0.69892 0.0933997 0.6854 0.903267 0.488486 0.559382 0.552322 0.0592754 0.382493 0.228274 0.918301 0.791855 0.662205 0.00598589 0.490777 0.792093 0.311117 0.481685 0.868823 0.872314 0.131061 0.415584 0.729017 0.309946 0.899034 0.708928 0.433536 0.0883745 0.715344 0.0432823 0.356642 0.414264 0.136682 0.0420428 0.317531 0.625168 0.601425 0.869853 0.684443 0.983919 0.0981276 0.602744 0.775774 0.760332 0.60873 0.266551 0.552425 0.919847 0.748235 0.421248 0.792161 0.879296 0.836832 0.521178 0.189242 0.735866 0.230106 0.622778 0.82424 0.94545 0.66606 0.180883 0.359714 0.802742 0.222925 0.677245 0.42791 0.824351 0.547098 0.112353 0.808269 0.645226 0.715097 0.584043 0.405558 0.323826 0.850594 0.957983 0.243673 0.598829 0.379231 0.0358347 0.478126 0.216063 0.557013 0.667368 0.951929 0.787119 0.290145 0.776169 0.732568 0.956205 0.957052 0.0922821 0.758947 0.179977 0.769527 0.186857 0.00432784 0.316625 0.29921 0.812597 0.961851 0.0143065 0.39664 0.367409 0.338133 0.247233 0.325392 0.581806 0.846063 0.704624 0.617641 0.324188 0.920687 0.174654 0.991556 0.872616 
5 24 13 26 2 7 3 
0.996854 0.785815 0.55615 0.18371 0.790143 0.872775 0.48292 0.60274 0.834626 0.497227 0.99938 0.202035 0.835359 0.246613 0.527427 0.417166 0.0926755 0.232051 0.0348064 0.416864 0.152738 0.20946 0.408419 0.0253546 0.171232 0.690121 0.67414 0.865573 0.928027 0.279978 0.652196 0.92488 0.0657928 0.208346 0.108591 0.855936 0.081121 0.591511 0.458675 0.915747 0.0887376 0.458055 0.117782 0.924097 0.704668 0.64521 0.341263 0.797343 0.877261 0.376069 0.214207 0.0299991 0.585529 0.622627 0.0553536 0.756761 0.312747 0.729494 0.622334 0.240774 0.00947187 0.27453 0.165655 0.0752647 0.482876 0.274245 0.9312 0.563997 0.865756 0.389876 0.479744 0.954494 0.84793 0.597527 0.878591 0.552598 0.242736 0.219854 0.349942 0.119997 0.595923 0.564149 0.149996 0.181452 0.186775 0.20535 0.938213 0.499522 0.934844 0.560547 0.740296 0.944316 0.835078 0.905951 0.0195804 0.317954 0.180196 0.950781 0.881951 0.0459528 0.340656 0.361695 0.000446935 0.188587 0.959221 0.879038 0.741185 0.201958 0.0988918 0.0911263 0.321955 0.694814 0.655275 0.471951 0.876266 0.84205 0.677301 0.814479 0.341572 0.612145 0.375026 0.0818684 0.55646 0.210104 0.987819 0.576041 0.528057 0.168016 
6 21 3 26 15 4 12 
0.730924 0.0934535 0.797249 0.932882 0.192345 0.888375 0.254837 0.88716 0.54365 0.726788 0.763426 0.3857 0.404089 0.577905 0.727272 0.0162339 0.952931 0.809141 0.572694 0.163035 0.79696 0.148735 0.691092 0.964976 0.675557 0.1011 0.178944 0.543034 0.872803 0.39336 0.599099 0.603728 0.486813 0.396348 0.53661 0.679159 0.284723 0.791446 0.566318 0.828373 0.518234 0.329744 0.214074 0.922324 0.907649 0.941346 0.938557 0.86058 0.750487 0.511252 0.0236147 0.547447 0.659987 0.714707 0.512423 0.335544 0.815808 0.691367 0.878578 0.688611 0.0847266 0.477677 0.292338 0.57154 0.874024 0.828948 0.250698 0.158748 0.620394 0.817017 0.987121 0.138629 0.14676 0.201195 0.0609525 0.054409 0.142541 0.99951 0.914989 0.893027 0.510762 0.938603 0.440474 0.170749 0.653311 0.952897 0.506292 0.469118 0.644264 0.38487 0.157729 0.72899 0.862547 0.450068 0.30053 0.736572 0.279016 0.551228 0.895319 0.89941 0.368245 0.88244 0.0380389 0.515005 0.083635 0.0989914 0.569414 0.226176 0.0985013 0.484403 0.119203 0.609263 0.423007 0.559677 0.780012 0.0763171 0.512574 0.286304 0.545435 0.156838 0.671174 0.703165 0.885828 0.533721 0.153232 0.186358 0.270293 0.432248 
7 23 21 22 10 6 8 
0.131687 0.468688 0.190251 0.357863 0.567189 0.674654 0.477066 0.176452 0.0976605 0.0367435 0.956464 0.173978 0.549318 0.242768 0.719413 0.706156 0.913942 0.422578 0.591984 0.447663 0.57581 0.778342 0.717956 0.00805735 0.515929 0.883568 0.339715 0.62176 0.93162 0.709412 0.242597 0.063307 0.1781 0.432848 0.42117 0.745289 0.107502 0.898236 0.921741 0.205162 0.93498 0.878205 0.37914 0.484297 0.120973 0.098553 0.190453 0.0349147 0.521131 0.782437 0.482578 0.0969402 0.560779 0.200533 0.104998 0.0767082 0.0841011 0.444713 0.698468 0.015721 0.154124 0.941065 0.079028 0.332224 0.373913 0.500198 0.0775134 0.481415 0.398434 0.999255 0.686577 0.333413 0.87746 0.0657172 0.817711 0.998433 0.16427 0.0081641 0.0333479 0.685401 0.790601 0.515926 0.782341 0.351381 0.716459 0.887339 0.428089 0.80056 0.332051 0.126557 0.816281 0.486176 0.0676227 0.895309 0.8184 0.441536 0.395507 0.895913 0.922951 0.793941 0.895168 0.609528 0.127355 0.772628 0.675245 0.945065 0.771062 0.839515 0.95323 0.80441 0.524916 0.743831 0.320335 0.307257 0.0952116 0.0367943 0.194596 0.523301 0.837355 0.526647 0.649858 0.653636 0.0128228 0.717481 0.548945 0.831223 0.159016 0.944452 
8 11 6 19 23 13 3 
0.36674 0.810813 0.165995 0.206255 0.764043 0.970404 0.731171 0.507873 0.290739 0.0384278 0.603085 0.327534 0.233023 0.126386 0.164888 0.759671 0.776244 0.818524 0.772493 0.493724 0.367469 0.603716 0.652741 0.311921 0.330852 0.734708 0.050314 0.953157 0.426202 0.916062 0.34809 0.792942 0.726875 0.514084 0.999197 0.490917 0.484488 0.730367 0.99879 0.775228 0.768795 0.601875 0.102762 0.00181852 0.728261 0.26765 0.761489 0.504505 0.0861741 0.533982 0.998229 0.453643 0.137698 0.650969 0.765564 0.468551 0.385677 0.815878 0.421708 0.811879 0.73194 0.769797 0.604821 0.458814 0.283881 0.604018 0.949731 0.76837 0.334385 0.948522 0.543598 0.10318 0.550397 0.64636 0.104999 0.278658 0.91401 0.866488 0.783163 0.000183679 0.40047 0.781392 0.453827 0.538169 0.432361 0.219391 0.00671929 0.818038 0.0352689 0.428427 0.629917 0.767209 0.198224 0.234739 0.226023 0.482105 0.838756 0.175754 0.250475 0.173141 0.124276 0.794073 0.276321 0.674673 0.440433 0.38132 0.953332 0.354442 0.247808 0.736495 0.354626 0.648278 0.517886 0.808453 0.186446 0.950248 0.0278435 0.193165 0.768286 0.0631124 0.621592 0.398203 0.830321 0.819816 0.632942 0.0563438 0.301922 0.471698 
9 2 5 23 14 12 0 
0.786903 0.30248 0.984379 0.141345 0.550288 0.720874 0.495971 0.198565 0.23876 0.304424 0.385011 0.189008 0.332267 0.578177 0.957293 0.395379 0.199769 0.355497 0.2257 0.0195851 0.988438 0.282044 0.321507 0.460136 0.514142 0.873903 0.104975 0.870516 0.220373 0.0261355 0.901564 0.00727615 0.328616 0.885943 0.148621 0.878904 0.606817 0.644592 0.077469 0.845577 0.949015 0.46248 0.0345849 0.281283 0.0406573 0.991878 0.676662 0.240426 0.347375 0.902362 0.260011 0.335813 0.184407 0.581518 0.795949 0.698549 0.455421 0.900924 0.569065 0.675795 0.92706 0.470629 0.683071 0.255676 0.356572 0.831692 0.134579 0.963389 0.476284 0.212048 0.808966 0.425299 0.674529 0.843551 0.706582 0.715186 0.835429 0.383244 0.955612 0.182804 0.285606 0.215624 0.518617 0.470013 0.797141 0.314567 0.168562 0.252563 0.215491 0.737628 0.928358 0.142551 0.208257 0.611429 0.398227 0.564829 0.443121 0.532806 0.528218 0.919405 0.744854 0.337184 0.344704 0.419383 0.180735 0.0512861 0.134569 0.0161644 0.43453 0.0901816 0.198969 0.720137 0.305805 0.717586 0.19015 0.102947 0.0321529 0.358712 0.35551 0.247644 0.0963394 0.283867 0.390195 0.304596 0.895296 0.788421 0.869425 0.338417 
10 18 8 15 24 13 1 
0.485465 0.915561 0.653811 0.620034 0.931726 0.0883415 0.710216 0.130695 0.808478 0.0160209 0.848281 0.998628 0.118968 0.880434 0.35734 0.474477 0.128078 0.453679 0.758344 0.518272 0.758275 0.65364 0.306694 0.6277 0.992057 0.627921 0.0253425 0.249878 0.694003 0.760169 0.852403 0.179467 0.675731 0.506215 0.799501 0.607456 0.594556 0.509717 0.738151 0.403034 0.525738 0.586432 0.401662 0.644706 0.466866 0.759002 0.119183 0.594943 0.212681 0.877527 0.113215 0.970956 0.531167 0.419909 0.598656 0.523224 0.04783 0.623998 0.773102 0.741832 0.384167 0.625505 0.9213 0.059898 0.131719 0.720801 0.667354 0.726275 0.230518 0.405505 0.12931 0.756257 0.991937 0.530972 0.400962 0.458803 0.289973 0.520145 0.0537459 0.502654 0.397672 0.166961 0.47361 0.928839 0.58687 0.0722657 0.452063 0.6347 0.696264 0.225164 0.376533 0.0804315 0.850669 0.297833 0.14033 0.982389 0.018634 0.807684 0.708664 0.249152 0.213189 0.837974 0.00540894 0.205127 0.368945 0.406371 0.663929 0.658918 0.926516 0.717675 0.161572 0.324188 0.884637 0.635182 0.253027 0.471507 0.707448 0.70509 0.106207 0.403712 0.930254 0.48274 0.484143 0.780923 0.780573 0.624473 0.763312 0.799207 
11 21 15 8 24 25 1 
0.678894 0.460139 0.514402 0.337812 0.386655 0.232077 0.499385 0.710843 0.116713 0.134567 0.96387 0.58822 0.842014 0.668959 0.694428 0.245726 0.599213 0.177168 0.729869 0.380136 0.95774 0.354342 0.143448 0.756947 0.786498 0.615423 0.805306 0.431844 0.925373 0.859074 0.282317 0.604267 0.319213 0.796718 0.942079 0.705868 0.0287952 0.441464 0.416711 0.145509 0.57603 0.380581 0.733729 0.418045 0.0495398 0.428156 0.66377 0.648753 0.605324 0.393639 0.028889 0.563064 0.747981 0.172337 0.320011 0.53448 0.78776 0.125317 0.966324 0.713133 0.984391 0.24864 0.317399 0.303604 0.0453586 0.259479 0.00947238 0.0741538 0.700943 0.426183 0.219662 0.276973 0.806764 0.953391 0.695018 0.856304 0.381548 0.358788 0.505057 0.986872 0.752427 0.533946 0.549936 0.500409 0.706282 0.869947 0.0348882 0.494043 0.995264 0.00121187 0.207175 0.979655 0.249852 0.524575 0.283259 0.295211 0.784053 0.292732 0.369365 0.484996 0.718915 0.589027 0.761969 0.525679 0.542418 0.456987 0.381983 0.923966 0.815775 0.88704 0.910838 0.568202 0.420985 0.460774 0.0686111 0.127268 0.330721 0.103499 0.62131 0.325985 0.104711 0.828485 0.30564 0.354563 0.35306 0.5889 0.649774 0.137114 
12 13 17 1 3 2 22 
0.126226 0.150584 0.841066 0.508209 0.0745501 0.656841 0.395249 0.985388 0.225043 0.816234 0.446162 0.293654 0.943502 0.776883 0.397154 0.564812 0.102868 0.501865 0.393298 0.408508 0.856428 0.746358 0.997408 0.506202 0.883471 0.87904 0.525341 0.505581 0.479587 0.133507 0.88966 0.605813 0.28409 0.730726 0.114022 0.35864 0.387566 0.509271 0.344028 0.61261 0.325505 0.79019 0.906264 0.269007 0.567073 0.303418 0.833819 0.669941 0.805282 0.227117 0.0784498 0.661711 0.973474 0.0758582 0.167913 0.856946 0.954898 0.693254 0.362526 0.434485 0.82676 0.252186 0.0402981 0.110851 0.982912 0.15432 0.469491 0.370478 0.663591 0.81352 0.983088 0.989096 0.60371 0.889352 0.258103 0.170783 0.192769 0.0919224 0.840725 0.998052 0.319039 0.919174 0.659763 0.292513 0.995033 0.827675 0.149459 0.949931 0.520929 0.511985 0.384416 0.347689 0.764172 0.424714 0.45854 0.747083 0.579034 0.928031 0.117562 0.242625 0.741551 0.100649 0.231722 0.345261 0.990001 0.489825 0.516044 0.182771 0.581747 0.356769 0.180823 0.900786 0.275943 0.840585 0.1933 0.270976 0.668261 0.342759 0.220907 0.18919 0.854744 0.605322 0.536879 0.618916 0.0300362 0.99542 0.365999 0.60907 
13 4 25 22 2 23 27 
0.574211 0.573242 0.526307 0.756982 0.154989 0.883076 0.937805 0.0557754 0.159019 0.77839 0.249075 0.429995 0.446651 0.591834 0.650902 0.635841 0.446578 0.256224 0.17272 0.0654932 0.28626 0.16814 0.431492 0.895331 0.0915906 0.915053 0.747026 0.756592 0.499263 0.830443 0.766855 0.0734741 0.403685 0.293163 0.830456 0.558674 0.176239 0.768261 0.614449 0.335258 0.546651 0.863524 0.765253 0.993302 0.455358 0.416155 0.629143 0.901936 0.672379 0.801863 0.967429 0.958639 0.970003 0.398921 0.85397 0.0615932 0.313974 0.600996 0.818186 0.813236 0.431439 0.585041 0.886711 0.835123 0.878204 0.717167 0.393797 0.0544422 0.485428 0.0082466 0.3897 0.0320791 0.871771 0.154953 0.0253811 0.327129 0.571108 0.654524 0.229065 0.243487 0.456387 0.196494 0.202126 0.426389 0.595415 0.0560953 0.487983 0.909388 0.657091 0.306168 0.722625 0.0885294 0.891209 0.609335 0.923653 0.769413 0.326502 0.31745 0.823855 0.81193 0.325697 0.213555 0.844009 0.197468 0.368508 0.86939 0.524597 0.939616 0.523914 0.753661 0.183103 0.980301 0.950155 0.385229 0.40669 0.545569 0.441324 0.894673 0.454958 0.098415 0.200841 0.177582 0.186944 0.0920508 0.786918 0.110597 0.861464 0.11342 
14 20 10 8 5 6 11 
0.951212 0.267383 0.638749 0.475808 0.206999 0.162663 0.22947 0.390102 0.142964 0.179625 0.775331 0.549654 0.725194 0.216655 0.444327 0.180152 0.31507 0.645169 0.357734 0.502014 0.737219 0.144652 0.612611 0.598683 0.258071 0.0406587 0.284002 0.183421 0.794403 0.182876 0.952779 0.745615 0.450259 0.591528 0.221423 0.657258 0.754191 0.450893 0.0473595 0.897154 0.630518 0.82269 0.446808 0.355712 0.039345 0.891135 0.535864 0.354415 0.536304 0.893598 0.856429 0.273523 0.03825 0.46904 0.872206 0.296321 0.509699 0.156208 0.479742 0.304102 0.339084 0.432522 0.0497163 0.789343 0.0240499 0.271139 0.446601 0.77824 0.722032 0.49396 0.675395 0.35255 0.31665 0.122203 0.708262 0.355995 0.0133382 0.244126 0.71041 0.549642 0.137724 0.566839 0.823165 0.175974 0.0358791 0.695371 0.472295 0.545578 0.85158 0.952038 0.84968 0.190664 0.38456 0.899396 0.980007 0.40861 0.170535 0.426608 0.18685 0.892568 0.920568 0.862245 0.245118 0.237218 0.984448 0.95338 0.593214 0.997786 0.197505 0.303624 0.547428 0.335229 0.870463 0.370593 0.511203 0.906342 0.0659644 0.983499 0.45192 0.917544 0.935536 0.3016 0.108208 0.320096 0.200996 0.0882151 0.728705 0.371531 
15 21 1 24 25 27 6 
0.762248 0.462596 0.265823 0.760033 0.660102 0.569447 0.307461 0.995331 0.439909 0.678054 0.506534 0.346251 0.744019 0.490033 0.798171 0.661563 0.425569 0.099771 0.769771 0.745665 0.300767 0.857986 0.47437 0.672298 0.372809 0.389926 0.936397 0.808199 0.167726 0.445614 0.480809 0.929974 0.90821 0.746632 0.690007 0.568311 0.316078 0.997468 0.563642 0.755988 0.675522 0.0701764 0.102239 0.419541 0.560209 0.90041 0.0811034 0.985778 0.000181342 0.850874 0.731443 0.300948 0.70886 0.205813 0.973246 0.0816686 0.595739 0.909643 0.889868 0.763465 0.355257 0.370677 0.693439 0.263467 0.117308 0.383446 0.831778 0.433386 0.380914 0.39542 0.189374 0.0564361 0.465597 0.291613 0.475977 0.0258057 0.192024 0.55708 0.0115835 0.192205 0.407954 0.743026 0.493153 0.116814 0.948839 0.466399 0.198483 0.544578 0.376042 0.0883509 0.308043 0.731299 0.459028 0.00148171 0.994766 0.576336 0.384927 0.826544 0.00972239 0.765841 0.221964 0.199097 0.822277 0.687561 0.49071 0.298254 0.713366 0.682733 0.855334 0.72495 0.874938 0.263289 0.467976 0.368091 0.380103 0.416815 0.83449 0.578586 0.961394 0.210533 0.666937 0.269437 0.941832 0.125964 0.270919 0.936597 0.7023 0.655846 
16 12 25 0 24 10 23 
0.401829 0.542218 0.386032 0.0845623 0.397552 0.110981 0.959501 0.660841 0.578957 0.327592 0.040944 0.995773 0.162082 0.61953 0.957167 0.372615 0.286466 0.226604 0.314447 0.412431 0.497522 0.251044 0.114731 0.153368 0.014185 0.826754 0.575055 0.99929 0.737873 0.819019 0.671955 0.139702 0.361237 0.0579867 0.224264 0.75879 0.168968 0.183765 0.419631 0.747925 0.511357 0.460575 0.743698 0.673439 0.0801047 0.700865 0.0460541 0.366571 0.927469 0.360501 0.779002 0.424991 0.611545 0.893733 0.578359 0.62573 0.720487 0.153414 0.62502 0.45836 0.972433 0.296975 0.598062 0.333671 0.354961 0.822326 0.0924606 0.523929 0.00609128 0.512092 0.271855 0.517448 0.972667 0.0155531 0.190887 0.0527713 0.716418 0.236941 0.419342 0.643887 0.597442 0.198344 0.0688772 0.208987 0.0920775 0.647236 0.834717 0.812564 0.80065 0.459736 0.270924 0.773083 0.756711 0.868986 0.106754 0.111672 0.691312 0.199214 0.635602 0.697404 0.711306 0.907456 0.214852 0.683973 0.923009 0.405739 0.736744 0.639427 0.64268 0.156086 0.283314 0.240122 0.354431 0.352191 0.449109 0.446508 0.999427 0.283826 0.259072 0.800077 0.743562 0.529997 0.573161 0.500273 0.398983 0.679914 0.611945 0.0902953 
17 22 8 0 14 23 13 
0.0780128 0.40829 0.0111512 0.71744 0.0509698 0.167238 0.000754303 0.291092 0.521668 0.352946 0.740201 0.968176 0.352373 0.0240269 0.227249 0.15245 0.767589 0.757245 0.725611 0.267862 0.156228 0.405525 0.879808 0.246524 0.284654 0.127355 0.0342225 0.875089 0.282358 0.0367733 0.149496 0.360371 0.445063 0.160647 0.0778111 0.496033 0.327885 0.0785654 0.787125 0.849553 0.431511 0.527326 0.817729 0.783884 0.551353 0.0449781 0.936334 0.318942 0.802224 0.661945 0.586804 0.958452 0.0674697 0.466612 0.204975 0.352124 0.593966 0.239198 0.227212 0.876324 0.275971 0.376708 0.236695 0.721034 0.537356 0.314506 0.217067 0.86524 0.393072 0.00419171 0.714793 0.824583 0.531518 0.532523 0.608466 0.0828703 0.577501 0.5448 0.401812 0.379724 0.206745 0.988616 0.338176 0.274215 0.455227 0.543151 0.626338 0.0491937 0.782349 0.85355 0.925518 0.0583204 0.230259 0.162213 0.779354 0.767614 0.476719 0.996421 0.632855 0.869791 0.000613046 0.347648 0.694373 0.532131 0.880171 0.30284 0.615001 0.457672 0.84764 0.0168128 0.837396 0.0543851 0.00542877 0.175572 0.3286 0.460656 0.718724 0.954938 0.50985 0.501073 0.808488 0.435368 0.559393 0.0387469 0.597581 0.338748 0.806361 0.0743001 
18 9 16 23 12 3 17 
0.867913 0.667035 0.941304 0.482914 0.124707 0.788944 0.499726 0.962103 0.843329 0.505155 0.137675 0.171929 0.965811 0.856399 0.126867 0.475661 0.357472 0.935355 0.911029 0.916865 0.974102 0.50861 0.255613 0.780463 0.58291 0.590782 0.219679 0.527001 0.926564 0.00654297 0.165465 0.794477 0.673578 0.106769 0.27739 0.798284 0.895713 0.777117 0.760387 0.739042 0.282272 0.898062 0.910971 0.248083 0.754461 0.0378375 0.723745 0.111932 0.973192 0.634774 0.0287972 0.947294 0.143384 0.28441 0.727757 0.726295 0.875192 0.947436 0.253296 0.801756 0.953979 0.418761 0.596232 0.627557 0.52553 0.873623 0.425841 0.421243 0.650739 0.186229 0.160285 0.933011 0.0842906 0.071256 0.181095 0.838751 0.109094 0.904839 0.950684 0.0822859 0.539614 0.979481 0.0295801 0.682998 0.263891 0.757337 0.409292 0.139082 0.704773 0.662588 0.940838 0.658753 0.0813488 0.537071 0.28631 0.606879 0.410693 0.712151 0.0281217 0.0614326 0.89838 0.188407 0.994444 0.98267 0.259663 0.175539 0.821422 0.368756 0.0803781 0.772105 0.451042 0.619992 0.751586 0.480622 0.302989 0.0154765 0.23796 0.712282 0.154559 0.942733 0.37487 0.095397 0.601486 0.456219 0.632468 0.887796 0.0630973 0.0431608 
19 8 7 15 23 10 26 
0.274576 0.302418 0.908045 0.354954 0.0745231 0.359088 0.974946 0.826109 0.83971 0.277935 0.841585 0.0776699 0.990217 0.996144 0.0204032 0.365087 0.0915414 0.621889 0.821306 0.724009 0.509685 0.884403 0.76717 0.109631 0.975622 0.871763 0.607957 0.255248 0.970801 0.088954 0.794537 0.245377 0.391372 0.702582 0.600331 0.465895 0.0616694 0.575277 0.292004 0.901379 0.853212 0.133589 0.979049 0.843429 0.129734 0.999452 0.208516 0.221275 0.621342 0.0298218 0.945284 0.131026 0.914225 0.712454 0.240657 0.889847 0.584217 0.848615 0.145094 0.555017 0.937569 0.939631 0.800394 0.328941 0.642213 0.400725 0.794836 0.703882 0.976001 0.0868399 0.605262 0.829213 0.220429 0.584311 0.672643 0.350163 0.583763 0.881159 0.571438 0.205105 0.910981 0.516722 0.336131 0.825205 0.229176 0.576788 0.715052 0.813393 0.425403 0.860146 0.36841 0.362972 0.799777 0.168804 0.691913 0.44199 0.569529 0.486749 0.145872 0.54553 0.573589 0.751134 0.374744 0.794018 0.335444 0.0473864 0.144181 0.919208 0.928545 0.715619 0.124312 0.839526 0.232342 0.460443 0.664731 0.461517 0.0372318 0.379783 0.27491 0.462635 0.239929 0.643321 0.825607 0.0397059 0.812125 0.51752 0.481696 0.381654 
20 19 15 10 4 25 18 
0.371876 0.714146 0.349315 0.516057 0.633353 0.27786 0.231676 0.757666 0.117386 0.464018 0.218109 0.782117 0.925535 0.255341 0.161899 0.200446 0.717976 0.401828 0.843766 0.543584 0.441534 0.655891 0.0611038 0.92323 0.037545 0.0653728 0.550797 0.964729 0.643231 0.929499 0.266658 0.0151065 0.643645 0.615972 0.531164 0.276998 0.893832 0.76284 0.0346641 0.0112179 0.226858 0.252773 0.793334 0.152393 0.508115 0.955234 0.352839 0.226091 0.357062 0.196605 0.769675 0.798595 0.852496 0.830778 0.721825 0.890041 0.896151 0.272622 0.85477 0.539382 0.202121 0.121428 0.554488 0.845766 0.7374 0.0856519 0.122764 0.631233 0.848492 0.157428 0.642451 0.0753495 0.410202 0.435785 0.227743 0.918316 0.391019 0.580581 0.144407 0.74808 0.777186 0.914082 0.546676 0.629682 0.74486 0.268501 0.519723 0.641011 0.541123 0.374494 0.180393 0.743244 0.495922 0.734882 0.58901 0.233322 0.820534 0.711774 0.864555 0.669025 0.869202 0.507005 0.744375 0.279404 0.94279 0.972117 0.19772 0.333809 0.552699 0.342127 0.0818893 0.329885 0.256209 0.628565 0.959567 0.00106943 0.897065 0.47929 0.642081 0.438188 0.853784 0.822474 0.181433 0.349706 0.557356 0.770443 0.583028 0.37789 
21 15 2 20 23 14 0 
0.630823 0.897379 0.763407 0.828544 0.231188 0.316106 0.170671 0.313077 0.645991 0.42688 0.941642 0.605558 0.42795 0.838707 0.0848483 0.0700304 0.276896 0.938632 0.892505 0.458328 0.288338 0.449861 0.228771 0.871366 0.82775 0.710989 0.318949 0.874665 0.0624082 0.273537 0.665955 0.693232 0.170916 0.429362 0.521775 0.402104 0.745468 0.692446 0.715181 0.391458 0.119326 0.656823 0.997016 0.547276 0.495531 0.0818645 0.617306 0.772427 0.0204969 0.509811 0.230755 0.308835 0.959671 0.459526 0.180201 0.787421 0.170515 0.49915 0.662086 0.232923 0.772688 0.328041 0.926155 0.943604 0.757403 0.44793 0.345708 0.50287 0.140376 0.0608895 0.894328 0.259702 0.717713 0.891344 0.806978 0.213244 0.973209 0.424284 0.98567 0.993706 0.934095 0.216425 0.302541 0.893766 0.675951 0.482742 0.681188 0.846466 0.981893 0.343274 0.0793896 0.754581 0.671315 0.00554434 0.698185 0.428717 0.453474 0.0438931 0.931588 0.59385 0.104783 0.825916 0.853553 0.822495 0.71726 0.66053 0.0357389 0.690469 0.0848145 0.0214089 0.684175 0.0189092 0.237834 0.986716 0.912675 0.913785 0.469458 0.593863 0.760252 0.451351 0.937137 0.839641 0.205932 0.608451 0.845186 0.904117 0.0371688 0.29866 
22 24 7 0 4 10 9 
0.875288 0.511932 0.406593 0.911027 0.202402 0.491408 0.932436 0.886577 0.510317 0.17027 0.873293 0.422992 0.0840551 0.342751 0.0168552 0.844307 0.794103 0.953992 0.683948 3.46033e-05 0.562443 0.529134 0.904152 0.599612 0.827794 0.852162 0.568368 0.720304 0.904954 0.363041 0.466367 0.780242 0.874973 0.87296 0.691269 0.0773748 0.364368 0.623705 0.963952 0.874685 0.793974 0.837244 0.297678 0.878029 0.179996 0.314533 0.722336 0.974098 0.268525 0.406284 0.974133 0.830968 0.935418 0.878284 0.43058 0.763212 0.730446 0.998948 0.483516 0.6354 0.361989 0.949883 0.415642 0.236962 0.822844 0.106911 0.314337 0.187212 0.730615 0.278288 0.061897 0.52459 0.115533 0.359575 0.402619 0.295528 0.674107 0.124955 0.269627 0.942632 0.53124 0.243759 0.7736 0.466658 0.122044 0.20418 0.22987 0.85249 0.203128 0.713387 0.48789 0.565117 0.66327 0.903532 0.802079 0.486114 0.0104423 0.116416 0.673326 0.741058 0.394704 0.735223 0.265648 0.510237 0.0947971 0.668267 0.805765 0.768904 0.793222 0.0753914 0.711536 0.324462 0.319151 0.485136 0.79112 0.441195 0.689316 0.0209905 0.293684 0.892444 0.734377 0.781574 0.457562 0.397647 0.685105 0.259641 0.883761 0.695547 
23 24 14 6 0 15 7 
0.37052 0.0867616 0.156011 0.163742 0.162153 0.867547 0.488204 0.481304 0.352683 0.279324 0.922498 0.0419996 0.300314 0.216182 0.934444 0.0346915 0.997756 0.392006 0.432339 0.682861 0.651646 0.316099 0.378409 0.0277026 0.873186 0.815014 0.798463 0.165495 0.517267 0.0794595 0.552601 0.887786 0.166221 0.708612 0.0515281 0.328374 0.576159 0.539732 0.809678 0.928842 0.819056 0.732176 0.970842 0.11937 0.948358 0.905286 0.154062 0.946114 0.297291 0.5864 0.628976 0.948938 0.9025 0.00738424 0.97664 0.775685 0.822398 0.775103 0.94118 0.339665 0.854562 0.493781 0.227451 0.0207835 0.202393 0.278979 0.349157 0.778551 0.818711 0.158835 0.707393 0.637767 0.891011 0.678235 0.757137 0.839369 0.583521 0.911199 0.785484 0.880812 0.497599 0.414459 0.82975 0.400098 0.421844 0.80639 0.175784 0.244242 0.581493 0.116964 0.583907 0.436055 0.610745 0.811358 0.456839 0.813138 0.0903377 0.805996 0.591689 0.909049 0.964831 0.299082 0.546816 0.855843 0.977317 0.303953 0.695212 0.560838 0.215152 0.480696 0.44165 0.712751 0.895155 0.271399 0.112849 0.316999 0.077789 0.288633 0.561241 0.659282 0.405597 0.145148 0.0953372 0.0163419 0.956506 0.552176 0.82948 0.0468435 
24 23 8 0 7 9 20 
0.806662 0.874058 0.258405 0.0218138 0.354754 0.700055 0.734565 0.24991 0.971454 0.847414 0.566908 0.0492431 0.136046 0.128149 0.708525 0.541643 0.273297 0.803862 0.557985 0.229803 0.356038 0.387465 0.276646 0.714211 0.808633 0.232539 0.0372143 0.528884 0.735247 0.216061 0.226452 0.541909 0.0901189 0.484857 0.563723 0.444873 0.184912 0.298288 0.694783 0.156367 0.145701 0.261691 0.20561 0.281748 0.38984 0.914135 0.823391 0.663137 0.717997 0.381376 0.89294 0.0740351 0.768841 0.169586 0.788246 0.577474 0.402125 0.82546 0.106358 0.137372 0.0415204 0.33281 0.679281 0.131639 0.817668 0.243005 0.576512 0.00258016 0.541292 0.271295 0.158947 0.686993 0.532986 0.364556 0.968741 0.922826 0.278691 0.792132 0.585964 0.996688 0.173508 0.478903 0.0707228 0.942349 0.648489 0.858968 0.519823 0.0506143 0.684428 0.626181 0.187986 0.725949 0.958992 0.867268 0.857588 0.776659 0.110273 0.4341 0.77924 0.651565 0.705395 0.938186 0.338558 0.238381 0.302743 0.307299 0.161208 0.581434 0.0994315 0.747171 0.578121 0.27294 0.226075 0.648844 0.215289 0.874564 0.507813 0.735112 0.925178 0.192241 0.361293 0.113165 0.91819 0.320285 0.980433 0.775778 0.0969443 0.0907053 
25 6 0 9 3 22 19 
0.117113 0.388128 0.314862 0.698546 0.487559 0.0620336 0.276668 0.760499 0.288108 0.925512 0.975787 0.162672 0.433324 0.710899 0.0878505 0.625565 0.0721924 0.201015 0.543755 0.392477 0.181448 0.319533 0.489422 0.272153 0.529411 0.365605 0.0144235 0.444684 0.179976 0.0952518 0.598339 0.297088 0.483379 0.913201 0.995635 0.970939 0.975235 0.272302 0.731437 0.263343 0.197814 0.707225 0.426015 0.631138 0.418124 0.513866 0.256703 0.490316 0.714881 0.800458 0.882794 0.896329 0.119991 0.372215 0.168483 0.649401 0.737821 0.182906 0.0940853 0.917796 0.278158 0.692424 0.214885 0.761538 0.605625 0.210519 0.732476 0.58086 0.482821 0.463914 0.844204 0.680635 0.171138 0.270219 0.311773 0.589262 0.784085 0.568476 0.0795784 0.498966 0.368935 0.962372 0.395296 0.488925 0.334587 0.563778 0.138326 0.0724079 0.746685 0.232412 0.990204 0.0248429 0.924836 0.205089 0.786381 0.530461 0.415608 0.518857 0.111322 0.89843 0.98277 0.955525 0.579065 0.153908 0.225744 0.890838 0.743171 0.00982908 0.459314 0.822749 0.508795 0.828249 0.785121 0.904091 0.317174 0.119708 0.467869 0.4555 0.192116 0.214554 0.687912 0.18232 0.239397 0.612748 0.387409 0.0257772 0.143209 0.803018 
26 3 22 18 4 24 13 
0.424483 0.445629 0.630664 0.247232 0.954425 0.458913 0.0323533 0.858515 0.776087 0.152062 0.326385 0.231587 0.344178 0.540939 0.919499 0.526498 0.780335 0.532247 0.913908 0.806113 0.675456 0.716925 0.350746 0.929987 0.418372 0.878151 0.140043 0.698884 0.559463 0.575843 0.870233 0.983947 0.0214728 0.500897 0.231179 0.975897 0.95981 0.263532 0.834413 0.735896 0.415594 0.160798 0.967483 0.759771 0.701736 0.886982 0.28627 0.482071 0.419229 0.200177 0.288184 0.0946846 0.917102 0.63893 0.0246715 0.335474 0.517081 0.164715 0.0343579 0.0765444 0.740558 0.904591 0.060491 0.762031 0.405488 0.29167 0.737928 0.365298 0.555202 0.572341 0.101194 0.970796 0.733139 0.0686773 0.730567 0.434875 0.955659 0.0168365 0.916946 0.374888 0.217014 0.20513 0.469573 0.134116 0.84406 0.494244 0.46959 0.361141 0.658959 0.503948 0.437686 0.399516 0.408539 0.498177 0.161547 0.814027 0.789847 0.899475 0.179325 0.345049 0.471817 0.280519 0.315844 0.204955 0.349197 0.0464112 0.63983 0.304856 0.0632478 0.556776 0.679744 0.280261 0.761906 0.149316 0.414377 0.605967 0.64356 0.883967 0.967108 0.302519 0.387915 0.404794 0.702035 0.796454 0.902971 0.863582 0.610481 0.692818 
27 5 9 19 26 15 1 
0.43983 0.419522 0.400122 0.0796598 0.724378 0.463369 0.636436 0.404122 0.743631 0.398343 0.553438 0.158008 0.00430949 0.196998 0.0419749 0.971418 0.499517 0.42989 0.376212 0.201552 0.226343 0.279183 0.0651346 0.836824 0.972 0.828192 0.62663 0.00986655 0.0630668 0.696956 0.363577 0.502896 0.116478 0.763699 0.582556 0.840855 0.227068 0.218992 0.244977 0.970699 0.617335 0.798415 0.128707 0.621645 0.995413 0.170682 0.593062 0.49493 0.600571 0.969274 0.696482 0.826915 0.248457 0.761617 0.663739 0.220458 0.589809 0.290369 0.230324 0.652876 0.987324 0.593901 0.155772 0.103802 0.3576 0.738329 0.944657 0.584668 0.957321 0.189634 0.555366 0.574656 0.988049 0.684073 0.196301 0.983462 0.854755 0.789363 0.478392 0.455326 0.758638 0.174874 0.282241 0.00709471 0.936491 0.945979 0.227552 0.5263 0.236348 0.457876 0.179176 0.223672 0.0517774 0.334948 0.327474 0.409377 0.0732771 0.272131 0.994045 0.0305983 0.461766 0.549411 0.605255 0.449815 0.233484 0.801555 0.433277 0.0882389 0.590919 0.911669 0.543565 0.349556 0.0865433 0.825805 0.356651 0.0230341 0.771785 0.584203 0.549334 0.00813268 0.0420796 0.72851 0.231805 0.0938569 0.0634583 0.559279 0.503234 0.136735 
