8 3
0 1 0 0 0 0 1 0 
0 3 7 
0.174785 0.144494 0.994721 0.90018 0.24815 0.604946 0.805985 0.107697 
1 2 0 
0.103433 0.770383 0.577372 0.177478 0.496228 0.638427 0.450084 0.738742 
2 1 5 
0.0451739 0.956307 0.131718 0.744575 0.965055 0.299541 0.64522 0.13984 
3 4 7 
0.04002 0.692185 0.244887 0.846005 0.799882 0.620785 0.148992 0.903315 
4 3 2 
0.080793 0.887396 0.364791 0.530877 0.626137 0.100762 0.993555 0.0402568 
5 1 0 
0.227434 0.76901 0.390249 0.972009 0.734065 0.68979 0.617229 0.873906 
6 5 4 
0.913926 0.826011 0.502057 0.75993 0.625892 0.122843 0.908922 0.529207 
7 0 1 
0.61 0.401406 7.72304e-05 0.140877 0.0275435 0.100839 0.134433 0.0678004 
