30 4
0 1 1 1 0 0 1 1 1 0 1 1 1 0 1 1 0 1 0 0 0 0 1 0 1 1 1 0 1 1 
0 10 17 21 
0.450271 0.808107 0.277773 0.664996 0.145845 0.649658 0.19116 0.505218 0.730495 0.115836 0.302094 0.970603 0.652263 0.756305 0.346579 0.753624 
1 11 15 26 
0.837168 0.525801 0.514985 0.974395 0.692914 0.992511 0.162786 0.0729252 0.567146 0.212785 0.942455 0.0174173 0.0208916 0.220229 0.682413 0.166736 
2 13 26 24 
0.600381 0.989409 0.974049 0.570984 0.641672 0.730353 0.917564 0.395295 0.662084 0.339436 0.0731323 0.903381 0.176604 0.598933 0.418366 0.150999 
3 10 8 25 
0.364772 0.978023 0.52657 0.307227 0.99544 0.547461 0.527456 0.677853 0.714198 0.397342 0.551427 0.386152 0.997723 0.540835 0.360201 0.568707 
4 13 18 3 
0.577802 0.752638 0.825707 0.650934 0.656018 0.00231109 0.249867 0.0743839 0.15331 0.541714 0.485261 0.467096 0.906486 0.463283 0.993666 0.213713 
5 28 21 17 
0.255325 0.138511 0.688003 0.641477 0.136234 0.228838 0.00167756 0.704942 0.411345 0.0922313 0.191213 0.989147 0.844869 0.0169199 0.640082 0.500887 
6 14 8 3 
0.172541 0.431663 0.0605316 0.639637 0.338149 0.523815 0.633303 0.551863 0.982538 0.17443 0.293032 0.119114 0.429755 0.431543 0.807118 0.071232 
7 6 16 15 
0.447301 0.165141 0.463932 0.436448 0.0100096 0.480852 0.07653 0.510897 0.500083 0.966479 0.0861677 0.672624 0.398142 0.146699 0.312262 0.736292 
8 11 15 12 
0.653052 0.119995 0.581186 0.772167 0.549749 0.0127298 0.579284 0.620981 0.580508 0.61524 0.693891 0.853227 0.0625408 0.859032 0.317159 0.498989 
9 12 14 24 
0.298094 0.541998 0.466106 0.970719 0.94014 0.612805 0.282981 0.676432 0.283319 0.228545 0.964586 0.936371 0.34854 0.545772 0.708538 0.898289 
10 3 26 13 
0.13901 0.903062 0.213162 0.992237 0.965603 0.0721933 0.309396 0.464592 0.941235 0.107408 0.0401107 0.321173 0.405502 0.582109 0.787279 0.376221 
11 1 29 27 
0.198681 0.683403 0.887747 0.163267 0.619774 0.236286 0.709039 0.328312 0.134575 0.267541 0.616134 0.653846 0.406551 0.519196 0.867007 0.398788 
12 28 3 16 
0.949391 0.880435 0.815592 0.989502 0.201608 0.221094 0.57161 0.988887 0.597314 0.0938591 0.38897 0.256516 0.29254 0.0723733 0.144262 0.455806 
13 11 9 29 
0.515124 0.432386 0.636594 0.16897 0.838937 0.15579 0.0359774 0.237725 0.640589 0.975178 0.945909 0.58998 0.855614 0.761501 0.579481 0.0572219 
14 8 20 18 
0.579909 0.244951 0.435079 0.836425 0.537491 0.507453 0.980688 0.993297 0.1996 0.361236 0.158142 0.220059 0.87636 0.590528 0.856653 0.0453303 
15 25 27 18 
0.667191 0.653032 0.0564859 0.6131 0.243012 0.9121 0.374601 0.822493 0.969321 0.357196 0.973585 0.0154301 0.937105 0.218536 0.450509 0.77353 
16 1 26 11 
0.749323 0.157562 0.115454 0.907465 0.377621 0.991814 0.497994 0.234275 0.0371446 0.927459 0.246718 0.118452 0.59465 0.89975 0.174938 0.207751 
17 0 10 15 
0.965255 0.0563592 0.939548 0.938841 0.0717893 0.876653 0.157377 0.522299 0.650184 0.913403 0.48026 0.404402 0.662727 0.637822 0.519856 0.570192 
18 6 24 2 
0.249718 0.548815 0.995645 0.496436 0.667267 0.590296 0.396186 0.842205 0.798046 0.538947 0.929243 0.380398 0.504203 0.985602 0.319947 0.443043 
19 27 12 21 
0.57969 0.846784 0.513823 0.0599505 0.251185 0.17655 0.697773 0.771041 0.746743 0.713216 0.282711 0.814929 0.962935 0.831525 0.810574 0.45937 
20 0 11 24 
0.198916 0.394503 0.27024 0.579314 0.898706 0.255842 0.899261 0.34175 0.313234 0.095861 0.94217 0.892924 0.942645 0.455993 0.952875 0.19383 
21 8 17 29 
0.379286 0.363864 0.247581 0.194215 0.326798 0.0791067 0.00478916 0.786169 0.577899 0.405659 0.641725 0.918896 0.604575 0.0362281 0.189136 0.18389 
22 3 14 15 
0.276684 0.758213 0.179012 0.218854 0.651137 0.121656 0.674847 0.604011 0.315486 0.30739 0.254659 0.280357 0.686676 0.618522 0.527938 0.880891 
23 2 7 15 
0.731489 0.184944 0.29134 0.373214 0.10384 0.895915 0.409442 0.292977 0.0798043 0.344376 0.737955 0.162955 0.62106 0.496168 0.341967 0.839914 
24 29 11 3 
0.779109 0.822151 0.00597516 0.0594661 0.508827 0.624498 0.587405 0.389719 0.569818 0.19445 0.275399 0.301308 0.379393 0.566739 0.674522 0.483233 
25 28 17 10 
0.542458 0.428341 0.514165 0.705413 0.0494009 0.0103337 0.0473795 0.889315 0.157639 0.511002 0.404075 0.908955 0.290112 0.226226 0.914931 0.349578 
26 20 19 12 
0.124771 0.109247 0.131432 0.400171 0.410554 0.510825 0.96691 0.0850763 0.994059 0.429563 0.16904 0.770269 0.972021 0.597381 0.284434 0.677434 
27 16 20 29 
0.536097 0.452407 0.235816 0.940172 0.361362 0.525927 0.166397 0.276293 0.875505 0.90145 0.815721 0.812487 0.0262219 0.924967 0.943919 0.426393 
28 11 9 21 
0.420598 0.448803 0.822865 0.589638 0.219071 0.794886 0.187019 0.503505 0.47232 0.833801 0.798273 0.197133 0.369898 0.25068 0.432949 0.310069 
29 28 24 16 
0.888334 0.834382 0.377917 0.704055 0.646869 0.404139 0.629022 0.590788 0.830532 0.964544 0.0455322 0.223834 0.385142 0.494335 0.0466988 0.97478 
