94 6
0 0 0 0 1 0 1 1 1 1 1 0 0 0 1 1 1 1 0 0 0 0 1 1 0 1 0 0 1 1 0 0 0 1 1 1 0 1 1 1 1 1 0 0 0 0 1 1 0 0 0 0 1 1 0 0 1 0 1 1 0 0 0 0 0 0 0 0 0 0 0 1 0 1 0 1 1 0 1 0 1 1 1 1 1 1 0 1 0 1 0 1 0 1 
0 75 42 60 6 35 
0.383941 0.858092 0.337881 0.864244 0.233194 0.0330848 0.677685 0.571183 0.714908 0.855898 0.808001 0.715418 0.76208 0.870834 0.245036 0.739307 0.168441 0.147261 0.0394283 0.957546 0.498101 0.525556 0.757452 0.219721 0.806872 0.834319 0.498404 0.63344 0.212534 0.947387 0.563813 0.596475 0.805479 0.901694 0.460719 0.0386729 0.934779 0.138404 0.609856 0.649687 0.994302 0.417857 0.365105 0.756382 0.288691 0.610141 0.495689 0.457132 0.757401 0.535117 0.414678 0.255502 0.0606729 0.172129 0.475223 0.867544 0.00644797 0.973627 0.500984 0.218982 0.921014 0.064797 0.815457 0.726493 
1 42 88 0 45 38 
0.375022 0.550957 0.408882 0.792879 0.916062 0.165264 0.0815697 0.526203 0.660952 0.538702 0.283604 0.196069 0.953379 0.539106 0.256742 0.125509 0.0143296 0.124287 0.131957 0.987957 0.625271 0.350939 0.908971 0.690068 0.166396 0.635465 0.656559 0.442571 0.400631 0.557829 0.857151 0.775653 0.108787 0.266032 0.568532 0.0248489 0.431296 0.650102 0.551052 0.0922484 0.188803 0.834656 0.288318 0.142183 0.373762 0.54506 0.267691 0.388092 0.669347 0.399648 0.376049 0.294618 0.750587 0.28502 0.984686 0.916982 0.920484 0.641245 0.359554 0.321115 0.199074 0.216704 0.096768 0.307861 
2 84 7 42 40 91 
0.883761 0.00628096 0.504205 0.718417 0.294599 0.646388 0.0921794 0.839659 0.914079 0.480271 0.509006 0.313727 0.85632 0.803623 0.0643141 0.14134 0.788309 0.981297 0.0618239 0.429554 0.34085 0.382939 0.628628 0.557554 0.479707 0.936488 0.0402911 0.145007 0.269198 0.954324 0.460408 0.152959 0.960605 0.964613 0.871376 0.255203 0.611001 0.963556 0.0948622 0.52508 0.443827 0.603868 0.838807 0.300147 0.407491 0.903121 0.441486 0.1958 0.884418 0.50331 0.625354 0.225268 0.886249 0.253981 0.782822 0.365956 0.19047 0.823113 0.510963 0.459668 0.777437 0.971371 0.612627 0.738042 
3 18 15 61 55 51 
0.0881072 0.0720653 0.891385 0.691975 0.910872 0.191532 0.0994662 0.813994 0.633018 0.295266 0.698411 0.136329 0.92062 0.923679 0.0225778 0.174602 0.706501 0.388534 0.365071 0.529615 0.899497 0.824739 0.307052 0.870868 0.437365 0.0450935 0.806853 0.921368 0.0383386 0.353839 0.368927 0.126446 0.425904 0.260312 0.818421 0.336776 0.451844 0.917887 0.15077 0.0848627 0.213153 0.849181 0.221191 0.133773 0.77286 0.243769 0.308375 0.479362 0.632303 0.673446 0.00897646 0.5318 0.498185 0.316028 0.402668 0.935551 0.361122 0.209522 0.856919 0.39946 0.56336 0.225846 0.525906 0.989264 
4 51 32 53 68 29 
0.47681 0.0228652 0.475367 0.325992 0.244056 0.60914 0.0988517 0.487825 0.917516 0.578213 0.120128 0.590962 0.58719 0.651928 0.0891473 0.903218 0.0545968 0.0246981 0.26434 0.264118 0.881617 0.6638 0.827479 0.107463 0.189707 0.816743 0.593622 0.534033 0.142784 0.531624 0.796247 0.619594 0.554489 0.271614 0.945586 0.798546 0.880755 0.0444375 0.286371 0.79827 0.622651 0.4065 0.389232 0.209841 0.058428 0.478379 0.113059 0.113025 0.503078 0.377399 0.377143 0.384695 0.0411993 0.204622 0.492158 0.230906 0.0213651 0.0857796 0.764939 0.164149 0.617404 0.561186 0.783743 0.171893 
5 58 1 74 0 2 
0.25681 0.511826 0.396417 0.66331 0.901058 0.606258 0.721738 0.379437 0.719317 0.834762 0.882515 0.0967158 0.211905 0.26721 0.137915 0.416527 0.759368 0.368821 0.437893 0.845147 0.13376 0.602041 0.462551 0.694946 0.385785 0.634444 0.527747 0.115114 0.604883 0.241303 0.88888 0.861693 0.753128 0.285297 0.525002 0.654186 0.891555 0.24674 0.0336236 0.610872 0.0815019 0.916139 0.707588 0.293407 0.183348 0.845503 0.709935 0.942716 0.214324 0.147827 0.787864 0.348084 0.749869 0.250415 0.0430307 0.135653 0.884859 0.570778 0.250767 0.489742 0.81208 0.139647 0.351434 0.565209 
6 15 1 50 19 31 
0.927372 0.204678 0.169157 0.63496 0.498085 0.352505 0.480464 0.20802 0.295221 0.694788 0.355847 0.0830851 0.0428723 0.105716 0.3335 0.085903 0.241369 0.218359 0.656681 0.492136 0.7081 0.468761 0.631783 0.0595343 0.0339699 0.0567278 0.935971 0.253365 0.373228 0.0591467 0.506383 0.3006 0.263825 0.67554 0.93556 0.76191 0.0280453 0.416024 0.96993 0.323267 0.110812 0.325777 0.406352 0.153684 0.431493 0.739852 0.239587 0.672863 0.95821 0.896268 0.164999 0.666311 0.36503 0.796782 0.725845 0.398999 0.85351 0.661816 0.652364 0.226738 0.720962 0.158747 0.527338 0.984787 
7 18 49 58 51 35 
0.185599 0.989734 0.0424038 0.591951 0.143419 0.473897 0.331803 0.383006 0.14676 0.290013 0.279274 0.311759 0.956324 0.644304 0.108541 0.682169 0.0433033 0.962051 0.343985 0.695667 0.188789 0.0649471 0.854415 0.716127 0.0497339 0.688702 0.179025 0.796431 0.551034 0.0579466 0.513057 0.736634 0.0476808 0.555461 0.328585 0.191099 0.0293581 0.660388 0.574105 0.176118 0.950401 0.85338 0.487876 0.906726 0.497683 0.596417 0.588895 0.540987 0.558468 0.932879 0.236654 0.747257 0.997826 0.0910689 0.463384 0.0475604 0.779771 0.642408 0.843991 0.330805 0.700355 0.357048 0.067439 0.748036 
8 19 15 39 32 16 
0.51324 0.117985 0.00681324 0.36662 0.605861 0.913539 0.864303 0.202278 0.502433 0.40529 0.760747 0.435313 0.641944 0.508004 0.433139 0.733013 0.971388 0.4807 0.512784 0.613796 0.324691 0.843589 0.314151 0.681739 0.911028 0.0621867 0.594249 0.307052 0.0013218 0.536116 0.363464 0.514562 0.654101 0.370277 0.881182 0.259963 0.283816 0.745485 0.462241 0.786249 0.150775 0.222988 0.221562 0.792719 0.730992 0.654701 0.525732 0.702379 0.135401 0.0385163 0.316175 0.460091 0.882105 0.630326 0.141831 0.793134 0.692513 0.736079 0.100186 0.693835 0.272195 0.46365 0.208397 0.926297 
9 3 41 46 47 40 
0.648501 0.903992 0.98584 0.871489 0.125554 0.778559 0.602481 0.780255 0.304292 0.30486 0.915656 0.342808 0.621036 0.375748 0.224913 0.251362 0.517578 0.0180471 0.943876 0.253657 0.118233 0.637711 0.525853 0.581883 0.846108 0.45215 0.415809 0.935687 0.638409 0.533552 0.770751 0.286911 0.437544 0.756591 0.1584 0.563099 0.53515 0.760881 0.343354 0.839442 0.0657412 0.25901 0.18225 0.686777 0.634758 0.407163 0.93814 0.152336 0.42521 0.882015 0.405994 0.543443 0.519726 0.931846 0.125326 0.365833 0.383996 0.541135 0.30152 0.0224054 0.0746875 0.0722714 0.309316 0.512232 
10 11 16 3 17 49 
0.418685 0.203454 0.294338 0.677695 0.385704 0.981115 0.312453 0.792867 0.919254 0.464789 0.218078 0.801269 0.870783 0.761521 0.320995 0.802629 0.886847 0.686828 0.186625 0.427982 0.988349 0.209031 0.502669 0.06062 0.518347 0.014901 0.889482 0.986062 0.0902316 0.253495 0.214659 0.508916 0.456949 0.508996 0.186611 0.842653 0.490111 0.499064 0.63552 0.409365 0.963853 0.853598 0.210634 0.834636 0.615119 0.531629 0.637265 0.501965 0.218458 0.82389 0.929947 0.206806 0.032921 0.432616 0.267427 0.551268 0.447517 0.156909 0.53733 0.537749 0.410404 0.751988 0.0466649 0.867353 
11 25 26 19 66 24 
0.16046 0.696193 0.199125 0.371094 0.530829 0.814244 0.902724 0.168094 0.316209 0.121182 0.991985 0.246156 0.327988 0.0249058 0.678772 0.595415 0.576173 0.126289 0.752324 0.113503 0.664038 0.162728 0.865491 0.710703 0.0300806 0.126476 0.943979 0.740087 0.877571 0.676319 0.0856136 0.0380308 0.372512 0.284738 0.409125 0.903342 0.098982 0.311849 0.071436 0.415191 0.433031 0.0634208 0.661347 0.761019 0.0883266 0.340119 0.356434 0.6645 0.466409 0.108757 0.778003 0.130447 0.271485 0.643495 0.84115 0.301565 0.76997 0.785129 0.0416521 0.647541 0.461448 0.127266 0.685572 0.833961 
12 16 85 42 77 24 
0.808738 0.926177 0.839577 0.872159 0.587524 0.600596 0.960485 0.927644 0.957029 0.624985 0.394052 0.0657864 0.402989 0.524499 0.337271 0.0464833 0.365649 0.638836 0.816454 0.150779 0.680488 0.463995 0.612227 0.807754 0.149567 0.446187 0.219758 0.244264 0.183489 0.730744 0.65081 0.992227 0.656921 0.490387 0.864386 0.244446 0.0909828 0.824872 0.172089 0.048012 0.449857 0.566141 0.113798 0.852846 0.0906407 0.45107 0.899329 0.45629 0.0899059 0.715783 0.607069 0.770394 0.179778 0.219295 0.578149 0.329345 0.665483 0.797907 0.573609 0.848972 0.528651 0.224419 0.8412 0.185572 
13 22 81 20 49 36 
0.853801 0.980315 0.168248 0.967599 0.833161 0.258889 0.418669 0.73249 0.715179 0.508575 0.448273 0.322248 0.278969 0.62805 0.541543 0.857118 0.957395 0.207026 0.655024 0.531004 0.0559977 0.183675 0.755423 0.897197 0.369247 0.470229 0.602783 0.799265 0.276018 0.133241 0.401372 0.129818 0.113555 0.56962 0.0974177 0.946716 0.82851 0.516086 0.679206 0.543689 0.024661 0.127478 0.865936 0.30363 0.755529 0.407479 0.160747 0.712924 0.614505 0.815772 0.243927 0.670503 0.999447 0.99935 0.5677 0.368694 0.469579 0.170483 0.16796 0.745597 0.303724 0.569332 0.875415 0.417279 
14 12 63 2 51 82 
0.0432007 0.51115 0.51358 0.170679 0.377087 0.81721 0.926208 0.784566 0.977958 0.639131 0.399071 0.793729 0.883059 0.069574 0.793176 0.882409 0.637274 0.161871 0.351988 0.807757 0.32983 0.0975848 0.111481 0.899162 0.973 0.52876 0.0381142 0.945833 0.892755 0.00557602 0.434752 0.935956 0.516726 0.948332 0.106635 0.893813 0.765542 0.0328424 0.678379 0.7435 0.671974 0.0774505 0.537229 0.555032 0.147024 0.330405 0.437442 0.784298 0.492276 0.78943 0.592056 0.822106 0.887014 0.703537 0.721268 0.860014 0.232297 0.759382 0.805847 0.125052 0.764958 0.240599 0.0610077 0.281685 
15 44 14 76 40 12 
0.853877 0.697974 0.872459 0.931328 0.235203 0.427491 0.0783521 0.565609 0.864933 0.862651 0.0578849 0.654362 0.454706 0.879991 0.541377 0.158243 0.601259 0.401391 0.39054 0.360642 0.207238 0.515591 0.1256 0.447838 0.576599 0.407285 0.636769 0.744241 0.582783 0.591243 0.944726 0.43666 0.289218 0.817185 0.367988 0.524421 0.244676 0.44634 0.09003 0.109609 0.30899 0.147915 0.763971 0.763697 0.027906 0.305348 0.921939 0.629165 0.706739 0.312479 0.989807 0.913977 0.82807 0.115407 0.361815 0.404669 0.522691 0.998584 0.148911 0.105474 0.589828 0.093637 0.542134 0.879045 
16 56 86 85 28 70 
0.493496 0.265107 0.665451 0.641411 0.0290776 0.429148 0.669317 0.334425 0.351087 0.298482 0.0411638 0.663566 0.288289 0.955141 0.491636 0.403695 0.316955 0.896305 0.926387 0.31554 0.045216 0.0318603 0.905367 0.138853 0.573994 0.784412 0.0496748 0.484115 0.187879 0.205173 0.840576 0.681375 0.470279 0.506027 0.322786 0.499357 0.935174 0.992103 0.833782 0.286261 0.290585 0.874946 0.949827 0.578874 0.830087 0.441464 0.98257 0.147042 0.337769 0.908956 0.462582 0.382985 0.940817 0.367949 0.521838 0.514811 0.152361 0.571513 0.998926 0.34024 0.776686 0.839501 0.0216147 0.246965 
17 72 11 32 20 68 
0.580104 0.566964 0.627089 0.45505 0.516792 0.205964 0.285137 0.958255 0.188534 0.432179 0.296024 0.09749 0.894761 0.679009 0.0383067 0.26271 0.200847 0.553117 0.415071 0.77236 0.552043 0.755311 0.549045 0.391544 0.776925 0.79601 0.737073 0.121326 0.542332 0.0177754 0.45783 0.122437 0.58474 0.0849192 0.577487 0.101531 0.290883 0.862624 0.0597865 0.479416 0.294803 0.355811 0.576906 0.189564 0.0348199 0.615213 0.452273 0.235667 0.168331 0.867344 0.00802664 0.720374 0.622655 0.557072 0.111918 0.39958 0.353082 0.848991 0.520906 0.895415 0.866766 0.978736 0.0178513 0.451506 
18 65 86 81 78 48 
0.833955 0.752765 0.968634 0.410861 0.942329 0.00345391 0.0260743 0.394602 0.239121 0.194405 0.261946 0.247147 0.914779 0.884601 0.804219 0.0266967 0.284181 0.157302 0.875687 0.805087 0.0527162 0.742454 0.783823 0.0705675 0.193959 0.847478 0.665906 0.746996 0.202016 0.123868 0.35982 0.0359708 0.876633 0.328454 0.446832 0.818961 0.331908 0.472906 0.213563 0.571028 0.667311 0.475509 0.818176 0.58209 0.36011 0.622395 0.608786 0.644291 0.779697 0.484474 0.449379 0.832413 0.226927 0.233202 0.90298 0.420887 0.0806799 0.568886 0.167883 0.282696 0.692754 0.527703 0.318667 0.569387 
19 0 89 90 79 36 
0.601911 0.759092 0.905716 0.077421 0.577268 0.487805 0.437531 0.199663 0.0965916 0.0818228 0.97936 0.581065 0.531201 0.811773 0.807993 0.764403 0.714754 0.228879 0.845083 0.28364 0.396762 0.127779 0.976394 0.924465 0.446446 0.545781 0.780621 0.211945 0.934129 0.968685 0.45035 0.53604 0.727777 0.356065 0.613461 0.305045 0.843871 0.0509925 0.504709 0.940462 0.132815 0.484069 0.521528 0.664017 0.295842 0.32952 0.42842 0.0105958 0.558399 0.273503 0.294236 0.955162 0.401282 0.270629 0.879627 0.847728 0.81641 0.660248 0.0596724 0.750539 0.628933 0.510022 0.286579 0.35671 
20 82 17 80 68 39 
0.166464 0.65042 0.0838476 0.650533 0.171948 0.747864 0.946376 0.501468 0.176284 0.956971 0.0598675 0.449786 0.251207 0.0150292 0.851068 0.521836 0.894656 0.698796 0.338246 0.554903 0.758468 0.0887848 0.183836 0.26849 0.375364 0.540546 0.134578 0.275403 0.202301 0.844536 0.226436 0.368766 0.494956 0.310283 0.0192991 0.666904 0.0581477 0.965675 0.168372 0.234432 0.922646 0.22824 0.684218 0.173853 0.243269 0.535286 0.695689 0.137925 0.234082 0.0339353 0.692828 0.99255 0.12272 0.876664 0.26104 0.498084 0.41721 0.395618 0.773487 0.619511 0.240153 0.999923 0.988277 0.735109 
21 82 90 10 16 73 
0.570385 0.602786 0.895897 0.798625 0.287004 0.0697493 0.0418941 0.82229 0.765438 0.179819 0.0563719 0.799374 0.872647 0.0489219 0.922094 0.749311 0.309962 0.420178 0.166521 0.705579 0.193665 0.786032 0.945733 0.193588 0.774309 0.680842 0.503794 0.781885 0.0828552 0.872149 0.755136 0.653241 0.474935 0.651032 0.451866 0.761939 0.720782 0.49376 0.584229 0.48622 0.673579 0.640601 0.285594 0.546225 0.689523 0.207688 0.295536 0.999484 0.627865 0.462056 0.705064 0.82153 0.248088 0.650797 0.0151179 0.0223971 0.331638 0.518912 0.804282 0.414494 0.391061 0.559418 0.0677342 0.865996 
22 61 63 30 64 26 
0.212163 0.417451 0.686938 0.852764 0.703045 0.233164 0.542286 0.910733 0.5287 0.541771 0.538598 0.990756 0.246834 0.360128 0.238844 0.897631 0.375246 0.261241 0.229269 0.894158 0.0655234 0.643763 0.285219 0.624941 0.711497 0.151215 0.835391 0.231097 0.779149 0.766622 0.244457 0.991312 0.184074 0.931396 0.844075 0.887119 0.164559 0.386362 0.797851 0.693259 0.928132 0.336449 0.684015 0.174967 0.696577 0.922859 0.0725977 0.0718224 0.1841 0.301867 0.96598 0.249624 0.94563 0.251199 0.874565 0.657127 0.402414 0.709956 0.888224 0.181563 0.476578 0.132681 0.172874 0.660651 
23 13 9 62 51 44 
0.345621 0.921895 0.331443 0.68207 0.60591 0.50641 0.378647 0.528769 0.579008 0.450469 0.712869 0.880875 0.41645 0.962493 0.826505 0.667649 0.837058 0.483632 0.0700625 0.547013 0.371856 0.251625 0.0235912 0.504538 0.424499 0.684243 0.568615 0.441449 0.232013 0.797251 0.84476 0.577634 0.719146 0.176204 0.259704 0.325056 0.682614 0.63835 0.853825 0.261621 0.0888197 0.566695 0.142496 0.505269 0.529188 0.969001 0.172918 0.366245 0.452633 0.24298 0.913259 0.824489 0.494605 0.93685 0.329027 0.919105 0.621093 0.897642 0.360554 0.853105 0.694893 0.205314 0.430739 0.41404 
24 29 25 6 50 85 
0.592921 0.325752 0.417613 0.159616 0.468248 0.922882 0.688804 0.437249 0.0957998 0.055049 0.889882 0.33878 0.968308 0.714371 0.833386 0.905158 0.0433987 0.75249 0.526251 0.941041 0.113044 0.379356 0.635934 0.318357 0.810095 0.0499737 0.699875 0.500537 0.78907 0.764006 0.82933 0.381991 0.0897579 0.246943 0.541607 0.558006 0.169825 0.23041 0.995255 0.265625 0.285459 0.885138 0.604405 0.253767 0.599509 0.437791 0.158925 0.642908 0.190281 0.685176 0.583948 0.303324 0.0645317 0.219883 0.621682 0.874626 0.269856 0.321557 0.375164 0.058926 0.0855621 0.204494 0.440917 0.17532 
25 85 56 89 26 78 
0.728582 0.886887 0.498394 0.613719 0.491292 0.752161 0.213228 0.929083 0.911086 0.856136 0.119363 0.596262 0.440084 0.422688 0.660794 0.659967 0.0443697 0.53542 0.929823 0.365926 0.910584 0.988749 0.451488 0.115078 0.429666 0.626808 0.566515 0.41219 0.360134 0.187777 0.625124 0.0887161 0.0746644 0.123518 0.702435 0.565956 0.875679 0.915664 0.495039 0.786765 0.771799 0.614403 0.383027 0.211884 0.0370905 0.043821 0.871851 0.0814602 0.579241 0.801674 0.447386 0.489825 0.790423 0.898875 0.604903 0.220089 0.525683 0.171419 0.632279 0.885817 0.359196 0.257403 0.974533 0.43386 
26 84 74 44 71 55 
0.494856 0.0433649 0.364432 0.109258 0.426392 0.576316 0.146349 0.470213 0.448166 0.227809 0.0494543 0.24984 0.675195 0.53928 0.0402635 0.57407 0.144183 0.260353 0.0997529 0.315601 0.892632 0.98557 0.674797 0.150035 0.960104 0.108658 0.530956 0.637072 0.108474 0.787556 0.229705 0.60333 0.830921 0.594136 0.712588 0.257313 0.170452 0.858937 0.727526 0.618618 0.0867462 0.77698 0.868459 0.761942 0.31626 0.908722 0.336012 0.460443 0.169075 0.435764 0.776044 0.0617069 0.421335 0.450842 0.211742 0.381439 0.559499 0.742698 0.0185111 0.667973 0.530255 0.248216 0.271303 0.361176 
27 68 15 6 5 69 
0.346015 0.631422 0.929575 0.122995 0.499881 0.691517 0.439255 0.408603 0.0275284 0.899698 0.577678 0.463293 0.675742 0.639385 0.884628 0.126583 0.851127 0.266066 0.686082 0.593826 0.284577 0.354056 0.12408 0.532793 0.625359 0.485256 0.375145 0.609251 0.103745 0.387949 0.45208 0.449759 0.0193718 0.381656 0.572754 0.519253 0.0731724 0.0120091 0.927856 0.100701 0.911707 0.505534 0.563994 0.587448 0.144919 0.448621 0.714032 0.996047 0.714687 0.400114 0.589872 0.999265 0.75417 0.713953 0.532058 0.379529 0.199209 0.907203 0.988781 0.302953 0.295152 0.440861 0.752713 0.314524 
28 59 50 20 22 81 
0.761633 0.99639 0.249183 0.267167 0.560383 0.836631 0.412087 0.0090045 0.550663 0.408133 0.723692 0.950777 0.998005 0.722957 0.704947 0.711958 0.255014 0.0844766 0.911167 0.162217 0.0732572 0.21412 0.457369 0.514118 0.966833 0.771894 0.336634 0.2923 0.605671 0.232323 0.629776 0.367304 0.228713 0.878958 0.634471 0.789096 0.71559 0.0465573 0.798101 0.266252 0.45469 0.521793 0.217029 0.452696 0.244749 0.921977 0.164654 0.499764 0.00645319 0.075821 0.661981 0.0797104 0.289941 0.11935 0.593828 0.256774 0.891244 0.930463 0.549074 0.496914 0.162786 0.17885 0.864218 0.391499 
29 70 44 46 54 20 
0.978696 0.0396502 0.999936 0.500489 0.25668 0.452632 0.745238 0.178656 0.617286 0.245002 0.185109 0.693107 0.906982 0.26482 0.983048 0.0263325 0.858648 0.239823 0.917576 0.789111 0.788897 0.414491 0.951897 0.967746 0.278708 0.343396 0.0255546 0.777397 0.523992 0.798952 0.322643 0.502688 0.838603 0.322579 0.00317689 0.0952823 0.775211 0.748415 0.273939 0.392497 0.993417 0.459048 0.0856045 0.900399 0.723868 0.068653 0.926731 0.582516 0.308476 0.844308 0.371627 0.0973721 0.258798 0.323525 0.0651184 0.537506 0.666921 0.090673 0.314903 0.190913 0.889625 0.637546 0.693601 0.728228 
30 92 65 34 90 78 
0.097449 0.127833 0.438609 0.556497 0.213438 0.339008 0.280365 0.282091 0.26574 0.862881 0.590566 0.110047 0.234509 0.687938 0.368845 0.558033 0.753057 0.906352 0.224954 0.84373 0.221255 0.415867 0.733355 0.858801 0.109468 0.461584 0.818926 0.806246 0.285094 0.554262 0.251439 0.382543 0.682095 0.690048 0.93904 0.895533 0.0290565 0.219405 0.177624 0.294796 0.0822865 0.76819 0.404843 0.316795 0.456129 0.773689 0.874828 0.209186 0.68004 0.0997823 0.0529157 0.901295 0.515649 0.786271 0.760096 0.625118 0.247855 0.579022 0.431364 0.532949 0.133284 0.682803 0.915492 0.815379 
31 25 38 4 46 55 
0.888536 0.696703 0.156223 0.656726 0.101547 0.473018 0.112855 0.875235 0.347847 0.322041 0.555275 0.447629 0.374956 0.456571 0.963278 0.161227 0.216667 0.588396 0.409082 0.795689 0.0197595 0.942031 0.928972 0.702562 0.857522 0.744351 0.0754129 0.712054 0.455263 0.47732 0.785991 0.343799 0.174024 0.942215 0.000525349 0.27557 0.415233 0.11338 0.150806 0.76308 0.435421 0.706081 0.210709 0.810377 0.162652 0.173987 0.971604 0.379318 0.762383 0.380686 0.175007 0.782142 0.322717 0.103979 0.484704 0.18024 0.84833 0.560117 0.892294 0.303594 0.0374375 0.678285 0.647393 0.211461 
32 71 20 64 61 34 
0.637837 0.798812 0.196719 0.343918 0.00952095 0.00709624 0.50657 0.183508 0.978701 0.885888 0.945891 0.359387 0.0608947 0.728033 0.682104 0.164874 0.212738 0.862344 0.013204 0.772855 0.754638 0.316798 0.810292 0.432923 0.96419 0.0217534 0.0534225 0.612109 0.508785 0.0891553 0.373407 0.146622 0.887968 0.570126 0.49054 0.897489 0.577222 0.99711 0.0809965 0.555923 0.882998 0.0268872 0.91531 0.943893 0.75492 0.597415 0.108766 0.967658 0.459759 0.12197 0.740513 0.214396 0.438768 0.550805 0.647319 0.402959 0.572558 0.700742 0.0150672 0.0813433 0.789897 0.388474 0.227965 0.677865 
33 51 32 76 93 91 
0.65635 0.0917459 0.598614 0.683237 0.00705615 0.542506 0.438157 0.604471 0.651273 0.405815 0.0642294 0.773243 0.146328 0.278626 0.212011 0.697133 0.925945 0.61497 0.269691 0.626687 0.630037 0.351034 0.416584 0.0185112 0.579 0.0944491 0.977112 0.297505 0.669803 0.512934 0.0131208 0.326152 0.60468 0.611734 0.00938955 0.611736 0.154241 0.447547 0.216207 0.805513 0.853362 0.280437 0.578757 0.99969 0.559062 0.790768 0.696822 0.485008 0.405738 0.966513 0.111695 0.0357748 0.317548 0.528279 0.054286 0.896547 0.622728 0.0313975 0.194053 0.292531 0.544332 0.207173 0.618683 0.149012 
34 70 84 58 68 67 
0.976956 0.778662 0.928982 0.257392 0.357419 0.928671 0.816454 0.148187 0.625494 0.301462 0.553925 0.592007 0.413157 0.589699 0.909555 0.941436 0.643985 0.806102 0.564164 0.675383 0.000154854 0.856694 0.219715 0.207328 0.475377 0.368727 0.0262362 0.10345 0.129475 0.999385 0.179069 0.106431 0.778047 0.108051 0.363823 0.135466 0.036722 0.180277 0.283652 0.662216 0.481739 0.837577 0.254223 0.894896 0.427276 0.163778 0.836332 0.0712618 0.96988 0.400495 0.746645 0.970035 0.25719 0.966359 0.177363 0.732567 0.335086 0.203599 0.836016 0.464561 0.202984 0.0150857 0.570992 0.981031 
35 86 16 81 38 50 
0.822074 0.596831 0.237726 0.076297 0.491728 0.665003 0.240075 0.328059 0.736265 0.209955 0.728555 0.482909 0.17999 0.985744 0.449268 0.357353 0.718311 0.784354 0.560952 0.554327 0.248915 0.763937 0.569413 0.819907 0.744968 0.69255 0.754722 0.861464 0.852408 0.869814 0.261614 0.674482 0.466645 0.49934 0.750779 0.958373 0.164343 0.990854 0.286432 0.900607 0.200809 0.0149865 0.383516 0.380799 0.000730754 0.832785 0.738152 0.719042 0.617139 0.299104 0.273369 0.866054 0.0630407 0.842782 0.685961 0.808008 0.535332 0.440683 0.669473 0.38774 0.310497 0.931086 0.0622217 0.777142 
36 23 13 6 39 63 
0.0219465 0.495376 0.00466337 0.0369331 0.878893 0.385462 0.0376638 0.711677 0.123614 0.756706 0.328816 0.422718 0.0300747 0.19487 0.485759 0.872857 0.880832 0.293767 0.408189 0.321515 0.96324 0.795928 0.632012 0.894326 0.85815 0.409154 0.324753 0.671151 0.144668 0.919522 0.475005 0.166615 0.414898 0.479669 0.203548 0.293791 0.865131 0.241212 0.00546778 0.988744 0.997917 0.334284 0.411462 0.0279919 0.529154 0.897221 0.900849 0.409986 0.190988 0.309038 0.731501 0.154228 0.104966 0.363513 0.048554 0.963116 0.772667 0.373307 0.634267 0.917335 0.292828 0.109272 0.0839496 0.707726 
37 29 77 91 81 25 
0.442816 0.526626 0.341268 0.854279 0.554618 0.870423 0.7515 0.455467 0.280409 0.942488 0.764505 0.0119103 0.0967154 0.869471 0.375423 0.145269 0.832587 0.14809 0.518576 0.466854 0.0654245 0.811404 0.576126 0.149374 0.51913 0.165067 0.436872 0.520647 0.619139 0.965581 0.527632 0.0619557 0.492207 0.8689 0.916234 0.0468252 0.739323 0.667734 0.502292 0.0197321 0.610222 0.266797 0.0316425 0.706937 0.136268 0.407066 0.852207 0.968855 0.555155 0.370783 0.435709 0.62058 0.182187 0.011835 0.769954 0.701317 0.176902 0.206825 0.221964 0.796042 0.172406 0.749596 0.857997 0.664613 
38 72 84 52 19 2 
0.213731 0.377551 0.052188 0.480528 0.409194 0.759125 0.616796 0.816259 0.611332 0.58565 0.371414 0.982114 0.021359 0.991994 0.164301 0.033194 0.761948 0.865618 0.210096 0.968774 0.0875828 0.00613817 0.14118 0.837179 0.864136 0.805793 0.455675 0.638368 0.517231 0.813494 0.0803337 0.730961 0.191045 0.132522 0.211489 0.600238 0.891647 0.828285 0.416497 0.502979 0.413935 0.787912 0.485093 0.435294 0.779906 0.649394 0.468488 0.541854 0.515013 0.678585 0.510628 0.602596 0.684723 0.651807 0.439774 0.548858 0.4576 0.895449 0.187226 0.974831 0.708943 0.26756 0.705792 0.899987 
39 87 60 53 32 17 
0.916723 0.794707 0.159501 0.704635 0.2798 0.594795 0.484541 0.929195 0.0632835 0.0263954 0.444208 0.741868 0.537023 0.0468033 0.426591 0.18883 0.486578 0.975449 0.64643 0.382027 0.162675 0.621261 0.0909691 0.430235 0.327053 0.990956 0.830316 0.244335 0.491182 0.122045 0.989901 0.407905 0.916752 0.149402 0.11254 0.196552 0.744198 0.597081 0.125747 0.807481 0.623476 0.569955 0.549349 0.160499 0.616758 0.97594 0.34933 0.103336 0.951389 0.99576 0.485362 0.114064 0.617022 0.576332 0.544299 0.944075 0.567288 0.374615 0.18841 0.05847 0.49666 0.178311 0.466375 0.413412 
40 73 12 53 84 6 
0.735712 0.879392 0.799472 0.305667 0.428742 0.959972 0.922425 0.404682 0.309302 0.0257607 0.356071 0.305062 0.511123 0.470135 0.922083 0.0874547 0.0144343 0.866158 0.654743 0.38905 0.0545683 0.713213 0.88571 0.232879 0.179588 0.299122 0.560593 0.758503 0.909086 0.632504 0.934498 0.644798 0.511896 0.733971 0.950464 0.940638 0.693942 0.872889 0.345319 0.00324392 0.89865 0.70139 0.308306 0.409773 0.171525 0.230389 0.497228 0.18596 0.0965477 0.15197 0.575009 0.151116 0.865183 0.460719 0.383995 0.0447708 0.759841 0.944588 0.803273 0.668927 0.577092 0.737772 0.313724 0.0889881 
41 64 14 67 36 56 
0.374945 0.168929 0.0357272 0.0763357 0.477235 0.4455 0.247861 0.707624 0.942728 0.433821 0.804172 0.0946983 0.0088302 0.955288 0.959881 0.469549 0.339283 0.00465224 0.22939 0.283871 0.807926 0.898317 0.860963 0.545698 0.212041 0.949951 0.0174401 0.476229 0.979577 0.183125 0.613307 0.354522 0.352054 0.649034 0.430858 0.829288 0.0945341 0.678719 0.536912 0.037262 0.11254 0.341084 0.13196 0.12137 0.296371 0.0918417 0.590919 0.635654 0.0964939 0.820309 0.919525 0.90442 0.718626 0.780488 0.450117 0.930666 0.730438 0.467557 0.406896 0.710015 0.650682 0.0202023 0.0645372 0.00273591 
42 62 20 71 80 25 
0.368937 0.801032 0.286654 0.71002 0.932992 0.408023 0.00639175 0.0248341 0.998943 0.642046 0.121328 0.819252 0.561571 0.0257476 0.537877 0.342059 0.475865 0.468544 0.072497 0.943422 0.875439 0.782512 0.594104 0.895641 0.847049 0.59684 0.564878 0.342444 0.428864 0.328648 0.516558 0.797801 0.12968 0.803212 0.507821 0.0626727 0.211235 0.514213 0.0875068 0.210178 0.156259 0.208835 0.0294292 0.71783 0.234582 0.567306 0.0598883 0.710447 0.03585 0.132385 0.653869 0.911289 0.914897 0.247973 0.806931 0.761947 0.844813 0.371808 0.104391 0.273677 0.700456 0.620949 0.0714783 0.830136 
43 62 63 11 79 32 
0.980316 0.845574 0.249771 0.189151 0.875003 0.967601 0.423733 0.442309 0.0274895 0.13418 0.478159 0.159875 0.788049 0.389448 0.0747723 0.0360226 0.196379 0.836719 0.880836 0.568187 0.94111 0.154513 0.268643 0.562059 0.225991 0.0987798 0.98622 0.805291 0.991589 0.621616 0.898803 0.971905 0.46719 0.148575 0.161056 0.342192 0.116176 0.584789 0.784502 0.143666 0.718969 0.262661 0.30354 0.507019 0.652109 0.378313 0.543041 0.848488 0.215032 0.423877 0.416675 0.156142 0.57839 0.685318 0.718202 0.804382 0.784098 0.704422 0.609673 0.775687 0.326038 0.508476 0.747592 0.793228 
44 18 33 84 27 93 
0.916892 0.212405 0.182582 0.220433 0.719424 0.834691 0.598746 0.262465 0.683179 0.813777 0.686342 0.0998534 0.969919 0.264732 0.785171 0.688121 0.0691138 0.569269 0.392543 0.678786 0.344956 0.718581 0.187262 0.0925478 0.511808 0.844313 0.00119495 0.647229 0.61754 0.494631 0.56715 0.534433 0.707036 0.749733 0.754866 0.426459 0.584424 0.353611 0.688924 0.267602 0.167388 0.375266 0.367456 0.137308 0.639998 0.152627 0.825429 0.709112 0.721896 0.217971 0.387898 0.0668526 0.936552 0.575161 0.1594 0.448361 0.419474 0.160595 0.0955892 0.0370147 0.655226 0.66274 0.571447 0.362262 
45 76 81 38 47 93 
0.477646 0.264498 0.847313 0.852912 0.631953 0.984621 0.49291 0.784581 0.810049 0.202022 0.506477 0.0280206 0.589921 0.57333 0.964573 0.165082 0.73273 0.412933 0.584556 0.893325 0.508522 0.621571 0.548552 0.171262 0.193018 0.910814 0.583734 0.519331 0.699535 0.58063 0.199256 0.177181 0.845128 0.0465686 0.0300932 0.477081 0.0311892 0.523004 0.261662 0.841238 0.725026 0.768139 0.869259 0.314947 0.341468 0.833832 0.480029 0.0741982 0.246765 0.064585 0.967524 0.755287 0.686156 0.516075 0.926549 0.879174 0.426889 0.510283 0.398506 0.126424 0.0909124 0.597761 0.303606 0.93604 
46 71 58 76 29 10 
0.674783 0.516758 0.581728 0.442921 0.386017 0.896675 0.784389 0.219848 0.376704 0.858587 0.466613 0.441289 0.826111 0.2219 0.127445 0.342186 0.148449 0.00661891 0.769075 0.658731 0.405125 0.8955 0.749644 0.00288599 0.199105 0.685684 0.647216 0.532804 0.0988047 0.322735 0.389506 0.773587 0.839493 0.971234 0.216508 0.225509 0.86791 0.000897316 0.445358 0.244614 0.859485 0.911971 0.685902 0.685596 0.13387 0.813347 0.0277818 0.282319 0.819966 0.796857 0.941051 0.225091 0.692357 0.690695 0.227977 0.891462 0.376378 0.875193 0.424266 0.475183 0.197928 0.813772 0.24877 0.0374206 
47 86 65 5 38 36 
0.708288 0.89753 0.32566 0.620258 0.583433 0.0112558 0.754129 0.39678 0.0390376 0.0364479 0.216746 0.835895 0.977499 0.441837 0.528252 0.668193 0.669813 0.419714 0.0445714 0.545006 0.84398 0.519754 0.742934 0.657752 0.768525 0.780354 0.442759 0.233803 0.0432845 0.0956753 0.699979 0.751572 0.993205 0.0256389 0.37183 0.576638 0.0368947 0.125959 0.973418 0.0759322 0.162407 0.190164 0.911827 0.139906 0.632 0.440078 0.808099 0.301813 0.859792 0.85267 0.846819 0.703772 0.372425 0.589753 0.361524 0.140949 0.370108 0.804283 0.374752 0.413392 0.899958 0.0747308 0.164964 0.893163 
48 74 84 29 63 6 
0.443219 0.213197 0.825161 0.633383 0.125023 0.965067 0.265383 0.565102 0.773165 0.567196 0.424894 0.625836 0.414016 0.128666 0.99826 0.0037689 0.490189 0.139209 0.373877 0.294472 0.513962 0.787269 0.19443 0.588692 0.952233 0.0875935 0.689062 0.489028 0.557395 0.826326 0.151782 0.000613799 0.0395228 0.976943 0.633996 0.164546 0.942009 0.899379 0.729648 0.715174 0.466575 0.154542 0.34101 0.880591 0.283208 0.33927 0.88436 0.773397 0.47848 0.258237 0.0678691 0.992441 0.0455054 0.262299 0.581134 0.997739 0.349893 0.270195 0.486767 0.907287 0.0965218 0.638548 0.907901 0.136045 
49 74 48 72 20 29 
0.030239 0.272675 0.907852 0.184781 0.613685 0.788443 0.467989 0.952955 0.672803 0.241386 0.431434 0.93104 0.309255 0.423876 0.976545 0.571554 0.00500919 0.974284 0.921447 0.275205 0.46105 0.828734 0.371726 0.0995986 0.736635 0.507771 0.71509 0.278533 0.808362 0.27259 0.71981 0.838601 0.545264 0.627662 0.0233821 0.158949 0.416105 0.491371 0.111904 0.0889085 0.732756 0.543338 0.0199483 0.0420112 0.967214 0.996494 0.613565 0.972223 0.970777 0.535012 0.247428 0.431828 0.363746 0.619154 0.531426 0.100381 0.126925 0.246516 0.378914 0.935287 0.519106 0.0987235 0.773888 0.0643699 
50 32 71 10 41 83 
0.231399 0.0213976 0.878561 0.251347 0.0634088 0.845775 0.247841 0.676974 0.817998 0.218618 0.211986 0.0654261 0.650446 0.575731 0.68458 0.181872 0.676112 0.811506 0.428388 0.0550262 0.746793 0.947493 0.15375 0.520682 0.0118633 0.880135 0.317952 0.235182 0.0226257 0.606593 0.570405 0.254025 0.627991 0.448966 0.505372 0.6914 0.294741 0.753213 0.368374 0.112739 0.971831 0.580359 0.178165 0.622277 0.156091 0.862746 0.804149 0.832203 0.674252 0.232537 0.887229 0.421045 0.180031 0.0409788 0.941726 0.191894 0.921114 0.259679 0.427076 0.94374 0.866272 0.997481 0.197764 0.494263 
51 82 20 71 77 2 
0.554037 0.853927 0.428181 0.134396 0.0320924 0.050458 0.290486 0.894838 0.854607 0.122689 0.56909 0.0871444 0.00991845 0.990134 0.267175 0.0508972 0.931861 0.459069 0.972011 0.191539 0.886145 0.915751 0.0578114 0.883626 0.113515 0.552074 0.330072 0.816651 0.737737 0.0712602 0.273001 0.291774 0.925187 0.701182 0.42617 0.95728 0.75164 0.716656 0.852118 0.606247 0.839345 0.421208 0.693391 0.849264 0.411342 0.960566 0.900161 0.343203 0.419635 0.872172 0.534742 0.30578 0.787923 0.592554 0.189405 0.901438 0.144628 0.519478 0.718089 0.882365 0.590738 0.99109 0.174139 0.515925 
52 80 51 91 2 42 
0.050158 0.15631 0.746531 0.743549 0.00557393 0.157873 0.704116 0.905735 0.501075 0.123751 0.777907 0.0358178 0.429531 0.56583 0.628372 0.618936 0.467267 0.773 0.138413 0.185356 0.655365 0.729151 0.176446 0.829504 0.245076 0.868717 0.429813 0.718281 0.312628 0.746778 0.0436044 0.362786 0.903088 0.790135 0.106336 0.908662 0.948008 0.810451 0.814397 0.449083 0.934202 0.592304 0.484901 0.363733 0.158134 0.113272 0.982668 0.625401 0.886272 0.121082 0.810757 0.541638 0.850233 0.987202 0.371142 0.0953095 0.85592 0.800955 0.813591 0.168548 0.547733 0.857195 0.531334 0.450821 
53 75 81 58 0 84 
0.17388 0.0444212 0.382323 0.766184 0.529322 0.746055 0.924318 0.642595 0.728723 0.549719 0.528867 0.849805 0.360476 0.0705044 0.700038 0.347678 0.441646 0.795348 0.203598 0.242602 0.608939 0.372145 0.790335 0.466134 0.903479 0.241156 0.113465 0.541148 0.60064 0.708803 0.989269 0.77452 0.753224 0.371591 0.540705 0.282546 0.117646 0.465023 0.925141 0.84637 0.0147417 0.454007 0.696175 0.375217 0.524512 0.396213 0.722896 0.966158 0.191561 0.926493 0.20876 0.8005 0.298639 0.999095 0.266634 0.202118 0.240251 0.380099 0.743266 0.840891 0.0889013 0.732534 0.615411 0.842125 
54 74 9 72 77 26 
0.0498118 0.068141 0.63588 0.503819 0.764316 0.0110975 0.0283311 0.160529 0.733993 0.994489 0.35209 0.660486 0.203249 0.152589 0.959125 0.202344 0.419223 0.161243 0.442595 0.799322 0.904508 0.283486 0.888223 0.637042 0.898897 0.730348 0.741168 0.0550128 0.855019 0.962939 0.676151 0.904831 0.0310801 0.312031 0.40865 0.795396 0.323129 0.436981 0.955925 0.0571219 0.431471 0.308014 0.717608 0.63472 0.460604 0.676733 0.837064 0.879827 0.837976 0.279659 0.679149 0.742484 0.563145 0.567372 0.379527 0.462043 0.29772 0.120694 0.517055 0.152739 0.0836335 0.193207 0.0575703 0.114714 
55 37 1 8 16 53 
0.866034 0.885488 0.334673 0.174049 0.603097 0.969393 0.634653 0.27983 0.806457 0.51448 0.117806 0.0861168 0.193628 0.86029 0.649262 0.761 0.239817 0.111305 0.0587197 0.360511 0.62836 0.211459 0.444144 0.821567 0.269029 0.558858 0.326804 0.73525 0.468968 0.155171 0.638452 0.335002 0.0406595 0.973125 0.50905 0.643756 0.942518 0.143703 0.923586 0.748976 0.658183 0.0413922 0.835093 0.851811 0.901682 0.484355 0.612811 0.141499 0.59566 0.671531 0.50201 0.22402 0.882989 0.946154 0.0455863 0.152019 0.505012 0.372391 0.887269 0.97398 0.527562 0.525721 0.308982 0.568221 
56 20 81 68 58 25 
0.135564 0.19034 0.619918 0.176956 0.0254324 0.471729 0.0786383 0.509787 0.0845396 0.220137 0.105447 0.75607 0.722147 0.329467 0.63906 0.668301 0.375053 0.791078 0.173314 0.747443 0.678347 0.147294 0.275005 0.204068 0.456276 0.843226 0.702914 0.274308 0.0552038 0.144278 0.236043 0.190768 0.334618 0.855961 0.367724 0.36005 0.32769 0.446362 0.869837 0.412229 0.666499 0.975284 0.168299 0.388646 0.304751 0.807359 0.0569477 0.679803 0.598437 0.230262 0.427247 0.276784 0.377556 0.702252 0.480852 0.833831 0.545478 0.183766 0.108139 0.600682 0.328043 0.344182 0.79145 0.662661 
57 8 31 78 69 15 
0.892548 0.940062 0.272035 0.867832 0.108361 0.660681 0.172583 0.91572 0.717628 0.852386 0.514158 0.94789 0.279633 0.790942 0.325446 0.981885 0.271794 0.159277 0.527364 0.45556 0.267415 0.128046 0.783603 0.611597 0.919496 0.446264 0.81174 0.0786691 0.468975 0.339572 0.684205 0.361523 0.279634 0.956239 0.229355 0.387995 0.61692 0.401938 0.303715 0.334548 0.254325 0.817872 0.282438 0.533958 0.608814 0.607884 0.515843 0.880609 0.76716 0.0432067 0.336168 0.0345758 0.171252 0.119771 0.646173 0.090748 0.566035 0.457913 0.169417 0.0350098 0.797485 0.853622 0.396533 0.077119 
58 63 7 45 42 61 
0.768829 0.761329 0.282151 0.586701 0.0437667 0.816109 0.195515 0.65165 0.331952 0.0761239 0.418811 0.375159 0.412292 0.453387 0.546411 0.532063 0.0995598 0.637159 0.0980985 0.557473 0.806576 0.133108 0.354958 0.660198 0.529641 0.432077 0.470059 0.155529 0.897191 0.896839 0.183356 0.666019 0.658168 0.465507 0.25272 0.701934 0.281616 0.448236 0.353585 0.613568 0.524359 0.772396 0.988726 0.936652 0.225782 0.535138 0.468715 0.325342 0.172297 0.566814 0.882815 0.978873 0.699922 0.237773 0.639071 0.229563 0.66985 0.10913 0.385092 0.567041 0.00596903 0.568448 0.23306 0.664137 
59 29 65 92 44 55 
0.719656 0.929138 0.458375 0.492052 0.917864 0.395027 0.717834 0.453002 0.863742 0.0431767 0.625298 0.430555 0.925992 0.604172 0.130477 0.163765 0.243243 0.36004 0.833615 0.352373 0.745132 0.400655 0.358342 0.31358 0.633715 0.0224784 0.347535 0.119495 0.38855 0.663105 0.0535106 0.108206 0.592243 0.511886 0.600258 0.510107 0.906912 0.318092 0.963109 0.770654 0.361269 0.588407 0.201209 0.287261 0.192579 0.331686 0.451025 0.435822 0.691726 0.28464 0.788194 0.436858 0.685296 0.146536 0.750438 0.319011 0.169014 0.0979732 0.438506 0.557564 0.761078 0.492017 0.66577 0.353321 
60 35 89 48 42 75 
0.826536 0.681468 0.945389 0.414944 0.882677 0.232649 0.607522 0.214363 0.683675 0.0433438 0.906088 0.968315 0.831538 0.342947 0.653611 0.978074 0.0933851 0.972622 0.147088 0.191358 0.411128 0.704652 0.952436 0.903145 0.370422 0.305757 0.907047 0.63645 0.169185 0.817861 0.220569 0.995721 0.499329 0.165958 0.410665 0.382006 0.398608 0.0181873 0.596368 0.0822826 0.0615311 0.502457 0.0505977 0.893069 0.845403 0.704209 0.871143 0.938789 0.67683 0.018231 0.130147 0.0879581 0.722883 0.0825831 0.991103 0.0933051 0.38834 0.89815 0.729755 0.557525 0.716011 0.950324 0.553247 0.21534 
61 18 12 37 70 78 
0.193714 0.597173 0.0436302 0.696171 0.64777 0.936699 0.541574 0.351979 0.807842 0.480363 0.0288091 0.826073 0.61051 0.116767 0.548956 0.693093 0.10787 0.642261 0.0814331 0.00601949 0.372016 0.638958 0.72203 0.32234 0.192205 0.93737 0.438623 0.156117 0.534716 0.953513 0.138216 0.72843 0.550685 0.181846 0.424601 0.198456 0.118546 0.966175 0.550435 0.926388 0.446538 0.579244 0.752461 0.0570472 0.696011 0.301417 0.75014 0.803881 0.943679 0.831573 0.8099 0.315695 0.470531 0.531931 0.638035 0.662737 0.469301 0.0766573 0.818854 0.00401642 0.0301699 0.95707 0.732446 0.580855 
62 87 35 86 79 45 
0.329746 0.18385 0.569759 0.908989 0.936311 0.626806 0.605 0.237728 0.376946 0.408881 0.181407 0.208519 0.218782 0.497101 0.679051 0.750712 0.135136 0.341787 0.220013 0.211793 0.160641 0.224029 0.241963 0.117712 0.956476 0.822818 0.256628 0.113522 0.602129 0.51409 0.236744 0.931875 0.697941 0.806503 0.840864 0.634252 0.433309 0.445865 0.87198 0.810256 0.854746 0.0533865 0.018775 0.0735273 0.550488 0.697826 0.824239 0.685624 0.0396132 0.0442524 0.897417 0.200254 0.268282 0.13938 0.317966 0.224757 0.962199 0.574594 0.338279 0.564328 0.0886846 0.575023 0.496203 0.786625 
63 91 68 85 22 37 
0.625092 0.637678 0.346243 0.643867 0.711205 0.896731 0.341692 0.535445 0.582355 0.381306 0.579697 0.479772 0.58156 0.847979 0.619153 0.899526 0.0727359 0.581352 0.47412 0.411015 0.14568 0.562805 0.986039 0.641883 0.34943 0.367565 0.978951 0.770307 0.182401 0.761883 0.0631636 0.807493 0.399561 0.409407 0.451359 0.110766 0.306138 0.793052 0.64621 0.888493 0.174357 0.225907 0.368265 0.755917 0.0738857 0.987417 0.655443 0.146622 0.568769 0.129564 0.557637 0.714449 0.692369 0.543676 0.356332 0.0417986 0.911241 0.335283 0.812106 0.0936419 0.0971654 0.875269 0.901135 0.496726 
64 63 69 36 20 81 
0.253702 0.479306 0.319903 0.479609 0.847571 0.0758202 0.553495 0.834988 0.731264 0.700116 0.403757 0.860827 0.257753 0.118206 0.553196 0.801429 0.474538 0.594994 0.71267 0.80982 0.4071 0.806312 0.906986 0.282369 0.707446 0.403712 0.567045 0.0599403 0.0112036 0.157859 0.205486 0.264905 0.637165 0.525389 0.744514 0.484737 0.601209 0.298009 0.319725 0.332472 0.998125 0.723482 0.1933 0.255878 0.841688 0.746495 0.0573075 0.316226 0.34149 0.769977 0.126047 0.74859 0.576289 0.0330326 0.0309587 0.283736 0.436745 0.598004 0.343676 0.447948 0.755863 0.549162 0.712854 0.393028 
65 62 48 92 90 4 
0.19749 0.00823189 0.753502 0.920972 0.201531 0.00937998 0.76266 0.948027 0.0666874 0.0788865 0.289516 0.836665 0.204933 0.0381059 0.412954 0.237966 0.0690646 0.69669 0.67471 0.667068 0.0403665 0.122658 0.422931 0.589529 0.835512 0.815959 0.664079 0.29288 0.693724 0.339839 0.0482563 0.891214 0.348071 0.801758 0.812186 0.549602 0.811138 0.574846 0.497629 0.877825 0.653733 0.787145 0.71449 0.858666 0.825251 0.127445 0.0966316 0.894316 0.824135 0.771342 0.561384 0.864501 0.894 0.984315 0.45403 0.729512 0.800275 0.118109 0.0223919 0.493999 0.457948 0.0706481 0.385212 0.806019 
66 38 84 57 37 17 
0.85325 0.561369 0.425977 0.640395 0.275859 0.284642 0.465646 0.403304 0.381274 0.359962 0.227439 0.152616 0.921346 0.0919402 0.0466161 0.905661 0.54597 0.776128 0.705936 0.664079 0.79852 0.199934 0.122027 0.869168 0.585146 0.928046 0.741574 0.782544 0.283667 0.425118 0.554788 0.136916 0.986487 0.980765 0.777311 0.262347 0.265407 0.242957 0.665651 0.646681 0.602919 0.89309 0.799297 0.524264 0.98503 0.845913 0.429926 0.531 0.622042 0.135861 0.195079 0.420562 0.335795 0.317107 0.28973 0.920942 0.245152 0.0313043 0.703486 0.528819 0.456422 0.258274 0.665735 0.44291 
67 51 45 48 59 88 
0.370907 0.151128 0.288921 0.263997 0.950426 0.813186 0.249027 0.796339 0.243111 0.780027 0.418381 0.378973 0.975106 0.838942 0.714768 0.292213 0.128672 0.63571 0.537365 0.159977 0.339196 0.0661841 0.616399 0.597471 0.731919 0.0593089 0.83651 0.174965 0.764565 0.340957 0.860968 0.135473 0.492085 0.149889 0.39947 0.442511 0.963075 0.648497 0.23885 0.206187 0.428524 0.657231 0.585159 0.40363 0.496173 0.299928 0.695843 0.624846 0.935638 0.233208 0.784822 0.274834 0.299393 0.401221 0.872305 0.0313116 0.46053 0.708815 0.206277 0.225096 0.0497722 0.0672445 0.360568 0.541858 
68 52 54 38 64 49 
0.223219 0.386396 0.837059 0.880449 0.971555 0.240689 0.376622 0.271483 0.936533 0.00146797 0.207121 0.169741 0.78629 0.481955 0.469134 0.187512 0.35426 0.500445 0.648042 0.063075 0.706722 0.873137 0.112847 0.773967 0.233706 0.654705 0.9911 0.993744 0.639073 0.171309 0.402279 0.862292 0.557705 0.239338 0.742741 0.529261 0.480028 0.119364 0.800744 0.41656 0.120832 0.00786464 0.586302 0.907122 0.48982 0.0554354 0.0946335 0.84408 0.555881 0.742675 0.907155 0.262603 0.615812 0.0200019 0.0365694 0.849518 0.674707 0.0276698 0.843262 0.31378 0.198979 0.245541 0.176072 0.756685 
69 39 64 91 7 25 
0.086689 0.381467 0.159009 0.0945536 0.967769 0.0661309 0.584373 0.0232044 0.160764 0.428453 0.579085 0.90344 0.335608 0.841688 0.519252 0.355609 0.878257 0.36877 0.0303161 0.905927 0.212032 0.344096 0.104907 0.457573 0.520168 0.861591 0.942453 0.438982 0.147536 0.90736 0.477159 0.234225 0.288827 0.636168 0.328779 0.256596 0.702299 0.913152 0.2798 0.863063 0.341605 0.858885 0.766503 0.677213 0.700574 0.285755 0.0328224 0.578831 0.654525 0.0631386 0.484758 0.866557 0.407235 0.589665 0.32413 0.927403 0.451256 0.266583 0.366385 0.598793 0.173942 0.843544 0.833018 0.462769 
70 92 90 9 20 80 
0.999166 0.0450739 0.416555 0.858051 0.811577 0.0937679 0.558625 0.0973314 0.12659 0.137456 0.751856 0.189729 0.622214 0.618413 0.596964 0.211879 0.942543 0.524367 0.663135 0.209126 0.890752 0.261927 0.383069 0.734296 0.0949455 0.845838 0.214008 0.256743 0.565204 0.396018 0.331692 0.564369 0.441092 0.748247 0.42242 0.252669 0.842015 0.981045 0.35 0.968606 0.1185 0.101856 0.158335 0.740714 0.72027 0.755298 0.952593 0.662813 0.279665 0.615727 0.87194 0.170417 0.877655 0.255008 0.904713 0.9726 0.100847 0.11872 0.229343 0.66605 0.514738 0.561035 0.230419 0.955831 
71 53 9 20 57 77 
0.5585 0.119904 0.752384 0.660356 0.278238 0.493098 0.380626 0.0335363 0.44569 0.0434391 0.313201 0.061418 0.915379 0.483618 0.939073 0.170387 0.388331 0.911673 0.271234 0.507051 0.141016 0.937284 0.0217895 0.702052 0.167703 0.97762 0.0113345 0.820543 0.18612 0.162632 0.454426 0.74462 0.282536 0.20681 0.404976 0.560774 0.699908 0.785602 0.59431 0.145599 0.829041 0.907512 0.207017 0.74442 0.39113 0.14609 0.914807 0.779461 0.0577628 0.186041 0.286512 0.198779 0.123325 0.308301 0.900831 0.291028 0.285922 0.912165 0.111571 0.472041 0.0747979 0.565997 0.216661 0.357334 
72 17 38 40 89 39 
0.512418 0.618314 0.236281 0.41993 0.825331 0.980701 0.81106 0.97142 0.895509 0.590521 0.0291833 0.0815494 0.877033 0.227962 0.204874 0.185334 0.128793 0.495902 0.471255 0.0409589 0.607473 0.943297 0.115757 0.17347 0.159958 0.473091 0.946277 0.781596 0.391198 0.418993 0.188836 0.903617 0.0373073 0.425117 0.323546 0.862638 0.405818 0.134606 0.834059 0.301327 0.725127 0.863242 0.382876 0.60216 0.0912045 0.58775 0.787494 0.219998 0.0836526 0.258749 0.260957 0.691125 0.202046 0.376714 0.864595 0.362004 0.849804 0.810873 0.1436 0.241002 0.229866 0.332436 0.144619 0.267173 
73 3 34 13 59 17 
0.96387 0.464698 0.327899 0.827112 0.847574 0.930059 0.918316 0.435325 0.717553 0.138314 0.518977 0.976302 0.399271 0.210103 0.178348 0.775985 0.074698 0.540353 0.625789 0.885571 0.683953 0.866791 0.115436 0.0163887 0.0114101 0.382609 0.773942 0.479576 0.512421 0.937313 0.0823475 0.476291 0.402011 0.410247 0.303403 0.249585 0.340306 0.221719 0.68491 0.0578584 0.360033 0.203887 0.0341605 0.759305 0.41399 0.212509 0.535289 0.488688 0.752861 0.161078 0.374259 0.436814 0.0278692 0.489695 0.453203 0.0392793 0.872304 0.227144 0.518855 0.384725 0.164457 0.601202 0.861015 0.566468 
74 80 28 51 59 89 
0.409613 0.74617 0.704851 0.443774 0.505475 0.118841 0.656282 0.0407644 0.607529 0.409143 0.201842 0.981788 0.845957 0.229712 0.471483 0.29916 0.268991 0.343787 0.526304 0.787846 0.728512 0.690761 0.389048 0.589528 0.257229 0.400497 0.753945 0.0732828 0.752252 0.140083 0.574246 0.161865 0.886253 0.279097 0.605639 0.391728 0.397938 0.261921 0.432492 0.00546666 0.671064 0.634335 0.987254 0.517022 0.864046 0.458737 0.816182 0.133037 0.802524 0.342487 0.920883 0.531037 0.033248 0.309931 0.120564 0.290477 0.710428 0.87451 0.36376 0.46268 0.0145921 0.938006 0.624546 0.900845 
75 70 63 15 82 69 
0.725066 0.620508 0.16317 0.3594 0.607762 0.680192 0.223447 0.0664993 0.496374 0.356484 0.869024 0.83886 0.277367 0.40006 0.872108 0.587298 0.520624 0.162586 0.297726 0.395134 0.526346 0.760407 0.409726 0.464353 0.384952 0.310571 0.681456 0.615136 0.603144 0.296497 0.107242 0.32821 0.917005 0.270412 0.68761 0.524767 0.950603 0.911057 0.591266 0.446977 0.26754 0.46029 0.285838 0.544907 0.86035 0.157946 0.132205 0.380975 0.320532 0.429931 0.776109 0.846878 0.190338 0.185835 0.311231 0.57529 0.496406 0.992687 0.190426 0.0995503 0.289184 0.297668 0.42776 0.206188 
76 62 20 22 2 83 
0.322221 0.96566 0.293967 0.782511 0.251498 0.838874 0.642861 0.409444 0.971079 0.0238355 0.729976 0.40101 0.799944 0.576854 0.591348 0.985779 0.888085 0.166638 0.482185 0.880771 0.357064 0.581735 0.169955 0.654732 0.0094955 0.376143 0.222812 0.124866 0.107098 0.741495 0.151292 0.429319 0.707155 0.445259 0.211829 0.958653 0.284134 0.85469 0.368097 0.255213 0.878525 0.0980723 0.656224 0.67847 0.674926 0.247572 0.664249 0.563011 0.41421 0.146434 0.443783 0.771274 0.728169 0.613737 0.426007 0.737665 0.98988 0.648819 0.86253 0.0969783 0.390314 0.0138228 0.526297 0.0974687 
77 3 73 72 59 55 
0.424218 0.998429 0.471341 0.52229 0.654653 0.149811 0.197217 0.902225 0.814059 0.760228 0.316435 0.960493 0.20401 0.0877092 0.688663 0.817748 0.513716 0.426328 0.807628 0.162535 0.288858 0.904606 0.552849 0.302681 0.430903 0.650317 0.761763 0.169029 0.706439 0.504979 0.761845 0.130656 0.503408 0.233186 0.652947 0.158061 0.382996 0.850163 0.060286 0.197056 0.610391 0.376721 0.157549 0.814401 0.46443 0.846212 0.632149 0.978146 0.272539 0.439777 0.140681 0.561397 0.344383 0.69353 0.864078 0.775286 0.343847 0.625841 0.944315 0.0502857 0.13082 0.70616 0.180942 0.634228 
78 19 30 47 36 49 
0.852576 0.519397 0.294443 0.229296 0.676946 0.108844 0.693726 0.523158 0.740992 0.671872 0.795697 0.180769 0.812553 0.357094 0.525152 0.506083 0.221172 0.300438 0.84993 0.847013 0.244753 0.900216 0.977834 0.950913 0.081158 0.612062 0.890259 0.915047 0.404352 0.2126 0.599099 0.256927 0.731998 0.893542 0.486224 0.408944 0.0023855 0.17995 0.932102 0.743378 0.851823 0.727799 0.924147 0.664376 0.0848938 0.449299 0.170459 0.306066 0.749738 0.0203893 0.15308 0.994491 0.920605 0.130913 0.945404 0.00176326 0.742975 0.835663 0.91681 0.147327 0.0482634 0.515909 0.404254 0.780261 
79 82 33 4 86 69 
0.155214 0.92225 0.849107 0.0793611 0.586626 0.934001 0.52866 0.757086 0.240067 0.278398 0.777475 0.393146 0.272889 0.69808 0.524059 0.218293 0.699843 0.267035 0.0539562 0.616653 0.414361 0.10222 0.132563 0.818615 0.882481 0.542013 0.709093 0.071686 0.95385 0.779521 0.192993 0.109064 0.701771 0.0421001 0.188425 0.288398 0.976101 0.717085 0.0454832 0.216167 0.995483 0.822958 0.609314 0.268372 0.521038 0.133373 0.486665 0.220882 0.400408 0.540621 0.837535 0.814769 0.642841 0.970098 0.633384 0.525321 0.512111 0.342478 0.597007 0.46596 0.121999 0.790001 0.575024 0.82377 
80 4 1 44 62 92 
0.157651 0.0243688 0.476017 0.980609 0.633682 0.744389 0.501647 0.767055 0.231054 0.722529 0.167463 0.771675 0.560064 0.982232 0.414516 0.530161 0.615617 0.939837 0.0422721 0.958094 0.536845 0.508232 0.0800929 0.326845 0.0832564 0.903863 0.158946 0.846705 0.0160305 0.967148 0.327239 0.173681 0.991517 0.803256 0.15429 0.625199 0.547645 0.655938 0.392254 0.778698 0.378466 0.559718 0.550374 0.93853 0.54195 0.964889 0.468691 0.157566 0.904727 0.510963 0.115661 0.441571 0.0191958 0.195754 0.768417 0.102452 0.0996165 0.927363 0.949157 0.115647 0.894511 0.276396 0.289328 0.886027 
81 9 35 69 4 62 
0.903481 0.405996 0.478023 0.463198 0.956369 0.416553 0.00514824 0.921258 0.885244 0.162715 0.825985 0.396208 0.278375 0.267556 0.415403 0.474129 0.0359731 0.517856 0.573745 0.963336 0.467013 0.689392 0.857847 0.74341 0.978721 0.743875 0.823062 0.42234 0.255101 0.450359 0.521896 0.158582 0.856355 0.999919 0.62178 0.812724 0.416472 0.626929 0.733982 0.301716 0.789643 0.559967 0.697923 0.0680187 0.827523 0.113327 0.542148 0.863497 0.631182 0.115893 0.826833 0.0981955 0.805286 0.68468 0.841605 0.784007 0.428555 0.664667 0.206346 0.683656 0.115026 0.728242 0.842238 0.971381 
82 74 9 62 55 93 
0.518087 0.446349 0.88059 0.0780537 0.144272 0.948609 0.905577 0.257599 0.490756 0.769074 0.888781 0.60665 0.595906 0.986977 0.411935 0.280586 0.828582 0.195942 0.709141 0.493249 0.402288 0.392797 0.608275 0.13053 0.235034 0.579656 0.858692 0.699052 0.36376 0.00332453 0.789999 0.881847 0.449673 0.670589 0.959901 0.593945 0.619197 0.865478 0.851544 0.109954 0.634551 0.740326 0.716603 0.230458 0.727303 0.128539 0.511044 0.555885 0.324481 0.220185 0.0491336 0.726769 0.612981 0.657409 0.857299 0.848016 0.237065 0.715991 0.547068 0.600825 0.719315 0.337066 0.482672 0.168988 
83 1 80 13 37 33 
0.614478 0.736806 0.942602 0.354804 0.45341 0.17306 0.0821066 0.581949 0.684104 0.637991 0.906429 0.904289 0.687125 0.633198 0.517271 0.344534 0.490497 0.365286 0.581599 0.206488 0.912354 0.182424 0.925803 0.249421 0.665096 0.0947914 0.257076 0.107669 0.857725 0.883928 0.415721 0.472204 0.620735 0.358323 0.827008 0.0741448 0.531383 0.909114 0.656094 0.215488 0.547105 0.562523 0.119777 0.23423 0.195721 0.637048 0.578764 0.686218 0.00233441 0.160362 0.892706 0.914689 0.342786 0.818509 0.164109 0.00788256 0.9133 0.421185 0.115552 0.771026 0.305113 0.531273 0.243229 0.925848 
84 83 69 5 37 79 
0.656087 0.636467 0.526456 0.21861 0.756244 0.760686 0.414331 0.393292 0.33945 0.100549 0.395626 0.499813 0.993255 0.310315 0.842599 0.811763 0.474424 0.850481 0.725064 0.895609 0.966033 0.496089 0.200722 0.497306 0.739319 0.12657 0.386901 0.809555 0.126564 0.80788 0.788906 0.78265 0.444347 0.315362 0.00125982 0.20059 0.0760487 0.41559 0.593882 0.415499 0.516139 0.989508 0.915311 0.509394 0.299822 0.75791 0.321157 0.774246 0.608391 0.0462207 0.669855 0.574425 0.54231 0.870577 0.0717308 0.281629 0.997148 0.458632 0.0911838 0.123711 0.266513 0.88009 0.906361 0.710859 
85 26 9 56 7 90 
0.505332 0.687 0.839351 0.49484 0.602311 0.348744 0.794662 0.360221 0.669901 0.568908 0.968613 0.716122 0.238763 0.543038 0.258432 0.10934 0.614768 0.54006 0.106488 0.0734007 0.631244 0.230199 0.339913 0.511334 0.13656 0.0507726 0.706787 0.0441817 0.962222 0.978288 0.367393 0.467554 0.665288 0.206744 0.962394 0.267599 0.555488 0.757055 0.62782 0.22539 0.325964 0.596433 0.941512 0.564727 0.139471 0.199944 0.674067 0.754239 0.740004 0.780555 0.82764 0.371248 0.0107536 0.167553 0.882583 0.147314 0.218325 0.589369 0.191496 0.180548 0.567657 0.558889 0.648102 0.232944 
86 56 0 49 84 12 
0.546511 0.693514 0.724796 0.488023 0.258241 0.864267 0.687966 0.932308 0.618506 0.427971 0.712862 0.446145 0.799219 0.723616 0.613698 0.681801 0.87093 0.832024 0.27117 0.0624256 0.0125715 0.838827 0.621315 0.660673 0.0717714 0.386948 0.271169 0.572314 0.70807 0.638719 0.700677 0.254581 0.332234 0.425474 0.742604 0.590475 0.28974 0.43057 0.522782 0.908246 0.858541 0.235645 0.354391 0.65776 0.959261 0.968089 0.339561 0.830191 0.800113 0.610731 0.892616 0.812685 0.449559 0.513931 0.473358 0.52133 0.900879 0.744526 0.0936443 0.608948 0.383246 0.794322 0.863529 0.715479 
87 75 1 2 71 29 
0.417781 0.895244 0.0643811 0.772172 0.553004 0.0236417 0.740262 0.892564 0.853832 0.540375 0.503296 0.746448 0.35306 0.952854 0.260379 0.826417 0.474184 0.161258 0.570944 0.567829 0.770206 0.95419 0.36215 0.633736 0.669669 0.581946 0.239868 0.975623 0.0914809 0.276572 0.804359 0.509262 0.171816 0.86874 0.281434 0.724819 0.892382 0.0216963 0.617384 0.746214 0.562071 0.12068 0.492662 0.915131 0.073534 0.753042 0.741548 0.547718 0.9143 0.312492 0.115547 0.684506 0.266682 0.477697 0.318242 0.93635 0.0596427 0.55811 0.911973 0.151124 0.834682 0.716332 0.660386 0.00649756 
88 57 52 53 11 54 
0.348701 0.223668 0.525588 0.46938 0.716331 0.440719 0.542914 0.469372 0.182267 0.0906325 0.383672 0.494759 0.206179 0.0681782 0.76144 0.683876 0.38642 0.697791 0.743519 0.94453 0.609764 0.894643 0.779212 0.326096 0.555028 0.78571 0.911168 0.496849 0.517026 0.388623 0.460365 0.865727 0.612291 0.985953 0.335107 0.328621 0.426671 0.878021 0.797994 0.608938 0.968654 0.181666 0.103697 0.174833 0.249844 0.865137 0.85871 0.636264 0.562928 0.602229 0.580794 0.172692 0.496871 0.360006 0.498788 0.0518999 0.145716 0.409956 0.548749 0.662742 0.798579 0.00911371 0.528469 0.41087 
89 41 23 26 49 5 
0.537485 0.0306762 0.710251 0.719151 0.134373 0.885085 0.968995 0.999511 0.743794 0.605259 0.562439 0.346023 0.186053 0.735131 0.842895 0.546059 0.233919 0.894794 0.691774 0.643875 0.443543 0.354516 0.442454 0.452657 0.882985 0.853324 0.447723 0.746561 0.592815 0.869461 0.488159 0.1303 0.900137 0.19841 0.84945 0.0345106 0.0834946 0.818445 0.0340211 0.827289 0.423704 0.59646 0.173312 0.609757 0.33159 0.0162064 0.155816 0.565509 0.911001 0.84759 0.209385 0.354544 0.202106 0.651839 0.8072 0.0850915 0.505163 0.254924 0.831653 0.0979779 0.124385 0.319811 0.228278 0.0245224 
90 15 46 80 42 49 
0.0930541 0.429005 0.319877 0.689514 0.602317 0.929634 0.0211043 0.618523 0.0854499 0.586614 0.529524 0.93304 0.795998 0.884068 0.135146 0.447837 0.691268 0.220238 0.953 0.946192 0.0518905 0.0509778 0.0705767 0.371702 0.279256 0.0950991 0.889923 0.356984 0.154132 0.491639 0.253157 0.247186 0.920644 0.573035 0.9367 0.52296 0.502669 0.957804 0.141483 0.588119 0.544418 0.671007 0.521159 0.340416 0.555074 0.656305 0.788253 0.246342 0.876543 0.741253 0.192534 0.928433 0.792231 0.263111 0.300135 0.0714862 0.35821 0.190058 0.42847 0.512342 0.681697 0.681627 0.759528 0.602341 
91 56 90 16 50 45 
0.345449 0.19845 0.937791 0.866608 0.538867 0.492865 0.522913 0.32712 0.739208 0.399456 0.0683726 0.931742 0.327889 0.860603 0.194852 0.628024 0.93209 0.553062 0.818082 0.36056 0.0654039 0.499779 0.0421867 0.824932 0.10212 0.296848 0.52116 0.227421 0.0541788 0.175193 0.494205 0.399628 0.373643 0.431996 0.266236 0.91251 0.924861 0.789148 0.239629 0.664068 0.188604 0.308002 0.59581 0.516493 0.168605 0.790662 0.144517 0.100695 0.343724 0.962599 0.461254 0.409128 0.462379 0.503441 0.23406 0.564499 0.800289 0.75522 0.79192 0.854468 0.930413 0.286125 0.254096 0.304056 
92 52 16 39 73 14 
0.456195 0.307049 0.498083 0.764196 0.902859 0.014576 0.932801 0.693521 0.159093 0.033496 0.0372457 0.121692 0.49475 0.446374 0.58407 0.998191 0.680434 0.148569 0.79848 0.435654 0.940489 0.652948 0.366067 0.226613 0.907044 0.670123 0.944734 0.427375 0.886688 0.587715 0.736855 0.342883 0.894764 0.234938 0.107079 0.797623 0.249514 0.0398808 0.491145 0.408607 0.0733768 0.52839 0.530299 0.568127 0.974764 0.114369 0.566318 0.655198 0.262939 0.364798 0.0908523 0.203427 0.0177464 0.456919 0.430041 0.92479 0.127042 0.374774 0.352166 0.0137306 0.962489 0.0890209 0.356614 0.857253 
93 23 60 72 17 87 
0.146021 0.982081 0.576951 0.674412 0.51238 0.145078 0.649176 0.62675 0.711396 0.304374 0.889688 0.0761939 0.395226 0.0931156 0.0939402 0.852146 0.523156 0.0187306 0.979188 0.897931 0.370896 0.992918 0.86042 0.459917 0.349532 0.717673 0.783877 0.813225 0.372549 0.357351 0.316799 0.51857 0.339432 0.89375 0.192982 0.851812 0.0388272 0.842158 0.478561 0.750223 0.146532 0.36825 0.826417 0.541758 0.461365 0.920357 0.393903 0.984521 0.939088 0.373091 0.882452 0.309984 0.36601 0.742872 0.769901 0.715542 0.460545 0.553778 0.528767 0.833094 0.911128 0.845566 0.351664 0.25056 
