1700 2
1 1 1 0 0 1 0 1 0 0 1 1 1 0 0 1 1 0 1 0 1 1 1 0 1 1 1 0 0 1 0 1 1 0 0 0 1 1 0 0 0 0 0 1 0 1 1 0 1 1 1 1 1 1 0 1 1 1 0 1 1 0 1 1 1 0 0 1 0 1 0 1 1 0 1 0 0 1 1 0 1 1 0 1 1 0 0 0 0 1 0 0 0 0 0 1 1 1 1 0 1 1 0 1 0 1 0 1 1 0 1 0 0 0 0 1 1 1 0 0 0 1 1 1 0 0 1 0 0 0 1 1 0 0 1 1 0 1 1 1 0 1 0 0 1 1 0 1 0 1 1 1 1 1 1 0 1 0 1 0 1 1 0 0 0 1 0 0 1 0 0 0 1 1 1 1 1 0 1 0 0 1 0 0 0 1 1 0 0 1 1 0 1 1 1 1 1 0 0 1 1 1 0 1 1 1 1 1 0 0 1 0 0 0 1 1 0 0 0 1 0 1 0 1 1 0 1 1 1 0 1 0 0 0 0 0 0 1 0 0 0 0 1 1 0 1 0 1 0 1 0 0 1 1 0 1 1 0 1 1 1 1 0 0 1 0 1 0 0 0 1 1 0 1 1 1 0 0 1 1 1 0 0 1 1 1 0 1 0 0 1 0 1 1 1 1 0 1 0 1 1 1 1 0 1 1 0 0 1 0 1 1 0 0 1 0 1 0 0 0 0 0 0 0 0 0 0 1 1 1 1 1 1 1 0 0 0 1 1 0 0 1 0 1 1 0 0 1 0 1 0 1 1 1 0 0 1 1 1 1 1 1 1 0 0 0 1 1 0 1 0 1 0 1 0 0 0 1 0 1 0 1 1 0 0 0 1 0 0 1 0 1 0 0 0 1 1 0 1 0 0 0 0 1 0 1 0 1 0 1 0 1 0 0 0 1 0 0 0 1 1 1 1 0 0 0 0 0 1 0 1 1 1 0 1 0 1 1 0 0 1 1 0 0 1 1 0 0 0 1 0 0 1 1 1 0 0 0 1 1 1 1 1 1 1 1 0 1 1 0 0 0 0 1 1 0 1 1 1 0 1 1 0 0 1 0 1 0 0 0 0 0 0 0 1 0 1 0 0 1 1 1 0 1 1 1 0 1 1 1 1 1 1 0 0 1 1 1 0 0 0 0 0 1 1 0 1 1 1 0 0 0 1 1 0 1 1 1 0 1 1 0 0 1 1 1 1 1 1 1 1 0 0 0 1 0 1 1 1 1 0 0 0 0 0 1 1 1 0 0 1 0 1 0 1 1 1 1 1 1 1 1 1 0 0 1 0 0 1 0 1 0 1 0 0 0 1 0 0 0 1 1 1 1 0 1 1 0 0 1 1 0 0 1 0 1 1 1 1 1 0 1 0 0 0 1 1 0 0 1 1 0 1 0 0 0 0 0 0 1 1 0 1 0 0 0 0 0 0 0 0 1 0 1 0 0 0 0 1 1 0 0 1 0 1 0 0 0 0 1 1 0 0 1 1 1 0 0 0 1 0 1 1 1 1 0 0 0 1 1 1 1 0 1 0 0 0 1 1 1 1 1 0 0 1 0 0 0 0 1 0 1 1 0 1 0 1 1 1 0 1 1 0 0 1 1 1 1 0 1 1 0 0 1 0 0 0 1 0 1 0 1 1 0 1 0 1 1 0 0 0 0 0 1 1 1 0 1 1 1 1 1 0 0 1 1 0 1 0 1 1 1 1 0 0 1 1 1 0 0 0 1 1 1 0 1 1 1 1 1 1 1 0 0 1 0 1 0 0 0 0 1 0 0 0 1 1 0 1 0 1 0 0 1 1 1 1 1 1 1 0 1 1 1 1 1 0 1 0 0 0 1 0 1 1 1 1 1 0 0 0 0 1 1 0 1 0 0 0 0 0 1 1 0 1 1 1 0 1 0 1 0 1 0 0 1 0 0 1 1 1 0 0 0 0 1 0 1 0 1 1 1 1 1 1 1 1 1 1 1 0 1 0 0 1 1 0 0 0 0 1 1 1 0 0 1 1 1 1 0 0 1 1 0 1 1 1 1 1 1 1 0 1 0 0 1 0 1 1 0 1 1 0 1 0 1 1 0 1 0 0 0 0 0 0 1 0 0 1 0 0 0 1 0 1 0 1 1 1 1 0 1 1 1 1 0 1 0 0 1 1 1 1 0 0 0 0 1 1 1 0 0 0 0 1 0 0 1 0 0 1 1 0 1 1 0 1 1 1 0 0 1 0 0 1 1 1 0 1 1 0 0 0 1 1 0 1 0 1 0 1 1 1 0 0 1 0 0 0 0 1 1 1 0 0 1 0 0 0 0 0 0 1 1 0 1 0 0 1 0 0 1 1 0 1 0 0 0 1 1 1 1 1 1 0 0 1 1 1 1 0 0 0 0 0 1 0 0 1 0 1 0 1 1 1 1 0 0 0 0 1 0 0 1 1 1 1 1 1 1 1 0 1 0 1 0 1 1 1 1 0 0 0 0 0 0 0 0 1 1 1 1 1 1 0 1 1 0 1 0 0 0 1 0 1 0 0 1 0 0 1 1 1 0 1 1 1 0 0 0 1 0 0 1 0 1 1 1 0 1 0 0 0 0 1 1 1 0 1 0 0 0 1 0 1 1 0 0 0 1 1 0 1 0 0 0 1 0 0 0 1 1 1 0 1 0 0 1 1 1 1 0 0 1 0 0 1 1 1 0 0 1 0 0 1 1 1 1 1 1 0 1 1 1 0 1 0 0 0 0 0 0 0 1 0 1 0 0 1 1 1 0 1 0 1 1 1 0 1 1 0 1 1 0 1 0 1 0 1 0 1 0 1 0 0 0 0 0 1 1 0 1 0 0 1 1 1 1 0 1 1 1 1 1 0 1 0 0 0 1 1 1 0 1 0 0 0 0 1 0 0 0 1 1 1 1 1 1 1 0 0 1 0 0 1 0 1 0 1 0 0 0 0 0 0 0 1 0 1 1 1 0 0 1 0 0 1 1 1 1 0 0 1 0 1 1 1 1 1 1 1 0 0 0 1 0 1 1 1 1 1 1 0 0 0 0 0 0 0 0 1 1 1 1 0 1 0 0 0 0 1 0 1 0 1 0 1 0 0 1 0 1 0 0 0 1 1 1 0 0 0 0 0 0 1 0 1 0 1 0 1 1 1 1 1 1 0 1 0 0 0 0 0 1 1 1 1 1 0 0 0 1 0 1 1 0 0 1 1 1 0 1 1 0 1 1 0 1 0 0 0 1 1 1 1 1 1 1 1 0 0 0 1 1 0 1 0 0 1 0 0 0 0 0 1 1 1 0 1 0 1 0 0 1 0 0 1 0 0 1 0 1 0 0 0 0 0 1 1 0 1 0 1 0 1 1 0 1 0 0 0 1 1 1 1 0 0 0 0 1 0 1 0 0 0 1 1 1 1 1 0 1 0 0 1 0 0 0 1 1 0 0 1 0 1 0 0 0 1 1 1 0 1 0 1 0 0 1 0 0 1 1 1 0 0 1 0 1 0 0 1 1 1 0 1 1 1 0 1 1 0 1 0 0 0 1 1 1 1 0 0 0 0 0 1 1 0 0 1 0 1 1 0 0 0 0 0 0 1 0 0 0 0 0 1 1 0 1 1 0 0 1 1 1 0 0 1 0 1 1 1 0 0 0 1 1 0 0 1 0 0 0 0 1 1 0 0 0 1 0 0 0 0 0 1 0 1 1 1 0 0 1 1 1 0 1 1 1 0 1 1 1 1 0 0 1 1 1 1 1 0 0 1 0 1 1 1 0 1 1 1 0 1 1 0 0 1 1 1 0 
0 340 
0.827692 0.183515 0.630786 0.00985024 
1 269 
0.254614 0.370858 0.588399 0.818784 
2 1592 
0.964415 0.131245 0.356204 0.0985113 
3 1024 
0.241952 0.139666 0.376222 0.83926 
4 693 
0.0629946 0.878465 0.14866 0.881862 
5 189 
0.870264 0.0289673 0.293134 0.640943 
6 271 
0.524785 0.468636 0.595227 0.155571 
7 1550 
0.484327 0.410186 0.849344 0.0727261 
8 1626 
0.290676 0.0371408 0.360214 0.64688 
9 277 
0.847539 0.888832 0.275318 0.223761 
10 976 
0.664258 0.286756 0.606557 0.812918 
11 1555 
0.104589 0.683182 0.197585 0.397723 
12 1397 
0.609297 0.922508 0.792761 0.204524 
13 245 
0.271248 0.688851 0.488265 0.120592 
14 924 
0.717235 0.411268 0.798718 0.0774488 
15 1307 
0.93437 0.924988 0.94698 0.209688 
16 871 
0.675072 0.873946 0.435504 0.281629 
17 1374 
0.604122 0.386218 0.370047 0.801707 
18 83 
0.694172 0.411004 0.706449 0.486934 
19 669 
0.784528 0.758181 0.304379 0.272794 
20 971 
0.0659555 0.990029 0.290041 0.864673 
21 266 
0.348188 0.799043 0.992465 0.295169 
22 1513 
0.141214 0.970241 0.882677 0.576719 
23 1097 
0.569541 0.180841 0.638088 0.939588 
24 695 
0.422029 0.63376 0.393551 0.128478 
25 1145 
0.0090789 0.913006 0.878875 0.313457 
26 164 
0.757648 0.379413 0.175828 0.0476889 
27 1505 
0.243306 0.395877 0.0431291 0.235771 
28 215 
0.0518599 0.376986 0.661287 0.934537 
29 152 
0.913157 0.504078 0.134545 0.551245 
30 1564 
0.117093 0.973274 0.0774259 0.510644 
31 1270 
0.19812 0.519723 0.0147572 0.0769951 
32 309 
0.200557 0.834643 0.212594 0.376385 
33 1199 
0.45668 0.619691 0.27821 0.499809 
34 1599 
0.969256 0.551669 0.232448 0.630543 
35 199 
0.186152 0.5437 0.990283 0.320698 
36 1065 
0.433949 0.437791 0.0682184 0.511375 
37 1425 
0.16997 0.709495 0.468159 0.184727 
38 1652 
0.301339 0.385284 0.621133 0.513933 
39 219 
0.503465 0.970612 0.38136 0.781675 
40 487 
0.236823 0.75093 0.0220901 0.469271 
41 1069 
0.508295 0.655423 0.925173 0.498579 
42 200 
0.0201176 0.932528 0.413912 0.088336 
43 1562 
0.362347 0.258306 0.153397 0.830506 
44 1646 
0.939887 0.131845 0.828316 0.56102 
45 16 
0.589986 0.0644849 0.61639 0.971346 
46 1142 
0.0868115 0.208169 0.59709 0.108902 
47 726 
0.978563 0.617197 0.332862 0.903736 
48 1333 
0.308983 0.923854 0.0483033 0.722895 
49 506 
0.492206 0.0852425 0.270495 0.645603 
50 1443 
0.713528 0.585489 0.0475934 0.541844 
51 141 
0.693371 0.13183 0.210994 0.309761 
52 1511 
0.0571538 0.396573 0.311344 0.654244 
53 285 
0.988783 0.632807 0.122671 0.321645 
54 308 
0.238447 0.630628 0.460397 0.28675 
55 1607 
0.472587 0.778956 0.438766 0.743082 
56 561 
0.354514 0.45661 0.010048 0.402108 
57 439 
0.156557 0.0954788 0.130283 0.367551 
58 1226 
0.233459 0.424705 0.801813 0.544803 
59 306 
0.307287 0.533586 0.711756 0.429959 
60 941 
0.248299 0.668406 0.485859 0.708696 
61 639 
0.839383 0.181283 0.734112 0.278149 
62 1651 
0.15867 0.632663 0.380974 0.168718 
63 516 
0.379428 0.325275 0.13025 0.509711 
64 758 
0.53549 0.74317 0.117532 0.337303 
65 1567 
0.19648 0.64459 0.821558 0.908236 
66 832 
0.676789 0.156536 0.742954 0.162648 
67 1452 
0.69811 0.00203053 0.0465143 0.432222 
68 896 
0.970879 0.590892 0.912842 0.351853 
69 451 
0.947613 0.731281 0.0848858 0.0778625 
70 1193 
0.777713 0.613352 0.984161 0.895244 
71 997 
0.272133 0.0917245 0.595245 0.0936913 
72 553 
0.669793 0.77048 0.156497 0.412747 
73 245 
0.0217282 0.110857 0.935158 0.0682425 
74 1329 
0.215338 0.0391213 0.133971 0.12818 
75 1137 
0.893581 0.0757927 0.122255 0.978467 
76 480 
0.363246 0.756179 0.767007 0.347408 
77 1037 
0.717662 0.619541 0.743148 0.312907 
78 322 
0.743109 0.9827 0.483712 0.899605 
79 123 
0.41684 0.921333 0.506304 0.351999 
80 1241 
0.0493827 0.567336 0.0286972 0.183353 
81 1139 
0.419671 0.0769341 0.771309 0.541926 
82 1131 
0.924964 0.905173 0.81158 0.691972 
83 1316 
0.463003 0.409634 0.872121 0.206151 
84 227 
0.585353 0.94926 0.705241 0.0690654 
85 210 
0.100688 0.485906 0.770198 0.606992 
86 1679 
0.759774 0.656375 0.40524 0.788472 
87 611 
0.100756 0.208143 0.916662 0.872065 
88 1660 
0.972063 0.797029 0.655242 0.783643 
89 165 
0.907822 0.246646 0.898634 0.779943 
90 368 
0.621175 0.365297 0.402057 0.326416 
91 505 
0.250922 0.427104 0.920268 0.0211207 
92 1320 
0.758172 0.780895 0.690472 0.163412 
93 1196 
0.5302 0.264168 0.77751 0.446862 
94 830 
0.527579 0.418926 0.933262 0.182821 
95 1649 
0.422263 0.0906437 0.449215 0.320897 
96 3 
0.902012 0.942073 0.235884 0.304069 
97 134 
0.670246 0.554992 0.695593 0.590513 
98 1355 
0.72969 0.348685 0.357007 0.420162 
99 386 
0.926374 0.950362 0.776265 0.703884 
100 1103 
0.912499 0.231463 0.81615 0.845761 
101 295 
0.0187184 0.268024 0.504929 0.467933 
102 67 
0.375516 0.369946 0.530994 0.611399 
103 350 
0.799483 0.281645 0.229007 0.495077 
104 150 
0.805119 0.224766 0.220844 0.162126 
105 1275 
0.732941 0.0885004 0.59529 0.509206 
106 559 
0.992514 0.421705 0.0238477 0.808664 
107 421 
0.438133 0.827382 0.535491 0.943061 
108 1283 
0.124412 0.318577 0.665261 0.655407 
109 1141 
0.339276 0.45489 0.211621 0.568283 
110 360 
0.0837798 0.373402 0.174733 0.304623 
111 1316 
0.819661 0.0375643 0.624028 0.414951 
112 879 
0.416413 0.407465 0.968476 0.440261 
113 1395 
0.235942 0.878393 0.0435102 0.771432 
114 19 
0.338825 0.895845 0.140031 0.00408626 
115 1206 
0.070007 0.343362 0.00614126 0.281628 
116 630 
0.956108 0.365408 0.285047 0.130841 
117 73 
0.820575 0.950502 0.707596 0.444603 
118 1360 
0.254366 0.861016 0.772918 0.222842 
119 784 
0.989046 0.458784 0.17967 0.0325564 
120 998 
0.00112401 0.371382 0.12606 0.141155 
121 1476 
0.677312 0.211162 0.71883 0.683453 
122 157 
0.630475 0.639561 0.858198 0.915522 
123 412 
0.52823 0.736097 0.720904 0.235825 
124 1521 
0.0863571 0.490192 0.0417161 0.859275 
125 559 
0.342993 0.848321 0.171817 0.522663 
126 495 
0.402033 0.523787 0.252259 0.528093 
127 352 
0.627727 0.205405 0.876103 0.346558 
128 322 
0.368893 0.977033 0.528419 0.227092 
129 949 
0.29882 0.755321 0.628652 0.0197243 
130 103 
0.809352 0.106081 0.481339 0.851068 
131 0 
0.194372 0.194061 0.813678 0.366189 
132 828 
0.694555 0.768222 0.24051 0.946815 
133 1069 
0.905452 0.574542 0.501721 0.781555 
134 471 
0.390579 0.150448 0.898133 0.918997 
135 590 
0.790688 0.217818 0.132861 0.41934 
136 785 
0.124008 0.228692 0.343624 0.605347 
137 250 
0.30898 0.799719 0.273821 0.122658 
138 791 
0.990545 0.817213 0.93413 0.231055 
139 1011 
0.230446 0.136506 0.33857 0.732167 
140 957 
0.25967 0.122746 0.0685098 0.157803 
141 73 
0.44605 0.948492 0.259561 0.578911 
142 1352 
0.497103 0.702919 0.596524 0.840727 
143 1217 
0.676284 0.149707 0.107985 0.950105 
144 205 
0.273893 0.94065 0.0895778 0.208024 
145 1023 
0.853606 0.43847 0.308211 0.192176 
146 1484 
0.226272 0.451846 0.293383 0.294782 
147 1316 
0.335126 0.740832 0.558141 0.594687 
148 798 
0.925973 0.0917901 0.0226623 0.522497 
149 886 
0.330928 0.198782 0.0822241 0.438914 
150 1566 
0.354589 0.712807 0.089537 0.444167 
151 1045 
0.261242 0.297772 0.3593 0.569452 
152 1557 
0.529937 0.795724 0.941794 0.82332 
153 1341 
0.551443 0.158446 0.831338 0.109585 
154 149 
0.151081 0.0355576 0.844922 0.173743 
155 481 
0.77744 0.504672 0.756837 0.859664 
156 34 
0.905724 0.214252 0.656392 0.995261 
157 1468 
0.577222 0.256502 0.956191 0.936523 
158 1287 
0.446139 0.46646 0.621679 0.387933 
159 1567 
0.712185 0.939377 0.448225 0.543523 
160 251 
0.201357 0.694604 0.0845189 0.0462798 
161 141 
0.642574 0.823719 0.373019 0.39941 
162 1513 
0.316604 0.305134 0.897635 0.972996 
163 1628 
0.556054 0.550218 0.556896 0.512246 
164 226 
0.382851 0.958385 0.9532 0.00452959 
165 576 
0.24298 0.716715 0.285695 0.691205 
166 1120 
0.334656 0.892562 0.954841 0.419175 
167 453 
0.823188 0.0617492 0.762561 0.196207 
168 1047 
0.445944 0.51281 0.766293 0.34358 
169 957 
0.0666879 0.899634 0.0360239 0.623584 
170 385 
0.522764 0.00643522 0.370265 0.475965 
171 46 
0.716583 0.718945 0.727679 0.00227858 
172 306 
0.987917 0.336935 0.302712 0.942758 
173 179 
0.241553 0.765946 0.81786 0.00411475 
174 133 
0.279019 0.450059 0.474963 0.0453127 
175 1160 
0.960769 0.112001 0.693273 0.996793 
176 1485 
0.105153 0.519557 0.74202 0.475418 
177 95 
0.752985 0.192001 0.714467 0.480664 
178 1544 
0.124616 0.468581 0.531215 0.427327 
179 720 
0.287325 0.668881 0.177285 0.105185 
180 695 
0.139438 0.384204 0.123055 0.614401 
181 652 
0.916693 0.57517 0.541517 0.609966 
182 1436 
0.277102 0.715119 0.0915208 0.0191225 
183 244 
0.0870429 0.772107 0.382537 0.801509 
184 1659 
0.576817 0.926125 0.721353 0.108031 
185 1208 
0.132693 0.395356 0.0223338 0.309978 
186 201 
0.695329 0.449416 0.884745 0.818384 
187 176 
0.314261 0.735077 0.638988 0.855779 
188 1070 
0.210951 0.132881 0.0601619 0.302472 
189 742 
0.250698 0.389515 0.924111 0.633235 
190 217 
0.176883 0.210052 0.11715 0.898236 
191 1168 
0.470603 0.0309284 0.713439 0.492937 
192 1387 
0.21398 0.188266 0.790323 0.098725 
193 962 
0.85414 0.412986 0.741727 0.493129 
194 1323 
0.0867708 0.70408 0.401646 0.146933 
195 1683 
0.553649 0.397631 0.396067 0.47776 
196 1267 
0.587092 0.654642 0.240918 0.704242 
197 255 
0.559001 0.174845 0.583807 0.27244 
198 723 
0.924713 0.48642 0.856047 0.715036 
199 1167 
0.862697 0.569176 0.998132 0.604425 
200 486 
0.266897 0.691196 0.766385 0.668542 
201 475 
0.772937 0.222191 0.235759 0.169005 
202 747 
0.266625 0.756097 0.354594 0.507543 
203 649 
0.907472 0.066544 0.635183 0.491279 
204 885 
0.302964 0.415992 0.825405 0.159012 
205 505 
0.41055 0.021709 0.700205 0.408682 
206 545 
0.76251 0.675578 0.317329 0.528895 
207 583 
0.155458 0.301832 0.566312 0.391217 
208 102 
0.266264 0.657842 0.226933 0.620857 
209 1659 
0.687272 0.52833 0.231929 0.322455 
210 1679 
0.570913 0.625419 0.435601 0.396318 
211 772 
0.566629 0.806868 0.80614 0.266834 
212 31 
0.432274 0.0293436 0.891128 0.749603 
213 125 
0.235249 0.905061 0.86007 0.801561 
214 333 
0.330907 0.0678252 0.95412 0.557841 
215 900 
0.119506 0.245112 0.217012 0.351435 
216 1053 
0.236621 0.922348 0.192987 0.672221 
217 1310 
0.977418 0.23885 0.125535 0.783558 
218 651 
0.341084 0.215832 0.535028 0.232213 
219 675 
0.0932663 0.467462 0.870496 0.953337 
220 1681 
0.166774 0.284244 0.336848 0.120895 
221 1366 
0.0255309 0.240401 0.0871969 0.242543 
222 1559 
0.654764 0.479164 0.514184 0.847751 
223 1176 
0.832851 0.825169 0.390236 0.958385 
224 23 
0.89592 0.29947 0.824558 0.430948 
225 1046 
0.789993 0.524214 0.999144 0.66049 
226 1002 
0.268167 0.827264 0.761795 0.605015 
227 1142 
0.603879 0.630546 0.188559 0.691076 
228 1669 
0.780395 0.345841 0.352253 0.294579 
229 1241 
0.503638 0.12743 0.0187602 0.893874 
230 1266 
0.627487 0.789794 0.385285 0.452045 
231 1601 
0.916967 0.242038 0.744956 0.916111 
232 1122 
0.222507 0.184278 0.729792 0.984302 
233 856 
0.677951 0.588181 0.41984 0.866511 
234 957 
0.292929 0.646906 0.625098 0.645182 
235 1228 
0.81869 0.148821 0.0689146 0.83745 
236 198 
0.15473 0.464937 0.832489 0.540014 
237 1530 
0.0532308 0.456981 0.15902 0.798187 
238 279 
0.0615483 0.0206941 0.55737 0.79134 
239 223 
0.346663 0.469292 0.593177 0.766503 
240 1329 
0.872435 0.0594315 0.982708 0.497534 
241 299 
0.924192 0.316223 0.853434 0.993107 
242 42 
0.896129 0.147837 0.61861 0.728618 
243 1290 
0.535592 0.781849 0.144832 0.694612 
244 323 
0.517924 0.75616 0.60073 0.0752933 
245 1603 
0.605726 0.421956 0.0167922 0.198903 
246 1530 
0.352594 0.0713387 0.24789 0.335302 
247 1583 
0.952504 0.259494 0.885095 0.805938 
248 862 
0.0387687 0.702068 0.400438 0.657379 
249 77 
0.0882887 0.19297 0.212534 0.233121 
250 1530 
0.79257 0.751044 0.643743 0.3933 
251 1250 
0.191243 0.999026 0.248294 0.208036 
252 1286 
0.436752 0.56063 0.269268 0.684643 
253 109 
0.83814 0.637147 0.155426 0.723236 
254 734 
0.408028 0.762005 0.145153 0.808465 
255 1445 
0.575838 0.896754 0.612354 0.788373 
256 1630 
0.499936 0.580943 0.880919 0.143679 
257 1398 
0.707256 0.334922 0.973269 0.95555 
258 570 
0.171199 0.392302 0.103588 0.440467 
259 113 
0.99952 0.278607 0.714092 0.154946 
260 1049 
0.157177 0.562973 0.763848 0.302329 
261 1506 
0.183231 0.878168 0.268193 0.795585 
262 1177 
0.398067 0.295522 0.247483 0.278986 
263 513 
0.221726 0.986243 0.774123 0.194995 
264 824 
0.317081 0.366194 0.334095 0.420668 
265 171 
0.41104 0.420188 0.0852687 0.125132 
266 1057 
0.0871121 0.282309 0.138107 0.85096 
267 116 
0.509546 0.0341915 0.462806 0.777738 
268 530 
0.129346 0.175806 0.125298 0.376829 
269 1672 
0.564499 0.598555 0.441035 0.338622 
270 635 
0.382827 0.655702 0.159745 0.716922 
271 388 
0.966406 0.127962 0.496558 0.0516744 
272 1473 
0.0716922 0.138786 0.535403 0.209799 
273 490 
0.120041 0.719345 0.0239381 0.582847 
274 254 
0.853715 0.712193 0.672889 0.979013 
275 228 
0.127681 0.543512 0.687577 0.568716 
276 972 
0.481128 0.951543 0.537836 0.640873 
277 1130 
0.614206 0.607278 0.796427 0.110765 
278 63 
0.0495208 0.182457 0.797739 0.584924 
279 1070 
0.787486 0.704965 0.111601 0.811424 
280 15 
0.608684 0.665139 4.67291e-06 0.281573 
281 316 
0.0890269 0.409254 0.187664 0.776604 
282 1110 
0.0697972 0.257732 0.929512 0.607633 
283 1029 
0.597976 0.221839 0.505883 0.394403 
284 342 
0.164836 0.443924 0.51506 0.962575 
285 1176 
0.907316 0.750061 0.733812 0.0189165 
286 10 
0.0216236 0.6276 0.226624 0.0216282 
287 600 
0.870775 0.110655 0.318426 0.0584392 
288 1496 
0.296395 0.128236 0.144992 0.225907 
289 1239 
0.0435964 0.823883 0.957708 0.549479 
290 1587 
0.290311 0.714315 0.66221 0.805372 
291 524 
0.691057 0.712688 0.426951 0.424869 
292 115 
0.988436 0.446493 0.359204 0.21506 
293 1326 
0.268377 0.085835 0.578776 0.586803 
294 1431 
0.466036 0.883199 0.272511 0.611027 
295 267 
0.00837961 0.654624 0.932989 0.966088 
296 947 
0.151275 0.256399 0.918419 0.813486 
297 108 
0.595309 0.504543 0.774458 0.0222603 
298 1152 
0.506062 0.0106964 0.375905 0.865266 
299 1214 
0.844027 0.133643 0.311591 0.422803 
300 1276 
0.455865 0.888839 0.603645 0.728376 
301 1616 
0.712751 0.736755 0.15449 0.64574 
302 163 
0.358593 0.797016 0.959242 0.277012 
303 1223 
0.0210122 0.872321 0.115044 0.79547 
304 327 
0.0444566 0.301532 0.905278 0.420362 
305 894 
0.131034 0.264389 0.300442 0.442625 
306 708 
0.0208889 0.89849 0.576031 0.624534 
307 883 
0.075897 0.337285 0.363621 0.230387 
308 48 
0.0664635 0.588981 0.780041 0.0257053 
309 499 
0.390542 0.0467175 0.738314 0.505586 
310 416 
0.632895 0.550043 0.14372 0.538173 
311 1059 
0.310519 0.669207 0.234794 0.610961 
312 484 
0.921986 0.63185 0.0103212 0.498016 
313 391 
0.637187 0.573914 0.59367 0.000807327 
314 577 
0.576695 0.0672709 0.393281 0.356736 
315 1421 
0.259274 0.747278 0.139694 0.997588 
316 441 
0.981881 0.630483 0.802908 0.125602 
317 40 
0.773313 0.436121 0.837863 0.00810674 
318 1686 
0.949694 0.930092 0.678932 0.960016 
319 443 
0.935316 0.597202 0.00202253 0.528986 
320 124 
0.806323 0.105681 0.66528 0.199605 
321 280 
0.758257 0.458879 0.209695 0.89795 
322 1120 
0.46256 0.879832 0.0869502 0.265468 
323 837 
0.255607 0.0387809 0.441554 0.0934696 
324 1070 
0.488636 0.0431641 0.97698 0.167568 
325 1178 
0.405089 0.102884 0.600382 0.407112 
326 141 
0.198392 0.213435 0.737551 0.863672 
327 232 
0.199968 0.621929 0.871918 0.409663 
328 470 
0.328385 0.872224 0.39971 0.415335 
329 858 
0.405144 0.670942 0.176472 0.846698 
330 404 
0.22336 0.335334 0.807576 0.20034 
331 1313 
0.810755 0.605429 0.605785 0.411137 
332 1496 
0.237655 0.609529 0.225976 0.975206 
333 790 
0.639015 0.175173 0.0951295 0.510934 
334 1153 
0.615008 0.839319 0.45706 0.0147188 
335 1145 
0.594752 0.419863 0.925596 0.771224 
336 1376 
0.690008 0.994584 0.601894 0.497583 
337 708 
0.104795 0.308338 0.800354 0.71058 
338 251 
0.812894 0.948235 0.329005 0.03887 
339 106 
0.802205 0.677885 0.0986141 0.897335 
340 1304 
0.683451 0.512343 0.0281376 0.140511 
341 82 
0.282792 0.735263 0.946924 0.208388 
342 385 
0.213485 0.898395 0.501071 0.815379 
343 398 
0.695995 0.920174 0.704317 0.496349 
344 826 
0.423793 0.309243 0.578989 0.752797 
345 1189 
0.50243 0.555002 0.0259986 0.601044 
346 141 
0.214817 0.284495 0.96468 0.242955 
347 80 
0.491742 0.525747 0.160268 0.438667 
348 980 
0.666755 0.652151 0.63253 0.167826 
349 1125 
0.0285084 0.863822 0.387703 0.732825 
350 1399 
0.0184573 0.156618 0.669414 0.597446 
351 867 
0.0175273 0.0998761 0.464418 0.0435259 
352 281 
0.916755 0.258343 0.985415 0.881435 
353 1340 
0.41042 0.373177 0.0270449 0.570689 
354 481 
0.761179 0.237444 0.463995 0.393709 
355 1339 
0.931525 0.422218 0.269092 0.319229 
356 826 
0.629263 0.337686 0.311661 0.298677 
357 92 
0.221076 0.316204 0.0350084 0.685494 
358 1419 
0.735928 0.602249 0.618073 0.721343 
359 2 
0.119371 0.131763 0.856861 0.146416 
360 972 
0.668706 0.907596 0.939896 0.132701 
361 292 
0.345166 0.0642261 0.723523 0.614258 
362 1314 
0.878566 0.243521 0.721141 0.190227 
363 1366 
0.656273 0.411303 0.858401 0.691281 
364 960 
0.218131 0.42721 0.699046 0.836204 
365 803 
0.18273 0.955575 0.280316 0.0395912 
366 369 
0.982768 0.708297 0.00958706 0.922664 
367 1268 
0.310892 0.267831 0.905224 0.0344148 
368 529 
0.288678 0.912981 0.12561 0.00981887 
369 1069 
0.667807 0.666092 0.514511 0.526209 
370 922 
0.611308 0.74434 0.784582 0.310354 
371 1521 
0.933135 0.493084 0.536119 0.213451 
372 820 
0.638111 0.196219 0.240972 0.647698 
373 1047 
0.0819691 0.95859 0.386714 0.987193 
374 1233 
0.268803 0.275871 0.905985 0.394413 
375 1422 
0.00919285 0.06222 0.951782 0.523704 
376 280 
0.309154 0.135012 0.332768 0.0937368 
377 726 
0.913312 0.0268718 0.938449 0.449431 
378 1589 
0.471124 0.087542 0.436542 0.712096 
379 1021 
0.555425 0.794065 0.693829 0.942139 
380 856 
0.686834 0.210942 0.0571285 0.592819 
381 33 
0.342818 0.602012 0.667575 0.2946 
382 267 
0.256004 0.603754 0.260727 0.588772 
383 1470 
0.706093 0.502084 0.724363 0.644543 
384 93 
0.964686 0.115667 0.0390577 0.401228 
385 1041 
0.774297 0.956653 0.621827 0.468127 
386 96 
0.403085 0.15496 0.109735 0.460213 
387 162 
0.71509 0.803031 0.349791 0.382665 
388 1090 
0.475507 0.638669 0.701386 0.736234 
389 146 
0.398877 0.442327 0.729525 0.12324 
390 542 
0.681041 0.0879261 0.202537 0.720099 
391 1420 
0.0302989 0.494396 0.445807 0.652126 
392 227 
0.3446 0.0552105 0.117483 0.454335 
393 460 
0.865262 0.169425 0.318455 0.215053 
394 1047 
0.416087 0.69056 0.190759 0.117473 
395 995 
0.4182 0.51635 0.869122 0.147725 
396 974 
0.955992 0.828766 0.727516 0.158528 
397 826 
0.21667 0.188827 0.0432601 0.662477 
398 1043 
0.00578264 0.00707732 0.896164 0.123266 
399 1600 
0.411587 0.988528 0.630838 0.730042 
400 311 
0.182928 0.146129 0.894142 0.373687 
401 26 
0.320936 0.791887 0.779951 0.190058 
402 1099 
0.419541 0.146049 0.768378 0.147057 
403 275 
0.317242 0.363727 0.493405 0.360502 
404 1058 
0.334358 0.366285 0.0332822 0.230522 
405 670 
0.494695 0.642109 0.478078 0.125532 
406 1179 
0.681659 0.30846 0.51828 0.575801 
407 336 
0.781881 0.896737 0.474033 0.561832 
408 1637 
0.413645 0.981374 0.232844 0.182023 
409 330 
0.537421 0.499264 0.492158 0.030826 
410 101 
0.518363 0.365184 0.226051 0.551645 
411 495 
0.715601 0.0463399 0.237814 0.193679 
412 9 
0.609965 0.875339 0.480332 0.128245 
413 686 
0.162478 0.910126 0.347877 0.636512 
414 1699 
0.434671 0.0501569 0.453332 0.667515 
415 345 
0.581763 0.204936 0.731444 0.0739212 
416 1046 
0.591211 0.592284 0.600946 0.817262 
417 1341 
0.196651 0.532863 0.19027 0.434465 
418 1429 
0.362142 0.0444303 0.601881 0.842473 
419 1369 
0.0530209 0.00495171 0.0828013 0.400898 
420 323 
0.55476 0.835569 0.69162 0.00809171 
421 1647 
0.9238 0.589855 0.70802 0.655244 
422 992 
0.943782 0.246455 0.25606 0.544727 
423 1547 
0.39999 0.741379 0.596579 0.59026 
424 678 
0.323121 0.952401 0.220274 0.925002 
425 1399 
0.392949 0.978023 0.799826 0.475751 
426 1132 
0.44129 0.0305105 0.21449 0.13291 
427 500 
0.717573 0.0567102 0.628457 0.425593 
428 1530 
0.292233 0.369374 0.958409 0.548293 
429 853 
0.022125 0.948283 0.65548 0.618704 
430 678 
0.831324 0.941825 0.490943 0.051598 
431 232 
0.285818 0.444547 0.844851 0.085644 
432 318 
0.223772 0.526934 0.950809 0.438262 
433 1206 
0.989411 0.155835 0.716554 0.617868 
434 165 
0.428508 0.9101 0.950802 0.386917 
435 849 
0.864903 0.409042 0.406675 0.520383 
436 1326 
0.945218 0.351707 0.969572 0.436161 
437 411 
0.836399 0.721979 0.847852 0.681251 
438 136 
0.76815 0.905023 0.334557 0.718959 
439 1198 
0.994401 0.70837 0.499119 0.710955 
440 794 
0.0805467 0.139463 0.236337 0.0313483 
441 1336 
0.69473 0.896251 0.935422 0.101406 
442 1000 
0.963168 0.0466233 0.768342 0.93274 
443 1001 
0.171647 0.76914 0.204763 0.0194991 
444 677 
0.0123863 0.78765 0.355413 0.346943 
445 8 
0.698697 0.341344 0.214978 0.197817 
446 575 
0.541216 0.278363 0.191761 0.777553 
447 1101 
0.718141 0.472284 0.205963 0.653563 
448 1572 
0.622598 0.616732 0.620312 0.390939 
449 1672 
0.103097 0.562586 0.318611 0.30786 
450 1533 
0.769002 0.320246 0.369735 0.124414 
451 1247 
0.876343 0.823112 0.00853289 0.0913218 
452 160 
0.060831 0.632538 0.299292 0.252592 
453 796 
0.609003 0.970733 0.882375 0.814966 
454 406 
0.456064 0.437564 0.241028 0.0763762 
455 1101 
0.7905 0.179473 0.391089 0.109111 
456 1374 
0.973175 0.878113 0.80758 0.342909 
457 1300 
0.474769 0.219253 0.825639 0.483302 
458 721 
0.846567 0.544133 0.943112 0.145859 
459 625 
0.353203 0.754862 0.767458 0.235577 
460 1064 
0.391754 0.691641 0.00739212 0.632783 
461 702 
0.835895 0.423283 0.947491 0.226985 
462 1514 
0.434824 0.200159 0.410507 0.242403 
463 273 
0.413035 0.717172 0.762321 0.238674 
464 182 
0.0728954 0.0852412 0.744607 0.0160073 
465 1031 
0.541332 0.36921 0.985962 0.30879 
466 718 
0.55579 0.700544 0.296429 0.563182 
467 330 
0.0644465 0.399078 0.75661 0.0119371 
468 836 
0.289004 0.446761 0.826222 0.699511 
469 1503 
0.369291 0.112545 0.406336 0.131612 
470 257 
0.606811 0.204507 0.43646 0.351418 
471 865 
0.667561 0.89275 0.589725 0.653523 
472 1691 
0.194512 0.209313 0.902084 0.490941 
473 345 
0.235411 0.555388 0.171573 0.992021 
474 933 
0.797636 0.281024 0.0140859 0.623858 
475 202 
0.70325 0.993149 0.0930806 0.109587 
476 1267 
0.4443 0.716397 0.329268 0.88076 
477 798 
0.549782 0.548321 0.960564 0.139507 
478 1456 
0.162104 0.334019 0.411157 0.0641881 
479 1065 
0.183652 0.299599 0.380349 0.355226 
480 636 
0.947674 0.152862 0.572644 0.96176 
481 864 
0.553179 0.66501 0.769869 0.64626 
482 1359 
0.894629 0.0905593 0.490993 0.223897 
483 1306 
0.558808 0.773679 0.51964 0.519373 
484 1529 
0.721484 0.681477 0.247205 0.13264 
485 17 
0.072166 0.316292 0.0452639 0.452515 
486 1129 
0.336884 0.400189 0.82438 0.909527 
487 312 
0.601099 0.462706 0.0269578 0.370968 
488 873 
0.801554 0.265598 0.199525 0.292547 
489 1668 
0.170845 0.851356 0.263174 0.690485 
490 885 
0.176359 0.411969 0.0522051 0.423565 
491 362 
0.79787 0.495731 0.860901 0.843134 
492 1611 
0.532419 0.180017 0.348434 0.356799 
493 479 
0.710382 0.957898 0.552251 0.73734 
494 1419 
0.661217 0.538894 0.594464 0.860742 
495 1563 
0.0839587 0.031587 0.682797 0.347132 
496 1568 
0.0535251 0.523492 0.134041 0.10573 
497 1589 
0.67865 0.9036 0.442787 0.539551 
498 1216 
0.391032 0.0719708 0.926752 0.739466 
499 128 
0.0162963 0.449848 0.386668 0.568547 
500 126 
0.715535 0.229765 0.726082 0.309999 
501 840 
0.557523 0.393958 0.122094 0.24032 
502 1642 
0.844166 0.293845 0.264582 0.978207 
503 372 
0.211638 0.656857 0.303176 0.654425 
504 1102 
0.04991 0.0454576 0.268379 0.976662 
505 297 
0.697149 0.992958 0.234772 0.083817 
506 1609 
0.421961 0.799352 0.79127 0.148043 
507 417 
0.881777 0.705566 0.503309 0.00387042 
508 403 
0.244399 0.848036 0.239732 0.508981 
509 313 
0.639308 0.720619 0.483099 0.942484 
510 506 
0.679507 0.992394 0.420502 0.947886 
511 391 
0.205426 0.645035 0.962013 0.440198 
512 1038 
0.523518 0.862159 0.528204 0.314788 
513 495 
0.637555 0.196565 0.715768 0.140864 
514 1402 
0.661655 0.385263 0.0484714 0.901387 
515 324 
0.874714 0.540694 0.614863 0.357814 
516 1451 
0.989907 0.0373211 0.475572 0.410409 
517 469 
0.444627 0.615835 0.630242 0.406639 
518 18 
0.359094 0.930158 0.918192 0.887299 
519 1443 
0.928394 0.524854 0.441511 0.644162 
520 275 
0.641946 0.305817 0.0509814 0.690417 
521 1353 
0.945226 0.565131 0.747898 0.560089 
522 1245 
0.231076 0.549996 0.960266 0.706648 
523 1403 
0.945473 0.151274 0.576239 0.575716 
524 1308 
0.632272 0.93481 0.488071 0.550464 
525 1570 
0.733017 0.478857 0.346963 0.174528 
526 1536 
0.0126806 0.816473 0.428836 0.0636621 
527 60 
0.636039 0.00888768 0.0720217 0.383937 
528 927 
0.994967 0.615013 0.118972 0.955233 
529 280 
0.0793768 0.900706 0.472935 0.655616 
530 683 
0.0308485 0.287888 0.411232 0.51892 
531 721 
0.233341 0.251937 0.317209 0.580304 
532 85 
0.440228 0.592984 0.242938 0.869064 
533 671 
0.749828 0.505103 0.665534 0.82185 
534 1342 
0.23451 0.816817 0.504054 0.353482 
535 1379 
0.825715 0.432859 0.672756 0.298649 
536 592 
0.149178 0.329498 0.376363 0.56041 
537 53 
0.214715 0.793751 0.100355 0.531924 
538 1630 
0.526819 0.972152 0.967038 0.769757 
539 1440 
0.623685 0.519586 0.346319 0.289219 
540 1006 
0.23536 0.523729 0.158253 0.739414 
541 1543 
0.930302 0.565128 0.310071 0.603058 
542 205 
0.398546 0.752236 0.193276 0.774909 
543 921 
0.0416933 0.989625 0.106396 0.142048 
544 1163 
0.48045 0.668867 0.493701 0.447489 
545 1067 
0.334917 0.0711734 0.95821 0.681236 
546 767 
0.299646 0.916596 0.884121 0.457899 
547 1092 
0.761332 0.388201 0.221138 0.0714029 
548 1476 
0.0849159 0.469949 0.743495 0.278191 
549 623 
0.0561398 0.319885 0.234483 0.162536 
550 298 
0.756032 0.642986 0.1308 0.249733 
551 269 
0.569424 0.58465 0.161648 0.527634 
552 157 
0.52204 0.82728 0.182482 0.406161 
553 1071 
0.838492 0.167493 0.67338 0.0596305 
554 91 
0.664639 0.144546 0.708845 0.408134 
555 472 
0.953704 0.464274 0.742623 0.188187 
556 1491 
0.204555 0.944218 0.269796 0.335355 
557 868 
0.360271 0.904779 0.7786 0.521919 
558 1619 
0.0444864 0.043959 0.259694 0.226969 
559 757 
0.544873 0.0654611 0.617614 0.218253 
560 1658 
0.85651 0.882893 0.269638 0.565355 
561 204 
0.692376 0.519059 0.7553 0.434998 
562 1606 
0.38211 0.639554 0.651464 0.651905 
563 1004 
0.845415 0.0121758 0.879688 0.624015 
564 1684 
0.312101 0.668501 0.578054 0.571795 
565 1232 
0.0281739 0.116669 0.960931 0.645788 
566 1598 
0.0860228 0.502298 0.217815 0.355661 
567 226 
0.508841 0.0480367 0.586712 0.264141 
568 543 
0.293958 0.646251 0.122589 0.945422 
569 866 
0.0974973 0.790836 0.310332 0.977185 
570 1499 
0.844427 0.289287 0.0833526 0.42248 
571 1531 
0.978823 0.450654 0.977751 0.939754 
572 926 
0.312672 0.0257765 0.598739 0.530487 
573 766 
0.666392 0.039328 0.429474 0.253105 
574 73 
0.912509 0.547063 0.94972 0.0350978 
575 1563 
0.247876 0.132595 0.283321 0.558208 
576 387 
0.698172 0.402635 0.399067 0.781525 
577 498 
0.260149 0.760347 0.275769 0.237899 
578 1474 
0.372211 0.550572 0.725878 0.97095 
579 974 
0.107315 0.637342 0.120387 0.536789 
580 638 
0.423856 0.449298 0.437509 0.373576 
581 883 
0.929994 0.621452 0.616991 0.213315 
582 794 
0.726771 0.911487 0.582295 0.125838 
583 166 
0.40741 0.385987 0.453359 0.683179 
584 707 
0.15346 0.0553893 0.174458 0.879338 
585 571 
0.255517 0.986653 0.663681 0.375904 
586 1555 
0.554128 0.79976 0.972741 0.991638 
587 591 
0.457137 0.921632 0.794788 0.0741279 
588 1010 
0.974448 0.800899 0.0464331 0.556743 
589 980 
0.739445 0.964153 0.312725 0.192804 
590 373 
0.936611 0.346264 0.702721 0.111069 
591 1135 
0.72906 0.366586 0.212256 0.392742 
592 1600 
0.735698 0.94687 0.54225 0.708439 
593 587 
0.715586 0.165575 0.86014 0.510374 
594 641 
0.995086 0.484823 0.0406026 0.0415189 
595 1670 
0.96734 0.780964 0.00571889 0.280065 
596 262 
0.653051 0.216676 0.320032 0.355772 
597 1492 
0.545634 0.0848323 0.694331 0.75789 
598 1475 
0.436822 0.493588 0.424444 0.979072 
599 15 
0.362952 0.694658 0.367602 0.223092 
600 778 
0.607305 0.218178 0.689855 0.647908 
601 676 
0.731421 0.615248 0.0406603 0.73714 
602 1066 
0.0144278 0.390191 0.111988 0.33446 
603 1681 
0.439733 0.880094 0.830795 0.134064 
604 1540 
0.308369 0.570886 0.131571 0.732813 
605 1216 
0.333598 0.0957654 0.244617 0.701199 
606 975 
0.44965 0.308505 0.537035 0.139505 
607 1213 
0.796731 0.870926 0.57166 0.837392 
608 1464 
0.466973 0.851819 0.998256 0.578961 
609 806 
0.744219 0.0186937 0.0663727 0.575013 
610 147 
0.704356 0.883382 0.723645 0.835927 
611 1349 
0.273603 0.169525 0.711961 0.51822 
612 1474 
0.0308179 0.967869 0.179229 0.567853 
613 1224 
0.135641 0.364584 0.9783 0.707301 
614 80 
0.586365 0.174274 0.0537953 0.584621 
615 401 
0.240074 0.32884 0.771928 0.306447 
616 432 
0.924686 0.010803 0.787235 0.648331 
617 273 
0.403431 0.921934 0.0162546 0.115391 
618 1518 
0.886979 0.146209 0.408023 0.0662072 
619 523 
0.515398 0.201848 0.078646 0.493697 
620 1514 
0.280622 0.0800624 0.0834233 0.334417 
621 542 
0.836658 0.574492 0.993523 0.608586 
622 394 
0.897376 0.533273 0.891742 0.684611 
623 669 
0.738472 0.0880418 0.103538 0.754726 
624 1405 
0.543692 0.641705 0.349642 0.951715 
625 1143 
0.0637041 0.467113 0.90976 0.14235 
626 158 
0.81891 0.422972 0.0408726 0.902333 
627 645 
0.705556 0.738991 0.331881 0.699079 
628 181 
0.212819 0.596455 0.88085 0.104561 
629 1277 
0.0624532 0.843033 0.369109 0.165991 
630 468 
0.572542 0.709683 0.239464 0.922184 
631 1653 
0.947376 0.985888 0.128511 0.857136 
632 756 
0.0893211 0.676046 0.55121 0.130194 
633 1090 
0.308599 0.83575 0.317369 0.64048 
634 1607 
0.664946 0.853299 0.131285 0.545796 
635 9 
0.412351 0.608249 0.800892 0.78146 
636 1415 
0.398651 0.354002 0.483923 0.638115 
637 651 
0.145321 0.58549 0.262073 0.273832 
638 99 
0.390311 0.363153 0.118672 0.941521 
639 1607 
0.697051 0.25012 0.329096 0.0144199 
640 470 
0.863926 0.679366 0.743898 0.99521 
641 866 
0.701758 0.407562 0.833411 0.50265 
642 1439 
0.607651 0.901302 0.543023 0.0915738 
643 802 
0.819208 0.236895 0.124907 0.0812815 
644 899 
0.567533 0.471593 0.873879 0.686205 
645 1158 
0.367226 0.383256 0.663234 0.696322 
646 263 
0.553833 0.560247 0.0770419 0.297732 
647 319 
0.302204 0.99949 0.963019 0.135615 
648 849 
0.152041 0.743266 0.403442 0.695064 
649 888 
0.514272 0.0717346 0.0677648 0.595554 
650 950 
0.635298 0.0671462 0.45634 0.321503 
651 910 
0.823565 0.704759 0.143493 0.519887 
652 1675 
0.697326 0.0801347 0.179477 0.995058 
653 652 
0.481681 0.994548 0.598611 0.617296 
654 447 
0.750652 0.360562 0.90013 0.445716 
655 1157 
0.842988 0.959988 0.267137 0.910753 
656 1602 
0.849597 0.546051 0.622687 0.305937 
657 639 
0.102947 0.129503 0.572313 0.246441 
658 551 
0.674747 0.943767 0.729525 0.854224 
659 126 
0.365117 0.335904 0.933373 0.963728 
660 1207 
0.430061 0.71438 0.313762 0.330191 
661 61 
0.509164 0.173179 0.120083 0.7763 
662 451 
0.675625 0.625898 0.629983 0.298312 
663 1567 
0.497537 0.401259 0.0613379 0.0698497 
664 370 
0.710728 0.744597 0.591467 0.440253 
665 1565 
0.530292 0.80537 0.934725 0.463665 
666 1061 
0.887925 0.893727 0.483478 0.201687 
667 1285 
0.643574 0.710851 0.397097 0.763657 
668 1248 
0.481029 0.439282 0.113049 0.111012 
669 1347 
0.0448837 0.608549 0.138853 0.106222 
670 1331 
0.786553 0.81695 0.422996 0.37802 
671 1294 
0.0218167 0.908313 0.0625724 0.956542 
672 284 
0.831671 0.844467 0.265705 0.315149 
673 565 
0.489622 0.958723 0.757005 0.88672 
674 1296 
0.244156 0.367749 0.161663 0.357205 
675 622 
0.899257 0.402089 0.0873103 0.0381102 
676 1025 
0.765709 0.824664 0.32526 0.188705 
677 1076 
0.582462 0.210522 0.110997 0.645035 
678 18 
0.482975 0.476705 0.0115308 0.748679 
679 1264 
0.0576851 0.238302 0.750577 0.81469 
680 123 
0.472958 0.0588465 0.49277 0.634621 
681 1490 
0.971531 0.533878 0.81814 0.0588416 
682 1110 
0.32645 0.824551 0.396651 0.65171 
683 1277 
0.599335 0.234173 0.223777 0.710332 
684 648 
0.390841 0.193307 0.355913 0.402372 
685 1519 
0.147767 0.460057 0.180288 0.898345 
686 804 
0.305309 0.371303 0.333594 0.798079 
687 1323 
0.749645 0.76961 0.539801 0.567785 
688 1293 
0.111789 0.894236 0.653003 0.50844 
689 1390 
0.666258 0.107776 0.780119 0.890035 
690 992 
0.659326 0.280876 0.0114144 0.0152387 
691 1584 
0.9534 0.163006 0.143304 0.133688 
692 682 
0.418051 0.438997 0.432653 0.751645 
693 1065 
0.438577 0.50129 0.00668649 0.978378 
694 384 
0.835138 0.0901667 0.96331 0.488141 
695 1275 
0.509256 0.154399 0.706383 0.289375 
696 1245 
0.52449 0.948701 0.32531 0.535905 
697 202 
0.00855811 0.489305 0.126945 0.151862 
698 1384 
0.188296 0.569914 0.0619901 0.620949 
699 198 
0.299066 0.0595255 0.822848 0.305753 
700 778 
0.891923 0.140891 0.12807 0.855234 
701 822 
0.726677 0.36449 0.783431 0.43306 
702 121 
0.827866 0.95755 0.602566 0.153176 
703 964 
0.566505 0.161734 0.98276 0.693451 
704 745 
0.605753 0.881746 0.883511 0.667743 
705 650 
0.205069 0.966809 0.562221 0.0279176 
706 1294 
0.600124 0.919841 0.413453 0.728194 
707 686 
0.0424847 0.454871 0.139565 0.825916 
708 52 
0.79343 0.653782 0.845481 0.395996 
709 1406 
0.338935 0.962501 0.968692 0.321695 
710 36 
0.282289 0.927448 0.537698 0.165799 
711 1630 
0.0403931 0.370868 0.561999 0.602614 
712 1322 
0.834561 0.202738 0.318627 0.248014 
713 1445 
0.0937018 0.290498 0.385803 0.233267 
714 950 
0.273734 0.0266968 0.770196 0.119215 
715 226 
0.577154 0.45815 0.385194 0.545846 
716 565 
0.0411454 0.828135 0.707293 0.578843 
717 1672 
0.302483 0.619236 0.364802 0.864483 
718 1493 
0.763589 0.699044 0.424588 0.0822156 
719 541 
0.35552 0.175917 0.237556 0.741322 
720 1669 
0.35397 0.0150561 0.435881 0.124166 
721 195 
0.858574 0.70132 0.592421 0.243767 
722 220 
0.372266 0.284913 0.0753005 0.0795586 
723 1323 
0.0692345 0.382042 0.482992 0.434037 
724 802 
0.704843 0.197626 0.945569 0.129431 
725 738 
0.892626 0.48495 0.455758 0.130182 
726 758 
0.864943 0.484152 0.241329 0.300824 
727 365 
0.375599 0.159397 0.309638 0.96802 
728 1275 
0.556804 0.340286 0.688077 0.632104 
729 207 
0.551833 0.701339 0.801886 0.0348257 
730 290 
0.0484111 0.739668 0.333001 0.99398 
731 199 
0.612842 0.886606 0.354049 0.0686009 
732 1413 
0.580322 0.933544 0.50094 0.821651 
733 1057 
0.109258 0.19725 0.393764 0.418896 
734 787 
0.796929 0.9757 0.505556 0.485006 
735 496 
0.9254 0.0368392 0.309143 0.727286 
736 1566 
0.444519 0.775698 0.811333 0.77752 
737 285 
0.680432 0.390363 0.656283 0.0344814 
738 1183 
0.673071 0.614803 0.392507 0.174011 
739 1216 
0.626874 0.283269 0.633704 0.0206388 
740 892 
0.798974 0.817568 0.677866 0.30453 
741 1493 
0.28567 0.22993 0.339413 0.594814 
742 972 
0.411078 0.0393327 0.732914 0.222411 
743 1554 
0.502592 0.902843 0.207216 0.158875 
744 926 
0.66618 0.831946 0.552128 0.0586869 
745 1272 
0.988582 0.685561 0.289226 0.622286 
746 1593 
0.991392 0.42126 0.523768 0.669257 
747 114 
0.826341 0.954928 0.95572 0.165754 
748 148 
0.912936 0.576832 0.589074 0.64585 
749 788 
0.405927 0.148442 0.702086 0.613143 
750 561 
0.639411 0.279323 0.139262 0.191539 
751 671 
0.145219 0.180121 0.0235708 0.434445 
752 258 
0.729771 0.425837 0.223666 0.253538 
753 209 
0.949456 0.0798797 0.0500215 0.905175 
754 339 
0.599763 0.818112 0.822466 0.188836 
755 1261 
0.621709 0.594763 0.612404 0.323796 
756 1424 
0.919721 0.963207 0.487229 0.0589831 
757 1037 
0.825239 0.204202 0.334866 0.84881 
758 1695 
0.137272 0.57858 0.0644843 0.360938 
759 1482 
0.159578 0.310394 0.911999 0.2096 
760 723 
0.157633 0.809362 0.0336807 0.980099 
761 329 
0.497643 0.601808 0.592962 0.110047 
762 431 
0.800869 0.0297674 0.88881 0.288098 
763 1554 
0.0435559 0.113337 0.292953 0.378422 
764 1620 
0.9316 0.515695 0.540727 0.996085 
765 255 
0.372846 0.155663 0.187027 0.284844 
766 183 
0.402596 0.442477 0.174625 0.436276 
767 306 
0.172824 0.933919 0.0243834 0.765786 
768 1320 
0.949987 0.566654 0.0737332 0.838797 
769 1548 
0.162484 0.882353 0.968089 0.455437 
770 277 
0.930235 0.387037 0.77647 0.470962 
771 268 
0.653103 0.843808 0.538785 0.84013 
772 276 
0.904047 0.242725 0.571128 0.0786721 
773 953 
0.993704 0.251496 0.612921 0.0180874 
774 301 
0.656887 0.968074 0.583936 0.73062 
775 254 
0.438688 0.893104 0.689225 0.406777 
776 150 
0.95 0.337012 0.735577 0.72647 
777 607 
0.118699 0.379573 0.651781 0.657484 
778 95 
0.780433 0.561531 0.462428 0.351562 
779 1361 
0.14143 0.345266 0.891699 0.754351 
780 1419 
0.90898 0.411238 0.331427 0.492915 
781 634 
0.138299 0.931603 0.0349615 0.827524 
782 439 
0.383502 0.777525 0.675392 0.119079 
783 844 
0.483366 0.237778 0.883568 0.135147 
784 1189 
0.103271 0.91558 0.456793 0.565699 
785 1158 
0.0969956 0.707129 0.612408 0.988694 
786 1607 
0.975761 0.897674 0.872717 0.307188 
787 1232 
0.0145751 0.445487 0.322193 0.0495367 
788 273 
0.660573 0.433039 0.0505362 0.335965 
789 379 
0.554531 0.81933 0.789896 0.438099 
790 1061 
0.685158 0.54137 0.870058 0.14195 
791 1099 
0.1372 0.238946 0.814198 0.749608 
792 1429 
0.275678 0.725368 0.125314 0.148395 
793 140 
0.515904 0.16297 0.478044 0.838097 
794 216 
0.751055 0.498669 0.645545 0.801591 
795 15 
0.197663 0.356123 0.653964 0.987559 
796 1388 
0.608442 0.672717 0.335593 0.4785 
797 206 
0.442662 0.6157 0.0536128 0.25686 
798 1685 
0.281253 0.532538 0.090676 0.406567 
799 897 
0.123232 0.922471 0.843903 0.601276 
800 267 
0.0564097 0.352331 0.259237 0.701955 
801 31 
0.0938705 0.899618 0.510045 0.747835 
802 1251 
0.304267 0.356277 0.559894 0.63986 
803 694 
0.37456 0.0825218 0.450477 0.428173 
804 882 
0.815784 0.709426 0.871919 0.90646 
805 1139 
0.552852 0.0296927 0.0384641 0.396754 
806 1532 
0.799031 0.453164 0.9833 0.058268 
807 862 
0.137223 0.152139 0.0547372 0.647268 
808 775 
0.941914 0.951535 0.25625 0.501808 
809 1287 
0.0910269 0.876368 0.673917 0.541504 
810 876 
0.0132986 0.357288 0.0139676 0.885218 
811 958 
0.129961 0.438069 0.293441 0.168425 
812 1681 
0.92441 0.967456 0.287988 0.90771 
813 908 
0.443107 0.0449322 0.177863 0.497844 
814 1627 
0.0778361 0.439759 0.643735 0.334086 
815 1450 
0.235131 0.425113 0.817935 0.909048 
816 230 
0.122476 0.922347 0.323905 0.136444 
817 1542 
0.587653 0.266404 0.245634 0.881094 
818 815 
0.0804576 0.805504 0.402286 0.368446 
819 413 
0.42801 0.811553 0.758145 0.605873 
820 951 
0.450346 0.683709 0.749156 0.094081 
821 6 
0.690722 0.329212 0.442908 0.508657 
822 1249 
0.409525 0.631133 0.160606 0.73343 
823 324 
0.96817 0.321083 0.0339807 0.213804 
824 901 
0.46881 0.294262 0.00768007 0.871096 
825 1599 
0.720893 0.299105 0.47426 0.479039 
826 415 
0.783657 0.929384 0.588686 0.532813 
827 1610 
0.606481 0.223536 0.352677 0.0493895 
828 674 
0.590937 0.458914 0.363325 0.751543 
829 1498 
0.130902 0.719713 0.513427 0.164882 
830 525 
0.715603 0.633692 0.227779 0.723283 
831 305 
0.890487 0.444176 0.803893 0.364747 
832 110 
0.708871 0.148404 0.852599 0.297558 
833 838 
0.876065 0.904039 0.904753 0.228742 
834 770 
0.636946 0.819679 0.412343 0.000271088 
835 1094 
0.604687 0.131173 0.290935 0.118114 
836 1186 
0.224452 0.833717 0.929748 0.452232 
837 653 
0.434536 0.342718 0.00117617 0.238429 
838 1695 
0.924391 0.9473 0.855869 0.776991 
839 1482 
0.537087 0.653055 0.148897 0.44184 
840 1402 
0.102326 0.0787857 0.701476 0.514669 
841 950 
0.272697 0.119356 0.21023 0.563632 
842 92 
0.506285 0.788084 0.0711857 0.436033 
843 849 
0.628185 0.870569 0.583034 0.629362 
844 1324 
0.290499 0.553753 0.0562981 0.146369 
845 1450 
0.301156 0.683455 0.983799 0.450053 
846 682 
0.865596 0.552379 0.204081 0.567072 
847 1378 
0.283138 0.839769 0.186403 0.493368 
848 1191 
0.423872 0.999652 0.191486 0.495058 
849 1382 
0.431802 0.123243 0.306254 0.0148361 
850 925 
0.415252 0.305336 0.306358 0.47155 
851 622 
0.637101 0.772706 0.13516 0.6209 
852 1222 
0.260455 0.486496 0.775138 0.464536 
853 1603 
0.842185 0.747674 0.893337 0.0285876 
854 13 
0.296739 0.452459 0.240694 0.488224 
855 1528 
0.676379 0.920026 0.0707601 0.982633 
856 1460 
0.823365 0.397885 0.240198 0.129722 
857 315 
0.691902 0.766824 0.64214 0.827062 
858 1328 
0.864899 0.0875167 0.87422 0.640037 
859 667 
0.927789 0.482222 0.299727 0.821126 
860 622 
0.540769 0.117865 0.963269 0.781463 
861 482 
0.910786 0.457842 0.526115 0.981546 
862 1658 
0.460977 0.804911 0.83836 0.701175 
863 965 
0.707795 0.393077 0.701457 0.349936 
864 851 
0.0891807 0.214835 0.307655 0.963401 
865 1528 
0.859708 0.89119 0.337093 0.159435 
866 1370 
0.847903 0.700204 0.830181 0.811171 
867 850 
0.43627 0.721957 0.939509 0.962385 
868 347 
0.379984 0.423362 0.508414 0.218345 
869 745 
0.443047 0.92614 0.517614 0.144504 
870 764 
0.737752 0.233684 0.49091 0.0454074 
871 630 
0.345782 0.905115 0.0882752 0.682875 
872 1298 
0.800591 0.530778 0.764754 0.630772 
873 170 
0.246421 0.0670418 0.0639065 0.185929 
874 1003 
0.76741 0.565914 0.452789 0.275823 
875 375 
0.577326 0.71887 0.710398 0.0949399 
876 696 
0.986473 0.832692 0.0970586 0.477384 
877 23 
0.294144 0.823166 0.783215 0.382419 
878 1226 
0.847765 0.18301 0.0368187 0.61252 
879 1050 
0.378768 0.85894 0.880824 0.442674 
880 758 
0.910251 0.210084 0.610783 0.36304 
881 1248 
0.395042 0.940366 0.204778 0.10544 
882 1322 
0.068152 0.091913 0.867998 0.165211 
883 238 
0.746097 0.459355 0.392462 0.529312 
884 346 
0.898503 0.377078 0.0247841 0.935322 
885 1651 
0.838566 0.31409 0.848538 0.71939 
886 1306 
0.893407 0.629641 0.966848 0.504191 
887 1236 
0.452755 0.899232 0.933046 0.657533 
888 745 
0.968352 0.725685 0.0965848 0.836349 
889 920 
0.665881 0.582447 0.35025 0.0583436 
890 41 
0.192024 0.956847 0.488837 0.216808 
891 1247 
0.478435 0.0553745 0.206258 0.326972 
892 1453 
0.963022 0.22038 0.404406 0.92987 
893 1204 
0.397087 0.382625 0.623802 0.330133 
894 698 
0.628474 0.298485 0.765844 0.725059 
895 1409 
0.65674 0.39094 0.717281 0.00699024 
896 1358 
0.82904 0.199014 0.40613 0.317877 
897 1469 
0.298298 0.796312 0.471197 0.504556 
898 431 
0.245962 0.467578 0.343663 0.650368 
899 740 
0.0682337 0.0474546 0.780073 0.692036 
900 230 
0.820232 0.32051 0.676072 0.586076 
901 1253 
0.810906 0.242816 0.436509 0.528187 
902 326 
0.885793 0.357227 0.44882 0.291923 
903 830 
0.864643 0.590222 0.471415 0.33584 
904 1315 
0.594699 0.581802 0.562356 0.938363 
905 551 
0.959804 0.00659622 0.279625 0.739877 
906 246 
0.657212 0.560109 0.0191422 0.333284 
907 662 
0.0647111 0.14419 0.389 0.50122 
908 225 
0.638806 0.387013 0.029604 0.0876266 
909 885 
0.704708 0.95227 0.269158 0.176123 
910 996 
0.363936 0.770822 0.869912 0.926291 
911 1001 
0.102082 0.886095 0.715781 0.381707 
912 467 
0.414413 0.038919 0.186081 0.433556 
913 1081 
0.332266 0.498267 0.516393 0.721266 
914 745 
0.188771 0.360073 0.3865 0.218375 
915 611 
0.0654359 0.923083 0.399969 0.334594 
916 528 
0.688079 0.698529 0.870028 0.557991 
917 513 
0.579213 0.660073 0.510916 0.294994 
918 1593 
0.136888 0.709408 0.0806985 0.322969 
919 1175 
0.452902 0.655235 0.64123 0.969295 
920 1341 
0.640717 0.158066 0.736575 0.0272165 
921 729 
0.184274 0.0926524 0.299523 0.584243 
922 243 
0.398729 0.272322 0.125775 0.268757 
923 1140 
0.750596 0.84797 0.490385 0.261511 
924 444 
0.532164 0.398399 0.852372 0.612863 
925 656 
0.995335 0.0657645 0.376604 0.636565 
926 580 
0.753106 0.277281 0.193126 0.48968 
927 1116 
0.569566 0.673954 0.39715 0.869089 
928 1050 
0.824396 0.267818 0.530519 0.950172 
929 1605 
0.360831 0.700767 0.384546 0.851216 
930 1602 
0.52751 0.38338 0.360678 0.379882 
931 156 
0.0820465 0.375217 0.0620078 0.458651 
932 160 
0.0970675 0.211756 0.289063 0.290193 
933 1630 
0.593561 0.859759 0.375391 0.990712 
934 690 
0.633589 0.815108 0.996667 0.164108 
935 1431 
0.533243 0.524939 0.466047 0.917788 
936 1146 
0.428325 0.445298 0.759535 0.789003 
937 1491 
0.755779 0.87105 0.200397 0.817787 
938 1354 
0.212179 0.914854 0.541457 0.501242 
939 1563 
0.242893 0.0948036 0.0648066 0.618285 
940 218 
0.793655 0.251873 0.900623 0.790322 
941 1513 
0.665903 0.323565 0.94092 0.13195 
942 906 
0.317075 0.560275 0.686651 0.0766104 
943 420 
0.511832 0.832389 0.220328 0.712229 
944 1068 
0.550028 0.924408 0.56503 0.0914848 
945 771 
0.770077 0.334378 0.520454 0.834884 
946 14 
0.605969 0.628539 0.204536 0.506593 
947 324 
0.620517 0.172496 0.742426 0.561437 
948 392 
0.983779 0.878512 0.86472 0.670431 
949 111 
0.213999 0.182262 0.787511 0.434327 
950 1158 
0.984355 0.818899 0.00271696 0.0758396 
951 984 
0.772794 0.410218 0.765004 0.607678 
952 1512 
0.370973 0.236216 0.567416 0.877566 
953 1293 
0.187933 0.0500614 0.397504 0.74937 
954 105 
0.381283 0.627882 0.219227 0.0517137 
955 876 
0.433226 0.233976 0.370516 0.867553 
956 985 
0.808203 0.851907 0.947367 0.81092 
957 1433 
0.191917 0.583714 0.337965 0.956921 
958 127 
0.700845 0.327894 0.427608 0.268262 
959 1133 
0.0826857 0.456195 0.255521 0.480189 
960 1111 
0.610028 0.861472 0.833448 0.829255 
961 1583 
0.416453 0.262481 0.147162 0.786969 
962 692 
0.27563 0.595172 0.981941 0.222997 
963 797 
0.909688 0.414914 0.989807 0.247652 
964 940 
0.181199 0.948498 0.699728 0.608807 
965 1418 
0.905187 0.691493 0.672954 0.160708 
966 1673 
0.87852 0.770736 0.0331542 0.711968 
967 1177 
0.94634 0.12842 0.862471 0.0935022 
968 130 
0.992505 0.369132 0.510561 0.974445 
969 303 
0.916654 0.884133 0.00704231 0.906461 
970 18 
0.378877 0.0876592 0.0802833 0.0786045 
971 1366 
0.297042 0.983792 0.387959 0.969997 
972 522 
0.55964 0.848517 0.915236 0.592795 
973 571 
0.515227 0.539135 0.688905 0.377698 
974 533 
0.604294 0.370203 0.00176895 0.114855 
975 1436 
0.593898 0.0315091 0.228782 0.60094 
976 654 
0.360567 0.979816 0.0256289 0.440851 
977 1516 
0.722095 0.737893 0.0422129 0.110054 
978 1277 
0.186713 0.669694 0.556407 0.101949 
979 882 
0.116891 0.617176 0.801624 0.805796 
980 852 
0.434261 0.41009 0.365077 0.436029 
981 156 
0.709726 0.0299271 0.556454 0.938507 
982 860 
0.494424 0.299075 0.610684 0.520053 
983 1095 
0.669105 0.242148 0.477818 0.711317 
984 1222 
0.185708 0.898031 0.0218954 0.742115 
985 1510 
0.284384 0.859006 0.617155 0.0860076 
986 1475 
0.61203 0.520268 0.0748917 0.977107 
987 1293 
0.599837 0.686832 0.986225 0.156291 
988 102 
0.617092 0.650715 0.924414 0.227775 
989 1571 
0.66434 0.89688 0.412915 0.142158 
990 1217 
0.765117 0.327866 0.506228 0.787012 
991 492 
0.506208 0.071396 0.928987 0.123363 
992 582 
0.593789 0.735393 0.677672 0.668681 
993 542 
0.633969 0.268518 0.399332 0.620194 
994 859 
0.0246711 0.237286 0.0755237 0.949085 
995 1406 
0.246291 0.613425 0.361942 0.659206 
996 1612 
0.970139 0.424323 0.0834495 0.476367 
997 1153 
0.153431 0.982575 0.282731 0.0824183 
998 789 
0.440135 0.676208 0.84133 0.117806 
999 739 
0.55383 0.751776 0.613407 0.953161 
1000 546 
0.0382157 0.977832 0.609256 0.113739 
1001 539 
0.0743181 0.360031 0.540343 0.43626 
1002 1164 
0.295926 0.406399 0.44356 0.379375 
1003 1643 
0.654895 0.532806 0.865341 0.937626 
1004 790 
0.971279 0.37776 0.291432 0.812609 
1005 1281 
0.636321 0.366439 0.247343 0.249728 
1006 595 
0.619313 0.287944 0.297433 0.228569 
1007 297 
0.22435 0.302887 0.761713 0.764693 
1008 1165 
0.78095 0.0606191 0.145546 0.22451 
1009 597 
0.0283124 0.879405 0.972801 0.893653 
1010 1419 
0.588025 0.864932 0.194792 0.879458 
1011 492 
0.690358 0.515779 0.043981 0.937701 
1012 963 
0.363581 0.557014 0.0534501 0.661014 
1013 577 
0.455133 0.885364 0.088471 0.216847 
1014 924 
0.827618 0.997797 0.710677 0.973164 
1015 949 
0.150671 0.0014767 0.101713 0.123472 
1016 700 
0.918744 0.711497 0.760063 0.113536 
1017 751 
0.437604 0.803894 0.106734 0.481585 
1018 908 
0.87224 0.845167 0.29861 0.92569 
1019 1049 
0.0841933 0.380823 0.391545 0.172664 
1020 39 
0.0416029 0.000282472 0.595467 0.75228 
1021 1654 
0.817774 0.902951 0.974923 0.919487 
1022 561 
0.870054 0.838232 0.73792 0.630116 
1023 1622 
0.328875 0.0677207 0.755662 0.435609 
1024 1226 
0.497257 0.307849 0.394473 0.795867 
1025 259 
0.900654 0.88006 0.614363 0.292199 
1026 123 
0.212033 0.333802 0.0530071 0.8075 
1027 1270 
0.0264539 0.625274 0.989033 0.00137735 
1028 63 
0.0154559 0.871431 0.382993 0.753376 
1029 653 
0.334761 0.0822518 0.569268 0.0904223 
1030 28 
0.118574 0.587679 0.82571 0.513047 
1031 1229 
0.0592495 0.413701 0.263607 0.673612 
1032 584 
0.316331 0.885645 0.0397023 0.369338 
1033 1492 
0.125784 0.395792 0.31842 0.114817 
1034 1472 
0.863181 0.130273 0.268601 0.246175 
1035 882 
0.770148 0.580935 0.965901 0.339416 
1036 315 
0.483762 0.45799 0.259037 0.309472 
1037 625 
0.642584 0.368721 0.384739 0.90619 
1038 274 
0.0906388 0.222522 0.927979 0.130341 
1039 1401 
0.621124 0.256125 0.987652 0.939544 
1040 1355 
0.384822 0.802725 0.501215 0.653423 
1041 1435 
0.384865 0.42357 0.629835 0.350766 
1042 1681 
0.301193 0.834527 0.220977 0.56023 
1043 1084 
0.192014 0.202814 0.512721 0.576752 
1044 1146 
0.555054 0.667391 0.331526 0.483034 
1045 20 
0.923386 0.104158 0.0538576 0.911038 
1046 1176 
0.4248 0.29586 0.846428 0.926015 
1047 277 
0.895328 0.31088 0.372853 0.525163 
1048 521 
0.135839 0.826356 0.496173 0.356816 
1049 1143 
0.640172 0.54883 0.5894 0.152893 
1050 1376 
0.698404 0.707947 0.792974 0.0299296 
1051 1659 
0.590706 0.953315 0.295139 0.644564 
1052 745 
0.338841 0.0693635 0.160213 0.185269 
1053 1375 
0.109496 0.0805964 0.306258 0.482349 
1054 1591 
0.967904 0.618189 0.432116 0.464076 
1055 1429 
0.818702 0.104248 0.523834 0.408102 
1056 521 
0.649417 0.106506 0.965088 0.44239 
1057 1218 
0.156069 0.0330963 0.0897508 0.451208 
1058 544 
0.954104 0.790049 0.747023 0.114318 
1059 16 
0.742402 0.223814 0.0559146 0.0486602 
1060 49 
0.661674 0.0165637 0.324351 0.0937897 
1061 1420 
0.299356 0.912492 0.584888 0.823191 
1062 1228 
0.84203 0.472607 0.427099 0.807118 
1063 975 
0.563535 0.963187 0.948094 0.653285 
1064 174 
0.625754 0.607389 0.204445 0.372777 
1065 1675 
0.179763 0.115179 0.945521 0.235678 
1066 1675 
0.651684 0.897352 0.180403 0.976035 
1067 1042 
0.661043 0.275391 0.903633 0.245931 
1068 1613 
0.224227 0.0879611 0.571189 0.651326 
1069 1415 
0.486187 0.21486 0.858266 0.434281 
1070 1030 
0.272662 0.0600345 0.475535 0.477107 
1071 1384 
0.197242 0.65687 0.547991 0.142763 
1072 867 
0.71183 0.794447 0.7899 0.892233 
1073 449 
0.781042 0.553276 0.0458729 0.684675 
1074 902 
0.144455 0.908901 0.887169 0.715644 
1075 230 
0.782248 0.20183 0.775087 0.640514 
1076 1424 
0.643233 0.913176 0.696146 0.118768 
1077 290 
0.128957 0.31601 0.0471528 0.676948 
1078 302 
0.939701 0.388778 0.253219 0.729601 
1079 748 
0.0237008 0.510642 0.834287 0.0695736 
1080 1200 
0.633495 0.214028 0.104219 0.520663 
1081 599 
0.664446 0.302911 0.131502 0.439533 
1082 1411 
0.767613 0.0827653 0.856601 0.463759 
1083 761 
0.246884 0.592716 0.517542 0.294037 
1084 1181 
0.976315 0.233737 0.658442 0.229534 
1085 751 
0.939453 0.253235 0.47398 0.773741 
1086 1315 
0.669298 0.407235 0.536837 0.773516 
1087 815 
0.466508 0.437962 0.23081 0.598011 
1088 1130 
0.174235 0.365624 0.96026 0.0308359 
1089 1095 
0.161793 0.27772 0.422099 0.679335 
1090 155 
0.691763 0.65565 0.805494 0.350205 
1091 207 
0.768832 0.289659 0.138419 0.242812 
1092 771 
0.461227 0.91211 0.470634 0.998064 
1093 855 
0.398533 0.464572 0.123588 0.629343 
1094 1571 
0.00108251 0.803578 0.428206 0.961342 
1095 46 
0.257589 0.123135 0.112134 0.679688 
1096 0 
0.68389 0.371451 0.45812 0.489383 
1097 388 
0.343304 0.258215 0.0113153 0.481723 
1098 389 
0.0747145 0.94295 0.413137 0.545349 
1099 635 
0.098763 0.943882 0.405585 0.222351 
1100 1148 
0.468168 0.223433 0.376803 0.896375 
1101 1012 
0.211217 0.153964 0.307911 0.32335 
1102 1111 
0.110381 0.00724012 0.205103 0.568501 
1103 636 
0.92676 0.911806 0.754838 0.938075 
1104 664 
0.255865 0.0127898 0.336478 0.669002 
1105 373 
0.277492 0.767765 0.502021 0.683077 
1106 198 
0.075246 0.151245 0.21355 0.452049 
1107 1131 
0.398325 0.663266 0.201584 0.706236 
1108 300 
0.0352357 0.816618 0.993857 0.240339 
1109 373 
0.49048 0.167099 0.296925 0.245318 
1110 195 
0.690453 0.501183 0.117964 0.0269317 
1111 1440 
0.676103 0.304424 0.937951 0.178124 
1112 1134 
0.928067 0.25337 0.138746 0.141617 
1113 629 
0.186366 0.539942 0.368685 0.38795 
1114 1366 
0.355301 0.423186 0.0627959 0.349158 
1115 987 
0.447915 0.839638 0.830624 0.74484 
1116 831 
0.935798 0.435293 0.586139 0.0537628 
1117 1576 
0.756325 0.729866 0.766648 0.694276 
1118 55 
0.754149 0.622343 0.16136 0.892896 
1119 1565 
0.866779 0.079262 0.303901 0.235464 
1120 309 
0.55008 0.590765 0.890398 0.612875 
1121 1323 
0.553923 0.0607904 0.779561 0.384546 
1122 775 
0.864517 0.320345 0.240923 0.450656 
1123 703 
0.703147 0.206981 0.103974 0.469796 
1124 1037 
0.0119633 0.223945 0.523599 0.173323 
1125 1615 
0.287559 0.0401018 0.196103 0.59146 
1126 640 
0.663315 0.141539 0.866331 0.553712 
1127 307 
0.806253 0.107635 0.815205 0.585814 
1128 1598 
0.620835 0.450331 0.812526 0.861758 
1129 961 
0.186634 0.564905 0.107968 0.290607 
1130 118 
0.00922436 0.302571 0.258646 0.532824 
1131 205 
0.375486 0.820382 0.515995 0.571589 
1132 1256 
0.791561 0.234903 0.553382 0.657891 
1133 605 
0.307796 0.464145 0.89625 0.123002 
1134 923 
0.388431 0.743837 0.50029 0.200958 
1135 1549 
0.401277 0.387591 0.1705 0.509244 
1136 1646 
0.205201 0.518469 0.980769 0.463847 
1137 1337 
0.456663 0.839333 0.871675 0.972658 
1138 1697 
0.283517 0.764219 0.645825 0.836899 
1139 434 
0.434441 0.144695 0.886256 0.330691 
1140 939 
0.936215 0.719122 0.0115337 0.436505 
1141 922 
0.617129 0.837781 0.307671 0.787629 
1142 459 
0.98587 0.99283 0.865494 0.966639 
1143 719 
0.916786 0.423302 0.296009 0.788461 
1144 1075 
0.706931 0.071978 0.16018 0.352756 
1145 596 
0.582291 0.787197 0.0535719 0.468547 
1146 85 
0.321269 0.404761 0.83701 0.332802 
1147 1298 
0.75709 0.949931 0.679047 0.0647614 
1148 378 
0.0260724 0.0506313 0.730389 0.891566 
1149 954 
0.187066 0.808352 0.440573 0.483075 
1150 1599 
0.836533 0.190007 0.668791 0.996713 
1151 229 
0.577668 0.579004 0.32996 0.63124 
1152 685 
0.447848 0.952509 0.452312 0.284858 
1153 319 
0.293578 0.0419483 0.235242 0.972625 
1154 785 
0.972802 0.998698 0.157341 0.703191 
1155 219 
0.174612 0.890257 0.698616 0.615184 
1156 531 
0.29543 0.451718 0.563338 0.964221 
1157 776 
0.106101 0.541889 0.0274351 0.436061 
1158 1174 
0.0749859 0.883909 0.125637 0.527298 
1159 812 
0.410948 0.820876 0.210716 0.64619 
1160 813 
0.317426 0.618992 0.792199 0.474767 
1161 737 
0.682463 0.649378 0.212439 0.381079 
1162 64 
0.585771 0.676509 0.71628 0.149109 
1163 280 
0.164711 0.255211 0.182619 0.192146 
1164 1105 
0.355747 0.267132 0.575181 0.481385 
1165 899 
0.743949 0.892333 0.615306 0.954665 
1166 753 
0.408808 0.27209 0.157515 0.201007 
1167 1641 
0.479698 0.88347 0.396235 0.692137 
1168 467 
0.660798 0.277908 0.941058 0.377078 
1169 801 
0.581788 0.541789 0.682228 0.764406 
1170 1688 
0.3735 0.120153 0.00106656 0.948682 
1171 689 
0.795497 0.692631 0.493871 0.410803 
1172 471 
0.0323944 0.819611 0.919386 0.18991 
1173 377 
0.666243 0.669607 0.904088 0.0624781 
1174 1423 
0.168637 0.723276 0.639653 0.109695 
1175 1486 
0.06667 0.691483 0.642142 0.748898 
1176 671 
0.376076 0.122399 0.576042 0.377143 
1177 756 
0.17758 0.17264 0.763711 0.671451 
1178 1438 
0.411006 0.703846 0.403054 0.330392 
1179 1376 
0.423672 0.996635 0.563363 0.32776 
1180 836 
0.925107 0.496397 0.782389 0.56476 
1181 1564 
0.882742 0.63143 0.297575 0.524884 
1182 191 
0.753463 0.900961 0.502727 0.329506 
1183 902 
0.573807 0.507086 0.450743 0.337518 
1184 100 
0.0341859 0.748524 0.882383 0.43724 
1185 821 
0.776139 0.860911 0.0755518 0.339502 
1186 507 
0.134665 0.264609 0.685068 0.917054 
1187 943 
0.29116 0.799797 0.460798 0.588735 
1188 165 
0.841126 0.342198 0.225641 0.343853 
1189 319 
0.503745 0.91766 0.17879 0.954488 
1190 1346 
0.357327 0.988674 0.00370179 0.23971 
1191 138 
0.0826184 0.015849 0.286825 0.15817 
1192 1551 
0.475496 0.292835 0.619959 0.160564 
1193 52 
0.449328 0.451724 0.00968628 0.910126 
1194 1633 
0.334367 0.751252 0.382657 0.560008 
1195 290 
0.0543606 0.0637533 0.0127648 0.23315 
1196 1695 
0.267942 0.590477 0.0069154 0.271644 
1197 1590 
0.432829 0.354262 0.846036 0.719654 
1198 273 
0.201387 0.19515 0.805268 0.821346 
1199 243 
0.0151578 0.270674 0.807439 0.0248441 
1200 25 
0.847898 0.359211 0.932052 0.230555 
1201 1304 
0.0271572 0.284916 0.982973 0.0399219 
1202 1003 
0.00121428 0.307864 0.108543 0.00812968 
1203 1283 
0.938731 0.440959 0.933771 0.784767 
1204 603 
0.446203 0.986154 0.355763 0.251472 
1205 1043 
0.711478 0.266629 0.0781738 0.518918 
1206 1505 
0.258974 0.366816 0.650685 0.191026 
1207 1561 
0.569904 0.218183 0.882288 0.552877 
1208 1083 
0.400354 0.554091 0.565969 0.508897 
1209 301 
0.145477 0.447628 0.00317988 0.0792481 
1210 1618 
0.163793 0.525452 0.218548 0.519556 
1211 562 
0.0260484 0.231034 0.0435527 0.104222 
1212 951 
0.335026 0.363196 0.116768 0.985711 
1213 1414 
0.714139 0.555615 0.772404 0.596427 
1214 678 
0.0305092 0.996781 0.662584 0.596478 
1215 183 
0.224805 0.741956 0.953305 0.227985 
1216 979 
0.1857 0.391778 0.346655 0.404249 
1217 561 
0.123578 0.430297 0.142368 0.167131 
1218 748 
0.89232 0.502157 0.897715 0.00908811 
1219 1196 
0.451937 0.723227 0.0434835 0.224341 
1220 856 
0.151976 0.25485 0.316435 0.81456 
1221 1492 
0.822113 0.0393648 0.593284 0.775418 
1222 1639 
0.414488 0.961118 0.659127 0.761143 
1223 23 
0.570461 0.884721 0.795664 0.712829 
1224 620 
0.330183 0.60515 0.55401 0.227898 
1225 1651 
0.041878 0.679835 0.337465 0.0853615 
1226 286 
0.65712 0.237337 0.159026 0.973554 
1227 1443 
0.0103544 0.795667 0.091262 0.603638 
1228 999 
0.358612 0.018126 0.532204 0.017739 
1229 882 
0.897571 0.5882 0.66399 0.693235 
1230 703 
0.715843 0.0234181 0.906179 0.269853 
1231 839 
0.520417 0.311731 0.931151 0.857882 
1232 1574 
0.835327 0.515002 0.63443 0.994353 
1233 6 
0.686327 0.00470773 0.284224 0.777589 
1234 681 
0.855309 0.1362 0.626472 0.387512 
1235 1696 
0.405741 0.285083 0.742139 0.0697313 
1236 420 
0.0431691 0.785574 0.001736 0.949348 
1237 556 
0.253053 0.469766 0.367157 0.184204 
1238 792 
0.764249 0.0195313 0.84265 0.398679 
1239 795 
0.331206 0.0850055 0.0185924 0.61543 
1240 51 
0.626938 0.470739 0.998794 0.253411 
1241 1698 
0.152734 0.659152 0.143334 0.894873 
1242 1136 
0.121652 0.938042 0.514457 0.123388 
1243 1058 
0.569884 0.376441 0.357156 0.937041 
1244 1374 
0.684804 0.70129 0.580176 0.527454 
1245 526 
0.594061 0.858661 0.184974 0.612653 
1246 1196 
0.0475685 0.239592 0.94483 0.0463629 
1247 41 
0.803081 0.199096 0.152154 0.946415 
1248 1239 
0.881037 0.0680674 0.0320117 0.395494 
1249 1057 
0.919402 0.965377 0.567896 0.276559 
1250 10 
0.128541 0.961363 0.603708 0.708717 
1251 1063 
0.703677 0.302778 0.347478 0.888652 
1252 1452 
0.821569 0.93622 0.155023 0.766399 
1253 497 
0.648025 0.56948 0.18168 0.800179 
1254 725 
0.275649 0.681215 0.583962 0.307661 
1255 1626 
0.775418 0.227063 0.0420866 0.343314 
1256 1651 
0.944505 0.471855 0.464985 0.548213 
1257 628 
0.953802 0.251891 0.48335 0.30128 
1258 12 
0.398781 0.122849 0.0767629 0.553803 
1259 1407 
0.0593461 0.201828 0.458727 0.241026 
1260 1496 
0.974622 0.516675 0.683222 0.558584 
1261 261 
0.759931 0.334002 0.051399 0.802018 
1262 1465 
0.555021 0.746523 0.149171 0.0200055 
1263 416 
0.329743 0.973808 0.546627 0.813093 
1264 149 
0.68717 0.211874 0.397937 0.763932 
1265 563 
0.287185 0.823278 0.967506 0.745913 
1266 1174 
0.969512 0.720535 0.580979 0.652734 
1267 348 
0.405315 0.412665 0.613121 0.456714 
1268 286 
0.290437 0.0117347 0.961206 0.439608 
1269 91 
0.255942 0.769351 0.00554783 0.802569 
1270 218 
0.280636 0.489738 0.794318 0.678573 
1271 736 
0.559995 0.965758 0.0769492 0.527501 
1272 986 
0.141253 0.497013 0.432205 0.722233 
1273 812 
0.711324 0.127547 0.562412 0.324445 
1274 1532 
0.777096 0.614882 0.595996 0.738301 
1275 1138 
0.627736 0.994243 0.82384 0.633284 
1276 855 
0.406284 0.91392 0.28655 0.200602 
1277 1635 
0.540221 0.760598 0.558251 0.61717 
1278 451 
0.269921 0.758424 0.785111 0.702127 
1279 853 
0.934859 0.413451 0.608204 0.497271 
1280 225 
0.192465 0.274367 0.352778 0.788461 
1281 812 
0.407267 0.416197 0.0069112 0.231108 
1282 342 
0.803723 0.637392 0.963401 0.0902738 
1283 468 
0.555894 0.630495 0.598592 0.114145 
1284 679 
0.886691 0.384066 0.00608937 0.671802 
1285 1041 
0.486746 0.60666 0.499643 0.0949496 
1286 1568 
0.237539 0.287415 0.378298 0.590317 
1287 572 
0.390966 0.997585 0.492073 0.397877 
1288 492 
0.541555 0.201601 0.866085 0.504956 
1289 226 
0.704079 0.0608497 0.922369 0.302672 
1290 475 
0.170035 0.189362 0.55906 0.176124 
1291 844 
0.645253 0.66287 0.467824 0.144896 
1292 160 
0.571756 0.382435 0.0452343 0.950054 
1293 278 
0.12111 0.34102 0.970337 0.613183 
1294 114 
0.19903 0.154738 0.940498 0.0651147 
1295 334 
0.232372 0.769194 0.720544 0.154742 
1296 1008 
0.895538 0.324776 0.261228 0.454598 
1297 672 
0.122392 0.0998507 0.16377 0.590216 
1298 868 
0.92159 0.161972 0.627182 0.966824 
1299 814 
0.599935 0.0879344 0.453046 0.570272 
1300 1534 
0.191944 0.769302 0.855856 0.132442 
1301 1454 
0.51555 0.364814 0.603611 0.236093 
1302 913 
0.675477 0.131631 0.844332 0.936705 
1303 828 
0.345232 0.0590964 0.68608 0.509003 
1304 686 
0.930827 0.430593 0.811285 0.558009 
1305 272 
0.923311 0.157944 0.485351 0.376358 
1306 813 
0.186469 0.568301 0.497518 0.0423246 
1307 446 
0.331935 0.557874 0.0655565 0.935546 
1308 1512 
0.585112 0.611023 0.925598 0.429443 
1309 1034 
0.511827 0.774675 0.606824 0.197907 
1310 642 
0.256137 0.128733 0.714271 0.0674215 
1311 1079 
0.111687 0.990733 0.844686 0.597039 
1312 1359 
0.572903 0.783508 0.935391 0.070421 
1313 876 
0.636134 0.402356 0.383706 0.701691 
1314 850 
0.177674 0.286802 0.948926 0.103272 
1315 251 
0.496654 0.615099 0.490921 0.103478 
1316 481 
0.774599 0.359614 0.94174 0.48887 
1317 733 
0.628482 0.600557 0.417768 0.473168 
1318 804 
0.784859 0.046071 0.981104 0.72025 
1319 1252 
0.806936 0.356384 0.518848 0.190642 
1320 1401 
0.856751 0.368316 0.344877 0.805677 
1321 638 
0.0611233 0.302331 0.0866875 0.552045 
1322 679 
0.899694 0.326644 0.765422 0.841433 
1323 286 
0.192458 0.469915 0.416071 0.610226 
1324 1237 
0.613667 0.395085 0.989155 0.594771 
1325 416 
0.105647 0.401707 0.471719 0.624495 
1326 434 
0.529794 0.481247 0.960666 0.874672 
1327 816 
0.432254 0.935795 0.589254 0.518942 
1328 1356 
0.995063 0.418635 0.814484 0.760485 
1329 564 
0.629998 0.952943 0.729984 0.0460692 
1330 699 
0.673068 0.659737 0.958255 0.662223 
1331 1452 
0.0735898 0.76787 0.656215 0.545309 
1332 780 
0.248565 0.0751035 0.873612 0.209231 
1333 1049 
0.160535 0.641485 0.885571 0.74979 
1334 755 
0.37341 0.744853 0.579061 0.187894 
1335 952 
0.83913 0.817892 0.458281 0.569114 
1336 1498 
0.0214506 0.242182 0.523698 0.979705 
1337 290 
0.778206 0.0532952 0.672274 0.434421 
1338 682 
0.0646392 0.682985 0.673708 0.938251 
1339 1605 
0.623483 0.098786 0.5337 0.509054 
1340 1317 
0.694127 0.882464 0.593428 0.273188 
1341 770 
0.0987661 0.112318 0.88825 0.557047 
1342 738 
0.752211 0.578498 0.923614 0.275909 
1343 646 
0.828019 0.0541148 0.611498 0.500293 
1344 1013 
0.210103 0.564932 0.171521 0.88381 
1345 605 
0.0637367 0.507294 0.601969 0.597437 
1346 922 
0.450545 0.291564 0.898812 0.043973 
1347 1309 
0.96917 0.142739 0.67707 0.85742 
1348 1250 
0.358502 0.609632 0.278284 0.282116 
1349 1677 
0.836487 0.110134 0.939656 0.447985 
1350 220 
0.428191 0.658088 0.175359 0.599712 
1351 703 
0.678542 0.663449 0.0491916 0.280511 
1352 1126 
0.0655391 0.731055 0.552449 0.964351 
1353 776 
0.117201 0.933521 0.917767 0.794271 
1354 1503 
0.617553 0.152772 0.400573 0.895837 
1355 1167 
0.286113 0.732324 0.545022 0.225769 
1356 936 
0.155449 0.65396 0.838396 0.330808 
1357 1106 
0.380294 0.00935017 0.917121 0.429486 
1358 926 
0.178007 0.495025 0.0209159 0.730457 
1359 176 
0.795944 0.847658 0.392896 0.713711 
1360 756 
0.183837 0.331265 0.794701 0.58441 
1361 871 
0.229589 0.870523 0.959425 0.774611 
1362 399 
0.139734 0.93006 0.750253 0.97813 
1363 1589 
0.00392555 0.358424 0.270219 0.921047 
1364 423 
0.56008 0.0990539 0.282935 0.580995 
1365 1520 
0.742311 0.37694 0.677168 0.135207 
1366 763 
0.319097 0.319044 0.421915 0.113797 
1367 583 
0.649017 0.343386 0.773977 0.608442 
1368 1694 
0.87027 0.748176 0.0480574 0.620523 
1369 1384 
0.308926 0.624449 0.0847306 0.579145 
1370 1172 
0.872641 0.139224 0.644549 0.155576 
1371 242 
0.47406 0.897886 0.0971593 0.151228 
1372 516 
0.18781 0.470324 0.352137 0.609726 
1373 712 
0.255592 0.258742 0.927508 0.0295689 
1374 1665 
0.0455049 0.899839 0.615361 0.0935622 
1375 702 
0.341667 0.402488 0.14481 0.426398 
1376 139 
0.690306 0.299039 0.120857 0.334855 
1377 743 
0.841077 0.808915 0.352501 0.938237 
1378 640 
0.385594 0.126047 0.430467 0.737731 
1379 679 
0.0145882 0.993323 0.994515 0.942096 
1380 1030 
0.861699 0.987601 0.922731 0.47706 
1381 353 
0.443093 0.818728 0.483651 0.587903 
1382 1197 
0.465284 0.278209 0.544164 0.586142 
1383 688 
0.998778 0.427219 0.421978 0.351279 
1384 1205 
0.38212 0.736873 0.491502 0.812587 
1385 454 
0.227274 0.827175 0.467927 0.221789 
1386 1134 
0.490819 0.0834886 0.756872 0.41355 
1387 1277 
0.838035 0.856642 0.379276 0.321686 
1388 1677 
0.624402 0.78697 0.722754 0.168566 
1389 1035 
0.335817 0.167344 0.800331 0.757795 
1390 1466 
0.165786 0.139915 0.255496 0.657288 
1391 1594 
0.7301 0.884563 0.779677 0.198027 
1392 1038 
0.548948 0.688846 0.189841 0.305819 
1393 743 
0.750389 0.143854 0.959039 0.129666 
1394 1483 
0.403584 0.754068 0.25251 0.126338 
1395 742 
0.625622 0.462155 0.0899777 0.425953 
1396 403 
0.608601 0.591739 0.359865 0.864096 
1397 355 
0.312367 0.594196 0.133591 0.0920439 
1398 640 
0.239943 0.640992 0.48107 0.429783 
1399 1459 
0.583466 0.180173 0.0906649 0.542505 
1400 222 
0.556205 0.946089 0.0639064 0.808715 
1401 823 
0.98654 0.434337 0.534581 0.0765177 
1402 54 
0.754531 0.685118 0.452029 0.114396 
1403 342 
0.701057 0.426763 0.143411 0.834647 
1404 1237 
0.935635 0.0745899 0.159798 0.416705 
1405 140 
0.106609 0.000171306 0.684546 0.197274 
1406 522 
0.994384 0.753479 0.488765 0.0582909 
1407 104 
0.561191 0.0448309 0.99653 0.0957715 
1408 1070 
0.85682 0.850302 0.806467 0.308849 
1409 1599 
0.355682 0.00990541 0.39146 0.499093 
1410 1040 
0.910267 0.434728 0.919143 0.070065 
1411 124 
0.423516 0.176674 0.851604 0.108062 
1412 1148 
0.39428 0.102446 0.127427 0.883045 
1413 10 
0.68962 0.444236 0.205568 0.68615 
1414 1246 
0.326916 0.54297 0.390309 0.133383 
1415 210 
0.355007 0.489065 0.861724 0.746467 
1416 683 
0.706277 0.656734 0.422886 0.625419 
1417 576 
0.274319 0.0489349 0.903473 0.125923 
1418 1605 
0.277421 0.520204 0.259442 0.404848 
1419 1509 
0.420179 0.0944676 0.847484 0.625747 
1420 436 
0.387491 0.952664 0.323587 0.7778 
1421 1078 
0.175406 0.132807 0.575112 0.0371301 
1422 1344 
0.56327 0.743407 0.536008 0.986156 
1423 795 
0.262807 0.260474 0.417761 0.166281 
1424 629 
0.574757 0.443702 0.906601 0.8342 
1425 1165 
0.30985 0.254379 0.943017 0.157334 
1426 521 
0.723635 0.544825 0.83279 0.0472224 
1427 568 
0.918837 0.222628 0.455432 0.493949 
1428 1220 
0.334706 0.0572185 0.00316535 0.870715 
1429 232 
0.371991 0.133522 0.303848 0.789752 
1430 1300 
0.690246 0.36451 0.743505 0.596847 
1431 1501 
0.592054 0.906697 0.453089 0.535072 
1432 356 
0.333215 0.258707 0.608856 0.166005 
1433 729 
0.931481 0.0848421 0.528558 0.386913 
1434 699 
0.788316 0.721619 0.636009 0.791481 
1435 867 
0.679383 0.163473 0.725856 0.983232 
1436 703 
0.0256592 0.673478 0.317735 0.769164 
1437 387 
0.516444 0.361218 0.177022 0.969533 
1438 1309 
0.241052 0.302748 0.154997 0.849908 
1439 1597 
0.460926 0.781389 0.553595 0.989483 
1440 1462 
0.132386 0.7778 0.889921 0.768395 
1441 707 
0.482255 0.447778 0.732754 0.208111 
1442 87 
0.685979 0.23377 0.104488 0.00371368 
1443 908 
0.374813 0.520158 0.364153 0.551834 
1444 1452 
0.260443 0.792887 0.792439 0.41544 
1445 1052 
0.261192 0.876366 0.424183 0.814787 
1446 1022 
0.592485 0.947173 0.643648 0.482406 
1447 1630 
0.21293 0.96466 0.163347 0.945683 
1448 736 
0.594357 0.631662 0.406542 0.698844 
1449 496 
0.409476 0.073657 0.155534 0.773629 
1450 920 
0.645225 0.0340714 0.418378 0.437663 
1451 1418 
0.0611724 0.698855 0.325877 0.485356 
1452 884 
0.191725 0.0778405 0.460815 0.835374 
1453 597 
0.176383 0.0483034 0.524907 0.339729 
1454 1127 
0.697678 0.934086 0.625649 0.10422 
1455 1516 
0.261025 0.513696 0.706587 0.416559 
1456 888 
0.332079 0.0617836 0.321396 0.750456 
1457 1657 
0.770907 0.811629 0.198302 0.0967832 
1458 510 
0.711943 0.288509 0.374825 0.172758 
1459 1175 
0.935071 0.349141 0.172186 0.459978 
1460 776 
0.166173 0.157656 0.622956 0.791822 
1461 486 
0.255886 0.0528472 0.775572 0.962474 
1462 1610 
0.062896 0.294552 0.53119 0.384292 
1463 176 
0.0306365 0.155198 0.856637 0.228938 
1464 1356 
0.153622 0.940882 0.54049 0.528447 
1465 1329 
0.664373 0.463518 0.462781 0.836559 
1466 289 
0.151651 0.00273193 0.0811514 0.774607 
1467 1583 
0.343027 0.0304934 0.847401 0.118599 
1468 1190 
0.316807 0.181495 0.28752 0.847997 
1469 479 
0.332528 0.878634 0.720985 0.189166 
1470 730 
0.972967 0.342787 0.0484535 0.513457 
1471 391 
0.162093 0.17783 0.334752 0.624874 
1472 200 
0.258247 0.776525 0.0171214 0.339399 
1473 1653 
0.811675 0.682426 0.581625 0.659076 
1474 1689 
0.574593 0.975884 0.98252 0.862112 
1475 534 
0.548306 0.19464 0.702514 0.269292 
1476 953 
0.810086 0.242258 0.726593 0.85854 
1477 1046 
0.597827 0.0206329 0.933546 0.932579 
1478 1666 
0.947936 0.190826 0.422032 0.965057 
1479 1562 
0.973164 0.776732 0.212651 0.554789 
1480 1320 
0.0136756 0.129382 0.411692 0.996195 
1481 822 
0.235573 0.544502 0.186134 0.938087 
1482 684 
0.56994 0.748174 0.0560516 0.296534 
1483 1090 
0.811767 0.894361 0.627346 0.745314 
1484 106 
0.272853 0.693249 0.0177666 0.694885 
1485 604 
0.547992 0.668049 0.435039 0.760643 
1486 970 
0.870847 0.774318 0.35222 0.28254 
1487 716 
0.343713 0.518113 0.315015 0.529848 
1488 100 
0.128808 0.0997879 0.204374 0.18486 
1489 622 
0.811087 0.996627 0.290682 0.438433 
1490 1362 
0.117623 0.711286 0.43519 0.135389 
1491 1523 
0.0934964 0.683381 0.07422 0.528535 
1492 1414 
0.297058 0.399382 0.218342 0.649278 
1493 607 
0.988855 0.992991 0.200035 0.30387 
1494 374 
0.656235 0.432679 0.622627 0.860609 
1495 589 
0.0189479 0.671696 0.614166 0.30963 
1496 998 
0.356107 0.427253 0.821416 0.791297 
1497 1367 
0.227587 0.884793 0.246023 0.301807 
1498 1121 
0.690046 0.598865 0.81271 0.908388 
1499 1562 
0.494632 0.897243 0.241133 0.694667 
1500 1063 
0.763972 0.350903 0.633792 0.386599 
1501 201 
0.25133 0.405547 0.883208 0.865496 
1502 1193 
0.993338 0.221603 0.14243 0.814754 
1503 1284 
0.705072 0.0423408 0.897692 0.951094 
1504 818 
0.311021 0.641141 0.943013 0.123731 
1505 1404 
0.191155 0.618363 0.446772 0.432289 
1506 173 
0.647885 0.196261 0.663933 0.281677 
1507 59 
0.875445 0.533008 0.988406 0.758653 
1508 1571 
0.703583 0.751991 0.620106 0.846012 
1509 441 
0.633005 0.551084 0.609085 0.530698 
1510 1290 
0.953233 0.841718 0.143319 0.896246 
1511 723 
0.692848 0.0874015 0.583813 0.13962 
1512 72 
0.896843 0.787505 0.715951 0.560776 
1513 72 
0.298811 0.436221 0.60219 0.287217 
1514 793 
0.000693559 0.990799 0.946865 0.6208 
1515 104 
0.513609 0.253805 0.387896 0.122694 
1516 758 
0.890074 0.0759277 0.626222 0.0333935 
1517 69 
0.591671 0.726242 0.0595754 0.175484 
1518 607 
0.579266 0.0723266 0.653367 0.295217 
1519 704 
0.722549 0.594027 0.0693233 0.324739 
1520 1258 
0.264197 0.325433 0.872043 0.211062 
1521 1643 
0.708855 0.724671 0.200037 0.0967506 
1522 410 
0.984541 0.986825 0.923293 0.610762 
1523 463 
0.895467 0.202433 0.74646 0.955042 
1524 1576 
0.612321 0.534308 0.450243 0.265688 
1525 805 
0.0833457 0.988237 0.423552 0.152669 
1526 412 
0.304795 0.416866 0.638409 0.176838 
1527 372 
0.584641 0.885693 0.352598 0.784678 
1528 353 
0.199963 0.769219 0.969269 0.123256 
1529 1509 
0.989487 0.0187226 0.582414 0.735947 
1530 800 
0.960331 0.348268 0.508072 0.410574 
1531 1031 
0.337597 0.49392 0.602193 0.761148 
1532 572 
0.915169 0.0659436 0.0634547 0.553577 
1533 831 
0.691382 0.138218 0.128475 0.0439803 
1534 608 
0.110919 0.243943 0.692115 0.0801876 
1535 1221 
0.0720964 0.0696745 0.385922 0.654511 
1536 580 
0.359687 0.614841 0.153889 0.867759 
1537 266 
0.767845 0.205356 0.519335 0.370037 
1538 676 
0.165923 0.285206 0.0324474 0.229378 
1539 231 
0.275229 0.92076 0.977001 0.403705 
1540 245 
0.899897 0.514624 0.208684 0.592013 
1541 1553 
0.575884 0.664109 0.664486 0.961806 
1542 655 
0.470107 0.321492 0.933461 0.623996 
1543 1240 
0.958876 0.391841 0.394607 0.478211 
1544 1649 
0.36111 0.644134 0.0470839 0.393558 
1545 500 
0.885867 0.668787 0.794273 0.862868 
1546 844 
0.759013 0.762765 0.587115 0.967697 
1547 225 
0.181927 0.543581 0.0188865 0.846413 
1548 417 
0.337506 0.31652 0.826879 0.270967 
1549 683 
0.0161297 0.229843 0.332356 0.410736 
1550 1543 
0.0942344 0.771847 0.352188 0.141318 
1551 1522 
0.225701 0.0271852 0.834191 0.0199734 
1552 1399 
0.906683 0.778987 0.652818 0.493799 
1553 999 
0.0075956 0.675725 0.290265 0.0264821 
1554 326 
0.795652 0.363988 0.838658 0.62253 
1555 1086 
0.779173 0.63866 0.864798 0.111529 
1556 954 
0.572852 0.205764 0.821243 0.92504 
1557 369 
0.986647 0.150741 0.374267 0.820838 
1558 1344 
0.264321 0.727522 0.949701 0.917139 
1559 642 
0.696385 0.924734 0.897046 0.98665 
1560 1413 
0.419184 0.782302 0.315204 0.257841 
1561 1190 
0.95016 0.0370145 0.0434924 0.814958 
1562 937 
0.0928886 0.38781 0.354308 0.914131 
1563 849 
0.70139 0.900778 0.463591 0.0756576 
1564 1356 
0.634306 0.339978 0.449138 0.584007 
1565 654 
0.670459 0.280392 0.181851 0.567504 
1566 1245 
0.133067 0.986688 0.0493444 0.448272 
1567 1039 
0.454177 0.398431 0.281544 0.497669 
1568 831 
0.430088 0.590558 0.601199 0.784396 
1569 702 
0.914049 0.485786 0.405468 0.377641 
1570 959 
0.127084 0.0119462 0.901421 0.576223 
1571 97 
0.158538 0.246681 0.876345 0.340389 
1572 1405 
0.143387 0.473456 0.800873 0.192732 
1573 1661 
0.0454025 0.646908 0.320159 0.326946 
1574 426 
0.533548 0.757034 0.735136 0.134747 
1575 991 
0.239825 0.048796 0.0272151 0.645292 
1576 872 
0.588658 0.772377 0.438383 0.49008 
1577 1274 
0.0343356 0.648618 0.595281 0.910681 
1578 1289 
0.409466 0.0540678 0.462463 0.210339 
1579 564 
0.38419 0.255742 0.893708 0.704349 
1580 492 
0.0382855 0.237897 0.339722 0.773421 
1581 461 
0.881151 0.0132459 0.42144 0.908366 
1582 885 
0.847876 0.497025 0.430915 0.286259 
1583 1353 
0.779515 0.320595 0.635722 0.374795 
1584 1120 
0.624729 0.784261 0.285343 0.087192 
1585 923 
0.532142 0.471382 0.250342 0.42585 
1586 1164 
0.83303 0.464136 0.413629 0.172752 
1587 1331 
0.786273 0.0539028 0.250803 0.207712 
1588 120 
0.909341 0.0555886 0.459294 0.340256 
1589 1183 
0.446398 0.119771 0.662442 0.0821208 
1590 230 
0.893717 0.70685 0.278827 0.17906 
1591 417 
0.273427 0.711202 0.265424 0.523769 
1592 552 
0.441156 0.356799 0.601188 0.854785 
1593 761 
0.838745 0.641057 0.583453 0.0895476 
1594 850 
0.545722 0.998889 0.904358 0.00501601 
1595 448 
0.246206 0.451414 0.458915 0.908648 
1596 702 
0.953481 0.802365 0.240385 0.232308 
1597 1669 
0.0344273 0.505735 0.692628 0.299852 
1598 1473 
0.829681 0.741008 0.386302 0.430869 
1599 301 
0.915853 0.269614 0.23685 0.499306 
1600 1545 
0.0856191 0.0450278 0.35805 0.989977 
1601 1053 
0.697195 0.236183 0.501458 0.15611 
1602 830 
0.0349935 0.109591 0.947197 0.275379 
1603 605 
0.928622 0.309806 0.847634 0.62125 
1604 279 
0.877137 0.450931 0.350665 0.26344 
1605 1524 
0.946458 0.179292 0.151413 0.183307 
1606 825 
0.510575 0.268926 0.723626 0.868625 
1607 1124 
0.77367 0.565819 0.495087 0.275128 
1608 1374 
0.639918 0.310121 0.83152 0.587115 
1609 1202 
0.173419 0.515737 0.895306 0.0210529 
1610 498 
0.504964 0.89819 0.587918 0.855629 
1611 317 
0.469717 0.802087 0.340922 0.621131 
1612 1078 
0.0195205 0.131705 0.25432 0.743146 
1613 192 
0.513224 0.516816 0.56615 0.00831031 
1614 1371 
0.288079 0.648228 0.102065 0.1196 
1615 29 
0.687565 0.293019 0.751079 0.582871 
1616 725 
0.888066 0.0878349 0.212262 0.475984 
1617 1352 
0.373892 0.945701 0.74555 0.714814 
1618 632 
0.730944 0.734335 0.698537 0.985264 
1619 815 
0.698867 0.498488 0.994297 0.265017 
1620 412 
0.786241 0.553096 0.155026 0.888306 
1621 703 
0.390369 0.575871 0.965714 0.141448 
1622 1514 
0.279786 0.0295147 0.246578 0.492048 
1623 1306 
0.190042 0.86594 0.4512 0.935592 
1624 1533 
0.0180314 0.666536 0.315089 0.716568 
1625 1334 
0.79257 0.415436 0.150288 0.786868 
1626 735 
0.657086 0.573109 0.233549 0.812112 
1627 32 
0.906245 0.202481 0.0372862 0.871959 
1628 1168 
0.196029 0.151745 0.373444 0.442607 
1629 214 
0.878943 0.632648 0.509733 0.330143 
1630 975 
0.0904877 0.348174 0.234776 0.405577 
1631 417 
0.886577 0.198147 0.480178 0.0368644 
1632 470 
0.160631 0.69395 0.558124 0.39418 
1633 248 
0.0195384 0.300424 0.708544 0.0568247 
1634 182 
0.0524733 0.252854 0.324129 0.425918 
1635 487 
0.967922 0.30486 0.328108 0.477655 
1636 1602 
0.896349 0.568143 0.983177 0.131125 
1637 1154 
0.0479192 0.0177014 0.171867 0.528097 
1638 23 
0.156882 0.688728 0.748516 0.715006 
1639 1301 
0.254579 0.734544 0.383333 0.963122 
1640 782 
0.555716 0.0155956 0.0442225 0.879844 
1641 1309 
0.739683 0.847766 0.746374 0.0677913 
1642 706 
0.381376 0.96414 0.893564 0.364553 
1643 1688 
0.867284 0.412472 0.112966 0.0391506 
1644 1355 
0.167532 0.196033 0.629298 0.916048 
1645 417 
0.712206 0.170627 0.645583 0.0955388 
1646 1328 
0.436952 0.651255 0.149345 0.481174 
1647 400 
0.590858 0.220857 0.378865 0.337232 
1648 1182 
0.704287 0.718608 0.252788 0.597851 
1649 1130 
0.348053 0.465134 0.495634 0.461019 
1650 779 
0.436203 0.628551 0.700318 0.0655015 
1651 503 
0.611356 0.777708 0.715227 0.256939 
1652 876 
0.848976 0.69389 0.524501 0.998321 
1653 1356 
0.0556007 0.58918 0.395921 0.434466 
1654 1355 
0.684569 0.138753 0.64502 0.937357 
1655 499 
0.728181 0.28541 0.201737 0.223815 
1656 1147 
0.706022 0.660018 0.374981 0.40634 
1657 833 
0.91958 0.0176958 0.503228 0.634807 
1658 730 
0.376474 0.483783 0.968525 0.900976 
1659 83 
0.143589 0.956576 0.0712844 0.53951 
1660 1645 
0.997696 0.22408 0.529795 0.642716 
1661 754 
0.266399 0.370897 0.446847 0.468136 
1662 390 
0.193277 0.174158 0.25473 0.568257 
1663 474 
0.98025 0.487837 0.598194 0.483478 
1664 1218 
0.872829 0.859952 0.606428 0.841353 
1665 1636 
0.0885326 0.984943 0.717505 0.159817 
1666 1150 
0.108547 0.157513 0.748533 0.638342 
1667 277 
0.90997 0.904741 0.171125 0.356817 
1668 379 
0.765837 0.550094 0.547036 0.0205674 
1669 1538 
0.127534 0.000817686 0.606188 0.725728 
1670 1359 
0.728833 0.598557 0.344248 0.335261 
1671 1443 
0.105176 0.423793 0.424853 0.822681 
1672 811 
0.949306 0.931228 0.741123 0.697839 
1673 1385 
0.541352 0.607809 0.474311 0.712477 
1674 708 
0.847189 0.478314 0.51472 0.394225 
1675 1420 
0.633071 0.521759 0.499699 0.239259 
1676 881 
0.983995 0.968092 0.846043 0.328243 
1677 1623 
0.285954 0.433419 0.727146 0.710806 
1678 261 
0.310756 0.660113 0.187328 0.0518794 
1679 791 
0.756898 0.593231 0.96576 0.23121 
1680 157 
0.930386 0.0783984 0.784022 0.445106 
1681 721 
0.282903 0.0781769 0.994382 0.782602 
1682 536 
0.241868 0.766597 0.285528 0.0879116 
1683 1243 
0.588881 0.373865 0.52826 0.316027 
1684 610 
0.78436 0.626783 0.744784 0.971688 
1685 1522 
0.102736 0.728586 0.271894 0.0684959 
1686 283 
0.577601 0.998882 0.0381938 0.361623 
1687 1216 
0.510817 0.644527 0.522165 0.505198 
1688 1102 
0.839601 0.747066 0.193727 0.125129 
1689 1034 
0.288567 0.71401 0.208843 0.816826 
1690 705 
0.293515 0.601186 0.65682 0.0382989 
1691 1177 
0.335483 0.141034 0.301459 0.607376 
1692 251 
0.261255 0.184977 0.208413 0.299449 
1693 353 
0.652401 0.810265 0.191128 0.174567 
1694 890 
0.618257 0.0141682 0.0625298 0.811983 
1695 543 
0.897508 0.10055 0.853308 0.106351 
1696 75 
0.883345 0.399866 0.518563 0.540165 
1697 1122 
0.0914366 0.875647 0.579199 0.392896 
1698 563 
0.788729 0.654151 0.668001 0.997142 
1699 272 
0.214602 0.649543 0.763865 0.405729 
