42 1
1 1 0 0 1 1 1 1 1 0 0 0 1 0 1 1 1 1 0 0 0 0 0 0 0 1 1 0 0 0 1 1 0 0 0 1 0 0 1 1 1 0 
0 
0.096306 0.750649 
1 
0.666104 0.275979 
2 
0.0081098 0.665648 
3 
0.471587 0.29883 
4 
0.0346065 0.428959 
5 
0.88742 0.964905 
6 
0.356669 0.806391 
7 
0.230228 0.325026 
8 
0.997547 0.802308 
9 
0.37536 0.947439 
10 
0.287064 0.261867 
11 
0.982201 0.473465 
12 
0.782924 0.503808 
13 
0.659309 0.563574 
14 
0.879253 0.759457 
15 
0.819013 0.975559 
16 
0.510106 0.485117 
17 
0.251538 0.518215 
18 
0.150765 0.723125 
19 
0.817045 0.185371 
20 
0.152085 0.704465 
21 
0.150276 0.508754 
22 
0.510856 0.380505 
23 
0.83378 0.508404 
24 
0.182812 0.209139 
25 
0.455842 0.469876 
26 
0.471006 0.438043 
27 
0.943341 0.253931 
28 
0.941851 0.602651 
29 
0.817505 0.821105 
30 
0.362108 0.636518 
31 
0.796664 0.872213 
32 
0.121634 0.0482021 
33 
0.390429 0.272399 
34 
0.771328 0.207474 
35 
0.457771 0.923412 
36 
0.911939 0.608047 
37 
0.432166 0.422795 
38 
0.988552 0.265945 
39 
0.931199 0.171364 
40 
0.475085 0.387041 
41 
0.64124 0.946091 
