53 2
1 0 0 1 1 1 1 0 1 0 1 1 1 0 0 1 1 0 0 1 1 0 0 0 0 1 1 0 0 1 1 0 0 1 0 0 1 0 1 0 0 0 0 0 1 1 1 1 0 0 1 1 0 
0 5 
0.123748 0.974825 0.891128 0.801791 
1 0 
0.789149 0.117123 0.243517 0.675476 
2 40 
0.652929 0.427508 0.439909 0.958374 
3 27 
0.432663 0.360689 0.157328 0.993393 
4 35 
0.823414 0.222902 0.147408 0.199348 
5 33 
0.955384 0.536179 0.117564 0.775483 
6 44 
0.899232 0.601994 0.941214 0.701022 
7 49 
0.730363 0.818145 0.328946 0.405839 
8 3 
0.981874 0.833347 0.548541 0.940248 
9 51 
0.981204 0.300937 0.910674 0.974597 
10 50 
0.734088 0.197499 0.62865 0.933436 
11 26 
0.584034 0.469615 0.204566 0.359517 
12 33 
0.254653 0.258749 0.698778 0.195867 
13 40 
0.784207 0.926229 0.777916 0.113152 
14 48 
0.886548 0.0950269 0.165416 0.435089 
15 42 
0.918762 0.416293 0.336212 0.829435 
16 19 
0.817453 0.563523 0.58839 0.446103 
17 46 
0.675393 0.0301364 0.966574 0.879959 
18 32 
0.0633584 0.134612 0.648402 0.762137 
19 1 
0.608173 0.546344 0.256708 0.386089 
20 39 
0.588776 0.272637 0.754523 0.754192 
21 20 
0.672954 0.124019 0.12601 0.502389 
22 35 
0.943463 0.0659126 0.1033 0.389566 
23 16 
0.778693 0.419702 0.529446 0.658652 
24 44 
0.592805 0.793264 0.457757 0.354942 
25 40 
0.0659301 0.901285 0.38045 0.452019 
26 1 
0.969226 0.724655 0.315304 0.723419 
27 26 
0.105102 0.396372 0.5564 0.231112 
28 3 
0.174575 0.964674 0.17461 0.564141 
29 45 
0.953303 0.983843 0.0569925 0.611955 
30 25 
0.649797 0.405219 0.250955 0.00473876 
31 21 
0.316886 0.906024 0.909412 0.768904 
32 51 
0.878638 0.49356 0.78211 0.602057 
33 20 
0.887212 0.998429 0.482341 0.118325 
34 36 
0.553651 0.2929 0.861865 0.728262 
35 50 
0.389411 0.681565 0.840884 0.446403 
36 43 
0.634082 0.0962004 0.69874 0.885037 
37 49 
0.227701 0.201923 0.00696318 0.137113 
38 42 
0.473768 0.0157506 0.464387 0.255878 
39 24 
0.390327 0.14309 0.616236 0.872668 
40 46 
0.513427 0.426319 0.554315 0.375291 
41 45 
0.411356 0.764702 0.836146 0.252239 
42 49 
0.129666 0.886321 0.307306 0.828406 
43 41 
0.408245 0.0561067 0.973281 0.415208 
44 29 
0.944108 0.888977 0.20897 0.408494 
45 5 
0.826777 0.798822 0.287945 0.443013 
46 1 
0.54936 0.95644 0.097809 0.103675 
47 44 
0.25239 0.515031 0.0964339 0.0885358 
48 27 
0.307539 0.218202 0.653592 0.614845 
49 52 
0.42495 0.0230904 0.102714 0.398231 
50 41 
0.295934 0.342338 0.327275 0.504904 
51 11 
0.47213 0.331681 0.549654 0.760076 
52 50 
0.221144 0.309436 0.731135 0.318953 
