79 5
1 1 1 1 1 1 0 0 0 0 1 0 0 0 1 1 1 0 1 0 0 1 1 0 0 0 1 1 1 1 0 0 1 0 0 1 1 1 0 0 0 0 1 1 1 0 1 1 1 1 1 1 1 1 0 0 0 0 1 1 0 0 0 0 0 1 0 0 1 1 1 0 0 0 0 1 1 0 1 
0 34 11 35 2 
0.258131 0.660997 0.780115 0.914149 0.641818 0.84642 0.686373 0.750952 0.59716 0.989533 0.224205 0.640362 0.453259 0.377667 0.0665896 0.507629 0.376336 0.749151 0.460107 0.145464 0.18468 0.680804 0.355419 0.803311 0.677877 0.891954 0.545174 0.457487 0.702803 0.921069 0.572357 0.960934 
1 29 64 48 12 
0.198892 0.561456 0.974836 0.796052 0.550989 0.199041 0.436414 0.00424809 0.576708 0.503004 0.511878 0.953044 0.252155 0.971984 0.098508 0.436835 0.652788 0.453927 0.240146 0.330665 0.345881 0.78532 0.788153 0.0486832 0.706389 0.36051 0.00961717 0.288456 0.712982 0.8847 0.51234 0.911874 
2 40 43 35 12 
0.14434 0.0013927 0.262926 0.647344 0.51327 0.215969 0.899499 0.485254 0.314477 0.336334 0.138043 0.768404 0.57648 0.468708 0.114285 0.3618 0.256861 0.162968 0.0681892 0.617371 0.172585 0.356645 0.330353 0.0572855 0.868985 0.242227 0.503442 0.356162 0.950153 0.500586 0.0423803 0.094493 
3 55 4 15 54 
0.521275 0.641335 0.500504 0.835753 0.977669 0.638546 0.604157 0.554149 0.107255 0.718442 0.915949 0.364115 0.88141 0.984139 0.981486 0.0539955 0.340784 0.311839 0.111281 0.209769 0.554066 0.614723 0.565931 0.504219 0.115309 0.608312 0.598712 0.617287 0.913618 0.340548 0.632537 0.434893 
4 73 22 59 62 
0.771587 0.874802 0.513702 0.878841 0.593244 0.429652 0.242956 0.474654 0.41379 0.224442 0.52865 0.754574 0.536281 0.639931 0.964343 0.0903467 0.254653 0.530274 0.594565 0.369962 0.138586 0.193277 0.987249 0.0522036 0.533825 0.619786 0.487096 0.515709 0.752826 0.757742 0.475262 0.524413 
5 23 48 53 13 
0.418616 0.64621 0.700443 0.832407 0.870653 0.229092 0.58698 0.406934 0.869023 0.551323 0.49728 0.123676 0.0815973 0.0918455 0.493638 0.220183 0.285122 0.480888 0.272387 0.818948 0.100674 0.759483 0.334657 0.8535 0.517225 0.809919 0.377913 0.149769 0.798884 0.781167 0.375558 0.2175 
6 5 4 58 61 
0.305093 0.636887 0.704963 0.174116 0.18821 0.202243 0.297792 0.269807 0.294089 0.791431 0.48999 0.579211 0.272319 0.762377 0.398159 0.372992 0.521861 0.732816 0.226493 0.0390862 0.542735 0.604405 0.188856 0.341619 0.385572 0.564413 0.559119 0.812949 0.640414 0.609025 0.110978 0.945506 
7 2 59 19 33 
0.417414 0.703929 0.312274 0.208845 0.193919 0.891485 0.481163 0.956297 0.289644 0.854156 0.478158 0.0224596 0.0806484 0.517244 0.565194 0.685054 0.706099 0.906813 0.0706256 0.270513 0.465931 0.883574 0.910926 0.0749566 0.994553 0.856433 0.320868 0.810494 0.976054 0.75499 0.828679 0.393469 
8 55 70 17 68 
0.0324374 0.0834769 0.609136 0.322081 0.937633 0.0872933 0.344541 0.0182811 0.604537 0.909735 0.703335 0.310637 0.816548 0.77396 0.581149 0.282479 0.657535 0.492076 0.357436 0.652087 0.348508 0.678304 0.462582 0.324563 0.433295 0.29126 0.718031 0.892214 0.432213 0.320345 0.545053 0.46465 
9 37 36 23 25 
0.241481 0.131272 0.359736 0.846019 0.0410073 0.0630705 0.156655 0.857555 0.837031 0.737805 0.140035 0.494566 0.22988 0.497471 0.146653 0.578389 0.175775 0.609235 0.902951 0.60907 0.900495 0.620983 0.501284 0.332708 0.941328 0.0463366 0.797358 0.345149 0.200525 0.58409 0.686604 0.442006 
10 54 17 50 51 
0.10941 0.44468 0.613924 0.946441 0.182485 0.753959 0.441007 0.412365 0.25143 0.58766 0.990754 0.427205 0.196894 0.893705 0.0362748 0.0973893 0.514688 0.537559 0.430097 0.456015 0.583895 0.227455 0.801165 0.78442 0.811545 0.487768 0.226427 0.526907 0.534108 0.514451 0.283276 0.643518 
11 53 67 2 10 
0.651159 0.0309654 0.553982 0.902589 0.618625 0.544736 0.329794 0.815519 0.438441 0.366069 0.912909 0.953129 0.903628 0.343006 0.409144 0.487523 0.570461 0.210309 0.271943 0.382006 0.698077 0.49837 0.908913 0.232185 0.0128211 0.192189 0.875703 0.971953 0.0893895 0.465662 0.113569 0.740549 
12 59 62 45 71 
0.212287 0.972932 0.930772 0.650728 0.339001 0.84368 0.603856 0.242628 0.186686 0.0130005 0.730151 0.757147 0.223309 0.00209439 0.139154 0.921386 0.500464 0.0480668 0.153572 0.513285 0.240256 0.0292748 0.485238 0.329645 0.494937 0.598807 0.0701942 0.991564 0.266359 0.713332 0.106817 0.478645 
13 72 41 17 10 
0.881269 0.73323 0.267893 0.0679553 0.74623 0.998045 0.825103 0.969539 0.000139151 0.964256 0.890926 0.500603 0.0123231 0.0444973 0.0138883 0.252579 0.0737721 0.499126 0.582224 0.568709 0.0979335 0.652418 0.560273 0.364292 0.365751 0.66709 0.842938 0.0520149 0.704679 0.972311 0.0772799 0.585948 
14 52 18 20 5 
0.343218 0.479006 0.42131 0.343357 0.443263 0.312236 0.84396 0.455586 0.356733 0.857849 0.708165 0.430505 0.356975 0.290389 0.999214 0.454909 0.942808 0.559487 0.819201 0.308558 0.226578 0.662138 0.360573 0.931257 0.634449 0.437853 0.517205 0.339989 0.783026 0.171109 0.79176 0.126245 
15 60 57 25 21 
0.525305 0.313562 0.548964 0.882038 0.171411 0.257129 0.312543 0.528386 0.547518 0.311758 0.983295 0.490325 0.871245 0.802495 0.798883 0.0978229 0.464633 0.159456 0.02908 0.0990821 0.597309 0.546285 0.439071 0.380336 0.717394 0.230831 0.50658 0.36751 0.443901 0.976182 0.460888 0.969206 
16 62 46 59 34 
0.26698 0.163788 0.989541 0.814498 0.475545 0.972836 0.304823 0.34679 0.775331 0.103706 0.444613 0.239964 0.263163 0.473693 0.339047 0.860472 0.0199786 0.778118 0.240807 0.737373 0.00894868 0.747388 0.104882 0.452849 0.723569 0.56577 0.422055 0.0133138 0.575621 0.273299 0.474469 0.842601 
17 55 12 3 4 
0.436847 0.961922 0.259423 0.212178 0.0656281 0.704036 0.452142 0.328791 0.17773 0.791189 0.189262 0.197708 0.569307 0.43007 0.935081 0.578255 0.177457 0.0399633 0.0311046 0.901027 0.605733 0.45316 0.914341 0.181354 0.726459 0.38881 0.0239557 0.163546 0.85282 0.681055 0.0761787 0.289667 
18 65 17 47 29 
0.0396379 0.953987 0.0373953 0.217367 0.745176 0.226658 0.415076 0.314483 0.656728 0.350157 0.892738 0.834185 0.39012 0.923843 0.735212 0.995853 0.377003 0.649552 0.177207 0.103462 0.0383621 0.201163 0.267008 0.891183 0.882218 0.343187 0.18085 0.525194 0.678788 0.682695 0.233799 0.718426 
19 24 8 78 66 
0.350869 0.696341 0.154579 0.701026 0.589079 0.988764 0.0911458 0.512922 0.723976 0.0869989 0.889925 0.373529 0.264206 0.993387 0.411891 0.465369 0.260395 0.303073 0.347587 0.603582 0.483923 0.872782 0.28237 0.166617 0.106581 0.000796516 0.803299 0.377775 0.93659 0.185157 0.875627 0.287459 
20 74 63 18 26 
0.0189706 0.0796312 0.9835 0.742947 0.16663 0.873426 0.116475 0.430836 0.866813 0.528366 0.896206 0.127208 0.831439 0.243793 0.73079 0.315362 0.116575 0.0131601 0.481979 0.223155 0.0139566 0.285278 0.60093 0.950547 0.470436 0.476557 0.238006 0.351934 0.506763 0.226492 0.822512 0.525734 
21 28 25 37 10 
0.679439 0.385156 0.903589 0.546251 0.913522 0.799795 0.673459 0.744961 0.0435881 0.404249 0.0603231 0.160163 0.417409 0.542302 0.383318 0.431366 0.827581 0.984249 0.381912 0.298017 0.460806 0.619919 0.649951 0.967569 0.84641 0.472463 0.493303 0.152533 0.278476 0.761984 0.625286 0.957915 
22 25 45 41 8 
0.32867 0.177625 0.805623 0.372258 0.581874 0.865946 0.532421 0.999283 0.408249 0.91574 0.430649 0.235829 0.899988 0.812561 0.533846 0.360794 0.43248 0.183797 0.328363 0.27889 0.656261 0.821666 0.431423 0.934737 0.58365 0.0567094 0.892652 0.73079 0.585584 0.396818 0.791451 0.914255 
23 58 30 55 68 
0.463021 0.818934 0.1556 0.871269 0.734673 0.586249 0.107098 0.634662 0.39881 0.640945 0.995456 0.83129 0.824742 0.323818 0.11018 0.481002 0.145484 0.541603 0.415739 0.729134 0.598313 0.308391 0.459924 0.183897 0.705209 0.251375 0.0981519 0.279651 0.848449 0.384665 0.435968 0.31147 
24 38 35 13 40 
0.177817 0.289837 0.572934 0.576627 0.930782 0.568389 0.407917 0.755524 0.892208 0.518097 0.236526 0.037692 0.0597002 0.652266 0.766826 0.658013 0.960657 0.22675 0.84191 0.665865 0.478125 0.940062 0.945517 0.326574 0.324727 0.381485 0.638044 0.528326 0.973053 0.820783 0.466598 0.15087 
25 21 23 67 35 
0.60792 0.135414 0.796926 0.500128 0.65351 0.0334527 0.53782 0.713211 0.685718 0.304646 0.371224 0.646375 0.531396 0.213134 0.31224 0.00952071 0.153196 0.257757 0.336095 0.477923 0.639242 0.974139 0.00624884 0.612295 0.794922 0.472846 0.763165 0.905543 0.512378 0.490662 0.946945 0.120298 
26 46 14 55 71 
0.777325 0.158246 0.992796 0.463043 0.462892 0.36402 0.109418 0.994288 0.577154 0.421658 0.0038088 0.73035 0.679415 0.339904 0.208274 0.318657 0.314043 0.214523 0.930951 0.108965 0.687369 0.694116 0.014508 0.199747 0.184778 0.961453 0.320045 0.810853 0.705325 0.940471 0.0904392 0.48265 
27 48 41 52 29 
0.447255 0.0551106 0.555897 0.0244096 0.476769 0.559706 0.75476 0.156184 0.89961 0.963034 0.47484 0.213653 0.177556 0.405792 0.322618 0.864925 0.0999082 0.337126 0.0646719 0.284686 0.298579 0.384717 0.0955398 0.00390431 0.325187 0.185979 0.486554 0.423904 0.269214 0.432247 0.985514 0.71647 
28 31 22 0 32 
0.12031 0.000726486 0.458673 0.59515 0.214379 0.636229 0.000942052 0.536997 0.501155 0.10085 0.874123 0.565826 0.385537 0.172702 0.950543 0.481076 0.176606 0.27573 0.667055 0.66316 0.699635 0.93627 0.0954068 0.685148 0.65274 0.582764 0.226559 0.393619 0.54689 0.327676 0.889259 0.6672 
29 66 50 64 13 
0.984161 0.263292 0.0797782 0.485316 0.364143 0.953901 0.0511419 0.749679 0.126602 0.00168491 0.230756 0.303208 0.277415 0.897811 0.966368 0.97705 0.834081 0.0617751 0.662198 0.48682 0.644539 0.888757 0.880439 0.19143 0.216433 0.769698 0.85863 0.544835 0.11763 0.12098 0.0876168 0.101791 
30 75 69 64 54 
0.121296 0.638248 0.498094 0.247898 0.639933 0.72885 0.551106 0.917349 0.626661 0.517474 0.894399 0.460741 0.57925 0.556597 0.947562 0.223789 0.445355 0.828001 0.415218 0.661788 0.597699 0.273848 0.206623 0.715329 0.394828 0.29424 0.81712 0.779101 0.461635 0.404226 0.527516 0.58293 
31 12 74 61 77 
0.75446 0.381935 0.599756 0.38112 0.899409 0.494155 0.841861 0.478659 0.0507521 0.789423 0.702448 0.496107 0.617424 0.117666 0.157894 0.215123 0.391514 0.364518 0.930452 0.786342 0.658757 0.747571 0.565443 0.120392 0.151797 0.0929587 0.703323 0.194272 0.118569 0.534151 0.876679 0.873028 
32 10 0 5 9 
0.970591 0.0960099 0.294154 0.0213428 0.885433 0.996601 0.517449 0.502857 0.114267 0.675344 0.71798 0.505782 0.0398613 0.648432 0.292124 0.698619 0.396003 0.857567 0.819011 0.5478 0.950526 0.522334 0.742072 0.0690944 0.0564849 0.618752 0.942123 0.972571 0.0951874 0.196271 0.788066 0.0657781 
33 60 71 49 35 
0.0788207 0.60457 0.680571 0.193088 0.279914 0.39855 0.69887 0.319775 0.0469819 0.990994 0.0183941 0.442985 0.848561 0.837405 0.990785 0.799087 0.359739 0.732857 0.868181 0.416224 0.351609 0.810304 0.388794 0.446796 0.00657458 0.17686 0.512574 0.298855 0.259079 0.599695 0.476569 0.3379 
34 61 40 69 47 
0.55569 0.229858 0.803955 0.602672 0.220851 0.822349 0.045657 0.069412 0.659755 0.0364421 0.868499 0.0194934 0.769299 0.73668 0.435717 0.120908 0.546983 0.824511 0.567705 0.553558 0.00137136 0.080279 0.852413 0.260451 0.679974 0.328983 0.598351 0.88424 0.486122 0.129339 0.36842 0.0418127 
35 52 66 65 57 
0.994725 0.690142 0.64946 0.654479 0.726584 0.517958 0.673973 0.495883 0.254638 0.10969 0.616792 0.801621 0.934201 0.184496 0.355179 0.935572 0.264775 0.207593 0.196023 0.94475 0.536575 0.794374 0.82899 0.0226975 0.923713 0.19741 0.0645101 0.282909 0.369785 0.708995 0.862957 0.36451 
36 1 75 18 8 
0.0303749 0.692962 0.621604 0.285013 0.802651 0.238396 0.0866342 0.736852 0.422892 0.441813 0.672425 0.687667 0.649406 0.868448 0.632417 0.185981 0.662822 0.461407 0.208678 0.586534 0.658817 0.273189 0.869444 0.0286017 0.982184 0.7324 0.393111 0.38132 0.244817 0.4121 0.507041 0.275192 
37 26 42 52 39 
0.367041 0.646839 0.644566 0.789934 0.0886523 0.31699 0.477601 0.738058 0.185438 0.110018 0.924039 0.84826 0.571425 0.132718 0.434794 0.230242 0.405906 0.304238 0.258844 0.38809 0.0366381 0.651955 0.76941 0.281455 0.0640553 0.276452 0.556647 0.169117 0.405097 0.116851 0.0768306 0.772138 
38 7 12 26 48 
0.0383866 0.039673 0.590401 0.223825 0.149691 0.51444 0.0720846 0.721116 0.647158 0.506879 0.951358 0.0530641 0.811117 0.210202 0.441154 0.847755 0.862157 0.210565 0.12921 0.926212 0.487016 0.685856 0.0953292 0.892113 0.802708 0.17216 0.664252 0.566398 0.893556 0.226324 0.41874 0.931943 
39 19 78 69 75 
0.227852 0.136804 0.170739 0.734731 0.0881626 0.223803 0.545847 0.298364 0.664957 0.393602 0.160521 0.875522 0.522812 0.0867327 0.362538 0.208668 0.182062 0.254651 0.0113758 0.354222 0.918903 0.577774 0.247778 0.145227 0.996514 0.179721 0.411224 0.00565507 0.335488 0.826912 0.529236 0.56334 
40 33 50 7 61 
0.843918 0.350243 0.588735 0.237521 0.510764 0.464257 0.760332 0.597497 0.826795 0.969001 0.779559 0.0814461 0.980376 0.133781 0.000349401 0.55815 0.381559 0.145577 0.554664 0.561279 0.556801 0.560319 0.896767 0.383713 0.0895552 0.460107 0.34743 0.78953 0.758178 0.399309 0.713308 0.602096 
41 6 42 75 30 
0.7663 0.599949 0.857814 0.593094 0.56895 0.637373 0.674541 0.549326 0.771153 0.67489 0.107476 0.152712 0.820467 0.66214 0.713991 0.377267 0.222459 0.610758 0.76098 0.312014 0.0708649 0.10841 0.101544 0.829043 0.507719 0.814852 0.431139 0.257271 0.116896 0.270756 0.517587 0.883195 
42 55 66 24 26 
0.0127734 0.15083 0.98898 0.783927 0.82572 0.0964558 0.936639 0.646187 0.758596 0.650629 0.023454 0.981055 0.261387 0.784434 0.293069 0.332252 0.892844 0.394613 0.161295 0.400563 0.209465 0.592434 0.657834 0.326361 0.863189 0.175421 0.209556 0.733894 0.550822 0.685846 0.173548 0.563595 
43 36 33 21 19 
0.258984 0.284161 0.308583 0.0175792 0.93479 0.332037 0.998634 0.196177 0.116471 0.291702 0.52843 0.00931544 0.686315 0.689725 0.409878 0.895781 0.282158 0.0677118 0.222142 0.145348 0.243133 0.431698 0.879241 0.793955 0.117544 0.0527893 0.35755 0.95422 0.215317 0.705072 0.616616 0.474301 
44 26 32 54 75 
0.257236 0.490514 0.1202 0.373707 0.782216 0.648629 0.383023 0.468531 0.338354 0.792901 0.364312 0.620512 0.860613 0.586454 0.76586 0.103746 0.0181518 0.645101 0.8977 0.135696 0.697891 0.25525 0.0899154 0.913208 0.960322 0.706532 0.387508 0.949554 0.631731 0.879388 0.873576 0.888967 
45 25 22 3 2 
0.642406 0.645697 0.620649 0.98076 0.438598 0.984962 0.601272 0.299211 0.571416 0.367132 0.402956 0.589567 0.0122334 0.300657 0.725263 0.710124 0.555906 0.815178 0.623332 0.516228 0.52171 0.0108404 0.465782 0.15344 0.890229 0.339359 0.0424072 0.260131 0.333135 0.305081 0.412249 0.975541 
46 24 34 64 28 
0.0178595 0.557572 0.688587 0.589275 0.924704 0.0915431 0.178842 0.936937 0.3922 0.904105 0.647062 0.948106 0.719283 0.270394 0.464334 0.240993 0.281234 0.930117 0.394434 0.171463 0.269475 0.436841 0.431593 0.60261 0.741922 0.843842 0.578151 0.6927 0.87674 0.534451 0.0820762 0.894599 
47 15 54 66 61 
0.862206 0.662717 0.953665 0.254406 0.566822 0.600726 0.202512 0.286105 0.87112 0.666846 0.527099 0.152354 0.596963 0.921532 0.323816 0.866438 0.358373 0.75541 0.469048 0.100295 0.599251 0.0471987 0.792995 0.475991 0.58165 0.875072 0.37059 0.673673 0.645735 0.854465 0.6904 0.507941 
48 24 44 25 78 
0.244791 0.964858 0.370109 0.115911 0.631704 0.897208 0.268264 0.228667 0.81874 0.592081 0.0951048 0.177113 0.34749 0.564153 0.277408 0.946742 0.611351 0.0704035 0.422733 0.193001 0.945475 0.793323 0.866674 0.59121 0.647788 0.557074 0.0991505 0.16497 0.201138 0.861497 0.248973 0.445929 
49 60 8 51 22 
0.51629 0.830104 0.686726 0.33503 0.422185 0.781831 0.512142 0.769675 0.345984 0.789551 0.716417 0.957336 0.859954 0.13915 0.150337 0.805429 0.932473 0.0170104 0.396639 0.580261 0.574084 0.49579 0.745231 0.775222 0.357287 0.994205 0.221151 0.183642 0.613287 0.782991 0.641701 0.129577 
50 60 78 17 12 
0.110259 0.976749 0.804954 0.456243 0.766299 0.521371 0.413579 0.626254 0.66052 0.563916 0.431683 0.592994 0.580926 0.828322 0.173255 0.15501 0.324112 0.918486 0.930232 0.681398 0.912691 0.151384 0.86504 0.525978 0.934374 0.506742 0.655555 0.547469 0.83517 0.120161 0.582748 0.945429 
51 13 69 2 18 
0.909073 0.815251 0.489463 0.569594 0.379167 0.921146 0.162587 0.960093 0.749468 0.335842 0.115103 0.0735799 0.254328 0.0453355 0.754978 0.167019 0.196719 0.620019 0.692997 0.131093 0.126761 0.348552 0.678563 0.961931 0.468713 0.261311 0.90736 0.565623 0.649013 0.309032 0.428832 0.558087 
52 68 57 28 70 
0.839441 0.290268 0.463543 0.58891 0.62611 0.578646 0.662489 0.880438 0.623982 0.417468 0.0474577 0.820701 0.0374867 0.740455 0.951794 0.164247 0.0890068 0.630357 0.126178 0.55772 0.891668 0.0335375 0.123343 0.540681 0.34257 0.552175 0.0987681 0.466853 0.470471 0.226449 0.970303 0.309912 
53 30 45 69 36 
0.012493 0.561311 0.0232647 0.636475 0.978779 0.0707224 0.457176 0.0162656 0.811177 0.40897 0.180513 0.900184 0.0393274 0.306691 0.457904 0.930995 0.340228 0.581247 0.471677 0.682798 0.133422 0.570445 0.149651 0.603893 0.796893 0.119954 0.913805 0.31361 0.553801 0.812626 0.456436 0.566294 
54 73 24 71 33 
0.550423 0.659944 0.368982 0.3616 0.0689146 0.549495 0.261784 0.108242 0.856186 0.719688 0.0392373 0.196414 0.300935 0.510914 0.879212 0.434357 0.0813588 0.0288629 0.0382495 0.878252 0.148817 0.952054 0.191862 0.702618 0.76468 0.648297 0.268911 0.138618 0.127998 0.471679 0.491334 0.678421 
55 28 41 8 75 
0.409811 0.301805 0.30878 0.265996 0.0214935 0.348018 0.462411 0.322428 0.858932 0.341623 0.756785 0.94029 0.370486 0.795035 0.818543 0.519303 0.747089 0.0104042 0.22192 0.511769 0.658702 0.490831 0.650387 0.7867 0.962511 0.141721 0.46512 0.0941343 0.00203689 0.505141 0.294673 0.411848 
56 11 24 45 8 
0.140255 0.150868 0.810403 0.481877 0.907654 0.750693 0.852363 0.702689 0.569236 0.371665 0.449778 0.57964 0.593585 0.961547 0.238341 0.0844166 0.611934 0.0250409 0.0469272 0.753655 0.490161 0.141062 0.755692 0.995303 0.435734 0.16754 0.802249 0.0391873 0.845384 0.630689 0.990658 0.985638 
57 49 41 63 12 
0.551754 0.319879 0.3919 0.120989 0.691544 0.841678 0.700629 0.285129 0.803225 0.93897 0.369546 0.41516 0.964011 0.416473 0.168815 0.454172 0.557535 0.924508 0.449475 0.993269 0.0920474 0.251724 0.0324563 0.937431 0.882413 0.0231143 0.92307 0.663971 0.824175 0.390585 0.353182 0.375928 
58 70 36 12 60 
0.197546 0.687137 0.389986 0.136516 0.0566834 0.805146 0.100527 0.473157 0.973961 0.5547 0.0306915 0.898468 0.00417435 0.0239605 0.990516 0.255898 0.0564167 0.927947 0.138312 0.079531 0.851017 0.802282 0.903706 0.241602 0.155465 0.279634 0.952066 0.900547 0.776552 0.354074 0.487308 0.974098 
59 23 78 56 3 
0.68244 0.211142 0.571052 0.656401 0.765841 0.601743 0.554869 0.770016 0.625704 0.545385 0.0259142 0.682121 0.473332 0.164226 0.761652 0.324349 0.966508 0.665357 0.565951 0.121973 0.944992 0.518018 0.0225202 0.721544 0.872092 0.509828 0.695642 0.913304 0.387122 0.806257 0.0111991 0.069562 
60 5 76 48 44 
0.183994 0.280832 0.553256 0.809698 0.826216 0.57917 0.491819 0.299548 0.743396 0.25347 0.623897 0.709904 0.918828 0.189849 0.831877 0.863819 0.707866 0.854397 0.585363 0.579958 0.364225 0.281005 0.493262 0.751347 0.087262 0.504461 0.820909 0.104661 0.0867123 0.546872 0.887901 0.270707 
61 6 5 48 26 
0.0203269 0.572223 0.953468 0.763723 0.825693 0.577365 0.473627 0.744521 0.767214 0.305503 0.60834 0.47508 0.1599 0.193704 0.0550386 0.524125 0.474709 0.548301 0.275473 0.561971 0.0527622 0.0963821 0.666632 0.139475 0.643254 0.554533 0.410181 0.470957 0.995689 0.490586 0.124877 0.0160162 
62 35 17 54 3 
0.655711 0.253366 0.633023 0.422925 0.558869 0.241364 0.898005 0.718769 0.435067 0.953043 0.242894 0.909776 0.501344 0.518367 0.471747 0.554107 0.614749 0.138379 0.693581 0.258003 0.692911 0.103762 0.728961 0.688601 0.594348 0.853838 0.704617 0.657157 0.932184 0.484356 0.545659 0.587894 
63 49 78 17 39 
0.908824 0.0153594 0.855113 0.861867 0.258254 0.764889 0.363212 0.776621 0.236637 0.917318 0.39137 0.375015 0.610899 0.649373 0.0679269 0.714661 0.378334 0.756528 0.309009 0.232172 0.461144 0.966166 0.164356 0.9455 0.511825 0.75225 0.683222 0.690508 0.763069 0.979812 0.110554 0.671893 
64 24 60 32 59 
0.730556 0.896972 0.030046 0.967193 0.81429 0.421416 0.342208 0.42519 0.0707896 0.410135 0.139851 0.449124 0.166663 0.44886 0.681296 0.627807 0.415027 0.845652 0.573307 0.926852 0.597902 0.256529 0.61736 0.360971 0.236341 0.727914 0.032864 0.231512 0.693581 0.566624 0.484937 0.424137 
65 36 55 44 58 
0.936399 0.733538 0.703077 0.0071886 0.143673 0.842928 0.456312 0.310335 0.291788 0.137608 0.938142 0.706815 0.98326 0.51145 0.633667 0.581162 0.767979 0.251027 0.942133 0.0043193 0.97894 0.974997 0.235831 0.672521 0.541621 0.720768 0.0966578 0.00521809 0.235751 0.487987 0.283105 0.17215 
66 75 11 18 16 
0.829109 0.635651 0.675533 0.120897 0.773259 0.613675 0.827712 0.756519 0.125125 0.461378 0.337681 0.893103 0.712405 0.279814 0.897422 0.691345 0.254811 0.133254 0.363866 0.796433 0.854022 0.460524 0.801651 0.0897725 0.948511 0.0847557 0.261922 0.170036 0.0709373 0.441261 0.535233 0.900046 
67 65 68 58 10 
0.824441 0.848655 0.60669 0.949565 0.310033 0.944371 0.842668 0.022438 0.224185 0.740091 0.713783 0.478997 0.873344 0.0776498 0.275429 0.727366 0.538174 0.07708 0.817139 0.486685 0.161836 0.0790609 0.656721 0.232773 0.520322 0.191955 0.132819 0.597233 0.402721 0.153763 0.447404 0.227162 
68 21 0 10 17 
0.998465 0.0193955 0.334889 0.222651 0.759486 0.0486722 0.701647 0.632831 0.126322 0.977077 0.360197 0.664496 0.0541566 0.177336 0.151181 0.215992 0.256396 0.807903 0.448765 0.776718 0.999857 0.581585 0.373951 0.402578 0.735347 0.821355 0.62974 0.737765 0.875449 0.806467 0.0502159 0.873915 
69 47 45 1 30 
0.433777 0.798213 0.21818 0.560099 0.775289 0.578377 0.224595 0.829446 0.755713 0.375776 0.0454383 0.0121091 0.183679 0.494204 0.788827 0.183536 0.0757883 0.162778 0.586114 0.811136 0.984134 0.215854 0.548901 0.859583 0.0223214 0.599117 0.733497 0.848184 0.984222 0.830063 0.433533 0.417999 
70 60 16 0 21 
0.23009 0.202692 0.233011 0.985802 0.578468 0.278449 0.997911 0.762147 0.772653 0.786739 0.945683 0.848441 0.949517 0.531798 0.659577 0.933651 0.747652 0.208478 0.793234 0.769973 0.807595 0.526731 0.618157 0.791816 0.356794 0.0516903 0.209815 0.985069 0.703403 0.187913 0.388634 0.933493 
71 56 42 74 18 
0.900094 0.917207 0.731221 0.672747 0.703946 0.676904 0.521188 0.653463 0.208702 0.180765 0.587114 0.956354 0.389243 0.380347 0.726327 0.196838 0.907078 0.344484 0.988654 0.263872 0.396175 0.198469 0.248942 0.0995779 0.386382 0.637576 0.033071 0.776987 0.259221 0.952366 0.746061 0.159315 
72 71 69 18 43 
0.154185 0.353251 0.226982 0.362887 0.534016 0.814095 0.31924 0.923259 0.194442 0.0455672 0.120097 0.101521 0.390052 0.108751 0.365393 0.786226 0.30722 0.614335 0.885804 0.693602 0.251911 0.918875 0.470589 0.511132 0.871242 0.21665 0.670448 0.740815 0.693931 0.50251 0.314334 0.848116 
73 9 68 53 78 
0.355411 0.530243 0.313036 0.549853 0.57581 0.433133 0.651374 0.965862 0.541883 0.0167675 0.752088 0.849104 0.631103 0.637892 0.542706 0.883014 0.556767 0.0132951 0.394146 0.428009 0.229945 0.0645944 0.168824 0.923876 0.567105 0.483158 0.771992 0.422866 0.0244735 0.982994 0.812643 0.379884 
74 14 61 29 60 
0.558811 0.581112 0.0549084 0.100695 0.597879 0.806996 0.949799 0.228982 0.444888 0.492504 0.111996 0.00165528 0.505799 0.506142 0.429664 0.735744 0.570737 0.598488 0.65962 0.137842 0.0816457 0.431612 0.560708 0.106119 0.414606 0.373351 0.486003 0.927843 0.49903 0.415741 0.0168895 0.0578412 
75 48 70 1 61 
0.878794 0.108335 0.823714 0.323682 0.600839 0.935709 0.325337 0.106639 0.441852 0.755001 0.842383 0.0125882 0.353489 0.502003 0.15043 0.435135 0.933614 0.711137 0.541254 0.34822 0.0844883 0.0272577 0.276063 0.583518 0.442999 0.292952 0.641359 0.439851 0.36475 0.799895 0.034583 0.243544 
76 58 1 37 26 
0.794006 0.892563 0.615708 0.235857 0.647565 0.458091 0.248446 0.00105425 0.960093 0.398876 0.436189 0.893708 0.110013 0.977444 0.241928 0.194501 0.00470118 0.51799 0.778019 0.4477 0.810942 0.419379 0.887551 0.175692 0.219274 0.922134 0.419236 0.127504 0.78043 0.986462 0.636573 0.574436 
77 35 54 10 5 
0.710372 0.0587395 0.527645 0.670465 0.457615 0.963834 0.564173 0.567628 0.941278 0.8061 0.762129 0.945979 0.324091 0.540149 0.393679 0.135033 0.959527 0.28123 0.310725 0.178801 0.203364 0.729961 0.306305 0.983794 0.716424 0.942879 0.55823 0.595449 0.19516 0.368524 0.12204 0.905531 
78 41 25 1 44 
0.613519 0.140169 0.452507 0.554796 0.946269 0.214636 0.500775 0.27036 0.754785 0.894454 0.405393 0.714312 0.175683 0.716118 0.893113 0.379047 0.446079 0.199419 0.362841 0.162503 0.142298 0.921071 0.757952 0.337457 0.289595 0.879992 0.242989 0.716859 0.529677 0.818985 0.601738 0.143195 
