90 5
0 0 1 1 1 1 1 1 1 1 0 1 1 0 1 1 0 1 1 1 0 1 1 0 0 0 0 0 1 1 1 0 1 1 0 1 1 0 1 0 1 1 0 1 0 0 1 1 0 1 0 0 1 0 1 0 0 0 0 0 0 0 0 0 0 1 0 0 1 1 1 1 1 0 1 0 0 0 0 1 0 1 0 1 1 0 0 0 1 1 
0 74 24 67 49 
0.0550205 0.0518263 0.824292 0.152196 0.130672 0.175802 0.619852 0.402235 0.730058 0.0465332 0.437001 0.0790893 0.0629255 0.335613 0.330353 0.624181 0.00539555 0.903491 0.439164 0.161446 0.100988 0.245262 0.98908 0.229664 0.780074 0.138463 0.281806 0.739697 0.528561 0.816912 0.764246 0.583581 
1 21 67 79 47 
0.764341 0.35563 0.401645 0.494398 0.402163 0.838646 0.573488 0.465089 0.174259 0.90384 0.0892695 0.179654 0.807331 0.528433 0.3411 0.908319 0.773695 0.33018 0.137984 0.553769 0.468643 0.419789 0.293465 0.997204 0.236701 0.0577115 0.580785 0.10544 0.64625 0.316563 0.10485 0.410591 
2 62 46 89 13 
0.34514 0.478476 0.539445 0.519399 0.382317 0.628714 0.699053 0.189648 0.157147 0.0401533 0.0979669 0.930842 0.370333 0.235951 0.48461 0.838976 0.65574 0.778076 0.83618 0.892441 0.835787 0.416965 0.997881 0.482037 0.733528 0.10273 0.892628 0.405721 0.609225 0.797617 0.480077 0.954365 
3 10 53 8 34 
0.648235 0.172817 0.848058 0.805382 0.21297 0.946025 0.736224 0.583303 0.181975 0.220834 0.422279 0.837715 0.99891 0.258459 0.730156 0.834697 0.675424 0.728037 0.316734 0.408952 0.830767 0.209362 0.814673 0.439991 0.00697888 0.29475 0.394356 0.283072 0.314271 0.86812 0.941483 0.962506 
4 59 70 35 89 
0.735566 0.504112 0.83721 0.917541 0.724946 0.259489 0.755256 0.723856 0.517948 0.485412 0.558553 0.193372 0.213449 0.875287 0.602325 0.0442158 0.0846487 0.416998 0.484207 0.0916276 0.711747 0.878563 0.3747 0.0260184 0.746683 0.316182 0.988525 0.787619 0.105723 0.756413 0.0415256 0.841289 
5 84 83 45 44 
0.514086 0.709328 0.656172 0.999498 0.267881 0.849545 0.212947 0.143167 0.451869 0.257162 0.227816 0.868867 0.74137 0.319444 0.580615 0.619933 0.694144 0.606633 0.366616 0.0103261 0.595158 0.154235 0.116049 0.351571 0.195761 0.957338 0.612096 0.0744958 0.716167 0.597568 0.21272 0.230253 
6 21 84 46 87 
0.717944 0.170307 0.699859 0.94576 0.0391737 0.441229 0.265203 0.619788 0.0611618 0.959347 0.226421 0.427777 0.969673 0.821579 0.582012 0.0857223 0.173149 0.777773 0.0430601 0.785245 0.852269 0.759227 0.382813 0.0649886 0.98948 0.689708 0.933881 0.219231 0.264485 0.652318 0.661928 0.982428 
7 1 62 60 77 
0.803016 0.193392 0.481587 0.864178 0.152739 0.708008 0.291955 0.122412 0.529587 0.873967 0.208134 0.702736 0.65174 0.251194 0.487981 0.504009 0.0104215 0.870794 0.568998 0.999902 0.560503 0.502879 0.219132 0.824987 0.155197 0.88106 0.807416 0.977821 0.242847 0.735604 0.83962 0.0458625 
8 71 19 0 15 
0.0292141 0.201995 0.204146 0.558801 0.0759624 0.41228 0.261537 0.727703 0.663474 0.749518 0.231712 0.673896 0.620312 0.800709 0.673797 0.180814 0.303588 0.89293 0.00580144 0.458784 0.773989 0.813217 0.436606 0.0168361 0.548821 0.276225 0.0626986 0.477816 0.597432 0.972739 0.55955 0.626646 
9 63 40 88 12 
0.175976 0.446983 0.978399 0.83945 0.196501 0.21011 0.513346 0.816812 0.0108196 0.187143 0.997627 0.314407 0.0800725 0.00342798 0.773192 0.854062 0.816645 0.209797 0.870898 0.365466 0.486023 0.933597 0.843282 0.0834541 0.906335 0.402832 0.7101 0.0810689 0.166528 0.895546 0.331765 0.342503 
10 24 70 48 22 
0.520274 0.695299 0.355842 0.531094 0.882442 0.353468 0.845501 0.962514 0.356896 0.618693 0.816576 0.173541 0.82849 0.687474 0.539007 0.314513 0.621071 0.382289 0.397967 0.527406 0.785121 0.108067 0.608475 0.951648 0.00361271 0.94024 0.294152 0.346142 0.250404 0.476105 0.885171 0.770678 
11 16 70 38 8 
0.594482 0.147273 0.0163596 0.951378 0.765966 0.832936 0.12492 0.594456 0.52041 0.663927 0.908969 0.141481 0.0462156 0.306936 0.668887 0.831336 0.415003 0.277362 0.782984 0.418615 0.217601 0.0771359 0.764757 0.468005 0.553241 0.649928 0.238683 0.724644 0.890942 0.540455 0.77849 0.485423 
12 35 61 60 9 
0.627785 0.561721 0.0481502 0.148195 0.225648 0.957119 0.289676 0.271863 0.264055 0.958562 0.103199 0.679058 0.235924 0.886184 0.0976729 0.453525 0.96332 0.86243 0.921531 0.51656 0.512358 0.160214 0.241205 0.4033 0.700668 0.0196943 0.888723 0.388396 0.814544 0.325524 0.84209 0.442329 
13 87 0 54 21 
0.84736 0.880199 0.384756 0.111415 0.838762 0.487956 0.790472 0.0746859 0.374139 0.888145 0.528211 0.337459 0.750575 0.449742 0.85402 0.262933 0.609955 0.0952242 0.666233 0.310624 0.114919 0.554956 0.69902 0.929462 0.88048 0.54111 0.371791 0.767725 0.431351 0.962314 0.880618 0.27871 
14 60 34 53 65 
0.75333 0.180598 0.755961 0.127469 0.0687429 0.284173 0.464928 0.819318 0.733914 0.318948 0.0822513 0.34387 0.414172 0.748484 0.654494 0.529091 0.30344 0.353514 0.458553 0.18392 0.894624 0.830343 0.951645 0.325975 0.792658 0.832263 0.604686 0.635171 0.0976376 0.994811 0.316447 0.850967 
15 18 4 35 2 
0.356581 0.443365 0.0634692 0.090495 0.762313 0.14572 0.434365 0.176486 0.894205 0.0888587 0.705576 0.197645 0.442373 0.164129 0.381565 0.336997 0.994473 0.33321 0.662972 0.78713 0.165473 0.267658 0.422302 0.263111 0.262468 0.738748 0.114078 0.437877 0.811156 0.092515 0.682028 0.167737 
16 54 28 43 47 
0.891217 0.692597 0.474679 0.785422 0.781455 0.180255 0.983067 0.223828 0.344385 0.364632 0.560825 0.338857 0.697842 0.223797 0.125988 0.863315 0.491455 0.548289 0.126426 0.753923 0.287038 0.240504 0.191799 0.0981941 0.333019 0.873827 0.265931 0.868899 0.619324 0.524163 0.167093 0.510542 
17 65 58 73 46 
0.822027 0.279031 0.222043 0.166412 0.643662 0.782868 0.505269 0.341504 0.00666507 0.631257 0.204819 0.49812 0.179546 0.331244 0.252043 0.466584 0.571748 0.443842 0.564778 0.904767 0.317669 0.830709 0.773666 0.936994 0.354872 0.940759 0.447535 0.571631 0.58253 0.743499 0.569846 0.404557 
18 32 89 88 8 
0.574757 0.0762381 0.00769583 0.581422 0.707495 0.212514 0.0795417 0.887041 0.543759 0.331584 0.353625 0.115507 0.775426 0.918403 0.0202737 0.0930956 0.749112 0.79394 0.0300892 0.103984 0.734698 0.477624 0.675615 0.317229 0.221123 0.245461 0.721786 0.243653 0.0373498 0.292755 0.909845 0.612107 
19 78 41 42 9 
0.130055 0.27307 0.963529 0.673814 0.604655 0.317154 0.789321 0.380081 0.235558 0.809594 0.473177 0.98467 0.603534 0.503266 0.0886537 0.338232 0.98089 0.764269 0.655461 0.202013 0.00972951 0.377247 0.445666 0.0470793 0.670002 0.355511 0.659186 0.038995 0.273052 0.852715 0.115483 0.403108 
20 75 69 35 27 
0.396166 0.866242 0.11052 0.631724 0.675837 0.583697 0.616394 0.279371 0.0869627 0.705047 0.617603 0.0678528 0.469316 0.273064 0.269866 0.479046 0.650311 0.715533 0.526125 0.320313 0.0710441 0.185311 0.359308 0.344096 0.0380253 0.474791 0.747204 0.16381 0.553803 0.824126 0.89425 0.949969 
21 30 61 40 10 
0.198087 0.645576 0.67543 0.903134 0.263179 0.743283 0.372451 0.536243 0.0131489 0.851496 0.186554 0.728682 0.377621 0.506867 0.799726 0.562932 0.866175 0.143822 0.600957 0.340966 0.891026 0.764767 0.894769 0.715152 0.659017 0.844739 0.40552 0.663787 0.426432 0.771725 0.252254 0.624519 
22 27 19 33 53 
0.670967 0.900104 0.216723 0.684116 0.7516 0.403277 0.412797 0.129221 0.910145 0.212523 0.692153 0.77632 0.356345 0.29311 0.117286 0.247371 0.0578769 0.0120553 0.962523 0.716894 0.856794 0.368043 0.380681 0.283226 0.139768 0.632935 0.907745 0.557069 0.560619 0.435399 0.237548 0.231586 
23 46 10 5 66 
0.857548 0.328499 0.216324 0.767693 0.541022 0.908477 0.544013 0.897367 0.201587 0.661299 0.144739 0.259464 0.673354 0.107262 0.976358 0.530148 0.475305 0.357039 0.813374 0.615073 0.989974 0.721119 0.172142 0.550593 0.156518 0.40969 0.782179 0.492021 0.863961 0.697881 0.579124 0.72151 
24 75 21 17 74 
0.703926 0.0332156 0.46477 0.905513 0.694515 0.609509 0.164976 0.367869 0.716771 0.141334 0.898017 0.192076 0.498373 0.711391 0.80715 0.488346 0.43251 0.979292 0.0389393 0.589028 0.388982 0.821118 0.0810492 0.252943 0.518999 0.660173 0.974453 0.54538 0.455622 0.463655 0.112782 0.159548 
25 68 56 24 45 
0.187061 0.230037 0.559254 0.903832 0.371371 0.457271 0.095908 0.869743 0.168662 0.903058 0.358089 0.601172 0.882349 0.397029 0.1902 0.271331 0.218147 0.27125 0.524274 0.737147 0.931423 0.498727 0.282526 0.387045 0.962383 0.395308 0.546593 0.459254 0.97286 0.611653 0.650639 0.159921 
26 9 14 48 50 
0.667165 0.15966 0.0828034 0.835827 0.062718 0.440893 0.436999 0.945067 0.837922 0.627199 0.216399 0.0560689 0.898449 0.740673 0.793215 0.829872 0.2394 0.0757416 0.216917 0.201783 0.47105 0.76351 0.661036 0.44391 0.375163 0.311676 0.60383 0.216852 0.521569 0.667582 0.429912 0.188733 
27 80 53 16 79 
0.461559 0.835028 0.79153 0.088758 0.0514268 0.847599 0.987207 0.7921 0.640815 0.817079 0.0315002 0.716556 0.0339957 0.233283 0.187606 0.797505 0.894319 0.631516 0.172668 0.205995 0.235346 0.38952 0.727564 0.902928 0.819433 0.916297 0.730171 0.332148 0.940857 0.620132 0.285757 0.402416 
28 31 6 18 40 
0.924886 0.478381 0.298686 0.565701 0.29546 0.330187 0.282257 0.329455 0.56347 0.469863 0.126961 0.457789 0.101379 0.299629 0.663784 0.336725 0.689149 0.391348 0.239653 0.508581 0.307645 0.969824 0.84073 0.248502 0.589956 0.126487 0.650919 0.0451157 0.203774 0.142093 0.551702 0.12866 
29 9 46 64 71 
0.180575 0.976619 0.245389 0.744045 0.446483 0.37235 0.201834 0.547862 0.671978 0.865618 0.884587 0.361127 0.256966 0.12424 0.869708 0.564611 0.0940647 0.710438 0.813114 0.684021 0.836925 0.464032 0.729136 0.0406985 0.606125 0.280839 0.169359 0.226599 0.131227 0.863721 0.142532 0.311803 
30 61 80 28 18 
0.760271 0.257682 0.834684 0.43225 0.1233 0.719271 0.793377 0.380266 0.843511 0.663085 0.944877 0.937576 0.373523 0.757991 0.621596 0.210447 0.222023 0.350733 0.251146 0.828148 0.631572 0.420505 0.054747 0.762799 0.284226 0.197279 0.0746016 0.124565 0.585201 0.130449 0.411387 0.345472 
31 6 1 34 66 
0.965342 0.571098 0.891697 0.808853 0.234183 0.836574 0.746428 0.607706 0.594565 0.368025 0.818154 0.816588 0.718758 0.0692996 0.644737 0.350329 0.489805 0.699484 0.113128 0.77403 0.896763 0.18773 0.898595 0.481964 0.318179 0.309983 0.827436 0.70631 0.556054 0.605158 0.217742 0.521395 
32 71 42 24 69 
0.946013 0.0766765 0.0181451 0.540579 0.444701 0.836299 0.357167 0.163459 0.905598 0.00190338 0.513789 0.395403 0.701387 0.626917 0.169433 0.59815 0.814647 0.0680284 0.0801137 0.132826 0.378011 0.90755 0.839136 0.934065 0.512707 0.0568777 0.45546 0.688963 0.166316 0.785708 0.0994024 0.11233 
33 82 79 39 7 
0.010075 0.470545 0.859445 0.0119784 0.984334 0.254847 0.713365 0.611251 0.424281 0.311515 0.425897 0.492309 0.391629 0.558723 0.87032 0.299179 0.397859 0.804385 0.811886 0.454737 0.259845 0.500849 0.621053 0.0455534 0.600252 0.733383 0.907938 0.717799 0.386291 0.215024 0.671646 0.396366 
34 41 7 8 12 
0.785938 0.12171 0.281154 0.210218 0.433225 0.707051 0.702527 0.824854 0.265775 0.572847 0.124032 0.663634 0.377232 0.935918 0.118371 0.637077 0.436768 0.739424 0.682631 0.0370196 0.472807 0.590569 0.754819 0.859098 0.805593 0.426465 0.255464 0.491163 0.957555 0.663809 0.161066 0.743492 
35 7 70 58 42 
0.656238 0.0435975 0.415047 0.229085 0.16763 0.0786804 0.606317 0.103548 0.197051 0.243394 0.540316 0.936475 0.926025 0.577336 0.409283 0.516594 0.332155 0.268381 0.322187 0.758619 0.523845 0.81335 0.716174 0.187654 0.974416 0.459667 0.973173 0.416637 0.413377 0.191917 0.565909 0.0696151 
36 78 25 74 17 
0.0596355 0.905017 0.506693 0.256687 0.148411 0.0470087 0.193162 0.0744362 0.624344 0.602445 0.59103 0.956499 0.870826 0.913217 0.715119 0.394671 0.726566 0.431293 0.582325 0.700982 0.890959 0.555499 0.117619 0.304337 0.747416 0.683528 0.373952 0.98293 0.664483 0.672652 0.386074 0.724118 
37 23 71 82 61 
0.939776 0.173967 0.800517 0.56412 0.776412 0.391546 0.520619 0.647237 0.304763 0.235738 0.0419083 0.0313292 0.667031 0.624234 0.732312 0.55799 0.179732 0.849931 0.862327 0.927148 0.533458 0.236279 0.910078 0.197941 0.908931 0.296153 0.922059 0.4866 0.18892 0.902864 0.21268 0.128695 
38 84 75 31 65 
0.404744 0.213435 0.50048 0.709507 0.449173 0.542389 0.740836 0.116204 0.166623 0.473147 0.674194 0.346355 0.323078 0.536522 0.273503 0.856536 0.772801 0.183581 0.054477 0.681731 0.479734 0.976536 0.168331 0.668653 0.879401 0.381012 0.797348 0.956232 0.394209 0.490164 0.809475 0.798952 
39 12 59 66 0 
0.852345 0.249295 0.268976 0.0189671 0.722442 0.94317 0.365322 0.0455196 0.479692 0.638825 0.902056 0.252492 0.822406 0.956533 0.934224 0.302139 0.933069 0.102555 0.970793 0.81247 0.483567 0.768141 0.768702 0.877776 0.258305 0.578177 0.676728 0.961903 0.888133 0.185187 0.114675 0.740477 
40 72 3 86 8 
0.326821 0.124766 0.202443 0.806513 0.763591 0.104499 0.0590053 0.585997 0.0610314 0.993229 0.888136 0.9941 0.0957841 0.858929 0.80657 0.579351 0.62707 0.575272 0.457127 0.885375 0.153449 0.133855 0.847278 0.0415812 0.319042 0.961953 0.782058 0.753524 0.345604 0.541503 0.910448 0.672425 
41 65 51 33 27 
0.21739 0.537944 0.0158569 0.278421 0.531173 0.903993 0.272522 0.626957 0.762922 0.0790916 0.206307 0.389992 0.654363 0.663434 0.275367 0.807812 0.797289 0.122645 0.849393 0.116331 0.0845977 0.631451 0.869855 0.430202 0.172954 0.780303 0.102627 0.839223 0.893194 0.581565 0.269083 0.110583 
42 52 18 44 47 
0.188933 0.661526 0.277638 0.951855 0.740618 0.483945 0.341848 0.394981 0.14738 0.617214 0.202793 0.944669 0.739859 0.0521859 0.0609998 0.824457 0.683637 0.930855 0.254659 0.856591 0.711158 0.357286 0.695814 0.604351 0.938851 0.964897 0.714935 0.0583598 0.249836 0.10394 0.709041 0.438769 
43 67 30 34 22 
0.470625 0.732472 0.901065 0.618004 0.349687 0.103858 0.562673 0.0895454 0.156044 0.623673 0.914002 0.839681 0.554528 0.168661 0.696273 0.265685 0.525946 0.392087 0.870037 0.464797 0.356984 0.584972 0.523157 0.60682 0.688911 0.232198 0.0455894 0.454377 0.218877 0.436214 0.960461 0.689502 
44 55 66 45 2 
0.965384 0.870179 0.607918 0.121428 0.493852 0.52192 0.961109 0.0483797 0.690581 0.657382 0.314065 0.216527 0.0494689 0.184102 0.681324 0.406453 0.769074 0.204481 0.0132726 0.457985 0.43668 0.058862 0.912362 0.655557 0.495076 0.872824 0.345059 0.663763 0.73435 0.652566 0.182135 0.699734 
45 68 13 26 36 
0.311974 0.782272 0.0649764 0.00255516 0.439654 0.379041 0.219082 0.489123 0.563143 0.900407 0.895575 0.332217 0.104888 0.908848 0.790202 0.541568 0.96771 0.702564 0.197125 0.462786 0.575388 0.542184 0.126548 0.309737 0.19475 0.308684 0.00947147 0.717495 0.0987376 0.830634 0.734091 0.410712 
46 6 60 40 56 
0.632349 0.541682 0.741253 0.532756 0.437257 0.0734695 0.637644 0.346105 0.863671 0.179212 0.313815 0.566235 0.376338 0.776601 0.141623 0.918522 0.903149 0.451361 0.113272 0.211833 0.460832 0.830767 0.310571 0.291466 0.564858 0.721283 0.904371 0.363926 0.134549 0.95693 0.542035 0.766899 
47 38 54 50 13 
0.356757 0.937299 0.281975 0.220428 0.116512 0.595789 0.786664 0.492849 0.37239 0.928287 0.411371 0.27554 0.379647 0.524643 0.487373 0.840479 0.35541 0.797944 0.131945 0.920268 0.519226 0.036316 0.284193 0.653776 0.993246 0.826228 0.420674 0.491859 0.109516 0.720329 0.427728 0.466273 
48 70 30 28 73 
0.305492 0.473364 0.26699 0.677883 0.401651 0.678361 0.953422 0.781299 0.203005 0.440795 0.621778 0.558414 0.238739 0.753723 0.478682 0.757965 0.790039 0.762875 0.411741 0.783285 0.589104 0.832415 0.275144 0.698619 0.552745 0.702872 0.164892 0.210374 0.412575 0.851593 0.984514 0.718067 
49 44 58 59 42 
0.929865 0.349372 0.507907 0.13287 0.790168 0.129685 0.691284 0.0289066 0.883407 0.169967 0.786872 0.673446 0.932842 0.198613 0.456731 0.521946 0.0310284 0.731875 0.220565 0.583773 0.434747 0.385457 0.794147 0.847322 0.237049 0.778661 0.565389 0.562007 0.0301651 0.961339 0.288615 0.960031 
50 44 33 61 57 
0.926206 0.784185 0.129785 0.809614 0.954152 0.916657 0.48306 0.886994 0.11527 0.939791 0.408939 0.146298 0.671666 0.629504 0.730072 0.106413 0.0149608 0.524218 0.953734 0.25201 0.302879 0.519123 0.814017 0.333045 0.480462 0.102632 0.293075 0.791173 0.899154 0.385976 0.892051 0.82536 
51 55 84 88 59 
0.938493 0.118034 0.0113061 0.053763 0.0578245 0.420245 0.200061 0.72949 0.0497494 0.930133 0.835903 0.0647102 0.454351 0.789637 0.31672 0.757231 0.30876 0.130737 0.0902752 0.789222 0.233369 0.38335 0.580394 0.132522 0.769326 0.472445 0.957882 0.939487 0.494281 0.592856 0.0637993 0.432774 
52 8 47 67 50 
0.686599 0.498205 0.5451 0.616732 0.334107 0.60981 0.0710829 0.123744 0.926531 0.828314 0.432504 0.0572678 0.918589 0.221726 0.290637 0.301939 0.80212 0.423159 0.0712649 0.274565 0.381042 0.0107516 0.768846 0.973898 0.0745509 0.201621 0.684788 0.149656 0.688158 0.453502 0.645007 0.374757 
53 14 76 34 56 
0.0625716 0.409559 0.726448 0.890885 0.842063 0.783716 0.809474 0.0637888 0.0743523 0.111413 0.865909 0.497511 0.182678 0.140474 0.878553 0.193429 0.90932 0.852451 0.26798 0.110941 0.537238 0.417636 0.799099 0.990741 0.0626434 0.173856 0.942447 0.25275 0.165345 0.228262 0.0526676 0.227917 
54 6 74 15 78 
0.562831 0.928276 0.543672 0.637183 0.0396885 0.409581 0.134695 0.222366 0.550055 0.0132476 0.415795 0.459375 0.865698 0.683776 0.570316 0.402937 0.101412 0.369415 0.393677 0.164055 0.543272 0.336125 0.416806 0.708617 0.564386 0.469473 0.936534 0.202207 0.248589 0.0553355 0.68209 0.81142 
55 23 71 1 46 
0.583298 0.245666 0.185399 0.596546 0.661461 0.644774 0.462244 0.345237 0.21509 0.865181 0.446649 0.584505 0.258858 0.610704 0.127777 0.594982 0.0275102 0.836394 0.159369 0.496984 0.772927 0.361576 0.745573 0.828263 0.0436662 0.556993 0.811874 0.269429 0.00559623 0.835174 0.904773 0.588895 
56 37 84 60 39 
0.734946 0.647685 0.0875382 0.950036 0.512865 0.534187 0.534541 0.771723 0.144892 0.662318 0.366706 0.172402 0.498711 0.526074 0.669385 0.271639 0.88765 0.414958 0.0999016 0.931316 0.971951 0.911776 0.200745 0.977547 0.74695 0.105518 0.566441 0.827789 0.19569 0.751882 0.570091 0.930636 
57 86 20 44 63 
0.191816 0.415213 0.684155 0.336708 0.0775303 0.0508605 0.509109 0.576242 0.576935 0.178495 0.84788 0.464585 0.593453 0.947782 0.395901 0.565403 0.859558 0.596647 0.54295 0.606507 0.702165 0.109392 0.434297 0.897856 0.861274 0.00438746 0.828492 0.26084 0.662016 0.709164 0.173272 0.853832 
58 56 73 43 12 
0.908287 0.699649 0.778148 0.485222 0.878144 0.626029 0.949807 0.471596 0.573811 0.345709 0.0369997 0.433368 0.942356 0.57995 0.0398757 0.644521 0.689342 0.474172 0.542377 0.550615 0.47856 0.370869 0.811456 0.140576 0.0800325 0.984728 0.994409 0.204409 0.842154 0.184948 0.406315 0.750442 
59 63 55 39 71 
0.810492 0.185471 0.234338 0.384303 0.53118 0.271337 0.817671 0.473536 0.851287 0.857547 0.118057 0.540629 0.331719 0.660434 0.0912446 0.810279 0.0313033 0.9027 0.950855 0.111336 0.887428 0.945264 0.315744 0.729582 0.130212 0.72206 0.480024 0.0148097 0.906523 0.715688 0.777551 0.717015 
60 44 65 39 43 
0.283226 0.918989 0.905876 0.134513 0.776535 0.0239333 0.675142 0.108254 0.684368 0.766387 0.918533 0.715671 0.669087 0.869388 0.827007 0.556515 0.814652 0.142751 0.286097 0.944864 0.864811 0.766121 0.959674 0.771334 0.481809 0.737225 0.488349 0.382968 0.749114 0.589666 0.815308 0.0323396 
61 2 15 64 41 
0.745117 0.841995 0.393444 0.429485 0.608382 0.311977 0.145156 0.27747 0.181366 0.972162 0.833985 0.996018 0.114913 0.120082 0.940882 0.979724 0.886203 0.900556 0.751058 0.368012 0.637781 0.239407 0.75098 0.386895 0.829073 0.566288 0.419234 0.337728 0.287471 0.586087 0.622917 0.0325879 
62 47 71 15 77 
0.313935 0.509705 0.57939 0.147919 0.505722 0.694304 0.268001 0.446604 0.674028 0.154204 0.34716 0.425086 0.522216 0.984941 0.664493 0.273196 0.371836 0.493566 0.839484 0.79107 0.831293 0.126955 0.377157 0.454211 0.159543 0.80524 0.470572 0.621615 0.841704 0.798911 0.228843 0.155639 
63 58 65 11 12 
0.502537 0.57156 0.260942 0.176565 0.725764 0.608103 0.601651 0.24798 0.593044 0.266143 0.521176 0.96488 0.759709 0.36066 0.75595 0.591002 0.487615 0.133107 0.0452128 0.647157 0.938347 0.515785 0.268772 0.780051 0.314696 0.497615 0.93569 0.623312 0.305848 0.239248 0.43765 0.808385 
64 51 43 76 86 
0.306695 0.5866 0.784552 0.899739 0.852743 0.305729 0.864619 0.612452 0.666389 0.620569 0.203454 0.154004 0.753676 0.248667 0.801161 0.692023 0.764452 0.0699333 0.472074 0.0791482 0.567548 0.407765 0.70246 0.873397 0.647013 0.14011 0.681781 0.457821 0.838702 0.666731 0.994393 0.145397 
65 1 78 30 60 
0.0846742 0.909755 0.718526 0.751063 0.530324 0.92198 0.905067 0.284001 0.170647 0.706228 0.976024 0.935099 0.776161 0.448098 0.0142476 0.34371 0.855863 0.716708 0.217106 0.502876 0.856818 0.898888 0.960696 0.69552 0.565618 0.955089 0.840917 0.818949 0.734035 0.886053 0.925023 0.818709 
66 25 78 29 72 
0.56553 0.474839 0.610133 0.736177 0.181067 0.586157 0.671277 0.957228 0.0342551 0.685524 0.300938 0.890118 0.402232 0.518044 0.392993 0.259049 0.416932 0.35369 0.954569 0.98255 0.308779 0.795486 0.801499 0.0428143 0.681539 0.726522 0.861523 0.477347 0.370072 0.431296 0.80348 0.935601 
67 62 78 79 11 
0.999769 0.343055 0.0444299 0.0340245 0.0285794 0.345368 0.924142 0.430811 0.863412 0.317136 0.689861 0.280344 0.670826 0.64443 0.262894 0.979605 0.439916 0.0643928 0.0224196 0.121455 0.790915 0.883943 0.598802 0.160987 0.315238 0.402282 0.0965881 0.221373 0.815894 0.768367 0.308575 0.815664 
68 84 11 69 58 
0.698372 0.773831 0.570812 0.561784 0.0909665 0.260673 0.842128 0.761792 0.905103 0.105021 0.741398 0.345019 0.169414 0.763817 0.466474 0.960329 0.64776 0.0652757 0.121316 0.962999 0.467557 0.217904 0.184372 0.283452 0.986271 0.492946 0.0991154 0.0976926 0.845951 0.948804 0.237694 0.544324 
69 79 85 75 74 
0.0691794 0.948236 0.575393 0.974282 0.0532569 0.316791 0.319301 0.222671 0.0806079 0.785775 0.183 0.728368 0.85105 0.304316 0.691367 0.318608 0.52222 0.875738 0.602059 0.508491 0.368685 0.701175 0.606183 0.214636 0.649979 0.843877 0.758959 0.372613 0.652383 0.865067 0.186214 0.721563 
70 50 43 84 51 
0.0783973 0.0151462 0.0892309 0.159005 0.800921 0.272231 0.887373 0.651971 0.576547 0.57874 0.970579 0.0987674 0.454478 0.572638 0.607258 0.823163 0.273813 0.213442 0.0377986 0.923792 0.0573189 0.796758 0.296404 0.709702 0.661825 0.482618 0.431265 0.475128 0.244225 0.12711 0.341688 0.322622 
71 17 26 82 38 
0.70315 0.369001 0.595148 0.279697 0.94774 0.565727 0.378465 0.402219 0.138366 0.985723 0.225381 0.412179 0.199165 0.26318 0.335971 0.256484 0.0599381 0.632375 0.966186 0.721763 0.114993 0.397451 0.196892 0.359218 0.524562 0.53858 0.68184 0.666818 0.969499 0.163467 0.609996 0.672649 
72 87 39 63 15 
0.770872 0.330812 0.882426 0.909237 0.316535 0.107808 0.321416 0.5157 0.370988 0.657387 0.772183 0.430926 0.289762 0.73837 0.152689 0.404755 0.135821 0.349581 0.763973 0.660383 0.888161 0.445812 0.327201 0.85766 0.609279 0.937197 0.53031 0.141747 0.142342 0.482657 0.621955 0.913213 
73 67 0 51 9 
0.612189 0.143867 0.645703 0.983176 0.801253 0.417886 0.414102 0.0910152 0.156256 0.566791 0.49577 0.292077 0.916372 0.259743 0.95246 0.804534 0.705555 0.279661 0.662194 0.314834 0.216859 0.192504 0.456581 0.3592 0.67516 0.0785355 0.272413 0.488628 0.582917 0.0948638 0.618631 0.195105 
74 53 87 3 55 
0.592384 0.130999 0.838476 0.159175 0.626769 0.130553 0.0755477 0.886512 0.0830132 0.880081 0.592067 0.362675 0.542275 0.906901 0.579533 0.734779 0.363482 0.938733 0.409939 0.442018 0.211147 0.898567 0.0249345 0.30601 0.517198 0.22004 0.544741 0.781532 0.398322 0.584725 0.463753 0.990705 
75 31 84 68 34 
0.432782 0.225428 0.229005 0.515795 0.10551 0.821072 0.87847 0.647785 0.727973 0.458003 0.382563 0.0914558 0.396736 0.792502 0.533474 0.607883 0.691069 0.558408 0.913893 0.208268 0.778448 0.458634 0.9898 0.176769 0.0433589 0.453553 0.167475 0.759083 0.755782 0.317355 0.101576 0.188564 
76 16 84 74 82 
0.151653 0.58283 0.296078 0.879626 0.0408327 0.678642 0.971082 0.437569 0.471144 0.504555 0.0454522 0.162213 0.0629636 0.959346 0.370481 0.841412 0.41798 0.360281 0.018181 0.461339 0.813833 0.185656 0.220421 0.569615 0.503011 0.321997 0.758179 0.0457952 0.652577 0.462539 0.694089 0.80423 
77 12 60 75 18 
0.668809 0.654938 0.52377 0.139952 0.159493 0.569223 0.302166 0.222457 0.528568 0.672646 0.0638683 0.946548 0.0329268 0.0820493 0.407887 0.84676 0.267705 0.628309 0.416376 0.770717 0.950306 0.174555 0.816512 0.602883 0.637094 0.5106 0.407113 0.682463 0.500767 0.0909689 0.768664 0.169576 
78 31 86 8 68 
0.861657 0.611694 0.127857 0.390225 0.28434 0.191725 0.336774 0.317267 0.273774 0.744661 0.164027 0.541479 0.372969 0.580403 0.312196 0.323275 0.754958 0.128708 0.926158 0.392052 0.639308 0.333271 0.0745147 0.140075 0.42424 0.843179 0.309651 0.170147 0.135613 0.619179 0.0755463 0.99727 
79 85 73 82 28 
0.395128 0.724269 0.83248 0.668902 0.46893 0.996508 0.210381 0.841899 0.576911 0.522577 0.165174 0.331868 0.651285 0.0913323 0.72392 0.290593 0.424603 0.798435 0.430668 0.848843 0.641614 0.740319 0.0189898 0.777227 0.359499 0.0945361 0.774496 0.590372 0.297939 0.161992 0.105586 0.693067 
80 25 1 44 61 
0.934574 0.57235 0.197089 0.511484 0.0949275 0.362264 0.843353 0.746212 0.453596 0.567273 0.0368054 0.878199 0.365708 0.467474 0.727043 0.00732175 0.207793 0.746032 0.784548 0.567292 0.840568 0.559045 0.157664 0.138507 0.721037 0.263249 0.831574 0.607297 0.201315 0.193543 0.962487 0.135889 
81 23 67 86 11 
0.52184 0.490726 0.607033 0.975436 0.0579985 0.643838 0.853635 0.423707 0.111312 0.580678 0.431028 0.319105 0.32671 0.215577 0.886396 0.167279 0.774621 0.0440601 0.305786 0.495658 0.307309 0.13736 0.102955 0.508625 0.330903 0.0654423 0.644513 0.096796 0.225019 0.291886 0.957616 0.746859 
82 72 66 65 24 
0.575931 0.264317 0.319799 0.156608 0.695345 0.638904 0.483319 0.910922 0.525301 0.650597 0.685543 0.569361 0.956383 0.181201 0.87667 0.0937437 0.284156 0.385295 0.424647 0.349599 0.029808 0.521443 0.574618 0.321694 0.479059 0.321477 0.104306 0.0437085 0.0437722 0.944917 0.252196 0.619703 
83 17 73 23 72 
0.25963 0.815501 0.7362 0.910227 0.501044 0.305561 0.866611 0.682246 0.182231 0.960354 0.966402 0.567526 0.385001 0.316001 0.597334 0.906444 0.890619 0.919028 0.385503 0.212096 0.0233346 0.429212 0.255868 0.968251 0.681408 0.875571 0.177485 0.253403 0.651882 0.0820642 0.464303 0.911512 
84 17 66 58 33 
0.68835 0.0808556 0.688296 0.648704 0.047258 0.255822 0.0337053 0.363259 0.853155 0.940149 0.253878 0.772184 0.325653 0.465974 0.795518 0.754864 0.721842 0.76377 0.436272 0.597413 0.941255 0.689675 0.249295 0.0233189 0.153979 0.160807 0.920884 0.354482 0.982546 0.319494 0.860547 0.670896 
85 54 14 59 51 
0.804664 0.353305 0.810867 0.65782 0.293455 0.0647449 0.430003 0.619107 0.530719 0.225522 0.373971 0.252561 0.989291 0.810244 0.849975 0.930546 0.499919 0.0992698 0.953865 0.653898 0.260077 0.874749 0.00837976 0.242623 0.194243 0.868927 0.913519 0.594592 0.417769 0.233119 0.0421999 0.222434 
86 74 1 65 12 
0.917811 0.310257 0.498985 0.448531 0.535778 0.872957 0.701092 0.52507 0.6832 0.551067 0.455616 0.183119 0.650336 0.409481 0.837017 0.910413 0.28423 0.845397 0.153036 0.478473 0.714323 0.0665548 0.0730656 0.132092 0.299673 0.115265 0.354526 0.886097 0.968332 0.234779 0.765975 0.886144 
87 72 68 38 14 
0.137917 0.035766 0.605884 0.821117 0.586833 0.0615001 0.0042367 0.237169 0.470981 0.841254 0.147582 0.755211 0.68665 0.300618 0.233684 0.400973 0.367173 0.30675 0.533066 0.666846 0.422015 0.887592 0.552943 0.390347 0.122371 0.318919 0.276491 0.667407 0.583879 0.611165 0.748221 0.721797 
88 63 13 42 43 
0.415606 0.547151 0.470933 0.886587 0.388404 0.618515 0.641798 0.0750544 0.919133 0.875482 0.476028 0.286306 0.182232 0.00909322 0.953153 0.604248 0.896685 0.506096 0.994595 0.0190556 0.825015 0.271086 0.686462 0.408894 0.882251 0.434684 0.130691 0.529182 0.788789 0.673605 0.762946 0.204394 
89 77 48 39 81 
0.852393 0.732779 0.684214 0.771526 0.608261 0.160242 0.0578323 0.790493 0.169335 0.0109849 0.394741 0.06602 0.517081 0.389336 0.0850756 0.342096 0.660422 0.771538 0.75099 0.542673 0.206221 0.881681 0.0718547 0.99501 0.555286 0.8348 0.199405 0.776041 0.0686787 0.290386 0.385201 0.921072 
