83 4
1 0 0 1 0 1 0 1 1 1 0 1 1 0 1 0 1 0 1 1 1 1 0 1 1 1 0 1 1 1 1 1 0 0 0 1 0 1 0 0 1 1 1 0 0 1 1 1 0 1 1 1 1 0 1 0 0 0 0 0 0 0 1 1 1 0 0 0 0 1 0 1 1 0 0 0 0 0 0 0 0 0 0 
0 19 78 66 
0.345367 0.744021 0.375223 0.138756 0.943721 0.119953 0.468396 0.260704 0.368212 0.911884 0.435824 0.51622 0.265211 0.349695 0.458585 0.443445 
1 19 56 68 
0.0312032 0.135912 0.124377 0.0645255 0.810814 0.972905 0.0362317 0.321717 0.536228 0.159189 0.67932 0.429867 0.504556 0.423342 0.80509 0.643312 
2 82 27 4 
0.627767 0.293255 0.0235928 0.0635903 0.809475 0.288804 0.413286 0.26806 0.73225 0.080784 0.490066 0.115725 0.111987 0.625978 0.240103 0.176513 
3 41 53 1 
0.75851 0.749236 0.371934 0.43783 0.179103 0.87649 0.861172 0.984193 0.519803 0.228234 0.909237 0.631511 0.856001 0.202492 0.655104 0.919591 
4 26 58 23 
0.676158 0.413661 0.770093 0.791884 0.525648 0.396071 0.0319863 0.702161 0.832863 0.244994 0.914905 0.591373 0.99423 0.286839 0.0292024 0.173333 
5 59 45 2 
0.683132 0.118608 0.0667635 0.314643 0.974609 0.269255 0.969748 0.8942 0.281222 0.913656 0.227077 0.561249 0.589814 0.640738 0.331341 0.381698 
6 66 41 51 
0.560275 0.658679 0.783452 0.151648 0.652909 0.0702915 0.18085 0.826242 0.233621 0.071224 0.983769 0.916753 0.189832 0.0505327 0.231396 0.164441 
7 47 19 82 
0.60101 0.1148 0.285718 0.162258 0.704615 0.926456 0.4936 0.0863127 0.0928422 0.221012 0.499997 0.961389 0.781287 0.158676 0.744842 0.932934 
8 15 25 36 
0.637827 0.0487539 0.185008 0.621596 0.965507 0.37484 0.672129 0.196903 0.539281 0.991917 0.398047 0.597922 0.592926 0.512847 0.883641 0.755184 
9 74 29 33 
0.303774 0.902939 0.469796 0.803771 0.864328 0.251082 0.962447 0.60917 0.184017 0.774032 0.424303 0.297801 0.411859 0.473057 0.482809 0.033455 
10 38 48 65 
0.635466 0.396931 0.697501 0.0335135 0.994853 0.290427 0.546361 0.878494 0.0456114 0.763822 0.688591 0.294395 0.0675968 0.59153 0.764191 0.871368 
11 37 76 3 
0.0650275 0.19929 0.607847 0.48933 0.497091 0.0197061 0.962387 0.9799 0.0531611 0.40095 0.83755 0.758745 0.0364165 0.234481 0.456246 0.06993 
12 78 9 28 
0.107828 0.792284 0.380113 0.796419 0.0866797 0.44771 0.387949 0.850871 0.319078 0.843807 0.866144 0.152894 0.908834 0.0654337 0.760741 0.398164 
13 19 78 71 
0.542425 0.833608 0.761501 0.379974 0.592353 0.797918 0.614455 0.0485991 0.867848 0.843789 0.795272 0.484138 0.951618 0.587556 0.864252 0.748037 
14 8 25 63 
0.525107 0.63104 0.979792 0.39125 0.783934 0.888627 0.456684 0.544675 0.286791 0.0192087 0.325122 0.647342 0.561633 0.15873 0.408843 0.941608 
15 0 50 60 
0.399852 0.594954 0.558747 0.35147 0.18251 0.422999 0.0995071 0.856746 0.734961 0.235493 0.381853 0.366001 0.215285 0.773103 0.149934 0.103912 
16 20 58 30 
0.248996 0.0197308 0.0380454 0.81063 0.178461 0.446889 0.752238 0.929544 0.65365 0.308301 0.729226 0.728259 0.708153 0.32418 0.287006 0.0596232 
17 62 22 64 
0.363437 0.444966 0.394623 0.74529 0.810967 0.609908 0.518394 0.960901 0.71382 0.748181 0.65551 0.104523 0.997178 0.675241 0.142569 0.807807 
18 64 1 54 
0.783245 0.243108 0.868345 0.512471 0.971367 0.576498 0.836652 0.258373 0.636122 0.343342 0.968378 0.795252 0.70678 0.413345 0.189875 0.45207 
19 16 66 43 
0.185212 0.513603 0.718645 0.840722 0.618127 0.715822 0.515963 0.760695 0.52363 0.369665 0.350153 0.0836744 0.15291 0.59326 0.95202 0.665381 
20 27 40 64 
0.823 0.16464 0.845376 0.791379 0.959892 0.552155 0.204723 0.149766 0.00422496 0.429035 0.949549 0.974688 0.614247 0.463153 0.693333 0.454969 
21 34 79 14 
0.841974 0.932785 0.340597 0.192127 0.016459 0.493507 0.785387 0.968479 0.158888 0.350015 0.496997 0.660921 0.173015 0.661637 0.506297 0.964393 
22 61 7 17 
0.771295 0.0626772 0.598151 0.720844 0.0373655 0.212398 0.183997 0.730698 0.667367 0.265276 0.139853 0.638299 0.10725 0.0726379 0.978896 0.299377 
23 11 43 40 
0.0575756 0.631291 0.434779 0.554573 0.292213 0.607794 0.216209 0.79851 0.572187 0.837738 0.856962 0.741303 0.609032 0.919639 0.339454 0.329876 
24 32 38 31 
0.687703 0.219219 0.779148 0.827557 0.857519 0.886398 0.900194 0.836415 0.185775 0.989291 0.308818 0.270539 0.0468669 0.940109 0.705318 0.60144 
25 2 74 67 
0.030832 0.885299 0.655387 0.887794 0.626602 0.264419 0.807434 0.966056 0.594295 0.764438 0.517908 0.108168 0.452142 0.737128 0.887316 0.279698 
26 76 14 74 
0.431061 0.959489 0.169184 0.739879 0.230028 0.216051 0.679988 0.935347 0.81749 0.912311 0.248458 0.635139 0.943143 0.133757 0.290526 0.830937 
27 6 28 59 
0.14924 0.402809 0.244324 0.257408 0.85495 0.981451 0.144724 0.134649 0.576098 0.918438 0.314541 0.00715864 0.877927 0.483725 0.747038 0.107956 
28 69 39 75 
0.517267 0.339337 0.291761 0.152406 0.282479 0.425518 0.442932 0.113416 0.185877 0.997877 0.751787 0.912292 0.147117 0.154596 0.156615 0.404524 
29 53 25 80 
0.144195 0.714164 0.467686 0.458736 0.721323 0.345613 0.942461 0.468361 0.453569 0.642238 0.895387 0.496871 0.159504 0.234724 0.788632 0.31191 
30 49 43 19 
0.630619 0.400026 0.752719 0.382406 0.312318 0.899835 0.537002 0.468933 0.304359 0.546548 0.607 0.853607 0.690743 0.321164 0.321293 0.149479 
31 33 68 66 
0.510848 0.120475 0.734178 0.406234 0.617346 0.893682 0.640958 0.405977 0.205592 0.158161 0.620127 0.960434 0.78878 0.0201527 0.713152 0.171186 
32 71 69 64 
0.801404 0.917347 0.254736 0.408403 0.770954 0.945479 0.729567 0.0922474 0.0949573 0.772054 0.759154 0.186897 0.282902 0.879629 0.921075 0.689137 
33 70 0 26 
0.902952 0.0203483 0.488256 0.523079 0.980782 0.277036 0.543231 0.693934 0.448222 0.875702 0.306921 0.156411 0.677105 0.224268 0.411147 0.0855086 
34 47 63 82 
0.0874695 0.451582 0.587131 0.846623 0.63848 0.870033 0.726252 0.559555 0.559169 0.223226 0.374311 0.889264 0.126178 0.39466 0.377519 0.649257 
35 77 14 22 
0.0693756 0.102777 0.06819 0.376297 0.259188 0.745295 0.600565 0.670335 0.830804 0.595787 0.0269598 0.64588 0.683257 0.478542 0.23301 0.52988 
36 29 15 38 
0.676577 0.662212 0.479358 0.0508881 0.551476 0.605536 0.445548 0.928995 0.254793 0.820989 0.58355 0.447281 0.890365 0.686328 0.515471 0.266662 
37 57 72 33 
0.615851 0.0915706 0.463014 0.642811 0.737451 0.14627 0.121353 0.970461 0.67615 0.238375 0.0735041 0.932282 0.914952 0.735717 0.41164 0.96584 
38 23 40 47 
0.216188 0.27197 0.232376 0.799738 0.719251 0.122741 0.486066 0.234722 0.389403 0.431583 0.495489 0.25663 0.0474332 0.58706 0.719643 0.690244 
39 22 4 67 
0.294971 0.542064 0.0499713 0.368475 0.474346 0.964923 0.104192 0.885986 0.930762 0.391385 0.903163 0.34215 0.607573 0.175132 0.574526 0.407311 
40 56 25 8 
0.129106 0.0866702 0.32496 0.624595 0.3433 0.372393 0.211655 0.0629431 0.062637 0.536165 0.928857 0.874234 0.831136 0.470921 0.924205 0.199611 
41 2 61 69 
0.831253 0.81989 0.695188 0.734416 0.16204 0.30276 0.909548 0.736566 0.710071 0.803932 0.433833 0.603449 0.933037 0.520503 0.928409 0.557632 
42 50 31 80 
0.926746 0.363439 0.305452 0.855603 0.237673 0.136588 0.326524 0.161878 0.336199 0.271791 0.0510052 0.640002 0.103045 0.870895 0.33519 0.837461 
43 45 76 34 
0.769501 0.348022 0.550941 0.203334 0.951471 0.483978 0.723837 0.87988 0.0416101 0.58764 0.180682 0.810897 0.514386 0.544121 0.116348 0.369989 
44 57 22 73 
0.943671 0.589135 0.968304 0.994677 0.229138 0.0713484 0.865572 0.564328 0.908809 0.898507 0.202279 0.655818 0.668007 0.550301 0.206759 0.871341 
45 6 37 14 
0.381651 0.732347 0.182817 0.562333 0.543244 0.697203 0.106454 0.659592 0.0671922 0.888248 0.912528 0.763705 0.83192 0.501664 0.732009 0.826596 
46 4 3 63 
0.295129 0.712166 0.590675 0.497408 0.367985 0.258682 0.0477089 0.574744 0.130023 0.54948 0.265481 0.725201 0.931132 0.997828 0.908018 0.493465 
47 72 69 37 
0.200664 0.672414 0.488167 0.113192 0.436119 0.320087 0.614856 0.168128 0.146683 0.345658 0.971485 0.838851 0.640787 0.683652 0.429526 0.138195 
48 40 31 71 
0.62638 0.818231 0.735385 0.891861 0.543432 0.666516 0.889688 0.45145 0.159981 0.43076 0.0566722 0.759901 0.631424 0.729086 0.248068 0.744616 
49 76 66 70 
0.333333 0.714838 0.70513 0.304818 0.55369 0.345917 0.988469 0.983216 0.484113 0.0401056 0.671424 0.670017 0.666485 0.489655 0.405402 0.558346 
50 18 42 66 
0.484538 0.231899 0.878794 0.54121 0.9918 0.510218 0.270296 0.239868 0.254834 0.435501 0.808024 0.614307 0.768834 0.522862 0.319437 0.0736519 
51 20 11 16 
0.0597673 0.149467 0.102227 0.731191 0.819484 0.768712 0.220847 0.224885 0.327058 0.253934 0.296803 0.775092 0.738473 0.528703 0.653887 0.279683 
52 59 0 70 
0.760371 0.418939 0.985481 0.568395 0.0332452 0.754315 0.091257 0.352682 0.827967 0.167809 0.0180362 0.890088 0.227576 0.167503 0.992315 0.958767 
53 42 35 71 
0.211872 0.0880852 0.433549 0.508675 0.863178 0.172021 0.0373773 0.517064 0.451704 0.55788 0.681169 0.00168357 0.318252 0.100107 0.987164 0.886647 
54 39 37 16 
0.486034 0.569446 0.145712 0.50407 0.459533 0.373288 0.671573 0.451848 0.332055 0.65856 0.212875 0.511669 0.870432 0.30096 0.945218 0.379106 
55 4 79 30 
0.568943 0.974364 0.362371 0.570627 0.292615 0.462478 0.557791 0.179262 0.59583 0.29927 0.157165 0.0818645 0.868716 0.302878 0.585935 0.328249 
56 19 40 30 
0.00822091 0.916068 0.992972 0.51989 0.7865 0.293933 0.465108 0.165606 0.458071 0.582348 0.58209 0.139273 0.151291 0.556454 0.501644 0.721918 
57 17 30 26 
0.028331 0.559952 0.57898 0.185496 0.641816 0.447695 0.488374 0.227751 0.775945 0.16454 0.485259 0.556042 0.172761 0.401328 0.549014 0.692651 
58 62 9 41 
0.353434 0.301018 0.740107 0.935523 0.440291 0.891398 0.491977 0.941934 0.613316 0.341046 0.906056 0.893025 0.369377 0.466007 0.472005 0.554874 
59 46 28 48 
0.335574 0.695645 0.207787 0.820834 0.251687 0.380548 0.222161 0.800702 0.0731987 0.409989 0.643649 0.230958 0.763422 0.944667 0.971065 0.698945 
60 61 13 56 
0.326892 0.475778 0.531969 0.232947 0.368804 0.901346 0.698955 0.840808 0.45622 0.806778 0.760509 0.499467 0.142352 0.456154 0.707255 0.963186 
61 6 21 11 
0.508543 0.161001 0.595335 0.152192 0.391959 0.358758 0.0968587 0.363024 0.057703 0.481816 0.225486 0.248626 0.808708 0.701264 0.780594 0.0416548 
62 49 70 26 
0.910876 0.13816 0.547387 0.671385 0.637628 0.689739 0.127539 0.344882 0.652925 0.835381 0.432685 0.838272 0.343924 0.593686 0.433607 0.496116 
63 14 23 69 
0.348669 0.850068 0.0747902 0.574154 0.0986935 0.883498 0.275419 0.879288 0.925153 0.345486 0.561228 0.665762 0.256362 0.699388 0.213149 0.927747 
64 39 21 11 
0.681898 0.555814 0.890667 0.114583 0.394086 0.234591 0.708269 0.827693 0.730706 0.693914 0.620058 0.32368 0.0425827 0.470126 0.398471 0.616737 
65 45 55 73 
0.448107 0.207121 0.237642 0.00933568 0.872883 0.494004 0.708724 0.0860321 0.421752 0.0457402 0.988921 0.477039 0.727638 0.544734 0.367706 0.842222 
66 39 15 82 
0.766513 0.333003 0.244405 0.386571 0.656683 0.286987 0.856697 0.0551537 0.903725 0.425516 0.337122 0.79588 0.873623 0.544243 0.0335223 0.882959 
67 72 9 69 
0.949279 0.637423 0.492079 0.426317 0.365062 0.0368129 0.794023 0.207283 0.975633 0.396319 0.757774 0.742146 0.729322 0.00217876 0.128716 0.386005 
68 27 18 28 
0.192891 0.410929 0.778281 0.988771 0.284552 0.322524 0.0222934 0.167511 0.73965 0.54982 0.759195 0.242808 0.499099 0.396618 0.734886 0.925416 
69 60 81 71 
0.968963 0.747332 0.115758 0.726737 0.489477 0.845079 0.728916 0.618194 0.231084 0.0180821 0.603606 0.672243 0.210973 0.0145354 0.450524 0.199744 
70 22 63 37 
0.466599 0.512697 0.771857 0.225794 0.755504 0.270956 0.622412 0.49039 0.196372 0.384091 0.262089 0.91581 0.353055 0.00942109 0.0315676 0.0797917 
71 20 41 9 
0.117092 0.107731 0.82679 0.720698 0.779974 0.0377626 0.735234 0.230498 0.237507 0.0343214 0.00354519 0.459544 0.500921 0.516242 0.231401 0.726714 
72 40 41 61 
0.762137 0.698729 0.733218 0.0242261 0.614539 0.0862721 0.0336472 0.646107 0.166064 0.532546 0.522754 0.974771 0.649637 0.630485 0.801561 0.370336 
73 66 70 1 
0.640957 0.0768301 0.139891 0.644502 0.536374 0.640811 0.160744 0.767775 0.367526 0.432491 0.270133 0.716652 0.194627 0.968862 0.449869 0.218853 
74 18 38 5 
0.229508 0.702205 0.785046 0.752261 0.676976 0.434683 0.382746 0.478537 0.805019 0.793206 0.317861 0.910588 0.434163 0.394691 0.0504792 0.0786651 
75 4 36 62 
0.698841 0.0588162 0.6719 0.968974 0.775468 0.866527 0.937836 0.225337 0.0853808 0.521237 0.761478 0.337881 0.750744 0.463684 0.122928 0.503006 
76 51 58 48 
0.36263 0.678957 0.937058 0.273219 0.11312 0.33175 0.323698 0.191785 0.262815 0.0149883 0.431195 0.961656 0.0738045 0.103095 0.930629 0.849272 
77 60 20 59 
0.0550029 0.389701 0.836088 0.392884 0.140445 0.299771 0.515812 0.643451 0.440431 0.0734231 0.529203 0.0596289 0.436053 0.20816 0.996687 0.709272 
78 65 63 68 
0.513066 0.591252 0.0479581 0.944261 0.552907 0.121763 0.0473553 0.483537 0.971035 0.0169774 0.352001 0.0456445 0.0719804 0.741702 0.881732 0.464865 
79 53 75 36 
0.525599 0.621935 0.0541 0.0548018 0.681564 0.490153 0.262962 0.678252 0.199425 0.584243 0.00668867 0.232395 0.0973088 0.597941 0.280353 0.0415694 
80 1 55 24 
0.634385 0.373151 0.105902 0.986386 0.418795 0.177883 0.728088 0.300528 0.642747 0.610236 0.482032 0.623424 0.135835 0.103967 0.677524 0.190637 
81 4 75 5 
0.463783 0.367103 0.0378416 0.470472 0.599498 0.13515 0.0684121 0.879851 0.17672 0.21926 0.281967 0.265645 0.853645 0.655118 0.371547 0.84003 
82 71 44 81 
0.374441 0.192177 0.178354 0.856473 0.815601 0.314189 0.96044 0.493125 0.504826 0.745971 0.660802 0.958424 0.209754 0.0279051 0.996266 0.680225 
