40 2
0 1 1 0 0 0 1 1 1 1 1 1 0 0 0 0 0 1 1 0 0 1 1 0 0 1 0 1 1 1 0 0 1 1 1 0 0 1 0 1 
0 20 
0.0579645 0.757581 0.815044 0.558446 
1 37 
0.396601 0.609436 0.0973022 0.642811 
2 39 
0.799067 0.000762981 0.45158 0.883307 
3 0 
0.75309 0.013377 0.773693 0.306232 
4 22 
0.156894 0.393537 0.731006 0.681411 
5 18 
0.145559 0.81783 0.801356 0.973326 
6 38 
0.85932 0.730907 0.00696929 0.417766 
7 17 
0.40357 0.0272019 0.337743 0.0463811 
8 15 
0.821227 0.845448 0.216182 0.272807 
9 11 
0.152796 0.0258979 0.742132 0.926489 
10 28 
0.281461 0.0833834 0.725667 0.0124678 
11 22 
0.871765 0.158027 0.582624 0.673121 
12 38 
0.532442 0.86226 0.781518 0.950208 
13 9 
0.185088 0.977409 0.440445 0.231469 
14 24 
0.261672 0.0769178 0.409011 0.534479 
15 22 
0.561807 0.560377 0.547805 0.488296 
16 15 
0.829266 0.571679 0.618174 0.841734 
17 16 
0.489939 0.999761 0.919097 0.16306 
18 6 
0.695502 0.993374 0.475164 0.645709 
19 29 
0.623119 0.53652 0.891722 0.815948 
20 23 
0.96864 0.224959 0.332672 0.774313 
21 8 
0.893049 0.322118 0.275062 0.785556 
22 15 
0.846741 0.40373 0.993119 0.183215 
23 0 
0.99288 0.102312 0.0567292 0.123993 
24 36 
0.752231 0.117367 0.271123 0.39794 
25 22 
0.931376 0.0210592 0.749963 0.823098 
26 16 
0.548155 0.791738 0.0619656 0.880827 
27 10 
0.848731 0.773876 0.88817 0.123793 
28 24 
0.0395542 0.970534 0.963162 0.0326729 
29 27 
0.856831 0.0255524 0.256061 0.91356 
30 7 
0.0520191 0.665791 0.266913 0.323142 
31 33 
0.480356 0.254518 0.0847904 0.230319 
32 31 
0.921797 0.778474 0.869354 0.983763 
33 20 
0.435405 0.832494 0.433177 0.323575 
34 25 
0.992609 0.363129 0.926821 0.955771 
35 21 
0.0805694 0.812602 0.421355 0.33663 
36 24 
0.5709 0.388649 0.391952 0.837813 
37 18 
0.455683 0.318169 0.966309 0.540474 
38 15 
0.043925 0.462271 0.326962 0.913279 
39 17 
0.986263 0.348685 0.278528 0.41944 
