58 5
0 1 0 1 1 0 0 1 0 1 0 0 1 0 1 0 0 0 1 1 1 0 0 0 1 1 1 0 1 1 1 0 1 0 0 1 0 1 0 1 1 1 0 0 0 0 1 1 0 1 1 0 0 1 1 0 1 1 
0 34 4 32 6 
0.368115 0.899993 0.492459 0.650714 0.00224122 0.46903 0.531777 0.362741 0.845789 0.290977 0.640471 0.630274 0.328141 0.00163815 0.751934 0.0828617 0.0187468 0.9927 0.950762 0.585461 0.423271 0.834418 0.361678 0.38913 0.103815 0.832689 0.794288 0.123734 0.628045 0.626308 0.706216 0.996159 
1 26 23 45 53 
0.667706 0.178651 0.891284 0.513494 0.469629 0.531755 0.143769 0.797769 0.533393 0.895702 0.880631 0.55214 0.888402 0.831393 0.137601 0.311674 0.665811 0.499278 0.700804 0.769626 0.331967 0.495092 0.89336 0.960012 0.1214 0.599576 0.956172 0.647702 0.798251 0.603046 0.176245 0.465957 
2 1 28 32 9 
0.599283 0.12322 0.0490952 0.132675 0.0189222 0.929726 0.684815 0.907325 0.761119 0.822416 0.218998 0.42693 0.321694 0.919802 0.196556 0.653662 0.414894 0.0899159 0.613674 0.536294 0.689492 0.569846 0.183996 0.487744 0.172891 0.360241 0.953701 0.954588 0.427769 0.933152 0.205914 0.0270514 
3 22 42 15 40 
0.184736 0.844542 0.982619 0.945855 0.666958 0.201617 0.372785 0.988652 0.121419 0.569341 0.642313 0.536313 0.659257 0.255987 0.0726076 0.348749 0.825833 0.256604 0.836493 0.998724 0.616844 0.790194 0.953312 0.044613 0.723345 0.159226 0.0716643 0.779717 0.414236 0.231391 0.855012 0.598971 
4 55 56 27 23 
0.0392478 0.917611 0.731542 0.160667 0.486952 0.373856 0.696981 0.146209 0.629843 0.769588 0.494959 0.455676 0.0261919 0.331451 0.4544 0.643036 0.121645 0.407712 0.687649 0.84499 0.566939 0.759313 0.624708 0.981174 0.990705 0.47972 0.580145 0.0666375 0.31735 0.124971 0.809528 0.356598 
5 14 22 56 19 
0.914926 0.214246 0.675745 0.544769 0.983834 0.170703 0.000444712 0.0100258 0.502155 0.454845 0.653062 0.6238 0.862557 0.340711 0.46879 0.429495 0.100024 0.0934982 0.410669 0.090729 0.573218 0.990815 0.157367 0.890568 0.115786 0.966894 0.247166 0.158369 0.507965 0.764431 0.687904 0.422891 
6 31 52 18 23 
0.534352 0.968104 0.972537 0.0365065 0.422949 0.625598 0.660306 0.285506 0.966309 0.129096 0.715001 0.0663338 0.222595 0.12567 0.157063 0.795812 0.116485 0.314429 0.68638 0.232271 0.281324 0.933546 0.390639 0.789288 0.697977 0.0785434 0.212179 0.676654 0.442192 0.179838 0.639165 0.976544 
7 44 34 33 49 
0.2373 0.673356 0.856397 0.203609 0.802453 0.571398 0.269943 0.0250473 0.697068 0.427006 0.82086 0.813553 0.741435 0.50724 0.0458234 0.0227592 0.440786 0.436463 0.812048 0.138764 0.515006 0.0242267 0.815418 0.957198 0.204065 0.454583 0.933742 0.352008 0.0662843 0.946792 0.922899 0.303584 
8 44 49 29 28 
0.350694 0.777137 0.447649 0.0477618 0.204143 0.268508 0.861315 0.945578 0.775748 0.907138 0.968337 0.216535 0.343601 0.780385 0.355298 0.858607 0.804611 0.170716 0.815805 0.00867651 0.625299 0.749547 0.360684 0.691583 0.69634 0.283583 0.995168 0.316488 0.0628795 0.502361 0.73909 0.413573 
9 11 33 13 45 
0.455247 0.32265 0.429218 0.230995 0.229788 0.397555 0.44753 0.573389 0.17794 0.802828 0.431996 0.982551 0.973544 0.247801 0.991228 0.598843 0.997348 0.351912 0.290427 0.693688 0.635496 0.285594 0.0101762 0.698375 0.787955 0.749266 0.111948 0.0674528 0.936004 0.573284 0.551093 0.391251 
10 52 27 25 35 
0.377866 0.0697751 0.69911 0.555806 0.872603 0.131105 0.538358 0.846147 0.378906 0.529586 0.44499 0.376255 0.881498 0.735417 0.0699426 0.516993 0.021011 0.0801188 0.215368 0.808966 0.829385 0.327317 0.876419 0.765389 0.900601 0.427512 0.156639 0.796534 0.407823 0.778885 0.922255 0.78569 
11 15 10 38 37 
0.75247 0.879854 0.56741 0.131376 0.409439 0.0124002 0.507631 0.290937 0.747817 0.577574 0.80793 0.768828 0.657692 0.0232988 0.577794 0.487077 0.350616 0.454213 0.252465 0.251216 0.881726 0.409105 0.0477502 0.289549 0.187989 0.970005 0.0752384 0.0366488 0.59137 0.416735 0.757912 0.34384 
12 4 54 19 9 
0.337722 0.982848 0.996965 0.0855389 0.560421 0.804895 0.854367 0.218114 0.828194 0.432161 0.705191 0.17881 0.886375 0.957656 0.430026 0.7681 0.366761 0.477776 0.0576492 0.55475 0.447782 0.132888 0.591399 0.039152 0.549622 0.34931 0.382992 0.846211 0.674632 0.858209 0.552238 0.0123532 
13 16 12 6 14 
0.354099 0.952259 0.619592 0.182293 0.384421 0.324782 0.361103 0.270796 0.282439 0.791129 0.0388959 0.649199 0.268905 0.0965451 0.203949 0.716687 0.229433 0.795347 0.755839 0.779055 0.144657 0.138831 0.625265 0.819289 0.99704 0.177504 0.831642 0.838097 0.726707 0.929534 0.239575 0.0808056 
14 28 46 12 5 
0.183949 0.624201 0.53701 0.466388 0.41533 0.575906 0.115587 0.684235 0.672451 0.319536 0.400922 0.901883 0.114883 0.156761 0.680938 0.259541 0.295592 0.306204 0.0788296 0.292632 0.483708 0.910472 0.130729 0.210415 0.840006 0.370303 0.29122 0.7218 0.22947 0.554318 0.988014 0.413419 
15 12 14 24 10 
0.100929 0.995394 0.278084 0.77338 0.31493 0.679006 0.675263 0.429813 0.835766 0.356202 0.689354 0.131358 0.662406 0.768183 0.42399 0.146113 0.678655 0.554718 0.356528 0.518661 0.925022 0.647748 0.240461 0.154492 0.202066 0.228475 0.567911 0.380586 0.753498 0.447718 0.974435 0.854428 
16 57 54 12 52 
0.931525 0.303071 0.187855 0.767291 0.659273 0.877209 0.898649 0.321678 0.645392 0.322639 0.467791 0.324047 0.877357 0.824319 0.842708 0.802379 0.472067 0.083169 0.956871 0.674133 0.311644 0.524782 0.0547189 0.0651422 0.9725 0.0291538 0.91957 0.415613 0.281673 0.547377 0.173655 0.213198 
17 25 48 32 19 
0.238719 0.879138 0.831399 0.884111 0.201777 0.29919 0.208158 0.0791338 0.12351 0.0508656 0.881513 0.595577 0.134035 0.838383 0.26971 0.445678 0.363165 0.324429 0.510821 0.335666 0.353582 0.43039 0.751279 0.635255 0.977767 0.924934 0.848453 0.828215 0.286444 0.828942 0.337936 0.525163 
18 36 13 31 7 
0.468525 0.617431 0.98899 0.592035 0.668297 0.870503 0.187611 0.802331 0.708886 0.457321 0.24801 0.0720518 0.78175 0.75883 0.407718 0.135332 0.189221 0.158996 0.770587 0.166988 0.0839303 0.61904 0.995203 0.370374 0.447982 0.333139 0.895537 0.156062 0.502474 0.304811 0.0659185 0.970999 
19 27 23 12 38 
0.925412 0.750645 0.392869 0.634298 0.207966 0.640879 0.70635 0.989716 0.399709 0.114068 0.125048 0.58893 0.273064 0.895635 0.755918 0.356995 0.514676 0.751121 0.727369 0.962658 0.0842601 0.622906 0.11872 0.586734 0.927716 0.184638 0.557733 0.849958 0.239547 0.120767 0.440496 0.164959 
20 56 50 40 10 
0.474245 0.505607 0.0690931 0.873954 0.619675 0.194141 0.462884 0.89274 0.0897759 0.218801 0.249734 0.604451 0.969922 0.977103 0.567109 0.0541826 0.600009 0.685829 0.640917 0.527725 0.870468 0.19865 0.377683 0.110015 0.319416 0.818179 0.274974 0.190828 0.651545 0.0742312 0.270206 0.125789 
21 4 26 11 5 
0.533439 0.462627 0.0922535 0.623215 0.681428 0.341988 0.227667 0.651351 0.319091 0.794776 0.705533 0.919099 0.480605 0.34645 0.446824 0.351073 0.5451 0.824507 0.461088 0.864516 0.642687 0.736062 0.055344 0.294231 0.810293 0.32555 0.42002 0.390131 0.664848 0.419763 0.589645 0.198288 
22 34 29 1 17 
0.0238866 0.0491697 0.215169 0.342977 0.843946 0.920702 0.262076 0.324551 0.267152 0.708901 0.675624 0.812252 0.533408 0.136712 0.676768 0.176095 0.872773 0.732112 0.470326 0.683066 0.0576615 0.890346 0.0731975 0.72251 0.31011 0.662843 0.920797 0.1925 0.344742 0.7423 0.756318 0.368628 
23 7 5 49 33 
0.89219 0.973682 0.959967 0.159342 0.682583 0.635591 0.971594 0.215991 0.772303 0.648362 0.392086 0.645076 0.380474 0.862412 0.328142 0.438135 0.752759 0.401339 0.160645 0.0628687 0.0641823 0.0814425 0.255369 0.408924 0.823743 0.011687 0.777552 0.615213 0.983174 0.489158 0.250629 0.875364 
24 50 7 15 8 
0.00630078 0.361414 0.618489 0.654663 0.7535 0.263565 0.0351367 0.615913 0.591707 0.473272 0.368672 0.993047 0.633917 0.431541 0.0572289 0.71536 0.686909 0.466153 0.539103 0.698596 0.243705 0.154315 0.681771 0.732863 0.404944 0.557135 0.195703 0.61554 0.591842 0.341126 0.461727 0.598143 
25 7 22 17 55 
0.343782 0.287942 0.0719535 0.935489 0.761214 0.440625 0.928535 0.395131 0.872166 0.985764 0.110491 0.559075 0.451917 0.649594 0.257672 0.695623 0.803909 0.939443 0.428486 0.208853 0.496578 0.624189 0.824393 0.0884197 0.965315 0.28612 0.686562 0.667855 0.366337 0.939368 0.123896 0.710118 
26 19 13 56 45 
0.636475 0.574143 0.383655 0.508641 0.559907 0.494146 0.067716 0.0118245 0.14374 0.325388 0.707447 0.947649 0.26483 0.135933 0.156502 0.761408 0.760122 0.980896 0.849828 0.725437 0.267016 0.53639 0.393293 0.633353 0.475758 0.517188 0.343471 0.703068 0.713038 0.989079 0.691592 0.349512 
27 38 24 43 26 
0.569394 0.925869 0.134953 0.713133 0.251256 0.842401 0.660782 0.516087 0.978334 0.817285 0.277495 0.738456 0.798181 0.127322 0.463894 0.0651968 0.663713 0.857186 0.69855 0.13947 0.374375 0.0420211 0.842538 0.0874122 0.0310999 0.53413 0.436924 0.594321 0.609377 0.295077 0.71745 0.178771 
28 46 24 27 4 
0.694804 0.552687 0.988289 0.673138 0.369972 0.265784 0.411594 0.168152 0.393106 0.875487 0.233349 0.0568189 0.732674 0.931899 0.196289 0.107048 0.97392 0.0388275 0.19446 0.00501966 0.572957 0.631385 0.599341 0.182335 0.926462 0.316791 0.361105 0.147408 0.169195 0.25301 0.619611 0.863999 
29 9 44 16 42 
0.873684 0.94873 0.34382 0.26679 0.824218 0.577169 0.323609 0.556891 0.509068 0.519899 0.66394 0.482987 0.558726 0.8584 0.488007 0.131684 0.489785 0.0873481 0.314018 0.416247 0.404139 0.675124 0.563655 0.573334 0.928133 0.183266 0.437333 0.73383 0.791166 0.974469 0.909498 0.66485 
30 50 49 5 4 
0.255249 0.304308 0.339554 0.775148 0.968248 0.822541 0.333874 0.826648 0.310548 0.465558 0.316433 0.397896 0.779576 0.73268 0.802036 0.454699 0.296335 0.37537 0.382833 0.479601 0.812703 0.116662 0.270767 0.787172 0.0261597 0.935617 0.710371 0.279477 0.867257 0.457788 0.109964 0.122506 
31 19 34 22 29 
0.272059 0.231528 0.556993 0.582607 0.697085 0.873426 0.980504 0.476661 0.606106 0.782539 0.93136 0.902441 0.157909 0.314193 0.382042 0.970612 0.430855 0.652809 0.757784 0.457015 0.588426 0.468155 0.736492 0.455682 0.925943 0.846456 0.578188 0.68804 0.295973 0.475842 0.418384 0.568032 
32 15 36 20 25 
0.848803 0.131143 0.881116 0.45491 0.913683 0.812477 0.357351 0.0715921 0.126669 0.739393 0.042204 0.557524 0.392203 0.799988 0.014539 0.980629 0.268142 0.751031 0.436311 0.194085 0.597487 0.0144993 0.882125 0.89346 0.490341 0.300509 0.461492 0.197711 0.275886 0.612132 0.602167 0.12469 
33 23 13 35 17 
0.295759 0.93695 0.72855 0.422429 0.676344 0.770754 0.979953 0.0685462 0.570742 0.994492 0.0491748 0.838884 0.745523 0.485486 0.0329689 0.34301 0.499985 0.915094 0.236469 0.990326 0.215603 0.697962 0.188038 0.491489 0.310093 0.790204 0.616179 0.0533686 0.273487 0.195778 0.710327 0.569246 
34 38 43 25 14 
0.209631 0.971628 0.877618 0.780373 0.96612 0.926793 0.619256 0.711643 0.412279 0.652225 0.0546526 0.912264 0.567319 0.291122 0.90259 0.782921 0.989084 0.0906276 0.27441 0.299177 0.880832 0.890589 0.352546 0.154319 0.0863674 0.0628724 0.723565 0.219096 0.501749 0.715241 0.0281674 0.71138 
35 15 38 11 39 
0.832578 0.111009 0.364632 0.244857 0.763234 0.419284 0.15712 0.330553 0.710407 0.0597102 0.113474 0.69949 0.150338 0.387885 0.998667 0.0311696 0.278474 0.351213 0.185489 0.364842 0.414085 0.909054 0.583937 0.915835 0.624294 0.612105 0.627215 0.311163 0.51789 0.118967 0.964152 0.350468 
36 44 56 33 52 
0.748068 0.752446 0.323763 0.458475 0.812156 0.437237 0.157965 0.962494 0.825122 0.156632 0.993663 0.103596 0.507845 0.179152 0.468438 0.921931 0.0882057 0.052375 0.837765 0.7125 0.66448 0.46498 0.0236633 0.18237 0.583947 0.987815 0.532838 0.813923 0.316599 0.128163 0.807133 0.0646671 
37 43 13 9 33 
0.568133 0.681107 0.655258 0.393256 0.837739 0.648921 0.496852 0.345584 0.828073 0.96529 0.267515 0.916279 0.0176649 0.105281 0.628779 0.682145 0.570261 0.652442 0.864514 0.154208 0.640257 0.397352 0.96813 0.956856 0.525515 0.775264 0.0215233 0.406124 0.906159 0.544665 0.0988881 0.474293 
38 56 37 7 4 
0.403067 0.3644 0.409096 0.23114 0.32969 0.676611 0.147419 0.347355 0.781891 0.776198 0.0294996 0.352152 0.42864 0.894014 0.506359 0.0688975 0.291366 0.47449 0.0257537 0.816881 0.249753 0.047277 0.223005 0.155913 0.591942 0.321893 0.630206 0.817714 0.0760387 0.497754 0.881225 0.479106 
39 12 14 6 41 
0.966932 0.857666 0.5392 0.748823 0.633864 0.568699 0.100975 0.0625037 0.462713 0.607334 0.131401 0.754079 0.081824 0.157155 0.570959 0.331577 0.204432 0.793964 0.48749 0.796374 0.115857 0.117696 0.614088 0.191895 0.61545 0.495313 0.671001 0.477604 0.785634 0.381248 0.669449 0.752566 
40 56 54 35 3 
0.602363 0.935281 0.24006 0.209697 0.0666818 0.994139 0.291521 0.223837 0.565098 0.623099 0.428269 0.359062 0.110589 0.224643 0.474919 0.228285 0.838731 0.666814 0.843734 0.334044 0.337816 0.321338 0.119678 0.719064 0.990787 0.872244 0.957977 0.199435 0.373633 0.830754 0.976783 0.975996 
41 16 22 51 15 
0.210982 0.477215 0.056553 0.77608 0.100314 0.484822 0.135143 0.210903 0.709464 0.610062 0.439187 0.548195 0.276876 0.282922 0.882239 0.614692 0.60426 0.00191777 0.333756 0.595047 0.874162 0.291733 0.794482 0.247795 0.122487 0.771265 0.223791 0.888522 0.988108 0.409485 0.721238 0.19909 
42 14 24 12 21 
0.262612 0.110313 0.197916 0.972077 0.720375 0.637103 0.520272 0.997251 0.920025 0.402511 0.611943 0.524285 0.404429 0.945699 0.119332 0.278591 0.237433 0.913815 0.526386 0.35992 0.68508 0.750177 0.248441 0.673188 0.159661 0.969679 0.872277 0.0463611 0.74747 0.847448 0.0333746 0.0100821 
43 7 52 21 2 
0.868394 0.50243 0.675387 0.788419 0.904941 0.28733 0.312704 0.30937 0.23303 0.432036 0.587961 0.470462 0.345851 0.114346 0.830382 0.0309304 0.864523 0.0788227 0.704118 0.0241844 0.0485016 0.576396 0.0705455 0.795971 0.423843 0.10392 0.806053 0.381604 0.335211 0.788212 0.0597394 0.203605 
44 28 10 14 18 
0.0224563 0.304727 0.504954 0.255486 0.736763 0.0929147 0.725948 0.0826142 0.207261 0.55633 0.113545 0.0717842 0.635153 0.817663 0.0959686 0.683654 0.394058 0.166514 0.479625 0.817901 0.270434 0.285679 0.199505 0.605645 0.073891 0.259245 0.80925 0.364534 0.994371 0.801273 0.560117 0.0168272 
45 55 37 11 40 
0.157986 0.998261 0.925378 0.365247 0.554591 0.0389228 0.437031 0.189744 0.856586 0.533 0.873398 0.250644 0.699514 0.353023 0.0685452 0.969948 0.638702 0.268051 0.575593 0.712593 0.527295 0.384843 0.0771268 0.521666 0.186116 0.637244 0.538493 0.292116 0.702315 0.810806 0.13488 0.860301 
46 50 34 38 26 
0.955767 0.19558 0.4268 0.20641 0.895094 0.779823 0.274956 0.865042 0.418526 0.543006 0.440635 0.131119 0.0703016 0.825478 0.208246 0.591968 0.0115933 0.84549 0.130461 0.303709 0.547805 0.941267 0.43859 0.408107 0.750335 0.498848 0.633655 0.113994 0.598029 0.296235 0.667396 0.553796 
47 17 11 48 35 
0.87402 0.0351619 0.251951 0.292546 0.578168 0.692585 0.423664 0.64847 0.518063 0.63191 0.240438 0.529656 0.4774 0.370899 0.833366 0.0252053 0.312166 0.271955 0.433312 0.0625012 0.770803 0.0669675 0.176495 0.368832 0.363203 0.843891 0.922628 0.855018 0.938088 0.682834 0.241926 0.812108 
48 36 16 17 54 
0.186463 0.528318 0.944634 0.704526 0.160228 0.185071 0.234182 0.637628 0.55597 0.0675477 0.662833 0.868136 0.339503 0.0961452 0.930637 0.110306 0.163113 0.107132 0.479138 0.526315 0.951024 0.401766 0.381333 0.889111 0.0846002 0.62326 0.701219 0.802596 0.117137 0.805872 0.0987599 0.303599 
49 34 9 53 37 
0.228465 0.242307 0.132046 0.784435 0.309854 0.794879 0.652571 0.649357 0.891024 0.583208 0.759664 0.0541367 0.69034 0.238802 0.580452 0.641364 0.640568 0.961785 0.530475 0.725168 0.585045 0.231694 0.527764 0.702181 0.0375664 0.626524 0.00578053 0.371757 0.669918 0.0139052 0.866174 0.898383 
50 23 0 39 46 
0.335388 0.215423 0.684123 0.918596 0.975087 0.73826 0.608936 0.213889 0.318712 0.250299 0.854458 0.280497 0.780774 0.579626 0.865542 0.0124682 0.10739 0.567723 0.0500346 0.733915 0.573504 0.421791 0.403833 0.587409 0.287966 0.302216 0.843621 0.286186 0.985033 0.409687 0.0792849 0.320421 
51 37 10 55 34 
0.501668 0.847953 0.814087 0.82038 0.0982519 0.668544 0.100877 0.879026 0.24817 0.966419 0.891494 0.355561 0.534142 0.941529 0.0894756 0.107646 0.36332 0.493308 0.695055 0.651286 0.795524 0.538676 0.937471 0.780557 0.948363 0.0167563 0.100979 0.573474 0.780164 0.339996 0.173671 0.281832 
52 3 33 26 55 
0.656303 0.203089 0.165226 0.904473 0.169508 0.0567205 0.260034 0.703651 0.998249 0.349509 0.811297 0.361569 0.842818 0.506352 0.0128548 0.638342 0.0450287 0.950326 0.418899 0.993392 0.967082 0.519878 0.566866 0.747247 0.859874 0.740537 0.029079 0.0478225 0.728296 0.131291 0.334023 0.384598 
53 14 40 9 16 
0.55597 0.549105 0.207539 0.554219 0.898614 0.018836 0.915788 0.741432 0.525188 0.928643 0.379774 0.570217 0.878969 0.798673 0.563609 0.846052 0.318552 0.130475 0.593298 0.178425 0.871013 0.622377 0.226248 0.599309 0.753669 0.560271 0.983907 0.0880488 0.0595199 0.272978 0.591937 0.615489 
54 20 28 25 48 
0.818313 0.0854965 0.462129 0.343501 0.0141394 0.841903 0.913718 0.893108 0.640577 0.477327 0.73916 0.959128 0.607803 0.332458 0.137554 0.478815 0.954836 0.363802 0.0781239 0.708504 0.924072 0.0620308 0.796553 0.983592 0.335009 0.38849 0.599082 0.157092 0.187967 0.76879 0.877789 0.0062794 
55 3 40 0 48 
0.181822 0.263498 0.761534 0.822398 0.740826 0.500694 0.781527 0.348628 0.833153 0.91908 0.827444 0.787988 0.282882 0.905567 0.496492 0.206954 0.967598 0.293045 0.190546 0.302607 0.681536 0.789628 0.459699 0.869503 0.558418 0.337489 0.875782 0.412704 0.677407 0.225562 0.28113 0.859229 
56 14 36 39 28 
0.543359 0.463154 0.578515 0.376512 0.382234 0.405958 0.1645 0.665116 0.311526 0.660993 0.87207 0.279124 0.954038 0.0626157 0.581731 0.635574 0.852244 0.0414305 0.505076 0.410661 0.378919 0.380858 0.823366 0.0563261 0.606421 0.104496 0.915555 0.0954813 0.147161 0.597182 0.325368 0.69052 
57 54 47 24 43 
0.309841 0.231532 0.107686 0.621367 0.892524 0.979756 0.900491 0.846562 0.0423715 0.482222 0.482136 0.894615 0.523653 0.987212 0.305276 0.902572 0.368071 0.128642 0.958898 0.974491 0.233138 0.874453 0.0699725 0.380299 0.471635 0.39534 0.0708185 0.531972 0.299223 0.13785 0.974542 0.609064 
