35 6
1 1 0 0 1 1 1 0 1 1 1 0 1 1 1 0 0 0 1 0 0 0 0 1 1 0 1 1 0 1 1 0 1 0 0 
0 25 7 3 32 5 
0.218402 0.220274 0.580154 0.236946 0.630794 0.929347 0.839391 0.696436 0.5041 0.345342 0.206665 0.878671 0.806695 0.122444 0.0982641 0.638202 0.937565 0.0105391 0.720036 0.0273058 0.327878 0.539645 0.303423 0.56022 0.419452 0.999134 0.319285 0.0527566 0.993243 0.68659 0.815951 0.211645 0.906864 0.396105 0.448592 0.537657 0.325452 0.287982 0.234093 0.829552 0.633324 0.440758 0.708223 0.440019 0.563202 0.806487 0.0782211 0.500767 0.817026 0.798257 0.528073 0.144904 0.337902 0.831496 0.705124 0.757354 0.83063 0.024409 0.810111 0.823873 0.710999 0.626062 0.0355185 0.617862 
1 22 21 29 28 6 
0.177171 0.405416 0.830371 0.885394 0.845435 0.393573 0.691881 0.923656 0.894341 0.508907 0.721913 0.422414 0.653812 0.0598157 0.25391 0.358936 0.81717 0.0845395 0.383345 0.627281 0.908412 0.0943436 0.253343 0.943931 0.712206 0.275509 0.428041 0.867726 0.623128 0.200133 0.257339 0.800299 0.605549 0.0877105 0.685693 0.450984 0.481284 0.377574 0.37464 0.375624 0.886481 0.0965533 0.798038 0.540293 0.156369 0.051948 0.899229 0.973539 0.136487 0.282573 0.60082 0.0448999 0.376917 0.854163 0.988831 0.0891232 0.129672 0.416872 0.956849 0.7528 0.617005 0.214188 0.553099 0.222554 
2 12 4 6 32 27 
0.158807 0.502847 0.144731 0.956845 0.0431397 0.3011 0.00879325 0.942368 0.274639 0.145281 0.224942 0.875459 0.190181 0.601859 0.729621 0.179011 0.690982 0.859293 0.595883 0.647831 0.612093 0.212888 0.86202 0.165192 0.435442 0.163919 0.403983 0.108979 0.947101 0.0203492 0.157157 0.105908 0.523196 0.301888 0.0627536 0.566336 0.602988 0.0715468 0.508704 0.877626 0.216828 0.733646 0.753085 0.407008 0.335505 0.482707 0.58602 0.0264872 0.342 0.181903 0.674319 0.954093 0.394791 0.536338 0.119284 0.830233 0.700257 0.523268 0.939212 0.647358 0.543617 0.0963688 0.753266 0.066813 
3 28 1 15 12 32 
0.141853 0.878871 0.104394 0.875499 0.631956 0.511402 0.211004 0.114662 0.097422 0.237491 0.456662 0.279325 0.91181 0.410755 0.674116 0.448148 0.530039 0.504348 0.148405 0.0533067 0.44356 0.795763 0.596924 0.539929 0.54903 0.663737 0.938186 0.36505 0.296885 0.93943 0.252616 0.438738 0.8183 0.357011 0.314237 0.450256 0.868413 0.525241 0.564919 0.965835 0.762732 0.0215807 0.24516 0.674542 0.432335 0.919276 0.12269 0.962374 0.423624 0.271095 0.015681 0.867185 0.0668581 0.612605 0.407114 0.615888 0.276341 0.3453 0.980937 0.573226 0.284729 0.233553 0.0119647 0.10303 
4 8 10 34 21 20 
0.118204 0.424812 0.614176 0.139785 0.669972 0.288718 0.57212 0.589248 0.411408 0.534495 0.0128721 0.682503 0.550175 0.880057 0.749361 0.16278 0.28717 0.365248 0.439121 0.63247 0.346186 0.0123476 0.917199 0.579739 0.0243123 0.0202289 0.170303 0.350514 0.573515 0.62928 0.201958 0.691719 0.0540922 0.816133 0.831504 0.724064 0.104851 0.403624 0.313312 0.516258 0.938118 0.326184 0.198761 0.488294 0.206241 0.948122 0.651074 0.493411 0.31337 0.090195 0.125881 0.659556 0.102543 0.0430807 0.239295 0.126855 0.0633096 0.409598 0.477369 0.636824 0.0388777 0.679327 0.328543 0.0929699 
5 13 23 19 32 7 
0.130346 0.116569 0.501789 0.456531 0.31533 0.990082 0.662772 0.263452 0.641156 0.156183 0.576822 0.731351 0.282065 0.236378 0.833894 0.325145 0.475672 0.960749 0.388455 0.88527 0.438118 0.0252789 0.924147 0.117445 0.353822 0.0171173 0.612905 0.513868 0.834152 0.213215 0.0775383 0.964498 0.329784 0.579327 0.421029 0.645114 0.569409 0.0838005 0.908566 0.210565 0.239984 0.485388 0.941917 0.522048 0.721766 0.77581 0.847194 0.197438 0.736559 0.235649 0.0827076 0.174677 0.260927 0.00685503 0.292122 0.614749 0.0239723 0.905026 0.128617 0.858124 0.118241 0.206156 0.822622 0.448026 
6 5 13 21 32 23 
0.0017063 0.565457 0.567435 0.487094 0.507374 0.0894833 0.20886 0.283184 0.936677 0.406298 0.0197434 0.172325 0.489006 0.19442 0.433253 0.495861 0.486542 0.0480021 0.519833 0.391568 0.176619 0.377957 0.509809 0.382775 0.200579 0.957835 0.168257 0.444229 0.0509752 0.523149 0.771681 0.0526815 0.0886061 0.339116 0.539776 0.59598 0.428599 0.748636 0.879164 0.365276 0.154934 0.898908 0.537601 0.64394 0.093328 0.970854 0.1398 0.57987 0.0188561 0.659633 0.971438 0.195475 0.0375901 0.481247 0.57825 0.238169 0.439082 0.746508 0.682398 0.490058 0.269657 0.454079 0.542739 0.358263 
7 30 10 17 25 32 
0.986085 0.732315 0.12467 0.630025 0.825643 0.0955245 0.769825 0.405513 0.114381 0.429458 0.376951 0.309856 0.467048 0.858198 0.888106 0.705217 0.297281 0.634614 0.387616 0.787338 0.904271 0.841694 0.330078 0.262534 0.634889 0.412593 0.216777 0.856682 0.243744 0.0501842 0.443752 0.229829 0.782499 0.568422 0.859854 0.608142 0.663947 0.629679 0.0136548 0.778327 0.0591371 0.390606 0.0881832 0.526186 0.248804 0.97629 0.231403 0.546085 0.610904 0.619018 0.333423 0.515175 0.460713 0.6635 0.777709 0.0956018 0.0760931 0.994486 0.952284 0.319837 0.0446701 0.396036 0.549666 0.827169 
8 3 20 27 32 13 
0.448966 0.406732 0.0983355 0.839571 0.494915 0.624521 0.0883752 0.471205 0.855924 0.63446 0.0821085 0.474942 0.967883 0.597283 0.935655 0.631383 0.374992 0.0312565 0.707476 0.369478 0.983541 0.027313 0.414148 0.379577 0.576979 0.241317 0.344035 0.986498 0.676628 0.97244 0.0256966 0.125594 0.379171 0.124032 0.965166 0.874086 0.748553 0.0535408 0.345291 0.604477 0.688001 0.4274 0.0794188 0.655883 0.024683 0.0150736 0.287266 0.399675 0.0463301 0.994743 0.769154 0.0298708 0.0220556 0.183302 0.409448 0.599034 0.424619 0.753482 0.585533 0.101248 0.725922 0.611229 0.226842 0.105093 
9 28 15 32 7 31 
0.324471 0.0882913 0.933549 0.75187 0.16771 0.589432 0.776553 0.182784 0.876699 0.176229 0.229114 0.871441 0.945382 0.258985 0.893497 0.128684 0.668432 0.492531 0.553304 0.421915 0.0780642 0.654552 0.147837 0.689294 0.881394 0.25293 0.424555 0.0734015 0.232109 0.908369 0.31895 0.55658 0.996661 0.252499 0.30845 0.164371 0.841931 0.0850038 0.347155 0.71863 0.261233 0.576268 0.590072 0.206615 0.835253 0.483569 0.335299 0.503685 0.9761 0.888603 0.9256 0.0541642 0.543155 0.0734361 0.743458 0.424549 0.326366 0.168013 0.49795 0.558475 0.0763821 0.8169 0.115056 0.0730429 
10 25 16 13 3 21 
0.769742 0.160837 0.220033 0.976357 0.996089 0.703601 0.311657 0.499774 0.679701 0.20026 0.425374 0.733866 0.743415 0.49881 0.477323 0.167964 0.825176 0.645336 0.665914 0.383652 0.721718 0.482814 0.498707 0.794761 0.552214 0.922213 0.0321749 0.463545 0.430723 0.616743 0.0935061 0.200465 0.77758 0.313539 0.176823 0.773669 0.0171402 0.488479 0.273443 0.696842 0.688739 0.698817 0.430707 0.432154 0.197628 0.908031 0.600117 0.0228038 0.553367 0.266031 0.406455 0.275085 0.748846 0.905162 0.0698464 0.30106 0.827376 0.102021 0.764605 0.258099 0.718764 0.858111 0.458564 0.496344 
11 25 32 17 15 21 
0.885631 0.812605 0.242274 0.316339 0.244758 0.439902 0.22437 0.844876 0.462705 0.777737 0.110907 0.869161 0.0528219 0.859753 0.774323 0.122668 0.160813 0.601699 0.22469 0.925418 0.859797 0.943454 0.783529 0.318361 0.439798 0.955178 0.953748 0.709811 0.143968 0.0776135 0.253267 0.0295995 0.890218 0.495541 0.345938 0.134977 0.935443 0.570308 0.979852 0.398148 0.348045 0.0907596 0.267309 0.400867 0.950513 0.0416316 0.523535 0.111326 0.64333 0.748225 0.0367435 0.503128 0.691679 0.820272 0.821489 0.131476 0.77545 0.775237 0.841287 0.919418 0.85285 0.0945546 0.949018 0.743068 
12 22 11 2 28 19 
0.857897 0.923686 0.213309 0.948657 0.190995 0.614176 0.89917 0.232626 0.137711 0.0104955 0.875957 0.885936 0.047239 0.379084 0.577614 0.867511 0.200573 0.709091 0.642961 0.97581 0.550378 0.56238 0.82866 0.644932 0.511398 0.571729 0.235028 0.806354 0.449774 0.760566 0.671618 0.307671 0.684253 0.884927 0.256328 0.875248 0.499103 0.155498 0.107874 0.636814 0.165993 0.983831 0.522749 0.213232 0.362915 0.100364 0.0807432 0.563489 0.809454 0.723705 0.539299 0.359832 0.286084 0.367959 0.00476437 0.797482 0.939688 0.239793 0.603836 0.389461 0.000359001 0.275454 0.697132 0.684612 
13 19 32 26 8 28 
0.274951 0.651564 0.819048 0.488183 0.0144793 0.919411 0.568926 0.577968 0.728865 0.292631 0.117266 0.0886973 0.578715 0.485225 0.0934617 0.376197 0.424913 0.333254 0.980033 0.814374 0.333613 0.255487 0.511506 0.018225 0.415868 0.464966 0.578084 0.0753528 0.573923 0.245818 0.371651 0.848874 0.897382 0.190699 0.337056 0.911861 0.11011 0.905982 0.489829 0.838976 0.198613 0.607095 0.927673 0.777328 0.0923204 0.0211349 0.153525 0.517233 0.354389 0.133558 0.331607 0.688002 0.389045 0.843113 0.706227 0.804913 0.308079 0.284312 0.880266 0.882002 0.530129 0.251917 0.730876 0.427511 
14 33 24 5 29 7 
0.8292 0.391703 0.172527 0.436296 0.319376 0.949855 0.528616 0.340511 0.10338 0.045849 0.6949 0.236938 0.377456 0.382902 0.625983 0.220569 0.0891293 0.430896 0.528647 0.373441 0.311162 0.410649 0.90357 0.563079 0.141525 0.331081 0.00569545 0.209456 0.670452 0.558422 0.183371 0.499653 0.950125 0.355898 0.935948 0.2695 0.305753 0.464564 0.610011 0.409132 0.510413 0.304911 0.64607 0.887869 0.687813 0.272053 0.108438 0.776942 0.702949 0.637085 0.150383 0.0141104 0.0477341 0.0539525 0.57719 0.189259 0.385033 0.582885 0.398715 0.0554856 0.141307 0.582086 0.555138 0.0914318 
15 17 8 6 10 13 
0.970943 0.652869 0.466064 0.275854 0.298939 0.353933 0.963666 0.570992 0.462371 0.740608 0.27394 0.0994558 0.89099 0.288051 0.14719 0.944943 0.86524 0.336449 0.329976 0.448125 0.735164 0.385462 0.589432 0.31725 0.9406 0.680864 0.255233 0.431687 0.0417963 0.498969 0.387337 0.0127394 0.151838 0.853401 0.288593 0.450777 0.207334 0.252259 0.0217688 0.669705 0.992867 0.295709 0.769161 0.883858 0.58376 0.916351 0.828801 0.449 0.252799 0.158777 0.897125 0.987963 0.544239 0.486557 0.305212 0.484839 0.167421 0.560446 0.916525 0.209218 0.059415 0.303863 0.221957 0.211253 
16 1 33 6 17 24 
0.683799 0.0343031 0.755676 0.979508 0.803464 0.639534 0.563268 0.719814 0.468334 0.0122671 0.972613 0.627111 0.909392 0.960576 0.17135 0.395949 0.265789 0.656189 0.56337 0.826234 0.572714 0.772588 0.885649 0.876577 0.994545 0.0969024 0.0338409 0.505095 0.758933 0.398439 0.267904 0.442732 0.432742 0.0235804 0.42224 0.236206 0.663114 0.985507 0.95602 0.131449 0.997774 0.928634 0.75856 0.907166 0.88921 0.92991 0.303115 0.154999 0.586099 0.866486 0.981233 0.158813 0.639073 0.866882 0.0353895 0.633618 0.963784 0.0692304 0.138713 0.722717 0.46767 0.406617 0.165449 0.900412 
17 20 27 31 26 8 
0.092638 0.224761 0.57097 0.0212717 0.983321 0.478136 0.910482 0.913231 0.781252 0.0654801 0.499329 0.647737 0.0467128 0.658142 0.286811 0.913595 0.693531 0.920429 0.877379 0.762762 0.0591423 0.600096 0.230431 0.46576 0.765544 0.130843 0.895957 0.353233 0.267461 0.98927 0.926429 0.360099 0.21403 0.497399 0.381371 0.197351 0.975535 0.291852 0.110582 0.756787 0.357332 0.609911 0.404524 0.404045 0.268053 0.691335 0.31764 0.961584 0.611764 0.195019 0.724346 0.670906 0.795115 0.954777 0.136666 0.560659 0.0856205 0.0326233 0.913892 0.353081 0.0218929 0.84032 0.71318 0.235923 
18 19 33 5 24 8 
0.543856 0.0700407 0.743735 0.153767 0.474565 0.147781 0.42182 0.165899 0.46542 0.383404 0.777663 0.660439 0.10775 0.448569 0.455554 0.0625275 0.585235 0.0162127 0.148148 0.617859 0.930105 0.501229 0.639751 0.770425 0.21441 0.875675 0.108144 0.308961 0.308949 0.421398 0.695364 0.852805 0.491439 0.439099 0.00657182 0.966004 0.58688 0.428392 0.131903 0.0523 0.811796 0.909566 0.712739 0.919546 0.358136 0.168293 0.982073 0.943371 0.184505 0.130221 0.561229 0.11461 0.631451 0.200981 0.885035 0.84586 0.0766554 0.993179 0.154821 0.385604 0.414578 0.850185 0.238409 0.906016 
19 29 2 6 13 24 
0.928463 0.485168 0.913489 0.641202 0.404714 0.271625 0.809495 0.386787 0.214996 0.994001 0.517008 0.776225 0.108611 0.148459 0.977206 0.993646 0.994319 0.0538614 0.986825 0.14914 0.439466 0.401403 0.999324 0.677875 0.307419 0.288608 0.922856 0.179439 0.164771 0.596229 0.183362 0.0932347 0.0813968 0.0968514 0.734437 0.486111 0.368476 0.543932 0.872898 0.583472 0.537933 0.389906 0.359697 0.646544 0.538365 0.336903 0.64019 0.532684 0.390764 0.627015 0.681824 0.83023 0.0284178 0.681149 0.508105 0.335837 0.969757 0.430961 0.515276 0.134528 0.0271892 0.698638 0.227763 0.108586 
20 25 10 32 24 28 
0.747438 0.044065 0.857501 0.107135 0.690609 0.395866 0.444038 0.330798 0.92855 0.834802 0.957813 0.610374 0.665032 0.986231 0.291522 0.173137 0.322068 0.261279 0.604098 0.837344 0.395807 0.631287 0.535983 0.62357 0.739873 0.331472 0.58577 0.334569 0.495438 0.0919017 0.802164 0.242876 0.135967 0.659665 0.350011 0.826575 0.0555305 0.794049 0.157373 0.98408 0.628851 0.115187 0.594454 0.293883 0.101418 0.885976 0.46702 0.423485 0.147255 0.0711171 0.26083 0.543062 0.702404 0.796812 0.166632 0.442277 0.128285 0.752402 0.776846 0.623723 0.844303 0.57901 0.866599 0.98027 
21 31 19 29 25 16 
0.964219 0.278286 0.639509 0.0794052 0.87274 0.933392 0.180823 0.758716 0.400412 0.604308 0.905971 0.471529 0.865138 0.449034 0.173933 0.66195 0.615666 0.616209 0.790234 0.368067 0.393055 0.413957 0.212371 0.972066 0.280556 0.192641 0.21074 0.497166 0.999486 0.504946 0.507825 0.963705 0.783231 0.147334 0.0431098 0.655971 0.0807267 0.223933 0.414687 0.481139 0.828241 0.320659 0.952667 0.693379 0.769692 0.1266 0.355329 0.385358 0.742809 0.145563 0.753426 0.135865 0.55952 0.965796 0.10793 0.840077 0.158437 0.318671 0.337243 0.157923 0.823616 0.845068 0.121628 0.606848 
22 12 31 25 30 9 
0.677506 0.554268 0.216911 0.998165 0.506935 0.91029 0.767857 0.633535 0.265618 0.153215 0.376344 0.411181 0.906641 0.512209 0.970701 0.872438 0.62014 0.810778 0.0308748 0.93881 0.148021 0.188798 0.762427 0.993089 0.310426 0.369275 0.985491 0.475163 0.632094 0.0586201 0.863834 0.3096 0.612888 0.0807447 0.307765 0.119823 0.991034 0.0756221 0.753358 0.256652 0.228838 0.129702 0.667833 0.135479 0.641911 0.638535 0.00791627 0.262051 0.449313 0.0387911 0.200861 0.597334 0.227589 0.963288 0.590422 0.538015 0.332562 0.575913 0.0131784 0.964656 0.634533 0.877012 0.274256 0.247421 
23 16 20 14 19 24 
0.120601 0.205443 0.88648 0.250303 0.873277 0.021959 0.892215 0.511811 0.0298753 0.154265 0.961124 0.0686664 0.355126 0.558458 0.296256 0.318414 0.14888 0.834271 0.650976 0.724793 0.847449 0.615632 0.359327 0.724461 0.889888 0.606748 0.682218 0.471909 0.973992 0.631009 0.129551 0.0945932 0.836452 0.0160317 0.344897 0.709729 0.0379908 0.237111 0.22154 0.0678661 0.391376 0.182664 0.136533 0.746502 0.741122 0.432788 0.0649163 0.890002 0.267059 0.715892 0.614795 0.114507 0.331524 0.974122 0.838969 0.221412 0.580871 0.521186 0.693321 0.554862 0.152195 0.822872 0.649456 0.988647 
24 33 22 3 30 16 
0.944761 0.622839 0.10258 0.0812934 0.369342 0.843702 0.514081 0.434258 0.733704 0.78114 0.150151 0.348499 0.895648 0.481675 0.322622 0.734616 0.703087 0.903492 0.255802 0.396408 0.458355 0.407998 0.219281 0.10781 0.396645 0.0581845 0.102163 0.0950203 0.935079 0.333626 0.014936 0.87984 0.956465 0.117516 0.961134 0.325807 0.961217 0.475215 0.760065 0.694921 0.256355 0.910216 0.0434202 0.152003 0.391891 0.366042 0.886619 0.0949784 0.269534 0.142421 0.491387 0.727889 0.550419 0.710667 0.835699 0.947063 0.768852 0.937862 0.0420836 0.703931 0.271488 0.0570196 0.583771 0.227953 
25 19 12 32 30 10 
0.313825 0.830674 0.276475 0.224041 0.874094 0.428478 0.615932 0.240136 0.315097 0.71091 0.50967 0.457518 0.202297 0.237559 0.00793649 0.912964 0.0732583 0.955 0.681816 0.01112 0.997083 0.385747 0.282608 0.054103 0.969518 0.51056 0.228638 0.514423 0.0643201 0.364391 0.534543 0.378145 0.195065 0.811018 0.602186 0.0691592 0.239496 0.218119 0.309295 0.554592 0.929029 0.818965 0.0121102 0.131326 0.0565244 0.0200467 0.0442903 0.129783 0.975047 0.726106 0.140903 0.97213 0.111853 0.42351 0.026233 0.0813712 0.934071 0.254871 0.595794 0.998391 0.619263 0.130337 0.376536 0.814328 
26 17 5 29 23 13 
0.192782 0.735443 0.12587 0.0117476 0.747554 0.257196 0.068272 0.7676 0.301486 0.198055 0.742647 0.0275926 0.338957 0.714777 0.139446 0.762468 0.74101 0.220817 0.696538 0.995881 0.816611 0.694929 0.615144 0.946948 0.0714647 0.429471 0.888303 0.0501871 0.312958 0.069154 0.247028 0.50574 0.804597 0.372898 0.517488 0.552151 0.630094 0.58576 0.319751 0.93158 0.783814 0.0623979 0.959173 0.122772 0.777175 0.0986188 0.885239 0.518184 0.319436 0.581777 0.514065 0.136047 0.276706 0.129209 0.0829949 0.348171 0.55868 0.971298 0.398358 0.871638 0.040452 0.645386 0.377379 0.845049 
27 33 5 12 8 16 
0.579959 0.264441 0.779349 0.539132 0.387213 0.556524 0.637751 0.272452 0.0747079 0.957186 0.854229 0.588773 0.093233 0.130936 0.717982 0.176228 0.479107 0.276662 0.147526 0.877465 0.1483 0.187978 0.522851 0.525679 0.0330273 0.541135 0.420545 0.430227 0.189513 0.901172 0.147179 0.769472 0.165613 0.926528 0.308604 0.552825 0.483051 0.946354 0.825277 0.557759 0.903541 0.679507 0.146532 0.996774 0.810443 0.864514 0.173002 0.289549 0.141176 0.320528 0.167014 0.289477 0.508506 0.689865 0.815156 0.541533 0.231 0.235701 0.97176 0.420514 0.136873 0.118939 0.189986 0.302486 
28 19 30 17 5 1 
0.360096 0.23281 0.345259 0.170538 0.0973245 0.518261 0.460088 0.238501 0.838788 0.627102 0.527978 0.347294 0.316967 0.343134 0.888826 0.547967 0.578835 0.860587 0.968481 0.715708 0.979526 0.158468 0.0181937 0.0249925 0.657058 0.873505 0.553511 0.102002 0.554094 0.639788 0.450487 0.914189 0.872599 0.795746 0.0847272 0.969923 0.314007 0.544815 0.208424 0.152795 0.171916 0.736402 0.500089 0.488884 0.0795353 0.388915 0.036851 0.65837 0.249502 0.00533246 0.374078 0.229027 0.1638 0.392272 0.25402 0.820858 0.265776 0.807531 0.92286 0.81987 0.447319 0.373347 0.734059 0.319918 
29 9 26 11 21 18 
0.498265 0.635895 0.535517 0.234666 0.135984 0.0244009 0.314202 0.524899 0.0612519 0.972572 0.774401 0.0665844 0.34665 0.00342823 0.230384 0.738921 0.257448 0.051242 0.00469745 0.064979 0.974102 0.824567 0.512298 0.347449 0.558626 0.832216 0.516542 0.377412 0.122057 0.999642 0.741013 0.620321 0.635537 0.276531 0.854988 0.771521 0.300931 0.169189 0.29642 0.362183 0.141761 0.070821 0.428768 0.488411 0.0742492 0.659152 0.227332 0.331697 0.710394 0.232029 0.396676 0.684496 0.0565964 0.908975 0.0319444 0.615223 0.74119 0.548486 0.992635 0.863247 0.548129 0.733648 0.483568 0.183666 
30 23 24 6 17 18 
0.251608 0.673294 0.649506 0.322429 0.102061 0.137917 0.396678 0.761213 0.365248 0.728375 0.471607 0.597277 0.125052 0.156103 0.653874 0.0340263 0.188047 0.269096 0.775217 0.736534 0.261732 0.638464 0.284663 0.99538 0.122032 0.468329 0.00555879 0.460587 0.423517 0.316669 0.968332 0.675124 0.989963 0.617838 0.997553 0.092024 0.755755 0.394231 0.853237 0.121003 0.122607 0.324845 0.718281 0.247658 0.480948 0.372154 0.281685 0.668995 0.641251 0.0569014 0.405529 0.902983 0.695365 0.690192 0.898362 0.817397 0.158521 0.903921 0.277984 0.582038 0.22059 0.246316 0.257162 0.210553 
31 9 24 5 27 19 
0.740913 0.771553 0.480659 0.459194 0.0192111 0.961607 0.831349 0.300896 0.630602 0.472599 0.357797 0.0361314 0.375582 0.0531622 0.726323 0.273944 0.870559 0.884844 0.177866 0.148543 0.466882 0.398456 0.394859 0.724044 0.609009 0.259014 0.978759 0.911586 0.878924 0.627705 0.0674006 0.619838 0.399258 0.54806 0.0790316 0.418469 0.509667 0.91038 0.719365 0.140269 0.38298 0.077162 0.1764 0.758562 0.130324 0.902724 0.0325061 0.000883032 0.787568 0.210372 0.149426 0.25445 0.608828 0.544285 0.978493 0.217837 0.803299 0.957252 0.129423 0.682223 0.584957 0.196823 0.302061 0.984215 
32 10 5 9 24 28 
0.122049 0.394819 0.674452 0.199211 0.571219 0.433014 0.329535 0.473943 0.46552 0.330418 0.261511 0.675892 0.479844 0.515961 0.28472 0.0241291 0.494454 0.502556 0.827428 0.451706 0.631979 0.509652 0.0366638 0.828803 0.811713 0.0208789 0.573686 0.192806 0.423563 0.828236 0.484278 0.545612 0.223055 0.158731 0.744823 0.794274 0.591745 0.0743577 0.268217 0.0572648 0.404776 0.529728 0.733157 0.88462 0.045689 0.0178764 0.908749 0.540143 0.520433 0.736177 0.99185 0.152412 0.245829 0.0285134 0.981215 0.0575421 0.0493923 0.554901 0.250348 0.472955 0.383137 0.734626 0.0185671 0.606192 
33 12 25 27 21 24 
0.542366 0.242523 0.198412 0.275523 0.127143 0.244101 0.293399 0.0358918 0.784245 0.813832 0.772069 0.776094 0.966244 0.0178982 0.804608 0.947459 0.0754403 0.854 0.50236 0.325788 0.326955 0.885498 0.0604137 0.345523 0.49169 0.95377 0.108912 0.892157 0.438871 0.94666 0.560841 0.981237 0.189183 0.759254 0.25676 0.316326 0.003355 0.550159 0.352218 0.7876 0.363991 0.124287 0.563694 0.330235 0.142185 0.368302 0.277694 0.217625 0.222302 0.780055 0.543413 0.549258 0.665553 0.603827 0.89478 0.157243 0.557597 0.00369248 0.0493996 0.996468 0.950352 0.610241 0.977706 0.139535 
34 5 14 20 21 9 
0.148616 0.932366 0.724143 0.478851 0.0745515 0.0924448 0.756546 0.292177 0.314747 0.536601 0.83559 0.864004 0.202153 0.439417 0.758785 0.359396 0.997014 0.762477 0.408795 0.993483 0.712829 0.0190361 0.971189 0.852365 0.38853 0.205654 0.308226 0.761379 0.990279 0.116306 0.921828 0.138895 0.048672 0.645971 0.617746 0.123223 0.738416 0.374292 0.4154 0.0531628 0.910893 0.250991 0.917167 0.113046 0.690408 0.675952 0.472442 0.687422 0.438429 0.881237 0.680905 0.151258 0.900273 0.652094 0.00362293 0.288803 0.857749 0.311849 0.0501827 0.848028 0.428155 0.972011 0.986923 0.476827 
