18 6
1 0 1 0 0 0 1 0 0 1 0 1 1 0 0 1 1 1 
0 7 6 15 9 10 
0.202431 0.574369 0.0302595 0.651981 0.131133 0.949664 0.99264 0.104816 0.84709 0.204834 0.316231 0.201519 0.0551899 0.706286 0.0768027 0.35298 0.69649 0.442206 0.706769 0.656705 0.0347909 0.916878 0.489255 0.405169 0.191171 0.901093 0.407539 0.507724 0.00135815 0.845862 0.672405 0.20379 0.420231 0.702665 0.855771 0.551364 0.652329 0.848411 0.656179 0.499419 0.0532445 0.97241 0.700938 0.108434 0.678696 0.777741 0.461415 0.375186 0.219946 0.168184 0.0318907 0.254737 0.0850615 0.521146 0.659906 0.276232 0.422239 0.0674453 0.783956 0.423597 0.913307 0.456361 0.627387 0.333538 
1 16 14 9 15 11 
0.541082 0.310774 0.384813 0.513492 0.0117116 0.493247 0.192188 0.789452 0.954662 0.567374 0.00939862 0.122846 0.599264 0.264136 0.207907 0.12041 0.924042 0.48414 0.54265 0.991487 0.268096 0.966247 0.904794 0.724457 0.593634 0.238333 0.883483 0.0767915 0.123235 0.694838 0.40836 0.664316 0.00561169 0.793173 0.177808 0.0173233 0.28642 0.369996 0.806776 0.241082 0.937369 0.816174 0.363928 0.536634 0.08031 0.571835 0.657044 0.00435181 0.0559745 0.199694 0.995839 0.32407 0.16594 0.900633 0.0485271 0.759574 0.138966 0.93201 0.836366 0.262201 0.626848 0.244726 0.926517 0.63246 
2 12 13 7 15 8 
0.5654 0.41169 0.272733 0.929328 0.948323 0.353043 0.501163 0.605367 0.357395 0.557137 0.805061 0.353234 0.881207 0.971001 0.253867 0.929735 0.730575 0.392833 0.861745 0.566941 0.655033 0.488593 0.811667 0.58155 0.121053 0.849565 0.685875 0.770836 0.173883 0.160195 0.227395 0.739283 0.571885 0.500128 0.668611 0.520208 0.853171 0.169774 0.125575 0.210566 0.726911 0.930636 0.5638 0.608119 0.901637 0.817667 0.537853 0.632213 0.2105 0.399598 0.199154 0.865533 0.888191 0.0108208 0.447083 0.00924458 0.860386 0.132958 0.780081 0.0342694 0.293153 0.00747628 0.773553 0.865038 
3 2 12 15 10 9 
0.510821 0.571342 0.33885 0.441457 0.135142 0.946969 0.343095 0.952809 0.484822 0.975307 0.163309 0.88442 0.174461 0.0288415 0.772612 0.185282 0.475925 0.781856 0.0456677 0.608883 0.561937 0.0799371 0.902036 0.569414 0.85349 0.767074 0.0770182 0.295654 0.15232 0.437794 0.907592 0.663142 0.00913616 0.246442 0.104599 0.144278 0.193411 0.447694 0.0970871 0.678233 0.423001 0.260396 0.562653 0.597462 0.289237 0.335265 0.782743 0.765162 0.117121 0.828411 0.374044 0.679058 0.908348 0.27608 0.248472 0.761838 0.0431539 0.32549 0.0574921 0.195474 0.763284 0.965084 0.858616 0.77242 
4 8 6 13 9 7 
0.0137856 0.0831694 0.833909 0.274181 0.645822 0.43137 0.563418 0.981087 0.214114 0.32858 0.0982077 0.0425249 0.702624 0.777266 0.950873 0.978704 0.0257379 0.712711 0.0218582 0.351228 0.770203 0.217332 0.114512 0.735288 0.0759478 0.886932 0.946814 0.0391624 0.803631 0.351751 0.450071 0.817417 0.43492 0.283979 0.0915979 0.0807423 0.71535 0.655016 0.0618291 0.929464 0.983597 0.160037 0.971989 0.686221 0.937303 0.922862 0.664925 0.963041 0.635573 0.686783 0.314269 0.405776 0.904116 0.428781 0.141063 0.980063 0.315713 0.0878774 0.0192257 0.119344 0.439628 0.469296 0.936761 0.874548 
5 15 6 9 10 4 
0.398089 0.666972 0.177156 0.370078 0.353193 0.114459 0.29294 0.0181177 0.0774998 0.928512 0.704901 0.391769 0.334288 0.609017 0.820549 0.475352 0.58908 0.136263 0.563229 0.608306 0.255607 0.00285724 0.0776017 0.192368 0.877405 0.830877 0.220727 0.832696 0.299503 0.904102 0.849815 0.697592 0.571074 0.0269715 0.06767 0.924266 0.141431 0.36061 0.942384 0.21893 0.289122 0.647285 0.610699 0.62341 0.256301 0.431248 0.098762 0.845381 0.567511 0.661991 0.453687 0.823118 0.664848 0.531289 0.0154861 0.542254 0.362166 0.236213 0.37495 0.661669 0.140315 0.224765 0.359261 0.711389 
6 15 9 0 1 2 
0.0766626 0.225324 0.222796 0.700073 0.481625 0.654044 0.798835 0.327007 0.221555 0.460826 0.780694 0.0446734 0.125674 0.311982 0.0601595 0.667928 0.674148 0.296372 0.0428775 0.335817 0.436687 0.267642 0.695078 0.148076 0.519379 0.122009 0.783731 0.912545 0.90955 0.36177 0.524643 0.986212 0.587094 0.747439 0.686285 0.0687195 0.401483 0.48512 0.395726 0.623038 0.945946 0.17642 0.667712 0.0716198 0.488402 0.727871 0.739548 0.16255 0.0242439 0.782425 0.498367 0.460931 0.0500676 0.193445 0.609007 0.569446 0.315454 0.392739 0.481992 0.225004 0.754509 0.00663424 0.211216 0.341603 
7 6 0 4 11 13 
0.778595 0.328566 0.982468 0.446306 0.400186 0.47087 0.174178 0.139734 0.63342 0.198422 0.922159 0.131787 0.659353 0.972226 0.325232 0.26836 0.541673 0.640686 0.661099 0.0236642 0.86569 0.415608 0.0302985 0.076906 0.75721 0.784371 0.974407 0.167533 0.939928 0.357027 0.973581 0.718522 0.685594 0.956049 0.164829 0.0857794 0.426919 0.339006 0.225513 0.0603395 0.537428 0.147672 0.192127 0.196781 0.119898 0.517359 0.465142 0.661571 0.158045 0.126241 0.685235 0.0237356 0.541849 0.715534 0.100642 0.299059 0.499905 0.0750484 0.466591 0.439833 0.432076 0.440172 0.158355 0.117669 
8 6 0 9 4 5 
0.199618 0.576634 0.0756069 0.396399 0.696532 0.592966 0.861541 0.358103 0.751011 0.987782 0.0433386 0.774747 0.52963 0.758872 0.875389 0.828689 0.258778 0.950437 0.295281 0.698611 0.382513 0.735453 0.856966 0.500182 0.131675 0.180149 0.703631 0.954815 0.842339 0.132593 0.838295 0.0419571 0.709226 0.913902 0.438356 0.405758 0.506868 0.299898 0.763862 0.25788 0.28768 0.8072 0.0326267 0.81731 0.566073 0.908015 0.645999 0.824851 0.858452 0.94128 0.523461 0.240965 0.676733 0.380427 0.741147 0.808408 0.560576 0.444778 0.763223 0.402915 0.577371 0.601519 0.444872 0.286597 
9 7 12 3 5 10 
0.456217 0.280169 0.470805 0.263418 0.312796 0.288115 0.829491 0.220811 0.934115 0.654341 0.0792633 0.875395 0.177802 0.320228 0.552128 0.558229 0.0613757 0.360536 0.118805 0.506154 0.12376 0.52172 0.0835246 0.725278 0.966592 0.370122 0.240699 0.84982 0.0624771 0.262989 0.032946 0.518694 0.543158 0.503751 0.782112 0.855953 0.791867 0.611603 0.0767643 0.725982 0.265944 0.156028 0.601377 0.443746 0.476256 0.153505 0.00197514 0.537632 0.514041 0.12078 0.0437856 0.637801 0.6425 0.12731 0.363079 0.609092 0.497432 0.603779 0.458912 0.559909 0.866767 0.491858 0.0786033 0.409925 
10 11 13 14 4 5 
0.342642 0.513458 0.738262 0.49867 0.114835 0.182008 0.974926 0.26834 0.183983 0.512558 0.782381 0.304763 0.556343 0.420182 0.947263 0.683654 0.783261 0.556354 0.181085 0.38704 0.0152659 0.740994 0.253807 0.507124 0.819598 0.663732 0.502733 0.680313 0.92961 0.290209 0.152631 0.272252 0.803667 0.890893 0.770922 0.918501 0.0729001 0.745848 0.186841 0.256883 0.258406 0.969222 0.561646 0.814749 0.389404 0.508908 0.498403 0.172665 0.0652628 0.679489 0.559705 0.0805287 0.420483 0.813512 0.587652 0.240081 0.477244 0.0903849 0.920394 0.406854 0.380594 0.0730247 0.679106 0.18426 
11 5 15 2 12 9 
0.2937 0.454283 0.258824 0.855346 0.269032 0.648228 0.364254 0.767435 0.820894 0.429517 0.446924 0.380599 0.510046 0.867407 0.194111 0.0976981 0.107487 0.671356 0.188083 0.0278811 0.0782099 0.568677 0.100906 0.757316 0.752937 0.0648231 0.207345 0.855698 0.101641 0.403222 0.1453 0.395341 0.857504 0.404125 0.250687 0.126536 0.052353 0.614941 0.893971 0.873247 0.0444585 0.340895 0.253846 0.554504 0.208302 0.447957 0.652202 0.315789 0.119313 0.840285 0.34367 0.197523 0.408962 0.444576 0.954839 0.161899 0.509399 0.162184 0.0175971 0.61104 0.565405 0.162898 0.00638061 0.42291 
12 4 2 9 14 5 
0.492622 0.916467 0.784312 0.746467 0.470972 0.992614 0.194424 0.123174 0.308403 0.313737 0.96346 0.652074 0.51126 0.372422 0.0966497 0.466099 0.534321 0.606049 0.628282 0.551918 0.217089 0.193688 0.714815 0.223469 0.616597 0.281837 0.480537 0.166043 0.901213 0.352545 0.60946 0.393834 0.269013 0.393772 0.140302 0.739984 0.386387 0.334726 0.863158 0.69479 0.648463 0.826618 0.346864 0.159723 0.199039 0.443513 0.625822 0.73336 0.0495623 0.254104 0.285278 0.266651 0.447791 9.28552e-05 0.49012 0.0643885 0.28193 0.970657 0.230431 0.183143 0.323202 0.839891 0.576977 0.592215 
13 17 3 0 10 1 
0.195358 0.314841 0.700469 0.0219753 0.661704 0.860192 0.221015 0.105218 0.486014 0.954375 0.15478 0.740118 0.239652 0.421431 0.187909 0.239745 0.911551 0.252298 0.521675 0.882208 0.482729 0.704818 0.20541 0.322621 0.281796 0.797625 0.556284 0.999075 0.129824 0.176335 0.0510809 0.325182 0.491176 0.75155 0.347157 0.15288 0.611742 0.568172 0.258098 0.0977563 0.522547 0.412878 0.837874 0.762199 0.834308 0.0257837 0.00194417 0.745859 0.278082 0.52362 0.628067 0.760811 0.228438 0.833477 0.0834314 0.510234 0.631103 0.639716 0.509309 0.760927 0.816051 0.56039 0.0861092 0.307227 
14 15 8 7 1 9 
0.718204 0.0214386 0.523985 0.131082 0.859313 0.286184 0.96539 0.885097 0.288128 0.71125 0.163178 0.811748 0.339317 0.923989 0.040186 0.172794 0.00742053 0.55042 0.803897 0.647136 0.059729 0.564824 0.463187 0.620119 0.650933 0.770414 0.932059 0.0841999 0.230521 0.855741 0.0856384 0.948725 0.87718 0.609623 0.0798067 0.736493 0.895808 0.0451969 0.621589 0.183936 0.756446 0.784768 0.995684 0.0957633 0.708757 0.0358697 0.268558 0.716177 0.58629 0.0724547 0.363314 0.646019 0.637279 0.826501 0.266138 0.288212 0.596915 0.198197 0.372412 0.827436 0.0539378 0.458051 0.776161 0.931118 
15 8 11 13 6 14 
0.147418 0.657611 0.0739672 0.143101 0.753374 0.782724 0.178971 0.0219315 0.498901 0.765261 0.0943862 0.862215 0.411279 0.731665 0.688716 0.677417 0.0198776 0.285631 0.875614 0.39229 0.113067 0.929552 0.850341 0.889227 0.860669 0.918015 0.745194 0.528279 0.881497 0.646359 0.817479 0.0289143 0.303969 0.891446 0.172016 0.0573432 0.67417 0.350987 0.0792747 0.173071 0.116247 0.173661 0.0352857 0.527527 0.905326 0.724001 0.204944 0.925204 0.00963219 0.0805577 0.317494 0.122699 0.0101092 0.167834 0.0119259 0.870778 0.0858493 0.75712 0.399058 0.967346 0.403479 0.216537 0.99626 0.707448 
16 2 12 4 13 14 
0.0177269 0.990509 0.163037 0.923053 0.714511 0.367981 0.848257 0.724143 0.448539 0.16575 0.846842 0.458648 0.333585 0.858768 0.329426 0.419434 0.615888 0.728484 0.38678 0.0193667 0.945021 0.38304 0.726815 0.0530034 0.551316 0.491606 0.835156 0.0705786 0.335672 0.79038 0.706089 0.353399 0.780889 0.869126 0.276452 0.4954 0.237106 0.124709 0.219543 0.685645 0.290459 0.0663848 0.144293 0.624044 0.925152 0.473719 0.0434777 0.54104 0.202203 0.430258 0.560407 0.147224 0.813298 0.287222 0.200228 0.364614 0.778828 0.0353838 0.435192 0.1145 0.825764 0.141281 0.467899 0.606653 
17 13 16 10 4 9 
0.933158 0.159519 0.387981 0.0774513 0.783563 0.313133 0.551171 0.82704 0.854174 0.753374 0.257298 0.414581 0.900598 0.0705955 0.701802 0.100826 0.435209 0.48063 0.13621 0.870402 0.595131 0.961973 0.0116825 0.0630297 0.568626 0.0220889 0.807381 0.67068 0.269602 0.676441 0.992276 0.20276 0.835959 0.380257 0.280211 0.619522 0.69339 0.831382 0.446562 0.547564 0.584756 0.70386 0.962145 0.485355 0.774455 0.663947 0.586181 0.209665 0.144578 0.72239 0.0800663 0.739708 0.684364 0.0917488 0.802738 0.25299 0.113838 0.610119 0.92367 0.383439 0.286559 0.915946 0.586199 0.122519 
