89 4
0 1 1 1 0 1 0 0 0 1 0 0 0 1 0 0 0 0 0 0 1 0 0 1 0 1 0 1 1 0 0 0 0 0 1 0 1 0 1 0 0 1 1 1 1 0 0 0 0 1 1 0 0 0 1 1 1 0 0 1 1 1 0 0 1 0 1 1 0 0 0 1 0 0 0 0 0 1 1 1 0 1 0 1 0 0 0 0 1 
0 78 10 72 
0.662427 0.282897 0.0620178 0.594339 0.495479 0.983274 0.221538 0.0129573 0.525484 0.482953 0.547496 0.615897 0.198631 0.369711 0.00447471 0.613864 
1 4 65 50 
0.39726 0.732977 0.780459 0.869581 0.816636 0.397305 0.595772 0.895984 0.582327 0.245675 0.591195 0.921418 0.908103 0.874092 0.983435 0.502442 
2 13 67 32 
0.492193 0.206932 0.930024 0.10809 0.405563 0.299735 0.112565 0.019428 0.0741212 0.670681 0.664882 0.471381 0.403658 0.445342 0.340962 0.220294 
3 73 27 34 
0.424973 0.182409 0.707473 0.346391 0.0905118 0.581564 0.329826 0.592954 0.951135 0.296536 0.316933 0.333663 0.788729 0.523865 0.263688 0.896819 
4 26 48 40 
0.680065 0.613739 0.108925 0.083723 0.0590808 0.449886 0.304017 0.901728 0.38662 0.420294 0.326701 0.56903 0.127767 0.673092 0.659541 0.709331 
5 40 8 46 
0.299454 0.569428 0.99413 0.088183 0.0932934 0.257817 0.985002 0.0227222 0.82124 0.994387 0.971579 0.458784 0.674452 0.585318 0.567709 0.758175 
6 60 45 71 
0.546127 0.404216 0.482486 0.872828 0.973246 0.610253 0.54592 0.632787 0.319584 0.548838 0.885282 0.980051 0.848292 0.45471 0.974181 0.936475 
7 67 27 34 
0.0532384 0.915865 0.542304 0.512023 0.590317 0.127622 0.0797317 0.348492 0.772021 0.0973273 0.410684 0.318148 0.501543 0.893171 0.190975 0.474789 
8 50 59 13 
0.823008 0.285733 0.992858 0.803059 0.134025 0.447567 0.77724 0.0705 0.995571 0.00923785 0.991977 0.566296 0.0624762 0.907842 0.1086 0.574499 
9 59 4 58 
0.846651 0.0082441 0.751558 0.257336 0.326392 0.253101 0.150506 0.517367 0.72789 0.65393 0.254262 0.835466 0.476938 0.539995 0.828323 0.279997 
10 36 71 48 
0.74452 0.271462 0.0664751 0.736498 0.837758 0.128951 0.64434 0.946358 0.70345 0.142499 0.182581 0.357681 0.98915 0.190825 0.109238 0.246486 
11 43 82 4 
0.0345841 0.0902295 0.0509225 0.288847 0.925695 0.527861 0.828842 0.754019 0.807858 0.502862 0.0299093 0.865096 0.247383 0.301371 0.931571 0.983881 
12 45 82 48 
0.0854863 0.763972 0.770719 0.268067 0.121653 0.75987 0.458892 0.230891 0.00635567 0.976108 0.593231 0.403348 0.0106926 0.68346 0.454271 0.299539 
13 62 49 71 
0.363174 0.78999 0.631243 0.393083 0.655085 0.878626 0.694454 0.586656 0.862506 0.833582 0.647178 0.490727 0.919069 0.41115 0.261446 0.187136 
14 25 65 32 
0.763694 0.0276716 0.622136 0.356924 0.43102 0.632828 0.0403844 0.88529 0.932367 0.64954 0.867422 0.0607485 0.0127133 0.657411 0.691992 0.405796 
15 34 27 68 
0.899153 0.433124 0.933832 0.546331 0.923851 0.852901 0.957481 0.185297 0.0400367 0.490284 0.206613 0.686064 0.253978 0.234285 0.3082 0.610902 
16 57 29 6 
0.550594 0.873396 0.300826 0.418016 0.934144 0.313539 0.0754271 0.626136 0.719335 0.387924 0.196754 0.819586 0.287077 0.629878 0.753418 0.833408 
17 83 6 26 
0.739026 0.646356 0.281173 0.945639 0.33242 0.53515 0.179924 0.64062 0.146052 0.845228 0.581648 0.797339 0.395822 0.455044 0.0981648 0.813838 
18 85 56 8 
0.0153241 0.131039 0.277189 0.212078 0.950625 0.564266 0.841955 0.704043 0.397673 0.395684 0.310362 0.188562 0.13471 0.956718 0.469735 0.0803488 
19 35 42 75 
0.929758 0.150938 0.1055 0.511406 0.948277 0.501322 0.96645 0.0464418 0.31516 0.355638 0.458146 0.204425 0.370963 0.589185 0.481613 0.58304 
20 47 77 55 
0.243854 0.443553 0.82068 0.554216 0.632115 0.95539 0.510934 0.10185 0.0357383 0.800073 0.106736 0.296011 0.729831 0.257674 0.401511 0.241238 
21 45 61 69 
0.252393 0.217992 0.563326 0.710539 0.422417 0.934289 0.299724 0.904031 0.517329 0.839535 0.94991 0.942325 0.083388 0.393462 0.763005 0.637604 
22 68 49 14 
0.127428 0.754132 0.948611 0.234164 0.050143 0.678442 0.491838 0.451654 0.91968 0.69779 0.354486 0.127368 0.950183 0.572479 0.690694 0.660722 
23 35 20 34 
0.898926 0.142313 0.799981 0.848836 0.0846377 0.883369 0.242298 0.847642 0.520973 0.267876 0.566036 0.669511 0.395303 0.320169 0.618122 0.629467 
24 69 70 4 
0.821965 0.216245 0.819095 0.176452 0.343613 0.769277 0.74893 0.0343073 0.429999 0.743826 0.659291 0.390445 0.642752 0.801603 0.190426 0.491588 
25 54 46 13 
0.733883 0.594767 0.00176155 0.29992 0.264278 0.397065 0.620089 0.8824 0.0265317 0.990401 0.178965 0.147837 0.812366 0.39521 0.966931 0.988818 
26 63 14 73 
0.77313 0.166208 0.481574 0.432421 0.556653 0.124326 0.234024 0.747079 0.615914 0.120265 0.820873 0.3498 0.854149 0.41564 0.351561 0.154069 
27 2 67 23 
0.562318 0.775158 0.764558 0.741283 0.922995 0.576924 0.136493 0.889926 0.565742 0.875316 0.626135 0.30349 0.648446 0.792343 0.785063 0.0808673 
28 33 5 38 
0.525303 0.435157 0.916947 0.875102 0.289306 0.332587 0.226663 0.443375 0.0125048 0.975289 0.217532 0.574823 0.750447 0.98209 0.316106 0.673442 
29 17 83 24 
0.124756 0.327916 0.189502 0.428245 0.976362 0.981845 0.213309 0.0572298 0.33084 0.122698 0.372121 0.426915 0.648 0.807278 0.343862 0.523102 
30 72 37 88 
0.539959 0.688954 0.725055 0.757491 0.263777 0.475502 0.739581 0.579883 0.148944 0.298595 0.0324825 0.712311 0.423351 0.360399 0.901813 0.851597 
31 1 42 18 
0.393991 0.214498 0.187603 0.766112 0.641413 0.835603 0.573391 0.985275 0.358706 0.669975 0.661724 0.108472 0.209934 0.350677 0.833527 0.967425 
32 33 84 70 
0.194337 0.457972 0.00560169 0.226819 0.170283 0.428953 0.587218 0.0720965 0.28055 0.923979 0.955754 0.345455 0.31797 0.170253 0.533059 0.0840817 
33 45 64 32 
0.796941 0.727368 0.327447 0.458664 0.835839 0.537381 0.809342 0.669366 0.504806 0.423796 0.978394 0.211812 0.618133 0.436367 0.217414 0.844952 
34 49 55 80 
0.678746 0.926917 0.356149 0.634501 0.272372 0.674119 0.804754 0.805431 0.7582 0.616419 0.174093 0.415672 0.41336 0.90146 0.743119 0.872024 
35 4 78 87 
0.406665 0.785306 0.105162 0.38506 0.997119 0.723295 0.821426 0.214533 0.568247 0.428076 0.8609 0.000416824 0.106822 0.787816 0.356566 0.741323 
36 14 49 15 
0.865619 0.788884 0.162496 0.039712 0.204557 0.575856 0.941172 0.947676 0.447881 0.678472 0.228177 0.129247 0.0851372 0.0134832 0.234409 0.470197 
37 1 4 86 
0.225134 0.52595 0.719699 0.086034 0.526367 0.826522 0.87385 0.882933 0.567845 0.934039 0.913617 0.113922 0.799658 0.702501 0.276418 0.83937 
38 64 44 82 
0.854735 0.300155 0.459014 0.0829114 0.429402 0.544152 0.0963946 0.66381 0.0143485 0.106997 0.621514 0.305972 0.332131 0.147464 0.0256711 0.418165 
39 74 86 1 
0.556763 0.420038 0.226054 0.47038 0.53396 0.0257122 0.172882 0.810378 0.865082 0.07994 0.662653 0.645625 0.934675 0.962808 0.104639 0.017586 
40 45 58 12 
0.0560199 0.663139 0.220977 0.677534 0.969111 0.553108 0.824997 0.994782 0.971273 0.498828 0.846975 0.263288 0.0555915 0.267013 0.489342 0.525972 
41 20 88 14 
0.611352 0.380137 0.778794 0.274005 0.0257617 0.713468 0.236812 0.130401 0.731054 0.629022 0.779192 0.845035 0.685042 0.442331 0.066012 0.362575 
42 77 0 84 
0.406225 0.590393 0.686401 0.2532 0.853681 0.741992 0.520213 0.343024 0.267964 0.321187 0.858078 0.966818 0.932539 0.238215 0.745611 0.206543 
43 86 7 76 
0.394378 0.190134 0.0723771 0.17357 0.0351689 0.757419 0.615901 0.101181 0.119994 0.0273436 0.720301 0.307567 0.433568 0.310694 0.993967 0.686768 
44 13 83 14 
0.507399 0.00392367 0.528169 0.365477 0.970741 0.460707 0.603692 0.716353 0.66725 0.867669 0.175433 0.110605 0.262047 0.365566 0.182983 0.435617 
45 43 15 0 
0.501916 0.0603953 0.0788612 0.222217 0.367962 0.51243 0.532911 0.361929 0.199198 0.697287 0.0978888 0.40618 0.204686 0.101812 0.934348 0.570163 
46 13 49 74 
0.788907 0.0623057 0.0415248 0.964339 0.172911 0.303572 0.329906 0.355894 0.739188 0.730641 0.296295 0.790706 0.232557 0.35669 0.869567 0.454775 
47 40 59 80 
0.0865816 0.581195 0.684973 0.18447 0.987375 0.889659 0.286283 0.921723 0.459822 0.358837 0.316779 0.633678 0.147744 0.379084 0.675203 0.112083 
48 73 37 24 
0.907889 0.717963 0.172629 0.204184 0.508669 0.405187 0.560875 0.378236 0.859961 0.285527 0.760232 0.847647 0.372109 0.341427 0.53262 0.556579 
49 34 81 51 
0.250525 0.882101 0.201699 0.567303 0.515779 0.349442 0.946387 0.190982 0.461525 0.498383 0.169756 0.903513 0.406272 0.887719 0.0761428 0.610456 
50 48 38 68 
0.774623 0.341291 0.456858 0.534855 0.188938 0.828966 0.876283 0.721558 0.385545 0.205084 0.143837 0.228407 0.455609 0.0259383 0.430106 0.0229123 
51 4 80 78 
0.732699 0.241073 0.467682 0.902455 0.144586 0.873954 0.790174 0.220729 0.48441 0.186561 0.702058 0.655741 0.961184 0.0433488 0.112598 0.49604 
52 64 47 22 
0.953845 0.32711 0.577406 0.0976818 0.555517 0.0330156 0.12362 0.985622 0.0559279 0.665337 0.76517 0.0252276 0.398037 0.00624229 0.49291 0.300492 
53 48 1 15 
0.371557 0.851275 0.277227 0.0736148 0.507016 0.238411 0.116964 0.619614 0.734451 0.34925 0.561178 0.106773 0.303095 0.888288 0.68418 0.400777 
54 87 73 40 
0.429427 0.773123 0.189734 0.194596 0.798351 0.587771 0.200839 0.291261 0.888263 0.351667 0.658125 0.978929 0.723224 0.5094 0.256156 0.796838 
55 88 75 22 
0.636029 0.229019 0.263053 0.197208 0.335792 0.566148 0.0854957 0.0199718 0.966925 0.5293 0.737167 0.491322 0.958727 0.51029 0.681056 0.153324 
56 4 41 86 
0.599902 0.15709 0.705829 0.258027 0.13602 0.429053 0.767426 0.392176 0.225891 0.783842 0.886744 0.139693 0.419871 0.115763 0.402746 0.617078 
57 48 12 66 
0.471527 0.935818 0.231875 0.208694 0.42714 0.190602 0.718984 0.108196 0.343925 0.0276252 0.377023 0.698087 0.627527 0.534114 0.403917 0.885553 
58 7 53 51 
0.0623098 0.0588609 0.436821 0.949054 0.198554 0.856692 0.0648171 0.6013 0.47377 0.516372 0.570194 0.176344 0.9879 0.506013 0.408219 0.196594 
59 46 63 3 
0.942746 0.943203 0.418372 0.640833 0.57073 0.952486 0.0447499 0.456283 0.62262 0.877719 0.109263 0.684929 0.93658 0.546084 0.633983 0.135135 
60 30 45 1 
0.876546 0.215173 0.306629 0.0528905 0.203072 0.812642 0.46111 0.399666 0.745794 0.0599301 0.315244 0.787143 0.00267584 0.258447 0.205515 0.643509 
61 71 42 19 
0.28546 0.78062 0.565978 0.394723 0.46555 0.502559 0.940807 0.0995329 0.637693 0.343583 0.798333 0.374128 0.220129 0.0135058 0.680758 0.27302 
62 70 25 83 
0.616244 0.239194 0.794059 0.931488 0.0263365 0.796735 0.189935 0.231851 0.440244 0.0191125 0.389852 0.128503 0.304573 0.170473 0.694482 0.699296 
63 62 72 50 
0.735555 0.834734 0.983686 0.533889 0.208862 0.203816 0.547394 0.88962 0.476835 0.763972 0.383019 0.210964 0.380216 0.622212 0.00502358 0.311704 
64 79 55 14 
0.8804 0.242003 0.520752 0.270253 0.370506 0.825325 0.440725 0.0649875 0.524621 0.0767479 0.262028 0.164725 0.812303 0.0967613 0.148411 0.346192 
65 81 58 20 
0.195243 0.829062 0.657559 0.578262 0.0400263 0.0377748 0.200474 0.0450498 0.349479 0.849023 0.846808 0.851118 0.729423 0.0888113 0.37187 0.999676 
66 15 14 39 
0.524305 0.721817 0.517149 0.786332 0.886541 0.329453 0.883094 0.0349523 0.675645 0.188717 0.387179 0.569231 0.38396 0.216241 0.226789 0.962222 
67 88 40 80 
0.301317 0.614043 0.0117191 0.148126 0.465161 0.741143 0.236937 0.837032 0.740819 0.696254 0.0342272 0.18122 0.220559 0.756044 0.69837 0.00689114 
68 58 73 27 
0.677537 0.703467 0.0787018 0.0647163 0.272698 0.462662 0.280957 0.499487 0.424883 0.537224 0.764051 0.587579 0.838542 0.378094 0.599298 0.986667 
69 1 17 54 
0.680288 0.0812597 0.919858 0.714515 0.26248 0.140417 0.470558 0.96085 0.147308 0.113143 0.988672 0.0372927 0.790681 0.69214 0.115995 0.855397 
70 47 71 11 
0.464324 0.00353964 0.673579 0.228376 0.591119 0.51212 0.60647 0.190417 0.498787 0.449725 0.530858 0.722391 0.130013 0.612118 0.642249 0.844528 
71 17 30 69 
0.929974 0.42823 0.82412 0.967267 0.21891 0.51626 0.0832613 0.0743074 0.481097 0.661918 0.210662 0.945422 0.665457 0.884241 0.173797 0.256576 
72 17 81 18 
0.895149 0.229993 0.977852 0.61754 0.360005 0.58997 0.259789 0.204533 0.464568 0.0424556 0.519619 0.300016 0.97243 0.947849 0.124136 0.939696 
73 40 19 33 
0.241066 0.121494 0.684875 0.451728 0.0669157 0.350333 0.335969 0.240713 0.606909 0.73233 0.0209803 0.0539024 0.627478 0.250973 0.0317543 0.245018 
74 68 84 87 
0.815511 0.0862923 0.547263 0.33513 0.386308 0.519693 0.282979 0.510445 0.459389 0.449738 0.150841 0.482347 0.690804 0.272335 0.167223 0.142532 
75 0 45 63 
0.579964 0.124464 0.21083 0.600944 0.178366 0.838308 0.851917 0.210121 0.0833265 0.462895 0.831845 0.588134 0.278406 0.918137 0.135397 0.613537 
76 88 40 65 
0.81489 0.11448 0.346253 0.965731 0.596827 0.0370566 0.238066 0.764049 0.179588 0.577317 0.281604 0.658089 0.157281 0.406068 0.868919 0.758225 
77 33 18 85 
0.794555 0.790553 0.0730372 0.6264 0.378687 0.351444 0.544538 0.514085 0.96498 0.848983 0.169175 0.861495 0.663873 0.283655 0.207748 0.629604 
78 84 6 70 
0.644531 0.424393 0.444988 0.926135 0.0824817 0.602268 0.332203 0.9514 0.360493 0.916638 0.658627 0.970635 0.711194 0.44918 0.0436722 0.337594 
79 19 31 5 
0.341952 0.360096 0.731114 0.511127 0.221591 0.394988 0.794782 0.42934 0.0245921 0.675263 0.674145 0.892263 0.319794 0.0985378 0.33725 0.245929 
80 86 28 74 
0.13242 0.300012 0.494771 0.791047 0.270647 0.205964 0.240227 0.314319 0.543558 0.0680945 0.709435 0.42569 0.410047 0.0695305 0.156804 0.921174 
81 66 54 11 
0.720462 0.576384 0.391219 0.394606 0.468647 0.711013 0.493144 0.805897 0.956942 0.674164 0.745416 0.535075 0.806584 0.0454272 0.0298453 0.59763 
82 25 11 12 
0.630393 0.779367 0.905952 0.339827 0.205057 0.315998 0.409358 0.361861 0.237173 0.70048 0.913653 0.953129 0.420942 0.490036 0.344348 0.815548 
83 47 75 6 
0.76458 0.0123038 0.982856 0.509995 0.547379 0.789439 0.555423 0.577224 0.38707 0.871497 0.813033 0.224927 0.501889 0.592401 0.130878 0.841717 
84 68 64 19 
0.159319 0.684049 0.951554 0.0729714 0.637178 0.372496 0.563008 0.981526 0.188044 0.521691 0.0368877 0.496736 0.286271 0.0491916 0.479592 0.796266 
85 40 71 80 
0.173794 0.656101 0.223185 0.986827 0.881028 0.725074 0.579228 0.011906 0.566791 0.376686 0.458783 0.817866 0.536005 0.142832 0.76942 0.608976 
86 88 74 19 
0.761537 0.32996 0.693675 0.798424 0.826696 0.979945 0.847616 0.306288 0.776211 0.444186 0.575319 0.1279 0.61798 0.23142 0.351084 0.604807 
87 60 2 80 
0.124353 0.64295 0.560722 0.583136 0.460815 0.0967264 0.725968 0.230235 0.705703 0.505979 0.372151 0.877687 0.267515 0.702111 0.571361 0.0659396 
88 55 79 74 
0.835094 0.327518 0.357742 0.410413 0.455417 0.975722 0.641832 0.806502 0.580529 0.754279 0.88266 0.764565 0.878632 0.52561 0.325286 0.461768 
