40 3
0 1 1 0 0 0 1 1 1 1 1 1 0 0 0 0 0 1 1 0 0 1 1 0 0 1 0 1 1 1 0 0 1 1 1 0 0 1 0 1 
0 20 36 
0.757581 0.815044 0.558446 0.509534 0.396601 0.609436 0.0973022 0.642811 
1 2 39 
0.799067 0.000762981 0.45158 0.883307 0.936613 0.75309 0.013377 0.773693 
2 16 22 
0.156894 0.393537 0.731006 0.681411 0.146099 0.145559 0.81783 0.801356 
3 9 38 
0.85932 0.730907 0.00696929 0.417766 0.240441 0.40357 0.0272019 0.337743 
4 22 15 
0.821227 0.845448 0.216182 0.272807 0.728755 0.152796 0.0258979 0.742132 
5 31 28 
0.281461 0.0833834 0.725667 0.0124678 0.764794 0.871765 0.158027 0.582624 
6 10 12 
0.774549 0.532442 0.86226 0.781518 0.950208 0.102701 0.185088 0.977409 
7 34 20 
0.192829 0.261672 0.0769178 0.409011 0.534479 0.805673 0.561807 0.560377 
8 25 10 
0.892507 0.829266 0.571679 0.618174 0.841734 0.336474 0.489939 0.999761 
9 16 6 
0.131114 0.693646 0.695502 0.993374 0.475164 0.645709 0.0960755 0.660253 
10 35 13 
0.891722 0.815948 0.798192 0.96864 0.224959 0.332672 0.774313 0.786766 
11 16 12 
0.275062 0.785556 0.151385 0.846741 0.40373 0.993119 0.183215 0.893669 
12 23 30 
0.0567292 0.123993 0.795958 0.752231 0.117367 0.271123 0.39794 0.213443 
13 10 36 
0.749963 0.823098 0.837007 0.548155 0.791738 0.0619656 0.880827 0.566051 
14 37 8 
0.88817 0.123793 0.559432 0.0395542 0.970534 0.963162 0.0326729 0.153749 
15 12 14 
0.256061 0.91356 0.149546 0.0520191 0.665791 0.266913 0.323142 0.0637312 
16 32 28 
0.0847904 0.230319 0.0776159 0.921797 0.778474 0.869354 0.983763 0.659301 
17 18 24 
0.433177 0.323575 0.956287 0.992609 0.363129 0.926821 0.955771 0.395802 
18 9 21 
0.421355 0.33663 0.726161 0.5709 0.388649 0.391952 0.837813 0.711791 
19 2 36 
0.966309 0.540474 0.548487 0.043925 0.462271 0.326962 0.913279 0.446034 
20 16 15 
0.278528 0.41944 0.67226 0.234815 0.412049 0.035389 0.161636 0.36782 
21 2 8 
0.852546 0.578835 0.906583 0.423446 0.967484 0.298535 0.261259 0.679276 
22 34 31 
0.645585 0.294692 0.127915 0.68951 0.756964 0.454877 0.602789 0.202997 
23 3 30 
0.481525 0.86058 0.623733 0.71634 0.272629 0.659122 0.877976 0.640449 
24 6 9 
0.82087 0.942859 0.699016 0.727453 0.366305 0.6665 0.0259879 0.627564 
25 34 15 
0.206992 0.991361 0.0748988 0.334907 0.68087 0.831862 0.789784 0.283659 
26 3 34 
0.235133 0.516385 0.0915029 0.858866 0.232725 0.364132 0.517988 0.110701 
27 23 3 
0.82545 0.55116 0.929898 0.552903 0.917465 0.596399 0.578891 0.54503 
28 38 11 
0.752021 0.933535 0.433996 0.0869285 0.614406 0.265858 0.876712 0.898065 
29 26 7 
0.133198 0.817103 0.199139 0.992064 0.0498286 0.56327 0.510052 0.16053 
30 36 13 
0.391412 0.3933 0.669514 0.321311 0.946203 0.586979 0.917709 0.525094 
31 1 7 
0.884191 0.884031 0.793419 0.318187 0.970959 0.407825 0.584046 0.847671 
32 35 11 
0.955307 0.439088 0.701867 0.154446 0.431152 0.751695 0.717716 0.941205 
33 39 9 
0.0595581 0.303638 0.678867 0.729072 0.624948 0.62507 0.316052 0.542657 
34 28 8 
0.402541 0.0343554 0.332091 0.195961 0.352543 0.30305 0.603786 0.936588 
35 4 33 
0.821352 0.106029 0.348765 0.523219 0.260474 0.779917 0.274915 0.97819 
36 10 31 
0.263757 0.78068 0.490778 0.942623 0.509752 0.115726 0.567693 0.825803 
37 5 24 
0.273864 0.0609241 0.752212 0.605955 0.256885 0.104755 0.909005 0.860671 
38 24 4 
0.770347 0.862696 0.165755 0.119112 0.385915 0.42623 0.899029 0.660829 
39 32 21 
0.847969 0.668177 0.40083 0.338747 0.6108 0.910582 0.454472 0.178493 
