19 5
0 0 1 0 0 0 1 0 0 1 1 1 1 0 1 1 0 1 1 
0 8 11 5 3 
0.543782 0.439961 0.0652573 0.249838 0.856766 0.737337 0.275552 0.119554 0.0717984 0.588771 0.136303 0.606098 0.880522 0.209802 0.860385 0.0548093 0.315919 0.938975 0.934471 0.335083 0.804797 0.584581 0.541073 0.601962 0.643451 0.584898 0.212835 0.815879 0.980295 0.124121 0.966789 0.524077 
1 6 12 16 9 
0.0494674 0.540402 0.841182 0.638238 0.676705 0.44728 0.51876 0.886507 0.307665 0.57357 0.202426 0.24664 0.508041 0.537508 0.0514366 0.0926216 0.0785819 0.653399 0.736072 0.66348 0.866234 0.551951 0.643776 0.990355 0.51874 0.167853 0.554438 0.550786 0.941768 0.975287 0.320169 0.991235 
2 1 12 4 9 
0.608631 0.148233 0.0789008 0.916296 0.721803 0.281327 0.162936 0.229844 0.818835 0.214372 0.322465 0.897417 0.867771 0.0585374 0.560897 0.734005 0.610488 0.204673 0.72436 0.129228 0.372525 0.278798 0.680014 0.314293 0.254085 0.00018336 0.305528 0.769774 0.161534 0.935002 0.962167 0.770165 
3 15 2 1 7 
0.849396 0.0348817 0.14123 0.0637686 0.357347 0.0386468 0.931539 0.415884 0.599544 0.665544 0.0263725 0.804216 0.389905 0.155601 0.176742 0.668703 0.835615 0.491035 0.922788 0.835798 0.796563 0.692562 0.997333 0.731565 0.654729 0.767497 0.8148 0.695797 0.453958 0.619838 0.0181922 0.303355 
4 12 17 3 11 
0.198069 0.298663 0.427951 0.797613 0.964207 0.454323 0.601829 0.354112 0.609924 0.778571 0.0228146 0.445539 0.269606 0.945603 0.281337 0.066169 0.638164 0.27867 0.797734 0.292893 0.0461673 0.612534 0.988691 0.500125 0.232372 0.0068828 0.80348 0.887092 0.166305 0.170603 0.899159 0.364374 
5 17 14 10 0 
0.787585 0.391357 0.542386 0.810399 0.836897 0.811992 0.756002 0.118234 0.878161 0.394166 0.396904 0.675895 0.687059 0.443071 0.288429 0.67575 0.943196 0.520801 0.682633 0.746676 0.407894 0.848938 0.91728 0.307053 0.213311 0.386546 0.634163 0.375298 0.820018 0.415596 0.139113 0.607603 
6 5 9 12 1 
0.174004 0.762084 0.371653 0.56817 0.158987 0.0475476 0.255229 0.602058 0.335977 0.930979 0.545255 0.856778 0.613612 0.291931 0.264672 0.462549 0.209211 0.571725 0.675861 0.595757 0.205887 0.051158 0.415775 0.621483 0.190271 0.0233783 0.428436 0.87177 0.44138 0.0722859 0.365262 0.615384 
7 1 14 18 11 
0.438783 0.595415 0.120439 0.369762 0.14067 0.977217 0.983374 0.432602 0.241889 0.445923 0.641813 0.813613 0.121784 0.23757 0.0195004 0.172942 0.653345 0.640983 0.363213 0.676723 0.0694193 0.234983 0.118104 0.141705 0.600245 0.733488 0.976075 0.33716 0.917042 0.969432 0.121621 0.355825 
8 6 5 13 4 
0.461166 0.154885 0.779932 0.274779 0.276669 0.0175021 0.294279 0.449611 0.670847 0.935263 0.812824 0.34757 0.00468185 0.0478078 0.465674 0.146387 0.648053 0.199162 0.122462 0.985213 0.116204 0.0918933 0.106834 0.47203 0.65674 0.348894 0.197618 0.362258 0.568171 0.90658 0.500377 0.0293369 
9 5 2 18 10 
0.598395 0.787746 0.968659 0.533658 0.60057 0.316229 0.53834 0.648378 0.781904 0.684727 0.296431 0.981066 0.807188 0.281644 0.09727 0.899082 0.388478 0.5693 0.555822 0.737372 0.766917 0.91808 0.305543 0.673497 0.418457 0.33488 0.734962 0.698767 0.638996 0.0730966 0.996579 0.237391 
10 6 0 11 14 
0.281467 0.309389 0.109791 0.0633708 0.994115 0.406222 0.0444365 0.801304 0.687866 0.141707 0.700385 0.0763435 0.711006 0.256208 0.813715 0.477924 0.174288 0.119258 0.151421 0.592745 0.454138 0.886383 0.291512 0.0931334 0.959479 0.288091 0.330524 0.820322 0.253328 0.101573 0.281735 0.534795 
11 8 17 1 12 
0.206381 0.485614 0.784309 0.906767 0.561958 0.495316 0.162974 0.375673 0.973239 0.337262 0.494931 0.12466 0.930007 0.949069 0.0110428 0.221518 0.0422022 0.970522 0.509609 0.372727 0.790844 0.762937 0.4743 0.0725793 0.297732 0.885262 0.464105 0.895898 0.290339 0.261854 0.538501 0.49672 
12 5 9 8 7 
0.566461 0.685098 0.791365 0.903723 0.180029 0.916025 0.83373 0.129098 0.927068 0.055248 0.1713 0.89759 0.564857 0.544027 0.688434 0.327794 0.018327 0.761014 0.625526 0.903589 0.225119 0.521425 0.193928 0.486973 0.0599259 0.690649 0.234441 0.382736 0.0941358 0.543866 0.200862 0.660597 
13 1 3 8 4 
0.39805 0.538092 0.83532 0.453298 0.709392 0.73291 0.0181547 0.253419 0.421344 0.345949 0.271746 0.182358 0.971475 0.175335 0.407477 0.4929 0.369263 0.89445 0.552826 0.0599122 0.128891 0.935562 0.154048 0.672757 0.136424 0.814645 0.901721 0.128651 0.378965 0.310715 0.0369029 0.777015 
14 3 13 0 18 
0.594416 0.0833647 0.208835 0.565891 0.2587 0.616313 0.0587913 0.627963 0.510763 0.611617 0.687876 0.639653 0.547179 0.841924 0.31241 0.683603 0.656569 0.214131 0.812254 0.0355339 0.524846 0.849157 0.812549 0.373653 0.72138 0.0428618 0.931852 0.326513 0.291329 0.74347 0.35299 0.885746 
15 8 4 9 13 
0.178138 0.510428 0.713498 0.688901 0.122045 0.401374 0.328554 0.669225 0.243297 0.640964 0.352828 0.899866 0.855095 0.165082 0.9354 0.379941 0.014239 0.747949 0.753593 0.735619 0.79081 0.685445 0.0621314 0.0821399 0.428915 0.415121 0.967886 0.255749 0.976946 0.419523 0.341284 0.155084 
16 7 11 0 8 
0.456155 0.172538 0.721221 0.699452 0.813502 0.0740488 0.599318 0.668597 0.239131 0.534718 0.0485375 0.25337 0.282666 0.802131 0.988988 0.0734767 0.487575 0.0511199 0.155617 0.91649 0.466241 0.123502 0.172239 0.443187 0.543025 0.513523 0.598272 0.472976 0.568305 0.442256 0.524972 0.0244598 
17 16 1 18 4 
0.320242 0.32323 0.0968938 0.559372 0.857948 0.145431 0.812742 0.140614 0.947562 0.801731 0.214091 0.435137 0.852851 0.369707 0.351627 0.319092 0.49321 0.523866 0.762279 0.0362343 0.0373888 0.360551 0.50921 0.605693 0.802807 0.0341821 0.630153 0.417602 0.280375 0.354065 0.845899 0.600617 
18 0 11 1 3 
0.0882237 0.972732 0.675857 0.0357856 0.774462 0.889948 0.470923 0.627313 0.259656 0.82255 0.946404 0.752865 0.346416 0.708683 0.789099 0.383804 0.0692342 0.298309 0.989498 0.872041 0.332492 0.619651 0.289643 0.612867 0.973716 0.135542 0.213484 0.651011 0.0783341 0.373473 0.186254 0.166558 
