42 7
0 0 1 0 0 0 1 0 0 1 1 1 0 1 1 0 0 1 1 0 0 0 1 1 1 0 0 1 1 1 1 0 0 1 1 1 0 1 1 1 1 1 
0 4 31 13 17 10 16 
0.296644 0.513354 0.379389 0.322926 0.393739 0.00680007 0.118227 0.0278263 0.74367 0.792713 0.897742 0.897884 0.653069 0.944439 0.819811 0.262356 0.875953 0.259332 0.939692 0.512249 0.0541995 0.170786 0.804828 0.841811 0.384801 0.976986 0.173717 0.559257 0.317132 0.213737 0.411959 0.613776 0.727091 0.791348 0.936702 0.12083 0.798148 0.0549294 0.148656 0.541817 0.847643 0.0463981 0.439701 0.500711 0.990838 0.259512 0.763067 0.86679 0.518844 0.702759 0.379039 0.573043 0.873545 0.183867 0.414854 0.258346 0.160853 0.588572 0.817603 0.477985 0.802309 0.229562 0.0917612 0.5294 0.0209098 0.0284632 0.65023 0.819058 0.0833925 0.798886 0.360875 0.931035 0.845284 0.800576 0.431747 0.836122 0.0600886 0.194814 0.702912 0.578932 0.897573 0.0819504 0.151976 0.771118 0.265817 0.56683 0.0294638 0.42667 0.155402 0.847067 0.904656 0.957711 0.0766287 0.996417 0.487111 0.0975385 0.02488 0.137341 0.916596 0.108273 0.936227 0.277471 0.0393079 0.781511 0.0780475 0.471055 0.617633 0.138136 0.665869 0.320544 0.717069 0.563442 0.402495 0.869044 0.33456 0.668312 0.435874 0.364024 0.0949825 0.591276 0.21109 0.999638 0.548987 0.287719 0.996055 0.0360972 0.385258 0.0209349 
1 27 37 0 36 23 3 
0.891175 0.657372 0.63957 0.508808 0.795508 0.305439 0.829352 0.512577 0.868881 0.231847 0.381621 0.203441 0.900159 0.817495 0.567465 0.995141 0.408771 0.778555 0.99478 0.957758 0.0662743 0.990835 0.993855 0.451532 0.0117695 0.167293 0.753386 0.140977 0.276957 0.33271 0.309492 0.168133 0.990083 0.949062 0.676941 0.785591 0.254501 0.506293 0.298168 0.123382 0.73814 0.679789 0.326822 0.638299 0.497284 0.894287 0.63344 0.906055 0.672842 0.62822 0.863813 0.739116 0.619054 0.857668 0.190648 0.630824 0.0249613 0.944034 0.7718 0.301919 0.276744 0.0812927 0.470051 0.266827 0.0303549 0.146992 0.0524176 0.284856 0.653284 0.350585 0.408238 0.391424 0.0303738 0.73506 0.0297227 0.527658 0.629347 0.663163 0.433713 0.302189 0.291382 0.297527 0.0413057 0.910436 0.155195 0.231954 0.54126 0.180157 0.175988 0.31306 0.482075 0.452732 0.394353 0.952126 0.719559 0.424708 0.0991181 0.771977 0.709564 0.752403 0.122562 0.117801 0.143827 0.152935 0.852861 0.173549 0.680593 0.482208 0.836712 0.114307 0.784397 0.128094 0.411833 0.825703 0.0385303 0.567029 0.0576571 0.57979 0.747185 0.233645 0.89285 0.22926 0.686377 0.287203 0.181387 0.405936 0.711911 0.280505 
2 15 28 37 36 23 10 
0.392136 0.350283 0.134003 0.874345 0.186995 0.24831 0.658742 0.31509 0.660143 0.484445 0.35362 0.227172 0.542102 0.93341 0.974357 0.775747 0.82626 0.203617 0.462125 0.113463 0.385004 0.868061 0.825374 0.665509 0.045974 0.246848 0.698416 0.346449 0.786123 0.87515 0.799859 0.17826 0.225434 0.933862 0.0526045 0.412429 0.182172 0.711346 0.727519 0.842316 0.195792 0.0811385 0.0694878 0.737894 0.0145483 0.043845 0.513641 0.840808 0.247462 0.975766 0.954271 0.632466 0.843827 0.779645 0.297975 0.889801 0.0264931 0.996391 0.23625 0.812617 0.871541 0.0361084 0.990876 0.0969749 0.969971 0.0434809 0.509404 0.152143 0.754827 0.236923 0.994459 0.950619 0.318061 0.0639467 0.688513 0.332609 0.107792 0.202154 0.173418 0.355254 0.177919 0.127689 0.98772 0.0217462 0.907334 0.285695 0.911547 0.933827 0.282087 0.147796 0.746444 0.153628 0.183905 0.73732 0.250603 0.153875 0.780801 0.760007 0.306018 0.535628 0.996929 0.300477 0.486247 0.31499 0.364424 0.17476 0.647599 0.472216 0.376914 0.821017 0.82747 0.554833 0.948706 0.81519 0.576579 0.85604 0.100885 0.488126 0.789867 0.382972 0.635923 0.536311 0.5366 0.819827 0.273631 0.787202 0.973703 0.0544323 
3 4 23 9 0 5 29 
0.859128 0.944623 0.251068 0.506727 0.416838 0.627982 0.327744 0.244308 0.182815 0.27645 0.0594978 0.759394 0.13249 0.160383 0.24752 0.922358 0.543355 0.883442 0.458669 0.0799545 0.70327 0.7323 0.867157 0.676973 0.786732 0.414365 0.956694 0.376793 0.958503 0.536893 0.453101 0.817631 0.481516 0.704169 0.324358 0.898354 0.332151 0.652102 0.142662 0.514966 0.928552 0.20216 0.274359 0.0610426 0.362543 0.521879 0.9834 0.905898 0.405322 0.442069 0.985852 0.108592 0.174369 0.853009 0.785564 0.961102 0.267374 0.742259 0.337895 0.225877 0.279151 0.790996 0.0435081 0.760667 0.495165 0.367866 0.659021 0.827316 0.0199682 0.801683 0.342282 0.94852 0.00384297 0.616641 0.00956304 0.366386 0.13852 0.992963 0.272284 0.543842 0.435032 0.258136 0.652433 0.609402 0.111145 0.437998 0.570503 0.378519 0.180256 0.908398 0.604396 0.459408 0.699394 0.647905 0.220075 0.194559 0.0157707 0.879096 0.0218754 0.0357388 0.680779 0.364157 0.984259 0.684622 0.980798 0.993822 0.0510082 0.119319 0.986786 0.323292 0.663161 0.421818 0.581428 0.315594 0.0312197 0.692573 0.753592 0.601723 0.071092 0.933848 0.510121 0.675488 0.393256 0.209515 0.323393 0.613331 0.404074 0.339164 
4 37 26 5 41 38 22 
0.857829 0.770905 0.352984 0.908837 0.890224 0.33977 0.232129 0.553384 0.761588 0.813557 0.868978 0.792807 0.50613 0.62257 0.39453 0.577222 0.556418 0.904651 0.25271 0.949674 0.114166 0.576103 0.563005 0.51824 0.915267 0.0554326 0.944189 0.290169 0.228639 0.734295 0.649331 0.086468 0.5052 0.00231522 0.995305 0.395424 0.342085 0.227434 0.948808 0.103673 0.0409909 0.817786 0.89648 0.547121 0.440357 0.29101 0.124342 0.996775 0.195661 0.377053 0.946449 0.309827 0.953156 0.509455 0.828067 0.868423 0.564888 0.772255 0.158592 0.793527 0.506551 0.807923 0.879995 0.0117509 0.810239 0.8753 0.407175 0.152324 0.102734 0.355983 0.255996 0.143725 0.173769 0.152476 0.690845 0.614125 0.443487 0.815188 0.6109 0.639148 0.19224 0.55735 0.948975 0.145396 0.0668047 0.777042 0.0138192 0.631692 0.549297 0.172411 0.425219 0.0558479 0.980335 0.305214 0.0675988 0.790574 0.180513 0.474773 0.942897 0.283247 0.830756 0.198893 0.426972 0.00452498 0.35137 0.117817 0.61865 0.794856 0.933005 0.229551 0.434004 0.125245 0.786901 0.382979 0.270642 0.853705 0.160021 0.284461 0.485398 0.709318 0.456872 0.910617 0.765166 0.437207 0.21583 0.832765 0.227781 0.396344 
5 24 27 38 8 4 0 
0.14282 0.720941 0.22438 0.76147 0.515797 0.157385 0.991021 0.949802 0.28263 0.777921 0.332781 0.553272 0.631627 0.492802 0.837733 0.117024 0.20212 0.294605 0.0276408 0.967287 0.731813 0.243471 0.800052 0.959594 0.639815 0.10759 0.130272 0.319405 0.245885 0.499843 0.425968 0.388704 0.220785 0.650347 0.150174 0.736582 0.807732 0.141195 0.686384 0.0903617 0.919117 0.0191651 0.643633 0.550743 0.511967 0.481366 0.667768 0.714088 0.775971 0.695409 0.681374 0.507784 0.93888 0.481426 0.467378 0.578694 0.589016 0.597649 0.898099 0.834901 0.0974929 0.324067 0.223606 0.318278 0.974414 0.37378 0.0548599 0.782146 0.514975 0.741244 0.872508 0.434092 0.760409 0.516141 0.984835 0.272376 0.997507 0.652603 0.986464 0.773479 0.348011 0.667838 0.281263 0.286891 0.149264 0.74864 0.865585 0.73828 0.34629 0.763685 0.573182 0.443783 0.0877517 0.796787 0.76206 0.0621662 0.170567 0.81692 0.844312 0.685543 0.558164 0.71682 0.119635 0.318573 0.232962 0.10447 0.590949 0.230469 0.757073 0.577413 0.0039479 0.105084 0.245251 0.285211 0.391975 0.394515 0.0338507 0.257561 0.132796 0.38014 0.0212451 0.705977 0.823923 0.108997 0.502764 0.585983 0.171163 0.673332 
6 22 38 12 3 21 18 
0.27964 0.965257 0.582979 0.870589 0.195727 0.340052 0.448002 0.199674 0.445136 0.693253 0.484885 0.837111 0.0877679 0.518736 0.094672 0.220564 0.898876 0.115917 0.926541 0.722799 0.224914 0.429305 0.308782 0.396077 0.102637 0.711686 0.411552 0.461511 0.672753 0.143848 0.94002 0.952393 0.109105 0.522999 0.822982 0.304832 0.863051 0.270983 0.504507 0.308187 0.964236 0.989392 0.145299 0.052004 0.508127 0.239971 0.272567 0.407003 0.355888 0.199108 0.129802 0.580802 0.628414 0.438585 0.976879 0.731051 0.15027 0.388431 0.192562 0.823023 0.532279 0.132582 0.775416 0.641384 0.655582 0.598397 0.946217 0.518633 0.869381 0.450723 0.82682 0.833617 0.440115 0.972118 0.885621 0.948242 0.212089 0.158188 0.355245 0.567976 0.357297 0.485048 0.148778 0.98571 0.923632 0.125657 0.716761 0.0739027 0.514088 0.909323 0.896926 0.0463666 0.0419051 0.672341 0.687751 0.697487 0.270739 0.633968 0.216119 0.14012 0.0846907 0.042939 0.973736 0.524805 0.0150571 0.859357 0.473047 0.227146 0.0175455 0.828292 0.795122 0.374842 0.31334 0.9439 0.360552 0.236972 0.0695569 0.0773128 0.310875 0.583645 0.986636 0.207801 0.630011 0.0285406 0.880142 0.317762 0.726027 0.150881 
7 28 32 14 13 22 29 
0.561226 0.000142651 0.124094 0.034273 0.227288 0.14164 0.862565 0.0224107 0.516482 0.175905 0.966311 0.877034 0.412878 0.0358679 0.954347 0.723753 0.619512 0.940982 0.931554 0.249524 0.969523 0.811696 0.567286 0.69555 0.962577 0.519016 0.637697 0.253578 0.555436 0.622782 0.518315 0.116662 0.622925 0.642409 0.150935 0.850213 0.784049 0.0135005 0.872624 0.300531 0.189406 0.838935 0.177565 0.602283 0.874803 0.131911 0.326036 0.494315 0.0728936 0.25759 0.743839 0.0424165 0.0692858 0.311125 0.737967 0.0318629 0.83014 0.375663 0.285441 0.385577 0.998446 0.803755 0.502239 0.62137 0.446164 0.653174 0.471584 0.230213 0.666675 0.344208 0.530744 0.856081 0.183143 0.708308 0.458364 0.0579459 0.840219 0.7844 0.552261 0.913113 0.0419899 0.2961 0.955529 0.111276 0.607225 0.693496 0.143139 0.437365 0.0691594 0.428579 0.822942 0.0676049 0.232335 0.325181 0.688975 0.678499 0.978356 0.160559 0.908712 0.645031 0.504767 0.439456 0.501111 0.68791 0.147764 0.959475 0.745856 0.987983 0.743875 0.298117 0.901096 0.785865 0.594217 0.856626 0.897141 0.201442 0.550122 0.0402794 0.638808 0.619281 0.468859 0.46175 0.686886 0.701193 0.786932 0.375861 0.379692 0.765287 
8 38 23 2 22 29 10 
0.729097 0.875623 0.870904 0.474953 0.863606 0.614779 0.77307 0.764702 0.400644 0.367288 0.621328 0.297785 0.56873 0.17145 0.338064 0.207538 0.790731 0.806923 0.669288 0.477617 0.508116 0.456219 0.853478 0.887808 0.221507 0.389898 0.176212 0.631824 0.431086 0.904072 0.543253 0.160183 0.779695 0.414157 0.635136 0.643301 0.0289364 0.408206 0.408003 0.42958 0.775494 0.0293312 0.727365 0.344224 0.200781 0.0654296 0.551761 0.991512 0.872353 0.221049 0.469128 0.380469 0.677268 0.322606 0.268277 0.898775 0.712505 0.444489 0.530599 0.143591 0.34856 0.0738526 0.303774 0.128255 0.48801 0.93891 0.771556 0.516946 0.347116 0.179559 0.946527 0.12261 0.208891 0.673892 0.466834 0.409671 0.739322 0.018595 0.401183 0.611674 0.239644 0.870312 0.992143 0.916912 0.192918 0.26042 0.815687 0.905423 0.704909 0.346287 0.0490137 0.0534692 0.420139 0.352788 0.181724 0.908149 0.291698 0.95328 0.425095 0.638814 0.13284 0.371622 0.761424 0.34173 0.0455142 0.228258 0.751402 0.784836 0.246853 0.152585 0.39651 0.486497 0.0228964 0.388653 0.403409 0.215814 0.649073 0.219096 0.121237 0.353982 0.565383 0.170251 0.407451 0.985522 0.523039 0.589175 0.893671 0.814736 
9 25 39 35 27 4 5 
0.0170257 0.735903 0.443232 0.768427 0.520739 0.690084 0.921012 0.917249 0.176581 0.943909 0.305902 0.57999 0.159723 0.954975 0.799086 0.28096 0.308957 0.364469 0.451211 0.716408 0.349992 0.97425 0.305583 0.243663 0.788986 0.848038 0.562429 0.242536 0.523334 0.252818 0.45751 0.540359 0.988721 0.900742 0.308787 0.509459 0.590826 0.229799 0.426708 0.767407 0.173708 0.732611 0.347397 0.333431 0.687586 0.146483 0.614391 0.996543 0.510953 0.0656023 0.71295 0.860944 0.0398523 0.018533 0.104607 0.828838 0.866571 0.667036 0.0713746 0.389905 0.919854 0.528885 0.930265 0.908575 0.429626 0.239051 0.418034 0.0204523 0.468851 0.844743 0.787859 0.642558 0.577353 0.135256 0.975989 0.264939 0.281739 0.59038 0.261481 0.792692 0.655982 0.974432 0.653637 0.695835 0.992965 0.758244 0.524673 0.859536 0.42528 0.596048 0.249441 0.345134 0.124932 0.179706 0.253709 0.554559 0.418757 0.671743 0.575011 0.887608 0.516486 0.36287 0.530166 0.0938389 0.498126 0.506155 0.358778 0.779866 0.0965351 0.620259 0.572558 0.752517 0.594691 0.226195 0.448352 0.587656 0.984438 0.973025 0.447192 0.409719 0.569073 0.696633 0.754853 0.694005 0.876339 0.0085621 0.248564 0.295096 
10 24 7 37 38 18 32 
0.29063 0.684571 0.219026 0.649408 0.464436 0.315561 0.269667 0.036994 0.0680782 0.864358 0.263189 0.51643 0.452013 0.247627 0.489455 0.899205 0.657346 0.0585279 0.595838 0.412199 0.752533 0.472178 0.420761 0.00109649 0.767274 0.101066 0.824671 0.949978 0.297857 0.0111156 0.662849 0.588487 0.695686 0.881875 0.237895 0.160122 0.197435 0.507562 0.197116 0.265514 0.37192 0.460305 0.781944 0.823933 0.707932 0.271399 0.723139 0.365278 0.329927 0.318977 0.777477 0.0824599 0.791155 0.198238 0.0835564 0.558429 0.299304 0.908227 0.508407 0.597161 0.919343 0.171256 0.185649 0.615029 0.0531306 0.423544 0.775151 0.250566 0.931106 0.972268 0.51608 0.303026 0.432573 0.298023 0.126959 0.140505 0.569423 0.850098 0.505783 0.89935 0.169075 0.283259 0.98181 0.96023 0.481497 0.065366 0.518659 0.780801 0.973593 0.027066 0.377962 0.892936 0.198322 0.563611 0.507965 0.251453 0.987155 0.283117 0.502019 0.91826 0.255385 0.0180982 0.221286 0.687957 0.316122 0.348246 0.828462 0.885544 0.198344 0.334245 0.784894 0.367419 0.617504 0.766703 0.327649 0.0990012 0.832069 0.846308 0.879802 0.805663 0.873374 0.257764 0.698599 0.0716958 0.821375 0.206565 0.323148 0.808529 
11 21 38 7 31 15 2 
0.433024 0.159387 0.296322 0.261486 0.0449312 0.494665 0.595731 0.829825 0.862084 0.213235 0.596529 0.189733 0.312236 0.428598 0.0360411 0.192038 0.234261 0.909415 0.449802 0.93286 0.981111 0.271177 0.139425 0.304259 0.079707 0.629106 0.129426 0.806497 0.374172 0.972692 0.754573 0.807196 0.132078 0.0508948 0.0686818 0.17701 0.54556 0.664412 0.00683487 0.407644 0.877647 0.603363 0.597378 0.189884 0.0319615 0.633419 0.381922 0.266222 0.542834 0.831724 0.199082 0.523945 0.102902 0.338507 0.828204 0.182609 0.967613 0.95763 0.989106 0.341785 0.930322 0.743679 0.148981 0.0624001 0.794573 0.217663 0.23941 0.340133 0.882076 0.246245 0.747778 0.759723 0.849608 0.345156 0.949607 0.88157 0.978574 0.331528 0.147792 0.521408 0.163253 0.346874 0.0453529 0.266155 0.685381 0.873557 0.448763 0.652994 0.831187 0.437869 0.994779 0.761508 0.181547 0.143761 0.823908 0.976121 0.361424 0.0633181 0.316254 0.243499 0.309563 0.0640323 0.00322241 0.159171 0.409188 0.952829 0.0407405 0.387762 0.284357 0.188532 0.909171 0.44761 0.535407 0.954523 0.713765 0.220788 0.82808 0.162528 0.873782 0.659267 0.600397 0.868561 0.420775 0.781944 0.0123217 0.244683 0.758065 0.373746 
12 6 37 14 5 18 1 
0.776735 0.547539 0.573296 0.817475 0.935302 0.857654 0.00600776 0.844472 0.305264 0.541414 0.798996 0.0190283 0.762202 0.627076 0.181556 0.635984 0.286343 0.781953 0.504545 0.707118 0.563897 0.516866 0.951801 0.321962 0.890612 0.259803 0.396281 0.507857 0.877367 0.534633 0.128324 0.654101 0.0821721 0.701621 0.471577 0.017474 0.559274 0.477585 0.861946 0.864538 0.0189989 0.660942 0.883566 0.781201 0.288018 0.0651223 0.417184 0.574361 0.847075 0.921729 0.281479 0.410972 0.438595 0.23328 0.732933 0.329207 0.493083 0.129215 0.837064 0.370449 0.663847 0.965388 0.0245509 0.746019 0.667009 0.496128 0.763493 0.226283 0.973712 0.62544 0.090821 0.992711 0.286382 0.974387 0.773912 0.574401 0.0395095 0.191097 0.148762 0.886584 0.112826 0.430241 0.297556 0.551421 0.663521 0.0304897 0.880628 0.156604 0.159704 0.717692 0.527054 0.823551 0.68308 0.551605 0.569571 0.350089 0.0477324 0.333064 0.576372 0.0214447 0.958504 0.667193 0.014156 0.244886 0.64158 0.788068 0.819286 0.681089 0.979165 0.968048 0.567674 0.0919903 0.398289 0.86523 0.643411 0.0618108 0.89572 0.524039 0.218415 0.0554239 0.241731 0.745469 0.878975 0.924811 0.297073 0.448546 0.274899 0.344806 
13 37 25 40 15 41 6 
0.985 0.160043 0.168475 0.804286 0.841133 0.14764 0.772334 0.408806 0.23963 0.170624 0.274036 0.883041 0.232434 0.169756 0.40708 0.450849 0.22518 0.648811 0.196318 0.104155 0.573621 0.493392 0.552701 0.848521 0.838197 0.334311 0.699792 0.204448 0.0744252 0.218255 0.584855 0.0594249 0.378298 0.753329 0.863711 0.219431 0.900969 0.636045 0.628237 0.140599 0.806669 0.902273 0.0236401 0.0391033 0.0720295 0.43072 0.489953 0.297209 0.0795311 0.686271 0.401365 0.653153 0.179663 0.954066 0.501673 0.0178601 0.288377 0.201465 0.222308 0.362802 0.41972 0.807163 0.422227 0.798018 0.560492 0.285938 0.0174488 0.461461 0.921984 0.645686 0.60206 0.728653 0.547959 0.625701 0.767756 0.619989 0.0564208 0.257709 0.917198 0.135952 0.94398 0.318563 0.789104 0.123642 0.272629 0.290778 0.141502 0.561006 0.492243 0.363811 0.923808 0.911962 0.170973 0.346036 0.70998 0.731466 0.631974 0.727429 0.192927 0.553958 0.373115 0.794988 0.282611 0.921074 0.420688 0.0503665 0.541063 0.477109 0.308075 0.458262 0.613061 0.252055 0.776825 0.402165 0.375697 0.0494533 0.692943 0.517199 0.610459 0.185186 0.88101 0.534268 0.0971481 0.0519834 0.880304 0.807129 0.783449 0.512278 
14 10 35 3 8 36 6 
0.828747 0.192052 0.399213 0.369811 0.669161 0.707288 0.828072 0.282222 0.959343 0.604897 0.684387 0.33504 0.65435 0.37733 0.852239 0.26481 0.562515 0.733249 0.799077 0.659664 0.785233 0.679381 0.466792 0.568682 0.191659 0.00134981 0.545058 0.257895 0.909023 0.316422 0.606742 0.73777 0.508474 0.00595446 0.107581 0.177635 0.713243 0.935653 0.459857 0.672585 0.54055 0.144244 0.00762543 0.1949 0.521573 0.859865 0.45971 0.0840889 0.593114 0.258787 0.743752 0.378347 0.938169 0.210545 0.947029 0.129828 0.211894 0.492087 0.387723 0.120917 0.808509 0.994464 0.858687 0.316983 0.000418796 0.966268 0.494618 0.713661 0.901921 0.954475 0.386247 0.442471 0.0987185 0.393872 0.637371 0.620292 0.253737 0.0970813 0.704381 0.846851 0.355869 0.448133 0.225198 0.294037 0.658678 0.172227 0.423865 0.870572 0.664315 0.811588 0.991489 0.472824 0.806052 0.850176 0.789807 0.806471 0.816444 0.284426 0.520133 0.718365 0.238901 0.906379 0.160836 0.337619 0.300252 0.798207 0.957911 0.553989 0.895288 0.662292 0.40084 0.251157 0.110425 0.626038 0.545194 0.769103 0.798266 0.96906 0.639675 0.462581 0.780648 0.631164 0.935405 0.5867 0.48134 0.725212 0.393171 0.297784 
15 5 0 36 7 30 21 
0.586158 0.119935 0.975191 0.544069 0.673924 0.870479 0.206361 0.074764 0.121636 0.316786 0.700802 0.66683 0.0858883 0.499068 0.63589 0.725563 0.961649 0.416538 0.356727 0.897053 0.00323828 0.838067 0.622265 0.39641 0.13585 0.631903 0.309714 0.151999 0.880441 0.129397 0.328983 0.466599 0.249333 0.304173 0.0106676 0.923256 0.174652 0.217028 0.99802 0.296288 0.533814 0.698823 0.963119 0.619702 0.197891 0.599009 0.345265 0.15954 0.0155468 0.701992 0.0565931 0.0187851 0.540059 0.678858 0.415195 0.675909 0.310761 0.724909 0.827908 0.191202 0.854306 0.156891 0.657801 0.103639 0.461064 0.668469 0.026895 0.635716 0.885497 0.0249154 0.932004 0.419311 0.723738 0.895123 0.0390129 0.921629 0.494132 0.384278 0.0811691 0.509678 0.0862702 0.137762 0.528464 0.626329 0.81662 0.943658 0.302238 0.127382 0.668567 0.130147 0.318584 0.522873 0.287037 0.976385 0.626512 0.748101 0.644854 0.653407 0.383817 0.530351 0.678322 0.315821 0.949662 0.402061 0.210944 0.988675 0.32369 0.705076 0.372953 0.404859 0.214754 0.459223 0.542621 0.743218 0.0855524 0.359242 0.686876 0.387791 0.486623 0.355443 0.517937 0.805207 0.878316 0.804974 0.781593 0.504828 0.553075 0.426447 
16 13 12 26 21 29 15 
0.463658 0.895135 0.562308 0.168733 0.268089 0.967167 0.383487 0.727312 0.509788 0.126705 0.812864 0.869029 0.813581 0.200655 0.355652 0.169024 0.718592 0.16086 0.0473409 0.523567 0.942452 0.552169 0.0766423 0.368899 0.710404 0.0135346 0.325697 0.546962 0.266248 0.232158 0.78558 0.729906 0.127293 0.347888 0.898639 0.395381 0.315054 0.282126 0.122693 0.824842 0.408832 0.935558 0.693871 0.222413 0.136213 0.0495238 0.391437 0.854805 0.210383 0.438778 0.378372 0.152836 0.990947 0.455014 0.521735 0.701352 0.468549 0.847432 0.248314 0.734797 0.0795894 0.0338936 0.464703 0.206882 0.381781 0.363342 0.602264 0.696836 0.645468 0.724957 0.521678 0.0542998 0.660515 0.215549 0.276713 0.796727 0.265073 0.66815 0.651532 0.475456 0.106928 0.0299045 0.628292 0.0978752 0.484919 0.150027 0.799227 0.953468 0.997458 0.0475406 0.688265 0.0770479 0.0814342 0.152967 0.28393 0.463215 0.516309 0.886194 0.160051 0.161777 0.611151 0.681728 0.216077 0.271666 0.897277 0.49279 0.0683935 0.16235 0.160939 0.719926 0.637806 0.267867 0.74983 0.266098 0.365742 0.234749 0.416125 0.164969 0.188217 0.413583 0.21251 0.876481 0.490631 0.293944 0.0294485 0.774561 0.75716 0.545758 
17 19 25 27 4 14 38 
0.543573 0.496216 0.416402 0.611966 0.658567 0.577341 0.331892 0.296373 0.845208 0.0817229 0.562471 0.210951 0.316472 0.978596 0.37592 0.504689 0.392179 0.58843 0.38117 0.882811 0.882374 0.410618 0.657372 0.639534 0.956376 0.318128 0.556744 0.663911 0.590035 0.155683 0.587523 0.133608 0.6519 0.00392471 0.745574 0.310466 0.581266 0.0774666 0.606839 0.426474 0.159189 0.169311 0.637425 0.475661 0.147907 0.0133452 0.98035 0.540086 0.601775 0.36152 0.422897 0.484149 0.772138 0.0802691 0.123683 0.728514 0.398397 0.680428 0.392425 0.988431 0.836111 0.979948 0.122039 0.488011 0.983873 0.867613 0.798478 0.565139 0.94508 0.405317 0.991613 0.104269 0.574628 0.629038 0.579931 0.722535 0.642383 0.560281 0.262621 0.244158 0.921801 0.685518 0.728308 0.693939 0.765787 0.851991 0.422454 0.164184 0.532419 0.814879 0.152615 0.36853 0.794827 0.274654 0.856541 0.7787 0.142268 0.655019 0.343838 0.0873475 0.060336 0.335451 0.191617 0.634964 0.964489 0.771548 0.357498 0.606872 0.331829 0.620119 0.851031 0.25363 0.305637 0.579338 0.947569 0.0714241 0.43133 0.370023 0.235608 0.963749 0.184901 0.388223 0.332279 0.979728 0.662877 0.18882 0.758428 0.805145 
18 1 8 13 7 3 35 
0.539139 0.402206 0.855657 0.896637 0.0090782 0.187486 0.516757 0.860109 0.441115 0.822394 0.439447 0.388684 0.893818 0.870777 0.758707 0.129426 0.834526 0.943608 0.517649 0.166805 0.923336 0.180526 0.355625 0.681763 0.985671 0.199464 0.784029 0.878164 0.103639 0.221746 0.962273 0.642778 0.623952 0.81793 0.539416 0.63303 0.00541519 0.0561724 0.493139 0.44653 0.878566 0.932586 0.835215 0.772384 0.803363 0.593921 0.90181 0.637889 0.537529 0.419459 0.804694 0.460865 0.599985 0.160319 0.142629 0.585656 0.359783 0.926658 0.463819 0.463422 0.148404 0.426092 0.106201 0.772356 0.244022 0.645616 0.405386 0.249437 0.701789 0.898525 0.695967 0.580355 0.831111 0.531182 0.352739 0.634475 0.125103 0.254549 0.272364 0.662633 0.674007 0.0770577 0.123498 0.273992 0.237376 0.266127 0.859648 0.597159 0.192784 0.323468 0.0605815 0.341188 0.74956 0.166782 0.113544 0.993582 0.812398 0.51893 0.243019 0.514187 0.417455 0.938986 0.0945416 0.248567 0.470168 0.44728 0.883042 0.595272 0.701829 0.155406 0.257904 0.375836 0.232463 0.381402 0.649829 0.46984 0.647529 0.509477 0.0669991 0.840313 0.832944 0.127581 0.181501 0.582504 0.294363 0.295046 0.576086 0.106761 
19 10 35 26 39 27 31 
0.479998 0.228259 0.16277 0.36304 0.823531 0.864599 0.518445 0.0814349 0.240435 0.750909 0.462837 0.890264 0.220749 0.110365 0.399741 0.287748 0.950678 0.232685 0.415328 0.13218 0.815189 0.709691 0.427225 0.391275 0.816452 0.241201 0.210379 0.4374 0.472633 0.96847 0.152889 0.952631 0.196729 0.315659 0.315671 0.0202601 0.180258 0.834116 0.101695 0.420693 0.585025 0.564532 0.310957 0.805774 0.674897 0.710697 0.0935214 0.625575 0.943382 0.50885 0.757755 0.758571 0.218541 0.18498 0.149846 0.0349929 0.426182 0.360226 0.472393 0.898814 0.328696 0.625282 0.851445 0.525425 0.940941 0.167116 0.545685 0.121198 0.00123239 0.64738 0.541891 0.586258 0.211912 0.852848 0.392031 0.886809 0.563545 0.485553 0.512385 0.506928 0.994402 0.27014 0.265499 0.212943 0.45512 0.415345 0.247936 0.881302 0.775571 0.720329 0.780116 0.104266 0.34561 0.631561 0.629692 0.286551 0.798677 0.175377 0.407749 0.799909 0.822757 0.949641 0.386167 0.0346693 0.802489 0.778198 0.921478 0.366034 0.263751 0.433863 0.872962 0.258153 0.704003 0.138461 0.471096 0.159123 0.553806 0.719032 0.0404242 0.329376 0.439361 0.82054 0.433643 0.784971 0.452101 0.0633344 0.0715225 0.250778 
20 34 6 17 13 9 19 
0.096138 0.231401 0.215053 0.0176164 0.597435 0.478804 0.451479 0.470397 0.736957 0.155482 0.608858 0.208053 0.314605 0.162664 0.927085 0.355029 0.49204 0.366446 0.175569 0.925683 0.151417 0.62767 0.989017 0.22294 0.878448 0.227729 0.702212 0.929136 0.289197 0.131124 0.36599 0.385335 0.362526 0.581043 0.402952 0.959961 0.0598468 0.854431 0.430358 0.796803 0.00991301 0.039216 0.0048561 0.324518 0.20188 0.931941 0.679547 0.69392 0.298387 0.855116 0.619602 0.449804 0.482786 0.608619 0.672744 0.361234 0.836348 0.374956 0.29037 0.125545 0.50608 0.65636 0.51088 0.868606 0.237403 0.913832 0.828567 0.29725 0.768263 0.258925 0.0940535 0.778176 0.298141 0.0989096 0.102693 0.500021 0.0308507 0.78224 0.193941 0.329238 0.637356 0.813543 0.779042 0.120141 0.422162 0.451786 0.481375 0.25851 0.826742 0.771745 0.384055 0.332823 0.428105 0.894935 0.201429 0.665508 0.808767 0.0299961 0.962758 0.57703 0.288921 0.0568119 0.355206 0.587063 0.155721 0.457899 0.0870838 0.186572 0.240139 0.281024 0.51581 0.877495 0.0945671 0.294852 0.997636 0.516729 0.746638 0.479011 0.775239 0.573381 0.250756 0.159294 0.906204 0.678861 0.0542293 0.107633 0.344369 0.862996 
21 19 5 0 38 11 31 
0.013613 0.519661 0.253131 0.100697 0.706233 0.49327 0.381721 0.222043 0.370765 0.476288 0.516895 0.368401 0.993017 0.263534 0.847413 0.768257 0.836914 0.0981689 0.927551 0.743118 0.77703 0.98178 0.850751 0.121399 0.844776 0.988379 0.428527 0.284802 0.414929 0.792467 0.0800341 0.428542 0.312128 0.333165 0.529239 0.0183617 0.826435 0.91096 0.240405 0.1972 0.387249 0.7573 0.565602 0.380266 0.0208339 0.413015 0.148523 0.857748 0.511183 0.0760733 0.600866 0.288213 0.0578532 0.451617 0.409613 0.902629 0.439996 0.83814 0.187432 0.854926 0.630607 0.267466 0.283468 0.942735 0.600631 0.812707 0.961097 0.427066 0.723668 0.201502 0.624267 0.110917 0.958802 0.189868 0.491183 0.979636 0.602883 0.639706 0.837384 0.114066 0.715779 0.438251 0.40228 0.773632 0.889868 0.811893 0.676261 0.329864 0.650033 0.863693 0.184789 0.28064 0.131159 0.468257 0.223375 0.73179 0.280964 0.184472 0.158856 0.00463212 0.385974 0.783122 0.115549 0.344776 0.972991 0.606731 0.324412 0.575874 0.246437 0.161797 0.68994 0.962216 0.600048 0.0922197 0.735848 0.489915 0.904112 0.412109 0.819779 0.554145 0.275802 0.00456847 0.834785 0.406961 0.472826 0.0581597 0.138751 0.75379 
22 27 30 14 8 25 15 
0.973382 0.053719 0.480702 0.297794 0.629593 0.727139 0.459591 0.319532 0.689355 0.0596391 0.411752 0.425203 0.549555 0.315864 0.837313 0.369334 0.870009 0.113115 0.373902 0.704794 0.520076 0.846728 0.762954 0.658827 0.600518 0.00558526 0.956433 0.35894 0.634191 0.0371615 0.232911 0.607573 0.0908805 0.713613 0.905367 0.720473 0.440753 0.364959 0.0400055 0.130108 0.424598 0.451758 0.555311 0.974152 0.767622 0.392624 0.343486 0.637631 0.505739 0.717388 0.342425 0.0258147 0.564116 0.105379 0.684641 0.164634 0.110964 0.641074 0.523574 0.745155 0.678236 0.756485 0.352728 0.769116 0.470099 0.258095 0.489589 0.910851 0.623054 0.529595 0.0409591 0.0476518 0.981353 0.59627 0.0218042 0.748974 0.988894 0.36529 0.386606 0.494632 0.0826787 0.729031 0.520447 0.646795 0.83441 0.205088 0.811429 0.945374 0.846163 0.335004 0.690529 0.524399 0.091489 0.0432565 0.293515 0.561588 0.301352 0.783104 0.472439 0.924406 0.312699 0.513398 0.972058 0.294052 0.109668 0.993862 0.0430264 0.0985618 0.359152 0.429632 0.593194 0.441831 0.158663 0.113641 0.0886257 0.993073 0.318729 0.900055 0.938446 0.164892 0.235058 0.628975 0.68929 0.326547 0.672232 0.982805 0.888135 0.973583 
23 13 34 15 11 21 37 
0.983641 0.863908 0.415687 0.0822026 0.22306 0.845319 0.675396 0.664891 0.00398212 0.789037 0.753517 0.997055 0.107766 0.653572 0.935501 0.272658 0.88863 0.564476 0.961948 0.215178 0.236708 0.944753 0.103313 0.210291 0.710662 0.463887 0.10828 0.789271 0.33786 0.978326 0.161931 0.3215 0.842235 0.577618 0.403703 0.0652951 0.422937 0.0790994 0.730186 0.42692 0.868137 0.483703 0.423974 0.975903 0.137275 0.359476 0.24856 0.0259052 0.923952 0.210508 0.241083 0.16066 0.15526 0.344395 0.370951 0.865922 0.808283 0.47923 0.655193 0.146142 0.457557 0.817125 0.467643 0.299792 0.394743 0.871346 0.365087 0.81768 0.950445 0.0952731 0.2446 0.818582 0.578976 0.668574 0.794484 0.716251 0.0280499 0.0430444 0.742157 0.952002 0.253552 0.983239 0.112661 0.408812 0.327635 0.483612 0.274735 0.135917 0.962842 0.929928 0.28206 0.420399 0.747052 0.749702 0.720191 0.141795 0.621048 0.0852777 0.959476 0.571493 0.180551 0.204076 0.390075 0.759527 0.87265 0.184559 0.475779 0.9007 0.227604 0.217935 0.852701 0.481156 0.201175 0.965363 0.889968 0.528809 0.448974 0.164703 0.664727 0.411817 0.0946306 0.946786 0.832216 0.841683 0.696489 0.552407 0.983478 0.317537 
24 35 21 19 13 25 3 
0.577763 0.0196794 0.463664 0.0535413 0.920379 0.691268 0.271476 0.773081 0.172423 0.472651 0.738443 0.0623913 0.0014603 0.187418 0.227094 0.666187 0.599234 0.321725 0.612973 0.43145 0.163408 0.309462 0.983857 0.146886 0.626999 0.621542 0.0898401 0.516029 0.439777 0.23687 0.795134 0.0175396 0.256549 0.258798 0.0710809 0.176928 0.950065 0.342557 0.950009 0.122489 0.815208 0.688452 0.18488 0.816669 0.87587 0.411974 0.482856 0.475104 0.733699 0.095829 0.906555 0.897106 0.405291 0.890412 0.0439925 0.0322899 0.511953 0.133833 0.548319 0.95173 0.370702 0.343452 0.96927 0.627252 0.60225 0.0403507 0.80418 0.552316 0.382908 0.754189 0.674804 0.198117 0.442641 0.859684 0.0147852 0.318511 0.271658 0.497641 0.793615 0.00535694 0.59347 0.70017 0.902463 0.998761 0.590582 0.946456 0.0310509 0.102535 0.0802886 0.57937 0.0542649 0.450991 0.922822 0.0235347 0.0782426 0.525072 0.0638854 0.882423 0.0773876 0.446794 0.636611 0.752192 0.64491 0.0792527 0.611876 0.659695 0.397764 0.883534 0.157336 0.191379 0.888891 0.750806 0.891549 0.791355 0.749567 0.482131 0.737811 0.780618 0.584666 0.818099 0.359987 0.638931 0.26909 0.282809 0.662465 0.347333 0.807881 0.726351 
25 2 41 34 13 15 0 
0.249337 0.477749 0.343383 0.132871 0.635086 0.534763 0.0217625 0.385892 0.426312 0.813117 0.135459 0.908443 0.550928 0.916077 0.493108 0.369027 0.276064 0.132039 0.638117 0.558873 0.794504 0.985449 0.366755 0.520855 0.215205 0.252024 0.693999 0.0815713 0.889484 0.512053 0.0271906 0.138821 0.989803 0.370574 0.271692 0.624888 0.905336 0.293455 0.0107799 0.331648 0.106572 0.146239 0.240091 0.6575 0.0623153 0.733199 0.0265264 0.338379 0.865239 0.664643 0.897253 0.659743 0.650093 0.264008 0.180598 0.865297 0.516031 0.874597 0.946869 0.405516 0.38665 0.974059 0.544337 0.376453 0.344633 0.816029 0.00134081 0.249969 0.109484 0.0121207 0.581617 0.216056 0.158359 0.821708 0.873556 0.220675 0.554908 0.900082 0.559054 0.420146 0.564725 0.456307 0.0798892 0.214818 0.720314 0.260487 0.0801151 0.236346 0.135084 0.0269837 0.641861 0.521734 0.00104281 0.186198 0.898186 0.345676 0.00222722 0.899527 0.595645 0.111711 0.911648 0.177262 0.327767 0.0700069 0.998971 0.201323 0.290681 0.553879 0.101405 0.849735 0.974025 0.66613 0.306042 0.0539146 0.880948 0.0263566 0.314401 0.961063 0.262702 0.449485 0.988047 0.904564 0.971219 0.989089 0.0907616 0.869405 0.334765 0.0929888 
26 3 9 20 37 18 16 
0.750586 0.106644 0.73379 0.0412676 0.660522 0.835195 0.891003 0.634548 0.501325 0.197045 0.688462 0.382272 0.223402 0.00286385 0.343335 0.486104 0.452349 0.331382 0.390668 0.423568 0.320471 0.481429 0.292972 0.655236 0.574418 0.0619039 0.585646 0.779118 0.742483 0.693319 0.311585 0.493069 0.799962 0.0453751 0.534337 0.460485 0.88057 0.42534 0.0950326 0.381894 0.622385 0.783495 0.764167 0.845787 0.786359 0.107502 0.331891 0.238708 0.438884 0.722558 0.662275 0.759355 0.203988 0.955248 0.414591 0.778406 0.0171514 0.000237603 0.557524 0.759635 0.693557 0.869109 0.252704 0.493519 0.914484 0.787041 0.954004 0.795054 0.212381 0.0490364 0.176948 0.834766 0.832531 0.941115 0.680553 0.61889 0.0486171 0.0124436 0.857598 0.487501 0.735002 0.519873 0.246856 0.93899 0.475121 0.661447 0.717395 0.492272 0.661685 0.274919 0.251907 0.355241 0.144027 0.504611 0.84876 0.0585112 0.291652 0.802764 0.853565 0.504032 0.851801 0.030513 0.338798 0.684332 0.971628 0.019351 0.303222 0.0202451 0.0317946 0.16082 0.507746 0.766797 0.680694 0.754602 0.705786 0.155815 0.416049 0.423181 0.648087 0.0777343 0.6981 0.899994 0.432976 0.842127 0.404605 0.281736 0.900639 0.696257 
27 20 21 37 1 7 18 
0.756345 0.558438 0.923855 0.77659 0.590233 0.0846756 0.284336 0.35703 0.765369 0.0389378 0.0628158 0.921184 0.454987 0.485997 0.569271 0.532722 0.184097 0.469266 0.965697 0.0262246 0.873871 0.247433 0.926863 0.570127 0.331934 0.681067 0.770417 0.268234 0.465783 0.309504 0.888867 0.222128 0.867942 0.812722 0.998718 0.458175 0.897398 0.283053 0.815205 0.662767 0.321991 0.878021 0.583952 0.776978 0.364018 0.153223 0.3097 0.548115 0.622489 0.275397 0.57434 0.49636 0.52283 0.501203 0.0664869 0.854764 0.18227 0.836903 0.122998 0.648053 0.146407 0.0118656 0.870181 0.0143499 0.824588 0.868899 0.472525 0.721986 0.151952 0.28773 0.384753 0.473943 0.165751 0.968705 0.250921 0.52977 0.121928 0.560621 0.0778848 0.744417 0.836018 0.652225 0.240777 0.358849 0.153428 0.307264 0.213613 0.335698 0.144167 0.336611 0.983751 0.290575 0.348477 0.853932 0.304925 0.173065 0.722831 0.77745 0.895051 0.874783 0.0651804 0.279804 0.348726 0.230932 0.248509 0.599647 0.760701 0.370438 0.160268 0.838586 0.114855 0.996287 0.490811 0.355632 0.355136 0.644239 0.662896 0.568749 0.979937 0.807063 0.90536 0.963688 0.097638 0.253837 0.81762 0.402563 0.426902 0.540451 
28 3 35 41 8 30 16 
0.850267 0.363607 0.236826 0.220705 0.523876 0.0754118 0.33556 0.520163 0.566223 0.691192 0.875298 0.210462 0.354088 0.444047 0.190398 0.161151 0.349407 0.154086 0.258789 0.603245 0.971707 0.661352 0.0301466 0.512158 0.841364 0.352099 0.927392 0.0865571 0.953856 0.691352 0.562682 0.804123 0.0549588 0.799507 0.0248274 0.578834 0.874919 0.360387 0.0989969 0.441142 0.0515793 0.974295 0.651604 0.405667 0.418343 0.842002 0.566819 0.76775 0.996088 0.825608 0.370995 0.967795 0.48696 0.401141 0.479953 0.328324 0.75324 0.407345 0.414881 0.707097 0.0986964 0.977563 0.51122 0.153655 0.77707 0.536047 0.73249 0.65199 0.896435 0.831486 0.0931317 0.948014 0.805782 0.744735 0.353681 0.224124 0.586737 0.9205 0.991874 0.582826 0.746108 0.362869 0.550621 0.233068 0.76401 0.0305734 0.561392 0.51725 0.437918 0.976274 0.224347 0.536614 0.953837 0.735567 0.69027 0.730907 0.271614 0.422759 0.382897 0.168049 0.254246 0.476029 0.116062 0.0600273 0.220764 0.469744 0.284152 0.807501 0.390244 0.276026 0.390327 0.136352 0.638894 0.940948 0.36942 0.402904 0.971521 0.930813 0.920154 0.409439 0.907087 0.144501 0.946054 0.860924 0.880068 0.636323 0.591831 0.151682 
29 40 7 31 30 4 11 
0.671521 0.905537 0.657507 0.479023 0.295781 0.933533 0.86935 0.432133 0.572427 0.810297 0.801553 0.975331 0.781819 0.732366 0.895485 0.191258 0.639452 0.0399865 0.137311 0.500376 0.920055 0.773635 0.092207 0.0717368 0.832717 0.0669351 0.391468 0.146045 0.517692 0.827261 0.519401 0.189213 0.732798 0.176908 0.668236 0.0285791 0.110441 0.537586 0.460712 0.682867 0.347883 0.262265 0.658198 0.129702 0.994631 0.553684 0.32096 0.634084 0.59367 0.458271 0.13446 0.513725 0.231906 0.226667 0.585462 0.064623 0.293602 0.976929 0.210668 0.811294 0.80419 0.730069 0.000507382 0.536988 0.906977 0.668744 0.565567 0.0174177 0.206329 0.0262795 0.700285 0.554213 0.288545 0.358484 0.683915 0.283176 0.912167 0.00487407 0.91726 0.505837 0.463145 0.0517195 0.0195622 0.695051 0.278386 0.605024 0.759674 0.571988 0.581953 0.970342 0.383282 0.386143 0.700411 0.383789 0.923132 0.607389 0.0525328 0.488699 0.624806 0.258862 0.514979 0.325091 0.813075 0.803523 0.683575 0.496989 0.0866995 0.595742 0.501863 0.00395929 0.10158 0.965008 0.0556788 0.121142 0.660059 0.334065 0.726166 0.419733 0.906053 0.308119 0.390075 0.289335 0.694262 0.0904866 0.673124 0.617394 0.697875 0.725657 
30 37 33 23 1 32 39 
0.424595 0.331348 0.294583 0.511295 0.927091 0.796447 0.515254 0.0286703 0.761455 0.570933 0.149812 0.421514 0.904998 0.875978 0.841247 0.811051 0.184097 0.231322 0.100385 0.878359 0.321809 0.773509 0.495753 0.0196843 0.499166 0.601846 0.342366 0.483685 0.222918 0.990139 0.281279 0.647513 0.321487 0.575862 0.158808 0.248578 0.372308 0.674062 0.277248 0.133763 0.244995 0.42706 0.555278 0.149993 0.303038 0.396525 0.961043 0.487135 0.627847 0.0614287 0.365495 0.949656 0.834938 0.861248 0.969341 0.334104 0.463094 0.311707 0.817789 0.686012 0.301846 0.0990676 0.333525 0.623333 0.674929 0.492333 0.871911 0.0472378 0.166396 0.149159 0.181001 0.411391 0.576219 0.736279 0.561384 0.879257 0.132804 0.522427 0.366393 0.760651 0.583856 0.731887 0.710307 0.418794 0.593135 0.679648 0.752897 0.056229 0.991355 0.570686 0.742241 0.2932 0.669754 0.0757664 0.916533 0.344683 0.5681 0.788443 0.391921 0.734496 0.937602 0.572922 0.145886 0.513821 0.309201 0.70727 0.393078 0.442005 0.229697 0.759471 0.202656 0.813552 0.491358 0.912964 0.232346 0.0844932 0.592612 0.985243 0.140722 0.583966 0.55593 0.882963 0.877166 0.225684 0.95873 0.793699 0.570367 0.526829 
31 5 37 11 9 12 7 
0.0335652 0.844412 0.114481 0.426643 0.286417 0.344178 0.186114 0.489074 0.15773 0.677473 0.402037 0.390076 0.761966 0.994649 0.375319 0.902688 0.578615 0.931249 0.785651 0.455781 0.156933 0.744381 0.24948 0.7273 0.27121 0.831623 0.689588 0.532536 0.351367 0.224799 0.939747 0.384932 0.0692112 0.054228 0.811576 0.355629 0.398406 0.99769 0.844702 0.556136 0.675163 0.246739 0.946212 0.437128 0.241388 0.321532 0.339816 0.820003 0.252781 0.125468 0.275784 0.409713 0.869849 0.525264 0.137013 0.141059 0.356887 0.826601 0.673595 0.708254 0.0514005 0.613342 0.0931862 0.120612 0.66757 0.904762 0.47624 0.0659755 0.902452 0.320942 0.622112 0.577615 0.567681 0.568324 0.014743 0.809069 0.889855 0.35456 0.629072 0.142636 0.480027 0.904856 0.55235 0.349876 0.43012 0.689363 0.490935 0.787007 0.515964 0.16453 0.495261 0.567365 0.777872 0.588447 0.687976 0.445441 0.493209 0.164216 0.511417 0.395661 0.485159 0.133528 0.973276 0.0528399 0.701852 0.988019 0.861909 0.591708 0.342578 0.490981 0.734344 0.822605 0.395837 0.286693 0.172482 0.825957 0.976056 0.663417 0.612964 0.49202 0.827947 0.108224 0.059385 0.605819 0.696672 0.747361 0.05126 0.18988 
32 26 39 40 9 23 27 
0.449576 0.398058 0.546836 0.311485 0.989765 0.889414 0.802466 0.724109 0.712019 0.198303 0.0108026 0.884501 0.02426 0.986859 0.547917 0.637224 0.478879 0.375864 0.745448 0.538264 0.981683 0.44212 0.285625 0.0329432 0.632 0.197203 0.59562 0.217542 0.593939 0.291825 0.776359 0.0435156 0.689883 0.323194 0.355001 0.679648 0.212608 0.157467 0.403757 0.924627 0.355771 0.41456 0.809127 0.380031 0.401419 0.357045 0.0172542 0.880298 0.732909 0.762702 0.418562 0.714592 0.204822 0.704187 0.747535 0.836822 0.90139 0.343156 0.0543634 0.495329 0.634981 0.830722 0.538845 0.324864 0.153916 0.893846 0.00451191 0.366524 0.0513136 0.408269 0.29115 0.407084 0.822829 0.100278 0.787115 0.224248 0.457322 0.804369 0.104546 0.190232 0.567071 0.523108 0.904824 0.771893 0.227295 0.652359 0.608715 0.128685 0.995515 0.663078 0.624014 0.630496 0.4938 0.16286 0.955359 0.647716 0.0567057 0.959871 0.0142398 0.108019 0.368141 0.30539 0.515103 0.19097 0.405668 0.302218 0.415218 0.86299 0.106587 0.519764 0.0532221 0.673658 0.0428714 0.958046 0.445551 0.270166 0.610405 0.0542657 0.398851 0.60592 0.717344 0.0228657 0.236416 0.211144 0.185725 0.191775 0.85886 0.242431 
33 32 1 34 14 22 5 
0.710757 0.584158 0.167772 0.125975 0.447149 0.274359 0.645739 0.500371 0.948017 0.68861 0.458417 0.393568 0.958776 0.0688219 0.447833 0.357627 0.674742 0.165177 0.380493 0.911158 0.376321 0.566218 0.102933 0.235181 0.808649 0.254579 0.108281 0.1591 0.774366 0.286771 0.0246536 0.485123 0.87093 0.192425 0.611098 0.318078 0.466784 0.256836 0.818449 0.414801 0.945446 0.276866 0.808369 0.904223 0.345688 0.256203 0.26185 0.0204294 0.42138 0.642343 0.931587 0.797701 0.208562 0.0345197 0.0328824 0.0172111 0.289099 0.141164 0.176311 0.063465 0.427935 0.200964 0.548588 0.298865 0.39339 0.159686 0.616943 0.860174 0.416522 0.435392 0.274975 0.361969 0.712258 0.0833445 0.266191 0.0579451 0.339547 0.528041 0.0783746 0.760927 0.170385 0.00996158 0.558628 0.378946 0.0444813 0.59151 0.396157 0.33358 0.732674 0.572468 0.397045 0.160609 0.773433 0.945633 0.459474 0.166822 0.105319 0.0764165 0.0269967 0.521841 0.511808 0.301972 0.88381 0.224066 0.385317 0.150001 0.282011 0.724864 0.678043 0.360386 0.485791 0.848427 0.370347 0.0444185 0.227373 0.414828 0.635929 0.623531 0.748409 0.368603 0.195999 0.145454 0.529212 0.969431 0.0910868 0.988686 0.136254 0.196406 
34 7 24 20 31 41 16 
0.800977 0.850539 0.752058 0.0829877 0.575403 0.430101 0.443373 0.0611936 0.278528 0.813721 0.105612 0.505901 0.228549 0.741541 0.129432 0.976958 0.110144 0.32543 0.122411 0.639356 0.294862 0.213498 0.628042 0.431115 0.409904 0.693144 0.594366 0.128151 0.270055 0.0595885 0.730208 0.0710316 0.910128 0.482266 0.154019 0.485531 0.912367 0.597393 0.546724 0.190895 0.411113 0.652337 0.696796 0.639662 0.393878 0.826227 0.61662 0.504022 0.151657 0.739031 0.143378 0.446519 0.952529 0.77142 0.877634 0.362433 0.464565 0.472 0.490584 0.734619 0.531589 0.220792 0.805651 0.441717 0.703058 0.95967 0.927248 0.615425 0.557063 0.473972 0.80632 0.968176 0.126309 0.503115 0.607838 0.520186 0.329343 0.224458 0.0242082 0.481 0.963489 0.167586 0.927519 0.916018 0.939007 0.805154 0.278452 0.403571 0.277154 0.769036 0.138191 0.808743 0.989828 0.943842 0.250459 0.692886 0.903512 0.177707 0.308311 0.460575 0.651679 0.114631 0.428751 0.777987 0.617747 0.0365893 0.298174 0.947089 0.261047 0.322382 0.428089 0.224536 0.489968 0.355608 0.140555 0.428975 0.160762 0.419006 0.832546 0.437916 0.188042 0.970736 0.246658 0.17787 0.914578 0.497117 0.870756 0.81809 
35 13 40 36 29 23 28 
0.10449 0.911445 0.744005 0.402664 0.858535 0.00505255 0.725046 0.286624 0.229589 0.215014 0.642232 0.370144 0.643989 0.802994 0.78915 0.476535 0.240909 0.977192 0.447271 0.487568 0.155062 0.361849 0.984685 0.0258177 0.179939 0.659509 0.204885 0.458604 0.986012 0.498584 0.16602 0.090502 0.410029 0.910026 0.493166 0.268564 0.915078 0.218212 0.555188 0.144667 0.433226 0.19742 0.514811 0.077215 0.000413826 0.30396 0.55375 0.241323 0.281152 0.00102115 0.728891 0.436213 0.36287 0.713576 0.462031 0.54281 0.373085 0.666916 0.001414 0.359097 0.1655 0.167434 0.449599 0.57553 0.07746 0.942765 0.844094 0.992538 0.160976 0.399282 0.137205 0.594202 0.596702 0.652016 0.671417 0.597115 0.955976 0.225167 0.838439 0.237128 0.226188 0.56733 0.673341 0.589059 0.280906 0.135372 0.131869 0.653991 0.802289 0.133283 0.0130872 0.967789 0.300717 0.462686 0.543319 0.378177 0.40545 0.387413 0.370715 0.566427 0.786695 0.50792 0.160629 0.383396 0.159936 0.832047 0.980512 0.115912 0.0572138 0.81895 0.35304 0.283402 0.38628 0.0263811 0.872461 0.667186 0.161753 0.00432954 0.321176 0.964042 0.137612 0.334264 0.931831 0.438329 0.796949 0.47515 0.816506 0.2024 
36 25 26 24 40 38 34 
0.0326537 0.855077 0.761502 0.0131653 0.970989 0.818716 0.832116 0.324028 0.102118 0.218396 0.35041 0.974579 0.885582 0.512163 0.978909 0.206758 0.476205 0.116521 0.541021 0.408036 0.55485 0.337971 0.883187 0.371355 0.540371 0.74575 0.558576 0.309197 0.395007 0.253717 0.238653 0.427661 0.108794 0.000155085 0.440826 0.0797825 0.818871 0.272942 0.403811 0.920989 0.491338 0.754221 0.895568 0.376919 0.266384 0.874477 0.583677 0.742589 0.990998 0.124699 0.150625 0.545848 0.462669 0.0338119 0.917203 0.00304007 0.779562 0.475779 0.312237 0.174569 0.729496 0.55089 0.60223 0.83829 0.551045 0.0430557 0.918073 0.369916 0.315998 0.321884 0.290905 0.807335 0.0761043 0.186474 0.184255 0.342488 0.0609509 0.767932 0.0850767 0.0519487 0.892631 0.235702 0.597796 0.3553 0.269514 0.514999 0.35834 0.0490753 0.990778 0.670577 0.223644 0.720275 0.221467 0.825874 0.558565 0.772513 0.868929 0.476638 0.142429 0.184927 0.798521 0.433334 0.992262 0.874626 0.619808 0.176517 0.217113 0.680759 0.944449 0.30219 0.732708 0.837079 0.537892 0.330504 0.192379 0.807406 0.845503 0.550719 0.856481 0.836281 0.221297 0.0801253 0.556556 0.442764 0.905999 0.115121 0.215277 0.774928 
37 3 26 14 12 5 20 
0.410848 0.128634 0.482019 0.0916073 0.0730822 0.784209 0.824315 0.910161 0.322101 0.154819 0.102541 0.129507 0.000321868 0.65326 0.985988 0.836603 0.874557 0.0661137 0.393159 0.317321 0.972113 0.50828 0.532598 0.747041 0.100039 0.890304 0.706895 0.490319 0.681344 0.659012 0.755225 0.0921924 0.787646 0.237244 0.1838 0.860728 0.0214528 0.00811468 0.770889 0.343554 0.162934 0.87343 0.473061 0.163255 0.52669 0.45905 0.999859 0.401247 0.525164 0.393018 0.718569 0.497276 0.901299 0.251167 0.244317 0.0013376 0.141471 0.951212 0.491657 0.822815 0.610224 0.246881 0.915007 0.39787 0.484125 0.0988072 0.258598 0.505578 0.106922 0.0294872 0.849132 0.269855 0.902917 0.322193 0.433111 0.429608 0.781243 0.432969 0.830855 0.306407 0.825988 0.549424 0.803683 0.727286 0.80059 0.0479992 0.728624 0.942061 0.999211 0.22028 0.764876 0.609435 0.467161 0.679884 0.00730511 0.951286 0.778691 0.265903 0.456864 0.885613 0.29539 0.305996 0.155468 0.198307 0.628189 0.588579 0.627915 0.409432 0.0215485 0.45877 0.715838 0.847536 0.00819345 0.519521 0.574822 0.808784 0.56752 0.303446 0.750845 0.566731 0.523726 0.515722 0.176166 0.990888 0.195605 0.183471 0.942174 0.974296 
38 32 35 31 14 5 39 
0.943072 0.333222 0.603957 0.570987 0.742653 0.625505 0.0297567 0.458491 0.473041 0.0379501 0.978012 0.0478633 0.846734 0.545532 0.351309 0.597579 0.112263 0.875035 0.113301 0.28843 0.865923 0.308906 0.471901 0.808096 0.283202 0.921275 0.207134 0.143112 0.66604 0.912167 0.158489 0.609112 0.245389 0.762446 0.180098 0.988042 0.387951 0.209855 0.446533 0.860992 0.247805 0.424545 0.908856 0.0945393 0.970077 0.260165 0.692118 0.0823403 0.1352 0.805419 0.37077 0.00112254 0.114325 0.842671 0.809219 0.397528 0.763946 0.0163528 0.54064 0.429986 0.92852 0.699129 0.0390978 0.173908 0.461575 0.219196 0.16195 0.849526 0.429051 0.608483 0.710518 0.676857 0.0330283 0.619374 0.771396 0.00310542 0.879539 0.463514 0.0854457 0.0147386 0.268934 0.456215 0.0158611 0.383259 0.298886 0.82508 0.780787 0.0628324 0.841433 0.321426 0.492819 0.769953 0.020555 0.531916 0.943861 0.48213 0.751113 0.105811 0.331656 0.180164 0.714294 0.0421746 0.857021 0.747322 0.661549 0.628416 0.750428 0.541087 0.0919308 0.835873 0.555826 0.360864 0.292089 0.571687 0.744123 0.590975 0.396767 0.52491 0.653808 0.2382 0.846336 0.146626 0.00815266 0.866891 0.678542 0.952014 0.349021 0.429655 
39 8 20 26 18 12 14 
0.0952558 0.269869 0.925488 0.187187 0.105742 0.481313 0.548051 0.397831 0.0530005 0.292174 0.988807 0.449768 0.817084 0.642614 0.687968 0.663419 0.78924 0.69612 0.53031 0.467783 0.648134 0.879331 0.897438 0.705959 0.560008 0.507257 0.478077 0.282859 0.974096 0.997518 0.66726 0.0693518 0.267387 0.592747 0.256538 0.37313 0.0740605 0.804589 0.770961 0.127061 0.0967631 0.759767 0.576829 0.913847 0.402382 0.264796 0.577266 0.191622 0.960917 0.107576 0.659405 0.609051 0.986907 0.556843 0.315009 0.546915 0.0640993 0.793086 0.829774 0.0381953 0.790605 0.497034 0.107547 0.0579919 0.0897808 0.364085 0.431122 0.163841 0.168675 0.202082 0.290902 0.265438 0.96185 0.867731 0.179284 0.364232 0.132528 0.75655 0.555854 0.0934444 0.864126 0.215259 0.702495 0.851033 0.772101 0.0175045 0.397948 0.836201 0.810591 0.227723 0.874396 0.601196 0.724756 0.981943 0.659188 0.814537 0.346029 0.0903092 0.978378 0.514703 0.292392 0.269281 0.780141 0.254242 0.137012 0.959425 0.618473 0.269539 0.715976 0.174327 0.362984 0.580102 0.389586 0.0654789 0.431135 0.161687 0.0829833 0.829084 0.997888 0.893574 0.0568063 0.872284 0.49477 0.781563 0.854227 0.153958 0.5961 0.200256 
40 1 13 11 37 21 41 
0.7909 0.98077 0.454525 0.409373 0.25031 0.1705 0.5837 0.613294 0.750603 0.973286 0.678772 0.181738 0.134973 0.761756 0.0108218 0.13286 0.65533 0.0676281 0.00514432 0.1501 0.849191 0.859371 0.304058 0.44529 0.059627 0.548325 0.0197682 0.774586 0.084983 0.863527 0.269686 0.875883 0.844297 0.72421 0.285256 0.0946072 0.894711 0.868956 0.707901 0.645313 0.842242 0.386673 0.827051 0.977215 0.148429 0.837873 0.110075 0.803759 0.905501 0.115219 0.953859 0.754692 0.974591 0.257917 0.199982 0.0342177 0.806241 0.21975 0.808804 0.891224 0.0832772 0.078489 0.767107 0.927575 0.802699 0.0523632 0.0221817 0.69741 0.921319 0.730082 0.342724 0.763561 0.116755 0.169775 0.740776 0.265184 0.00764856 0.850851 0.0689431 0.91315 0.96607 0.0228019 0.667842 0.940661 0.280718 0.867824 0.974878 0.0869596 0.0875741 0.783682 0.978184 0.170851 0.862171 0.745291 0.0984259 0.66487 0.797654 0.120608 0.362281 0.718973 0.85069 0.705005 0.482535 0.967446 0.87478 0.22331 0.23263 0.882429 0.074161 0.301573 0.795578 0.0402309 0.324375 0.46342 0.980892 0.605093 0.331244 0.95577 0.692053 0.418818 0.739452 0.670237 0.589669 0.601622 0.415528 0.688095 0.266493 0.213182 
41 29 26 34 14 12 37 
0.208558 0.638 0.859468 0.0909864 0.712161 0.161041 0.886565 0.752392 0.485416 0.349985 0.733284 0.0905095 0.681229 0.689053 0.782562 0.100047 0.428505 0.452799 0.689716 0.0301273 0.868327 0.377811 0.29662 0.0815087 0.186514 0.925393 0.0136639 0.845908 0.259171 0.428354 0.472746 0.467729 0.0663541 0.332215 0.558716 0.778515 0.493256 0.44528 0.530907 0.978672 0.795265 0.264191 0.0691818 0.476494 0.953244 0.851744 0.576541 0.381749 0.304543 0.266257 0.411877 0.17287 0.644068 0.708497 0.254379 0.830583 0.63389 0.268043 0.67649 0.893061 0.696397 0.149236 0.36079 0.762751 0.481451 0.919506 0.541266 0.974707 0.364786 0.0721736 0.953379 0.160051 0.336365 0.022561 0.636545 0.289609 0.874305 0.213086 0.671359 0.178849 0.479343 0.0832352 0.351719 0.123411 0.791732 0.606098 0.953994 0.425622 0.874141 0.630484 0.318683 0.570538 0.77972 0.679473 0.333289 0.261171 0.598979 0.874555 0.235878 0.963765 0.946729 0.189258 0.123816 0.283093 0.211819 0.760362 0.572702 0.0861239 0.973448 0.244061 0.264973 0.45279 0.327296 0.616692 0.576202 0.119028 0.22279 0.530195 0.54465 0.0969309 0.16068 0.863332 0.667469 0.9404 0.542805 0.000757727 0.201571 0.141784 
