59 4
1 1 1 1 0 0 1 1 1 0 1 0 0 0 1 0 1 0 0 0 0 0 1 0 0 1 0 1 1 1 0 1 1 0 1 0 0 1 0 0 0 1 1 0 0 1 1 1 0 0 0 1 1 0 1 0 0 0 0 
0 26 48 52 
0.175562 0.487323 0.84827 0.142831 0.906796 0.958455 0.598494 0.450218 0.417372 0.111729 0.492917 0.0850757 0.115875 0.0404551 0.0302161 0.017703 
1 46 25 27 
0.723369 0.185727 0.102469 0.584429 0.67193 0.851855 0.486837 0.792737 0.924681 0.467395 0.871877 0.499541 0.642957 0.3592 0.347811 0.785788 
2 18 37 38 
0.716213 0.723637 0.496011 0.209131 0.808713 0.611885 0.249586 0.838929 0.629588 0.454623 0.556809 0.212169 0.177992 0.742536 0.314638 0.762421 
3 0 4 53 
0.207203 0.0911739 0.716653 0.0790803 0.590715 0.359611 0.438281 0.938525 0.145399 0.704276 0.244791 0.529681 0.42049 0.968428 0.0256921 0.629621 
4 16 32 3 
0.267166 0.33383 0.17288 0.479335 0.511822 0.915416 0.793973 0.274244 0.329883 0.960466 0.523502 0.537086 0.0516399 0.240155 0.616166 0.642354 
5 40 17 0 
0.758723 0.825671 0.274846 0.179213 0.7941 0.300538 0.808834 0.571241 0.938115 0.68804 0.187312 0.205281 0.0218701 0.360191 0.684617 0.533692 
6 52 9 28 
0.60549 0.439056 0.331437 0.142576 0.490696 0.571592 0.758742 0.13305 0.171358 0.813189 0.71393 0.916522 0.571913 0.539601 0.191368 0.751126 
7 53 49 11 
0.904942 0.43002 0.248 0.0922537 0.635302 0.26987 0.452445 0.319919 0.803562 0.728053 0.798509 0.611498 0.333543 0.237565 0.942936 0.476119 
8 53 43 13 
0.861311 0.685885 0.0480508 0.575242 0.602407 0.619963 0.114843 0.793775 0.371089 0.448544 0.28568 0.931048 0.353486 0.715701 0.179048 0.44574 
9 46 2 19 
0.670921 0.25248 0.626238 0.46943 0.863978 0.959781 0.706995 0.806914 0.4359 0.435256 0.321442 0.670762 0.296567 0.00732702 0.718813 0.871809 
10 21 20 25 
0.403509 0.709865 0.435196 0.68919 0.640913 0.788682 0.40489 0.819961 0.234422 0.755893 0.268879 0.132608 0.426814 0.521359 0.758846 0.896244 
11 2 37 26 
0.192251 0.154527 0.0384942 0.513693 0.825289 0.335061 0.52102 0.544101 0.20687 0.130754 0.882877 0.193522 0.534264 0.592742 0.628718 0.223453 
12 37 10 30 
0.651823 0.384236 0.322495 0.78443 0.81105 0.843854 0.543276 0.707294 0.229192 0.261903 0.310532 0.421443 0.416429 0.349026 0.935136 0.241718 
13 25 58 50 
0.890957 0.58691 0.668696 0.0844793 0.121174 0.261438 0.713197 0.344627 0.495093 0.130597 0.97297 0.548709 0.78242 0.357206 0.871204 0.56685 
14 6 26 20 
0.875549 0.944251 0.372029 0.186081 0.365694 0.788458 0.535108 0.30083 0.0301764 0.219195 0.756986 0.815996 0.110153 0.343896 0.484692 0.194632 
15 12 40 34 
0.809696 0.241223 0.0384266 0.782666 0.789933 0.820847 0.139872 0.661137 0.387697 0.308128 0.376196 0.497824 0.183677 0.320447 0.869853 0.369758 
16 2 28 32 
0.986971 0.688487 0.124061 0.743956 0.504483 0.234214 0.0878521 0.989175 0.428846 0.552921 0.735305 0.336675 0.362617 0.976529 0.375101 0.145284 
17 13 45 12 
0.583646 0.593283 0.803794 0.0814692 0.77696 0.124241 0.951322 0.146718 0.810382 0.609633 0.0515842 0.797352 0.29812 0.175645 0.541309 0.802603 
18 15 49 22 
0.838705 0.182082 0.527083 0.17538 0.5447 0.503612 0.550481 0.689983 0.270073 0.746429 0.975139 0.697672 0.330075 0.568422 0.501466 0.411544 
19 3 39 1 
0.4921 0.436088 0.972499 0.543684 0.233441 0.270618 0.71933 0.774749 0.0732211 0.129189 0.40391 0.864999 0.967894 0.585992 0.392082 0.143273 
20 55 7 39 
0.820675 0.165766 0.440184 0.795813 0.863438 0.770259 0.364235 0.364904 0.181803 0.709617 0.99061 0.544669 0.201717 0.426699 0.517168 0.745401 
21 43 41 15 
0.434889 0.861007 0.593919 0.838799 0.726006 0.561813 0.424791 0.118087 0.705086 0.555483 0.0137806 0.398841 0.376158 0.179547 0.839024 0.171971 
22 29 8 45 
0.407888 0.791086 0.245823 0.398499 0.335755 0.44754 0.825198 0.852923 0.192941 0.485337 0.640709 0.657672 0.920226 0.501716 0.251591 0.759025 
23 19 7 0 
0.345809 0.51849 0.739299 0.35959 0.917331 0.115457 0.539137 0.756355 0.287428 0.582121 0.365638 0.823634 0.99001 0.156724 0.0694565 0.388509 
24 30 0 29 
0.709937 0.699044 0.986111 0.367609 0.61927 0.487827 0.6192 0.378296 0.715548 0.432605 0.562112 0.0613574 0.951095 0.301411 0.420947 0.868426 
25 23 50 1 
0.542205 0.99042 0.527929 0.532215 0.147144 0.597386 0.920724 0.639623 0.114382 0.13443 0.985025 0.824319 0.833474 0.971136 0.191929 0.452744 
26 0 46 11 
0.174511 0.243734 0.393152 0.235868 0.194829 0.694563 0.656816 0.0632553 0.111431 0.616899 0.688037 0.815726 0.159105 0.678457 0.343656 0.69132 
27 38 14 34 
0.465224 0.0554232 0.746474 0.45025 0.879743 0.579948 0.421386 0.0716711 0.0326926 0.880349 0.8828 0.863733 0.0548598 0.126534 0.256885 0.290728 
28 58 35 40 
0.384618 0.0628786 0.564443 0.0726552 0.878605 0.723548 0.751112 0.22226 0.414868 0.576713 0.163302 0.0269114 0.0419372 0.218725 0.773385 0.492187 
29 36 21 13 
0.170138 0.386026 0.793922 0.0529385 0.249759 0.848782 0.179472 0.506643 0.13951 0.500835 0.458091 0.0870538 0.885454 0.52097 0.651497 0.958109 
30 46 49 57 
0.621835 0.789913 0.285933 0.785137 0.816825 0.327871 0.00386146 0.59021 0.820058 0.102329 0.943543 0.733631 0.272467 0.329569 0.527553 0.325406 
31 2 24 50 
0.515844 0.00571341 0.544062 0.602898 0.891167 0.0650317 0.254395 0.849276 0.464606 0.629441 0.558496 0.0864411 0.419354 0.84443 0.871578 0.236178 
32 12 29 43 
0.992358 0.977768 0.769931 0.725989 0.250235 0.0995006 0.253542 0.575641 0.678829 0.629876 0.0805191 0.7648 0.145721 0.0862325 0.308862 0.748619 
33 44 46 15 
0.826675 0.8385 0.632455 0.385172 0.924941 0.0518084 0.229601 0.796519 0.287987 0.401902 0.671958 0.114375 0.39426 0.649726 0.884306 0.12025 
34 9 32 13 
0.475602 0.662636 0.00366826 0.556122 0.427435 0.149389 0.642354 0.736297 0.898008 0.619754 0.110191 0.901022 0.446429 0.948691 0.533476 0.8316 
35 31 50 24 
0.670151 0.873271 0.463104 0.342109 0.987646 0.857364 0.991835 0.871953 0.977614 0.891797 0.85576 0.351406 0.367399 0.518395 0.355074 0.923521 
36 12 23 40 
0.682128 0.402471 0.185628 0.792319 0.303492 0.632057 0.74101 0.836969 0.463658 0.614642 0.422253 0.524859 0.284793 0.295525 0.987963 0.626903 
37 50 28 27 
0.155124 0.822942 0.510535 0.0108831 0.174348 0.877934 0.529278 0.529422 0.801455 0.475109 0.0338856 0.36733 0.157236 0.436356 0.552958 0.949555 
38 18 19 21 
0.576817 0.648673 0.305208 0.999071 0.173532 0.590001 0.294595 0.161496 0.216904 0.577767 0.00682364 0.835642 0.73289 0.829766 0.346176 0.743773 
39 48 36 23 
0.533536 0.0255654 0.74816 0.567422 0.392895 0.905396 0.00377805 0.945853 0.854952 0.743627 0.130869 0.545517 0.320444 0.779542 0.850724 0.319515 
40 47 58 54 
0.11457 0.657629 0.191877 0.121394 0.493271 0.924767 0.951159 0.839447 0.668541 0.955273 0.0635579 0.941592 0.488809 0.0891232 0.689752 0.0562305 
41 44 12 33 
0.427871 0.4501 0.803635 0.55874 0.995617 0.12408 0.338281 0.846341 0.443595 0.291355 0.287067 0.0577053 0.405925 0.944696 0.249582 0.527319 
42 32 15 25 
0.277414 0.84289 0.433751 0.340972 0.784482 0.92256 0.430095 0.474234 0.97879 0.912113 0.0693825 0.0387987 0.339985 0.519482 0.842434 0.898725 
43 26 28 5 
0.410109 0.528362 0.648507 0.467814 0.934287 0.593203 0.717396 0.461606 0.0311697 0.891746 0.940084 0.308584 0.734636 0.373835 0.649556 0.519118 
44 52 56 1 
0.275185 0.991764 0.0627345 0.313984 0.331749 0.582217 0.156418 0.230474 0.0973161 0.122932 0.467481 0.458756 0.53304 0.995842 0.107264 0.000854096 
45 21 39 25 
0.391736 0.731636 0.609996 0.33182 0.0402201 0.344632 0.705655 0.689776 0.863749 0.00204967 0.769427 0.857101 0.277235 0.761191 0.919836 0.591218 
46 8 43 54 
0.323415 0.599369 0.870568 0.790895 0.0581254 0.403608 0.786738 0.165389 0.404462 0.716867 0.865855 0.122713 0.108603 0.597492 0.732708 0.440423 
47 30 2 51 
0.327488 0.94109 0.148127 0.0969145 0.798191 0.425362 0.858106 0.718027 0.0165801 0.951046 0.22008 0.764216 0.274461 0.819449 0.634784 0.0653564 
48 28 47 0 
0.0429631 0.442855 0.568961 0.908819 0.565568 0.677564 0.50631 0.298276 0.117986 0.144022 0.375616 0.264064 0.47151 0.316706 0.412191 0.568424 
49 31 11 58 
0.832924 0.854133 0.377576 0.0530039 0.618349 0.652037 0.872453 0.253133 0.717394 0.750027 0.291526 0.569488 0.79299 0.734381 0.138449 0.701809 
50 28 44 1 
0.598225 0.933999 0.352141 0.973842 0.198062 0.823651 0.290548 0.610253 0.392075 0.405445 0.447806 0.818605 0.238369 0.301938 0.196181 0.291372 
51 32 11 40 
0.173421 0.565613 0.913852 0.464947 0.1351 0.706842 0.199328 0.273549 0.408651 0.499278 0.0895618 0.61677 0.097503 0.0235606 0.968911 0.0713448 
52 22 5 38 
0.831876 0.184637 0.767337 0.279682 0.00324196 0.00570578 0.58162 0.199423 0.297078 0.501907 0.0476424 0.460903 0.675328 0.613255 0.374755 0.140275 
53 34 41 10 
0.0219047 0.490248 0.838881 0.111466 0.107018 0.936384 0.135027 0.0759285 0.00772866 0.35665 0.86849 0.369621 0.188526 0.0531269 0.136958 0.468208 
54 8 44 4 
0.255792 0.439742 0.551736 0.303435 0.900646 0.227064 0.91669 0.275401 0.367339 0.665045 0.356999 0.706942 0.68695 0.847247 0.545823 0.798416 
55 9 41 13 
0.0301932 0.489936 0.290093 0.898683 0.859557 0.47862 0.95181 0.996515 0.946828 0.00817897 0.139179 0.996656 0.263971 0.578921 0.548392 0.567406 
56 16 38 49 
0.754968 0.142794 0.149141 0.111967 0.849736 0.836091 0.959214 0.395559 0.634507 0.913479 0.877766 0.56795 0.943672 0.367702 0.858043 0.842355 
57 58 53 51 
0.223773 0.283491 0.802344 0.362952 0.280147 0.0663155 0.941874 0.828539 0.633721 0.421441 0.603994 0.117817 0.176409 0.746788 0.266958 0.288376 
58 18 50 47 
0.992084 0.737555 0.161069 0.86985 0.305505 0.104741 0.237552 0.163548 0.947096 0.46481 0.500211 0.741261 0.688584 0.783702 0.543605 0.051536 
