76 4
1 1 0 0 0 0 1 0 1 0 1 1 0 0 1 0 0 0 1 0 0 1 1 0 0 0 0 1 0 0 0 0 0 1 1 0 1 1 1 1 1 1 0 0 0 0 0 1 1 0 1 1 0 1 0 0 0 0 0 1 1 1 0 0 1 1 1 1 1 1 0 1 1 1 1 1 
0 57 29 8 
0.441711 0.227787 0.682213 0.313705 0.7551 0.0438734 0.0473639 0.532136 0.415115 0.508475 0.29482 0.81312 0.923991 0.556698 0.998141 0.795158 
1 22 62 38 
0.877654 0.815127 0.27804 0.150037 0.157756 0.394268 0.0195353 0.351444 0.054754 0.32383 0.856756 0.623305 0.765541 0.0845435 0.305518 0.0792457 
2 54 68 75 
0.37178 0.764506 0.635084 0.6666 0.577626 0.559076 0.223298 0.575767 0.354234 0.368 0.379092 0.64345 0.245654 0.194219 0.921491 0.395691 
3 24 6 11 
0.703419 0.370513 0.739056 0.560175 0.993818 0.504597 0.644718 0.299336 0.583842 0.484362 0.648727 0.710452 0.856141 0.413234 0.345536 0.522741 
4 48 37 19 
0.566627 0.258846 0.114038 0.945718 0.902296 0.359692 0.139937 0.823787 0.755383 0.491912 0.139546 0.170609 0.195331 0.510058 0.909665 0.755506 
5 67 24 23 
0.803212 0.998104 0.884585 0.451939 0.708556 0.740726 0.865173 0.0540919 0.263467 0.856032 0.958704 0.0095057 0.422659 0.21755 0.123544 0.368377 
6 63 1 16 
0.943633 0.238619 0.000227227 0.0831782 0.409228 0.195558 0.593236 0.318893 0.951064 0.0971125 0.733155 0.351287 0.900324 0.731259 0.235872 0.352263 
7 72 70 35 
0.493906 0.240066 0.0734686 0.45261 0.249571 0.496128 0.67016 0.373115 0.864505 0.790006 0.856352 0.37282 0.733638 0.0949711 0.373047 0.816816 
8 22 23 36 
0.823093 0.519669 0.507165 0.556248 0.870956 0.40749 0.287506 0.106828 0.759753 0.727321 0.083427 0.977189 0.221227 0.323493 0.0506579 0.673837 
9 19 46 24 
0.94618 0.41129 0.134002 0.802531 0.78411 0.86764 0.897503 0.157157 0.684457 0.401702 0.725762 0.0945098 0.224795 0.245431 0.601675 0.781042 
10 25 39 24 
0.223215 0.768918 0.795869 0.306642 0.746107 0.0170961 0.630135 0.796765 0.690933 0.203199 0.34355 0.0349298 0.149379 0.754841 0.168932 0.95191 
11 7 24 21 
0.696107 0.721029 0.251115 0.421869 0.815539 0.475909 0.667299 0.417214 0.256952 0.783686 0.426379 0.3255 0.00690092 0.195297 0.121369 0.313543 
12 22 16 32 
0.738169 0.829398 0.146876 0.08172 0.864328 0.296255 0.836561 0.0332603 0.248165 0.375511 0.0698328 0.0975777 0.0716185 0.790862 0.348692 0.493487 
13 62 36 66 
0.0815532 0.944473 0.449995 0.407053 0.951374 0.645293 0.528423 0.264917 0.586697 0.666888 0.208594 0.324866 0.496287 0.355471 0.406586 0.360615 
14 36 55 49 
0.899891 0.618658 0.463708 0.997468 0.690277 0.25457 0.346161 0.183764 0.860972 0.170762 0.344551 0.884588 0.252315 0.289024 0.334583 0.659369 
15 54 74 67 
0.505315 0.566572 0.85468 0.713909 0.891439 0.350966 0.0693794 0.298025 0.711581 0.721105 0.541172 0.105456 0.620996 0.159831 0.569164 0.618464 
16 73 67 49 
0.0338717 0.684706 0.135387 0.378423 0.569293 0.387702 0.667447 0.903876 0.047071 0.907845 0.883751 0.234862 0.41316 0.450324 0.0895419 0.127069 
17 70 50 56 
0.639787 0.152089 0.917553 0.18096 0.257545 0.538549 0.34079 0.826709 0.157013 0.190898 0.650443 0.121637 0.224769 0.335148 0.257024 0.603192 
18 41 53 71 
0.808317 0.691797 0.178484 0.692068 0.92666 0.591644 0.142392 0.0162017 0.718713 0.484154 0.45671 0.915161 0.123942 0.608799 0.832715 0.304901 
19 37 75 20 
0.693052 0.528276 0.836589 0.343495 0.649913 0.0613586 0.678643 0.906938 0.664551 0.583084 0.551664 0.93519 0.391401 0.243461 0.113674 0.0834695 
20 4 24 45 
0.186323 0.424032 0.710015 0.643033 0.339193 0.833957 0.251831 0.171908 0.138858 0.118175 0.543171 0.78455 0.811227 0.0714472 0.621139 0.154722 
21 73 49 55 
0.628298 0.347048 0.416449 0.179962 0.282238 0.80785 0.423424 0.395913 0.891319 0.593545 0.101231 0.117181 0.779867 0.525263 0.827196 0.4229 
22 45 10 6 
0.0363637 0.800011 0.792906 0.579535 0.58456 0.604133 0.650982 0.205699 0.758855 0.372343 0.888196 0.592219 0.00064091 0.235244 0.00866784 0.180603 
23 38 44 50 
0.913395 0.707837 0.197571 0.0146262 0.825017 0.977439 0.539889 0.652213 0.400339 0.404345 0.313366 0.0750702 0.440709 0.113376 0.867976 0.0202434 
24 39 34 60 
0.903636 0.230964 0.043568 0.791832 0.823183 0.044209 0.0270762 0.831851 0.224812 0.544559 0.648369 0.828839 0.457954 0.356206 0.0264099 0.47258 
25 66 42 32 
0.833436 0.404187 0.416814 0.146802 0.479258 0.857523 0.260178 0.347234 0.877766 0.958115 0.819343 0.548992 0.861751 0.0503072 0.59256 0.653583 
26 33 18 65 
0.705341 0.861581 0.225218 0.35371 0.690419 0.683171 0.709916 0.716829 0.155751 0.891139 0.720678 0.16822 0.724575 0.124865 0.585034 0.871377 
27 55 74 52 
0.951357 0.320323 0.0896704 0.7707 0.869314 0.951421 0.821007 0.461874 0.605004 0.694497 0.0986425 0.285663 0.399839 0.960223 0.51088 0.753549 
28 39 30 74 
0.349803 0.354603 0.0881491 0.518023 0.0791777 0.213014 0.103057 0.950554 0.817137 0.545614 0.0821097 0.768494 0.865937 0.17178 0.539193 0.735252 
29 57 32 60 
0.728205 0.0546979 0.295768 0.0138678 0.454537 0.255991 0.524748 0.208085 0.906634 0.7188 0.67155 0.274105 0.0686026 0.0261529 0.362254 0.586626 
30 31 21 29 
0.0558851 0.392405 0.235297 0.137995 0.160899 0.101234 0.309775 0.700092 0.836486 0.432976 0.0602929 0.0336112 0.161181 0.114991 0.329379 0.175049 
31 9 71 49 
0.777613 0.492004 0.418597 0.449163 0.766109 0.4872 0.475316 0.128363 0.0738254 0.580646 0.703631 0.763508 0.636531 0.0960367 0.998805 0.774526 
32 12 11 23 
0.957028 0.936525 0.517277 0.0173211 0.970136 0.678459 0.132312 0.299515 0.853508 0.701839 0.884886 0.553305 0.479452 0.37689 0.971902 0.928615 
33 47 43 71 
0.271362 0.532927 0.984577 0.974994 0.296436 0.621109 0.0710304 0.295241 0.395635 0.327966 0.39528 0.479936 0.284994 0.331805 0.997214 0.302315 
34 73 21 9 
0.601457 0.529181 0.136467 0.486343 0.0824861 0.615919 0.863233 0.0543885 0.544535 0.00623213 0.513491 0.948466 0.277594 0.0464181 0.933043 0.252588 
35 61 21 28 
0.949787 0.651585 0.0333751 0.429724 0.936579 0.36518 0.426938 0.238894 0.667121 0.10261 0.673522 0.268578 0.631791 0.809989 0.754921 0.714277 
36 62 47 33 
0.970442 0.624386 0.282156 0.918908 0.90198 0.328575 0.851951 0.154569 0.671428 0.406103 0.478187 0.309523 0.35589 0.129772 0.342898 0.785614 
37 0 14 10 
0.305245 0.3752 0.315162 0.978767 0.643778 0.946953 0.788755 0.398699 0.66123 0.214663 0.016853 0.429896 0.185105 0.641239 0.712052 0.104013 
38 9 64 44 
0.697788 0.712055 0.362067 0.175975 0.0215785 0.717957 0.305747 0.364477 0.503571 0.372097 0.0725552 0.716122 0.677342 0.447755 0.031284 0.656108 
39 55 49 33 
0.490232 0.639467 0.659526 0.507085 0.0693631 0.844632 0.148324 0.781415 0.948645 0.691544 0.822042 0.904609 0.389332 0.534098 0.266675 0.565307 
40 32 73 63 
0.488203 0.24315 0.992708 0.204325 0.920492 0.440463 0.235609 0.576601 0.531996 0.213846 0.0214644 0.0222284 0.853313 0.680991 0.529314 0.922677 
41 40 35 14 
0.369182 0.526134 0.378875 0.758513 0.0602318 0.645551 0.32382 0.615908 0.630183 0.194873 0.536061 0.118386 0.438024 0.528769 0.322712 0.358516 
42 52 7 39 
0.501228 0.772168 0.956581 0.523456 0.625481 0.637572 0.0527698 0.548157 0.163194 0.730408 0.252249 0.637461 0.0995891 0.778384 0.0163368 0.858102 
43 51 0 36 
0.454523 0.292071 0.376796 0.990584 0.410457 0.81482 0.519352 0.733169 0.173336 0.488584 0.291491 0.108453 0.989812 0.0636581 0.0650345 0.513268 
44 20 9 57 
0.237297 0.865801 0.296445 0.489546 0.503262 0.396035 0.26793 0.519599 0.254137 0.106545 0.181487 0.43606 0.561068 0.473558 0.812856 0.551652 
45 12 43 42 
0.617185 0.801012 0.559589 0.908675 0.909465 0.549401 0.972333 0.974499 0.0626688 0.661473 0.677106 0.628707 0.898769 0.542907 0.925152 0.388315 
46 3 16 70 
0.565769 0.575324 0.76279 0.747256 0.0113836 0.323858 0.220814 0.824239 0.875511 0.104829 0.451915 0.946515 0.722014 0.252926 0.506104 0.630689 
47 29 0 32 
0.118174 0.264495 0.813996 0.74688 0.163265 0.356903 0.672033 0.55158 0.403072 0.993219 0.207825 0.968841 0.568543 0.970615 0.716096 0.579927 
48 65 50 16 
0.169984 0.0417394 0.856081 0.116499 0.763753 0.109008 0.622603 0.394443 0.271399 0.678108 0.997466 0.408289 0.796281 0.261961 0.222285 0.543162 
49 58 12 40 
0.976805 0.98226 0.208414 0.18463 0.951101 0.776957 0.155244 0.667197 0.356884 0.449717 0.604107 0.76105 0.619701 0.645847 0.617131 0.7362 
50 39 2 64 
0.804043 0.997538 0.0369103 0.801508 0.405827 0.833192 0.0634692 0.628112 0.376353 0.488695 0.2073 0.591547 0.4655 0.189559 0.799961 0.65013 
51 25 2 31 
0.807857 0.933802 0.255092 0.411965 0.694852 0.874793 0.0578112 0.311984 0.610992 0.467411 0.0381231 0.969795 0.271454 0.035661 0.00670535 0.0729623 
52 12 22 36 
0.0695996 0.21625 0.625126 0.276899 0.807798 0.0906261 0.466459 0.607759 0.740756 0.607119 0.184677 0.54613 0.414976 0.118479 0.801222 0.82694 
53 30 47 37 
0.125316 0.287007 0.352163 0.163439 0.256802 0.623617 0.1991 0.263507 0.696579 0.640587 0.103404 0.833011 0.710187 0.319654 0.458137 0.987086 
54 45 69 55 
0.735211 0.289519 0.0606636 0.919888 0.835649 0.47564 0.0383668 0.636871 0.30258 0.851698 0.312885 0.187332 0.977014 0.599892 0.539495 0.140453 
55 27 64 18 
0.120202 0.85969 0.98014 0.223606 0.692701 0.690327 0.54326 0.150838 0.677413 0.670712 0.699601 0.130958 0.405923 0.989119 0.191621 0.325811 
56 64 14 60 
0.461639 0.969841 0.215876 0.774524 0.157173 0.19289 0.374417 0.696667 0.333343 0.231111 0.859779 0.672895 0.351312 0.719469 0.653034 0.574918 
57 29 50 60 
0.563008 0.0207739 0.788891 0.262608 0.151732 0.194815 0.251728 0.343353 0.520626 0.0764957 0.0106138 0.884804 0.538135 0.980455 0.10068 0.312659 
58 65 60 42 
0.834295 0.626913 0.918186 0.694074 0.299808 0.269499 0.413543 0.952842 0.844417 0.825713 0.296203 0.962596 0.388721 0.316977 0.751487 0.651329 
59 32 29 53 
0.812061 0.466927 0.979553 0.822675 0.351731 0.517687 0.80313 0.452411 0.830346 0.940757 0.745981 0.517422 0.775052 0.372893 0.435608 0.469126 
60 15 19 24 
0.625543 0.549524 0.708382 0.921746 0.51212 0.0971028 0.238723 0.263607 0.748432 0.707432 0.209909 0.651489 0.519493 0.676837 0.631041 0.342168 
61 9 28 62 
0.480979 0.979075 0.0860553 0.226959 0.496497 0.861108 0.599853 0.932105 0.330234 0.272554 0.637212 0.212902 0.898097 0.186736 0.921284 0.819843 
62 41 30 36 
0.962463 0.766819 0.765998 0.172373 0.418308 0.285491 0.849209 0.0493493 0.627659 0.877777 0.198078 0.772957 0.358756 0.177153 0.859012 0.585715 
63 48 61 35 
0.605754 0.0503533 0.458122 0.242966 0.263256 0.356219 0.429702 0.18454 0.176062 0.128558 0.202927 0.234629 0.091021 0.969746 0.000626873 0.263394 
64 42 9 52 
0.437403 0.913777 0.99038 0.635481 0.686734 0.349136 0.812634 0.545746 0.934851 0.486283 0.265866 0.120419 0.0920375 0.316219 0.578541 0.335003 
65 56 33 23 
0.110823 0.893263 0.966942 0.345452 0.984284 0.936687 0.346079 0.247677 0.324741 0.632197 0.360281 0.762144 0.545974 0.350661 0.397624 0.232708 
66 1 55 63 
0.634648 0.696541 0.0443197 0.755068 0.788579 0.360539 0.333609 0.123582 0.940014 0.26837 0.888287 0.704029 0.379193 0.78155 0.67097 0.724645 
67 41 35 34 
0.0135114 0.932398 0.70292 0.373792 0.694542 0.248893 0.724453 0.0921666 0.481601 0.42425 0.302425 0.260054 0.0588981 0.998966 0.304374 0.813966 
68 21 51 30 
0.911127 0.604927 0.415945 0.799414 0.308956 0.795138 0.580965 0.979926 0.519782 0.346799 0.587584 0.590505 0.36031 0.519982 0.293425 0.734102 
69 23 37 24 
0.306691 0.0239188 0.882804 0.609116 0.283973 0.941702 0.608082 0.588347 0.755668 0.395627 0.25326 0.903243 0.306754 0.858188 0.319188 0.106168 
70 19 2 1 
0.14707 0.634109 0.0339313 0.734654 0.224614 0.394241 0.254636 0.518039 0.128343 0.469161 0.0603571 0.586898 0.775852 0.0842759 0.469702 0.384967 
71 66 69 62 
0.956596 0.167073 0.388676 0.209857 0.0703163 0.695429 0.0680444 0.389505 0.801597 0.235188 0.503831 0.48873 0.382258 0.13794 0.522661 0.116912 
72 17 28 45 
0.0452457 0.840708 0.94095 0.632143 0.61656 0.0252256 0.101845 0.00152718 0.393475 0.51325 0.994576 0.350071 0.680323 0.383252 0.559928 0.750639 
73 34 58 54 
0.880278 0.86316 0.643975 0.369008 0.245418 0.781915 0.89167 0.36233 0.144468 0.808572 0.733877 0.0250609 0.853818 0.574586 0.966011 0.485961 
74 37 12 49 
0.192673 0.384711 0.101057 0.187249 0.734782 0.78138 0.570501 0.294709 0.532019 0.649182 0.922682 0.672163 0.52946 0.785842 0.316138 0.898469 
75 45 18 24 
0.39359 0.242521 0.598711 0.127467 0.267582 0.452529 0.702053 0.233592 0.93849 0.893198 0.224829 0.526297 0.0858713 0.609539 0.627354 0.27312 
