15 3
0 1 0 0 1 1 1 1 0 1 0 0 1 0 0 
0 14 8 
0.862635 0.540136 0.393892 0.135878 0.695465 0.797041 0.167421 0.209032 
1 5 6 
0.215095 0.548337 0.315671 0.463611 0.0546092 0.249608 0.0858008 0.0272773 
2 7 3 
0.609793 0.855343 0.61802 0.823938 0.716002 0.50931 0.0770284 0.217065 
3 9 0 
0.864623 0.0225359 0.845472 0.258515 0.158414 0.540937 0.0555558 0.325835 
4 12 3 
0.0989598 0.965064 0.489908 0.41463 0.428675 0.544517 0.664238 0.514476 
5 12 14 
0.299894 0.181587 0.218837 0.917914 0.00552473 0.934839 0.427224 0.0825531 
6 10 3 
0.38789 0.016528 0.609661 0.233362 0.275043 0.768075 0.774299 0.330599 
7 10 2 
0.27217 0.19287 0.489332 0.762078 0.6075 0.918007 0.306595 0.271738 
8 12 11 
0.635232 0.732377 0.059977 0.854069 0.65029 0.0655017 0.788908 0.0775141 
9 13 7 
0.664639 0.535944 0.957341 0.2743 0.769306 0.232384 0.0423749 0.543605 
10 14 9 
0.0678727 0.835153 0.329155 0.557204 0.597231 0.936655 0.475211 0.903827 
11 3 5 
0.782217 0.843626 0.64007 0.842194 0.697695 0.29036 0.907695 0.486604 
12 9 11 
0.427417 0.0325134 0.591695 0.384758 0.306813 0.361001 0.617142 0.349188 
13 5 0 
0.972478 0.0152777 0.814628 0.529683 0.612509 0.751283 0.00489383 0.516336 
14 0 3 
0.298553 0.803303 0.552657 0.140746 0.500998 0.843018 0.0484417 0.987601 
