97 2
0 1 1 0 0 1 0 1 0 1 1 1 0 1 1 0 1 1 0 1 1 0 1 0 1 1 0 1 1 0 0 0 0 0 0 1 1 1 1 0 1 0 0 0 0 0 1 0 0 1 0 1 0 0 0 1 0 1 1 0 0 0 0 1 1 1 1 1 1 0 0 1 1 1 1 0 0 1 1 0 1 0 0 1 1 1 1 1 0 1 0 1 0 1 0 0 1 
0 26 
0.132554 0.000475881 0.139181 0.155013 
1 67 
0.800017 0.877372 0.0526898 0.304016 
2 24 
0.170712 0.718204 0.733889 0.351433 
3 25 
0.767062 0.962963 0.149966 0.854302 
4 80 
0.838794 0.926484 0.442113 0.602427 
5 78 
0.919575 0.713741 0.652945 0.108637 
6 62 
0.611792 0.24119 0.654637 0.750973 
7 96 
0.60474 0.55099 0.273576 0.65743 
8 3 
0.0876586 0.828142 0.57321 0.821547 
9 75 
0.869431 0.588609 0.142537 0.019397 
10 49 
0.824083 0.858191 0.369395 0.266196 
11 69 
0.583396 0.185771 0.174359 0.236341 
12 87 
0.828519 0.848132 0.535598 0.483156 
13 2 
0.931802 0.0878961 0.150095 0.205377 
14 55 
0.00510088 0.293036 0.573467 0.57831 
15 88 
0.753042 0.447741 0.703192 0.895579 
16 53 
0.146103 0.719662 0.325329 0.515498 
17 65 
0.785946 0.0988947 0.17163 0.960305 
18 20 
0.466038 0.788824 0.183368 0.00163577 
19 8 
0.782473 0.933437 0.359876 0.932568 
20 3 
0.105202 0.937669 0.431851 0.678669 
21 4 
0.546434 0.431711 0.963721 0.249626 
22 62 
0.430859 0.395729 0.0469519 0.756187 
23 0 
0.0328102 0.542133 0.0101226 0.20444 
24 28 
0.345358 0.670478 0.291262 0.528726 
25 41 
0.563242 0.311199 0.605551 0.923118 
26 86 
0.744365 0.0283201 0.181437 0.176216 
27 36 
0.697417 0.72265 0.138701 0.661138 
28 52 
0.465991 0.0919962 0.368005 0.512943 
29 22 
0.279233 0.545753 0.390316 0.289355 
30 0 
0.892754 0.634714 0.42067 0.184016 
31 38 
0.0927836 0.747258 0.474639 0.698334 
32 36 
0.718407 0.4427 0.698696 0.899844 
33 12 
0.405686 0.597261 0.341565 0.544386 
34 58 
0.313841 0.010377 0.350394 0.681846 
35 18 
0.198578 0.961079 0.0690722 0.588894 
36 78 
0.819265 0.481648 0.885148 0.239935 
37 6 
0.0485876 0.332719 0.412922 0.523226 
38 85 
0.0832986 0.241633 0.473753 0.781995 
39 21 
0.0926683 0.187681 0.738737 0.434234 
40 76 
0.997135 0.748075 0.742444 0.34753 
41 23 
0.265763 0.546107 0.391 0.334836 
42 0 
0.641434 0.154101 0.616649 0.526582 
43 87 
0.282314 0.57517 0.726755 0.695236 
44 24 
0.757808 0.778535 0.34003 0.23156 
45 94 
0.481506 0.324228 0.74821 0.220244 
46 74 
0.480277 0.217379 0.506537 0.222721 
47 55 
0.936457 0.488485 0.111016 0.327457 
48 75 
0.246017 0.968892 0.977421 0.862666 
49 72 
0.14498 0.070644 0.0982115 0.840216 
50 46 
0.856019 0.61875 0.50907 0.0875793 
51 38 
0.990577 0.411808 0.92749 0.21082 
52 12 
0.407767 0.428199 0.676806 0.630489 
53 51 
0.613264 0.118974 0.104124 0.940721 
54 67 
0.35014 0.909613 0.919715 0.212807 
55 48 
0.291172 0.357786 0.475731 0.389384 
56 29 
0.644771 0.245403 0.816752 0.153841 
57 56 
0.996032 0.144418 0.74479 0.923522 
58 41 
0.91506 0.331289 0.783437 0.591866 
59 93 
0.776545 0.20513 0.0807519 0.880669 
60 37 
0.0230461 0.230809 0.055464 0.942762 
61 32 
0.460551 0.233934 0.801402 0.936281 
62 64 
0.999404 0.581053 0.868721 0.816156 
63 70 
0.201703 0.812188 0.879312 0.946493 
64 16 
0.23455 0.861553 0.066999 0.0179871 
65 73 
0.0287772 0.794532 0.658549 0.109529 
66 36 
0.804401 0.132575 0.906011 0.859865 
67 28 
0.349626 0.320416 0.309271 0.151028 
68 7 
0.932589 0.150432 0.837749 0.80131 
69 56 
0.572643 0.00301293 0.778776 0.451955 
70 44 
0.514485 0.686505 0.811059 0.581484 
71 48 
0.264478 0.610261 0.499024 0.923028 
72 91 
0.174226 0.727429 0.852365 0.0802362 
73 38 
0.927702 0.429863 0.907709 0.236973 
74 95 
0.164406 0.169562 0.731323 0.00215545 
75 21 
0.697911 0.574799 0.973884 0.476686 
76 12 
0.92339 0.991171 0.713259 0.73445 
77 83 
0.417751 0.998928 0.182917 0.916776 
78 15 
0.902707 0.0910014 0.649385 0.755072 
79 38 
0.236678 0.682774 0.6011 0.144387 
80 4 
0.181991 0.308793 0.0893089 0.913314 
81 56 
0.0601801 0.611225 0.885748 0.0340643 
82 17 
0.912502 0.957455 0.0790826 0.625761 
83 71 
0.651738 0.0435121 0.690832 0.834655 
84 46 
0.612788 0.737362 0.0512891 0.262173 
85 10 
0.222527 0.498851 0.175209 0.823627 
86 56 
0.0949558 0.00561758 0.952032 0.184265 
87 93 
0.262981 0.244445 0.530156 0.148729 
88 19 
0.618067 0.0612305 0.235964 0.69715 
89 14 
0.927868 0.348888 0.730503 0.6187 
90 71 
0.690791 0.231489 0.920905 0.74208 
91 61 
0.413339 0.964607 0.992513 0.588547 
92 73 
0.635752 0.683503 0.793851 0.587784 
93 37 
0.712783 0.850765 0.112213 0.242939 
94 70 
0.390722 0.861006 0.0607246 0.626686 
95 54 
0.747716 0.554554 0.907044 0.478219 
96 72 
0.0905871 0.169011 0.404743 0.0114916 
