30 2
0 1 1 1 0 0 1 1 1 0 1 1 1 0 1 1 0 1 0 0 0 0 1 0 1 1 1 0 1 1 
0 10 
0.0499987 0.86953 0.450271 0.808107 
1 26 
0.664996 0.145845 0.649658 0.19116 
2 15 
0.730495 0.115836 0.302094 0.970603 
3 18 
0.756305 0.346579 0.753624 0.931731 
4 15 
0.677837 0.241297 0.837168 0.525801 
5 7 
0.974395 0.692914 0.992511 0.162786 
6 15 
0.567146 0.212785 0.942455 0.0174173 
7 5 
0.220229 0.682413 0.166736 0.869886 
8 26 
0.671954 0.600381 0.989409 0.974049 
9 19 
0.641672 0.730353 0.917564 0.395295 
10 12 
0.339436 0.0731323 0.903381 0.176604 
11 15 
0.418366 0.150999 0.291847 0.410877 
12 25 
0.364772 0.978023 0.52657 0.307227 
13 16 
0.547461 0.527456 0.677853 0.714198 
14 23 
0.551427 0.386152 0.997723 0.540835 
15 17 
0.568707 0.182507 0.0905537 0.486271 
16 9 
0.752638 0.825707 0.650934 0.656018 
17 1 
0.249867 0.0743839 0.15331 0.541714 
18 8 
0.467096 0.906486 0.463283 0.993666 
19 10 
0.458723 0.541127 0.741169 0.136576 
20 19 
0.138511 0.688003 0.641477 0.136234 
21 20 
0.00167756 0.704942 0.411345 0.0922313 
22 11 
0.989147 0.844869 0.0169199 0.640082 
23 2 
0.019231 0.889949 0.575271 0.172541 
24 0 
0.0605316 0.639637 0.338149 0.523815 
25 11 
0.551863 0.982538 0.17443 0.293032 
26 0 
0.429755 0.431543 0.807118 0.071232 
27 6 
0.0359558 0.0729095 0.272719 0.447301 
28 16 
0.463932 0.436448 0.0100096 0.480852 
29 3 
0.510897 0.500083 0.966479 0.0861677 
