62 2
0 1 1 0 1 1 0 0 1 0 1 0 1 0 1 0 0 1 0 0 0 1 1 1 0 1 0 1 1 1 0 0 1 0 1 1 0 0 0 0 1 0 1 0 0 1 1 1 1 0 1 0 0 1 0 1 0 1 1 0 1 0 
0 26 
0.386114 0.255583 0.402683 0.473659 
1 55 
0.291924 0.853302 0.00636579 0.440169 
2 31 
0.939583 0.513237 0.946699 0.926855 
3 6 
0.75414 0.0215026 0.0424206 0.121402 
4 44 
0.0165441 0.603462 0.678302 0.190693 
5 32 
0.164458 0.271921 0.0577839 0.756749 
6 60 
0.446192 0.142863 0.126953 0.848875 
7 16 
0.113949 0.140799 0.469825 0.120315 
8 4 
0.945623 0.0598987 0.0942047 0.892322 
9 23 
0.528429 0.646462 0.00825581 0.57085 
10 28 
0.778724 0.587394 0.371326 0.457025 
11 33 
0.45981 0.621483 0.0500082 0.517594 
12 40 
0.921378 0.963786 0.521095 0.0483316 
13 8 
0.137618 0.162281 0.953459 0.607443 
14 37 
0.534427 0.553066 0.342495 0.628632 
15 59 
0.329248 0.157061 0.0918506 0.337504 
16 55 
0.859715 0.116227 0.315305 0.231041 
17 60 
0.0933927 0.690851 0.194736 0.143401 
18 17 
0.572967 0.0647791 0.172231 0.0940625 
19 20 
0.984892 0.23168 0.275392 0.938351 
20 46 
0.557988 0.472778 0.392189 0.900483 
21 27 
0.837577 0.229731 0.258471 0.929428 
22 59 
0.986382 0.789143 0.683462 0.301688 
23 6 
0.256715 0.395081 0.711035 0.45145 
24 32 
0.919481 0.0244177 0.603261 0.0917117 
25 48 
0.716371 0.0766034 0.35016 0.991763 
26 57 
0.189283 0.549751 0.487733 0.581472 
27 53 
0.589143 0.41905 0.679965 0.847614 
28 12 
0.247199 0.833996 0.137621 0.930662 
29 30 
0.157805 0.187376 0.530765 0.86884 
30 19 
0.069246 0.78832 0.663244 0.672507 
31 30 
0.781725 0.388878 0.956635 0.131885 
32 30 
0.97159 0.321169 0.930392 0.459322 
33 15 
0.380626 0.048465 0.321691 0.0605902 
34 22 
0.670168 0.30779 0.730075 0.807789 
35 8 
0.865759 0.965593 0.425827 0.396523 
36 9 
0.0646542 0.465769 0.622753 0.727899 
37 13 
0.502785 0.509623 0.527154 0.459421 
38 43 
0.907795 0.431011 0.962677 0.838187 
39 7 
0.865318 0.218812 0.938798 0.187008 
40 12 
0.834877 0.857176 0.587192 0.564952 
41 6 
0.825643 0.430711 0.630559 0.251471 
42 46 
0.464992 0.316125 0.293004 0.0877452 
43 56 
0.43128 0.590531 0.553647 0.958434 
44 6 
0.195155 0.866229 0.480962 0.157832 
45 46 
0.371295 0.02315 0.923228 0.310093 
46 20 
0.202631 0.14497 0.0673347 0.789823 
47 7 
0.7323 0.615466 0.140632 0.362858 
48 17 
0.967866 0.82785 0.183062 0.26087 
49 42 
0.227086 0.692149 0.506126 0.780732 
50 3 
0.556077 0.975888 0.516812 0.0370394 
51 57 
0.221227 0.408335 0.15687 0.144455 
52 5 
0.367028 0.347086 0.863398 0.434363 
53 35 
0.57332 0.166663 0.752374 0.713952 
54 4 
0.619311 0.681818 0.357371 0.802373 
55 40 
0.272966 0.0294589 0.634838 0.779092 
56 9 
0.285421 0.335169 0.786079 0.802233 
57 46 
0.919799 0.0234598 0.780543 0.0766685 
58 15 
0.498971 0.443697 0.515 0.362369 
59 32 
0.651909 0.935689 0.044722 0.404283 
60 1 
0.574243 0.0235945 0.33146 0.931614 
61 39 
0.274148 0.20458 0.855427 0.908986 
