83 7
0 1 1 0 1 0 1 1 1 0 1 1 0 1 1 1 0 0 1 0 0 1 0 1 0 0 1 1 1 0 1 0 0 0 0 1 1 0 1 0 0 1 0 1 1 1 1 1 0 1 0 0 1 1 0 0 0 0 1 1 0 1 0 1 0 1 1 1 1 0 0 0 0 1 0 1 1 0 1 1 0 0 0 
0 44 52 61 34 24 73 
0.493704 0.174157 0.0701428 0.393627 0.541908 0.313555 0.315206 0.0324284 0.607589 0.272894 0.385815 0.640454 0.984472 0.849967 0.94669 0.0454745 0.965701 0.405642 0.982796 0.813278 0.307281 0.863064 0.350854 0.385955 0.360732 0.590788 0.352242 0.956589 0.327977 0.72167 0.00494881 0.821681 0.895827 0.0750916 0.215308 0.437735 0.388647 0.530514 0.470163 0.996236 0.803408 0.855978 0.63669 0.78788 0.705945 0.58338 0.833355 0.671646 0.989022 0.81615 0.484924 0.296303 0.679215 0.835778 0.682258 0.0399468 0.426567 0.0345002 0.996536 0.754544 0.75617 0.00148487 0.576225 0.651997 0.0765765 0.791533 0.0897315 0.465223 0.322047 0.559895 0.461459 0.125455 0.415873 0.0981488 0.913335 0.121818 0.681529 0.74669 0.793464 0.670551 0.56284 0.278388 0.966854 0.242055 0.114166 0.649112 0.282002 0.540733 0.683612 0.278538 0.295277 0.439782 0.280023 0.871501 0.0917782 0.3566 0.663034 0.18151 0.821823 0.985081 0.741405 0.283282 0.110537 0.157278 0.381431 0.0238722 0.279095 0.0629592 0.770562 0.0725589 0.73351 0.333403 0.350947 0.700363 0.575458 0.465114 0.349475 0.85746 0.00584649 0.0330869 0.135998 0.301123 0.472869 0.416021 0.172624 0.564647 0.772621 0.835659 
1 23 67 4 74 37 15 
0.644839 0.259156 0.955149 0.923934 0.322115 0.725711 0.996493 0.0556249 0.0591138 0.34744 0.755988 0.634572 0.812553 0.105463 0.492032 0.8184 0.13855 0.62803 0.119523 0.611419 0.0440511 0.292147 0.176065 0.816672 0.127806 0.922222 0.411115 0.948546 0.409783 0.288841 0.879822 0.0546216 0.547997 0.834972 0.978555 0.870112 0.560683 0.975048 0.925737 0.619797 0.322488 0.681725 0.254368 0.135041 0.787188 0.7464 0.95344 0.925739 0.37443 0.072963 0.537157 0.418481 0.36511 0.713223 0.235153 0.492915 0.635445 0.646268 0.441461 0.0452278 0.935109 0.321283 0.0998493 0.483106 0.156255 0.0784046 0.353218 0.716938 0.0534525 0.278955 0.336734 0.37594 0.96068 0.591102 0.510981 0.747869 0.337502 0.464421 0.673607 0.711932 0.537384 0.210765 0.130412 0.902494 0.923988 0.365565 0.39541 0.559432 0.0118332 0.836871 0.60466 0.946942 0.158154 0.70451 0.430048 0.314409 0.782914 0.783266 0.031347 0.836367 0.062221 0.368081 0.212307 0.0229012 0.959184 0.723288 0.77077 0.296686 0.187709 0.444377 0.00861762 0.725093 0.655142 0.13903 0.627587 0.57913 0.504595 0.0229971 0.138562 0.516428 0.859868 0.743222 0.463371 0.0180221 0.447732 0.893419 0.332431 0.230646 
2 68 67 26 24 15 54 
0.691043 0.00260736 0.532577 0.987729 0.190316 0.976954 0.996347 0.915409 0.632096 0.135377 0.542997 0.211226 0.639972 0.565994 0.349788 0.1564 0.425862 0.0930106 0.619771 0.443884 0.540743 0.51319 0.776315 0.771389 0.189874 0.140093 0.838402 0.92878 0.871953 0.117721 0.690587 0.562996 0.120329 0.223164 0.550725 0.310645 0.200119 0.547072 0.226054 0.832215 0.682449 0.769051 0.0434411 0.322421 0.335045 0.393229 0.478822 0.760906 0.48624 0.0985925 0.20479 0.0269826 0.611782 0.981105 0.798371 0.801657 0.121198 0.636773 0.730437 0.993151 0.754495 0.421024 0.556148 0.874823 0.644189 0.106873 0.185468 0.844308 0.653946 0.411523 0.676523 0.336395 0.180574 0.719964 0.658816 0.515619 0.113193 0.137637 0.276525 0.599433 0.23623 0.481315 0.626416 0.848012 0.46242 0.424787 0.649669 0.583619 0.0615601 0.380106 0.57677 0.816055 0.80113 0.132918 0.690878 0.445319 0.239791 0.876346 0.289627 0.893737 0.287869 0.966149 0.230131 0.468443 0.686113 0.888947 0.984062 0.799306 0.0265848 0.260587 0.398739 0.262815 0.741902 0.0251545 0.110827 0.204322 0.449941 0.760496 0.787941 0.511502 0.140602 0.364711 0.327556 0.941732 0.497629 0.0184342 0.387051 0.737421 
3 17 74 73 68 61 57 
0.651093 0.328941 0.750236 0.635154 0.128246 0.776821 0.895741 0.526985 0.0396358 0.637643 0.55214 0.150463 0.841965 0.00208137 0.910959 0.629906 0.513583 0.0515605 0.994617 0.841139 0.993293 0.492247 0.859573 0.380344 0.229667 0.754354 0.0570225 0.860825 0.937004 0.69985 0.722114 0.588096 0.0287905 0.47235 0.223251 0.157037 0.249171 0.118992 0.684022 0.288807 0.756635 0.236162 0.439269 0.5986 0.238244 0.350228 0.228506 0.751827 0.401788 0.223124 0.592966 0.395081 0.71537 0.452539 0.775425 0.945038 0.206893 0.832448 0.805863 0.143896 0.532298 0.527976 0.731993 0.561089 0.000325983 0.955244 0.718126 0.249497 0.0742353 0.402148 0.538303 0.83087 0.63831 0.977573 0.42947 0.876554 0.3278 0.657976 0.628381 0.729589 0.8811 0.221346 0.12467 0.59647 0.673885 0.900096 0.541508 0.880778 0.732544 0.34737 0.0246742 0.264842 0.875347 0.756667 0.82593 0.875673 0.711911 0.544056 0.125169 0.786146 0.946204 0.663473 0.617016 0.584514 0.641045 0.0464858 0.461068 0.968846 0.704462 0.0894482 0.698434 0.585561 0.310794 0.823105 0.182031 0.98468 0.7232 0.723539 0.865457 0.455744 0.0709095 0.890132 0.720585 0.946256 0.646799 0.546515 0.821929 0.358709 
4 3 74 62 31 23 77 
0.621288 0.251615 0.808357 0.082356 0.220461 0.512818 0.171804 0.918896 0.0983799 0.482599 0.742 0.280411 0.467278 0.4652 0.0039504 0.332736 0.920944 0.0748599 0.222867 0.64153 0.0211159 0.869666 0.188045 0.843045 0.228375 0.278616 0.790142 0.37323 0.31539 0.400713 0.135101 0.936679 0.652328 0.943457 0.0190346 0.872789 0.456276 0.190839 0.791685 0.554656 0.673437 0.533685 0.835067 0.140716 0.998885 0.839017 0.473451 0.91983 0.913877 0.696318 0.561359 0.934993 0.565984 0.749404 0.778038 0.794359 0.0280201 0.56818 0.167588 0.343411 0.968893 0.302689 0.280089 0.621221 0.246146 0.299124 0.49401 0.702422 0.489963 0.285695 0.257078 0.1634 0.81938 0.0921444 0.304116 0.818266 0.931162 0.777567 0.738095 0.845039 0.473885 0.299455 0.780032 0.0398688 0.0488588 0.55807 0.834227 0.0768788 0.12625 0.00181597 0.420289 0.0951423 0.304505 0.700379 0.716363 0.550651 0.999502 0.210374 0.253073 0.489465 0.496069 0.510151 0.652865 0.315449 0.602295 0.956981 0.133715 0.533457 0.734547 0.87181 0.378496 0.208432 0.171265 0.158528 0.248301 0.220123 0.716597 0.0825286 0.297002 0.842847 0.0843446 0.717292 0.937989 0.38885 0.41767 0.654352 0.939501 0.417173 
5 49 39 73 40 31 4 
0.676244 0.30502 0.516483 0.809958 0.838477 0.251031 0.681769 0.216973 0.459463 0.853033 0.375501 0.707764 0.0731567 0.0920981 0.790293 0.370159 0.934945 0.874637 0.0874507 0.872934 0.263487 0.505121 0.527287 0.202988 0.922294 0.392013 0.395562 0.828931 0.752807 0.0982869 0.388434 0.429051 0.403307 0.904917 0.239009 0.241784 0.155948 0.920778 0.458757 0.615411 0.773811 0.834258 0.323176 0.846968 0.926356 0.113468 0.217127 0.861301 0.988106 0.304578 0.734235 0.251593 0.809698 0.261522 0.454581 0.731992 0.653534 0.850142 0.560923 0.406341 0.948429 0.949357 0.835392 0.351736 0.854275 0.0744017 0.593521 0.0102229 0.99518 0.0522778 0.625634 0.768991 0.886536 0.94881 0.615958 0.812892 0.0622783 0.833085 0.674193 0.0503841 0.137663 0.408428 0.301977 0.947361 0.66995 0.756557 0.679353 0.323484 0.6067 0.240277 0.729826 0.555129 0.189634 0.565218 0.906865 0.0439085 0.63962 0.500386 0.0541314 0.634799 0.552664 0.679766 0.40379 0.4392 0.628575 0.0197481 0.252092 0.690854 0.852833 0.926284 0.741238 0.990496 0.334713 0.0432146 0.937857 0.00466238 0.799772 0.61721 0.328146 0.406472 0.857487 0.057972 0.961601 0.0471208 0.62319 0.868466 0.0910293 0.26281 
6 38 65 73 71 18 47 
0.360715 0.453502 0.321147 0.612807 0.144356 0.17398 0.539091 0.885593 0.164476 0.873804 0.928808 0.102333 0.878466 0.72858 0.719543 0.206613 0.135051 0.57703 0.264585 0.0966521 0.624151 0.887775 0.965118 0.715181 0.150584 0.33397 0.860341 0.0481931 0.255486 0.685267 0.349592 0.616201 0.138769 0.670738 0.229008 0.283125 0.844718 0.7681 0.168718 0.00919369 0.641904 0.097526 0.111527 0.52037 0.826106 0.83107 0.726983 0.961157 0.4081 0.991568 0.0578095 0.0322516 0.879342 0.0229276 0.747432 0.0299267 0.356898 0.607773 0.0781198 0.612384 0.293041 0.427711 0.228585 0.43181 0.0984494 0.457594 0.714935 0.943167 0.225693 0.883653 0.952361 0.867597 0.981179 0.0638876 0.387967 0.807285 0.894958 0.11495 0.768442 0.303058 0.106518 0.826251 0.33531 0.98586 0.849179 0.0827419 0.0157867 0.206077 0.690515 0.0939065 0.818461 0.983556 0.521618 0.0470457 0.415366 0.620067 0.504639 0.130301 0.563234 0.730333 0.0139534 0.515595 0.59793 0.995132 0.579483 0.985897 0.802417 0.474441 0.100847 0.570859 0.777499 0.207365 0.39711 0.112809 0.193225 0.246289 0.19555 0.209011 0.452366 0.886066 0.302918 0.270826 0.869622 0.824536 0.317872 0.284988 0.444603 0.822511 
7 64 17 27 31 57 11 
0.424374 0.102916 0.136671 0.22679 0.577357 0.237518 0.797649 0.354856 0.444883 0.194759 0.467664 0.638107 0.441048 0.663214 0.847118 0.893414 0.54928 0.150036 0.16424 0.418902 0.974572 0.482112 0.70389 0.419175 0.304623 0.119178 0.427012 0.857467 0.54842 0.950445 0.00824111 0.972793 0.0533613 0.144912 0.199584 0.630718 0.38243 0.997233 0.985574 0.827312 0.191992 0.453238 0.46542 0.633039 0.116452 0.312538 0.526453 0.665732 0.462575 0.690693 0.0846341 0.437147 0.172805 0.788524 0.856322 0.477428 0.907701 0.283334 0.334895 0.456121 0.233779 0.343137 0.428914 0.287141 0.488049 0.628498 0.917859 0.870479 0.625731 0.903432 0.697791 0.817723 0.35667 0.163211 0.450762 0.473122 0.475749 0.977215 0.138854 0.938323 0.667908 0.223488 0.37547 0.840713 0.0120119 0.231791 0.318141 0.919713 0.515125 0.653037 0.375834 0.748905 0.996173 0.804749 0.0360455 0.484222 0.433247 0.953904 0.354701 0.058978 0.857336 0.0524915 0.876701 0.214006 0.215702 0.327463 0.687128 0.691451 0.304678 0.825982 0.629774 0.972586 0.0494705 0.0052441 0.813299 0.0614823 0.237036 0.131441 0.981196 0.752161 0.784478 0.35703 0.501066 0.780651 0.161779 0.537111 0.264873 0.595026 
8 12 37 26 19 38 14 
0.887767 0.858167 0.249486 0.579218 0.162845 0.0754682 0.208992 0.135431 0.124939 0.214237 0.94873 0.186421 0.451272 0.0801709 0.167617 0.203433 0.864648 0.524647 0.704499 0.645299 0.686426 0.24161 0.910172 0.281452 0.732626 0.529746 0.935456 0.0809774 0.201811 0.466161 0.643335 0.0895781 0.324328 0.892821 0.668796 0.487173 0.96829 0.877789 0.622604 0.0932283 0.0920252 0.571334 0.279649 0.543297 0.651505 0.447266 0.74673 0.516153 0.971913 0.451229 0.161453 0.658339 0.692839 0.0716252 0.93979 0.425465 0.601371 0.875246 0.506442 0.803182 0.341407 0.149778 0.89276 0.665735 0.0425991 0.561556 0.152908 0.0108886 0.439345 0.775512 0.104117 0.53137 0.346846 0.383766 0.0746676 0.998351 0.831032 0.821398 0.514505 0.802945 0.272627 0.675958 0.461284 0.965467 0.747583 0.401074 0.390932 0.348954 0.276321 0.897374 0.152136 0.617728 0.0471516 0.0448958 0.283463 0.0897507 0.606452 0.436371 0.100639 0.0457972 0.211883 0.204756 0.577167 0.558729 0.588522 0.651835 0.55708 0.419555 0.473233 0.071585 0.222499 0.74586 0.747543 0.683783 0.711327 0.495126 0.0848571 0.102258 0.844079 0.361178 0.999632 0.996215 0.978905 0.0467838 0.041111 0.262368 0.136534 0.647563 
9 51 12 34 31 70 46 
0.46935 0.0304523 0.922363 0.0264307 0.450007 0.395596 0.0980158 0.672506 0.141456 0.845558 0.356289 0.852783 0.340684 0.441146 0.955041 0.184763 0.802324 0.954673 0.180978 0.781229 0.00145668 0.222089 0.0435975 0.137991 0.869653 0.742336 0.375165 0.563013 0.652958 0.817095 0.833541 0.122308 0.847547 0.755904 0.148739 0.297554 0.151499 0.246755 0.97006 0.292955 0.0923132 0.32635 0.145738 0.432997 0.767496 0.100778 0.61776 0.56982 0.0554514 0.798739 0.35105 0.0569081 0.0208284 0.394647 0.194899 0.890481 0.136984 0.570064 0.453494 0.789941 0.387159 0.287035 0.91225 0.234706 0.0429381 0.0609888 0.53226 0.194437 0.307744 0.50232 0.487393 0.400057 0.82867 0.63313 0.833054 0.596166 0.733909 0.450814 0.165986 0.78936 0.249553 0.517036 0.846268 0.270382 0.911683 0.0411674 0.160863 0.0486668 0.611232 0.614357 0.838608 0.998391 0.901391 0.750858 0.233097 0.94433 0.811847 0.765357 0.138767 0.11959 0.267677 0.62616 0.519647 0.0963472 0.25929 0.352701 0.692513 0.993199 0.803515 0.8585 0.782559 0.0530687 0.375536 0.628827 0.323451 0.287219 0.669994 0.484313 0.335886 0.281226 0.0986703 0.174494 0.279617 6.17988e-05 0.925352 0.512713 0.944391 0.737198 
10 60 32 2 50 36 23 
0.642094 0.968608 0.729136 0.334608 0.961807 0.532652 0.193107 0.744366 0.58572 0.568643 0.373193 0.909171 0.855862 0.043187 0.393484 0.191748 0.324413 0.492155 0.366242 0.60403 0.492217 0.291594 0.116743 0.436608 0.0287921 0.394813 0.519766 0.885581 0.94056 0.229085 0.262016 0.582654 0.197693 0.991152 0.917262 0.159499 0.523804 0.110369 0.903865 0.109524 0.679013 0.277057 0.0186954 0.534875 0.320244 0.41218 0.726623 0.644658 0.904334 0.0928649 0.248687 0.396551 0.384459 0.36543 0.833159 0.413251 0.760243 0.352925 0.298831 0.700803 0.58201 0.560848 0.283457 0.779703 0.552 0.200719 0.939202 0.075804 0.311088 0.843067 0.185328 0.990101 0.120124 0.204024 0.524976 0.440369 0.616204 0.251599 0.0850261 0.520538 0.344464 0.333713 0.917089 0.728923 0.699143 0.750248 0.142173 0.459386 0.103173 0.441005 0.160189 0.685183 0.00185226 0.443646 0.464886 0.553852 0.644365 0.404088 0.629656 0.955453 0.247155 0.814985 0.945554 0.367279 0.0190084 0.47053 0.807647 0.635212 0.722129 0.892673 0.15575 0.0665931 0.226387 0.072839 0.795516 0.92553 0.823087 0.937689 0.384916 0.92626 0.378694 0.545105 0.611444 0.380546 0.98875 0.0763298 0.934398 0.633115 
11 10 69 34 40 74 15 
0.0948508 0.398047 0.00465279 0.902498 0.0332593 0.726782 0.795171 0.189009 0.793375 0.021558 0.261848 0.588891 0.947088 0.0849353 0.52658 0.332004 0.0111957 0.905273 0.877108 0.62264 0.285819 0.865859 0.698969 0.220218 0.498974 0.179387 0.784272 0.0875422 0.906959 0.163311 0.621665 0.00180989 0.561358 0.626318 0.904308 0.594618 0.3531 0.699479 0.783627 0.146475 0.721037 0.0454752 0.735365 0.668125 0.13041 0.261945 0.000128954 0.141606 0.167219 0.877237 0.764246 0.453038 0.743096 0.463215 0.673255 0.24207 0.642602 0.457527 0.329612 0.549561 0.620838 0.951277 0.551371 0.182196 0.577595 0.455679 0.776814 0.930694 0.155158 0.560441 0.0771687 0.876196 0.605916 0.812534 0.544321 0.736326 0.0744792 0.54445 0.877933 0.241698 0.421687 0.642178 0.694736 0.164783 0.105393 0.367991 0.406853 0.747995 0.825518 0.736465 0.297556 0.446356 0.687742 0.848927 0.628553 0.265337 0.304606 0.405367 0.196031 0.459764 0.965807 0.2732 0.33596 0.571723 0.0857338 0.880281 0.30805 0.160213 0.424731 0.185982 0.401911 0.846418 0.828161 0.0966463 0.0112012 0.933554 0.464637 0.418054 0.681549 0.290155 0.15452 0.979106 0.736512 0.842262 0.828033 0.365065 0.107599 0.13264 
12 82 42 9 19 21 41 
0.307962 0.662564 0.808645 0.616012 0.822777 0.233376 0.801994 0.224687 0.079794 0.630154 0.321334 0.0909952 0.563708 0.785971 0.50905 0.245258 0.0761264 0.66357 0.224364 0.812638 0.505832 0.0523972 0.177703 0.613431 0.185037 0.948134 0.917061 0.777441 0.684373 0.493891 0.705805 0.992335 0.156455 0.51445 0.608346 0.979232 0.747826 0.41034 0.203919 0.82762 0.0404944 0.525253 0.918615 0.604203 0.311224 0.427665 0.849461 0.38735 0.0912345 0.0738247 0.199988 0.597066 0.126222 0.377691 0.210498 0.311259 0.325825 0.127559 0.0886993 0.0101981 0.62145 0.794504 0.0025328 0.777906 0.308954 0.610879 0.757137 0.0567802 0.0212191 0.961057 0.8844 0.0617135 0.486309 0.803015 0.665916 0.797533 0.23068 0.515377 0.184883 0.321915 0.589202 0.384872 0.918981 0.715424 0.762563 0.129479 0.0266823 0.0883881 0.257038 0.115382 0.0985862 0.878488 0.909886 0.101119 0.656394 0.21884 0.711998 0.413531 0.27562 0.733217 0.374588 0.16002 0.794931 0.860897 0.963036 0.460847 0.65843 0.193716 0.976224 0.843314 0.515631 0.565426 0.228185 0.434612 0.28085 0.990748 0.564091 0.307532 0.0791362 0.821129 0.422914 0.177722 0.699618 0.3328 0.278841 0.356011 0.551639 0.99084 
13 11 37 80 28 3 60 
0.00502767 0.950316 0.979834 0.663458 0.144032 0.956059 0.506772 0.659663 0.521485 0.734957 0.0942751 0.802335 0.725705 0.658366 0.109867 0.804841 0.479495 0.532781 0.982563 0.179113 0.86558 0.261405 0.535124 0.41722 0.252244 0.304667 0.244479 0.976301 0.448797 0.231759 0.495289 0.453825 0.182075 0.475123 0.117283 0.326106 0.431181 0.624055 0.985769 0.952666 0.359012 0.0800442 0.755001 0.0847166 0.73841 0.864868 0.889558 0.217906 0.397648 0.872121 0.397019 0.263228 0.133526 0.932143 0.680448 0.385771 0.23681 0.924927 0.362072 0.685608 0.156686 0.85736 0.139433 0.33876 0.332483 0.256716 0.664866 0.763665 0.880771 0.650636 0.716331 0.239782 0.73068 0.471332 0.324499 0.46909 0.336199 0.214057 0.686996 0.733847 0.0861777 0.0840148 0.997075 0.219704 0.0161579 0.677523 0.605474 0.252968 0.60245 0.967546 0.938576 0.759135 0.824906 0.0780085 0.0978956 0.157389 0.334724 0.762762 0.921054 0.215495 0.413398 0.637385 0.455278 0.144077 0.108716 0.779777 0.613168 0.444916 0.993833 0.300164 0.178763 0.0800108 0.384179 0.175838 0.299715 0.400337 0.853361 0.905189 0.653305 0.455811 0.872735 0.59188 0.214947 0.697641 0.669889 0.312842 0.85503 0.00461322 
14 79 15 55 24 61 58 
0.633079 0.522185 0.455163 0.246247 0.967101 0.448996 0.546411 0.145864 0.529006 0.930589 0.321702 0.828721 0.330926 0.175063 0.73391 0.98423 0.630874 0.606644 0.576111 0.845821 0.304285 0.246 0.158663 0.159316 0.250613 0.234267 0.9354 0.470721 0.723269 0.348869 0.146107 0.356348 0.871055 0.60127 0.602595 0.838156 0.0502653 0.149006 0.984019 0.579272 0.0795951 0.305721 0.407993 0.410521 0.480784 0.141902 0.394751 0.111659 0.748547 0.970862 0.95748 0.0528322 0.216862 0.116143 0.212148 0.467475 0.35041 0.147548 0.938196 0.0736786 0.496417 0.0843029 0.430027 0.367471 0.685573 0.0326218 0.205627 0.735838 0.181628 0.189646 0.31511 0.261223 0.495368 0.723102 0.671744 0.976152 0.865005 0.0664951 0.0878109 0.613552 0.0373573 0.0452905 0.666384 0.254219 0.161433 0.878532 0.721694 0.511843 0.0260794 0.659889 0.585521 0.522496 0.744192 0.015548 0.889968 0.429765 0.0481698 0.0955946 0.165603 0.229797 0.285241 0.480712 0.49102 0.780609 0.203815 0.162764 0.756761 0.0688194 0.229259 0.844571 0.682371 0.266616 0.889862 0.348755 0.520835 0.051295 0.227286 0.242529 0.563138 0.253366 0.902418 0.148659 0.775862 0.64661 0.164207 0.66583 0.0763753 0.212377 
15 43 50 71 45 54 40 
0.827274 0.926505 0.0959582 0.584034 0.995325 0.325217 0.428606 0.677696 0.591833 0.318468 0.0264503 0.112669 0.369763 0.253737 0.355197 0.9329 0.507102 0.257616 0.0815591 0.282964 0.904226 0.245766 0.948794 0.980601 0.458143 0.710218 0.22258 0.900317 0.756883 0.94527 0.833511 0.584157 0.871775 0.929469 0.168191 0.8671 0.254687 0.596796 0.544796 0.84652 0.915264 0.571246 0.959189 0.285026 0.824983 0.314386 0.217927 0.332085 0.572002 0.299486 0.615049 0.476228 0.545252 0.563843 0.456829 0.00339433 0.27406 0.679409 0.903711 0.0309434 0.624679 0.737222 0.6151 0.496454 0.666692 0.783291 0.363554 0.921378 0.380087 0.90835 0.767898 0.295351 0.479596 0.727087 0.580377 0.304578 0.041473 0.798304 0.636663 0.613475 0.0977892 0.251712 0.0897025 0.643041 0.815555 0.546532 0.646435 0.089615 0.225941 0.550146 0.120558 0.850619 0.287369 0.735658 0.347073 0.95406 0.518949 0.710628 0.875439 0.899036 0.618977 0.643337 0.194386 0.0985732 0.370424 0.774763 0.403151 0.411897 0.573067 0.0398146 0.0253716 0.670856 0.291527 0.115074 0.313897 0.107081 0.661606 0.960332 0.196696 0.887546 0.510478 0.317255 0.738166 0.797847 0.0529128 0.0852392 0.751907 0.571862 
16 65 47 45 50 71 34 
0.513417 0.641107 0.440046 0.916569 0.0530037 0.013113 0.956383 0.0783753 0.683969 0.24791 0.19345 0.997866 0.354991 0.855055 0.958197 0.551687 0.742602 0.468676 0.868942 0.480768 0.266523 0.921855 0.566007 0.0184299 0.493716 0.361874 0.645776 0.964613 0.776718 0.916459 0.629896 0.290135 0.557566 0.0699428 0.206704 0.610569 0.0830558 0.163088 0.688945 0.767025 0.410998 0.882394 0.76489 0.765989 0.73745 0.723088 0.317676 0.480051 0.191763 0.186618 0.960819 0.458286 0.108472 0.526826 0.476716 0.602188 0.8887 0.122492 0.566802 0.665418 0.0389506 0.196698 0.955553 0.596516 0.266641 0.162257 0.207085 0.349697 0.325345 0.89603 0.116721 0.736342 0.778424 0.881611 0.502331 0.515873 0.604699 0.820007 0.995925 0.796463 0.00662452 0.956744 0.254749 0.115097 0.48357 0.731465 0.717285 0.37227 0.853956 0.284087 0.0376876 0.892907 0.480785 0.993241 0.489423 0.747426 0.155498 0.696508 0.0971225 0.480843 0.592538 0.213844 0.217185 0.370962 0.0954552 0.719516 0.886836 0.700154 0.539522 0.882761 0.496617 0.546147 0.839505 0.751366 0.661244 0.323075 0.48283 0.378529 0.695345 0.336787 0.662616 0.733032 0.229694 0.143401 0.726273 0.719117 0.890827 0.881771 
17 60 80 38 7 68 22 
0.379126 0.297249 0.299314 0.265961 0.997403 0.838836 0.148722 0.49402 0.384983 0.988227 0.245386 0.0462269 0.311301 0.728216 0.424756 0.00664609 0.0650027 0.0873722 0.739678 0.294697 0.230773 0.465951 0.0138135 0.1216 0.347722 0.429439 0.10955 0.710335 0.437602 0.311343 0.290133 0.816728 0.608592 0.589447 0.0826898 0.605995 0.428283 0.231412 0.100015 0.813266 0.219639 0.345401 0.859493 0.53094 0.0736164 0.284249 0.537586 0.138619 0.371621 0.277264 0.433316 0.602394 0.743216 0.447129 0.723995 0.0909374 0.876568 0.833545 0.801272 0.31417 0.144888 0.0914054 0.130899 0.75348 0.680852 0.213588 0.359475 0.109135 0.445 0.45949 0.922401 0.664639 0.804891 0.781893 0.195579 0.878507 0.066142 0.733165 0.0171262 0.437763 0.0104296 0.450442 0.0401571 0.753645 0.897571 0.764152 0.844583 0.774139 0.597697 0.645855 0.0883091 0.742585 0.73726 0.219208 0.496065 0.418112 0.432796 0.855541 0.527247 0.877797 0.315031 0.449648 0.542436 0.119922 0.231541 0.738015 0.998429 0.297683 0.47118 0.0155553 0.735446 0.481609 0.465997 0.775603 0.235255 0.363568 0.539755 0.0798371 0.137707 0.137452 0.725692 0.226016 0.880037 0.462952 0.445223 0.376102 0.881065 0.87802 
18 48 17 33 46 27 25 
0.666595 0.0895007 0.0362663 0.665025 0.387184 0.507446 0.68058 0.12263 0.989055 0.146577 0.898233 0.22431 0.510145 0.437988 0.304147 0.647851 0.57544 0.029839 0.873867 0.455476 0.492791 0.31909 0.831578 0.373856 0.19711 0.063221 0.782168 0.952926 0.609895 0.640127 0.251178 0.27649 0.729628 0.287444 0.941515 0.116812 0.79489 0.622094 0.239442 0.783946 0.768671 0.137675 0.00825564 0.278816 0.575663 0.312403 0.926667 0.151103 0.342242 0.800534 0.606579 0.835033 0.119625 0.438158 0.208889 0.316735 0.501379 0.991056 0.269661 0.111273 0.631183 0.52084 0.387764 0.360811 0.808284 0.329278 0.477623 0.603175 0.951373 0.717064 0.38712 0.720044 0.854739 0.395376 0.99886 0.430402 0.707779 0.925527 0.581505 0.0500201 0.726062 0.188084 0.885053 0.845686 0.626242 0.0939417 0.162421 0.12762 0.0849979 0.432083 0.238894 0.716181 0.952922 0.626657 0.0769921 0.761206 0.955936 0.554615 0.364381 0.907308 0.271679 0.751501 0.627352 0.126418 0.146877 0.626212 0.55682 0.854656 0.55174 0.138324 0.904676 0.277801 0.326408 0.789729 0.123487 0.95265 0.883671 0.285909 0.0802699 0.968669 0.717992 0.319164 0.68485 0.670914 0.945821 0.761842 0.432121 0.901757 
19 8 20 55 54 76 74 
0.714553 0.69488 0.0626298 0.271373 0.549536 0.614369 0.409697 0.454212 0.89217 0.736105 0.243941 0.015658 0.688754 0.127612 0.301567 0.769024 0.0962803 0.0195585 0.0881879 0.78113 0.690473 0.034009 0.542972 0.122593 0.935766 0.859428 0.919095 0.744831 0.447563 0.467098 0.181248 0.162117 0.161978 0.243878 0.433489 0.711514 0.858248 0.843186 0.165726 0.750418 0.579291 0.409667 0.766076 0.268045 0.537279 0.0676429 0.037069 0.633559 0.0872014 0.125257 0.414689 0.777674 0.159266 0.957661 0.900267 0.0950316 0.817089 0.819362 0.839862 0.264653 0.286459 0.0211108 0.426769 0.448437 0.264989 0.860258 0.159951 0.123237 0.703444 0.325677 0.873655 0.282735 0.735345 0.639731 0.550779 0.272624 0.707374 0.587848 0.906183 0.794575 0.713105 0.320872 0.572249 0.872371 0.278533 0.472516 0.967403 0.0956223 0.291878 0.807265 0.360275 0.578337 0.828376 0.787044 0.0267745 0.0933649 0.647302 0.186726 0.216601 0.350746 0.512403 0.090256 0.633481 0.247748 0.729987 0.18426 0.520372 0.43736 0.772109 0.426554 0.231935 0.485214 0.747427 0.804184 0.357585 0.0259599 0.2767 0.324988 0.121582 0.568578 0.132253 0.481857 0.146915 0.960629 0.268901 0.17369 0.0539935 0.916204 
20 17 63 61 71 18 38 
0.120567 0.0908377 0.0846909 0.640938 0.528198 0.856799 0.0674925 0.760133 0.342013 0.814919 0.564318 0.699598 0.840879 0.841018 0.0245858 0.962461 0.409596 0.156839 0.444319 0.556511 0.117467 0.71322 0.730201 0.171461 0.629423 0.0906167 0.442055 0.896373 0.963435 0.802906 0.796804 0.0840019 0.893744 0.881495 0.72494 0.421942 0.738294 0.792433 0.182075 0.0803076 0.607352 0.746393 0.779906 0.448231 0.587411 0.804492 0.410692 0.997007 0.96133 0.855011 0.553518 0.0787972 0.568231 0.28372 0.250258 0.197654 0.374336 0.692313 0.0940269 0.337772 0.49522 0.890831 0.421774 0.388964 0.772325 0.146713 0.810906 0.51062 0.939146 0.992981 0.590927 0.546498 0.739374 0.370833 0.994729 0.326785 0.175325 0.405421 0.323792 0.136655 0.260432 0.877311 0.215452 0.828662 0.16103 0.46571 0.026316 0.535366 0.158023 0.120343 0.873138 0.653243 0.0111736 0.294911 0.0422064 0.783499 0.441625 0.853112 0.294119 0.380771 0.846093 0.885046 0.927269 0.585468 0.255879 0.921997 0.912253 0.431204 0.327418 0.236045 0.567859 0.58785 0.113356 0.783311 0.416512 0.274386 0.24902 0.442828 0.809752 0.407043 0.563171 0.68289 0.0602861 0.574345 0.977802 0.102493 0.357844 0.419426 
21 43 59 39 56 64 62 
0.387166 0.792888 0.649464 0.299418 0.224092 0.976882 0.535463 0.79195 0.564732 0.648819 0.575261 0.981244 0.923204 0.824281 0.424072 0.732956 0.231324 0.987244 0.415846 0.29161 0.561588 0.393648 0.394103 0.919432 0.813074 0.349708 0.571395 0.613272 0.151406 0.108404 0.340738 0.538571 0.901292 0.990202 0.83799 0.125383 0.967083 0.373453 0.917333 0.531815 0.0222713 0.492594 0.51306 0.945476 0.316875 0.937132 0.678432 0.5482 0.924376 0.0942783 0.83981 0.485964 0.487926 0.233913 0.405396 0.301001 0.583621 0.976791 0.914272 0.735027 0.0851949 0.25501 0.273598 0.986486 0.245212 0.111587 0.11187 0.212295 0.48504 0.0292031 0.744111 0.507311 0.521797 0.25717 0.452787 0.838672 0.194302 0.131219 0.386872 0.118678 0.225497 0.226682 0.604642 0.713423 0.460595 0.0100382 0.0144239 0.0442158 0.986829 0.928696 0.779242 0.0720242 0.183707 0.0528402 0.0585107 0.428919 0.164428 0.17038 0.641214 0.649468 0.199583 0.385325 0.156779 0.721381 0.642495 0.609566 0.560053 0.836798 0.740785 0.946925 0.955476 0.966282 0.173607 0.560118 0.679705 0.634202 0.570156 0.694129 0.678417 0.556985 0.622826 0.45766 0.629009 0.806532 0.5105 0.68752 0.235451 0.674928 
22 9 27 1 33 47 48 
0.778864 0.904485 0.0907407 0.338917 0.741283 0.831526 0.285842 0.696759 0.797808 0.459449 0.256876 0.477513 0.0936502 0.827032 0.171643 0.772068 0.384017 0.794468 0.229727 0.0130263 0.601 0.740227 0.700546 0.836451 0.415155 0.558447 0.713116 0.73955 0.61593 0.975106 0.220725 0.394795 0.879592 0.311466 0.733712 0.620875 0.142991 0.0195538 0.317633 0.940799 0.479002 0.57451 0.418312 0.572653 0.401541 0.589955 0.34472 0.785558 0.384423 0.574447 0.798585 0.985424 0.314674 0.499131 0.821875 0.729829 0.0575778 0.534991 0.469379 0.673508 0.510098 0.690104 0.0683028 0.389689 0.00156956 0.802015 0.0105639 0.144561 0.821568 0.328197 0.0853598 0.300571 0.902707 0.503672 0.873223 0.304248 0.0936271 0.217943 0.0898066 0.47805 0.792391 0.888391 0.463474 0.107065 0.387522 0.285349 0.836894 0.4451 0.82034 0.306273 0.118608 0.330438 0.996377 0.186911 0.720127 0.997947 0.988926 0.730691 0.142508 0.810494 0.058888 0.227868 0.111065 0.961595 0.73154 0.984288 0.265843 0.825167 0.202232 0.355649 0.303217 0.994622 0.244041 0.766691 0.101687 0.631563 0.0520399 0.938581 0.0766633 0.87238 0.244855 0.195272 0.202818 0.241232 0.382183 0.922944 0.239179 0.371109 
23 24 80 59 74 58 32 
0.674118 0.341094 0.276956 0.939961 0.166261 0.479188 0.29561 0.469479 0.473811 0.539651 0.23617 0.575498 0.171214 0.28821 0.514079 0.247877 0.160589 0.758934 0.443149 0.363407 0.000166274 0.825332 0.286351 0.239345 0.19644 0.939987 0.621032 0.378043 0.65251 0.230587 0.670711 0.326628 0.571682 0.947668 0.266588 0.737943 0.426856 0.562198 0.207422 0.900666 0.101849 0.443591 0.476164 0.273063 0.731801 0.990244 0.52094 0.89239 0.749178 0.964089 0.255797 0.749344 0.789421 0.542149 0.988689 0.985861 0.482135 0.609722 0.363904 0.134645 0.840309 0.0346152 0.461272 0.41199 0.982283 0.727861 0.149933 0.409139 0.290059 0.357355 0.309805 0.391908 0.800946 0.785969 0.664971 0.532747 0.776213 0.185912 0.425137 0.52539 0.150001 0.680935 0.274734 0.939421 0.223083 0.263423 0.925282 0.705219 0.873145 0.289186 0.839863 0.713454 0.323802 0.301136 0.125445 0.306084 0.0289964 0.275378 0.715223 0.319055 0.632733 0.0250279 0.710964 0.433679 0.810997 0.375935 0.966426 0.58721 0.561846 0.391564 0.1126 0.711847 0.0724983 0.387334 0.651269 0.295582 0.650758 0.576551 0.00080028 0.523903 0.865737 0.840664 0.237357 0.189539 0.1418 0.362802 0.495623 0.170796 
24 42 34 26 54 65 63 
0.704592 0.0468712 0.57675 0.671018 0.634081 0.138596 0.0625814 0.746681 0.850443 0.13508 0.134016 0.501712 0.430661 0.784773 0.0782631 0.431462 0.308676 0.944001 0.272125 0.546033 0.13354 0.413925 0.908835 0.629163 0.584721 0.547015 0.840009 0.0745722 0.817927 0.075883 0.275387 0.522519 0.122754 0.852137 0.193537 0.756835 0.990733 0.256118 0.503517 0.841176 0.391198 0.637532 0.342888 0.821859 0.422305 0.421151 0.253321 0.730982 0.365152 0.525446 0.277015 0.498692 0.939371 0.18585 0.127854 0.524092 0.732865 0.967863 0.598664 0.550792 0.0437464 0.874051 0.0733112 0.166501 0.726188 0.266848 0.923336 0.716921 0.522966 0.426853 0.558097 0.914164 0.0643846 0.900985 0.736023 0.48669 0.322137 0.989344 0.217672 0.687289 0.514791 0.494687 0.185981 0.454162 0.680537 0.313835 0.978254 0.413402 0.281698 0.576918 0.964194 0.325445 0.450969 0.0375049 0.491945 0.177157 0.304353 0.415281 0.894078 0.827319 0.842134 0.452175 0.741484 0.906518 0.353161 0.477507 0.393208 0.675298 0.466851 0.61088 0.362587 0.981642 0.105567 0.548567 0.435804 0.786103 0.862402 0.414057 0.199505 0.1441 0.990975 0.163699 0.469545 0.441945 0.201204 0.96149 0.619102 0.505557 
25 1 52 54 14 20 75 
0.125424 0.318516 0.551867 0.518632 0.993814 0.0187181 0.129512 0.356401 0.000360139 0.235079 0.904968 0.436164 0.0211824 0.76737 0.850221 0.220687 0.911471 0.841197 0.384386 0.381016 0.283141 0.58559 0.342506 0.902243 0.0911463 0.719278 0.415423 0.424022 0.938183 0.380778 0.498382 0.0636073 0.699295 0.0502486 0.58224 0.693109 0.0689667 0.711752 0.0495096 0.0693268 0.946831 0.954478 0.505491 0.968013 0.721848 0.355712 0.188701 0.633319 0.196909 0.573087 0.014335 0.48005 0.158676 0.356841 0.382293 0.249823 0.0761195 0.797715 0.673845 0.014303 0.178494 0.172227 0.0779103 0.877788 0.222475 0.66015 0.570897 0.291442 0.371902 0.620407 0.360769 0.318733 0.574885 0.86626 0.286746 0.296733 0.221972 0.475447 0.930052 0.41888 0.0485335 0.944387 0.89893 0.20721 0.301228 0.281222 0.457032 0.377348 0.0789378 0.130877 0.391651 0.257432 0.303104 0.469561 0.13522 0.52558 0.129711 0.706117 0.817022 0.501613 0.326524 0.177791 0.820345 0.901408 0.0440504 0.107091 0.198141 0.266022 0.582538 0.128193 0.684902 0.631072 0.0725798 0.583832 0.838282 0.373808 0.865054 0.295314 0.751156 0.943992 0.426191 0.142807 0.201424 0.729296 0.612368 0.336644 0.254875 0.742079 
26 51 35 69 20 5 56 
0.270693 0.293738 0.171128 0.468834 0.55976 0.753666 0.597027 0.244662 0.384738 0.669607 0.828494 0.22302 0.043415 0.693549 0.518334 0.794571 0.637541 0.944525 0.937377 0.838964 0.673821 0.549745 0.175608 0.928696 0.291823 0.218369 0.000593381 0.535515 0.587653 0.250281 0.599551 0.858346 0.54402 0.77068 0.32718 0.10378 0.524346 0.924208 0.348442 0.909084 0.593814 0.176937 0.132104 0.637229 0.870485 0.650437 0.4318 0.508026 0.594962 0.369178 0.34699 0.268783 0.918923 0.522598 0.197479 0.210746 0.740967 0.198072 0.746261 0.32862 0.448354 0.345812 0.186966 0.992373 0.116492 0.514146 0.0961533 0.640838 0.438354 0.444596 0.549922 0.0321685 0.621532 0.682025 0.669398 0.492017 0.332462 0.101198 4.31463e-05 0.927424 0.470376 0.347033 0.196207 0.389298 0.869631 0.393686 0.600044 0.610597 0.591758 0.346305 0.939217 0.0401121 0.692118 0.126183 0.0324854 0.808609 0.64033 0.128639 0.449447 0.0786838 0.573234 0.999369 0.110852 0.194767 0.681394 0.78025 0.686784 0.0138559 0.881448 0.686827 0.94128 0.351824 0.0338605 0.137487 0.741123 0.903491 0.531173 0.341167 0.514089 0.122932 0.687472 0.453306 0.163044 0.37959 0.579489 0.195529 0.188199 0.219819 
27 77 80 35 66 10 71 
0.0921692 0.318408 0.189605 0.778953 0.332264 0.0710538 0.465781 0.273544 0.422878 0.499641 0.411032 0.164001 0.403133 0.942205 0.505168 0.917222 0.0651368 0.19264 0.370528 0.228181 0.57223 0.950017 0.42371 0.76043 0.169836 0.747878 0.398076 0.468339 0.64528 0.0350903 0.877694 0.737449 0.353499 0.0672999 0.516403 0.685763 0.138354 0.982184 0.959307 0.561232 0.481825 0.370339 0.725232 0.884958 0.312544 0.2304 0.802179 0.377681 0.423041 0.172707 0.605862 0.995271 0.122724 0.0295712 0.755701 0.292561 0.777449 0.153776 0.7609 0.422729 0.188866 0.638595 0.160178 0.542365 0.705894 0.676581 0.228128 0.844248 0.658765 0.187436 0.40548 0.14059 0.557775 0.130712 0.0255474 0.870319 0.361113 0.827727 0.248 0.784154 0.000433864 0.853862 0.779425 0.123158 0.883433 0.535125 0.415719 0.660882 0.688901 0.176619 0.0836107 0.877768 0.815214 0.243789 0.420133 0.521108 0.92037 0.648261 0.365357 0.579135 0.835697 0.770836 0.719725 0.393471 0.901549 0.745272 0.26379 0.262662 0.572999 0.51179 0.0468152 0.573433 0.365652 0.82624 0.696591 0.249085 0.361365 0.11231 0.909966 0.050266 0.288929 0.993577 0.928034 0.104143 0.237366 0.348166 0.625251 0.157736 
28 58 18 52 63 10 25 
0.225595 0.662993 0.201868 0.489386 0.925655 0.774867 0.00117603 0.97247 0.348299 0.366828 0.79871 0.0448903 0.615912 0.160075 0.1572 0.525879 0.210341 0.44613 0.519456 0.138374 0.550273 0.756822 0.486541 0.175524 0.914558 0.482968 0.166132 0.651429 0.315092 0.927577 0.108025 0.540688 0.59057 0.309893 0.0300736 0.516225 0.0847601 0.0312496 0.488695 0.433059 0.398077 0.287405 0.47795 0.0139899 0.44748 0.63515 0.539869 0.657821 0.0812795 0.0593243 0.796195 0.631552 0.816146 0.282736 0.807076 0.730704 0.765704 0.973208 0.382133 0.0807969 0.900785 0.490159 0.621485 0.491355 0.800052 0.651558 0.0075799 0.884812 0.682808 0.496275 0.317872 0.0808856 0.783681 0.795821 0.0948755 0.231161 0.430971 0.634744 0.888982 0.512251 0.694068 0.685177 0.143803 0.510215 0.967913 0.950879 0.240919 0.733617 0.924087 0.623052 0.814414 0.824872 0.113211 0.435899 0.316227 0.913263 0.0874576 0.323807 0.798075 0.770266 0.820082 0.115946 0.851151 0.603763 0.911767 0.946027 0.834924 0.342739 0.580771 0.723905 0.854989 0.274839 0.409082 0.998792 0.785054 0.376995 0.949671 0.0259726 0.110612 0.873759 0.649025 0.925027 0.698631 0.762235 0.360926 0.0148582 0.675498 0.448383 
29 9 60 51 15 10 68 
0.501286 0.0158272 0.597434 0.844025 0.596598 0.321339 0.699015 0.871438 0.730421 0.697807 0.656492 0.107416 0.647478 0.682464 0.218028 0.521237 0.331489 0.143054 0.219868 0.093724 0.50398 0.234726 0.769222 0.952363 0.573391 0.242795 0.171012 0.732139 0.832314 0.240813 0.494649 0.3336 0.25664 0.092083 0.177625 0.853238 0.413422 0.87664 0.724676 0.143843 0.574447 0.381167 0.251258 0.221925 0.0636315 0.469286 0.743162 0.39512 0.612341 0.963029 0.488844 0.116321 0.197755 0.258066 0.0686842 0.771147 0.500861 0.239697 0.503285 0.333175 0.48051 0.997935 0.666775 0.73715 0.0900175 0.8444 0.590388 0.503439 0.721039 0.315064 0.647282 0.295486 0.696231 0.898541 0.517411 0.759862 0.367827 0.260572 0.154983 0.980168 0.223601 0.643827 0.0964884 0.421357 0.901893 0.165173 0.192504 0.402754 0.404869 0.695789 0.735929 0.885379 0.693723 0.402704 0.622528 0.783741 0.247103 0.212916 0.28718 0.968143 0.52798 0.934463 0.263629 0.224211 0.833003 0.781039 0.984073 0.20083 0.0416114 0.139056 0.180998 0.265213 0.782883 0.277486 0.68657 0.684776 0.442659 0.879073 0.0875308 0.847528 0.574862 0.82346 0.732907 0.268586 0.226164 0.355435 0.0523266 0.473267 
30 77 62 34 42 65 41 
0.320542 0.106973 0.486078 0.304615 0.307803 0.527689 0.443671 0.488801 0.792902 0.226554 0.766287 0.479472 0.91133 0.208946 0.358545 0.998861 0.0564741 0.933407 0.822321 0.789381 0.201993 0.0484843 0.144816 0.254319 0.521751 0.713168 0.593826 0.963161 0.809499 0.867796 0.668199 0.130041 0.974769 0.154277 0.434656 0.282572 0.681966 0.878327 0.771373 0.474868 0.104881 0.53766 0.954339 0.0162109 0.746606 0.312884 0.0150718 0.803081 0.246291 0.837393 0.592462 0.448284 0.885877 0.737278 0.702603 0.407628 0.450446 0.296429 0.370789 0.259945 0.164225 0.0389883 0.389987 0.138994 0.193265 0.824643 0.421566 0.875231 0.70297 0.192939 0.350099 0.807851 0.7306 0.304438 0.824062 0.477206 0.617322 0.839134 0.280287 0.863613 0.676526 0.872748 0.311897 0.562403 0.610026 0.0144997 0.970031 0.0604723 0.310929 0.340821 0.320418 0.475154 0.379809 0.710404 0.614148 0.573074 0.535047 0.0357138 0.448305 0.238018 0.228653 0.798404 0.0458686 0.959253 0.102842 0.86993 0.436459 0.720164 0.709064 0.716746 0.583777 0.385591 0.589494 0.895674 0.947994 0.199521 0.910174 0.918025 0.259993 0.221102 0.258846 0.580411 0.696256 0.638655 0.290815 0.310404 0.211729 0.825862 
31 50 49 79 4 65 69 
0.534024 0.56128 0.979679 0.970483 0.281444 0.688743 0.687229 0.865221 0.0743336 0.276723 0.760895 0.0223274 0.476243 0.671068 0.940353 0.736236 0.892171 0.199198 0.316647 0.588427 0.837853 0.607462 0.898831 0.049582 0.433324 0.244949 0.709616 0.497204 0.81972 0.168054 0.606952 0.353744 0.729334 0.586631 0.324227 0.0107772 0.275374 0.0114555 0.875998 0.349708 0.288178 0.636893 0.372035 0.764422 0.307961 0.312388 0.500658 0.200132 0.511586 0.817305 0.788559 0.349439 0.424766 0.68739 0.399021 0.85809 0.932339 0.108637 0.355294 0.752059 0.276691 0.962246 0.105803 0.00602452 0.548877 0.43003 0.0168018 0.824251 0.441485 0.8928 0.173958 0.729664 0.529692 0.545993 0.494086 0.837653 0.858381 0.994744 0.0377851 0.369967 0.812049 0.826344 0.719406 0.236815 0.513734 0.118427 0.0949052 0.446073 0.227064 0.450199 0.198132 0.503755 0.412445 0.303935 0.50978 0.961322 0.733965 0.526582 0.785573 0.17545 0.419381 0.959531 0.905114 0.949074 0.505524 0.3992 0.786727 0.363905 0.393943 0.824512 0.733871 0.205992 0.650856 0.453277 0.442807 0.16459 0.571705 0.537712 0.610663 0.798769 0.987911 0.808795 0.302525 0.400356 0.11273 0.812305 0.361678 0.846695 
32 26 11 19 81 78 40 
0.612305 0.326458 0.494069 0.97621 0.720402 0.318581 0.710081 0.926393 0.969438 0.163358 0.3692 0.134028 0.735063 0.906912 0.744691 0.533832 0.894823 0.553486 0.836357 0.295179 0.666216 0.648661 0.656857 0.512911 0.987548 0.804107 0.535056 0.745815 0.910889 0.462315 0.453157 0.523194 0.788773 0.947226 0.499403 0.509175 0.265808 0.209484 0.435569 0.235245 0.372843 0.804769 0.369274 0.107906 0.711681 0.113965 0.641738 0.606504 0.667451 0.478095 0.901683 0.333667 0.126756 0.55854 0.846579 0.114304 0.362647 0.381635 0.860119 0.273536 0.84395 0.313276 0.79673 0.632723 0.260502 0.296133 0.141898 0.52631 0.505618 0.577467 0.761555 0.87846 0.382236 0.130829 0.986366 0.0939166 0.244794 0.628104 0.70042 0.912245 0.106199 0.602103 0.245912 0.232955 0.160643 0.0924905 0.347259 0.523291 0.474125 0.207378 0.796827 0.318075 0.520654 0.593556 0.950798 0.781156 0.88969 0.0926961 0.307466 0.395307 0.670163 0.069021 0.273768 0.0523987 0.19985 0.260134 0.146315 0.444643 0.888238 0.846736 0.356888 0.994437 0.448839 0.6028 0.227392 0.609482 0.69529 0.574651 0.132773 0.169416 0.782028 0.929599 0.48749 0.302682 0.523156 0.438288 0.0838384 0.412845 
33 17 19 61 55 38 6 
0.253546 0.660175 0.342054 0.399861 0.104818 0.230292 0.246597 0.461706 0.224729 0.695436 0.064506 0.452121 0.304918 0.759796 0.0267714 0.437691 0.929212 0.8088 0.36729 0.416702 0.111482 0.890446 0.85499 0.195321 0.303292 0.385974 0.586625 0.111444 0.587122 0.04695 0.193365 0.840668 0.707125 0.535419 0.240529 0.811943 0.765711 0.487126 0.273649 0.99044 0.182562 0.338155 0.44256 0.48748 0.0979519 0.469332 0.925171 0.0271639 0.278132 0.292461 0.443866 0.389614 0.182907 0.298856 0.584935 0.486199 0.684831 0.171559 0.597643 0.271953 0.218509 0.791008 0.11262 0.925634 0.326427 0.353149 0.737578 0.0921374 0.840275 0.0112271 0.082577 0.0228361 0.349383 0.525137 0.510316 0.447334 0.994469 0.435486 0.474498 0.272601 0.727947 0.918364 0.662215 0.910855 0.217221 0.24715 0.397053 0.902052 0.418709 0.994697 0.174004 0.637218 0.785705 0.286624 0.562853 0.112131 0.639773 0.30043 0.204269 0.480048 0.311657 0.286846 0.502884 0.66104 0.811983 0.0131998 0.108374 0.806452 0.448686 0.582873 0.0790537 0.176634 0.501237 0.741269 0.0874882 0.718458 0.988419 0.484542 0.62051 0.407127 0.479238 0.794514 0.0443458 0.264943 0.0811383 0.607198 0.377074 0.720912 
34 80 42 39 49 46 18 
0.880326 0.680171 0.717043 0.9887 0.486624 0.165729 0.571572 0.565677 0.342363 0.0728095 0.306946 0.429851 0.791267 0.295365 0.914393 0.411777 0.702492 0.393631 0.206291 0.746838 0.658574 0.287429 0.354036 0.035648 0.00834096 0.261665 0.616991 0.2093 0.480951 0.485179 0.913144 0.361276 0.16535 0.630187 0.349976 0.651974 0.795916 0.921549 0.217651 0.138279 0.994358 0.524598 0.56813 0.785626 0.819963 0.482523 0.197403 0.522455 0.876154 0.403694 0.269293 0.534728 0.691123 0.623329 0.570376 0.699464 0.884994 0.187367 0.908764 0.365945 0.672546 0.821908 0.727221 0.837896 0.452095 0.0771977 0.48987 0.248012 0.998746 0.707521 0.386291 0.993105 0.232119 0.954421 0.77873 0.0520816 0.436944 0.976133 0.574537 0.313098 0.379827 0.84383 0.847826 0.0709498 0.467159 0.418203 0.770414 0.352153 0.605569 0.679178 0.718098 0.278115 0.501087 0.44532 0.116011 0.953182 0.522517 0.605881 0.201193 0.521264 0.313402 0.587484 0.514368 0.545521 0.541905 0.293099 0.597603 0.978849 0.269232 0.172139 0.291948 0.649058 0.0159686 0.139774 0.720008 0.483127 0.557977 0.490422 0.835281 0.163546 0.1696 0.553379 0.441661 0.670687 0.998699 0.557672 0.623869 0.521216 
35 46 70 12 48 28 58 
0.0224756 0.954451 0.849947 0.620078 0.933301 0.119179 0.792217 0.225248 0.768237 0.808186 0.365023 0.488245 0.291313 0.922999 0.978667 0.126594 0.0865454 0.148267 0.679973 0.528207 0.818954 0.678672 0.0858787 0.442823 0.199888 0.249432 0.267885 0.242369 0.726386 0.680431 0.799217 0.748862 0.634883 0.649164 0.36894 0.568184 0.768343 0.161157 0.793432 0.53658 0.969343 0.158454 0.0248256 0.260656 0.0814537 0.00349274 0.387251 0.167999 0.15176 0.0672236 0.696206 0.970715 0.745896 0.782085 0.413538 0.945784 0.031516 0.681423 0.188153 0.757902 0.361854 0.98737 0.506764 0.996737 0.636534 0.875704 0.564921 0.404878 0.0368614 0.358353 0.941458 0.00620451 0.516807 0.966283 0.266861 0.598261 0.969776 0.654111 0.76626 0.121536 0.721335 0.462466 0.092251 0.467231 0.24455 0.505789 0.413015 0.276066 0.187212 0.601167 0.0339686 0.549066 0.588537 0.540733 0.545803 0.225071 0.416437 0.110724 0.629949 0.453298 0.469076 0.571407 0.459503 0.985883 0.53769 0.726364 0.584144 0.507466 0.380475 0.350404 0.629003 0.10181 0.81287 0.721254 0.569041 0.0574202 0.227042 0.982056 0.333487 0.414254 0.583223 0.367455 0.96332 0.17176 0.908188 0.509123 0.396831 0.324625 
36 25 61 39 75 33 10 
0.963789 0.658951 0.643343 0.344264 0.00935502 0.272346 0.446074 0.822225 0.9936 0.0151152 0.879645 0.220642 0.997171 0.213132 0.634896 0.580394 0.580587 0.598216 0.752154 0.488775 0.10734 0.148985 0.813399 0.727187 0.175765 0.591322 0.81611 0.773952 0.828747 0.890917 0.909829 0.792536 0.549867 0.553172 0.1368 0.559222 0.825518 0.582875 0.381447 0.819118 0.59799 0.261092 0.0397601 0.595161 0.474224 0.674656 0.175554 0.0548109 0.272873 0.927708 0.543585 0.380212 0.0766929 0.356985 0.107399 0.252458 0.948306 0.923509 0.0264096 0.777054 0.814425 0.936238 0.56959 0.364293 0.48941 0.70639 0.923515 0.314928 0.289265 0.304963 0.134046 0.887255 0.566055 0.173806 0.482416 0.0402792 0.848463 0.65797 0.0950902 0.121336 0.585678 0.638676 0.501548 0.662371 0.99566 0.608947 0.914829 0.943967 0.532456 0.941238 0.721021 0.346881 0.877477 0.29061 0.711174 0.366887 0.997001 0.634689 0.681815 0.286266 0.939652 0.815861 0.173521 0.505707 0.989668 0.655936 0.545986 0.83813 0.313906 0.641076 0.959466 0.899585 0.279752 0.461014 0.561955 0.275412 0.069961 0.476784 0.219379 0.602417 0.418023 0.940399 0.949298 0.295499 0.23101 0.660472 0.662386 0.228011 
37 11 12 21 78 43 44 
0.740519 0.149731 0.343734 0.286505 0.987861 0.65764 0.927582 0.947327 0.557225 0.207333 0.408341 0.11918 0.482746 0.478302 0.595965 0.702124 0.0807187 0.0139875 0.642524 0.0300166 0.309487 0.873534 0.690488 0.971873 0.101545 0.985649 0.316075 0.615821 0.220462 0.476138 0.303619 0.960981 0.625869 0.647353 0.247487 0.61373 0.304993 0.175068 0.561057 0.862218 0.382402 0.969398 0.981399 0.865147 0.4477 0.577364 0.567272 0.528419 0.591351 0.209796 0.558435 0.900838 0.0833294 0.248924 0.872712 0.184874 0.234573 0.188787 0.800695 0.455035 0.664925 0.104314 0.416016 0.290794 0.751667 0.663502 0.904524 0.0566602 0.83857 0.465581 0.918879 0.220972 0.434979 0.900277 0.086119 0.882679 0.477641 0.653391 0.411097 0.0689918 0.863186 0.969533 0.96983 0.946516 0.218456 0.842541 0.13139 0.453029 0.031328 0.932085 0.908064 0.696253 0.036399 0.324079 0.987047 0.788066 0.987581 0.891571 0.844726 0.826152 0.357152 0.763605 0.0471235 0.79213 0.663882 0.133242 0.674809 0.141523 0.786633 0.0859065 0.210514 0.649819 0.0554391 0.180344 0.596335 0.273895 0.0228857 0.727724 0.726924 0.0542138 0.659809 0.634988 0.750467 0.696208 0.959067 0.737514 0.484274 0.946649 
38 52 28 4 71 70 62 
0.778366 0.756487 0.953166 0.453175 0.89801 0.739799 0.539082 0.108524 0.389619 0.594521 0.288868 0.985953 0.868416 0.311754 0.713678 0.595341 0.365968 0.373487 0.230329 0.116435 0.0696953 0.189396 0.853948 0.553969 0.136045 0.483033 0.88297 0.908845 0.469269 0.975575 0.728769 0.247635 0.732062 0.681935 0.700811 0.630071 0.421735 0.239893 0.738595 0.811353 0.834414 0.0274636 0.797307 0.70283 0.339218 0.510984 0.298171 0.705186 0.884471 0.5285 0.82162 0.954167 0.717896 0.675569 0.508136 0.853941 0.158601 0.391106 0.762786 0.62787 0.366681 0.491555 0.875505 0.0987425 0.173491 0.576316 0.728814 0.595226 0.816208 0.467409 0.406579 0.650622 0.494873 0.203885 0.353452 0.83409 0.71487 0.651623 0.539276 0.599341 0.180123 0.360896 0.553508 0.898019 0.0364649 0.061644 0.75196 0.195066 0.45275 0.514746 0.822936 0.819431 0.00630167 0.698441 0.918173 0.179793 0.274757 0.646987 0.775018 0.0909654 0.114396 0.181597 0.741587 0.609269 0.385482 0.095039 0.443359 0.100352 0.746662 0.982635 0.699693 0.926784 0.343531 0.253201 0.824803 0.379996 0.314845 0.576763 0.575062 0.767595 0.0915093 0.397999 0.587026 0.097811 0.0964402 0.5052 0.277604 0.371197 
39 74 10 64 35 57 61 
0.619701 0.298789 0.31921 0.720053 0.0454507 0.301845 0.419747 0.972235 0.645376 0.672948 0.797038 0.025372 0.987793 0.373802 0.600434 0.755389 0.465311 0.998433 0.342415 0.563122 0.0948732 0.847615 0.840725 0.466071 0.999801 0.893347 0.928233 0.266384 0.127566 0.131983 0.142235 0.747267 0.430772 0.461444 0.46732 0.476223 0.763289 0.887067 0.448458 0.408665 0.560015 0.245497 0.434037 0.547808 0.619298 0.0344712 0.303197 0.084609 0.0329042 0.645612 0.647731 0.127777 0.493226 0.488456 0.593848 0.493027 0.381803 0.522081 0.759411 0.509369 0.654064 0.901645 0.256635 0.0848365 0.36309 0.723955 0.561059 0.126379 0.611022 0.00951735 0.535044 0.171037 0.255014 0.96908 0.718845 0.874312 0.00355164 0.0220413 0.958921 0.0364559 0.667653 0.606652 0.164233 0.160879 0.0951081 0.758081 0.653906 0.476911 0.280162 0.413317 0.98628 0.934227 0.314962 0.242916 0.0190633 0.678052 0.966871 0.580123 0.804431 0.577893 0.58964 0.339474 0.74893 0.844654 0.308555 0.467774 0.718966 0.312107 0.489816 0.677887 0.348562 0.157469 0.284539 0.512796 0.318348 0.379647 0.270877 0.972254 0.856558 0.551039 0.385571 0.842838 0.485266 0.700534 0.0857539 0.50433 0.378586 0.0526248 
40 5 21 80 1 38 29 
0.518746 0.831046 0.847222 0.237712 0.143153 0.337037 0.915599 0.491715 0.494506 0.200138 0.00451099 0.812853 0.579784 0.275388 0.785107 0.436343 0.826427 0.170679 0.279181 0.311694 0.871212 0.364935 0.816024 0.249798 0.41756 0.900476 0.432815 0.0480773 0.574568 0.955306 0.427525 0.0933141 0.786353 0.274746 0.331026 0.929505 0.611783 0.246625 0.421221 0.106289 0.446762 0.425732 0.919142 0.0265469 0.70112 0.70425 0.462889 0.527547 0.874928 0.74207 0.839241 0.746141 0.107005 0.655264 0.995939 0.524564 0.55574 0.428754 0.572642 0.130308 0.38406 0.000166323 0.223622 0.170413 0.274913 0.554648 0.099918 0.886696 0.801273 0.521139 0.992985 0.248036 0.94687 0.912127 0.274583 0.64799 0.616376 0.737472 0.175537 0.491305 0.479542 0.0147776 0.237445 0.586547 0.670042 0.233384 0.111112 0.225782 0.662138 0.683753 0.35609 0.0461981 0.683919 0.579713 0.216611 0.958832 0.134361 0.316529 0.845528 0.935635 0.837667 0.838513 0.18367 0.784538 0.750639 0.458253 0.432527 0.367016 0.195725 0.608064 0.858321 0.675268 0.622842 0.0957657 0.261815 0.292884 0.32915 0.372926 0.518666 0.991288 0.0566794 0.874756 0.0374858 0.740599 0.454469 0.254097 0.699431 0.58883 
41 16 34 30 62 61 79 
0.192831 0.134111 0.166388 0.625358 0.501127 0.362113 0.233422 0.359447 0.0373806 0.856264 0.455213 0.299195 0.149147 0.784363 0.672122 0.667813 0.77565 0.728801 0.542569 0.813136 0.4694 0.997037 0.0672327 0.168831 0.585867 0.637858 0.713789 0.110332 0.0461512 0.0972607 0.818466 0.238982 0.231371 0.984854 0.86434 0.732498 0.346967 0.0977617 0.0919455 0.384348 0.954025 0.547158 0.683543 0.103172 0.331521 0.355665 0.770985 0.107171 0.0844656 0.313554 0.920308 0.553865 0.310591 0.98754 0.722696 0.896459 0.625399 0.436485 0.00679024 0.67155 0.533746 0.825257 0.910532 0.765117 0.810111 0.774871 0.497616 0.157078 0.872633 0.589561 0.541426 0.826658 0.13672 0.224969 0.92983 0.468241 0.580634 0.700816 0.575412 0.665099 0.0143695 0.49572 0.218965 0.324961 0.48326 0.941661 0.221419 0.108659 0.378146 0.22821 0.780208 0.911892 0.0534663 0.69074 0.677009 0.863577 0.465611 0.174625 0.020655 0.338244 0.764186 0.562081 0.164902 0.900905 0.78705 0.0947327 0.369146 0.367684 0.795548 0.944558 0.0327834 0.809918 0.440278 0.251748 0.134879 0.923538 0.193409 0.356298 0.0321963 0.571555 0.584508 0.812405 0.483446 0.637974 0.503144 0.160455 0.501551 0.968755 
42 69 32 3 58 21 1 
0.871337 0.566634 0.369317 0.239021 0.362182 0.313875 0.271804 0.1721 0.754153 0.523553 0.306979 0.67769 0.716961 0.663277 0.709887 0.288516 0.247784 0.522291 0.771962 0.885758 0.0254356 0.932418 0.387309 0.994191 0.267498 0.909515 0.30119 0.366763 0.993802 0.773092 0.366934 0.865139 0.339726 0.736251 0.10416 0.701909 0.0501256 0.375965 0.874009 0.804278 0.899517 0.180988 0.481968 0.616478 0.844264 0.191855 0.904994 0.0920489 0.714146 0.676956 0.977807 0.739582 0.609374 0.365117 0.733773 0.876872 0.274632 0.0349634 0.243635 0.268434 0.808055 0.610569 0.133574 0.147782 0.34682 0.237734 0.84969 0.396945 0.613698 0.723699 0.201223 0.513216 0.904687 0.683192 0.129694 0.748952 0.875047 0.0346882 0.841001 0.589193 0.711645 0.818808 0.328775 0.321019 0.183925 0.0625483 0.19789 0.458557 0.0975117 0.441525 0.726991 0.905567 0.0520939 0.860564 0.0533487 0.398914 0.0982983 0.903039 0.795859 0.711997 0.626739 0.997082 0.225212 0.531426 0.680274 0.354906 0.280377 0.555321 0.389594 0.121378 0.144515 0.101239 0.940186 0.47329 0.422258 0.12411 0.535838 0.620148 0.582667 0.63335 0.0616733 0.309658 0.538917 0.113767 0.170222 0.592266 0.512681 0.268521 
43 18 80 8 48 60 1 
0.653469 0.985896 0.560636 0.933847 0.541218 0.95023 0.0552248 0.685732 0.0514692 0.995411 0.159022 0.473727 0.119521 0.694861 0.0938753 0.702188 0.328211 0.155549 0.0118459 0.867128 0.269316 0.182068 0.459394 0.781997 0.450589 0.954699 0.0905365 0.431106 0.0767425 0.396159 0.636835 0.730212 0.382055 0.197471 0.664059 0.923272 0.147701 0.719284 0.609005 0.19917 0.714694 0.768027 0.672897 0.834215 0.462888 0.766773 0.536403 0.791099 0.922321 0.548249 0.658227 0.191637 0.730317 0.11762 0.973634 0.180906 0.0723192 0.0641703 0.612012 0.149062 0.460329 0.248848 0.879274 0.842384 0.446319 0.543332 0.765656 0.59402 0.262616 0.374661 0.79319 0.97731 0.142688 0.466088 0.811525 0.605576 0.232861 0.347929 0.396675 0.155182 0.896178 0.0549012 0.346819 0.626495 0.172522 0.320453 0.807401 0.244841 0.384623 0.419414 0.393902 0.844952 0.668261 0.273176 0.687335 0.11458 0.816508 0.452992 0.7086 0.079124 0.827653 0.501791 0.056434 0.970341 0.967879 0.867959 0.575917 0.200739 0.215888 0.972591 0.355921 0.112066 0.0274924 0.70274 0.738561 0.200014 0.0231923 0.545962 0.444855 0.407815 0.965376 0.838757 0.252767 0.633637 0.111933 0.940103 0.748218 0.928441 
44 71 79 36 52 67 57 
0.191087 0.926487 0.931959 0.767004 0.127226 0.147847 0.739595 0.483147 0.259912 0.767087 0.185887 0.998473 0.967101 0.209079 0.544435 0.411956 0.616894 0.509811 0.250714 0.869661 0.143449 0.362647 0.809764 0.891666 0.291088 0.202858 0.348484 0.298654 0.423605 0.307093 0.362653 0.614692 0.23358 0.294612 0.381696 0.360806 0.442458 0.121291 0.843953 0.70237 0.888379 0.0298398 0.700843 0.85548 0.238919 0.245279 0.267436 0.855813 0.75509 0.51815 0.725474 0.898539 0.880797 0.535238 0.790206 0.171885 0.738096 0.13869 0.470538 0.161701 0.445783 0.833191 0.776393 0.679363 0.127803 0.158089 0.0401689 0.570261 0.279381 0.884122 0.272631 0.167759 0.913962 0.973475 0.0232392 0.152881 0.218754 0.290676 0.00869359 0.973844 0.808825 0.734168 0.872383 0.689622 0.269406 0.662589 0.861507 0.00750242 0.801279 0.332045 0.169203 0.247062 0.165237 0.945597 0.926425 0.293039 0.103686 0.966594 0.863301 0.383067 0.850715 0.135932 0.550826 0.764677 0.109407 0.574065 0.917558 0.328161 0.864741 0.926251 0.302005 0.673566 0.660419 0.174389 0.363188 0.929825 0.836978 0.224695 0.937328 0.638257 0.55674 0.106531 0.885319 0.721977 0.0521281 0.811744 0.0150161 0.155814 
45 22 50 16 72 60 73 
0.39373 0.123656 0.663772 0.311288 0.451817 0.528512 0.237539 0.753822 0.202078 0.897958 0.928211 0.565266 0.827784 0.765188 0.789961 0.765112 0.403445 0.346702 0.871643 0.288764 0.0686782 0.923771 0.100508 0.0836944 0.0795854 0.878845 0.962011 0.618466 0.507897 0.97626 0.708173 0.901627 0.0999159 0.371944 0.212915 0.551733 0.900457 0.450453 0.305555 0.102535 0.348412 0.233765 0.667801 0.176196 0.998954 0.457763 0.941307 0.402399 0.804464 0.81295 0.691163 0.873143 0.736722 0.791671 0.956837 0.816307 0.670515 0.918848 0.434773 0.178413 0.895108 0.142946 0.0800395 0.995024 0.51489 0.292954 0.546757 0.415347 0.743407 0.852311 0.517882 0.0918192 0.0860768 0.185683 0.268015 0.0850305 0.643446 0.209322 0.487429 0.44791 0.0222723 0.178592 0.321053 0.758994 0.970263 0.27789 0.575301 0.640778 0.196738 0.0100738 0.819191 0.0918456 0.15302 0.89923 0.0868696 0.66791 0.192184 0.633626 0.0832569 0.935592 0.485938 0.601139 0.0274112 0.572015 0.786822 0.295426 0.657045 0.430268 0.504748 0.144474 0.878178 0.52702 0.323067 0.199231 0.286014 0.29333 0.47712 0.861315 0.934108 0.673858 0.871388 0.753299 0.765703 0.0244081 0.65253 0.852573 0.692318 0.844714 
46 70 39 47 50 35 66 
0.544151 0.163536 0.103143 0.201196 0.593803 0.607891 0.345671 0.471981 0.134911 0.668738 0.671212 0.420925 0.962068 0.148332 0.28224 0.896176 0.822189 0.153628 0.649476 0.587893 0.178036 0.302006 0.440465 0.870354 0.14672 0.926664 0.64593 0.927027 0.898801 0.0226433 0.734744 0.442953 0.186179 0.837888 0.644149 0.779982 0.445779 0.98982 0.251963 0.58069 0.658558 0.923175 0.00161569 0.620625 0.0715061 0.283856 0.516801 0.893695 0.437484 0.166277 0.481588 0.61552 0.468283 0.922053 0.485875 0.615003 0.848718 0.131804 0.542029 0.747519 0.154448 0.276773 0.190472 0.340626 0.114661 0.834621 0.120608 0.56044 0.824441 0.372571 0.14113 0.482999 0.295746 0.142746 0.103624 0.367252 0.426601 0.620425 0.260947 0.864085 0.786702 0.742535 0.479606 0.254985 0.664589 0.96548 0.869988 0.513307 0.0972845 0.412017 0.260826 0.251732 0.68879 0.451298 0.592358 0.803451 0.285919 0.712967 0.363891 0.11036 0.0855382 0.505021 0.593358 0.381284 0.647767 0.696982 0.748536 0.0743682 0.317407 0.00948352 0.938454 0.104109 0.752019 0.418059 0.359094 0.416608 0.383539 0.229081 0.929914 0.480824 0.641098 0.19074 0.732556 0.329888 0.642037 0.324914 0.133339 0.927956 
47 65 14 33 74 15 30 
0.504704 0.650018 0.328656 0.25324 0.724386 0.646062 0.262723 0.66284 0.750172 0.0147422 0.0808987 0.109265 0.43135 0.464438 0.338347 0.361264 0.945262 0.979445 0.552004 0.677818 0.309334 0.194041 0.00273219 0.442673 0.121997 0.0406135 0.939903 0.160313 0.164033 0.942154 0.791987 0.668737 0.592172 0.120642 0.921976 0.316558 0.766705 0.1847 0.979398 0.516876 0.199442 0.0602966 0.626142 0.630792 0.524735 0.964489 0.992055 0.469996 0.943934 0.544059 0.147814 0.253267 0.7381 0.150546 0.69594 0.860097 0.19116 0.635843 0.0204102 0.355193 0.577997 0.812397 0.0239294 0.17017 0.933039 0.945906 0.486728 0.699744 0.130605 0.466126 0.21662 0.330047 0.526422 0.842762 0.960839 0.0511568 0.80725 0.952894 0.521153 0.751184 0.496953 0.668967 0.00445126 0.235053 0.819514 0.700391 0.0951508 0.0106734 0.336235 0.115561 0.365866 0.914232 0.927958 0.389796 0.0844017 0.860997 0.335701 0.57113 0.560741 0.466307 0.0372553 0.77736 0.796354 0.563678 0.620122 0.757193 0.614834 0.427372 0.710087 0.135988 0.178556 0.20704 0.804955 0.183007 0.442093 0.624469 0.883399 0.537244 0.635142 0.219634 0.652805 0.00100802 0.133866 0.580763 0.390804 0.218267 0.44176 0.726505 
48 69 74 17 73 20 53 
0.39033 0.399983 0.746358 0.00516449 0.827355 0.456445 0.141152 0.00591144 0.663485 0.946107 0.188919 0.105578 0.570576 0.0723178 0.642822 0.205718 0.291951 0.295627 0.206726 0.425817 0.876391 0.597529 0.644085 0.318151 0.324034 0.433482 0.320651 0.516845 0.260134 0.100512 0.506011 0.650464 0.500495 0.252369 0.655629 0.32785 0.708813 0.796781 0.333762 0.372298 0.742888 0.522681 0.477876 0.313464 0.594998 0.120698 0.519181 0.88695 0.416326 0.725907 0.312767 0.292716 0.323436 0.956852 0.610867 0.64747 0.390333 0.931518 0.164315 0.650467 0.0320301 0.670326 0.300932 0.532525 0.922694 0.95656 0.860375 0.631508 0.753341 0.194137 0.00380588 0.496229 0.716818 0.481682 0.809692 0.311816 0.60238 0.328873 0.198766 0.0187063 0.0547801 0.511533 0.311423 0.378216 0.468385 0.92229 0.0256856 0.858718 0.853808 0.190001 0.509186 0.885838 0.860326 0.810117 0.418363 0.783021 0.766677 0.278739 0.414529 0.520018 0.472876 0.418334 0.0162472 0.189694 0.900016 0.82594 0.50151 0.502397 0.154813 0.700276 0.521103 0.209593 0.211809 0.832526 0.587809 0.680194 0.754816 0.613495 0.538912 0.608624 0.803495 0.0480977 0.494462 0.663821 0.858215 0.912825 0.446842 0.624892 
49 67 80 7 30 5 63 
0.179722 0.987097 0.355643 0.682119 0.14191 0.0559192 0.203222 0.351503 0.267728 0.0357479 0.939312 0.947922 0.790564 0.552807 0.486834 0.399188 0.356302 0.534932 0.893649 0.0201236 0.393147 0.806474 0.466966 0.0180391 0.998038 0.328337 0.16295 0.662478 0.608042 0.324108 0.516611 0.787764 0.311205 0.872254 0.469882 0.453115 0.928173 0.673104 0.804619 0.195901 0.708852 0.743931 0.143824 0.499416 0.296738 0.630658 0.898603 0.65304 0.16559 0.792253 0.673164 0.558737 0.598727 0.14013 0.576776 0.596765 0.468467 0.739726 0.259243 0.0765084 0.0638331 0.775853 0.864272 0.375038 0.648107 0.334154 0.828153 0.576281 0.00725808 0.632772 0.772182 0.71611 0.376704 0.916006 0.215526 0.673442 0.546664 0.114129 0.326482 0.712254 0.906382 0.999646 0.27099 0.505109 0.139776 0.847766 0.101874 0.608243 0.587492 0.361116 0.684751 0.651325 0.13697 0.549023 0.0263631 0.785077 0.883177 0.854517 0.361358 0.890435 0.487289 0.13354 0.606545 0.863993 0.0495457 0.822071 0.537435 0.59621 0.9362 0.863917 0.308463 0.842582 0.863564 0.579454 0.347691 0.00333992 0.42722 0.449564 0.611583 0.0147118 0.81068 0.296334 0.666037 0.94765 0.845357 0.6924 0.732727 0.728535 
50 22 2 73 43 45 74 
0.898198 0.277171 0.0475863 0.435633 0.87338 0.983787 0.29955 0.181844 0.826369 0.163113 0.761297 0.174059 0.166453 0.188517 0.623623 0.778036 0.203229 0.434304 0.0743702 0.869266 0.381954 0.919727 0.561666 0.114681 0.648262 0.108582 0.208766 0.267232 0.142788 0.436392 0.492747 0.0409857 0.713562 0.540333 0.476618 0.586943 0.52412 0.776168 0.768786 0.350488 0.939281 0.530084 0.524547 0.105735 0.718601 0.148171 0.883771 0.92183 0.582474 0.958141 0.791095 0.964428 0.877868 0.352761 0.0791094 0.52613 0.461343 0.287876 0.793362 0.60413 0.724267 0.286109 0.645116 0.43783 0.826443 0.121734 0.0247724 0.350562 0.897903 0.793559 0.701051 0.837184 0.323642 0.225598 0.942919 0.0422429 0.373769 0.82669 0.964072 0.956243 0.78483 0.755168 0.920672 0.662699 0.107928 0.999781 0.188829 0.569271 0.287657 0.982192 0.173402 0.011924 0.268301 0.818518 0.449754 0.0947432 0.940252 0.474526 0.445306 0.838155 0.268085 0.146356 0.675339 0.591727 0.371955 0.618258 0.63397 0.745723 0.444947 0.598042 0.701967 0.229778 0.35321 0.622638 0.892477 0.461138 0.622419 0.081306 0.0304096 0.910076 0.0634975 0.203811 0.922 0.331798 0.022329 0.371754 0.426541 0.962581 
51 64 23 9 6 18 69 
0.706092 0.390158 0.0943329 0.340061 0.135881 0.53928 0.938104 0.837848 0.769058 0.291314 0.460486 0.661535 0.752452 0.0829054 0.742841 0.782862 0.992981 0.806338 0.986673 0.914981 0.138137 0.00900177 0.286735 0.564678 0.971583 0.133014 0.436525 0.772319 0.247379 0.454728 0.248394 0.95347 0.844886 0.342727 0.293532 0.980768 0.882007 0.231636 0.818616 0.651066 0.522949 0.279102 0.3126 0.275401 0.362007 0.0554414 0.0582628 0.354988 0.86178 0.0449356 0.269969 0.999916 0.0539374 0.556704 0.564595 0.0255204 0.689719 0.00111957 0.797839 0.937097 0.455848 0.0462337 0.890568 0.300734 0.388961 0.1841 0.281502 0.270968 0.415735 0.100117 0.922034 0.938685 0.379219 0.234634 0.214086 0.741226 0.290076 0.272349 0.0962147 0.151856 0.317284 0.366184 0.151772 0.371222 0.922888 0.716367 0.396742 0.612607 0.717486 0.194582 0.549704 0.173334 0.240815 0.440272 0.474068 0.629776 0.624372 0.75557 0.900745 0.0401074 0.855687 0.822779 0.978792 0.234907 0.0574129 0.192878 0.976133 0.347489 0.465227 0.0723476 0.499344 0.782512 0.438532 0.651116 0.153733 0.36142 0.367483 0.550476 0.974027 0.0849691 0.745057 0.523731 0.258303 0.985873 0.964004 0.732372 0.615649 0.588376 
52 54 30 61 32 25 29 
0.578536 0.396585 0.800153 0.554669 0.744074 0.26538 0.627016 0.243418 0.047892 0.0655479 0.894535 0.201625 0.426968 0.262018 0.752101 0.400995 0.346987 0.497159 0.924726 0.60529 0.483032 0.88873 0.337661 0.0986808 0.477105 0.825603 0.615075 0.105588 0.169232 0.954247 0.712863 0.747768 0.350832 0.513017 0.302436 0.0949063 0.778397 0.929452 0.338325 0.826289 0.995 0.232859 0.0279146 0.421968 0.494877 0.780016 0.822963 0.841863 0.277174 0.74769 0.447153 0.760206 0.63642 0.784814 0.858887 0.113525 0.610417 0.473962 0.219113 0.779649 0.428209 0.931977 0.527417 0.779041 0.444993 0.829853 0.873947 0.223391 0.759306 0.212272 0.0496797 0.754306 0.445131 0.0775943 0.176274 0.940008 0.85761 0.999238 0.781871 0.134785 0.746927 0.229024 0.894991 0.383347 0.0138382 0.753878 0.496872 0.624255 0.227839 0.715985 0.403905 0.656048 0.647962 0.931322 0.435089 0.0929549 0.761175 0.309036 0.316345 0.52048 0.521308 0.366025 0.274786 0.966439 0.443619 0.451061 0.906446 0.30123 0.450298 0.688317 0.436014 0.197226 0.917341 0.331005 0.580572 0.931179 0.0848825 0.0774441 0.555435 0.312722 0.793429 0.959339 0.968769 0.441391 0.890661 0.403858 0.534345 0.651836 
53 50 78 0 52 69 61 
0.20064 0.660336 0.898163 0.107086 0.961565 0.348461 0.795403 0.397579 0.545687 0.712744 0.728584 0.126259 0.643923 0.813467 0.203703 0.199358 0.126189 0.997132 0.158697 0.0949581 0.438523 0.0493584 0.498816 0.972868 0.701194 0.21171 0.823559 0.87351 0.445912 0.0402754 0.320613 0.646552 0.700611 0.218776 0.753639 0.662176 0.567237 0.549042 0.0597557 0.112924 0.261787 0.78834 0.239184 0.90571 0.601807 0.442887 0.105068 0.727996 0.440019 0.263766 0.822954 0.878542 0.313124 0.32177 0.85141 0.014318 0.53348 0.67497 0.887828 0.979392 0.715245 0.208441 0.625945 0.415856 0.427217 0.379583 0.0780322 0.994455 0.928626 0.137788 0.107379 0.190412 0.926128 0.346562 0.0961223 0.527935 0.789449 0.20119 0.255931 0.229469 0.464956 0.0788847 0.108011 0.77808 0.400655 0.959421 0.792398 0.934135 0.634391 0.680226 0.913528 0.349636 0.888667 0.539472 0.765492 0.315885 0.919056 0.843524 0.310339 0.847682 0.981312 0.417718 0.0380938 0.90744 0.764281 0.134216 0.435376 0.55373 0.335407 0.691306 0.783199 0.800363 0.770191 0.891209 0.578442 0.170846 0.850631 0.37084 0.104981 0.485022 0.0510666 0.0185089 0.834658 0.939734 0.557981 0.60015 0.255619 0.477037 
54 51 34 3 47 57 21 
0.332427 0.747956 0.497029 0.767803 0.301686 0.832435 0.459109 0.084885 0.632798 0.2293 0.976094 0.21124 0.400146 0.826725 0.582081 0.505128 0.311747 0.633147 0.523637 0.146405 0.572881 0.0816178 0.746555 0.8285 0.558655 0.190229 0.394458 0.883374 0.615216 0.378133 0.246186 0.947643 0.12609 0.743215 0.715446 0.427776 0.57565 0.174555 0.512661 0.208448 0.403855 0.488756 0.419689 0.804001 0.315481 0.00176941 0.309129 0.627228 0.634917 0.832766 0.773632 0.207798 0.914383 0.520187 0.0362977 0.473038 0.710416 0.430755 0.356412 0.325632 0.808889 0.602598 0.273275 0.934979 0.345814 0.98872 0.362755 0.921464 0.163275 0.875416 0.129912 0.56713 0.364172 0.549601 0.371132 0.679653 0.55137 0.680261 0.30688 0.186287 0.513026 0.0805128 0.394085 0.42741 0.6007 0.430383 0.900448 0.311116 0.861138 0.25686 0.636747 0.670027 0.859459 0.910022 0.605005 0.205272 0.898742 0.96776 0.126736 0.062017 0.843176 0.256649 0.629147 0.207348 0.80625 0.000278706 0.887001 0.35762 0.680539 0.193882 0.543907 0.193566 0.274394 0.937992 0.620975 0.875094 0.368375 0.521423 0.18621 0.229513 0.778283 0.822957 0.89954 0.637742 0.732978 0.504545 0.843014 0.63172 
55 40 71 36 27 46 2 
0.52283 0.0326486 0.323163 0.409831 0.390269 0.00370259 0.603713 0.934176 0.197268 0.878107 0.872168 0.818244 0.753201 0.240543 0.339667 0.939411 0.470056 0.11795 0.762367 0.369596 0.755693 0.495346 0.874142 0.598707 0.127066 0.346447 0.568457 0.820803 0.661929 0.794856 0.143688 0.184759 0.827505 0.466851 0.59459 0.217773 0.470554 0.198303 0.151949 0.667822 0.0764101 0.0241176 0.486066 0.829611 0.264661 0.825733 0.769022 0.734717 0.943683 0.531389 0.104314 0.699376 0.0267345 0.978455 0.298082 0.153801 0.324902 0.86654 0.974604 0.986831 0.661396 0.118292 0.17159 0.488901 0.585143 0.766181 0.706674 0.055697 0.964484 0.858623 0.723519 0.0408936 0.882741 0.209585 0.870505 0.147402 0.0353172 0.639526 0.882119 0.979 0.170915 0.986433 0.678376 0.19765 0.964888 0.976458 0.35145 0.289791 0.842998 0.326054 0.276622 0.504394 0.444346 0.448212 0.993294 0.0294896 0.214393 0.699969 0.0851866 0.178876 0.558592 0.808706 0.21977 0.441333 0.0182901 0.0902748 0.588735 0.0536073 0.729801 0.470854 0.0326075 0.900716 0.457287 0.710983 0.0983659 0.422176 0.687442 0.449816 0.711966 0.530439 0.77587 0.988588 0.0348332 0.220217 0.436801 0.0281276 0.249706 0.651194 
56 68 72 49 67 36 52 
0.728021 0.161889 0.140115 0.316756 0.215496 0.869916 0.78761 0.248103 0.770632 0.244898 0.959087 0.868998 0.667073 0.646528 0.318814 0.37904 0.176968 0.0946846 0.367628 0.211801 0.314901 0.804429 0.239928 0.564608 0.455622 0.968024 0.899501 0.285692 0.254713 0.0430992 0.335532 0.982734 0.204988 0.475647 0.29949 0.420484 0.345563 0.0871 0.668587 0.116196 0.331998 0.627674 0.985194 0.999071 0.274202 0.304008 0.37811 0.45117 0.398693 0.745738 0.66297 0.713594 0.550167 0.902899 0.278202 0.00578903 0.870923 0.177703 0.291481 0.125635 0.220802 0.627014 0.108369 0.42579 0.102661 0.407859 0.846273 0.448224 0.494959 0.514861 0.56442 0.826956 0.142534 0.549613 0.826027 0.416736 0.853621 0.204137 0.867906 0.252314 0.949876 0.530876 0.965908 0.500043 0.433775 0.24411 0.505832 0.304698 0.421812 0.797313 0.430333 0.642614 0.424326 0.538702 0.0684039 0.526987 0.946561 0.914677 0.975211 0.44152 0.429538 0.539631 0.268476 0.572072 0.0892446 0.0945029 0.988809 0.942866 0.29864 0.856714 0.19518 0.248516 0.38759 0.161088 0.748559 0.821365 0.405198 0.25439 0.126063 0.827011 0.051703 0.556396 0.469625 0.476029 0.095098 0.538029 0.00301659 0.0416588 
57 45 77 5 3 59 16 
0.454316 0.607104 0.846157 0.443125 0.54997 0.144797 0.299839 0.74515 0.393313 0.68743 0.906238 0.141872 0.508795 0.311436 0.396262 0.634858 0.138447 0.447965 0.191253 0.608072 0.923995 0.286351 0.1461 0.927011 0.32801 0.598807 0.905239 0.811189 0.481051 0.423098 0.562843 0.935367 0.0302018 0.409 0.378492 0.580172 0.553798 0.678331 0.325321 0.947111 0.365761 0.231559 0.0889831 0.874556 0.542996 0.485245 0.509414 0.681442 0.933211 0.700667 0.289514 0.857205 0.987019 0.435615 0.784216 0.315029 0.0344212 0.689456 0.126217 0.515472 0.112554 0.68906 0.450839 0.142756 0.0980602 0.829331 0.722927 0.651858 0.507663 0.0482487 0.598969 0.873424 0.279808 0.687952 0.74798 0.822804 0.173197 0.257394 0.504246 0.106408 0.958061 0.79376 0.963613 0.94508 0.229375 0.747829 0.260109 0.263796 0.437285 0.386326 0.779268 0.549839 0.075386 0.230107 0.692595 0.173446 0.0594385 0.415522 0.825304 0.567101 0.46377 0.424273 0.440525 0.743579 0.112225 0.188505 0.566382 0.285422 0.4459 0.0706287 0.391829 0.403961 0.864389 0.355442 0.349041 0.0937642 0.103272 0.609149 0.35756 0.540557 0.995475 0.136829 0.0903958 0.070861 0.366936 0.78299 0.244307 0.426374 
58 4 56 65 53 38 23 
0.405861 0.606109 0.622506 0.972244 0.89153 0.0684057 0.0428723 0.28336 0.472366 0.907262 0.638802 0.821407 0.0010257 0.742074 0.430556 0.358586 0.282631 0.426031 0.495415 0.373027 0.496892 0.86235 0.156017 0.7412 0.288725 0.354529 0.810811 0.2822 0.0168117 0.304695 0.716201 0.422673 0.910804 0.338707 0.394916 0.802334 0.407112 0.437789 0.0856938 0.879479 0.34505 0.724496 0.700886 0.346076 0.46657 0.131442 0.704662 0.749201 0.557474 0.200077 0.122228 0.0543662 0.0624271 0.278245 0.795566 0.351152 0.632774 0.606377 0.633352 0.649585 0.911072 0.349553 0.0722582 0.821876 0.688259 0.467175 0.62421 0.0953718 0.904963 0.709903 0.974851 0.250014 0.434399 0.675737 0.59609 0.900969 0.807179 0.300752 0.65017 0.364653 0.500829 0.772398 0.419019 0.563256 0.0506423 0.214585 0.914407 0.683416 0.820962 0.547759 0.333001 0.732034 0.897312 0.40526 0.55391 0.585571 0.872434 0.178119 0.680943 0.777398 0.888023 0.655794 0.0274114 0.322422 0.331531 0.623501 0.223391 0.13871 0.924253 0.873562 0.503363 0.425082 0.645959 0.922382 0.988337 0.696602 0.136968 0.902745 0.380018 0.95793 0.450504 0.713019 0.689964 0.347816 0.118279 0.243874 0.933387 0.990713 
59 48 29 75 39 5 55 
0.632439 0.601654 0.419023 0.85583 0.740364 0.343276 0.729392 0.243727 0.768358 0.375351 0.166109 0.756695 0.0719532 0.303077 0.65944 0.451971 0.261007 0.109943 0.16499 0.950971 0.457759 0.283269 0.194845 0.391146 0.273982 0.616839 0.00547518 0.0420927 0.926856 0.275598 0.837615 0.559294 0.877252 0.256638 0.415124 0.617616 0.599914 0.144516 0.861343 0.368272 0.519868 0.0274519 0.124967 0.591821 0.330529 0.784407 0.0437917 0.591536 0.89435 0.208782 0.542507 0.352109 0.492051 0.737353 0.743255 0.766033 0.354192 0.74873 0.808126 0.281047 0.0243285 0.64574 0.840342 0.901581 0.902378 0.255466 0.519197 0.502293 0.399982 0.380539 0.870565 0.91985 0.407991 0.995532 0.51167 0.73852 0.779939 0.555462 0.330056 0.674289 0.764244 0.872563 0.0263987 0.256295 0.609916 0.769654 0.0223279 0.964108 0.518384 0.830454 0.245155 0.542712 0.476194 0.0854968 0.444293 0.378572 0.340963 0.963489 0.880865 0.740945 0.344029 0.75143 0.660795 0.75202 0.746963 0.172465 0.49054 0.526902 0.727927 0.820596 0.201191 0.492172 0.69316 0.22759 0.748467 0.303076 0.997244 0.770795 0.267184 0.515627 0.601248 0.512339 0.0583393 0.077442 0.597836 0.502632 0.456014 0.938798 
60 56 69 78 39 74 67 
0.562171 0.835273 0.513003 0.052711 0.362175 0.240931 0.873307 0.563366 0.733102 0.566467 0.790956 0.481569 0.869543 0.7882 0.252363 0.136727 0.303827 0.853611 0.649066 0.362166 0.931053 0.246901 0.864798 0.387068 0.185699 0.33092 0.723948 0.865443 0.14107 0.812258 0.205981 0.703241 0.647531 0.718984 0.755952 0.00970526 0.959915 0.629259 0.573071 0.693017 0.195727 0.364027 0.174585 0.0652696 0.152227 0.426949 0.201996 0.456054 0.28056 0.851062 0.81822 0.211613 0.097963 0.683019 0.598681 0.283662 0.0139384 0.322628 0.149105 0.155009 0.134886 0.355086 0.85825 0.782417 0.0740698 0.614202 0.792122 0.0339844 0.243461 0.365193 0.727001 0.439188 0.729221 0.901586 0.504457 0.881448 0.328535 0.706454 0.337502 0.609095 0.557516 0.155722 0.820708 0.655479 0.83874 0.419389 0.939141 0.852679 0.742017 0.0882462 0.00768757 0.876903 0.443332 0.865937 0.65932 0.517402 0.480139 0.451442 0.551386 0.723601 0.816635 0.278387 0.162788 0.545856 0.179974 0.667246 0.427304 0.508509 0.3737 0.764805 0.117603 0.931215 0.920527 0.938311 0.586694 0.759267 0.3577 0.525835 0.611946 0.099717 0.614081 0.619633 0.97662 0.0574134 0.485571 0.63594 0.574815 0.96571 
61 70 51 6 17 24 35 
0.449873 0.584563 0.519345 0.877177 0.0930712 0.893045 0.641982 0.210675 0.82426 0.562509 0.148986 0.410954 0.321776 0.506686 0.936789 0.933722 0.606402 0.550871 0.553356 0.583023 0.608284 0.0389265 0.218963 0.183099 0.00463673 0.306345 0.309301 0.693947 0.210363 0.71389 0.546047 0.660236 0.298452 0.0653917 0.537413 0.391523 0.958436 0.179395 0.602198 0.782697 0.741904 0.751184 0.193651 0.0636801 0.257869 0.13044 0.997402 0.864272 0.681311 0.550758 0.447294 0.289594 0.589684 0.666257 0.472694 0.594321 0.972603 0.781994 0.288269 0.182965 0.495884 0.834315 0.843201 0.794336 0.899707 0.380614 0.18586 0.858143 0.560009 0.788058 0.64084 0.301913 0.539241 0.834491 0.365593 0.797111 0.964931 0.362995 0.661382 0.646241 0.913753 0.108677 0.935836 0.503437 0.774934 0.408529 0.0977581 0.747537 0.190524 0.386027 0.930502 0.686408 0.220342 0.773703 0.480744 0.120049 0.154317 0.666604 0.978192 0.714326 0.454661 0.619032 0.0162385 0.993903 0.453522 0.381831 0.791013 0.418453 0.744826 0.452395 0.0646941 0.658579 0.561072 0.00052972 0.162016 0.336006 0.409059 0.259775 0.0835425 0.599583 0.645801 0.0140442 0.28599 0.866143 0.787747 0.766734 0.986192 0.942064 
62 37 34 10 63 21 48 
0.881902 0.0369375 0.0544592 0.672915 0.45539 0.799286 0.12531 0.520085 0.457865 0.686382 0.520614 0.619881 0.0223884 0.929673 0.879656 0.105931 0.529256 0.525457 0.119975 0.815246 0.3916 0.907722 0.581981 0.377792 0.849786 0.0153187 0.342175 0.506175 0.903318 0.92559 0.178803 0.78522 0.962528 0.233262 0.458135 0.417918 0.0325477 0.583446 0.938003 0.490413 0.269828 0.458617 0.110294 0.292217 0.388291 0.98995 0.398147 0.917547 0.515407 0.518122 0.732793 0.907007 0.425844 0.314774 0.284798 0.27563 0.330092 0.626973 0.781805 0.23341 0.552564 0.960608 0.0186304 0.515092 0.19387 0.476766 0.93301 0.226418 0.0602112 0.871013 0.716831 0.330039 0.32963 0.827124 0.622256 0.717921 0.817074 0.0204032 0.635467 0.332481 0.538526 0.36826 0.239488 0.96437 0.683034 0.524286 0.24 0.0131259 0.151259 0.0218056 0.246536 0.703823 0.982414 0.265167 0.218915 0.176284 0.741932 0.151925 0.402702 0.802143 0.0229375 0.119533 0.132183 0.352568 0.946657 0.754438 0.0704884 0.763731 0.774841 0.705956 0.096212 0.313367 0.0742158 0.3357 0.277737 0.757249 0.859985 0.517738 0.770375 0.0112448 0.539543 0.0169115 0.715068 0.521957 0.282078 0.933982 0.698241 0.0240101 
63 80 4 0 49 18 29 
0.167133 0.712774 0.531901 0.930864 0.487616 0.237856 0.0270765 0.800983 0.312072 0.362776 0.0787201 0.0693214 0.222762 0.596458 0.839697 0.234006 0.136001 0.856608 0.949074 0.657958 0.138686 0.883056 0.3562 0.162696 0.968964 0.457143 0.98885 0.0778081 0.677619 0.947186 0.53922 0.844753 0.65996 0.0711209 0.775617 0.147575 0.308977 0.802693 0.948558 0.621049 0.16547 0.0272782 0.690371 0.388231 0.623736 0.530067 0.622237 0.759737 0.386676 0.571311 0.417696 0.525362 0.454368 0.773895 0.688058 0.423331 0.231039 0.676908 0.501139 0.908658 0.624093 0.0403598 0.753411 0.284053 0.111481 0.529028 0.431628 0.420458 0.331721 0.380186 0.0415071 0.497191 0.407465 0.731878 0.885422 0.0312007 0.261945 0.507659 0.790938 0.648621 0.0789705 0.208634 0.173982 0.533338 0.982529 0.862041 0.95667 0.213568 0.538948 0.457809 0.122226 0.163042 0.498169 0.875636 0.447094 0.60965 0.404664 0.878723 0.0301076 0.736385 0.258909 0.0716147 0.233575 0.666374 0.803492 0.118997 0.697574 0.0654376 0.626656 0.488512 0.714058 0.705626 0.697146 0.888041 0.238965 0.679675 0.750081 0.195635 0.893243 0.28903 0.653444 0.0154685 0.452071 0.151613 0.891105 0.899166 0.761263 0.295768 
64 4 15 33 42 74 7 
0.703171 0.666478 0.384725 0.400745 0.731915 0.0113813 0.889258 0.445974 0.717008 0.586404 0.334014 0.955973 0.266079 0.0840957 0.151607 0.159322 0.373125 0.805052 0.17479 0.825196 0.956665 0.0658949 0.724362 0.717928 0.361663 0.50225 0.509298 0.393816 0.539048 0.372284 0.659545 0.242219 0.0387614 0.04427 0.642964 0.770677 0.0556513 0.532222 0.21665 0.772659 0.118626 0.550665 0.728632 0.384705 0.634761 0.880239 0.544026 0.00788592 0.685291 0.718817 0.833082 0.641956 0.784712 0.557444 0.359883 0.146375 0.0596945 0.869182 0.540191 0.598742 0.241465 0.199736 0.840961 0.280227 0.244006 0.483925 0.0509033 0.299657 0.0161468 0.267554 0.0723162 0.134772 0.818219 0.800948 0.519477 0.452979 0.681187 0.0635034 0.460865 0.366478 0.78232 0.293948 0.00843351 0.567032 0.851392 0.368317 0.713407 0.911086 0.237498 0.253598 0.509828 0.478964 0.453334 0.350789 0.75919 0.69734 0.834714 0.810093 0.996997 0.850861 0.0776472 0.0693131 0.985633 0.895866 0.870261 0.50511 0.348845 0.551448 0.568614 0.809711 0.917926 0.350934 0.103658 0.92636 0.917966 0.95505 0.294677 0.631372 0.866136 0.532175 0.88497 0.375965 0.0111383 0.338304 0.726754 0.770328 0.0356436 0.561468 
65 64 6 27 3 60 51 
0.553935 0.972215 0.903073 0.90278 0.523663 0.471686 0.712491 0.441589 0.82262 0.816149 0.367949 0.740586 0.771199 0.662625 0.371958 0.637335 0.1948 0.256928 0.0133001 0.205939 0.595232 0.740054 0.976267 0.630876 0.301522 0.556689 0.663516 0.713851 0.214758 0.76547 0.111813 0.768693 0.737684 0.0148857 0.671473 0.261347 0.486572 0.383964 0.702936 0.309192 0.200113 0.0708851 0.0497783 0.971312 0.73351 0.421737 0.608647 0.928311 0.678665 0.621947 0.134249 0.273897 0.362001 0.110516 0.904773 0.663523 0.667205 0.568289 0.377374 0.881963 0.333759 0.489187 0.650655 0.0714434 0.504073 0.322128 0.332791 0.990645 0.706092 0.035727 0.299838 0.906205 0.106612 0.349616 0.877517 0.840123 0.771352 0.486164 0.768433 0.450017 0.108111 0.902682 0.723914 0.470112 0.0131985 0.628687 0.133635 0.680403 0.196976 0.511009 0.562366 0.530735 0.000196804 0.213021 0.602179 0.50427 0.535149 0.93497 0.494915 0.241241 0.970696 0.794753 0.147446 0.0773086 0.144369 0.0249624 0.917431 0.915721 0.511126 0.685864 0.365739 0.619237 0.588547 0.0896529 0.0893489 0.601745 0.71834 0.222984 0.282149 0.915317 0.733994 0.844514 0.446052 0.73419 0.0575355 0.0482311 0.23846 0.592685 
66 22 12 51 78 52 70 
0.0312057 0.672497 0.00633408 0.948637 0.588218 0.51746 0.634501 0.953957 0.136697 0.223048 0.0436097 0.226046 0.824793 0.76195 0.44903 0.106942 0.677267 0.183024 0.951457 0.123319 0.917214 0.00899207 0.17155 0.155674 0.601677 0.154751 0.88905 0.435603 0.108648 0.417178 0.416974 0.139853 0.0896748 0.423308 0.0884904 0.677893 0.940769 0.722992 0.63185 0.0774655 0.94604 0.675459 0.303511 0.770833 0.437409 0.752541 0.877775 0.114676 0.935565 0.829232 0.237995 0.852779 0.838224 0.409545 0.00845286 0.439901 0.564295 0.897502 0.875504 0.672943 0.31468 0.292478 0.812796 0.404355 0.715786 0.901287 0.082248 0.656555 0.624278 0.714098 0.73402 0.570318 0.389557 0.0375317 0.341152 0.826966 0.790073 0.218927 0.941642 0.725638 0.0481591 0.179637 0.578416 0.886383 0.589181 0.586869 0.326284 0.153476 0.484372 0.201788 0.826419 0.799052 0.494266 0.639216 0.203407 0.210052 0.540502 0.285655 0.866607 0.16478 0.999753 0.600627 0.735099 0.38931 0.638159 0.0762502 0.216276 0.428232 0.295177 0.157918 0.15387 0.343336 0.337555 0.732286 0.229719 0.926736 0.319155 0.556004 0.0802125 0.803527 0.757791 0.906632 0.602579 0.252057 0.545847 0.805986 0.462109 0.0863494 
67 25 82 39 65 21 36 
0.480704 0.567502 0.0624787 0.69698 0.995734 0.357656 0.854898 0.149604 0.700992 0.192453 0.88189 0.930712 0.119189 0.201045 0.486715 0.199401 0.00457245 0.244507 0.106033 0.607152 0.496563 0.65188 0.413138 0.958672 0.73823 0.504779 0.287388 0.989359 0.596173 0.216731 0.975588 0.0768769 0.784233 0.0380666 0.773857 0.779967 0.395723 0.628755 0.929571 0.0967148 0.821207 0.811461 0.0274266 0.940396 0.0125063 0.514142 0.139798 0.0170788 0.758648 0.245831 0.62423 0.255212 0.897711 0.0373681 0.213884 0.63594 0.542147 0.501271 0.6253 0.13832 0.718002 0.600888 0.215197 0.502235 0.638954 0.989054 0.282202 0.0346767 0.617809 0.211773 0.131392 0.439016 0.0232337 0.158818 0.379412 0.03574 0.67296 0.51921 0.0528188 0.431609 0.765041 0.677049 0.68682 0.662751 0.714417 0.900704 0.298692 0.256564 0.401975 0.923991 0.394884 0.119977 0.524879 0.610082 0.622212 0.163833 0.599135 0.904414 0.19851 0.216944 0.116187 0.329901 0.65596 0.139421 0.48872 0.0353726 0.175161 0.16168 0.554583 0.227979 0.593288 0.319623 0.905029 0.280109 0.982374 0.619446 0.180813 0.281066 0.87601 0.582788 0.205057 0.270894 0.702765 0.729936 0.880976 0.324977 0.89377 0.480111 
68 73 35 61 71 18 67 
0.484999 0.910901 0.388388 0.660159 0.0725804 0.942971 0.888139 0.665869 0.262594 0.793167 0.945977 0.244968 0.412613 0.12679 0.526035 0.288623 0.709578 0.731092 0.559517 0.412343 0.461028 0.440493 0.73732 0.354798 0.920605 0.966712 0.447077 0.61766 0.31229 0.869258 0.970676 0.797289 0.780159 0.359064 0.457448 0.852739 0.302035 0.345587 0.518608 0.564629 0.138754 0.464585 0.809598 0.551367 0.591375 0.335632 0.83999 0.300953 0.0667243 0.399508 0.713296 0.527753 0.840001 0.450616 0.882551 0.760606 0.417328 0.329628 0.378267 0.729618 0.198886 0.348943 0.526907 0.979045 0.708007 0.984356 0.831785 0.0100425 0.329943 0.350393 0.574672 0.468697 0.814978 0.38427 0.0200649 0.406353 0.719902 0.860055 0.707306 0.786626 0.259563 0.420602 0.314379 0.0995643 0.871218 0.19693 0.86017 0.288546 0.526557 0.238437 0.0181641 0.725444 0.58738 0.545071 0.704489 0.295387 0.529427 0.536274 0.305429 0.85937 0.886666 0.880101 0.328068 0.701644 0.264371 0.348133 0.107997 0.984273 0.208188 0.815303 0.770899 0.467751 0.235905 0.0852784 0.567315 0.107122 0.282208 0.427486 0.395668 0.808765 0.665923 0.413832 0.534209 0.253302 0.958904 0.238698 0.548689 0.488331 
69 70 60 33 43 21 79 
0.363282 0.99859 0.0239016 0.471279 0.982863 0.23209 0.286582 0.753763 0.699841 0.522487 0.839041 0.267156 0.629609 0.121249 0.694642 0.0252769 0.930015 0.360565 0.439109 0.464224 0.613867 0.398013 0.702922 0.162556 0.886344 0.477894 0.0166749 0.234045 0.139532 0.750894 0.909814 0.502814 0.749485 0.933715 0.974093 0.732348 0.165805 0.260675 0.486111 0.865645 0.783161 0.325152 0.132801 0.41277 0.446401 0.827443 0.438047 0.376416 0.188008 0.877156 0.84064 0.801875 0.275169 0.543562 0.964432 0.161512 0.0214553 0.981107 0.395557 0.160987 0.732001 0.305371 0.663801 0.481486 0.239086 0.637893 0.213834 0.404891 0.898568 0.699945 0.270536 0.681729 0.0250969 0.403337 0.0944993 0.471498 0.230781 0.532546 0.847914 0.418789 0.409702 0.688553 0.220664 0.684871 0.232115 0.185096 0.846384 0.25357 0.166203 0.241941 0.414557 0.898204 0.547311 0.0783578 0.37969 0.786397 0.716251 0.593524 0.191288 0.614819 0.293469 0.461824 0.296548 0.318566 0.865161 0.391048 0.790064 0.0959416 0.923594 0.637978 0.51473 0.333296 0.326531 0.735395 0.0181674 0.558646 0.920491 0.864551 0.812216 0.0866938 0.106492 0.226773 0.984898 0.653803 0.305131 0.364588 0.4402 0.0213823 
70 25 6 57 7 45 56 
0.570147 0.958473 0.323798 0.360211 0.0544148 0.247392 0.998188 0.569145 0.580688 0.32472 0.30454 0.598855 0.883366 0.225031 0.463406 0.695582 0.311725 0.569898 0.922355 0.296623 0.223701 0.227486 0.661211 0.663901 0.248868 0.619323 0.29539 0.88507 0.870904 0.388702 0.81782 0.441051 0.347175 0.141617 0.801261 0.40159 0.389009 0.79945 0.970735 0.969697 0.124169 0.275275 0.568552 0.00753486 0.500305 0.0319579 0.703116 0.81203 0.601856 0.625471 0.108653 0.825557 0.852957 0.769863 0.489458 0.101826 0.389186 0.784848 0.986895 0.26009 0.17355 0.804715 0.70114 0.520725 0.946332 0.502401 0.922314 0.335341 0.301851 0.893049 0.305038 0.42602 0.168324 0.873589 0.433555 0.668629 0.905547 0.136672 0.480659 0.507403 0.762143 0.589312 0.33296 0.6151 0.359175 0.822418 0.716926 0.748361 0.607266 0.703821 0.00845066 0.780815 0.508536 0.709591 0.30154 0.454868 0.211992 0.223854 0.790209 0.513843 0.116903 0.0952468 0.939864 0.285227 0.968836 0.373419 0.953857 0.874383 0.510091 0.434516 0.381786 0.272234 0.0238284 0.714746 0.887334 0.383004 0.537164 0.60426 0.131365 0.144429 0.308082 0.139815 0.925245 0.816618 0.849406 0.226785 0.271486 0.0613982 
71 48 0 9 19 63 5 
0.85277 0.125778 0.888524 0.806626 0.00016157 0.398614 0.241143 0.381948 0.670848 0.264971 0.0966938 0.558182 0.647975 0.633858 0.162443 0.779339 0.778287 0.470524 0.919155 0.703532 0.287142 0.768561 0.930316 0.558628 0.829959 0.380955 0.620323 0.405201 0.948497 0.777266 0.920305 0.801267 0.903044 0.808829 0.607893 0.903205 0.207443 0.849036 0.285153 0.878291 0.114006 0.381847 0.436474 0.761981 0.0157045 0.598916 0.541321 0.793991 0.0694404 0.460475 0.497523 0.356582 0.229036 0.427839 0.91521 0.0589956 0.808794 0.535534 0.464196 0.757291 0.312799 0.384501 0.558557 0.215843 0.193331 0.16645 0.119048 0.400774 0.0154859 0.404202 0.279065 0.129492 0.786049 0.715539 0.891473 0.801753 0.314456 0.432794 0.595744 0.383896 0.893269 0.0932674 0.740478 0.122306 0.521106 0.655689 0.181301 0.3299 0.191222 0.645497 0.0871911 0.504021 0.0299988 0.645749 0.719864 0.223329 0.812199 0.838913 0.624103 0.827685 0.243114 0.903169 0.957177 0.0291628 0.618708 0.848651 0.830916 0.933163 0.281445 0.42666 0.317059 0.174714 0.519928 0.0575376 0.29702 0.0410341 0.713226 0.478321 0.370934 0.904448 0.123818 0.458125 0.40847 0.153817 0.103874 0.128334 0.377146 0.916073 
72 8 7 11 64 68 21 
0.239524 0.523126 0.549586 0.0704398 0.45629 0.83103 0.4971 0.773349 0.00574408 0.0170278 0.830886 0.302764 0.0580619 0.544113 0.781085 0.428996 0.448561 0.904903 0.887122 0.857031 0.05872 0.990996 0.985365 0.435866 0.907069 0.952612 0.437116 0.650827 0.162973 0.341534 0.351761 0.402497 0.86466 0.901347 0.472936 0.32095 0.732377 0.970037 0.0942987 0.738121 0.987064 0.925185 0.040885 0.0451263 0.469298 0.82197 0.474123 0.917859 0.726873 0.361244 0.77489 0.785592 0.35224 0.760255 0.221459 0.259309 0.712866 0.658575 0.910135 0.875839 0.000109025 0.261897 0.278336 0.864769 0.163244 0.751272 0.185719 0.895621 0.721309 0.280018 0.633742 0.708373 0.205203 0.674627 0.753499 0.674501 0.496597 0.227622 0.59236 0.223469 0.588866 0.36725 0.0090619 0.941106 0.127505 0.230521 0.200415 0.840371 0.889095 0.11055 0.71621 0.889204 0.372447 0.994546 0.753974 0.535691 0.745818 0.939693 0.431312 0.467126 0.219711 0.0650539 0.175499 0.424915 0.739681 0.928999 0.0994157 0.236278 0.15662 0.691776 0.459748 0.745486 0.0590258 0.468809 0.686592 0.18653 0.69933 0.887007 0.0269015 0.588426 0.997557 0.743112 0.47763 0.370004 0.737657 0.231604 0.905695 0.483475 
73 51 9 37 62 60 16 
0.815923 0.141741 0.0550996 0.915339 0.37802 0.21172 0.607115 0.837767 0.957206 0.66614 0.306577 0.643799 0.852671 0.00590677 0.530806 0.879572 0.594332 0.528363 0.622684 0.0719626 0.898367 0.360341 0.303567 0.804062 0.843817 0.474864 0.141069 0.794418 0.865872 0.543129 0.920519 0.681795 0.68487 0.975619 0.597134 0.0628898 0.187339 0.204249 0.900657 0.144545 0.870389 0.207234 0.788344 0.72306 0.21314 0.31915 0.602632 0.807473 0.847513 0.225316 0.879435 0.745881 0.585657 0.183002 0.549943 0.429474 0.657866 0.691012 0.223892 0.523738 0.23414 0.144412 0.205533 0.919011 0.120031 0.802667 0.9819 0.307369 0.00691594 0.882557 0.451915 0.877305 0.0897908 0.240259 0.600364 0.302931 0.559409 0.202996 0.110404 0.406922 0.428312 0.989839 0.152803 0.0139695 0.172841 0.702746 0.443443 0.830707 0.393758 0.667335 0.354445 0.627898 0.811747 0.559978 0.546909 0.931777 0.362645 0.528809 0.239147 0.369561 0.411366 0.691062 0.246866 0.501157 0.93132 0.847231 0.804088 0.490729 0.0502271 0.914492 0.897651 0.478539 0.904331 0.0504539 0.492509 0.077172 0.7532 0.935952 0.907879 0.146957 0.603288 0.262323 0.774855 0.415035 0.822301 0.321764 0.346812 0.184947 
74 43 35 75 64 8 53 
0.763096 0.208341 0.648605 0.567185 0.69907 0.698832 0.481677 0.596721 0.177371 0.386008 0.647175 0.66988 0.46318 0.400375 0.605833 0.371059 0.547332 0.20912 0.633382 0.322188 0.624155 0.455683 0.643951 0.970967 0.64063 0.494524 0.556926 0.195138 0.756463 0.833947 0.996512 0.51956 0.0422883 0.645117 0.0867443 0.741359 0.343949 0.568421 0.33808 0.521321 0.954429 0.985255 0.191201 0.417609 0.38563 0.797034 0.788667 0.932963 0.00615406 0.422049 0.25515 0.630309 0.877732 0.899102 0.601276 0.518362 0.393626 0.158203 0.7135 0.150089 0.99215 0.710012 0.669649 0.034438 0.35513 0.756393 0.775797 0.699079 0.324814 0.113876 0.2204 0.279243 0.0991314 0.411601 0.696852 0.484762 0.208634 0.485519 0.417724 0.214788 0.907568 0.672874 0.845097 0.7853 0.571976 0.446374 0.303662 0.965602 0.604576 0.0171623 0.115691 0.596726 0.727175 0.78534 0.631164 0.0823044 0.541734 0.406961 0.781383 0.866548 0.520837 0.00178278 0.145791 0.619968 0.413383 0.842642 0.10473 0.622018 0.328161 0.522454 0.836806 0.235729 0.195329 0.681904 0.0210292 0.767305 0.128277 0.324691 0.732907 0.732854 0.341854 0.848598 0.32958 0.0690285 0.633938 0.960744 0.151333 0.175672 
75 10 50 25 65 82 5 
0.50851 0.347882 0.0306526 0.61324 0.9699 0.358814 0.135694 0.806706 0.594543 0.331023 0.48861 0.615572 0.0983279 0.616887 0.940263 0.831235 0.349741 0.282117 0.679833 0.679321 0.351146 0.313771 0.640065 0.502478 0.489443 0.00776929 0.435195 0.531663 0.896311 0.369693 0.719673 0.404821 0.717576 0.750326 0.0180613 0.687476 0.10914 0.153756 0.494182 0.703682 0.484779 0.982792 0.319254 0.583107 0.599679 0.259518 0.414342 0.949419 0.541635 0.0941745 0.62874 0.89278 0.407946 0.268805 0.395259 0.897389 0.276574 0.830454 0.429052 0.172885 0.200147 0.148725 0.577706 0.917723 0.899051 0.595767 0.605199 0.00819077 0.749523 0.0993804 0.711873 0.234302 0.0821719 0.0311274 0.817409 0.68185 0.290645 0.23175 0.63127 0.83228 0.325925 0.26001 0.72506 0.733871 0.528814 0.120319 0.63126 0.805388 0.950773 0.060312 0.978273 0.15092 0.209037 0.555979 0.0686427 0.108089 0.151746 0.673841 0.116279 0.901269 0.773222 0.828152 0.135571 0.855393 0.85928 0.95298 0.537244 0.149925 0.18473 0.168514 0.982205 0.510655 0.428524 0.707265 0.244525 0.957338 0.827585 0.875785 0.762726 0.778358 0.936097 0.740999 0.929278 0.145134 0.296978 0.99792 0.253223 0.448724 
76 75 38 17 1 71 78 
0.438543 0.83762 0.20686 0.623273 0.00613413 0.189065 0.133927 0.434658 0.89633 0.378453 0.391995 0.723915 0.254238 0.154721 0.502272 0.190335 0.89572 0.43155 0.335469 0.192698 0.42947 0.588692 0.641422 0.101231 0.958195 0.991415 0.546214 0.155849 0.476978 0.846591 0.212784 0.915521 0.684211 0.419644 0.538794 0.690345 0.608708 0.672722 0.125003 0.505038 0.0511745 0.516998 0.228953 0.305412 0.67172 0.731226 0.495747 0.56744 0.162776 0.831216 0.760138 0.592246 0.419909 0.40156 0.693477 0.378103 0.392975 0.239691 0.533952 0.869953 0.086282 0.746737 0.785474 0.770493 0.16638 0.324269 0.460838 0.775089 0.99699 0.585841 0.280127 0.0481649 0.102839 0.50908 0.353577 0.774559 0.240306 0.849324 0.341999 0.403082 0.680541 0.102137 0.995327 0.100449 0.503697 0.688804 0.478552 0.896672 0.928496 0.012505 0.766625 0.0147776 0.759241 0.552099 0.785271 0.925622 0.876367 0.246109 0.70071 0.873358 0.83195 0.980838 0.921523 0.93479 0.489918 0.2751 0.709349 0.730224 0.124424 0.0513482 0.133306 0.804965 0.153486 0.128633 0.905414 0.657183 0.817437 0.383967 0.553855 0.745932 0.396472 0.32048 0.76071 0.155713 0.872579 0.545981 0.0813349 0.748946 
77 39 61 3 22 57 1 
0.55883 0.252801 0.818927 0.268178 0.983025 0.943351 0.319527 0.11633 0.748316 0.473012 0.244963 0.65373 0.130195 0.0623998 0.0376965 0.68405 0.808332 0.434168 0.00453009 0.569042 0.589881 0.877109 0.115023 0.671216 0.626055 0.907113 0.453261 0.248359 0.531152 0.216144 0.792186 0.0899819 0.468945 0.611113 0.35816 0.45197 0.554463 0.677687 0.5683 0.302779 0.150699 0.813263 0.956509 0.280895 0.875663 0.994205 0.964945 0.683995 0.428373 0.969475 0.253037 0.0182547 0.846584 0.36806 0.689471 0.472639 0.275173 0.142732 0.720998 0.806325 0.358877 0.513184 0.896307 0.827822 0.124297 0.254467 0.279791 0.67876 0.932154 0.848091 0.981539 0.0828534 0.661354 0.938048 0.363748 0.537017 0.932253 0.328693 0.221012 0.360626 0.298168 0.474049 0.378881 0.144752 0.842109 0.0683518 0.617391 0.117281 0.211084 0.338389 0.923606 0.569961 0.851573 0.819913 0.397782 0.975869 0.07438 0.677573 0.654629 0.00653419 0.525665 0.636168 0.0893876 0.187019 0.574215 0.453136 0.724035 0.506468 0.781828 0.945047 0.867094 0.0799964 0.419095 0.245975 0.224748 0.261204 0.314327 0.842139 0.378485 0.525411 0.180527 0.302091 0.095372 0.0321002 0.122004 0.493154 0.00796943 0.196384 
78 7 54 2 9 38 74 
0.883411 0.872982 0.745441 0.607446 0.37945 0.52727 0.552493 0.246544 0.607266 0.971588 0.492519 0.832014 0.232792 0.806847 0.674153 0.611277 0.332258 0.85468 0.913368 0.42763 0.886781 0.0353715 0.920784 0.89475 0.231755 0.0915118 0.557349 0.434673 0.787904 0.856115 0.726979 0.671315 0.729096 0.47242 0.278761 0.108546 0.99969 0.831253 0.35509 0.606956 0.802841 0.847609 0.43897 0.0356328 0.654456 0.113123 0.646909 0.986714 0.967804 0.560277 0.414344 0.854584 0.595649 0.335128 0.749334 0.827404 0.42664 0.306683 0.262077 0.214544 0.162798 0.989057 0.885859 0.891894 0.461477 0.164619 0.000439953 0.461167 0.995872 0.35553 0.0681231 0.798713 0.203139 0.507093 0.834346 0.857596 0.620217 0.481256 0.84431 0.588021 0.0415328 0.258654 0.442605 0.637182 0.593782 0.191939 0.464586 0.0204221 0.498622 0.726663 0.234966 0.66142 0.71572 0.120825 0.553314 0.177196 0.285444 0.553754 0.638363 0.281316 0.909284 0.706487 0.0800298 0.112424 0.21358 0.914376 0.970019 0.833797 0.395632 0.814329 0.421817 0.437164 0.0729824 0.864422 0.074346 0.666764 0.0563619 0.538932 0.687186 0.554984 0.265595 0.922153 0.216404 0.981314 0.0429774 0.769719 0.158511 0.328421 
79 26 33 46 16 18 81 
0.34518 0.716941 0.604144 0.315199 0.550738 0.999775 0.129528 0.972555 0.43694 0.20251 0.836977 0.511286 0.869275 0.893339 0.0502174 0.556461 0.448324 0.315812 0.478614 0.664728 0.297126 0.521591 0.434447 0.455637 0.850013 0.75792 0.252511 0.459751 0.990676 0.755872 0.149518 0.335857 0.472812 0.753662 0.651056 0.02355 0.753438 0.780584 0.996105 0.190377 0.983094 0.833082 0.701663 0.852369 0.726422 0.751881 0.40883 0.174745 0.0676926 0.887444 0.839473 0.364819 0.409035 0.27392 0.820456 0.259048 0.0318398 0.0729669 0.718799 0.0225161 0.828839 0.868317 0.358373 0.301651 0.621979 0.00942882 0.325201 0.375417 0.790013 0.321306 0.565794 0.773107 0.154388 0.267457 0.625476 0.88081 0.019338 0.0343067 0.0555554 0.0870306 0.921751 0.895029 0.45185 0.330786 0.168949 0.272305 0.589834 0.200789 0.345272 0.308633 0.223305 0.174111 0.17695 0.581678 0.475762 0.798929 0.591107 0.800963 0.174346 0.38112 0.122269 0.74014 0.154227 0.276658 0.00759766 0.779703 0.157468 0.0269357 0.81401 0.213023 0.113966 0.735761 0.108052 0.565816 0.066547 0.277001 0.838121 0.656381 0.47779 0.183393 0.965014 0.701095 0.357504 0.141964 0.282773 0.833266 0.940894 0.87388 
80 82 48 75 70 78 14 
0.0331564 0.862978 0.188929 0.190624 0.889914 0.00293916 0.403647 0.00387992 0.7387 0.511699 0.569696 0.805247 0.7887 0.407817 0.461628 0.26649 0.59121 0.426643 0.967586 0.948715 0.568607 0.250359 0.781981 0.509501 0.124239 0.416211 0.624741 0.379238 0.172709 0.480121 0.788464 0.205866 0.343099 0.977393 0.39649 0.233013 0.980332 0.800137 0.236893 0.719032 0.311836 0.806588 0.524279 0.100537 0.214405 0.985908 0.367027 0.805616 0.41255 0.334613 0.75433 0.981157 0.584971 0.536311 0.490658 0.70921 0.952522 0.115399 0.0884477 0.125231 0.59552 0.876912 0.331097 0.938619 0.854305 0.727586 0.171632 0.834637 0.527723 0.408525 0.55367 0.83956 0.215113 0.077949 0.940096 0.429519 0.0638565 0.307123 0.235134 0.476407 0.641736 0.989465 0.457564 0.226707 0.525776 0.948222 0.935917 0.478298 0.0636212 0.0243644 0.603529 0.659141 0.901276 0.934625 0.597761 0.755581 0.662212 0.769393 0.590218 0.189935 0.177918 0.143888 0.0294946 0.393031 0.221837 0.969591 0.82255 0.285694 0.276714 0.0576845 0.7621 0.918449 0.047149 0.219664 0.145156 0.572925 0.167886 0.0810729 0.0512223 0.231507 0.105437 0.654751 0.890649 0.00671329 0.589376 0.48841 0.762294 0.251588 
81 25 56 44 13 38 72 
0.828753 0.718238 0.440608 0.651303 0.00393119 0.717322 0.708987 0.766031 0.635771 0.756136 0.985695 0.780927 0.329061 0.153582 0.862 0.380283 0.385089 0.967437 0.0350342 0.275738 0.97415 0.62441 0.764148 0.736445 0.875998 0.0219505 0.0889572 0.317521 0.457672 0.585358 0.788538 0.286424 0.303595 0.229146 0.937727 0.307527 0.946468 0.646714 0.073558 0.582238 0.40285 0.0592535 0.363165 0.731912 0.212835 0.225165 0.112195 0.597924 0.192602 0.147229 0.873662 0.166752 0.771639 0.637809 0.903197 0.647637 0.65976 0.992154 0.965158 0.117431 0.577512 0.753696 0.403856 0.881107 0.982842 0.341583 0.188634 0.92931 0.988297 0.262192 0.511548 0.391148 0.321445 0.874714 0.123059 0.534281 0.0998788 0.235254 0.132205 0.292481 0.382483 0.00586651 0.459233 0.154122 0.643676 0.36243 0.80176 0.303436 0.354585 0.766918 0.420867 0.932097 0.520614 0.824723 0.813204 0.503457 0.166306 0.00183794 0.432767 0.154603 0.26403 0.944315 0.54575 0.585475 0.819029 0.668809 0.119756 0.918908 0.904063 0.251961 0.211388 0.286546 0.257827 0.670622 0.440668 0.901503 0.0330521 0.242428 0.204939 0.387637 0.00934596 0.625806 0.319733 0.52996 0.450529 0.132937 0.0334169 0.616835 
82 65 9 3 67 42 71 
0.98428 0.229527 0.985997 0.104036 0.148435 0.89006 0.355997 0.359823 0.176606 0.613824 0.0304451 0.617275 0.515328 0.0634972 0.859703 0.720266 0.451134 0.869049 0.346072 0.770867 0.399009 0.796601 0.903804 0.432426 0.413436 0.0385793 0.898609 0.184873 0.437384 0.309108 0.502061 0.421665 0.538635 0.488058 0.525701 0.68707 0.378118 0.881698 0.0468938 0.554724 0.495523 0.0773389 0.171999 0.0108504 0.140836 0.0317014 0.731117 0.59197 0.90075 0.077189 0.362837 0.299759 0.87379 0.266641 0.732184 0.287226 0.305221 0.630794 0.472099 0.742605 0.939902 0.97416 0.16427 0.478537 0.462218 0.689971 0.165608 0.840336 0.571669 0.212502 0.39506 0.0671922 0.28984 0.567059 0.0780426 0.430677 0.598761 0.809159 0.0226465 0.49951 0.886348 0.385483 0.799269 0.760138 0.652125 0.531454 0.0473645 0.957345 0.162247 0.519464 0.69995 0.102149 0.493624 0.86422 0.580686 0.955842 0.55419 0.746294 0.796178 0.12586 0.958796 0.191239 0.193052 0.248636 0.758298 0.271094 0.679313 0.357058 0.0802536 0.701959 0.856569 0.966602 0.0874425 0.655838 0.72674 0.739567 0.187292 0.774105 0.696912 0.349539 0.293568 0.396862 0.451688 0.787192 0.261082 0.0323749 0.743035 0.815272 
