71 3
0 1 1 1 1 1 1 0 1 1 0 0 1 1 0 1 0 1 1 0 0 0 0 0 1 0 1 1 0 1 0 1 0 0 1 0 0 1 1 1 1 0 0 0 1 1 0 0 1 0 0 0 1 1 0 1 0 0 1 1 1 1 1 0 0 1 1 0 1 0 0 
0 60 25 
0.471032 0.627908 0.479715 0.70546 0.91499 0.484805 0.628813 0.00275273 
1 59 58 
0.552947 0.847817 0.161914 0.785937 0.720698 0.248084 0.646944 0.813241 
2 50 40 
0.888419 0.924872 0.254741 0.715838 0.745108 0.342469 0.717955 0.772883 
3 43 46 
0.243914 0.627155 0.532373 0.949374 0.542145 0.017178 0.578188 0.544897 
4 69 8 
0.0978447 0.37412 0.431587 0.883782 0.0948173 0.679671 0.530726 0.908058 
5 0 44 
0.570455 0.135555 0.561551 0.825196 0.851392 0.306659 0.167665 0.569347 
6 13 53 
0.622006 0.323456 0.794067 0.154379 0.27283 0.336212 0.171557 0.851018 
7 61 25 
0.120691 0.978954 0.0719792 0.552279 0.862736 0.166797 0.23195 0.393461 
8 48 63 
0.0301404 0.64531 0.614641 0.591691 0.470506 0.466033 0.898351 0.63817 
9 38 25 
0.805082 0.657386 0.301349 0.59915 0.811765 0.574179 0.935361 0.983323 
10 48 33 
0.681182 0.545888 0.795424 0.753161 0.098167 0.65816 0.919958 0.330117 
11 14 63 
0.809203 0.0817612 0.640122 0.423844 0.673453 0.110627 0.889877 0.571803 
12 5 63 
0.549696 0.55388 0.582644 0.851044 0.15303 0.394409 0.425224 0.0883911 
13 69 12 
0.904861 0.0589136 0.396309 0.700286 0.812075 0.494476 0.358445 0.732032 
14 29 37 
0.726845 0.633796 0.491827 0.366966 0.0576397 0.16528 0.477594 0.947516 
15 59 21 
0.872774 0.286779 0.780272 0.455417 0.137823 0.933302 0.849827 0.563047 
16 56 19 
0.413467 0.926554 0.286472 0.809776 0.62684 0.0985465 0.304252 0.985285 
17 30 52 
0.395351 0.557423 0.762641 0.887178 0.92439 0.820281 0.052458 0.401984 
18 42 61 
0.628375 0.640571 0.0763197 0.408647 0.0959884 0.214143 0.341949 0.945815 
19 32 12 
0.173373 0.190657 0.290197 0.459845 0.000433091 0.917037 0.558392 0.304685 
20 51 17 
0.43353 0.297673 0.946394 0.196171 0.184851 0.870783 0.0164518 0.237309 
21 45 39 
0.0268501 0.901142 0.42482 0.10317 0.30979 0.520808 0.317313 0.651739 
22 48 14 
0.0153813 0.639997 0.285159 0.305578 0.0998416 0.285592 0.222615 0.658233 
23 28 41 
0.0238075 0.422609 0.993597 0.219979 0.607461 0.864381 0.23643 0.84477 
24 26 70 
0.87162 0.0382902 0.445499 0.97479 0.34808 0.966308 0.292102 0.999819 
25 8 21 
0.0152005 0.0729276 0.671764 0.320778 0.172769 0.957356 0.543393 0.831002 
26 2 64 
0.878206 0.571441 0.0909392 0.871803 0.79142 0.6984 0.736183 0.0278503 
27 3 15 
0.0485298 0.41479 0.911621 0.494029 0.389579 0.259701 0.460337 0.681682 
28 6 5 
0.0682862 0.274721 0.966196 0.74005 0.595499 0.138965 0.697406 0.138893 
29 43 48 
0.807222 0.848173 0.816481 0.898162 0.719976 0.607901 0.596562 0.456159 
30 16 4 
0.329491 0.684281 0.554521 0.241112 0.178311 0.9441 0.500813 0.638648 
31 62 41 
0.531916 0.694068 0.035055 0.498112 0.434118 0.630554 0.637077 0.131525 
32 53 54 
0.57667 0.455217 0.193046 0.474831 0.175193 0.800947 0.0713928 0.631352 
33 21 26 
0.960843 0.12098 0.765645 0.201955 0.29929 0.709745 0.702769 0.937938 
34 52 5 
0.469853 0.0295954 0.498158 0.967965 0.463714 0.128712 0.605042 0.595238 
35 58 68 
0.971803 0.474829 0.667303 0.164849 0.94966 0.842496 0.965795 0.0210526 
36 25 26 
0.232177 0.434692 0.523473 0.997822 0.636647 0.822763 0.707567 0.339415 
37 17 5 
0.802518 0.230554 0.0726896 0.300675 0.198519 0.536403 0.429387 0.803561 
38 12 53 
0.0156471 0.103444 0.802375 0.68295 0.268293 0.752035 0.525446 0.234088 
39 32 46 
0.636582 0.00526424 0.433986 0.160055 0.00308597 0.0706324 0.982818 0.710653 
40 10 13 
0.753747 0.212565 0.974073 0.826437 0.513241 0.172593 0.36284 0.942628 
41 55 69 
0.270175 0.991801 0.597926 0.0725498 0.674751 0.866218 0.824585 0.200197 
42 60 24 
0.199491 0.736888 0.602937 0.633477 0.896943 0.606022 0.704109 0.879762 
43 32 50 
0.623281 0.0704228 0.326722 0.597354 0.89686 0.839963 0.769947 0.2597 
44 47 8 
0.754181 0.0527661 0.737902 0.352107 0.125316 0.412653 0.218326 0.949901 
45 30 66 
0.547573 0.812341 0.0555208 0.150509 0.445818 0.952464 0.756532 0.149927 
46 4 58 
0.264084 0.455506 0.14363 0.590806 0.0528601 0.04049 0.43077 0.822807 
47 57 49 
0.568908 0.0543714 0.266127 0.306809 0.406479 0.391443 0.719462 0.624804 
48 3 66 
0.943437 0.888917 0.144653 0.998958 0.0394261 0.59047 0.951422 0.795958 
49 2 62 
0.869166 0.00448107 0.239154 0.0127958 0.595287 0.292014 0.0532858 0.026057 
50 53 36 
0.239418 0.683728 0.407847 0.505545 0.990537 0.814326 0.896988 0.709999 
51 70 62 
0.0423114 0.382567 0.127249 0.186964 0.381525 0.166675 0.777434 0.332946 
52 36 3 
0.116594 0.831799 0.522313 0.355747 0.844595 0.1176 0.647761 0.89788 
53 31 44 
0.251356 0.383075 0.446309 0.659203 0.88862 0.436847 0.473529 0.785609 
54 70 48 
0.0239411 0.189157 0.295226 0.15119 0.376121 0.676751 0.317865 0.153556 
55 26 35 
0.671387 0.126291 0.112297 0.1937 0.482038 0.956892 0.3113 0.129799 
56 25 0 
0.89238 0.106128 0.838032 0.33869 0.765331 0.726653 0.775536 0.23886 
57 51 25 
0.151519 0.536203 0.11154 0.446745 0.687393 0.487661 0.123496 0.00525793 
58 27 21 
0.285756 0.312604 0.259484 0.398053 0.506304 0.741522 0.354945 0.817604 
59 52 39 
0.272562 0.763701 0.315845 0.110594 0.102391 0.0811761 0.837246 0.877927 
60 65 66 
0.800309 0.471555 0.88571 0.911849 0.918301 0.573103 0.39951 0.0417973 
61 7 19 
0.174991 0.864117 0.353331 0.434475 0.262171 0.859636 0.175997 0.617116 
62 6 54 
0.826833 0.949802 0.81102 0.142678 0.0603954 0.91341 0.223854 0.897642 
63 27 26 
0.247149 0.591647 0.0154454 0.132859 0.503495 0.933746 0.705962 0.903005 
64 39 29 
0.943732 0.150534 0.14844 0.297064 0.585009 0.410611 0.1567 0.761006 
65 17 42 
0.808324 0.854559 0.783742 0.619344 0.997237 0.844137 0.532754 0.221091 
66 62 64 
0.764981 0.988928 0.915738 0.780426 0.121787 0.419234 0.714173 0.82775 
67 43 17 
0.112073 0.265972 0.840251 0.260514 0.563035 0.42526 0.671125 0.719735 
68 35 53 
0.553675 0.99459 0.553411 0.337416 0.613934 0.550648 0.181553 0.146689 
69 45 28 
0.47078 0.53672 0.91226 0.386519 0.317146 0.0340472 0.805753 0.0313187 
70 62 68 
0.721035 0.97387 0.393963 0.561285 0.234384 0.956999 0.986545 0.905508 
