18 7
1 0 1 0 0 0 1 0 0 1 0 1 1 0 0 1 1 1 
0 7 6 15 9 10 13 
0.574369 0.0302595 0.651981 0.131133 0.949664 0.99264 0.104816 0.84709 0.204834 0.316231 0.201519 0.0551899 0.706286 0.0768027 0.35298 0.69649 0.442206 0.706769 0.656705 0.0347909 0.916878 0.489255 0.405169 0.191171 0.901093 0.407539 0.507724 0.00135815 0.845862 0.672405 0.20379 0.420231 0.702665 0.855771 0.551364 0.652329 0.848411 0.656179 0.499419 0.0532445 0.97241 0.700938 0.108434 0.678696 0.777741 0.461415 0.375186 0.219946 0.168184 0.0318907 0.254737 0.0850615 0.521146 0.659906 0.276232 0.422239 0.0674453 0.783956 0.423597 0.913307 0.456361 0.627387 0.333538 0.159026 0.483158 0.884902 0.811355 0.331568 0.541082 0.310774 0.384813 0.513492 0.0117116 0.493247 0.192188 0.789452 0.954662 0.567374 0.00939862 0.122846 0.599264 0.264136 0.207907 0.12041 0.924042 0.48414 0.54265 0.991487 0.268096 0.966247 0.904794 0.724457 0.593634 0.238333 0.883483 0.0767915 0.123235 0.694838 0.40836 0.664316 0.00561169 0.793173 0.177808 0.0173233 0.28642 0.369996 0.806776 0.241082 0.937369 0.816174 0.363928 0.536634 0.08031 0.571835 0.657044 0.00435181 0.0559745 0.199694 0.995839 0.32407 0.16594 0.900633 0.0485271 0.759574 0.138966 0.93201 0.836366 0.262201 
1 14 13 8 12 2 7 
0.47432 0.456559 0.5654 0.41169 0.272733 0.929328 0.948323 0.353043 0.501163 0.605367 0.357395 0.557137 0.805061 0.353234 0.881207 0.971001 0.253867 0.929735 0.730575 0.392833 0.861745 0.566941 0.655033 0.488593 0.811667 0.58155 0.121053 0.849565 0.685875 0.770836 0.173883 0.160195 0.227395 0.739283 0.571885 0.500128 0.668611 0.520208 0.853171 0.169774 0.125575 0.210566 0.726911 0.930636 0.5638 0.608119 0.901637 0.817667 0.537853 0.632213 0.2105 0.399598 0.199154 0.865533 0.888191 0.0108208 0.447083 0.00924458 0.860386 0.132958 0.780081 0.0342694 0.293153 0.00747628 0.773553 0.865038 0.507605 0.442164 0.385246 0.360776 0.611938 0.510821 0.571342 0.33885 0.441457 0.135142 0.946969 0.343095 0.952809 0.484822 0.975307 0.163309 0.88442 0.174461 0.0288415 0.772612 0.185282 0.475925 0.781856 0.0456677 0.608883 0.561937 0.0799371 0.902036 0.569414 0.85349 0.767074 0.0770182 0.295654 0.15232 0.437794 0.907592 0.663142 0.00913616 0.246442 0.104599 0.144278 0.193411 0.447694 0.0970871 0.678233 0.423001 0.260396 0.562653 0.597462 0.289237 0.335265 0.782743 0.765162 0.117121 0.828411 0.374044 0.679058 0.908348 0.27608 0.248472 0.761838 0.0431539 
2 7 10 1 15 5 3 
0.211526 0.963215 0.916699 0.404937 0.410908 0.0137856 0.0831694 0.833909 0.274181 0.645822 0.43137 0.563418 0.981087 0.214114 0.32858 0.0982077 0.0425249 0.702624 0.777266 0.950873 0.978704 0.0257379 0.712711 0.0218582 0.351228 0.770203 0.217332 0.114512 0.735288 0.0759478 0.886932 0.946814 0.0391624 0.803631 0.351751 0.450071 0.817417 0.43492 0.283979 0.0915979 0.0807423 0.71535 0.655016 0.0618291 0.929464 0.983597 0.160037 0.971989 0.686221 0.937303 0.922862 0.664925 0.963041 0.635573 0.686783 0.314269 0.405776 0.904116 0.428781 0.141063 0.980063 0.315713 0.0878774 0.0192257 0.119344 0.439628 0.469296 0.936761 0.874548 0.753276 0.0283588 0.95529 0.468626 0.683375 0.0171195 0.398089 0.666972 0.177156 0.370078 0.353193 0.114459 0.29294 0.0181177 0.0774998 0.928512 0.704901 0.391769 0.334288 0.609017 0.820549 0.475352 0.58908 0.136263 0.563229 0.608306 0.255607 0.00285724 0.0776017 0.192368 0.877405 0.830877 0.220727 0.832696 0.299503 0.904102 0.849815 0.697592 0.571074 0.0269715 0.06767 0.924266 0.141431 0.36061 0.942384 0.21893 0.289122 0.647285 0.610699 0.62341 0.256301 0.431248 0.098762 0.845381 0.567511 0.661991 0.453687 0.823118 0.664848 
3 4 6 0 1 7 2 
0.711389 0.251736 0.426931 0.635655 0.393167 0.787541 0.578039 0.612097 0.0766626 0.225324 0.222796 0.700073 0.481625 0.654044 0.798835 0.327007 0.221555 0.460826 0.780694 0.0446734 0.125674 0.311982 0.0601595 0.667928 0.674148 0.296372 0.0428775 0.335817 0.436687 0.267642 0.695078 0.148076 0.519379 0.122009 0.783731 0.912545 0.90955 0.36177 0.524643 0.986212 0.587094 0.747439 0.686285 0.0687195 0.401483 0.48512 0.395726 0.623038 0.945946 0.17642 0.667712 0.0716198 0.488402 0.727871 0.739548 0.16255 0.0242439 0.782425 0.498367 0.460931 0.0500676 0.193445 0.609007 0.569446 0.315454 0.392739 0.481992 0.225004 0.754509 0.00663424 0.211216 0.341603 0.754073 0.897501 0.410322 0.155556 0.382621 0.806048 0.778595 0.328566 0.982468 0.446306 0.400186 0.47087 0.174178 0.139734 0.63342 0.198422 0.922159 0.131787 0.659353 0.972226 0.325232 0.26836 0.541673 0.640686 0.661099 0.0236642 0.86569 0.415608 0.0302985 0.076906 0.75721 0.784371 0.974407 0.167533 0.939928 0.357027 0.973581 0.718522 0.685594 0.956049 0.164829 0.0857794 0.426919 0.339006 0.225513 0.0603395 0.537428 0.147672 0.192127 0.196781 0.119898 0.517359 0.465142 0.661571 0.158045 0.126241 
4 6 10 8 9 14 16 
0.0750484 0.466591 0.439833 0.432076 0.440172 0.158355 0.117669 0.396221 0.323183 0.203449 0.823141 0.66219 0.428962 0.88348 0.199618 0.576634 0.0756069 0.396399 0.696532 0.592966 0.861541 0.358103 0.751011 0.987782 0.0433386 0.774747 0.52963 0.758872 0.875389 0.828689 0.258778 0.950437 0.295281 0.698611 0.382513 0.735453 0.856966 0.500182 0.131675 0.180149 0.703631 0.954815 0.842339 0.132593 0.838295 0.0419571 0.709226 0.913902 0.438356 0.405758 0.506868 0.299898 0.763862 0.25788 0.28768 0.8072 0.0326267 0.81731 0.566073 0.908015 0.645999 0.824851 0.858452 0.94128 0.523461 0.240965 0.676733 0.380427 0.741147 0.808408 0.560576 0.444778 0.763223 0.402915 0.577371 0.601519 0.444872 0.286597 0.515421 0.883228 0.692356 0.0222893 0.183126 0.456217 0.280169 0.470805 0.263418 0.312796 0.288115 0.829491 0.220811 0.934115 0.654341 0.0792633 0.875395 0.177802 0.320228 0.552128 0.558229 0.0613757 0.360536 0.118805 0.506154 0.12376 0.52172 0.0835246 0.725278 0.966592 0.370122 0.240699 0.84982 0.0624771 0.262989 0.032946 0.518694 0.543158 0.503751 0.782112 0.855953 0.791867 0.611603 0.0767643 0.725982 0.265944 0.156028 0.601377 0.443746 0.476256 
5 3 7 6 15 9 1 
0.6425 0.12731 0.363079 0.609092 0.497432 0.603779 0.458912 0.559909 0.866767 0.491858 0.0786033 0.409925 0.995609 0.860715 0.265878 0.787476 0.472318 0.342642 0.513458 0.738262 0.49867 0.114835 0.182008 0.974926 0.26834 0.183983 0.512558 0.782381 0.304763 0.556343 0.420182 0.947263 0.683654 0.783261 0.556354 0.181085 0.38704 0.0152659 0.740994 0.253807 0.507124 0.819598 0.663732 0.502733 0.680313 0.92961 0.290209 0.152631 0.272252 0.803667 0.890893 0.770922 0.918501 0.0729001 0.745848 0.186841 0.256883 0.258406 0.969222 0.561646 0.814749 0.389404 0.508908 0.498403 0.172665 0.0652628 0.679489 0.559705 0.0805287 0.420483 0.813512 0.587652 0.240081 0.477244 0.0903849 0.920394 0.406854 0.380594 0.0730247 0.679106 0.18426 0.963917 0.450029 0.102761 0.0368174 0.195877 0.289602 0.2937 0.454283 0.258824 0.855346 0.269032 0.648228 0.364254 0.767435 0.820894 0.429517 0.446924 0.380599 0.510046 0.867407 0.194111 0.0976981 0.107487 0.671356 0.188083 0.0278811 0.0782099 0.568677 0.100906 0.757316 0.752937 0.0648231 0.207345 0.855698 0.101641 0.403222 0.1453 0.395341 0.857504 0.404125 0.250687 0.126536 0.052353 0.614941 0.893971 0.873247 0.0444585 
6 3 8 0 13 17 15 
0.315789 0.119313 0.840285 0.34367 0.197523 0.408962 0.444576 0.954839 0.161899 0.509399 0.162184 0.0175971 0.61104 0.565405 0.162898 0.00638061 0.42291 0.567022 0.257067 0.549446 0.619375 0.872009 0.443417 0.492622 0.916467 0.784312 0.746467 0.470972 0.992614 0.194424 0.123174 0.308403 0.313737 0.96346 0.652074 0.51126 0.372422 0.0966497 0.466099 0.534321 0.606049 0.628282 0.551918 0.217089 0.193688 0.714815 0.223469 0.616597 0.281837 0.480537 0.166043 0.901213 0.352545 0.60946 0.393834 0.269013 0.393772 0.140302 0.739984 0.386387 0.334726 0.863158 0.69479 0.648463 0.826618 0.346864 0.159723 0.199039 0.443513 0.625822 0.73336 0.0495623 0.254104 0.285278 0.266651 0.447791 9.28552e-05 0.49012 0.0643885 0.28193 0.970657 0.230431 0.183143 0.323202 0.839891 0.576977 0.592215 0.233664 0.717279 0.332199 0.620051 0.0520057 0.195358 0.314841 0.700469 0.0219753 0.661704 0.860192 0.221015 0.105218 0.486014 0.954375 0.15478 0.740118 0.239652 0.421431 0.187909 0.239745 0.911551 0.252298 0.521675 0.882208 0.482729 0.704818 0.20541 0.322621 0.281796 0.797625 0.556284 0.999075 0.129824 0.176335 0.0510809 0.325182 0.491176 0.75155 0.347157 0.15288 
7 3 2 14 15 1 6 
0.837874 0.762199 0.834308 0.0257837 0.00194417 0.745859 0.278082 0.52362 0.628067 0.760811 0.228438 0.833477 0.0834314 0.510234 0.631103 0.639716 0.509309 0.760927 0.816051 0.56039 0.0861092 0.307227 0.31194 0.433266 0.460107 0.923682 0.00143844 0.718204 0.0214386 0.523985 0.131082 0.859313 0.286184 0.96539 0.885097 0.288128 0.71125 0.163178 0.811748 0.339317 0.923989 0.040186 0.172794 0.00742053 0.55042 0.803897 0.647136 0.059729 0.564824 0.463187 0.620119 0.650933 0.770414 0.932059 0.0841999 0.230521 0.855741 0.0856384 0.948725 0.87718 0.609623 0.0798067 0.736493 0.895808 0.0451969 0.621589 0.183936 0.756446 0.784768 0.995684 0.0957633 0.708757 0.0358697 0.268558 0.716177 0.58629 0.0724547 0.363314 0.646019 0.637279 0.826501 0.266138 0.288212 0.596915 0.198197 0.372412 0.827436 0.0539378 0.458051 0.776161 0.931118 0.0676742 0.855967 0.66761 0.963482 0.901164 0.2892 0.147418 0.657611 0.0739672 0.143101 0.753374 0.782724 0.178971 0.0219315 0.498901 0.765261 0.0943862 0.862215 0.411279 0.731665 0.688716 0.677417 0.0198776 0.285631 0.875614 0.39229 0.113067 0.929552 0.850341 0.889227 0.860669 0.918015 0.745194 0.528279 0.881497 0.646359 0.817479 
8 14 15 11 2 4 9 
0.173661 0.0352857 0.527527 0.905326 0.724001 0.204944 0.925204 0.00963219 0.0805577 0.317494 0.122699 0.0101092 0.167834 0.0119259 0.870778 0.0858493 0.75712 0.399058 0.967346 0.403479 0.216537 0.99626 0.707448 0.107983 0.168276 0.764791 0.782153 0.519263 0.844066 0.955224 0.63551 0.0177269 0.990509 0.163037 0.923053 0.714511 0.367981 0.848257 0.724143 0.448539 0.16575 0.846842 0.458648 0.333585 0.858768 0.329426 0.419434 0.615888 0.728484 0.38678 0.0193667 0.945021 0.38304 0.726815 0.0530034 0.551316 0.491606 0.835156 0.0705786 0.335672 0.79038 0.706089 0.353399 0.780889 0.869126 0.276452 0.4954 0.237106 0.124709 0.219543 0.685645 0.290459 0.0663848 0.144293 0.624044 0.925152 0.473719 0.0434777 0.54104 0.202203 0.430258 0.560407 0.147224 0.813298 0.287222 0.200228 0.364614 0.778828 0.0353838 0.435192 0.1145 0.825764 0.141281 0.467899 0.606653 0.0104064 0.744351 0.102053 0.247513 0.86906 0.321596 0.933158 0.159519 0.387981 0.0774513 0.783563 0.313133 0.551171 0.82704 0.854174 0.753374 0.257298 0.414581 0.900598 0.0705955 0.701802 0.100826 0.435209 0.48063 0.13621 0.870402 0.595131 0.961973 0.0116825 0.0630297 0.568626 0.0220889 0.807381 
9 4 16 6 13 11 15 
0.380257 0.280211 0.619522 0.69339 0.831382 0.446562 0.547564 0.584756 0.70386 0.962145 0.485355 0.774455 0.663947 0.586181 0.209665 0.144578 0.72239 0.0800663 0.739708 0.684364 0.0917488 0.802738 0.25299 0.113838 0.610119 0.92367 0.383439 0.286559 0.915946 0.586199 0.122519 0.296203 0.866411 0.742041 0.989593 0.697793 0.188603 0.537157 0.282549 0.892463 0.499302 0.767903 0.666918 0.163249 0.354084 0.876583 0.307827 0.076474 0.956649 0.0475355 0.760838 0.0483981 0.850273 0.0138279 0.162236 0.460392 0.937498 0.545675 0.746952 0.853443 0.131875 0.869471 0.149646 0.998285 0.611511 0.139239 0.696078 0.800114 0.676396 0.978626 0.692577 0.175699 0.74653 0.359495 0.338948 0.100613 0.236078 0.646775 0.177088 0.192728 0.694311 0.937925 0.241126 0.544584 0.951753 0.403361 0.00497626 0.889251 0.949037 0.751928 0.742694 0.0809112 0.621398 0.89234 0.0791964 0.23291 0.0315792 0.775274 0.0330241 0.707976 0.753901 0.725601 0.883674 0.50043 0.0850965 0.222622 0.601044 0.321175 0.869397 0.778131 0.513903 0.563708 0.716057 0.755028 0.108292 0.66781 0.15839 0.113268 0.55706 0.107426 0.865196 0.299755 0.188337 0.486594 0.192095 0.267534 0.719504 0.223674 
10 15 4 11 16 9 1 
0.563226 0.0379459 0.898182 0.884401 0.907343 0.676314 0.398303 0.471051 0.39237 0.153332 0.579343 0.0601799 0.311721 0.692611 0.61724 0.419148 0.557807 0.916995 0.607485 0.0444012 0.109089 0.875019 0.763905 0.332763 0.917827 0.516434 0.264413 0.714535 0.994563 0.0797367 0.011674 0.557789 0.117683 0.909857 0.44219 0.0250258 0.58617 0.840494 0.496077 0.97854 0.993825 0.0754194 0.0387204 0.305547 0.76803 0.655961 0.724694 0.325837 0.572956 0.332179 0.370238 0.682045 0.207198 0.134144 0.0148084 0.125025 0.650577 0.279221 0.83956 0.645141 0.358958 0.851234 0.20293 0.476641 0.761091 0.64512 0.501666 0.347261 0.485614 0.997743 0.325802 0.47944 0.0731626 0.364522 0.784986 0.841193 0.0204826 0.509681 0.16703 0.593438 0.84186 0.537268 0.275483 0.0490583 0.671412 0.290291 0.174083 0.321989 0.569513 0.0136435 0.96713 0.928471 0.864878 0.17006 0.405111 0.625969 0.81518 0.906778 0.97323 0.300794 0.904521 0.299031 0.780234 0.977684 0.663553 0.56522 0.818876 0.684036 0.0749012 0.985906 0.277474 0.916761 0.523174 0.552957 0.96582 0.194586 0.843248 0.139903 0.516575 0.412761 0.153546 0.483705 0.341232 0.0184242 0.653764 0.746343 0.644393 0.468945 
11 3 9 1 16 2 12 
0.580207 0.115194 0.354202 0.264243 0.190095 0.340108 0.541717 0.106856 0.863282 0.0946735 0.0726756 0.0578681 0.937922 0.212578 0.574443 0.350683 0.366125 0.0581473 0.691915 0.384549 0.711912 0.438259 0.0289417 0.180856 0.09138 0.646564 0.950596 0.649022 0.563218 0.500569 0.184348 0.143425 0.615762 0.538551 0.407668 0.805857 0.878659 0.949384 0.912713 0.741941 0.0440578 0.985389 0.799809 0.98198 0.197967 0.374252 0.332663 0.564092 0.4324 0.0245782 0.948641 0.144311 0.462837 0.977582 0.325168 0.554217 0.624147 0.275763 0.203239 0.187365 0.776332 0.387588 0.33079 0.392095 0.926138 0.738457 0.197952 0.804797 0.687842 0.110665 0.546738 0.731899 0.0960541 0.346548 0.713879 0.294021 0.7208 0.046542 0.858113 0.1532 0.0711202 0.806754 0.297511 0.533957 0.784337 0.622679 0.088174 0.408483 0.898442 0.291413 0.595848 0.674774 0.679001 0.926638 0.0668687 0.605139 0.665095 0.264821 0.409936 0.352937 0.375486 0.956675 0.0848359 0.47154 0.303222 0.798715 0.765561 0.0240225 0.845257 0.623675 0.177222 0.916377 0.430429 0.474733 0.450334 0.214766 0.0974114 0.538508 0.623249 0.995853 0.829922 0.219098 0.670627 0.508922 0.145735 0.737496 0.114061 0.81083 
12 0 15 8 10 16 9 
0.783894 0.0473178 0.614903 0.807917 0.892575 0.238578 0.985139 0.808952 0.669007 0.459872 0.259286 0.883773 0.557283 0.797795 0.507023 0.553137 0.627716 0.72612 0.223764 0.136639 0.871855 0.96126 0.2507 0.682686 0.963577 0.774698 0.846453 0.341379 0.25537 0.0950555 0.190721 0.039264 0.142373 0.805625 0.847181 0.0349481 0.0442029 0.83232 0.8439 0.71321 0.292192 0.103187 0.596983 0.849475 0.900981 0.104006 0.402611 0.528697 0.830126 0.626375 0.665336 0.701982 0.587636 0.916036 0.384667 0.551212 0.690734 0.23112 0.892591 0.946103 0.326176 0.0833126 0.985367 0.468549 0.888937 0.832548 0.503497 0.93314 0.664868 0.347397 0.64635 0.95706 0.450584 0.243334 0.806534 0.351565 0.34734 0.209146 0.880262 0.177466 0.835521 0.545599 0.879448 0.423157 0.461635 0.264115 0.974369 0.152368 0.495235 0.866961 0.0984716 0.821411 0.950273 0.0838389 0.28996 0.839211 0.916387 0.793457 0.772351 0.581255 0.140854 0.418701 0.538315 0.591438 0.662035 0.344849 0.943003 0.00937507 0.553995 0.823265 0.186841 0.389516 0.368864 0.0662889 0.812673 0.830498 0.330404 0.787043 0.982867 0.825639 0.654003 0.0813383 0.64705 0.604277 0.165177 0.93701 0.443487 0.0815643 
13 16 11 6 15 0 8 
0.462758 0.296574 0.545983 0.405761 0.305949 0.0999784 0.229026 0.492791 0.489495 0.59789 0.55908 0.302168 0.428388 0.889484 0.0892109 0.411255 0.715123 0.743214 0.492593 0.362173 0.347491 0.65777 0.299183 0.790978 0.739335 0.0296498 0.00681608 0.402154 0.90097 0.641355 0.603288 0.363729 0.93793 0.149272 0.76949 0.243879 0.24925 0.998516 0.73667 0.738745 0.596406 0.295749 0.0409131 0.024794 0.185233 0.130124 0.436049 0.900356 0.873338 0.928642 0.262529 0.220829 0.586412 0.561712 0.0118071 0.325747 0.591362 0.0186232 0.727901 0.492332 0.659978 0.331189 0.856061 0.597908 0.48046 0.625551 0.841787 0.729711 0.624067 0.578457 0.468455 0.220473 0.874206 0.509369 0.245267 0.0594394 0.639493 0.681316 0.959795 0.512831 0.609958 0.222324 0.73366 0.196369 0.784036 0.745467 0.522116 0.375398 0.76409 0.250017 0.86773 0.424068 0.581205 0.723792 0.0219766 0.061666 0.349343 0.863764 0.791377 0.97341 0.442221 0.259832 0.193883 0.316427 0.769201 0.43915 0.375867 0.408693 0.120466 0.335662 0.921524 0.730424 0.557986 0.655183 0.926793 0.342023 0.40065 0.448909 0.717421 0.16474 0.698926 0.585151 0.588809 0.280131 0.308943 0.610785 0.341797 0.658286 
14 2 8 3 5 9 16 
0.162206 0.264729 0.609065 0.570899 0.385195 0.944727 0.492423 0.115619 0.502713 0.147606 0.0424119 0.844736 0.548257 0.491321 0.562157 0.712997 0.190247 0.147308 0.301805 0.470378 0.456251 0.912591 0.812175 0.114537 0.38714 0.945349 0.746233 0.30391 0.338354 0.571811 0.537108 0.500561 0.83654 0.146173 0.0714597 0.221736 0.0908996 0.563883 0.337354 0.593613 0.711489 0.379766 0.438349 0.259746 0.871087 0.000506155 0.972742 0.0613339 0.147815 0.274548 0.531712 0.604066 0.187139 0.343887 0.718603 0.574278 0.289236 0.464836 0.878189 0.62759 0.0366469 0.415297 0.12815 0.873187 0.561469 0.19961 0.094923 0.652369 0.763493 0.432277 0.245982 0.474982 0.812044 0.684331 0.734728 0.683131 0.684837 0.70747 0.744465 0.832652 0.982018 0.276177 0.436718 0.169156 0.620063 0.155321 0.743435 0.909299 0.620156 0.621623 0.536889 0.656803 0.0369202 0.665039 0.52999 0.59839 0.86465 0.624913 0.250759 0.628142 0.0571909 0.49674 0.103124 0.869235 0.181071 0.837852 0.552366 0.865909 0.545322 0.29683 0.69856 0.52734 0.573007 0.135278 0.696496 0.19307 0.290598 0.439931 0.102369 0.910755 0.0615542 0.639258 0.567558 0.0984744 0.304298 0.097548 0.696864 0.168947 
15 17 2 10 13 12 1 
0.738066 0.201253 0.491343 0.283388 0.498083 0.189903 0.810727 0.0710897 0.325181 0.507223 0.26416 0.61578 0.947154 0.366529 0.526534 0.00870843 0.00578757 0.094092 0.107183 0.310085 0.19164 0.804047 0.479032 0.914102 0.751669 0.276122 0.693754 0.196033 0.176336 0.342641 0.821467 0.914402 0.543894 0.31281 0.197789 0.0419764 0.502714 0.00851682 0.113066 0.827895 0.51574 0.377226 0.443675 0.462894 0.743755 0.970209 0.471603 0.749543 0.0643011 0.578786 0.0596282 0.255941 0.382833 0.53866 0.170043 0.134502 0.814782 0.863797 0.330535 0.991118 0.206438 0.152002 0.90552 0.750331 0.464812 0.103309 0.792308 0.967525 0.111826 0.905374 0.79542 0.627566 0.2826 0.239095 0.0904607 0.0263553 0.209304 0.562064 0.775898 0.273605 0.140849 0.835527 0.529546 0.523682 0.374187 0.699589 0.658184 0.188969 0.563386 0.988718 0.180088 0.769824 0.14072 0.0856073 0.520155 0.605532 0.188917 0.312463 0.573057 0.300742 0.217836 0.368477 0.928309 0.500436 0.607572 0.0187694 0.526791 0.816877 0.580833 0.30269 0.0904819 0.721682 0.138216 0.620028 0.245364 0.512403 0.319618 0.903548 0.701373 0.883004 0.892266 0.88146 0.652827 0.0329863 0.967068 0.172982 0.638518 0.155984 
16 15 9 3 10 6 11 
0.187625 0.403805 0.730508 0.00450151 0.984638 0.0331981 0.0949834 0.70632 0.171414 0.715012 0.951684 0.683818 0.0346294 0.855232 0.385191 0.917633 0.747498 0.266651 0.57046 0.780485 0.233719 0.743442 0.419003 0.389703 0.228887 0.630578 0.84643 0.932168 0.210631 0.231465 0.135885 0.398255 0.63527 0.866393 0.402757 0.619908 0.899591 0.49774 0.326228 0.0710059 0.212752 0.277912 0.754824 0.247381 0.133144 0.140014 0.165014 0.880643 0.406665 0.735475 0.661127 0.640384 0.478917 0.0801303 0.0300872 0.707804 0.710708 0.876517 0.639972 0.921339 0.107982 0.775857 0.319594 0.743252 0.642251 0.722351 0.36316 0.541842 0.220092 0.689388 0.612848 0.432844 0.9673 0.367671 0.680225 0.100444 0.507686 0.84524 0.981087 0.914351 0.580714 0.642214 0.554735 0.0596313 0.722345 0.584823 0.767435 0.433053 0.46134 0.407408 0.354392 0.569322 0.183265 0.673986 0.312574 0.825515 0.396338 0.675734 0.367357 0.616429 0.365122 0.980205 0.0492731 0.332422 0.347876 0.729498 0.432866 0.855562 0.574738 0.413953 0.769913 0.155452 0.0561671 0.324649 0.215084 0.778512 0.909472 0.982519 0.211565 0.370811 0.389927 0.565957 0.940133 0.573192 0.239943 0.252707 0.398707 0.636281 
17 7 5 12 11 14 10 
0.0314817 0.0588498 0.949708 0.60622 0.472803 0.719621 0.761672 0.52897 0.0442701 0.976756 0.307482 0.953742 0.959275 0.519047 0.324553 0.349202 0.0850034 0.264686 0.922394 0.324947 0.517392 0.321101 0.961228 0.445833 0.0871646 0.213938 0.739395 0.833434 0.515921 0.365379 0.927579 0.547403 0.424229 0.877287 0.153622 0.897031 0.596908 0.915295 0.426001 0.641178 0.892051 0.733482 0.59492 0.851326 0.252529 0.919472 0.200528 0.337532 0.184158 0.122922 0.662479 0.70155 0.444022 0.623707 0.147383 0.531187 0.837644 0.886778 0.36462 0.353565 0.252157 0.292199 0.900968 0.676385 0.169486 0.0545902 0.573416 0.766394 0.969885 0.999417 0.407572 0.861936 0.7329 0.00249166 0.713262 0.985429 0.921964 0.91379 0.322961 0.106122 0.0367115 0.98544 0.807672 0.480734 0.609147 0.955055 0.0119207 0.446791 0.841832 0.376541 0.800357 0.093989 0.668741 0.701324 0.770374 0.838227 0.755915 0.343791 0.604621 0.725799 0.343208 0.0121931 0.587735 0.0761078 0.0146847 0.300997 0.0615367 0.936649 0.214786 0.384498 0.0427706 0.251498 0.369938 0.850443 0.732232 0.979086 0.805497 0.744152 0.425877 0.64733 0.120694 0.226233 0.741319 0.789434 0.927558 0.511693 0.627661 0.683472 
