400 1
0 1 0 1 0 1 0 1 1 0 1 1 0 1 0 0 0 0 1 1 0 0 0 1 1 0 1 0 1 0 0 0 0 1 0 1 0 0 0 0 1 0 1 0 0 0 0 1 1 0 0 0 0 1 0 0 0 0 1 0 1 1 0 0 1 1 1 0 0 0 0 0 1 0 0 0 1 1 1 1 0 0 0 1 0 1 1 1 0 1 0 0 1 1 1 0 0 1 1 1 0 0 1 0 1 0 0 1 0 0 1 1 1 0 0 0 0 0 0 1 0 1 0 1 0 1 0 1 1 0 1 1 0 1 0 0 0 1 1 1 0 1 0 0 1 1 1 0 0 0 1 1 1 0 1 0 0 0 0 1 0 0 1 1 1 0 0 0 1 0 1 0 1 0 0 1 0 0 0 1 0 0 1 0 0 0 1 1 1 0 1 0 1 1 0 1 1 0 1 1 1 1 0 1 0 1 1 1 1 1 1 0 0 1 1 1 0 1 0 1 0 0 0 0 1 0 1 1 1 1 1 1 1 0 0 0 1 0 0 1 0 0 0 0 0 0 0 0 0 1 0 1 1 1 0 1 0 0 1 0 0 1 1 0 0 0 1 0 1 0 0 1 1 1 0 1 0 1 0 1 0 1 1 0 1 1 0 1 0 0 0 0 0 0 1 1 1 0 1 0 1 0 0 0 1 1 0 0 1 1 1 0 1 1 1 1 1 0 1 1 1 1 0 0 0 0 1 1 1 1 0 0 0 1 1 0 1 0 0 1 0 0 1 0 0 1 0 1 1 1 1 1 1 0 1 0 1 1 0 0 1 1 1 0 1 1 0 1 0 1 0 1 0 0 0 1 0 1 1 0 1 1 1 1 0 1 1 1 1 0 0 1 1 0 0 1 0 1 0 1 
0 
0.890772 0.0111407 
1 
0.266918 0.982152 
2 
0.465529 0.931962 
3 
0.900281 0.931863 
4 
0.952144 0.862828 
5 
0.239579 0.493608 
6 
0.670789 0.650842 
7 
0.241142 0.0224958 
8 
0.329865 0.676411 
9 
0.53733 0.749286 
10 
0.955834 0.83984 
11 
0.0725297 0.2962 
12 
0.82389 0.625351 
13 
0.389167 0.436812 
14 
0.862178 0.336287 
15 
0.420715 0.752951 
16 
0.347428 0.687633 
17 
0.735102 0.812957 
18 
0.619595 0.635383 
19 
0.744819 0.571739 
20 
0.498211 0.984398 
21 
0.0653474 0.169 
22 
0.63524 0.30649 
23 
0.191496 0.965105 
24 
0.982901 0.728826 
25 
0.71439 0.938735 
26 
0.568666 0.78692 
27 
0.234934 0.392556 
28 
0.412271 0.624101 
29 
0.829368 0.274449 
30 
0.960388 0.250083 
31 
0.0273996 0.307816 
32 
0.937716 0.762502 
33 
0.120773 0.557311 
34 
0.397884 0.865592 
35 
0.12905 0.896096 
36 
0.84999 0.194398 
37 
0.0650955 0.48523 
38 
0.500888 0.256591 
39 
0.450335 0.483789 
40 
0.985417 0.164725 
41 
0.422524 0.554082 
42 
0.951645 0.657458 
43 
0.946638 0.363916 
44 
0.281559 0.776006 
45 
0.638365 0.241948 
46 
0.026089 0.665764 
47 
0.549764 0.963805 
48 
0.428266 0.670537 
49 
0.521116 0.826151 
50 
0.536129 0.650166 
51 
0.722246 0.386119 
52 
0.844564 0.787342 
53 
0.87135 0.345452 
54 
0.0439329 0.321685 
55 
0.82924 0.0293496 
56 
0.48641 0.251764 
57 
0.583432 0.438055 
58 
0.909222 0.53007 
59 
0.801971 0.190781 
60 
0.306076 0.440335 
61 
0.432729 0.332165 
62 
0.1061 0.982492 
63 
0.29597 0.534366 
64 
0.653029 0.817086 
65 
0.360516 0.189158 
66 
0.467252 0.0827627 
67 
0.575277 0.311816 
68 
0.870105 0.446627 
69 
0.657268 0.914037 
70 
0.768312 0.486508 
71 
0.943387 0.254721 
72 
0.738272 0.526819 
73 
0.692776 0.647494 
74 
0.0568892 0.494747 
75 
0.838274 0.362965 
76 
0.935082 0.271003 
77 
0.69513 0.0411818 
78 
0.253495 0.9911 
79 
0.575548 0.906525 
80 
0.808186 0.936064 
81 
0.0956828 0.275439 
82 
0.0188268 0.67096 
83 
0.587255 0.888931 
84 
0.117587 0.244523 
85 
0.802969 0.885899 
86 
0.731031 0.746356 
87 
0.14062 0.469302 
88 
0.273175 0.833396 
89 
0.116796 0.330064 
90 
0.328142 0.95507 
91 
0.693029 0.263224 
92 
0.226073 0.388159 
93 
0.304406 0.479569 
94 
0.37926 0.879954 
95 
0.386094 0.187446 
96 
0.816018 0.481776 
97 
0.462885 0.834845 
98 
0.152737 0.0501397 
99 
0.723776 0.270324 
100 
0.294662 0.526745 
101 
0.156222 0.0256927 
102 
0.2731 0.296842 
103 
0.494995 0.546275 
104 
0.130238 0.611791 
105 
0.876339 0.458381 
106 
0.566861 0.569368 
107 
0.721605 0.792935 
108 
0.957527 0.0260114 
109 
0.272504 0.336787 
110 
0.905965 0.658597 
111 
0.524233 0.721983 
112 
0.140374 0.987118 
113 
0.556828 0.29311 
114 
0.0372578 0.280604 
115 
0.563434 0.33192 
116 
0.807349 0.719656 
117 
0.357613 0.0804488 
118 
0.0164986 0.852608 
119 
0.626724 0.146737 
120 
0.464399 0.503063 
121 
0.605118 0.03126 
122 
0.0724305 0.326723 
123 
0.824195 0.0299577 
124 
0.352734 0.0966984 
125 
0.366745 0.258699 
126 
0.755296 0.890978 
127 
0.980683 0.895669 
128 
0.878096 0.537511 
129 
0.188779 0.915354 
130 
0.818115 0.752213 
131 
0.247274 0.625463 
132 
0.471869 0.604887 
133 
0.705912 0.488368 
134 
0.457494 0.332636 
135 
0.635105 0.921893 
136 
0.835698 0.240223 
137 
0.953153 0.908129 
138 
0.566945 0.777348 
139 
0.938086 0.919679 
140 
0.874046 0.304831 
141 
0.178379 0.629342 
142 
0.195809 0.159062 
143 
0.525011 0.0739055 
144 
0.696572 0.71379 
145 
0.989259 0.514687 
146 
0.466003 0.236533 
147 
0.14015 0.937873 
148 
0.84142 0.846062 
149 
0.426241 0.298914 
150 
0.178697 0.061346 
151 
0.220807 0.0143956 
152 
0.301569 0.17396 
153 
0.922524 0.868514 
154 
0.951308 0.860611 
155 
0.788193 0.825354 
156 
0.165442 0.966572 
157 
0.454696 0.361251 
158 
0.125634 0.979707 
159 
0.435157 0.822206 
160 
0.693497 0.424416 
161 
0.336892 0.159501 
162 
0.66095 0.477042 
163 
0.0973738 0.50237 
164 
0.323104 0.523615 
165 
0.801284 0.501801 
166 
0.584961 0.022091 
167 
0.516197 0.886529 
168 
0.196051 0.438721 
169 
0.755043 0.147359 
170 
0.299332 0.543237 
171 
0.972713 0.464774 
172 
0.509809 0.427409 
173 
0.826025 0.635442 
174 
0.407117 0.261182 
175 
0.457648 0.100614 
176 
0.685598 0.794541 
177 
0.260115 0.346548 
178 
0.271583 0.357489 
179 
0.848918 0.594687 
180 
0.881103 0.650201 
181 
0.0964877 0.466064 
182 
0.672292 0.612684 
183 
0.352594 0.868344 
184 
0.0514053 0.107637 
185 
0.0157027 0.350737 
186 
0.650874 0.988416 
187 
0.815511 0.160682 
188 
0.415826 0.641536 
189 
0.796125 0.822942 
190 
0.902718 0.253773 
191 
0.923556 0.588316 
192 
0.0483136 0.183671 
193 
0.934864 0.319896 
194 
0.541159 0.783782 
195 
0.914583 0.422263 
196 
0.433983 0.0110709 
197 
0.888327 0.106276 
198 
0.623755 0.240921 
199 
0.974619 0.67516 
200 
0.348558 0.990322 
201 
0.0258975 0.999432 
202 
0.978738 0.841408 
203 
0.160115 0.394564 
204 
0.482944 0.95624 
205 
0.217506 0.385662 
206 
0.210012 0.141062 
207 
0.973979 0.258326 
208 
0.324733 0.908843 
209 
0.578223 0.865893 
210 
0.692625 0.492806 
211 
0.288155 0.126609 
212 
0.503877 0.176483 
213 
0.232885 0.127632 
214 
0.417404 0.207504 
215 
0.802792 0.765963 
216 
0.197826 0.82869 
217 
0.765395 0.176564 
218 
0.670098 0.92551 
219 
0.571128 0.153042 
220 
0.881749 0.788635 
221 
0.538704 0.0917615 
222 
0.929697 0.512683 
223 
0.350088 0.25443 
224 
0.421526 0.92831 
225 
0.120322 0.114152 
226 
0.421116 0.408478 
227 
0.24076 0.924992 
228 
0.584961 0.473645 
229 
0.0526242 0.00236479 
230 
0.681149 0.855416 
231 
0.768327 0.878975 
232 
0.684106 0.533722 
233 
0.0555393 0.354204 
234 
0.459232 0.626668 
235 
0.507246 0.340981 
236 
0.415302 0.0459507 
237 
0.432742 0.344999 
238 
0.558634 0.78283 
239 
0.599429 0.98016 
240 
0.71114 0.719751 
241 
0.0943114 0.132256 
242 
0.128229 0.335072 
243 
0.0572484 0.71319 
244 
0.808717 0.109873 
245 
0.715555 0.489865 
246 
0.965289 0.483882 
247 
0.36884 0.649395 
248 
0.0176042 0.42438 
249 
0.00359951 0.476836 
250 
0.0510472 0.510846 
251 
0.817817 0.466349 
252 
0.556796 0.250559 
253 
0.811348 0.11543 
254 
0.0333891 0.410777 
255 
0.0955901 0.744529 
256 
0.130528 0.189902 
257 
0.876785 0.258758 
258 
0.524973 0.934034 
259 
0.971948 0.33369 
260 
0.0439063 0.687502 
261 
0.823555 0.00919547 
262 
0.171384 0.192395 
263 
0.658591 0.188988 
264 
0.616775 0.66219 
265 
0.665824 0.667822 
266 
0.173036 0.483641 
267 
0.134172 0.729833 
268 
0.7342 0.94552 
269 
0.845263 0.767589 
270 
0.356297 0.940853 
271 
0.512118 0.486826 
272 
0.130755 0.388904 
273 
0.745583 0.655728 
274 
0.322937 0.717531 
275 
0.989418 0.366844 
276 
0.405033 0.812973 
277 
0.376039 0.576417 
278 
0.0053683 0.0346298 
279 
0.765406 0.622143 
280 
0.69682 0.43123 
281 
0.289966 0.869856 
282 
0.914871 0.424137 
283 
0.599689 0.649071 
284 
0.369657 0.444952 
285 
0.41666 0.725955 
286 
0.385805 0.928779 
287 
0.21278 0.516559 
288 
0.317682 0.958364 
289 
0.172287 0.640619 
290 
0.675895 0.161705 
291 
0.0074629 0.0809275 
292 
0.974677 0.383502 
293 
0.657345 0.980046 
294 
0.418132 0.42275 
295 
0.602189 0.114952 
296 
0.85398 0.892155 
297 
0.984808 0.768851 
298 
0.316292 0.584497 
299 
0.417922 0.685949 
300 
0.0294489 0.834582 
301 
0.411904 0.415254 
302 
0.763361 0.624684 
303 
0.931813 0.0810429 
304 
0.583048 0.1041 
305 
0.721662 0.258942 
306 
0.265804 0.729125 
307 
0.33987 0.240482 
308 
0.112627 0.997215 
309 
0.220527 0.530759 
310 
0.419965 0.822716 
311 
0.645711 0.273945 
312 
0.714871 0.630519 
313 
0.0427962 0.0311631 
314 
0.215016 0.460718 
315 
0.717112 0.244465 
316 
0.2953 0.129016 
317 
0.659719 0.0586613 
318 
0.753701 0.591531 
319 
0.139704 0.336749 
320 
0.695631 0.861366 
321 
0.595691 0.961435 
322 
0.590492 0.935561 
323 
0.201917 0.703119 
324 
0.932776 0.422444 
325 
0.233878 0.352741 
326 
0.245161 0.879588 
327 
0.626686 0.960032 
328 
0.510107 0.669482 
329 
0.991195 0.725123 
330 
0.1302 0.708307 
331 
0.969588 0.425501 
332 
0.837324 0.629307 
333 
0.484162 0.591024 
334 
0.220838 0.623866 
335 
0.927773 0.916469 
336 
0.485233 0.523464 
337 
0.877905 0.0757244 
338 
0.459025 0.0798215 
339 
0.778843 0.391801 
340 
0.502266 0.0127208 
341 
0.744541 0.747426 
342 
0.892309 0.371227 
343 
0.707458 0.402416 
344 
0.0407091 0.698653 
345 
0.12754 0.170909 
346 
0.40696 0.0971283 
347 
0.59641 0.244284 
348 
0.726435 0.0805722 
349 
0.835308 0.947274 
350 
0.704438 0.763081 
351 
0.863743 0.189671 
352 
0.286545 0.741648 
353 
0.265396 0.74557 
354 
0.821469 0.0442389 
355 
0.13737 0.323735 
356 
0.0569597 0.881912 
357 
0.0711616 0.949269 
358 
0.253139 0.77862 
359 
0.351685 0.293848 
360 
0.477273 0.479225 
361 
0.464757 0.884233 
362 
0.576353 0.0611673 
363 
0.128517 0.302789 
364 
0.14174 0.963825 
365 
0.250062 0.846178 
366 
0.726906 0.113806 
367 
0.0358493 0.0134508 
368 
0.855453 0.301245 
369 
0.759021 0.676923 
370 
0.345484 0.896391 
371 
0.000657896 0.402444 
372 
0.778303 0.0718195 
373 
0.351712 0.0314412 
374 
0.850439 0.703398 
375 
0.325289 0.327712 
376 
0.182623 0.790046 
377 
0.211945 0.758976 
378 
0.851214 0.340461 
379 
0.0617647 0.992953 
380 
0.304286 0.311827 
381 
0.839131 0.0311922 
382 
0.425633 0.87498 
383 
0.0446429 0.281086 
384 
0.176225 0.803664 
385 
0.958009 0.521709 
386 
0.700054 0.958667 
387 
0.924153 0.478357 
388 
0.0304861 0.275866 
389 
0.509798 0.880925 
390 
0.979263 0.835087 
391 
0.208637 0.161886 
392 
0.625133 0.420582 
393 
0.920862 0.476347 
394 
0.761043 0.982627 
395 
0.4693 0.0653297 
396 
0.294454 0.308431 
397 
0.0965219 0.720086 
398 
0.183412 0.141165 
399 
0.00117235 0.359637 
