100 1
0 0 1 1 0 1 1 1 1 0 0 0 0 0 1 0 0 1 0 1 1 0 0 0 1 0 1 1 0 0 0 1 1 1 0 1 1 0 1 0 1 0 1 1 1 1 0 1 0 1 1 0 0 0 1 1 1 1 1 0 0 1 1 1 1 0 1 1 1 1 0 1 0 1 1 0 1 0 0 0 1 0 1 0 1 1 0 0 1 1 1 1 1 1 1 1 0 1 1 0 
0 
0.901452 0.206923 
1 
0.0017701 0.952107 
2 
0.0755922 0.996298 
3 
0.80698 0.836424 
4 
0.227891 0.159647 
5 
0.562123 0.931723 
6 
0.785909 0.174824 
7 
0.3772 0.0732451 
8 
0.927524 0.452182 
9 
0.708411 0.927175 
10 
0.779156 0.836871 
11 
0.799947 0.948704 
12 
0.0916691 0.791047 
13 
0.494266 0.897141 
14 
0.510312 0.637427 
15 
0.0696045 0.411764 
16 
0.84435 0.0713746 
17 
0.363872 0.919942 
18 
0.0676724 0.170852 
19 
0.756365 0.295564 
20 
0.330499 0.318489 
21 
0.227287 0.116409 
22 
0.493313 0.604487 
23 
0.189654 0.420837 
24 
0.0566689 0.898065 
25 
0.348011 0.835825 
26 
0.734936 0.147958 
27 
0.784529 0.826605 
28 
0.939005 0.278795 
29 
0.723746 0.449317 
30 
0.916222 0.79335 
31 
0.861082 0.760571 
32 
0.864725 0.224953 
33 
0.680513 0.932397 
34 
0.395805 0.436878 
35 
0.227961 0.726305 
36 
0.755367 0.455248 
37 
0.842713 0.24868 
38 
0.0597344 0.032367 
39 
0.669516 0.116403 
40 
0.930432 0.0175276 
41 
0.952228 0.665368 
42 
0.165486 0.736757 
43 
0.491973 0.104491 
44 
0.0155519 0.215719 
45 
0.553809 0.931774 
46 
0.00906867 0.41489 
47 
0.692345 0.873793 
48 
0.639844 0.372858 
49 
0.80619 0.0356494 
50 
0.809736 0.0341512 
51 
0.761954 0.565103 
52 
0.489399 0.604667 
53 
0.813783 0.549133 
54 
0.637034 0.483299 
55 
0.665537 0.567466 
56 
0.500826 0.617765 
57 
0.232834 0.666312 
58 
0.354522 0.724807 
59 
0.770804 0.370074 
60 
0.940525 0.324612 
61 
0.301847 0.949594 
62 
0.739503 0.994192 
63 
0.823387 0.379347 
64 
0.36705 0.629578 
65 
0.414996 0.176786 
66 
0.663729 0.17695 
67 
0.741889 0.153128 
68 
0.781617 0.555672 
69 
0.702261 0.418652 
70 
0.0389707 0.367798 
71 
0.986118 0.539797 
72 
0.985563 0.218952 
73 
0.206109 0.340084 
74 
0.943759 0.976913 
75 
0.710158 0.884284 
76 
0.301525 0.0120057 
77 
0.833878 0.0410278 
78 
0.00619792 0.657266 
79 
0.420374 0.373248 
80 
0.286844 0.83537 
81 
0.550034 0.950573 
82 
0.0123203 0.291923 
83 
0.103701 0.793938 
84 
0.847595 0.805962 
85 
0.212589 0.886566 
86 
0.173759 0.198707 
87 
0.426363 0.159322 
88 
0.417659 0.632472 
89 
0.499406 0.361418 
90 
0.609385 0.209565 
91 
0.245702 0.910911 
92 
0.22157 0.0795808 
93 
0.951938 0.227768 
94 
0.736847 0.372313 
95 
0.601016 0.0236902 
96 
0.207683 0.15105 
97 
0.974263 0.220003 
98 
0.442973 0.0779635 
99 
0.0139409 0.290568 
