48 5
0 0 1 1 0 0 0 0 1 0 0 0 1 0 1 0 0 0 0 1 1 0 0 1 0 1 0 1 0 0 0 1 1 0 1 0 1 0 0 0 1 1 1 1 0 1 0 0 
0 6 20 5 2 
0.34836 0.113444 0.522663 0.911672 0.771148 0.0308754 0.195971 0.751246 0.354908 0.78181 0.259564 0.329274 0.341651 0.899591 0.903494 0.242597 0.238545 0.895318 0.478486 0.125903 0.669872 0.967581 0.11543 0.977154 0.892847 0.624447 0.434105 0.726617 0.431289 0.30127 0.286169 0.779648 
1 21 32 22 14 
0.887292 0.937109 0.194615 0.669101 0.196673 0.523889 0.0107516 0.0962636 0.427383 0.253349 0.334809 0.322701 0.731835 0.460711 0.992572 0.699416 0.576141 0.969727 0.592264 0.200588 0.403831 0.31888 0.631877 0.705102 0.605049 0.411526 0.119816 0.413881 0.102846 0.305679 0.253588 0.990138 
2 1 23 10 4 
0.972093 0.669991 0.535724 0.399475 0.923339 0.870533 0.722176 0.655174 0.331244 0.714748 0.354591 0.907385 0.684475 0.946854 0.107974 0.0883064 0.265735 0.739851 0.793408 0.870784 0.151376 0.913224 0.284665 0.254223 0.218903 0.538253 0.244361 0.461691 0.986456 0.9036 0.901151 0.958548 
3 25 40 2 43 
0.307409 0.0802 0.152104 0.638653 0.794948 0.506695 0.546038 0.479424 0.453549 0.654012 0.56773 0.719284 0.393863 0.361138 0.590068 0.545239 0.274362 0.874733 0.799462 0.493265 0.412985 0.0438227 0.954956 0.399441 0.947423 0.856107 0.35799 0.521013 0.292983 0.716013 0.017943 0.600392 
4 47 31 24 39 
0.676742 0.785083 0.0705856 0.130291 0.439095 0.638316 0.849575 0.832958 0.999454 0.439643 0.378197 0.273816 0.314376 0.177659 0.767081 0.727361 0.221482 0.722037 0.126802 0.168904 0.578145 0.484792 0.689917 0.871128 0.200805 0.70786 0.47152 0.997019 0.877908 0.710565 0.588181 0.55465 
5 22 42 13 17 
0.297082 0.534517 0.767701 0.296536 0.97416 0.145898 0.570352 0.288536 0.323557 0.337433 0.0158974 0.545038 0.0594705 0.1427 0.713942 0.637615 0.627492 0.40386 0.508743 0.828297 0.11172 0.980263 0.825315 0.989628 0.690828 0.413496 0.544278 0.186475 0.0722622 0.229219 0.121218 0.369344 
6 23 4 24 15 
0.0348161 0.236231 0.0264322 0.358373 0.573665 0.0423296 0.903411 0.633135 0.185029 0.617353 0.27075 0.812521 0.0212131 0.779494 0.640818 0.132933 0.759757 0.466133 0.122561 0.450585 0.879629 0.666838 0.63706 0.951891 0.896057 0.758278 0.321235 0.659793 0.647196 0.987115 0.397689 0.682012 
7 27 15 18 24 
0.466451 0.943796 0.430146 0.65148 0.561149 0.700897 0.464001 0.582362 0.48039 0.104818 0.715295 0.240147 0.570952 0.837856 0.690732 0.450581 0.504695 0.327792 0.402472 0.400752 0.0860695 0.723708 0.0605453 0.733266 0.710823 0.458234 0.415278 0.934169 0.882356 0.455663 0.73118 0.348806 
8 20 6 15 39 
0.862223 0.464287 0.542971 0.342613 0.569106 0.258266 0.582761 0.140057 0.0961225 0.273493 0.590638 0.600817 0.601284 0.99311 0.00156941 0.687354 0.716818 0.0621147 0.420619 0.42764 0.520349 0.835897 0.36181 0.402705 0.291561 0.0929899 0.751511 0.69102 0.254316 0.751797 0.651628 0.11654 
9 42 14 35 31 
0.452865 0.0419136 0.925247 0.548987 0.315406 0.515885 0.149804 0.91669 0.508995 0.151374 0.604044 0.225813 0.213488 0.0246635 0.653453 0.733837 0.860561 0.0152625 0.136542 0.152121 0.108252 0.888053 0.843141 0.362569 0.63985 0.494769 0.479108 0.855934 0.689367 0.938261 0.641124 0.142232 
10 46 11 42 21 
0.841023 0.212272 0.591252 0.992397 0.816316 0.817065 0.205885 0.840979 0.470518 0.939722 0.70154 0.48578 0.0762642 0.853662 0.594033 0.964317 0.696803 0.956602 0.604167 0.191572 0.43571 0.460101 0.880939 0.373971 0.101226 0.0231705 0.354147 0.667597 0.714389 0.649728 0.749854 0.555412 
11 4 21 26 25 
0.158171 0.753694 0.519294 0.628689 0.693416 0.220835 0.114469 0.76968 0.0744962 0.708502 0.733997 0.771299 0.665104 0.338164 0.96287 0.100814 0.798265 0.843809 0.474785 0.899491 0.86698 0.828932 0.567088 0.581369 0.478659 0.316943 0.136781 0.340659 0.658049 0.68459 0.0189739 0.81622 
12 17 26 9 22 
0.901381 0.833599 0.26788 0.635378 0.604898 0.932984 0.973543 0.567768 0.0337974 0.771808 0.411578 0.508583 0.671299 0.278557 0.337514 0.238388 0.859926 0.816174 0.55533 0.996708 0.156833 0.213379 0.681298 0.175806 0.029599 0.119582 0.714075 0.474508 0.251283 0.473178 0.033886 0.152664 
13 8 14 38 35 
0.23475 0.761585 0.479443 0.268547 0.533393 0.891021 0.77713 0.204692 0.169578 0.114644 0.443079 0.0295043 0.930818 0.99841 0.0262119 0.0876504 0.211789 0.70751 0.263457 0.241388 0.827092 0.977532 0.715895 0.0783747 0.450709 0.749781 0.231038 0.757486 0.0515475 0.0190805 0.669161 0.286297 
14 5 26 34 36 
0.331974 0.51875 0.209202 0.446618 0.961829 0.238707 0.377436 0.960239 0.264919 0.465087 0.172028 0.972429 0.728544 0.413415 0.799521 0.706075 0.129311 0.877895 0.156784 0.879092 0.108934 0.91427 0.93064 0.128014 0.583431 0.216937 0.908679 0.732035 0.771781 0.222737 0.771659 0.103756 
15 38 7 41 24 
0.219568 0.92781 0.663555 0.484487 0.392897 0.835583 0.456915 0.12144 0.248998 0.256436 0.827516 0.378309 0.134331 0.9843 0.257401 0.243265 0.89857 0.188041 0.371279 0.482001 0.404977 0.279958 0.214036 0.176759 0.502695 0.985695 0.280514 0.244182 0.966556 0.830888 0.947499 0.186125 
16 47 21 36 15 
0.446637 0.127527 0.273036 0.695636 0.383963 0.100551 0.0739447 0.518294 0.0848513 0.331346 0.761559 0.983422 0.519386 0.132838 0.465423 0.924364 0.412796 0.679459 0.101122 0.915491 0.665154 0.381636 0.159673 0.63171 0.212524 0.107172 0.817835 0.971222 0.718226 0.488446 0.122817 0.164864 
17 42 32 46 45 
0.496404 0.934444 0.51823 0.581256 0.26579 0.279789 0.564677 0.785176 0.412626 0.0301004 0.70954 0.825422 0.709559 0.810662 0.740913 0.374713 0.192298 0.900587 0.00642362 0.404822 0.00775875 0.824258 0.376045 0.725985 0.312705 0.498862 0.890849 0.928678 0.894715 0.751349 0.928613 0.391119 
18 44 1 4 3 
0.537052 0.73676 0.139258 0.567153 0.4463 0.96468 0.276712 0.256962 0.705593 0.651425 0.44926 0.60618 0.657849 0.854083 0.613938 0.482107 0.230127 0.339924 0.794812 0.72899 0.230773 0.72349 0.623705 0.982122 0.652103 0.014824 0.667915 0.0989461 0.987199 0.619498 0.825578 0.524251 
19 26 27 4 41 
0.929516 0.368115 0.0595189 0.635109 0.0195407 0.508779 0.241289 0.67739 0.362862 0.855227 0.159497 0.592989 0.195151 0.954309 0.321978 0.425924 0.677798 0.945683 0.408046 0.329901 0.960507 0.0759603 0.428847 0.947706 0.695458 0.254425 0.471957 0.0517156 0.219261 0.563361 0.854273 0.148777 
20 18 27 21 12 
0.42257 0.0251755 0.628406 0.785432 0.880403 0.787903 0.378421 0.0755541 0.742212 0.700399 0.501478 0.420011 0.646083 0.909524 0.749912 0.60659 0.985484 0.178759 0.554296 0.680942 0.433185 0.0262527 0.732658 0.652446 0.589613 0.58693 0.801223 0.521089 0.500722 0.58511 0.472106 0.923292 
21 46 38 13 23 
0.888416 0.0871452 0.566242 0.630628 0.787545 0.0677205 0.0506386 0.433627 0.977244 0.80055 0.0402168 0.962728 0.97931 0.594512 0.64367 0.412494 0.620765 0.376328 0.0649405 0.210378 0.963258 0.866164 0.731468 0.463979 0.451274 0.203574 0.387272 0.0615593 0.304087 0.0959959 0.552248 0.192503 
22 6 27 33 34 
0.186211 0.873769 0.404313 0.163455 0.67432 0.444529 0.126183 0.65363 0.0390419 0.769853 0.0661241 0.659807 0.14618 0.131065 0.870185 0.109438 0.997228 0.601653 0.573418 0.448502 0.805227 0.960689 0.510061 0.109314 0.0566853 0.0623091 0.301816 0.239826 0.180799 0.124947 0.210512 0.36701 
23 24 17 44 7 
0.0593541 0.656647 0.326666 0.098396 0.4265 0.39279 0.758203 0.572681 0.523855 0.628388 0.682119 0.521083 0.230042 0.255537 0.969585 0.035269 0.216226 0.479647 0.144583 0.272911 0.541956 0.446399 0.512738 0.722755 0.571347 0.72325 0.0897647 0.570063 0.338074 0.620229 0.243099 0.397429 
24 47 42 32 13 
0.962555 0.254028 0.276057 0.48641 0.882416 0.958176 0.00749297 0.112458 0.213713 0.977078 0.147727 0.429939 0.456725 0.29231 0.702851 0.998681 0.738709 0.215589 0.721435 0.310056 0.938838 0.8112 0.880119 0.276913 0.431429 0.123218 0.674341 0.708306 0.692983 0.170166 0.411683 0.655539 
25 42 33 35 44 
0.645916 0.149442 0.419067 0.85963 0.12652 0.566794 0.289569 0.583245 0.859104 0.992419 0.581925 0.597813 0.208008 0.303361 0.907868 0.146846 0.114561 0.787987 0.423759 0.54599 0.911205 0.0981006 0.254296 0.604188 0.268267 0.665979 0.259727 0.69246 0.353719 0.401676 0.99907 0.999636 
26 24 28 29 20 
0.148834 0.260882 0.844035 0.141253 0.842807 0.441848 0.349261 0.146168 0.349716 0.496108 0.260729 0.137703 0.919867 0.80672 0.0489081 0.0179677 0.061016 0.653096 0.286234 0.726995 0.912823 0.978694 0.0807142 0.314499 0.977764 0.0803498 0.865617 0.395901 0.939615 0.543254 0.380833 0.0884487 
27 25 35 46 10 
0.666716 0.578963 0.793112 0.0164321 0.0750711 0.0538413 0.154135 0.994938 0.860561 0.203043 0.0129059 0.921577 0.85614 0.29914 0.648572 0.768963 0.277835 0.729286 0.0834621 0.255599 0.809636 0.949079 0.6515 0.749251 0.492333 0.0323326 0.837699 0.296469 0.2572 0.0674014 0.943413 0.923916 
28 13 7 10 8 
0.790366 0.0944837 0.716374 0.650927 0.297527 0.72928 0.572504 0.153667 0.0284201 0.221076 0.92263 0.306255 0.950362 0.00609181 0.561853 0.759998 0.955171 0.213353 0.509249 0.447503 0.245686 0.346948 0.743972 0.502886 0.41435 0.687385 0.426803 0.0607146 0.42391 0.367151 0.78215 0.214276 
29 40 34 5 47 
0.227805 0.437708 0.912829 0.256225 0.658784 0.835458 0.562479 0.609146 0.84155 0.124333 0.369144 0.796721 0.337686 0.878393 0.244224 0.583372 0.225342 0.988197 0.0862586 0.639691 0.675582 0.513061 0.700406 0.0994922 0.880212 0.482556 0.313769 0.341847 0.981081 0.178972 0.101009 0.208885 
30 36 46 27 40 
0.849296 0.0275895 0.88461 0.690846 0.151922 0.253754 0.487567 0.489608 0.132147 0.731791 0.0729804 0.357489 0.719987 0.159239 0.99718 0.395569 0.6723 0.697586 0.495061 0.552513 0.180142 0.80883 0.89436 0.161223 0.987802 0.995369 0.370109 0.604482 0.00920605 0.835219 0.879946 0.858502 
31 8 33 2 7 
0.0183097 0.0369145 0.504339 0.150457 0.768705 0.577319 0.507945 0.488692 0.736558 0.505125 0.884262 0.408859 0.202711 0.379323 0.961371 0.382854 0.188153 0.855731 0.544077 0.175955 0.851099 0.914186 0.780437 0.860305 0.749405 0.660384 0.718807 0.612213 0.424939 0.268155 0.626944 0.443249 
32 31 37 28 40 
0.708602 0.101651 0.562467 0.445161 0.606777 0.446729 0.854019 0.809488 0.826051 0.81539 0.192341 0.0142043 0.671121 0.736418 0.190159 0.522221 0.650604 0.970597 0.382526 0.400009 0.630981 0.101333 0.012222 0.05592 0.369488 0.639166 0.499169 0.674558 0.770449 0.092875 0.748332 0.479051 
33 18 17 0 15 
0.757528 0.778231 0.61079 0.58358 0.593622 0.803132 0.597784 0.264743 0.53955 0.787944 0.786963 0.190154 0.758541 0.169489 0.590163 0.389521 0.270822 0.602385 0.445441 0.64031 0.241551 0.94461 0.314868 0.0119998 0.0374851 0.0632005 0.491051 0.232011 0.374 0.415263 0.033314 0.131528 
34 40 36 44 26 
0.447236 0.312892 0.0518583 0.986786 0.100836 0.838822 0.176941 0.859376 0.00831079 0.767104 0.248898 0.279133 0.369489 0.694339 0.919443 0.61104 0.638949 0.234311 0.623039 0.676434 0.297512 0.11409 0.908445 0.671512 0.529353 0.941759 0.80304 0.722847 0.585864 0.518148 0.509963 0.0331 
35 10 9 39 38 
0.196827 0.791253 0.408953 0.963931 0.0401506 0.688086 0.333419 0.734489 0.60753 0.944459 0.373438 0.841841 0.567498 0.0498718 0.139353 0.681589 0.958317 0.810865 0.210942 0.900076 0.613905 0.933789 0.48594 0.132054 0.443752 0.51904 0.963094 0.00557264 0.538926 0.894971 0.406215 0.735753 
36 28 30 6 44 
0.0331031 0.460864 0.110785 0.977562 0.834302 0.952626 0.54506 0.884174 0.0919784 0.226649 0.842491 0.902843 0.437591 0.742567 0.516748 0.37138 0.228507 0.648802 0.815132 0.747547 0.611896 0.820705 0.286473 0.506867 0.22692 0.022226 0.193091 0.0420884 0.72191 0.919466 0.545343 0.755013 
37 23 38 31 13 
0.277635 0.0988049 0.700732 0.504284 0.941295 0.603575 0.941876 0.683862 0.120323 0.313256 0.912369 0.769125 0.128388 0.659915 0.381021 0.949092 0.946388 0.887888 0.176012 0.968614 0.0809796 0.218101 0.690524 0.000445349 0.763444 0.445537 0.380775 0.419572 0.178112 0.595406 0.028325 0.455747 
38 13 35 43 8 
0.332632 0.901907 0.319369 0.452955 0.215163 0.231738 0.22208 0.343551 0.891653 0.603102 0.292643 0.838041 0.49099 0.468655 0.806655 0.57197 0.686756 0.497179 0.572415 0.4502 0.942716 0.95319 0.869771 0.120828 0.548596 0.898096 0.576575 0.242807 0.627153 0.536606 0.878314 0.959785 
39 27 0 31 42 
0.42942 0.634821 0.997227 0.321073 0.237923 0.28987 0.159115 0.728913 0.758525 0.96577 0.300883 0.445281 0.462949 0.873298 0.89548 0.405665 0.826488 0.765251 0.526493 0.375084 0.663348 0.103068 0.617892 0.290501 0.639675 0.496206 0.250286 0.0781881 0.693888 0.663026 0.731864 0.123309 
40 34 27 16 22 
0.0189608 0.603497 0.264682 0.777486 0.569266 0.565565 0.222766 0.0322156 0.438862 0.118247 0.437881 0.26535 0.883498 0.964374 0.640435 0.546846 0.0674423 0.258326 0.837347 0.707117 0.754532 0.0876324 0.785305 0.44842 0.750659 0.517169 0.571729 0.0485054 0.24626 0.016111 0.584275 0.265221 
41 31 42 18 1 
0.414522 0.265473 0.22109 0.853384 0.38372 0.658971 0.118735 0.267218 0.623345 0.759169 0.814063 0.690787 0.0174952 0.65141 0.397904 0.772027 0.739042 0.183209 0.220447 0.489701 0.700378 0.792176 0.538206 0.946638 0.808287 0.122481 0.21186 0.427895 0.971438 0.254566 0.616769 0.38596 
42 21 39 15 6 
0.496829 0.358079 0.170977 0.120173 0.117248 0.98504 0.81096 0.134743 0.63645 0.208864 0.90677 0.375493 0.392073 0.127217 0.865194 0.0924511 0.919393 0.4034 0.0390895 0.72768 0.525881 0.250949 0.155574 0.497319 0.505515 0.772343 0.883279 0.0255549 0.610201 0.122623 0.929314 0.10703 
43 21 40 19 18 
0.0853315 0.0381638 0.732693 0.721782 0.247028 0.639463 0.0972747 0.639101 0.76668 0.962468 0.731552 0.686073 0.365868 0.770641 0.413752 0.891749 0.0215905 0.569327 0.389069 0.527106 0.34167 0.272348 0.552661 0.951871 0.394971 0.481975 0.0589012 0.875673 0.582266 0.286105 0.473623 0.667597 
44 7 3 14 20 
0.845778 0.486654 0.210397 0.612458 0.449123 0.941949 0.29853 0.814991 0.712591 0.712283 0.70674 0.734181 0.28161 0.0958091 0.261287 0.623279 0.368157 0.813948 0.575151 0.763128 0.295923 0.634052 0.638801 0.878189 0.920157 0.112424 0.545786 0.244425 0.318739 0.935166 0.815722 0.164518 
45 40 17 47 41 
0.968068 0.0755057 0.685933 0.680659 0.787789 0.392673 0.41484 0.0693982 0.488483 0.676127 0.692678 0.85664 0.490075 0.267828 0.619768 0.785998 0.90188 0.258569 0.664187 0.822036 0.370993 0.209973 0.0664615 0.689733 0.145138 0.882183 0.85425 0.566958 0.908302 0.631225 0.4379 0.87637 
46 21 42 28 37 
0.516507 0.971869 0.563918 0.00498932 0.647997 0.256595 0.861629 0.138072 0.524423 0.481397 0.92407 0.426303 0.739966 0.588256 0.24834 0.110959 0.798229 0.314801 0.800691 0.943367 0.196984 0.654941 0.510325 0.105286 0.286167 0.948226 0.981657 0.992898 0.0720591 0.538686 0.487418 0.588566 
47 20 6 7 0 
0.307931 0.455184 0.296624 0.832354 0.936581 0.220693 0.258658 0.676546 0.80895 0.506997 0.787505 0.607179 0.821799 0.588196 0.550546 0.0187828 0.243138 0.0608716 0.124069 0.529305 0.00909734 0.105726 0.522203 0.0811565 0.644412 0.00962013 0.669722 0.154967 0.0609556 0.263278 0.313519 0.368886 
