89 5
0 1 1 1 0 1 0 0 0 1 0 0 0 1 0 0 0 0 0 0 1 0 0 1 0 1 0 1 1 0 0 0 0 0 1 0 1 0 1 0 0 1 1 1 1 0 0 0 0 1 1 0 0 0 1 1 1 0 0 1 1 1 0 0 1 0 1 1 0 0 0 1 0 0 0 0 0 1 1 1 0 1 0 1 0 0 0 0 1 
0 78 10 72 33 
0.282897 0.0620178 0.594339 0.495479 0.983274 0.221538 0.0129573 0.525484 0.482953 0.547496 0.615897 0.198631 0.369711 0.00447471 0.613864 0.774386 0.558116 0.645454 0.39726 0.732977 0.780459 0.869581 0.816636 0.397305 0.595772 0.895984 0.582327 0.245675 0.591195 0.921418 0.908103 0.874092 
1 80 35 13 67 
0.72398 0.382528 0.492193 0.206932 0.930024 0.10809 0.405563 0.299735 0.112565 0.019428 0.0741212 0.670681 0.664882 0.471381 0.403658 0.445342 0.340962 0.220294 0.842647 0.936734 0.116278 0.424973 0.182409 0.707473 0.346391 0.0905118 0.581564 0.329826 0.592954 0.951135 0.296536 0.316933 
2 7 4 35 82 
0.896819 0.929429 0.563423 0.00938461 0.948857 0.637544 0.680065 0.613739 0.108925 0.083723 0.0590808 0.449886 0.304017 0.901728 0.38662 0.420294 0.326701 0.56903 0.127767 0.673092 0.659541 0.709331 0.00291829 0.252495 0.660466 0.299454 0.569428 0.99413 0.088183 0.0932934 0.257817 0.985002 
3 56 27 88 60 
0.458784 0.674452 0.585318 0.567709 0.758175 0.644399 0.0175956 0.062192 0.546127 0.404216 0.482486 0.872828 0.973246 0.610253 0.54592 0.632787 0.319584 0.548838 0.885282 0.980051 0.848292 0.45471 0.974181 0.936475 0.548003 0.231998 0.921477 0.570725 0.0532384 0.915865 0.542304 0.512023 
4 56 8 58 19 
0.772021 0.0973273 0.410684 0.318148 0.501543 0.893171 0.190975 0.474789 0.503424 0.736895 0.107576 0.823008 0.285733 0.992858 0.803059 0.134025 0.447567 0.77724 0.0705 0.995571 0.00923785 0.991977 0.566296 0.0624762 0.907842 0.1086 0.574499 0.498159 0.236223 0.654231 0.846651 0.0082441 
5 73 13 86 1 
0.150506 0.517367 0.72789 0.65393 0.254262 0.835466 0.476938 0.539995 0.828323 0.279997 0.67402 0.275891 0.0572372 0.74452 0.271462 0.0664751 0.736498 0.837758 0.128951 0.64434 0.946358 0.70345 0.142499 0.182581 0.357681 0.98915 0.190825 0.109238 0.246486 0.517217 0.36234 0.396992 
6 47 20 60 22 
0.925695 0.527861 0.828842 0.754019 0.807858 0.502862 0.0299093 0.865096 0.247383 0.301371 0.931571 0.983881 0.139128 0.0605219 0.62822 0.0854863 0.763972 0.770719 0.268067 0.121653 0.75987 0.458892 0.230891 0.00635567 0.976108 0.593231 0.403348 0.0106926 0.68346 0.454271 0.299539 0.609155 
7 49 71 14 55 
0.393083 0.655085 0.878626 0.694454 0.586656 0.862506 0.833582 0.647178 0.490727 0.919069 0.41115 0.261446 0.187136 0.532803 0.0213159 0.646027 0.763694 0.0276716 0.622136 0.356924 0.43102 0.632828 0.0403844 0.88529 0.932367 0.64954 0.867422 0.0607485 0.0127133 0.657411 0.691992 0.405796 
8 34 27 68 58 
0.433124 0.933832 0.546331 0.923851 0.852901 0.957481 0.185297 0.0400367 0.490284 0.206613 0.686064 0.253978 0.234285 0.3082 0.610902 0.665304 0.941028 0.651286 0.550594 0.873396 0.300826 0.418016 0.934144 0.313539 0.0754271 0.626136 0.719335 0.387924 0.196754 0.819586 0.287077 0.629878 
9 83 56 6 26 
0.739026 0.646356 0.281173 0.945639 0.33242 0.53515 0.179924 0.64062 0.146052 0.845228 0.581648 0.797339 0.395822 0.455044 0.0981648 0.813838 0.389188 0.411704 0.889265 0.0153241 0.131039 0.277189 0.212078 0.950625 0.564266 0.841955 0.704043 0.397673 0.395684 0.310362 0.188562 0.13471 
10 17 35 50 42 
0.260272 0.929758 0.150938 0.1055 0.511406 0.948277 0.501322 0.96645 0.0464418 0.31516 0.355638 0.458146 0.204425 0.370963 0.589185 0.481613 0.58304 0.53981 0.0458791 0.424996 0.243854 0.443553 0.82068 0.554216 0.632115 0.95539 0.510934 0.10185 0.0357383 0.800073 0.106736 0.296011 
11 6 35 86 78 
0.205951 0.902833 0.207688 0.252393 0.217992 0.563326 0.710539 0.422417 0.934289 0.299724 0.904031 0.517329 0.839535 0.94991 0.942325 0.083388 0.393462 0.763005 0.637604 0.0255774 0.718394 0.148538 0.127428 0.754132 0.948611 0.234164 0.050143 0.678442 0.491838 0.451654 0.91968 0.69779 
12 66 56 76 44 
0.690694 0.660722 0.994896 0.624983 0.960446 0.898926 0.142313 0.799981 0.848836 0.0846377 0.883369 0.242298 0.847642 0.520973 0.267876 0.566036 0.669511 0.395303 0.320169 0.618122 0.629467 0.370312 0.296565 0.121305 0.821965 0.216245 0.819095 0.176452 0.343613 0.769277 0.74893 0.0343073 
13 53 64 0 21 
0.642752 0.801603 0.190426 0.491588 0.886241 0.0737942 0.733886 0.733883 0.594767 0.00176155 0.29992 0.264278 0.397065 0.620089 0.8824 0.0265317 0.990401 0.178965 0.147837 0.812366 0.39521 0.966931 0.988818 0.738823 0.736209 0.737748 0.77313 0.166208 0.481574 0.432421 0.556653 0.124326 
14 34 71 35 22 
0.820873 0.3498 0.854149 0.41564 0.351561 0.154069 0.679918 0.748626 0.774157 0.562318 0.775158 0.764558 0.741283 0.922995 0.576924 0.136493 0.889926 0.565742 0.875316 0.626135 0.30349 0.648446 0.792343 0.785063 0.0808673 0.348996 0.909389 0.314892 0.0960743 0.525303 0.435157 0.916947 
15 44 13 7 12 
0.443375 0.0125048 0.975289 0.217532 0.574823 0.750447 0.98209 0.316106 0.673442 0.559014 0.4526 0.563367 0.124756 0.327916 0.189502 0.428245 0.976362 0.981845 0.213309 0.0572298 0.33084 0.122698 0.372121 0.426915 0.648 0.807278 0.343862 0.523102 0.0965844 0.676449 0.749766 0.539959 
16 68 12 47 35 
0.475502 0.739581 0.579883 0.148944 0.298595 0.0324825 0.712311 0.423351 0.360399 0.901813 0.851597 0.336761 0.883658 0.0649055 0.393991 0.214498 0.187603 0.766112 0.641413 0.835603 0.573391 0.985275 0.358706 0.669975 0.661724 0.108472 0.209934 0.350677 0.833527 0.967425 0.614454 0.309029 
17 70 40 19 41 
0.170283 0.428953 0.587218 0.0720965 0.28055 0.923979 0.955754 0.345455 0.31797 0.170253 0.533059 0.0840817 0.811666 0.368662 0.657472 0.796941 0.727368 0.327447 0.458664 0.835839 0.537381 0.809342 0.669366 0.504806 0.423796 0.978394 0.211812 0.618133 0.436367 0.217414 0.844952 0.60665 
18 55 80 66 46 
0.356149 0.634501 0.272372 0.674119 0.804754 0.805431 0.7582 0.616419 0.174093 0.415672 0.41336 0.90146 0.743119 0.872024 0.7373 0.2805 0.681366 0.406665 0.785306 0.105162 0.38506 0.997119 0.723295 0.821426 0.214533 0.568247 0.428076 0.8609 0.000416824 0.106822 0.787816 0.356566 
19 65 14 49 15 
0.865619 0.788884 0.162496 0.039712 0.204557 0.575856 0.941172 0.947676 0.447881 0.678472 0.228177 0.129247 0.0851372 0.0134832 0.234409 0.470197 0.0106019 0.957703 0.291623 0.225134 0.52595 0.719699 0.086034 0.526367 0.826522 0.87385 0.882933 0.567845 0.934039 0.913617 0.113922 0.799658 
20 21 79 84 64 
0.852274 0.780542 0.854735 0.300155 0.459014 0.0829114 0.429402 0.544152 0.0963946 0.66381 0.0143485 0.106997 0.621514 0.305972 0.332131 0.147464 0.0256711 0.418165 0.673831 0.852193 0.292015 0.556763 0.420038 0.226054 0.47038 0.53396 0.0257122 0.172882 0.810378 0.865082 0.07994 0.662653 
21 31 52 53 69 
0.017586 0.392209 0.648791 0.113981 0.0560199 0.663139 0.220977 0.677534 0.969111 0.553108 0.824997 0.994782 0.971273 0.498828 0.846975 0.263288 0.0555915 0.267013 0.489342 0.525972 0.800973 0.515055 0.698854 0.611352 0.380137 0.778794 0.274005 0.0257617 0.713468 0.236812 0.130401 0.731054 
22 31 40 49 39 
0.442331 0.066012 0.362575 0.411443 0.61912 0.187573 0.406225 0.590393 0.686401 0.2532 0.853681 0.741992 0.520213 0.343024 0.267964 0.321187 0.858078 0.966818 0.932539 0.238215 0.745611 0.206543 0.263977 0.45908 0.443355 0.394378 0.190134 0.0723771 0.17357 0.0351689 0.757419 0.615901 
23 21 48 43 14 
0.310694 0.993967 0.686768 0.164375 0.73596 0.206982 0.507399 0.00392367 0.528169 0.365477 0.970741 0.460707 0.603692 0.716353 0.66725 0.867669 0.175433 0.110605 0.262047 0.365566 0.182983 0.435617 0.400735 0.940401 0.0515177 0.501916 0.0603953 0.0788612 0.222217 0.367962 0.51243 0.532911 
24 45 66 87 61 
0.40618 0.204686 0.101812 0.934348 0.570163 0.0725539 0.395056 0.173856 0.788907 0.0623057 0.0415248 0.964339 0.172911 0.303572 0.329906 0.355894 0.739188 0.730641 0.296295 0.790706 0.232557 0.35669 0.869567 0.454775 0.724652 0.381997 0.987686 0.0865816 0.581195 0.684973 0.18447 0.987375 
25 71 88 12 62 
0.358837 0.316779 0.633678 0.147744 0.379084 0.675203 0.112083 0.551995 0.978774 0.441988 0.907889 0.717963 0.172629 0.204184 0.508669 0.405187 0.560875 0.378236 0.859961 0.285527 0.760232 0.847647 0.372109 0.341427 0.53262 0.556579 0.328802 0.422279 0.842862 0.250525 0.882101 0.201699 
26 63 35 31 16 
0.190982 0.461525 0.498383 0.169756 0.903513 0.406272 0.887719 0.0761428 0.610456 0.396387 0.481329 0.171331 0.774623 0.341291 0.456858 0.534855 0.188938 0.828966 0.876283 0.721558 0.385545 0.205084 0.143837 0.228407 0.455609 0.0259383 0.430106 0.0229123 0.541717 0.779548 0.9693 0.732699 
27 32 34 4 9 
0.873954 0.790174 0.220729 0.48441 0.186561 0.702058 0.655741 0.961184 0.0433488 0.112598 0.49604 0.232287 0.941565 0.372322 0.953845 0.32711 0.577406 0.0976818 0.555517 0.0330156 0.12362 0.985622 0.0559279 0.665337 0.76517 0.0252276 0.398037 0.00624229 0.49291 0.300492 0.150828 0.366864 
28 15 72 31 3 
0.0736148 0.507016 0.238411 0.116964 0.619614 0.734451 0.34925 0.561178 0.106773 0.303095 0.888288 0.68418 0.400777 0.443805 0.717195 0.524397 0.429427 0.773123 0.189734 0.194596 0.798351 0.587771 0.200839 0.291261 0.888263 0.351667 0.658125 0.978929 0.723224 0.5094 0.256156 0.796838 
29 88 75 22 24 
0.229019 0.263053 0.197208 0.335792 0.566148 0.0854957 0.0199718 0.966925 0.5293 0.737167 0.491322 0.958727 0.51029 0.681056 0.153324 0.308641 0.268827 0.354162 0.599902 0.15709 0.705829 0.258027 0.13602 0.429053 0.767426 0.392176 0.225891 0.783842 0.886744 0.139693 0.419871 0.115763 
30 14 28 48 12 
0.702574 0.471527 0.935818 0.231875 0.208694 0.42714 0.190602 0.718984 0.108196 0.343925 0.0276252 0.377023 0.698087 0.627527 0.534114 0.403917 0.885553 0.670134 0.83297 0.65298 0.0623098 0.0588609 0.436821 0.949054 0.198554 0.856692 0.0648171 0.6013 0.47377 0.516372 0.570194 0.176344 
31 7 34 67 36 
0.933153 0.598821 0.915578 0.0413487 0.942746 0.943203 0.418372 0.640833 0.57073 0.952486 0.0447499 0.456283 0.62262 0.877719 0.109263 0.684929 0.93658 0.546084 0.633983 0.135135 0.402776 0.6988 0.736435 0.876546 0.215173 0.306629 0.0528905 0.203072 0.812642 0.46111 0.399666 0.745794 
32 2 49 72 43 
0.258447 0.205515 0.643509 0.829177 0.158001 0.688259 0.28546 0.78062 0.565978 0.394723 0.46555 0.502559 0.940807 0.0995329 0.637693 0.343583 0.798333 0.374128 0.220129 0.0135058 0.680758 0.27302 0.216578 0.493399 0.734129 0.616244 0.239194 0.794059 0.931488 0.0263365 0.796735 0.189935 
33 17 8 15 59 
0.128503 0.304573 0.170473 0.694482 0.699296 0.636022 0.19704 0.640103 0.735555 0.834734 0.983686 0.533889 0.208862 0.203816 0.547394 0.88962 0.476835 0.763972 0.383019 0.210964 0.380216 0.622212 0.00502358 0.311704 0.648549 0.801759 0.501639 0.8804 0.242003 0.520752 0.270253 0.370506 
34 85 9 19 47 
0.0767479 0.262028 0.164725 0.812303 0.0967613 0.148411 0.346192 0.305623 0.352227 0.893586 0.195243 0.829062 0.657559 0.578262 0.0400263 0.0377748 0.200474 0.0450498 0.349479 0.849023 0.846808 0.851118 0.729423 0.0888113 0.37187 0.999676 0.459317 0.197195 0.440402 0.524305 0.721817 0.517149 
35 37 2 5 60 
0.0349523 0.675645 0.188717 0.387179 0.569231 0.38396 0.216241 0.226789 0.962222 0.256267 0.264564 0.162696 0.301317 0.614043 0.0117191 0.148126 0.465161 0.741143 0.236937 0.837032 0.740819 0.696254 0.0342272 0.18122 0.220559 0.756044 0.69837 0.00689114 0.642585 0.0278226 0.889985 0.677537 
36 6 34 49 4 
0.462662 0.280957 0.499487 0.424883 0.537224 0.764051 0.587579 0.838542 0.378094 0.599298 0.986667 0.843256 0.340441 0.223604 0.680288 0.0812597 0.919858 0.714515 0.26248 0.140417 0.470558 0.96085 0.147308 0.113143 0.988672 0.0372927 0.790681 0.69214 0.115995 0.855397 0.964837 0.578656 
37 11 7 15 0 
0.228376 0.591119 0.51212 0.60647 0.190417 0.498787 0.449725 0.530858 0.722391 0.130013 0.612118 0.642249 0.844528 0.874598 0.782666 0.315086 0.835448 0.929974 0.42823 0.82412 0.967267 0.21891 0.51626 0.0832613 0.0743074 0.481097 0.661918 0.210662 0.945422 0.665457 0.884241 0.173797 
38 74 17 81 18 
0.895149 0.229993 0.977852 0.61754 0.360005 0.58997 0.259789 0.204533 0.464568 0.0424556 0.519619 0.300016 0.97243 0.947849 0.124136 0.939696 0.166759 0.640396 0.0229578 0.241066 0.121494 0.684875 0.451728 0.0669157 0.350333 0.335969 0.240713 0.606909 0.73233 0.0209803 0.0539024 0.627478 
39 62 49 68 84 
0.504808 0.815511 0.0862923 0.547263 0.33513 0.386308 0.519693 0.282979 0.510445 0.459389 0.449738 0.150841 0.482347 0.690804 0.272335 0.167223 0.142532 0.339251 0.517555 0.4785 0.579964 0.124464 0.21083 0.600944 0.178366 0.838308 0.851917 0.210121 0.0833265 0.462895 0.831845 0.588134 
40 81 76 31 88 
0.65509 0.896515 0.81489 0.11448 0.346253 0.965731 0.596827 0.0370566 0.238066 0.764049 0.179588 0.577317 0.281604 0.658089 0.157281 0.406068 0.868919 0.758225 0.584435 0.707227 0.610142 0.794555 0.790553 0.0730372 0.6264 0.378687 0.351444 0.544538 0.514085 0.96498 0.848983 0.169175 
41 45 76 67 0 
0.629604 0.880481 0.244805 0.867671 0.644531 0.424393 0.444988 0.926135 0.0824817 0.602268 0.332203 0.9514 0.360493 0.916638 0.658627 0.970635 0.711194 0.44918 0.0436722 0.337594 0.827868 0.395116 0.882131 0.341952 0.360096 0.731114 0.511127 0.221591 0.394988 0.794782 0.42934 0.0245921 
42 63 85 73 53 
0.0985378 0.33725 0.245929 0.18102 0.939519 0.578132 0.13242 0.300012 0.494771 0.791047 0.270647 0.205964 0.240227 0.314319 0.543558 0.0680945 0.709435 0.42569 0.410047 0.0695305 0.156804 0.921174 0.291122 0.551792 0.715956 0.720462 0.576384 0.391219 0.394606 0.468647 0.711013 0.493144 
43 61 34 27 22 
0.535075 0.806584 0.0454272 0.0298453 0.59763 0.316074 0.235809 0.837857 0.630393 0.779367 0.905952 0.339827 0.205057 0.315998 0.409358 0.361861 0.237173 0.70048 0.913653 0.953129 0.420942 0.490036 0.344348 0.815548 0.958683 0.0553615 0.308692 0.76458 0.0123038 0.982856 0.509995 0.547379 
44 23 75 21 12 
0.813033 0.224927 0.501889 0.592401 0.130878 0.841717 0.797458 0.446877 0.251075 0.159319 0.684049 0.951554 0.0729714 0.637178 0.372496 0.563008 0.981526 0.188044 0.521691 0.0368877 0.496736 0.286271 0.0491916 0.479592 0.796266 0.59657 0.269031 0.351688 0.173794 0.656101 0.223185 0.986827 
45 62 8 67 74 
0.566791 0.376686 0.458783 0.817866 0.536005 0.142832 0.76942 0.608976 0.78001 0.141916 0.171984 0.761537 0.32996 0.693675 0.798424 0.826696 0.979945 0.847616 0.306288 0.776211 0.444186 0.575319 0.1279 0.61798 0.23142 0.351084 0.604807 0.112447 0.0761587 0.184036 0.124353 0.64295 
46 59 5 6 1 
0.725968 0.230235 0.705703 0.505979 0.372151 0.877687 0.267515 0.702111 0.571361 0.0659396 0.528806 0.551307 0.913556 0.835094 0.327518 0.357742 0.410413 0.455417 0.975722 0.641832 0.806502 0.580529 0.754279 0.88266 0.764565 0.878632 0.52561 0.325286 0.461768 0.986425 0.422013 0.187737 
47 36 62 63 25 
0.00540183 0.96123 0.290922 0.576763 0.0271699 0.819729 0.12807 0.940725 0.654822 0.455587 0.298467 0.0652352 0.911004 0.274189 0.707067 0.717506 0.854718 0.461347 0.600166 0.619282 0.339979 0.125776 0.944568 0.801747 0.112202 0.366581 0.989484 0.328862 0.494296 0.683199 0.917673 0.499698 
48 47 42 38 29 
0.0283237 0.204531 0.612325 0.683146 0.660118 0.910792 0.748381 0.571123 0.18498 0.455449 0.288629 0.0396979 0.916795 0.888795 0.65898 0.256775 0.0145714 0.603549 0.058522 0.126773 0.970129 0.048006 0.455635 0.464426 0.731205 0.373308 0.964124 0.375635 0.581903 0.0405847 0.0472339 0.610227 
49 21 42 8 77 
0.570351 0.0417543 0.476356 0.755331 0.497203 0.764985 0.795029 0.413998 0.65378 0.454009 0.670773 0.668351 0.0575575 0.729295 0.795124 0.0276869 0.777301 0.250759 0.492112 0.508506 0.624067 0.456236 0.884141 0.20597 0.496821 0.931375 0.816197 0.741936 0.590933 0.10957 0.64717 0.161284 
50 7 54 37 73 
0.888511 0.711643 0.0625259 0.54229 0.165652 0.733299 0.210642 0.22321 0.462594 0.005766 0.250897 0.239895 0.256525 0.743009 0.748401 0.880592 0.199245 0.632541 0.0865624 0.696066 0.563916 0.902759 0.438002 0.154849 0.0123295 0.0851719 0.316133 0.163654 0.208698 0.232748 0.812181 0.0972084 
51 72 23 39 60 
0.608006 0.850141 0.333253 0.0705998 0.855907 0.58415 0.310495 0.112432 0.327159 0.0588953 0.993024 0.526405 0.691437 0.0795863 0.222471 0.255353 0.982346 0.660473 0.410202 0.994675 0.745645 0.726335 0.158329 0.954343 0.959083 0.97051 0.051551 0.903474 0.845218 0.69105 0.0135174 0.453224 
52 55 74 15 25 
0.930921 0.834318 0.509529 0.25808 0.893213 0.502553 0.784485 0.58465 0.582139 0.0069559 0.840002 0.564485 0.667429 0.250204 0.55916 0.413074 0.976539 0.717489 0.367416 0.935622 0.688 0.418967 0.839096 0.533217 0.110017 0.852613 0.986441 0.651208 0.199384 0.510264 0.0483049 0.130305 
53 41 43 26 77 
0.0603868 0.17287 0.822445 0.642526 0.179826 0.662448 0.207011 0.847255 0.912652 0.766171 0.260329 0.889192 0.48366 0.627745 0.824813 0.17166 0.0467119 0.663909 0.704877 0.156729 0.516522 0.691318 0.807937 0.715906 0.201582 0.856242 0.846211 0.546164 0.414075 0.234596 0.78396 0.474462 
54 68 2 86 17 
0.268853 0.323999 0.434548 0.181506 0.0901699 0.694876 0.0706973 0.57383 0.322621 0.895511 0.745489 0.369333 0.55942 0.450366 0.526062 0.0759418 0.141684 0.333999 0.791848 0.343266 0.19024 0.638058 0.88943 0.604316 0.872654 0.67339 0.0787777 0.28012 0.279796 0.195766 0.867413 0.548649 
55 14 17 5 45 
0.996837 0.800852 0.183765 0.319458 0.696363 0.929254 0.688791 0.255783 0.37962 0.214853 0.331724 0.521304 0.548851 0.123572 0.86457 0.739091 0.76163 0.754001 0.343407 0.634284 0.427391 0.422184 0.914405 0.707187 0.61795 0.781818 0.255836 0.137715 0.0837781 0.985991 0.74765 0.0806147 
56 78 88 79 34 
0.860669 0.088863 0.738988 0.240289 0.303715 0.0707125 0.761593 0.852567 0.194285 0.626163 0.591658 0.955915 0.380164 0.935065 0.590199 0.807555 0.357249 0.504604 0.514741 0.975199 0.286422 0.770577 0.112915 0.3702 0.756568 0.860565 0.450814 0.54341 0.791979 0.850887 0.0266159 0.652648 
57 87 78 67 47 
0.836317 0.65453 0.0960318 0.0306012 0.280693 0.68769 0.986516 0.660857 0.622754 0.576715 0.468412 0.980003 0.0813192 0.983154 0.955203 0.367741 0.753731 0.0681173 0.737941 0.510298 0.928682 0.188755 0.0537085 0.720661 0.0396417 0.0803244 0.373309 0.979391 0.845928 0.266245 0.222857 0.682245 
58 14 8 76 61 
0.00657814 0.699362 0.862326 0.629332 0.276077 0.330739 0.609336 0.357397 0.313892 0.564538 0.725137 0.0676229 0.632656 0.463078 0.577921 0.561337 0.651833 0.63163 0.281998 0.691475 0.711954 0.655307 0.670866 0.557882 0.921553 0.893723 0.240127 0.842328 0.212611 0.952974 0.043797 0.219189 
59 36 37 2 65 
0.236862 0.457857 0.28581 0.550755 0.0223957 0.0109476 0.618377 0.655051 0.474026 0.196299 0.216389 0.125858 0.827928 0.498387 0.817333 0.539882 0.153694 0.488199 0.0977644 0.0752469 0.381922 0.337892 0.917575 0.594533 0.290866 0.961372 0.813722 0.943202 0.867495 0.662243 0.871615 0.104358 
60 53 8 23 88 
0.168373 0.27349 0.797548 0.642398 0.469788 0.0139366 0.768257 0.297716 0.512324 0.58559 0.837598 0.666018 0.0737888 0.935363 0.741265 0.45571 0.273255 0.65884 0.0502431 0.56412 0.620212 0.863965 0.507322 0.487708 0.526208 0.378937 0.592065 0.646309 0.536362 0.247177 0.788806 0.704734 
61 73 75 32 88 
0.60029 0.115389 0.288172 0.112614 0.700979 0.12577 0.778632 0.774768 0.0611328 0.519897 0.230478 0.334387 0.178737 0.280722 0.898508 0.798949 0.144687 0.405829 0.286657 0.670895 0.784766 0.878722 0.317204 0.321128 0.1259 0.10601 0.0258622 0.646567 0.692364 0.372995 0.637022 0.292654 
62 2 53 12 16 
0.0509639 0.1839 0.964132 0.112097 0.703797 0.19461 0.446484 0.882535 0.475332 0.344992 0.681484 0.620018 0.750821 0.968141 0.290913 0.535587 0.846863 0.608118 0.856714 0.972763 0.714127 0.882577 0.61933 0.406491 0.255571 0.256352 0.699145 0.743956 0.181546 0.104413 0.93332 0.23251 
63 18 71 38 5 
0.79109 0.874645 0.567393 0.136082 0.556129 0.187411 0.886903 0.52427 0.478325 0.422489 0.371133 0.0864421 0.279203 0.343896 0.80057 0.16178 0.963226 0.207061 0.417352 0.219578 0.906206 0.161307 0.401123 0.0106182 0.094627 0.633633 0.298931 0.992078 0.978239 0.291041 0.0841396 0.769329 
64 41 65 17 7 
0.838944 0.792313 0.246085 0.317269 0.214803 0.617219 0.403711 0.494006 0.961115 0.20428 0.655786 0.924341 0.411341 0.0731377 0.143919 0.317547 0.234445 0.545042 0.328165 0.329072 0.178675 0.627096 0.32115 0.156914 0.918137 0.40529 0.926243 0.0838232 0.0568227 0.831654 0.805638 0.895767 
65 72 86 45 70 
0.616746 0.332776 0.630058 0.821027 0.988562 0.554398 0.232368 0.0616999 0.698317 0.549914 0.296145 0.243359 0.878079 0.625217 0.422033 0.505175 0.946368 0.578947 0.423312 0.351658 0.50519 0.507135 0.40848 0.336844 0.312774 0.304247 0.960811 0.364498 0.517283 0.799581 0.0334401 0.134029 
66 17 48 36 86 
0.217896 0.187423 0.182619 0.916213 0.737337 0.478764 0.159572 0.615417 0.103981 0.581605 0.120591 0.0503489 0.160552 0.543903 0.402006 0.665742 0.0510386 0.810487 0.00258628 0.363812 0.114734 0.963397 0.72831 0.632016 0.762979 0.76175 0.766045 0.895336 0.425248 0.721101 0.016255 0.643144 
67 60 55 27 49 
0.677638 0.718928 0.261278 0.78162 0.300534 0.381869 0.831969 0.461086 0.925773 0.233975 0.126828 0.976811 0.0444618 0.129415 0.340624 0.159196 0.0928121 0.0689336 0.791212 0.855791 0.830683 0.557257 0.751126 0.255931 0.278358 0.767381 0.899075 0.186882 0.966255 0.458431 0.832744 0.643894 
68 5 80 81 22 
0.475891 0.257482 0.938979 0.401664 0.491458 0.065807 0.378476 0.535919 0.195222 0.7191 0.695115 0.288034 0.788033 0.486327 0.143824 0.618717 0.0435846 0.894951 0.874648 0.321943 0.662332 0.773722 0.508825 0.628587 0.232153 0.341569 0.272481 0.409512 0.435591 0.697995 0.887405 0.911483 
69 83 5 16 41 
0.892191 0.691623 0.982854 0.0874126 0.410722 0.677969 0.375446 0.198755 0.164296 0.519271 0.817472 0.207881 0.414221 0.69212 0.529824 0.0765531 0.465842 0.0386493 0.70514 0.697995 0.380219 0.977622 0.107507 0.81581 0.675617 0.994912 0.727293 0.631094 0.821296 0.0404396 0.0780289 0.713487 
70 64 55 16 69 
0.738853 0.176346 0.34154 0.903149 0.695617 0.159012 0.11103 0.109838 0.851132 0.640854 0.186391 0.316974 0.679503 0.891531 0.0149688 0.0597218 0.869153 0.122476 0.875532 0.54477 0.117389 0.602824 0.175864 0.938685 0.643264 0.253893 0.652172 0.375326 0.314776 0.453072 0.518111 0.0536285 
71 25 65 3 52 
0.0186641 0.0678075 0.434873 0.869796 0.708661 0.621264 0.18677 0.388165 0.512795 0.201739 0.447887 0.381948 0.324215 0.323418 0.926718 0.441604 0.926242 0.102582 0.380288 0.569506 0.356474 0.0324605 0.944833 0.67125 0.485532 0.462944 0.724879 0.11495 0.322595 0.681656 0.439985 0.341259 
72 20 25 24 84 
0.496121 0.397826 0.84629 0.00891625 0.599565 0.294176 0.390864 0.92378 0.617595 0.317582 0.365383 0.543837 0.420164 0.745672 0.113343 0.776638 0.778132 0.0581758 0.447889 0.263665 0.52112 0.172767 0.378615 0.843715 0.854424 0.8186 0.184974 0.603887 0.693458 0.39603 0.0620126 0.189579 
73 14 31 7 67 
0.58936 0.3172 0.820074 0.906942 0.682583 0.363911 0.327106 0.428255 0.477254 0.103744 0.206387 0.53543 0.551633 0.470052 0.0565493 0.7244 0.848667 0.900264 0.578824 0.667267 0.0852383 0.182712 0.360725 0.481268 0.244724 0.550305 0.275124 0.153027 0.7488 0.668544 0.355506 0.33816 
74 87 38 17 57 
0.53949 0.572208 0.0965816 0.0167444 0.675952 0.302969 0.552174 0.227585 0.773021 0.608724 0.951985 0.621688 0.508988 0.530809 0.288955 0.594226 0.713521 0.649681 0.0754941 0.958245 0.199985 0.350618 0.111272 0.948785 0.0191613 0.466778 0.286945 0.00490483 0.642357 0.532047 0.673232 0.181847 
75 72 11 77 41 
0.072782 0.750766 0.00779088 0.845803 0.359489 0.959776 0.467491 0.868477 0.490585 0.756446 0.462703 0.204106 0.406127 0.538197 0.162351 0.606112 0.888815 0.273623 0.554897 0.907976 0.7404 0.841841 0.912881 0.382757 0.373888 0.586112 0.564605 0.478142 0.355926 0.763196 0.258349 0.428708 
76 7 26 85 34 
0.225915 0.742001 0.741929 0.716501 0.498447 0.204632 0.920606 0.904573 0.742829 0.0829573 0.510685 0.631643 0.35658 0.0655817 0.539619 0.09698 0.907423 0.4525 0.479737 0.281311 0.0386128 0.0443417 0.759454 0.394538 0.807538 0.0178023 0.823246 0.3215 0.283942 0.0977561 0.194951 0.509857 
77 22 25 64 9 
0.141512 0.146964 0.242777 0.88434 0.229921 0.753462 0.515984 0.586501 0.819044 0.0556032 0.683481 0.726467 0.508104 0.163219 0.00777875 0.546716 0.20756 0.767232 0.941255 0.0150982 0.785035 0.7645 0.336598 0.0689765 0.862256 0.53155 0.578834 0.702014 0.46843 0.805191 0.0402175 0.609941 
78 50 48 29 10 
0.0364574 0.010265 0.768578 0.855502 0.0658681 0.45206 0.581969 0.573972 0.615278 0.589748 0.120688 0.822839 0.35698 0.0619425 0.837937 0.142015 0.826443 0.174535 0.210992 0.688699 0.706084 0.789825 0.390713 0.174514 0.595016 0.43093 0.784455 0.547172 0.713925 0.278736 0.729249 0.750383 
79 58 25 13 75 
0.949886 0.187853 0.928841 0.565165 0.777601 0.0495291 0.388003 0.134582 0.111472 0.22594 0.276597 0.937914 0.400475 0.487588 0.626614 0.106559 0.277413 0.0173266 0.281073 0.87243 0.448257 0.0655283 0.419602 0.162182 0.344265 0.14885 0.912565 0.633266 0.646677 0.518449 0.988136 0.596563 
80 30 69 51 79 
0.966506 0.549731 0.618486 0.0779773 0.775671 0.895082 0.0158918 0.176146 0.38267 0.642505 0.282705 0.660084 0.659832 0.563778 0.532513 0.108089 0.629306 0.952115 0.270271 0.973571 0.100965 0.182836 0.606837 0.747642 0.701286 0.594973 0.344205 0.407588 0.511949 0.505933 0.891492 0.478455 
81 60 37 62 15 
0.40506 0.572324 0.00748129 0.78773 0.21483 0.290186 0.447814 0.874662 0.853964 0.980327 0.982751 0.48327 0.932442 0.253022 0.456841 0.0334071 0.435858 0.0636784 0.781049 0.137144 0.658651 0.125254 0.544732 0.1706 0.631188 0.436225 0.649055 0.686853 0.946203 0.205487 0.518188 0.351263 
82 54 48 27 55 
0.815856 0.586808 0.867303 0.66982 0.567135 0.850053 0.15309 0.499577 0.103075 0.609932 0.532984 0.538934 0.67361 0.314033 0.676077 0.332261 0.439288 0.22081 0.502861 0.0704756 0.657035 0.151916 0.757328 0.603237 0.357404 0.275516 0.954501 0.135215 0.801186 0.093494 0.127856 0.617041 
83 62 72 82 0 
0.845212 0.439951 0.747013 0.948288 0.0498828 0.279997 0.487221 0.723493 0.594031 0.163299 0.0557539 0.0333182 0.384109 0.558615 0.103794 0.0411431 0.710531 0.861122 0.644381 0.0679352 0.136638 0.598881 0.20315 0.937824 0.692375 0.331007 0.554865 0.372677 0.326166 0.841726 0.620113 0.171378 
84 27 71 69 39 
0.647124 0.606887 0.0550525 0.241154 0.770186 0.110806 0.274472 0.154294 0.669422 0.378266 0.195437 0.379953 0.239388 0.839818 0.447888 0.376026 0.438699 0.651038 0.31385 0.131074 0.982045 0.868714 0.503751 0.308211 0.71044 0.123864 0.479589 0.992117 0.49099 0.599255 0.323677 0.138113 
85 1 5 69 18 
0.489535 0.65374 0.130621 0.158957 0.0320057 0.326059 0.53891 0.271394 0.165877 0.986798 0.64742 0.604576 0.637836 0.961269 0.73565 0.619882 0.829983 0.2394 0.928092 0.540424 0.363264 0.407681 0.53254 0.854253 0.00693573 0.856217 0.992367 0.213077 0.234946 0.371634 0.189405 0.724481 
86 68 35 64 31 
0.646085 0.422348 0.328773 0.811961 0.409146 0.976193 0.416537 0.0469826 0.937462 0.152187 0.666864 0.767445 0.391587 0.594957 0.307869 0.754851 0.00263783 0.840409 0.609104 0.00957357 0.696626 0.601471 0.222651 0.931572 0.973105 0.412055 0.656054 0.998479 0.732081 0.539492 0.0558591 0.378166 
87 39 44 88 14 
0.360825 0.606665 0.417969 0.298287 0.758851 0.0848332 0.0657327 0.150438 0.67979 0.373602 0.905289 0.682428 0.214011 0.514393 0.692001 0.910638 0.115864 0.914652 0.84221 0.0889691 0.326707 0.498264 0.0874483 0.0587887 0.0377559 0.143307 0.436955 0.999596 0.52794 0.627082 0.370583 0.888765 
88 49 40 16 29 
0.873385 0.252785 0.143036 0.553175 0.626387 0.0483251 0.235602 0.840398 0.562718 0.927603 0.751036 0.678582 0.842255 0.593246 0.767551 0.168963 0.0915097 0.854999 0.227752 0.129266 0.998307 0.664706 0.128862 0.526246 0.291789 0.499444 0.415011 0.525536 0.287996 0.602064 0.518134 0.161381 
