71 5
0 1 1 1 1 1 1 0 1 1 0 0 1 1 0 1 0 1 1 0 0 0 0 0 1 0 1 1 0 1 0 1 0 0 1 0 0 1 1 1 1 0 0 0 1 1 0 0 1 0 0 0 1 1 0 1 0 0 1 1 1 1 1 0 0 1 1 0 1 0 0 
0 60 25 17 61 
0.479715 0.70546 0.91499 0.484805 0.628813 0.00275273 0.509124 0.691486 0.552947 0.847817 0.161914 0.785937 0.720698 0.248084 0.646944 0.813241 0.567464 0.105953 0.662397 0.888419 0.924872 0.254741 0.715838 0.745108 0.342469 0.717955 0.772883 0.999247 0.0526585 0.243914 0.627155 0.532373 
1 64 0 10 61 
0.544897 0.526302 0.269673 0.0978447 0.37412 0.431587 0.883782 0.0948173 0.679671 0.530726 0.908058 0.247136 0.636679 0.570455 0.135555 0.561551 0.825196 0.851392 0.306659 0.167665 0.569347 0.0795419 0.166912 0.622006 0.323456 0.794067 0.154379 0.27283 0.336212 0.171557 0.851018 0.881109 
2 25 28 6 32 
0.552279 0.862736 0.166797 0.23195 0.393461 0.0748546 0.479086 0.0301404 0.64531 0.614641 0.591691 0.470506 0.466033 0.898351 0.63817 0.0353805 0.977893 0.805082 0.657386 0.301349 0.59915 0.811765 0.574179 0.935361 0.983323 0.425197 0.81647 0.681182 0.545888 0.795424 0.753161 0.098167 
3 29 14 22 63 
0.809203 0.0817612 0.640122 0.423844 0.673453 0.110627 0.889877 0.571803 0.748798 0.925257 0.549696 0.55388 0.582644 0.851044 0.15303 0.394409 0.425224 0.0883911 0.377732 0.850421 0.904861 0.0589136 0.396309 0.700286 0.812075 0.494476 0.358445 0.732032 0.824593 0.410066 0.726845 0.633796 
4 10 66 36 28 
0.477594 0.947516 0.737083 0.226392 0.872774 0.286779 0.780272 0.455417 0.137823 0.933302 0.849827 0.563047 0.021693 0.227558 0.413467 0.926554 0.286472 0.809776 0.62684 0.0985465 0.304252 0.985285 0.830579 0.128845 0.395351 0.557423 0.762641 0.887178 0.92439 0.820281 0.052458 0.401984 
5 42 61 66 16 
0.0763197 0.408647 0.0959884 0.214143 0.341949 0.945815 0.77719 0.363642 0.173373 0.190657 0.290197 0.459845 0.000433091 0.917037 0.558392 0.304685 0.902322 0.38897 0.43353 0.297673 0.946394 0.196171 0.184851 0.870783 0.0164518 0.237309 0.272767 0.784249 0.0268501 0.901142 0.42482 0.10317 
6 12 56 22 38 
0.466623 0.0945023 0.0153813 0.639997 0.285159 0.305578 0.0998416 0.285592 0.222615 0.658233 0.590277 0.124937 0.0472035 0.0238075 0.422609 0.993597 0.219979 0.607461 0.864381 0.23643 0.84477 0.137148 0.0206795 0.87162 0.0382902 0.445499 0.97479 0.34808 0.966308 0.292102 0.999819 0.432931 
7 21 47 28 4 
0.320778 0.172769 0.957356 0.543393 0.831002 0.547634 0.66833 0.878206 0.571441 0.0909392 0.871803 0.79142 0.6984 0.736183 0.0278503 0.54317 0.873331 0.0485298 0.41479 0.911621 0.494029 0.389579 0.259701 0.460337 0.681682 0.259521 0.893268 0.0682862 0.274721 0.966196 0.74005 0.595499 
8 57 15 68 43 
0.24504 0.807222 0.848173 0.816481 0.898162 0.719976 0.607901 0.596562 0.456159 0.635751 0.139731 0.329491 0.684281 0.554521 0.241112 0.178311 0.9441 0.500813 0.638648 0.625782 0.760334 0.531916 0.694068 0.035055 0.498112 0.434118 0.630554 0.637077 0.131525 0.769447 0.607044 0.376565 
9 4 44 52 20 
0.175193 0.800947 0.0713928 0.631352 0.436698 0.211124 0.960843 0.12098 0.765645 0.201955 0.29929 0.709745 0.702769 0.937938 0.335527 0.463103 0.469853 0.0295954 0.498158 0.967965 0.463714 0.128712 0.605042 0.595238 0.898159 0.212086 0.971803 0.474829 0.667303 0.164849 0.94966 0.842496 
10 45 24 25 26 
0.232177 0.434692 0.523473 0.997822 0.636647 0.822763 0.707567 0.339415 0.760701 0.0430943 0.802518 0.230554 0.0726896 0.300675 0.198519 0.536403 0.429387 0.803561 0.131641 0.327546 0.0156471 0.103444 0.802375 0.68295 0.268293 0.752035 0.525446 0.234088 0.773088 0.999294 0.636582 0.00526424 
11 6 1 36 70 
0.410048 0.743519 0.753747 0.212565 0.974073 0.826437 0.513241 0.172593 0.36284 0.942628 0.976154 0.494482 0.270175 0.991801 0.597926 0.0725498 0.674751 0.866218 0.824585 0.200197 0.100307 0.597672 0.199491 0.736888 0.602937 0.633477 0.896943 0.606022 0.704109 0.879762 0.316676 0.114157 
12 24 68 31 26 
0.89686 0.839963 0.769947 0.2597 0.782591 0.746101 0.754181 0.0527661 0.737902 0.352107 0.125316 0.412653 0.218326 0.949901 0.61285 0.318632 0.547573 0.812341 0.0555208 0.150509 0.445818 0.952464 0.756532 0.149927 0.832226 0.0732075 0.264084 0.455506 0.14363 0.590806 0.0528601 0.04049 
13 42 38 57 49 
0.568908 0.0543714 0.266127 0.306809 0.406479 0.391443 0.719462 0.624804 0.341344 0.332312 0.943437 0.888917 0.144653 0.998958 0.0394261 0.59047 0.951422 0.795958 0.740397 0.783647 0.869166 0.00448107 0.239154 0.0127958 0.595287 0.292014 0.0532858 0.026057 0.11482 0.353476 0.239418 0.683728 
14 47 36 25 40 
0.896988 0.709999 0.43913 0.238332 0.0423114 0.382567 0.127249 0.186964 0.381525 0.166675 0.777434 0.332946 0.962633 0.517832 0.116594 0.831799 0.522313 0.355747 0.844595 0.1176 0.647761 0.89788 0.143657 0.762581 0.251356 0.383075 0.446309 0.659203 0.88862 0.436847 0.473529 0.785609 
15 70 48 69 33 
0.15119 0.376121 0.676751 0.317865 0.153556 0.00969712 0.280498 0.671387 0.126291 0.112297 0.1937 0.482038 0.956892 0.3113 0.129799 0.854772 0.454957 0.89238 0.106128 0.838032 0.33869 0.765331 0.726653 0.775536 0.23886 0.512261 0.922382 0.151519 0.536203 0.11154 0.446745 0.687393 
16 13 66 36 27 
0.133193 0.285756 0.312604 0.259484 0.398053 0.506304 0.741522 0.354945 0.817604 0.871321 0.209717 0.272562 0.763701 0.315845 0.110594 0.102391 0.0811761 0.837246 0.877927 0.320036 0.349508 0.800309 0.471555 0.88571 0.911849 0.918301 0.573103 0.39951 0.0417973 0.578361 0.040727 0.174991 
17 8 23 9 2 
0.859636 0.175997 0.617116 0.67724 0.0473182 0.826833 0.949802 0.81102 0.142678 0.0603954 0.91341 0.223854 0.897642 0.791337 0.54389 0.247149 0.591647 0.0154454 0.132859 0.503495 0.933746 0.705962 0.903005 0.975544 0.284323 0.943732 0.150534 0.14844 0.297064 0.585009 0.410611 0.1567 
18 16 17 42 0 
0.854559 0.783742 0.619344 0.997237 0.844137 0.532754 0.221091 0.741779 0.324092 0.764981 0.988928 0.915738 0.780426 0.121787 0.419234 0.714173 0.82775 0.322239 0.689716 0.112073 0.265972 0.840251 0.260514 0.563035 0.42526 0.671125 0.719735 0.186266 0.698851 0.553675 0.99459 0.553411 
19 35 46 69 37 
0.146689 0.771739 0.923332 0.47078 0.53672 0.91226 0.386519 0.317146 0.0340472 0.805753 0.0313187 0.861797 0.127992 0.721035 0.97387 0.393963 0.561285 0.234384 0.956999 0.986545 0.905508 0.676734 0.172811 0.60436 0.230408 0.167401 0.157771 0.567825 0.781336 0.708419 0.749378 0.928024 
20 23 27 13 61 
0.58497 0.785324 0.334024 0.619017 0.591076 0.365342 0.480814 0.719068 0.0863771 0.454684 0.113031 0.647663 0.689068 0.0700301 0.634208 0.594576 0.746764 0.807019 0.198936 0.977172 0.97442 0.356706 0.544997 0.755756 0.0651248 0.294374 0.68378 0.545282 0.967084 0.0825851 0.56216 0.552054 
21 11 23 8 14 
0.261526 0.651884 0.178053 0.347903 0.106568 0.291085 0.995565 0.795636 0.361115 0.629773 0.390212 0.107878 0.436792 0.589147 0.0850505 0.411212 0.945853 0.630047 0.166967 0.0109782 0.924421 0.850748 0.556261 0.891506 0.933333 0.118421 0.443559 0.801241 0.0146041 0.61463 0.260227 0.27613 
22 52 19 10 48 
0.729364 0.619598 0.168718 0.090479 0.249371 0.55893 0.198357 0.686163 0.148077 0.283408 0.0973743 0.0939302 0.913455 0.264342 0.104908 0.837876 0.115089 0.661169 0.729382 0.0484219 0.77959 0.172941 0.849663 0.794194 0.787571 0.10989 0.0703234 0.0540856 0.54817 0.694356 0.427168 0.277534 
23 29 39 66 30 
0.154816 0.56637 0.249488 0.302893 0.849778 0.346862 0.396823 0.763233 0.611203 0.501731 0.60111 0.726293 0.1629 0.330492 0.774715 0.94249 0.503433 0.624378 0.736683 0.291005 0.734268 0.807007 0.34509 0.282438 0.501363 0.772258 0.559972 0.815317 0.368144 0.927984 0.378642 0.52296 
24 8 42 51 70 
0.974991 0.222676 0.107367 0.586195 0.724407 0.708476 0.312487 0.887307 0.0389682 0.0872019 0.829797 0.542402 0.71158 0.56648 0.833406 0.445848 0.373487 0.178497 0.728285 0.87485 0.950755 0.288257 0.690167 0.318899 0.216241 0.0688088 0.84186 0.710596 0.696938 0.667713 0.0547296 0.671929 
25 21 44 12 10 
0.870573 0.570611 0.502103 0.909541 0.657813 0.3319 0.451942 0.369393 0.89838 0.285349 0.815241 0.271867 0.463845 0.543526 0.146718 0.4146 0.831783 0.836885 0.7335 0.0480246 0.905693 0.575359 0.758621 0.602632 0.243072 0.813351 0.274561 0.13346 0.975447 0.532685 0.748255 0.846019 
26 11 67 10 61 
0.582258 0.207502 0.130502 0.480638 0.492851 0.945743 0.752505 0.956696 0.48927 0.899223 0.371297 0.321053 0.736107 0.104796 0.369077 0.641801 0.680155 0.127698 0.244433 0.923227 0.941049 0.518994 0.0566868 0.916495 0.0516785 0.804942 0.762515 0.154975 0.0553004 0.518075 0.916084 0.637558 
27 44 51 54 15 
0.99233 0.870701 0.175125 0.481599 0.769924 0.546421 0.802652 0.506032 0.651217 0.17173 0.147833 0.331372 0.299428 0.392265 0.254599 0.240477 0.911259 0.311286 0.156972 0.962937 0.116228 0.919487 0.117912 0.171529 0.437562 0.033996 0.809087 0.163139 0.0805825 0.927283 0.381568 0.0729123 
28 37 26 22 19 
0.103114 0.357164 0.0739406 0.754331 0.528893 0.221773 0.0857036 0.828321 0.614039 0.340303 0.0687977 0.525298 0.651589 0.22577 0.488235 0.767817 0.145256 0.606147 0.939346 0.582818 0.640143 0.748433 0.745957 0.720725 0.675716 0.127525 0.793638 0.4737 0.684217 0.348149 0.0416092 0.787331 
29 70 26 52 15 
0.337323 0.627365 0.0625278 0.951362 0.967668 0.131325 0.476659 0.619257 0.357095 0.964894 0.387074 0.502351 0.571041 0.32642 0.0851695 0.211184 0.0748532 0.831127 0.931909 0.750569 0.958651 0.725547 0.22427 0.642868 0.0736965 0.265879 0.430199 0.77901 0.381429 0.971861 0.0132164 0.718752 
30 40 13 12 35 
0.20707 0.146773 0.186151 0.564165 0.111667 0.573225 0.0665161 0.682708 0.899646 0.151686 0.893892 0.974499 0.982812 0.825801 0.725068 0.941463 0.551348 0.949337 0.584332 0.625045 0.215216 0.0145305 0.404055 0.596645 0.986391 0.417271 0.315397 0.585617 0.493015 0.98551 0.152511 0.700085 
31 59 56 39 13 
0.911887 0.330766 0.926658 0.811533 0.482451 0.82055 0.786032 0.465263 0.646352 0.511099 0.406727 0.1977 0.460437 0.991059 0.822745 0.675653 0.00558917 0.2268 0.272298 0.99198 0.644071 0.587694 0.577597 0.137086 0.573205 0.730108 0.837171 0.705488 0.0687705 0.10142 0.949438 0.980658 
32 68 47 44 5 
0.696646 0.578222 0.3799 0.342997 0.0893219 0.786627 0.540698 0.549759 0.777686 0.363443 0.225412 0.783275 0.590242 0.49771 0.775255 0.234313 0.0854043 0.352853 0.371399 0.658609 0.0829611 0.208569 0.364096 0.151732 0.309989 0.313534 0.132389 0.742175 0.18963 0.92458 0.656812 0.886275 
33 55 52 63 47 
0.823339 0.76997 0.141883 0.601025 0.133413 0.367295 0.3843 0.723655 0.865005 0.159556 0.957968 0.950409 0.512408 0.329367 0.609018 0.595369 0.537936 0.973115 0.747101 0.847926 0.286648 0.87949 0.590101 0.476278 0.804071 0.246913 0.362553 0.306873 0.283625 0.591826 0.898998 0.106964 
34 20 4 30 56 
0.408176 0.0922898 0.218865 0.273182 0.251845 0.176833 0.223591 0.764254 0.5062 0.832609 0.359623 0.0441358 0.805724 0.106724 0.892061 0.0923721 0.986215 0.482162 0.56865 0.790285 0.729075 0.931204 0.0971585 0.0126998 0.52303 0.996156 0.119664 0.884826 0.0370375 0.827653 0.380036 0.445214 
35 70 47 21 42 
0.775733 0.941987 0.936042 0.281933 0.774596 0.295666 0.326069 0.580319 0.40239 0.21813 0.672692 0.388605 0.700292 0.241342 0.17889 0.429367 0.172545 0.276048 0.442067 0.695575 0.272205 0.561731 0.580402 0.309242 0.389384 0.960438 0.754456 0.309328 0.559338 0.472852 0.481116 0.335071 
36 51 52 2 12 
0.712824 0.943073 0.769754 0.115214 0.161203 0.442445 0.503819 0.861495 0.683787 0.682709 0.290863 0.856332 0.958757 0.73293 0.551907 0.230962 0.294661 0.132309 0.540204 0.684045 0.0927464 0.29466 0.993373 0.652085 0.767512 0.474489 0.987156 0.18235 0.891648 0.60416 0.371785 0.604472 
37 32 12 26 21 
0.583984 0.223506 0.569931 0.267771 0.906214 0.860794 0.124103 0.864971 0.593724 0.676011 0.0959329 0.888384 0.808319 0.636137 0.572429 0.901066 0.930797 0.565802 0.55315 0.698309 0.0402908 0.540306 0.880659 0.931938 0.144467 0.252444 0.536411 0.6917 0.393982 0.256097 0.400136 0.977966 
38 21 22 13 17 
0.830861 0.36984 0.250788 0.424585 0.0458502 0.346721 0.312969 0.85417 0.982858 0.885398 0.755235 0.913655 0.4512 0.308386 0.611963 0.491491 0.848692 0.492622 0.423429 0.993159 0.745066 0.95984 0.684859 0.139048 0.215937 0.0849947 0.117014 0.69554 0.055062 0.36275 0.0813569 0.885923 
39 59 17 68 48 
0.678866 0.623477 0.63261 0.661724 0.508875 0.387845 0.575379 0.960075 0.696231 0.187343 0.451566 0.544923 0.679965 0.874995 0.538082 0.425031 0.834834 0.222941 0.564079 0.0507715 0.307936 0.681093 0.746311 0.362998 0.0438428 0.827668 0.248921 0.776433 0.159814 0.559429 0.554873 0.83868 
40 34 55 0 49 
0.575328 0.0757837 0.651856 0.271559 0.263126 0.103422 0.816483 0.943091 0.978416 0.354565 0.368122 0.813251 0.577506 0.932201 0.864022 0.885442 0.613294 0.610334 0.24844 0.657136 0.438002 0.497361 0.433569 0.597815 0.05679 0.988442 0.436495 0.239696 0.175925 0.9369 0.931477 0.751253 
41 33 2 57 52 
0.686755 0.839295 0.218901 0.665171 0.19386 0.587023 0.478422 0.771366 0.519224 0.342444 0.656808 0.132518 0.952777 0.905247 0.789654 0.390779 0.402608 0.223223 0.988594 0.459398 0.211665 0.42509 0.699094 0.38759 0.36199 0.630572 0.138843 0.374673 0.213905 0.161655 0.650483 0.90066 
42 53 30 39 15 
0.456407 0.0442525 0.966176 0.975631 0.386696 0.622984 0.108149 0.339474 0.528231 0.897804 0.730253 0.930839 0.121027 0.718847 0.390238 0.332692 0.143937 0.0893319 0.720282 0.505927 0.719904 0.859125 0.8806 0.933808 0.0207801 0.531083 0.834468 0.02173 0.400467 0.400299 0.21654 0.856874 
43 11 13 56 58 
0.940655 0.170721 0.33393 0.838458 0.900974 0.264769 0.959485 0.619821 0.655007 0.292177 0.763758 0.744339 0.0124592 0.269685 0.464242 0.871584 0.150285 0.398051 0.892364 0.681368 0.232519 0.914094 0.0818343 0.632818 0.130634 0.938708 0.0773696 0.31335 0.771214 0.908617 0.119049 0.711869 
44 23 6 17 65 
0.717748 0.509812 0.600134 0.372755 0.801989 0.363893 0.117094 0.814448 0.633578 0.581336 0.686032 0.783863 0.979387 0.578397 0.46523 0.211906 0.492491 0.547064 0.844724 0.623125 0.485773 0.922094 0.936474 0.256987 0.830711 0.0555232 0.968855 0.91005 0.508502 0.519182 0.890363 0.22625 
45 36 48 44 51 
0.85439 0.7161 0.645431 0.487968 0.297436 0.331463 0.27183 0.276823 0.90986 0.73706 0.488729 0.402351 0.284125 0.333453 0.0254755 0.769897 0.255547 0.96195 0.0268839 0.086258 0.0174732 0.995739 0.996308 0.525975 0.514921 0.886671 0.752226 0.543915 0.377168 0.351231 0.374898 0.231558 
46 0 24 68 59 
0.351792 0.991355 0.64159 0.261652 0.728416 0.130319 0.664003 0.0125403 0.463772 0.689479 0.782438 0.719319 0.651429 0.809322 0.805577 0.668902 0.805061 0.801885 0.194877 0.319981 0.688556 0.947103 0.863896 0.0657236 0.298334 0.238794 0.297282 0.365665 0.259123 0.016807 0.730432 0.610915 
47 46 32 7 58 
0.50234 0.536571 0.749118 0.966112 0.22605 0.531556 0.685431 0.877478 0.340878 0.491007 0.54638 0.145938 0.292892 0.741257 0.46592 0.981447 0.68836 0.329816 0.0471711 0.986694 0.56861 0.344453 0.35236 0.827733 0.36126 0.0827914 0.438648 0.369422 0.454813 0.311216 0.106 0.957153 
48 45 40 60 4 
0.386675 0.608695 0.951315 0.727552 0.0997026 0.497695 0.873491 0.392595 0.238952 0.33941 0.374042 0.927312 0.669226 0.421213 0.914007 0.237836 0.765666 0.266366 0.0655692 0.126925 0.349158 0.504218 0.496348 0.803971 0.815434 0.602348 0.761124 0.663221 0.457466 0.684388 0.737057 0.844141 
49 19 12 63 53 
0.186067 0.445184 0.785381 0.425019 0.784594 0.159423 0.352331 0.453821 0.580636 0.266338 0.691657 0.346302 0.532704 0.757226 0.473227 0.881862 0.261444 0.969575 0.685833 0.0768773 0.571923 0.446956 0.740098 0.0293891 0.131345 0.477155 0.87353 0.424428 0.165527 0.445224 0.817214 0.351594 
50 65 19 40 49 
0.762018 0.128944 0.128823 0.342654 0.395282 0.82048 0.688956 0.927986 0.577706 0.162183 0.809848 0.839149 0.131758 0.495681 0.916026 0.703681 0.942637 0.656124 0.73307 0.073982 0.13328 0.6066 0.49841 0.298807 0.0518236 0.315625 0.6504 0.942231 0.91822 0.427013 0.617234 0.680238 
51 7 47 24 45 
0.566536 0.711848 0.879225 0.144241 0.874031 0.689074 0.983391 0.00578862 0.184755 0.899417 0.709469 0.127392 0.555541 0.442539 0.201374 0.688821 0.0491386 0.699785 0.987628 0.100962 0.0154092 0.638028 0.0431936 0.933629 0.065041 0.660427 0.613867 0.620998 0.406483 0.636759 0.572237 0.973019 
52 68 56 48 1 
0.140536 0.100651 0.228426 0.325291 6.81151e-05 0.937895 0.452683 0.55561 0.380434 0.654057 0.244431 0.429573 0.353842 0.232058 0.530535 0.369251 0.870086 0.573728 0.30288 0.935127 0.234156 0.916747 0.556125 0.640639 0.553506 0.128362 0.613658 0.902113 0.579824 0.730919 0.12475 0.72036 
53 55 18 61 0 
0.291071 0.498333 0.387247 0.671505 0.15239 0.631678 0.101078 0.506232 0.863736 0.631612 0.875483 0.733822 0.205341 0.178363 0.66895 0.439496 0.0951106 0.225075 0.0801351 0.648617 0.353437 0.693793 0.550729 0.933261 0.424712 0.675479 0.65362 0.256281 0.0286554 0.69927 0.0879193 0.319726 
54 50 33 63 32 
0.106845 0.092309 0.856226 0.970581 0.723921 0.731709 0.704403 0.929262 0.910073 0.373353 0.368758 0.00518339 0.598428 0.448893 0.6538 0.951865 0.142687 0.20453 0.885125 0.567398 0.880009 0.538746 0.82368 0.908664 0.238016 0.911599 0.228391 0.43562 0.386766 0.219622 0.785613 0.493611 
55 25 56 58 50 
0.373549 0.168595 0.965115 0.283621 0.541948 0.333873 0.288805 0.140376 0.782766 0.942605 0.0922406 0.925453 0.147134 0.977366 0.492851 0.0271434 0.516112 0.316531 0.935808 0.754128 0.228131 0.164199 0.189748 0.614896 0.383821 0.975361 0.108507 0.695752 0.6172 0.572698 0.731605 0.990749 
56 49 0 16 54 
0.0305928 0.563175 0.423617 0.813359 0.50578 0.515858 0.738812 0.652915 0.493224 0.231664 0.680058 0.00933563 0.548195 0.615866 0.763464 0.776326 0.780065 0.953211 0.391222 0.163886 0.928572 0.499729 0.859638 0.545773 0.0724277 0.591243 0.536522 0.813721 0.287963 0.810892 0.096962 0.318556 
57 5 15 14 65 
0.0364366 0.870727 0.532763 0.52966 0.102391 0.212821 0.538996 0.650586 0.828687 0.30246 0.426912 0.608752 0.255671 0.818134 0.772638 0.184243 0.317863 0.632276 0.730016 0.390291 0.223519 0.266537 0.204012 0.511481 0.0774293 0.300974 0.830037 0.451497 0.821553 0.961952 0.331345 0.857989 
58 21 55 31 0 
0.0769285 0.926646 0.585655 0.905616 0.229105 0.0125665 0.514367 0.484776 0.8307 0.287005 0.669019 0.148564 0.919281 0.399035 0.538854 0.142799 0.665572 0.742866 0.65428 0.743001 0.0438399 0.484317 0.194498 0.865393 0.446269 0.525843 0.723382 0.278947 0.38995 0.111032 0.214017 0.466878 
59 12 30 18 5 
0.812238 0.886861 0.751559 0.642938 0.173867 0.420578 0.791502 0.0931471 0.819612 0.330356 0.235946 0.485184 0.0732224 0.890227 0.228185 0.117062 0.374544 0.422683 0.982455 0.820813 0.948526 0.705837 0.0997603 0.338475 0.816869 0.313777 0.805354 0.854546 0.113448 0.177848 0.121328 0.925686 
60 17 26 42 49 
0.293465 0.360127 0.331723 0.113077 0.690483 0.567669 0.598261 0.763705 0.457896 0.826446 0.880768 0.83244 0.249129 0.863222 0.653253 0.197655 0.569059 0.753013 0.53613 0.385928 0.0667898 0.341484 0.240474 0.180238 0.519332 0.361802 0.105925 0.584041 0.234689 0.674549 0.822617 0.528154 
61 31 24 67 41 
0.722009 0.239492 0.488864 0.179905 0.0659388 0.369632 0.0123446 0.315068 0.232855 0.665597 0.512723 0.801914 0.41861 0.0488535 0.187842 0.4854 0.390338 0.428316 0.665638 0.90967 0.790118 0.771563 0.493711 0.0248074 0.446112 0.316328 0.552961 0.480788 0.470669 0.194193 0.205948 0.192678 
62 26 44 35 4 
0.0644441 0.384927 0.814692 0.297299 0.0505245 0.327415 0.0992126 0.469135 0.376269 0.287054 0.954535 0.766606 0.71537 0.620173 0.676276 0.505488 0.391736 0.169988 0.530296 0.837848 0.486316 0.0832572 0.318636 0.956985 0.27745 0.524584 0.149662 0.711135 0.219396 0.522245 0.210759 0.28384 
63 70 39 18 46 
0.352866 0.680351 0.426832 0.729134 0.967406 0.381366 0.495741 0.682776 0.00153893 0.172017 0.188264 0.393275 0.342005 0.71856 0.231122 0.828321 0.801817 0.549759 0.785305 0.0792671 0.0743427 0.934968 0.790402 0.293739 0.457213 0.00116051 0.577579 0.364385 0.0266111 0.158718 0.322082 0.379477 
64 6 21 48 62 
0.13028 0.604352 0.489251 0.131818 0.776369 0.677515 0.525093 0.118374 0.396075 0.756215 0.946695 0.197893 0.305974 0.732 0.27716 0.380317 0.666968 0.0675618 0.674056 0.12418 0.0687223 0.251635 0.488565 0.0953334 0.410352 0.810647 0.47481 0.249421 0.559561 0.583421 0.0558962 0.68984 
65 64 34 22 60 
0.222663 0.346752 0.0825167 0.618738 0.102967 0.0292114 0.816631 0.408941 0.761211 0.0937907 0.789258 0.428179 0.161352 0.463314 0.552359 0.230075 0.714948 0.0409245 0.325408 0.125301 0.851572 0.800218 0.374722 0.411132 0.38364 0.430618 0.100972 0.571413 0.975765 0.922631 0.535556 0.198428 
66 52 42 0 41 
0.647284 0.633797 0.781291 0.408495 0.727587 0.570549 0.836674 0.88894 0.033863 0.389034 0.119014 0.748811 0.429958 0.444423 0.874112 0.28153 0.244641 0.248834 0.692662 0.628281 0.679452 0.793634 0.199694 0.655217 0.716265 0.73525 0.853645 0.985648 0.353323 0.670811 0.357998 0.000607002 
67 26 40 6 5 
0.709838 0.245777 0.921134 0.743701 0.63481 0.0401488 0.492512 0.0647686 0.484571 0.366624 0.346298 0.729212 0.615458 0.0389604 0.357493 0.29491 0.832595 0.557187 0.950127 0.54886 0.292438 0.803772 0.534508 0.64576 0.474583 0.892506 0.646367 0.779191 0.0317947 0.0554698 0.811385 0.741633 
68 62 58 35 45 
0.772668 0.977846 0.000825715 0.25724 0.34447 0.347124 0.986452 0.959928 0.386084 0.343945 0.254838 0.218679 0.901133 0.204965 0.767539 0.19357 0.00873753 0.302048 0.839331 0.483321 0.194554 0.485698 0.262511 0.226348 0.541168 0.0738967 0.967981 0.842415 0.806416 0.453315 0.778472 0.579085 
69 35 17 56 5 
0.126422 0.822777 0.735558 0.512506 0.166722 0.990396 0.731185 0.0678553 0.195361 0.498725 0.261426 0.204099 0.800772 0.100756 0.687419 0.995326 0.586454 0.949931 0.221675 0.127622 0.0238275 0.189656 0.970037 0.830244 0.64297 0.748509 0.409329 0.0741304 0.527806 0.245653 0.849761 0.654228 
70 66 2 32 22 
0.575715 0.89792 0.303008 0.771076 0.396644 0.564434 0.975175 0.197417 0.66519 0.662594 0.192743 0.251644 0.612525 0.414417 0.379267 0.636352 0.604073 0.349304 0.466596 0.247043 0.0978129 0.875925 0.321174 0.625619 0.121578 0.170934 0.279847 0.190008 0.756253 0.446582 0.425161 0.331967 
