64 1
0 0 1 1 1 1 0 0 0 0 0 0 1 1 0 1 0 1 0 1 0 0 0 1 1 0 1 1 1 0 0 0 1 1 0 0 1 1 1 0 1 0 1 1 0 0 0 1 1 1 0 0 0 1 0 0 0 0 0 0 0 1 1 0 
0 
0.935295 0.400508 
1 
0.492736 0.190893 
2 
0.674621 0.59926 
3 
0.236204 0.23252 
4 
0.622022 0.613248 
5 
0.9398 0.928484 
6 
0.897949 0.269868 
7 
0.344315 0.0527028 
8 
0.767819 0.237678 
9 
0.171471 0.111994 
10 
0.401844 0.137988 
11 
0.79463 0.702635 
12 
0.969047 0.410761 
13 
0.160138 0.0676987 
14 
0.142813 0.66038 
15 
0.559091 0.0781077 
16 
0.0608882 0.0518263 
17 
0.269001 0.735509 
18 
0.651086 0.505205 
19 
0.968029 0.273108 
20 
0.118454 0.907829 
21 
0.201592 0.0164026 
22 
0.177697 0.545906 
23 
0.0691054 0.945516 
24 
0.783584 0.240576 
25 
0.0575098 0.185429 
26 
0.378565 0.85214 
27 
0.888063 0.347611 
28 
0.2629 0.0482018 
29 
0.41531 0.405713 
30 
0.708582 0.9744 
31 
0.483821 0.76947 
32 
0.0262268 0.752822 
33 
0.504979 0.677313 
34 
0.258027 0.473008 
35 
0.950421 0.376481 
36 
0.380837 0.152013 
37 
0.392883 0.558534 
38 
0.697919 0.461989 
39 
0.50405 0.481503 
40 
0.702565 0.56156 
41 
0.666931 0.0811299 
42 
0.413699 0.554995 
43 
0.428741 0.6766 
44 
0.603197 0.844051 
45 
0.0823126 0.311779 
46 
0.818451 0.566133 
47 
0.0812487 0.844678 
48 
0.318955 0.586228 
49 
0.521991 0.576982 
50 
0.0592363 0.472412 
51 
0.953463 0.440074 
52 
0.624425 0.346346 
53 
0.998608 0.322344 
54 
0.808335 0.502658 
55 
0.803846 0.5109 
56 
0.0642173 0.470778 
57 
0.59203 0.477917 
58 
0.0257729 0.0207712 
59 
0.154516 0.62897 
60 
0.864822 0.236829 
61 
0.940748 0.683273 
62 
0.802962 0.021997 
63 
0.527952 0.121917 
