21 6
1 0 1 0 1 0 0 1 0 0 0 1 0 1 1 0 1 1 1 1 1 
0 11 2 18 9 7 
0.894654 0.955557 0.524144 0.235172 0.483006 0.435168 0.290525 0.411392 0.431564 0.387643 0.151869 0.271139 0.450697 0.679937 0.106564 0.862921 0.691408 0.179907 0.673048 0.880153 0.360566 0.282065 0.22625 0.0570637 0.446087 0.849959 0.388705 0.212391 0.0203377 0.527202 0.723555 0.914992 0.482759 0.247698 0.150164 0.965766 0.682867 0.440688 0.377157 0.114431 0.828332 0.529027 0.38557 0.279028 0.208964 0.492134 0.14195 0.900372 0.672042 0.814998 0.780526 0.0326074 0.0970635 0.00677595 0.0896711 0.543151 0.856735 0.478376 0.755541 0.877073 0.00557863 0.479096 0.792065 0.488338 
1 7 6 0 16 14 
0.831261 0.524091 0.211249 0.360287 0.909661 0.490277 0.569251 0.401795 0.632227 0.469624 0.073837 0.447225 0.250149 0.106444 0.544289 0.256925 0.196115 0.0874391 0.11366 0.674492 0.84298 0.990733 0.68007 0.322076 0.782798 0.168408 0.0488699 0.725026 0.622512 0.45853 0.107943 0.453773 0.982622 0.319192 0.81406 0.892283 0.80947 0.383312 0.294078 0.441696 0.852935 0.367915 0.888922 0.103085 0.47436 0.43321 0.36001 0.670475 0.520649 0.47367 0.344967 0.363629 0.464403 0.0250375 0.685705 0.247201 0.193446 0.734575 0.972227 0.815958 0.193106 0.0801703 0.269731 0.175727 
2 20 6 7 14 10 
0.650529 0.320038 0.730004 0.53945 0.423123 0.204363 0.97266 0.783133 0.874838 0.493309 0.256803 0.219805 0.856939 0.721206 0.244843 0.542644 0.968406 0.438289 0.277219 0.940633 0.254247 0.470325 0.0208035 0.523978 0.646052 0.420166 0.607769 0.714062 0.628998 0.0748718 0.0761506 0.279527 0.39491 0.806154 0.818977 0.818033 0.0105176 0.791637 0.601166 0.885356 0.284946 0.857969 0.105161 0.141885 0.579175 0.350004 0.684529 0.547581 0.788293 0.961749 0.488214 0.0425399 0.432074 0.509017 0.566517 0.0781261 0.929183 0.174286 0.792188 0.558181 0.249158 0.868339 0.837708 0.644068 
3 5 11 14 16 4 
0.921237 0.675528 0.875153 0.500411 0.0255325 0.559682 0.0479921 0.813826 0.521431 0.536206 0.856366 0.953505 0.0452236 0.422883 0.0316313 0.974407 0.597169 0.82382 0.532588 0.846327 0.692159 0.370296 0.490396 0.366652 0.0269809 0.952497 0.0516625 0.475302 0.0157652 0.622029 0.20857 0.937002 0.297557 0.0837231 0.437413 0.32309 0.643406 0.485405 0.136916 0.164837 0.0216115 0.993281 0.118342 0.066835 0.416164 0.149973 0.041242 0.0133335 0.973793 0.57383 0.859661 0.665952 0.944127 0.350057 0.0326034 0.971108 0.302554 0.0842659 0.44641 0.318319 0.706295 0.65498 0.255321 0.00385263 
4 14 11 8 16 7 
0.463858 0.546945 0.199751 0.457139 0.665288 0.266586 0.873304 0.815261 0.307828 0.886637 0.789054 0.881658 0.746298 0.455006 0.825785 0.0963548 0.487609 0.796893 0.398909 0.571875 0.243303 0.717228 0.27817 0.898283 0.972549 0.282023 0.636986 0.665284 0.608965 0.0190944 0.843423 0.0728237 0.56604 0.0431744 0.529963 0.231327 0.309761 0.403267 0.0465883 0.617589 0.289904 0.835642 0.499247 0.0362023 0.290648 0.325032 0.132557 0.778257 0.121925 0.531466 0.350132 0.365227 0.248694 0.628302 0.26351 0.221243 0.910325 0.900496 0.886527 0.519291 0.91959 0.72995 0.592114 0.48563 
5 11 18 14 3 10 
0.763546 0.700474 0.815249 0.599188 0.199721 0.851451 0.889836 0.524753 0.984008 0.668093 0.646678 0.515474 0.018225 0.0119053 0.764168 0.646527 0.275415 0.985412 0.556852 0.175911 0.871939 0.0761429 0.0955007 0.601889 0.668257 0.581131 0.375014 0.790335 0.298088 0.457899 0.315679 0.0616333 0.158373 0.130928 0.660821 0.358094 0.982379 0.550657 0.882848 0.966387 0.21875 0.529526 0.481861 0.236975 0.541431 0.246029 0.883502 0.816846 0.231441 0.440355 0.992757 0.103379 0.516498 0.0882573 0.705269 0.184755 0.669388 0.0802825 0.97509 0.967476 0.538182 0.290769 0.0291089 0.696555 
6 5 11 4 9 13 
0.370461 0.459337 0.467023 0.852322 0.696312 0.00845347 0.098351 0.579815 0.825299 0.329792 0.0201694 0.818056 0.433171 0.536667 0.906313 0.13844 0.721422 0.575701 0.218722 0.696511 0.543177 0.756904 0.98728 0.572286 0.453459 0.408976 0.262216 0.508109 0.813051 0.502803 0.445606 0.183512 0.96214 0.912629 0.0358346 0.658453 0.921082 0.134186 0.238267 0.746381 0.463977 0.258437 0.564437 0.897148 0.795104 0.470751 0.0355881 0.516526 0.046452 0.25431 0.213037 0.589629 0.0112144 0.200317 0.161914 0.464674 0.609293 0.42413 0.972782 0.422344 0.926933 0.418388 0.605857 0.889074 
7 18 19 17 12 13 
0.99848 0.239854 0.0442306 0.562918 0.137003 0.839334 0.0336687 0.172591 0.35586 0.0801207 0.426901 0.568897 0.669749 0.438116 0.769214 0.831664 0.902789 0.378508 0.255794 0.875572 0.800852 0.182727 0.29396 0.406709 0.071801 0.624977 0.0484003 0.619327 0.877076 0.824277 0.405121 0.875556 0.0641317 0.449352 0.438474 0.201134 0.288686 0.472143 0.373725 0.644546 0.552263 0.800626 0.213444 0.222013 0.238742 0.982658 0.0536768 0.141531 0.361166 0.309471 0.0171026 0.162018 0.492198 0.311063 0.568727 0.563999 0.936039 0.617127 0.183327 0.813115 0.441404 0.588448 0.688671 0.505536 
8 9 16 19 6 2 
0.0803957 0.971032 0.151552 0.881022 0.184475 0.373565 0.119764 0.167133 0.427241 0.261295 0.528299 0.736712 0.278398 0.690317 0.228911 0.58946 0.259043 0.79291 0.5255 0.87617 0.976237 0.338615 0.317575 0.564685 0.0272862 0.823111 0.602484 0.154432 0.529781 0.92897 0.75372 0.610177 0.900002 0.905272 0.491199 0.0844771 0.278836 0.610963 0.251611 0.706078 0.872258 0.77991 0.44279 0.150655 0.470226 0.6717 0.740115 0.72927 0.46461 0.265615 0.60544 0.440847 0.60423 0.923015 0.00553163 0.631516 0.746125 0.608016 0.785948 0.275907 0.536985 0.539668 0.886084 0.436987 
9 12 6 4 13 3 
0.773075 0.429853 0.860503 0.552984 0.872643 0.0111586 0.0232106 0.544343 0.751274 0.75248 0.0089536 0.0168891 0.35792 0.449801 0.621119 0.280935 0.455332 0.252635 0.0270605 0.063348 0.0385823 0.302967 0.600333 0.57825 0.189051 0.0373205 0.0231889 0.566333 0.558785 0.746964 0.554579 0.331859 0.176817 0.415082 0.884844 0.0494597 0.42624 0.908054 0.593803 0.177515 0.660535 0.602756 0.194404 0.0184551 0.0525572 0.815522 0.29939 0.50789 0.0681572 0.326451 0.571238 0.106739 0.629418 0.171571 0.684989 0.818469 0.208892 0.708178 0.384802 0.767676 0.455142 0.93938 0.0995356 0.631959 
10 5 9 18 4 6 
0.275222 0.958217 0.552968 0.877978 0.152621 0.571424 0.930535 0.968143 0.870814 0.438425 0.0363005 0.197264 0.0096625 0.14304 0.826682 0.181234 0.828029 0.645151 0.390125 0.536207 0.0299526 0.157801 0.99135 0.969333 0.257337 0.623309 0.323795 0.241716 0.304728 0.104498 0.13415 0.57995 0.0627149 0.687118 0.457928 0.215336 0.258542 0.388463 0.183479 0.129356 0.826888 0.21978 0.32662 0.836551 0.36282 0.153302 0.0177844 0.190849 0.798453 0.407909 0.727056 0.828406 0.565711 0.718406 0.797739 0.823047 0.341715 0.121534 0.0647636 0.646443 0.226032 0.198913 0.226393 0.288747 
11 8 10 6 3 9 
0.687561 0.273929 0.899672 0.907341 0.600549 0.736223 0.270161 0.753852 0.754008 0.46101 0.552305 0.161917 0.188066 0.380711 0.727628 0.906472 0.17845 0.550675 0.248186 0.299984 0.615439 0.894629 0.526015 0.814352 0.121022 0.814762 0.700384 0.805342 0.318844 0.844958 0.878126 0.00640577 0.118887 0.777799 0.913747 0.719437 0.514022 0.183908 0.473289 0.26803 0.644917 0.0255937 0.429947 0.832983 0.406305 0.157575 0.739455 0.584755 0.70825 0.987641 0.884739 0.323689 0.882271 0.410754 0.138042 0.00329226 0.225516 0.838426 0.808635 0.54436 0.683384 0.686761 0.550766 0.802271 
12 8 16 5 11 4 
0.994996 0.246611 0.293338 0.02059 0.676558 0.126321 0.426895 0.834133 0.865776 0.0116497 0.542384 0.853418 0.896388 0.866073 0.735688 0.307143 0.00411445 0.738981 0.532659 0.84254 0.547615 0.0770191 0.525924 0.234376 0.627785 0.328195 0.698935 0.0922983 0.849903 0.677517 0.740719 0.844899 0.924128 0.0340573 0.865489 0.600687 0.160379 0.292384 0.43482 0.0261552 0.304034 0.977204 0.879573 0.200422 0.843276 0.615261 0.507565 0.847391 0.354242 0.0402235 0.689931 0.901857 0.117243 0.215855 0.136233 0.745028 0.54405 0.835168 0.837326 0.393953 0.512685 0.578045 0.238853 0.436813 
13 14 19 8 2 15 
0.472319 0.798636 0.70076 0.449523 0.678209 0.901182 0.292799 0.29347 0.408747 0.14019 0.647712 0.44897 0.830121 0.549569 0.566213 0.0459764 0.685802 0.31124 0.590027 0.520969 0.148566 0.98398 0.0336539 0.726612 0.222833 0.470467 0.338714 0.327174 0.507966 0.111195 0.7239 0.980285 0.909832 0.42466 0.429808 0.588041 0.325841 0.722607 0.881511 0.734588 0.862797 0.529224 0.183558 0.692918 0.0787926 0.749771 0.738895 0.764594 0.0610111 0.328921 0.285563 0.209577 0.312901 0.319217 0.936189 0.535734 0.789684 0.274903 0.862908 0.29765 0.386098 0.586809 0.277935 0.29593 
14 10 3 4 17 15 
0.765482 0.0718977 0.293147 0.294706 0.255456 0.986066 0.373499 0.00522646 0.72496 0.138093 0.0662375 0.0538814 0.423656 0.275815 0.366783 0.742874 0.212004 0.902517 0.532558 0.486907 0.765425 0.830208 0.873005 0.352234 0.108143 0.168935 0.363702 0.815887 0.0529063 0.701012 0.246237 0.818389 0.77291 0.539384 0.113095 0.0283654 0.52545 0.486594 0.0335919 0.25041 0.624687 0.0998294 0.304291 0.0483432 0.375644 0.671074 0.791217 0.587648 0.573591 0.323775 0.0745555 0.339017 0.153983 0.947561 0.691251 0.262126 0.116496 0.054953 0.078013 0.169403 0.755965 0.32425 0.987791 0.528875 
15 2 7 4 17 12 
0.212167 0.690661 0.943786 0.26051 0.0663058 0.61486 0.0517269 0.653954 0.188451 0.375502 0.72851 0.527468 0.529485 0.676071 0.218719 0.791611 0.792567 0.273672 0.869624 0.961969 0.0296366 0.193874 0.949761 0.558511 0.0575088 0.050647 0.115751 0.446593 0.638127 0.706583 0.0860873 0.850294 0.397245 0.0298729 0.110804 0.463551 0.644733 0.16253 0.117505 0.833184 0.538032 0.846015 0.360652 0.0675174 0.522086 0.57937 0.859129 0.314653 0.853042 0.728753 0.276622 0.882678 0.922628 0.226383 0.44119 0.980137 0.27703 0.556941 0.42673 0.915157 0.263525 0.512817 0.76545 0.660769 
16 18 13 9 14 19 
0.241825 0.0206066 0.576817 0.0878397 0.381258 0.644334 0.609925 0.960629 0.503463 0.924578 0.81367 0.232216 0.2012 0.696349 0.154844 0.427583 0.137538 0.13498 0.704612 0.69448 0.56171 0.619769 0.958004 0.0745268 0.38522 0.618773 0.617217 0.261473 0.743093 0.804639 0.300258 0.984918 0.825246 0.877074 0.072758 0.206504 0.521409 0.682683 0.167133 0.0248714 0.607261 0.980803 0.257088 0.808461 0.677152 0.411932 0.236044 0.81469 0.546912 0.940656 0.50917 0.108622 0.560425 0.467174 0.183149 0.945645 0.0859475 0.800365 0.207118 0.829041 0.605005 0.507376 0.813959 0.43025 
17 11 13 9 14 4 
0.803887 0.930731 0.176662 0.78469 0.187818 0.985123 0.461842 0.59975 0.221166 0.276532 0.146662 0.161822 0.785702 0.255284 0.722248 0.252876 0.438432 0.667893 0.338824 0.238798 0.875011 0.167865 0.843802 0.382387 0.981824 0.274053 0.766838 0.868541 0.910807 0.672697 0.437941 0.714695 0.603427 0.614603 0.499385 0.791246 0.599726 0.961227 0.390995 0.820892 0.237759 0.537657 0.982714 0.0234615 0.79294 0.704962 0.276338 0.231373 0.372855 0.615162 0.470171 0.247866 0.783026 0.313973 0.630253 0.76485 0.588026 0.397091 0.633391 0.498833 0.0697874 0.0713329 0.213528 0.673215 
18 13 6 3 17 5 
0.911899 0.393112 0.0892678 0.935361 0.186053 0.79423 0.211698 0.417425 0.167085 0.82686 0.887596 0.41495 0.609887 0.201569 0.045203 0.374737 0.789595 0.442294 0.00812846 0.288429 0.512081 0.0794613 0.501957 0.185296 0.765397 0.21487 0.649756 0.0510588 0.88901 0.505212 0.157612 0.800909 0.898324 0.24688 0.736269 0.0843768 0.0411098 0.947968 0.501802 0.208194 0.774828 0.389398 0.623145 0.384715 0.590968 0.668348 0.759452 0.380563 0.110641 0.76758 0.668992 0.622722 0.847042 0.170948 0.808018 0.612439 0.385818 0.457774 0.663498 0.274828 0.962986 0.82111 0.0757365 0.86131 
19 10 17 6 11 14 
0.447489 0.317294 0.534802 0.836887 0.940438 0.919516 0.427855 0.608786 0.678968 0.808418 0.719427 0.446548 0.477409 0.342149 0.29359 0.648358 0.150167 0.906028 0.0341757 0.607941 0.569526 0.309003 0.570927 0.390636 0.38474 0.432237 0.458625 0.196746 0.377923 0.567725 0.956719 0.825412 0.885019 0.491521 0.6623 0.825457 0.411037 0.0901546 0.434243 0.0900054 0.898572 0.15367 0.536554 0.375982 0.49582 0.830143 0.0243392 0.645987 0.736172 0.0585149 0.253927 0.305698 0.367518 0.824854 0.696333 0.752258 0.257091 0.154958 0.949004 0.635014 0.722683 0.905724 0.460426 0.607702 
20 14 10 5 2 8 
0.867403 0.898288 0.111453 0.021073 0.434841 0.487434 0.516893 0.264984 0.511774 0.162879 0.00115609 0.570288 0.416807 0.306854 0.937807 0.241661 0.00318681 0.690065 0.498752 0.158145 0.63907 0.133766 0.880829 0.544793 0.594192 0.488531 0.942038 0.716918 0.92169 0.750321 0.929798 0.789092 0.648608 0.041251 0.810165 0.0834495 0.528685 0.327058 0.348434 0.0404589 0.489937 0.34959 0.610747 0.906744 0.656444 0.548554 0.148405 0.65963 0.23862 0.647156 0.817776 0.877689 0.780922 0.698604 0.422483 0.375114 0.187135 0.364521 0.0920315 0.108825 0.114841 0.0218298 0.897917 0.76345 
