95 2
0 0 1 0 1 0 0 1 0 1 1 1 1 1 0 1 0 1 0 0 0 1 1 0 0 0 1 0 0 0 0 0 1 0 1 1 1 0 0 1 1 0 1 1 1 1 1 0 1 0 1 0 0 0 0 0 1 0 1 1 1 0 0 1 0 0 0 0 0 1 0 0 0 1 0 0 1 1 0 1 0 0 0 0 1 1 1 0 0 1 0 0 1 1 1 
0 19 
0.320507 0.173705 0.417817 0.785333 
1 19 
0.154507 0.179637 0.277393 0.900683 
2 69 
0.174844 0.496577 0.0184673 0.236477 
3 45 
0.901325 0.404466 0.426149 0.755638 
4 10 
0.532163 0.291657 0.527995 0.970063 
5 53 
0.475577 0.230378 0.930677 0.906276 
6 53 
0.315885 0.226784 0.574156 0.733702 
7 83 
0.132832 0.888209 0.191754 0.410225 
8 38 
0.80477 0.585069 0.285468 0.823238 
9 72 
0.188324 0.724563 0.226013 0.614473 
10 49 
0.106197 0.146637 0.771858 0.634192 
11 4 
0.0773786 0.109769 0.347077 0.00805518 
12 59 
0.747528 0.32394 0.242829 0.321683 
13 27 
0.254945 0.454515 0.94585 0.446699 
14 61 
0.251469 0.449809 0.0202103 0.0747069 
15 54 
0.208534 0.79927 0.497368 0.823008 
16 39 
0.603566 0.969645 0.0513289 0.237758 
17 20 
0.128707 0.347527 0.433422 0.136763 
18 7 
0.18095 0.460702 0.606401 0.502634 
19 84 
0.861346 0.957149 0.464194 0.308045 
20 48 
0.198936 0.559514 0.271698 0.219147 
21 18 
0.543053 0.427681 0.433491 0.0404216 
22 87 
0.712962 0.643987 0.220334 0.764291 
23 51 
0.306678 0.892998 0.229272 0.740101 
24 13 
0.592844 0.921051 0.490463 0.199245 
25 53 
0.0088072 0.0605913 0.380834 0.473002 
26 94 
0.202723 0.671938 0.92815 0.474421 
27 0 
0.562371 0.0174741 0.318766 0.995862 
28 93 
0.569455 0.708824 0.701883 0.789788 
29 83 
0.583628 0.0964667 0.366113 0.8129 
30 12 
0.395874 0.405744 0.757618 0.886337 
31 12 
0.181303 0.895144 0.665581 0.562137 
32 42 
0.034217 0.764859 0.0400838 0.962367 
33 8 
0.931168 0.524739 0.256754 0.249934 
34 5 
0.31465 0.819388 0.229425 0.0165325 
35 52 
0.70254 0.60016 0.705643 0.0686532 
36 81 
0.542211 0.464527 0.818805 0.299829 
37 83 
0.423794 0.481132 0.246008 0.0893751 
38 48 
0.614154 0.123592 0.808128 0.654238 
39 37 
0.0474079 0.585406 0.610698 0.304162 
40 52 
0.131299 0.618811 0.654729 0.360725 
41 86 
0.263905 0.0632648 0.235504 0.969548 
42 28 
0.648565 0.511759 0.596445 0.46737 
43 60 
0.947309 0.891164 0.292721 0.193318 
44 1 
0.335989 0.807472 0.104131 0.144118 
45 40 
0.190091 0.191525 0.0471164 0.800789 
46 8 
0.882457 0.932089 0.114499 0.537185 
47 51 
0.749842 0.80109 0.356078 0.985347 
48 84 
0.487996 0.633912 0.282398 0.084441 
49 75 
0.0939861 0.0317502 0.992446 0.386707 
50 19 
0.972985 0.722696 0.0325396 0.0771159 
51 90 
0.49425 0.267207 0.0583391 0.541366 
52 78 
0.554026 0.423823 8.44658e-05 0.668525 
53 76 
0.292898 0.418367 0.762098 0.648976 
54 25 
0.532737 0.136972 0.0376259 0.815134 
55 10 
0.138907 0.90912 0.253163 0.131353 
56 67 
0.478231 0.104338 0.0185234 0.51077 
57 9 
0.885337 0.00502001 0.44866 0.943676 
58 11 
0.516656 0.497702 0.970209 0.516741 
59 62 
0.931216 0.809638 0.584594 0.693314 
60 68 
0.988309 0.226051 0.595586 0.0259345 
61 35 
0.816999 0.164842 0.950306 0.0701616 
62 93 
0.246133 0.548392 0.400532 0.264656 
63 59 
0.581986 0.149994 0.0641827 0.0306462 
64 50 
0.610569 0.547302 0.591372 0.580777 
65 52 
0.757599 0.511994 0.873681 0.342194 
66 47 
0.332295 0.330502 0.431359 0.927881 
67 85 
0.472545 0.74488 0.521279 0.42285 
68 46 
0.817474 0.668983 0.363434 0.218006 
69 35 
0.422596 0.799992 0.0836333 0.486779 
70 56 
0.177303 0.0973476 0.37794 0.768675 
71 59 
0.441983 0.526275 0.190119 0.315664 
72 13 
0.395427 0.64796 0.198971 0.826786 
73 15 
0.555408 0.299331 0.32072 0.0766867 
74 53 
0.135761 0.89416 0.391164 0.499195 
75 34 
0.324804 0.921791 0.912158 0.408437 
76 1 
0.742797 0.58574 0.505917 0.120737 
77 91 
0.184042 0.56272 0.88069 0.374161 
78 46 
0.749158 0.769588 0.526344 0.948129 
79 33 
0.102185 0.503537 0.895705 0.422905 
80 68 
0.617886 0.558666 0.474384 0.00905035 
81 66 
0.586551 0.333854 0.979652 0.498709 
82 63 
0.388222 0.241506 0.328032 0.894139 
83 14 
0.682448 0.0781817 0.924963 0.563138 
84 44 
0.803348 0.312296 0.221931 0.329692 
85 20 
0.818305 0.431876 0.763962 0.71401 
86 28 
0.344186 0.331896 0.413447 0.81857 
87 48 
0.471308 0.405121 0.674801 0.45096 
88 60 
0.417093 0.839182 0.145335 0.745125 
89 83 
0.507578 0.427573 0.811503 0.432541 
90 15 
0.263846 0.235888 0.303006 0.485777 
91 30 
0.563431 0.304082 0.997456 0.327394 
92 13 
0.852238 0.67158 0.349989 0.265685 
93 63 
0.690935 0.736993 0.895271 0.365736 
94 75 
0.7991 0.782829 0.0271351 0.944436 
