18 5
1 0 1 0 0 0 1 0 0 1 0 1 1 0 0 1 1 1 
0 7 6 15 9 
0.164682 0.202431 0.574369 0.0302595 0.651981 0.131133 0.949664 0.99264 0.104816 0.84709 0.204834 0.316231 0.201519 0.0551899 0.706286 0.0768027 0.35298 0.69649 0.442206 0.706769 0.656705 0.0347909 0.916878 0.489255 0.405169 0.191171 0.901093 0.407539 0.507724 0.00135815 0.845862 0.672405 
1 14 9 13 12 
0.551364 0.652329 0.848411 0.656179 0.499419 0.0532445 0.97241 0.700938 0.108434 0.678696 0.777741 0.461415 0.375186 0.219946 0.168184 0.0318907 0.254737 0.0850615 0.521146 0.659906 0.276232 0.422239 0.0674453 0.783956 0.423597 0.913307 0.456361 0.627387 0.333538 0.159026 0.483158 0.884902 
2 15 11 1 6 
0.513492 0.0117116 0.493247 0.192188 0.789452 0.954662 0.567374 0.00939862 0.122846 0.599264 0.264136 0.207907 0.12041 0.924042 0.48414 0.54265 0.991487 0.268096 0.966247 0.904794 0.724457 0.593634 0.238333 0.883483 0.0767915 0.123235 0.694838 0.40836 0.664316 0.00561169 0.793173 0.177808 
3 5 13 14 12 
0.816174 0.363928 0.536634 0.08031 0.571835 0.657044 0.00435181 0.0559745 0.199694 0.995839 0.32407 0.16594 0.900633 0.0485271 0.759574 0.138966 0.93201 0.836366 0.262201 0.626848 0.244726 0.926517 0.63246 0.0378983 0.104325 0.649783 0.324318 0.47432 0.456559 0.5654 0.41169 0.272733 
4 9 7 10 16 
0.357395 0.557137 0.805061 0.353234 0.881207 0.971001 0.253867 0.929735 0.730575 0.392833 0.861745 0.566941 0.655033 0.488593 0.811667 0.58155 0.121053 0.849565 0.685875 0.770836 0.173883 0.160195 0.227395 0.739283 0.571885 0.500128 0.668611 0.520208 0.853171 0.169774 0.125575 0.210566 
5 2 17 16 15 
0.817667 0.537853 0.632213 0.2105 0.399598 0.199154 0.865533 0.888191 0.0108208 0.447083 0.00924458 0.860386 0.132958 0.780081 0.0342694 0.293153 0.00747628 0.773553 0.865038 0.507605 0.442164 0.385246 0.360776 0.611938 0.510821 0.571342 0.33885 0.441457 0.135142 0.946969 0.343095 0.952809 
6 17 14 0 5 
0.185282 0.475925 0.781856 0.0456677 0.608883 0.561937 0.0799371 0.902036 0.569414 0.85349 0.767074 0.0770182 0.295654 0.15232 0.437794 0.907592 0.663142 0.00913616 0.246442 0.104599 0.144278 0.193411 0.447694 0.0970871 0.678233 0.423001 0.260396 0.562653 0.597462 0.289237 0.335265 0.782743 
7 14 2 16 6 
0.908348 0.27608 0.248472 0.761838 0.0431539 0.32549 0.0574921 0.195474 0.763284 0.965084 0.858616 0.77242 0.211526 0.963215 0.916699 0.404937 0.410908 0.0137856 0.0831694 0.833909 0.274181 0.645822 0.43137 0.563418 0.981087 0.214114 0.32858 0.0982077 0.0425249 0.702624 0.777266 0.950873 
8 3 17 15 1 
0.351228 0.770203 0.217332 0.114512 0.735288 0.0759478 0.886932 0.946814 0.0391624 0.803631 0.351751 0.450071 0.817417 0.43492 0.283979 0.0915979 0.0807423 0.71535 0.655016 0.0618291 0.929464 0.983597 0.160037 0.971989 0.686221 0.937303 0.922862 0.664925 0.963041 0.635573 0.686783 0.314269 
9 17 8 0 3 
0.315713 0.0878774 0.0192257 0.119344 0.439628 0.469296 0.936761 0.874548 0.753276 0.0283588 0.95529 0.468626 0.683375 0.0171195 0.398089 0.666972 0.177156 0.370078 0.353193 0.114459 0.29294 0.0181177 0.0774998 0.928512 0.704901 0.391769 0.334288 0.609017 0.820549 0.475352 0.58908 0.136263 
10 5 3 12 7 
0.192368 0.877405 0.830877 0.220727 0.832696 0.299503 0.904102 0.849815 0.697592 0.571074 0.0269715 0.06767 0.924266 0.141431 0.36061 0.942384 0.21893 0.289122 0.647285 0.610699 0.62341 0.256301 0.431248 0.098762 0.845381 0.567511 0.661991 0.453687 0.823118 0.664848 0.531289 0.0154861 
11 3 6 0 1 
0.661669 0.140315 0.224765 0.359261 0.711389 0.251736 0.426931 0.635655 0.393167 0.787541 0.578039 0.612097 0.0766626 0.225324 0.222796 0.700073 0.481625 0.654044 0.798835 0.327007 0.221555 0.460826 0.780694 0.0446734 0.125674 0.311982 0.0601595 0.667928 0.674148 0.296372 0.0428775 0.335817 
12 11 14 13 6 
0.519379 0.122009 0.783731 0.912545 0.90955 0.36177 0.524643 0.986212 0.587094 0.747439 0.686285 0.0687195 0.401483 0.48512 0.395726 0.623038 0.945946 0.17642 0.667712 0.0716198 0.488402 0.727871 0.739548 0.16255 0.0242439 0.782425 0.498367 0.460931 0.0500676 0.193445 0.609007 0.569446 
13 2 15 3 4 
0.211216 0.341603 0.754073 0.897501 0.410322 0.155556 0.382621 0.806048 0.778595 0.328566 0.982468 0.446306 0.400186 0.47087 0.174178 0.139734 0.63342 0.198422 0.922159 0.131787 0.659353 0.972226 0.325232 0.26836 0.541673 0.640686 0.661099 0.0236642 0.86569 0.415608 0.0302985 0.076906 
14 4 9 13 11 
0.685594 0.956049 0.164829 0.0857794 0.426919 0.339006 0.225513 0.0603395 0.537428 0.147672 0.192127 0.196781 0.119898 0.517359 0.465142 0.661571 0.158045 0.126241 0.685235 0.0237356 0.541849 0.715534 0.100642 0.299059 0.499905 0.0750484 0.466591 0.439833 0.432076 0.440172 0.158355 0.117669 
15 6 0 9 4 
0.88348 0.199618 0.576634 0.0756069 0.396399 0.696532 0.592966 0.861541 0.358103 0.751011 0.987782 0.0433386 0.774747 0.52963 0.758872 0.875389 0.828689 0.258778 0.950437 0.295281 0.698611 0.382513 0.735453 0.856966 0.500182 0.131675 0.180149 0.703631 0.954815 0.842339 0.132593 0.838295 
16 2 15 9 3 
0.405758 0.506868 0.299898 0.763862 0.25788 0.28768 0.8072 0.0326267 0.81731 0.566073 0.908015 0.645999 0.824851 0.858452 0.94128 0.523461 0.240965 0.676733 0.380427 0.741147 0.808408 0.560576 0.444778 0.763223 0.402915 0.577371 0.601519 0.444872 0.286597 0.515421 0.883228 0.692356 
17 5 10 16 1 
0.263418 0.312796 0.288115 0.829491 0.220811 0.934115 0.654341 0.0792633 0.875395 0.177802 0.320228 0.552128 0.558229 0.0613757 0.360536 0.118805 0.506154 0.12376 0.52172 0.0835246 0.725278 0.966592 0.370122 0.240699 0.84982 0.0624771 0.262989 0.032946 0.518694 0.543158 0.503751 0.782112 
