32 6
1 1 0 1 1 0 0 1 1 1 0 1 1 1 1 1 0 0 0 0 1 1 1 1 1 0 1 0 1 0 0 1 
0 5 2 13 8 17 
0.359495 0.323892 0.27298 0.992641 0.213078 0.470255 0.53801 0.691202 0.173248 0.997182 0.369015 0.49732 0.535779 0.216836 0.119585 0.158617 0.779324 0.755709 0.660321 0.190921 0.88812 0.889974 0.937602 0.637189 0.628187 0.64958 0.573382 0.541063 0.87081 0.54411 0.952775 0.230304 0.868003 0.225755 0.222945 0.0810808 0.69601 0.760955 0.772283 0.869258 0.758137 0.141298 0.366578 0.293916 0.358134 0.486163 0.452532 0.137458 0.241872 0.112853 0.328379 0.129992 0.00282725 0.265981 0.767181 0.631015 0.915561 0.340563 0.172077 0.786371 0.884674 0.124852 0.0166752 0.752676 
1 6 7 23 0 14 
0.60604 0.915875 0.758712 0.747338 0.282453 0.0526279 0.105471 0.768616 0.50516 0.242929 0.0104879 0.618013 0.571308 0.14048 0.620841 0.837289 0.907661 0.251855 0.75285 0.248225 0.423932 0.539221 0.132898 0.548784 0.555896 0.885574 0.899391 0.795516 0.719331 0.946009 0.796092 0.325371 0.861884 0.554804 0.0727085 0.144337 0.607432 0.17818 0.912953 0.112592 0.421109 0.923441 0.730606 0.992417 0.0639206 0.351447 0.829706 0.971582 0.603302 0.582556 0.219807 0.0272343 0.121776 0.352705 0.576019 0.677672 0.238279 0.47541 0.473189 0.95761 0.421419 0.269281 0.282981 0.283302 
2 7 8 13 1 12 
0.340592 0.544109 0.954979 0.264033 0.274715 0.947396 0.327953 0.626162 0.777101 0.299535 0.229464 0.359657 0.519342 0.256698 0.481433 0.872046 0.832717 0.159106 0.110325 0.308127 0.632294 0.0679356 0.729545 0.901575 0.350917 0.0128475 0.72566 0.706606 0.440487 0.157177 0.240475 0.781079 0.701286 0.195454 0.0451115 0.976001 0.14285 0.373065 0.602163 0.919951 0.6726 0.831627 0.279608 0.191942 0.0883245 0.761042 0.0639883 0.921041 0.920147 0.174314 0.229168 0.552442 0.242249 0.958713 0.454017 0.593166 0.971561 0.179677 0.299772 0.412047 0.336854 0.540247 0.193126 0.0381397 
3 11 5 17 2 26 
0.616304 0.798502 0.283902 0.44793 0.0781103 0.475844 0.536255 0.839152 0.539832 0.457296 0.759299 0.714146 0.686464 0.311741 0.956396 0.645177 0.765758 0.549562 0.616737 0.945435 0.849334 0.0287847 0.282289 0.389581 0.221911 0.320428 0.125282 0.460148 0.334569 0.00383325 0.0714505 0.950873 0.802335 0.355353 0.398804 0.880446 0.831197 0.935059 0.719598 0.371029 0.392355 0.478897 0.0851757 0.0788188 0.790638 0.0415713 0.723996 0.556397 0.591133 0.340733 0.501832 0.440466 0.369518 0.78412 0.830047 0.591429 0.104549 0.955329 0.0515768 0.439118 0.959163 0.123027 0.389991 0.761498 
4 10 8 21 27 15 
0.680606 0.116208 0.840439 0.765782 0.195027 0.631077 0.807353 0.919023 0.187473 0.398486 0.259756 0.689305 0.838953 0.629274 0.473425 0.669 0.220703 0.577974 0.624329 0.272279 0.017092 0.583492 0.395307 0.407083 0.34499 0.873687 0.195878 0.986934 0.183264 0.919732 0.348475 0.86387 0.0359398 0.188914 0.629652 0.230967 0.81999 0.437006 0.14999 0.00746383 0.835492 0.409746 0.696769 0.674445 0.0390195 0.170194 0.343444 0.259722 0.748168 0.967774 0.532001 0.76526 0.551265 0.927308 0.172343 0.896255 0.800995 0.368221 0.883189 0.984258 0.287953 0.231664 0.848129 0.323893 
5 28 25 29 30 0 
0.704849 0.248032 0.750279 0.114595 0.944801 0.424723 0.153614 0.114995 0.768168 0.413336 0.863163 0.735941 0.945338 0.628423 0.287207 0.872646 0.800766 0.183462 0.67364 0.168988 0.0666511 0.657898 0.45694 0.298315 0.506027 0.780833 0.718893 0.983808 0.335692 0.959461 0.898595 0.0405415 0.207494 0.648873 0.155136 0.152295 0.0735968 0.30875 0.26729 0.841764 0.722087 0.130453 0.577706 0.667424 0.758876 0.864912 0.54007 0.559642 0.0483742 0.21371 0.72863 0.115025 0.871608 0.18557 0.413341 0.377635 0.966403 0.132234 0.361443 0.302096 0.0916954 0.260038 0.342637 0.299189 
6 29 24 30 4 19 
0.824273 0.52861 0.849226 0.401978 0.196034 0.608102 0.266891 0.736104 0.167744 0.315265 0.949814 0.896374 0.43029 0.821422 0.0819438 0.843631 0.199057 0.0483471 0.975865 0.5605 0.350443 0.0675601 0.820538 0.69308 0.366749 0.72945 0.190853 0.818233 0.711958 0.997377 0.537006 0.536231 0.525987 0.386231 0.938209 0.722021 0.994333 0.205099 0.458125 0.162077 0.520364 0.407938 0.0584502 0.950654 0.22936 0.140394 0.794285 0.428417 0.188741 0.77015 0.988917 0.539184 0.83771 0.809456 0.232264 0.204459 0.538905 0.423117 0.0226915 0.250863 0.420494 0.559697 0.787094 0.946481 
7 2 28 4 10 19 
0.102338 0.450767 0.534566 0.160788 0.401421 0.763926 0.301182 0.195706 0.192343 0.489923 0.965856 0.181261 0.0291075 0.803566 0.990716 0.261371 0.00802473 0.529621 0.684489 0.0307163 0.780485 0.104983 0.590413 0.567579 0.0514641 0.536342 0.292882 0.719966 0.476604 0.223284 0.846594 0.578942 0.67405 0.381159 0.73973 0.0754714 0.145085 0.0409124 0.271177 0.337428 0.530836 0.237033 0.518689 0.559943 0.0405992 0.509405 0.821315 0.0486239 0.0390266 0.505804 0.0793401 0.819511 0.610786 0.669754 0.38709 0.662251 0.206096 0.679971 0.382217 0.682699 0.903255 0.228811 0.261641 0.577306 
8 19 4 2 13 30 
0.573119 0.160988 0.611173 0.133063 0.201587 0.120578 0.954378 0.250211 0.159604 0.460181 0.329551 0.979116 0.0709676 0.999305 0.366206 0.733218 0.205401 0.0461771 0.115435 0.8881 0.949432 0.344246 0.149741 0.526738 0.954216 0.151112 0.179515 0.709271 0.193395 0.10347 0.801755 0.766515 0.264458 0.412928 0.899577 0.466046 0.533506 0.853955 0.716257 0.69311 0.314136 0.0458081 0.672226 0.385104 0.045113 0.0384316 0.118322 0.250514 0.0846086 0.233757 0.138613 0.034041 0.578003 0.288354 0.560779 0.532219 0.439466 0.740295 0.24149 0.632861 0.843765 0.043245 0.399376 0.108223 
9 4 31 11 28 5 
0.290526 0.682789 0.467045 0.336334 0.355015 0.852148 0.381447 0.393446 0.97047 0.63196 0.478055 0.204227 0.770574 0.512096 0.78223 0.0589277 0.0728753 0.314448 0.498394 0.81317 0.555938 0.131255 0.656935 0.599183 0.530631 0.765158 0.055356 0.829585 0.339427 0.0450347 0.982493 0.629953 0.727824 0.449538 0.966287 0.0828383 0.301686 0.347733 0.476285 0.272156 0.979694 0.95434 0.476383 0.750267 0.466436 0.258613 0.809195 0.539311 0.573061 0.307589 0.352481 0.128999 0.438843 0.00941586 0.728183 0.969474 0.774574 0.783539 0.799059 0.114001 0.828573 0.781552 0.743954 0.556397 
10 8 18 26 22 4 
0.11552 0.804932 0.0376676 0.0698595 0.281315 0.787935 0.536295 0.539928 0.59713 0.0756062 0.112989 0.904718 0.428087 0.241989 0.343562 0.437503 0.970171 0.313036 0.212077 0.75371 0.112095 0.326078 0.582283 0.893647 0.0700322 0.13868 0.124737 0.780273 0.777915 0.657513 0.838247 0.893435 0.462445 0.875914 0.963295 0.74376 0.663849 0.49959 0.283688 0.260979 0.575196 0.396678 0.165697 0.00328316 0.638666 0.509259 0.440786 0.608838 0.822295 0.652863 0.362548 0.93439 0.978941 0.944831 0.828037 0.0489736 0.0835114 0.952774 0.829246 0.861427 0.610287 0.667493 0.754862 0.0727321 
11 24 18 26 2 29 
0.468235 0.792942 0.496858 0.633932 0.796226 0.135525 0.143191 0.237012 0.744362 0.965485 0.889875 0.10691 0.899875 0.868816 0.0517413 0.727912 0.91779 0.135253 0.680687 0.747036 0.996679 0.290974 0.41453 0.751541 0.363706 0.957937 0.469698 0.180198 0.165194 0.687444 0.280379 0.633429 0.480386 0.777237 0.267361 0.276612 0.912761 0.410552 0.513623 0.657124 0.376038 0.403498 0.764034 0.275913 0.272315 0.815775 0.00382542 0.190104 0.951028 0.684512 0.937141 0.947707 0.975486 0.35167 0.699248 0.339192 0.309607 0.168946 0.51939 0.474801 0.85639 0.799769 0.10823 0.336776 
12 5 18 21 6 10 
0.146891 0.162181 0.53051 0.910925 0.438094 0.802824 0.7267 0.44192 0.992929 0.677728 0.126432 0.93007 0.625435 0.101918 0.28174 0.324684 0.44111 0.591347 0.49363 0.9605 0.0661486 0.35002 0.760269 0.174379 0.686796 0.337274 0.549971 0.300185 0.827042 0.336114 0.427196 0.973933 0.498296 0.957706 0.884857 0.93639 0.760531 0.611558 0.37831 0.75346 0.289286 0.504742 0.683529 0.914721 0.60666 0.965269 0.239405 0.0477696 0.556617 0.733035 0.00826926 0.622765 0.083055 0.768538 0.797144 0.769851 0.105812 0.347115 0.070036 0.932854 0.683229 0.497232 0.906786 0.181525 
13 5 25 29 18 12 
0.496226 0.968929 0.692487 0.000967831 0.652458 0.607208 0.607628 0.617727 0.846613 0.655397 0.174344 0.579648 0.663667 0.797109 0.662703 0.432204 0.594254 0.432554 0.538017 0.941368 0.50259 0.47087 0.624598 0.999822 0.377657 0.806123 0.454761 0.1693 0.924038 0.67023 0.572501 0.420264 0.639159 0.264988 0.421232 0.291618 0.872196 0.0288594 0.909345 0.718809 0.684257 0.0836892 0.298457 0.347923 0.880799 0.96116 0.780128 0.475052 0.393714 0.318144 0.41642 0.896304 0.789015 0.041018 0.896126 0.166671 0.847141 0.350888 0.335971 0.771179 0.0211179 0.908473 0.191443 0.660277 
14 2 13 22 30 12 
0.86124 0.764467 0.32579 0.944929 0.0629239 0.673714 0.825728 0.0240837 0.453842 0.30078 0.417797 0.771986 0.7172 0.314101 0.561001 0.758218 0.210228 0.727672 0.605359 0.561115 0.0636432 0.376538 0.582233 0.972116 0.56798 0.242511 0.145577 0.180654 0.194405 0.191235 0.822188 0.0556452 0.955702 0.147978 0.000574331 0.0186259 0.821692 0.826302 0.0427096 0.275533 0.127082 0.460507 0.0475194 0.844282 0.774609 0.60852 0.602501 0.984836 0.336192 0.20786 0.545952 0.399835 0.584397 0.128185 0.371951 0.152378 0.370696 0.517528 0.333032 0.565101 0.708763 0.15522 0.620746 0.664465 
15 5 12 28 9 13 
0.725801 0.400423 0.574704 0.186308 0.447943 0.418987 0.960917 0.0564628 0.0214872 0.945753 0.392655 0.229347 0.491705 0.79249 0.813744 0.61989 0.164441 0.966122 0.990586 0.681969 0.299154 0.555686 0.390732 0.454374 0.176433 0.055198 0.757572 0.797753 0.738289 0.882462 0.245376 0.46409 0.282885 0.82008 0.650398 0.730828 0.239067 0.611315 0.787291 0.260554 0.557068 0.179946 0.489901 0.0487728 0.972435 0.303645 0.668663 0.136876 0.269767 0.659248 0.818845 0.568921 0.214935 0.209577 0.0232949 0.391367 0.264775 0.780867 0.189121 0.00306458 0.663329 0.434496 0.467155 0.946215 
16 15 5 25 31 3 
0.644279 0.244098 0.334709 0.616714 0.547743 0.00337171 0.75359 0.81751 0.66262 0.572435 0.386431 0.877555 0.782012 0.409726 0.268922 0.0467873 0.190593 0.458043 0.0498519 0.853922 0.892539 0.517007 0.800136 0.147115 0.63456 0.477179 0.640758 0.363428 0.941513 0.394955 0.649365 0.585792 0.639053 0.984074 0.202506 0.186796 0.987445 0.956097 0.00430622 0.650065 0.528531 0.390737 0.52762 0.310543 0.800463 0.796542 0.357331 0.991056 0.254585 0.407183 0.844978 0.147124 0.92419 0.645114 0.294239 0.55875 0.122293 0.934997 0.922178 0.0638062 0.329953 0.571543 0.649598 0.969006 
17 3 7 10 15 4 
0.160108 0.193127 0.336733 0.550845 0.720747 0.647276 0.351308 0.51729 0.00460695 0.342364 0.771874 0.41179 0.187342 0.918998 0.335979 0.832457 0.213237 0.894729 0.95475 0.148234 0.816907 0.0185561 0.478187 0.38845 0.668154 0.447193 0.944067 0.520259 0.602995 0.487129 0.32846 0.763103 0.680256 0.665193 0.313948 0.401003 0.312469 0.665257 0.918293 0.317076 0.00762092 0.690167 0.728866 0.194963 0.609166 0.064845 0.0274197 0.822403 0.959574 0.98217 0.970637 0.776481 0.000725706 0.448824 0.164931 0.66888 0.896016 0.108998 0.189139 0.499011 0.596126 0.5176 0.262113 0.276382 
18 0 19 26 23 11 
0.812338 0.248939 0.285846 0.541204 0.443902 0.895012 0.606049 0.471322 0.717414 0.565623 0.453491 0.688051 0.342104 0.454217 0.136875 0.507035 0.123097 0.0328913 0.616033 0.312237 0.531902 0.212159 0.829836 0.794016 0.488542 0.0126289 0.370077 0.165927 0.507891 0.611395 0.761606 0.320229 0.860334 0.0474521 0.861433 0.304236 0.942464 0.467481 0.775558 0.659878 0.0331041 0.22905 0.347929 0.375208 0.683267 0.484804 0.882243 0.806364 0.517696 0.498276 0.118601 0.0495978 0.710436 0.948437 0.843613 0.198977 0.961066 0.213691 0.364905 0.468956 0.825086 0.126511 0.789185 0.68542 
19 23 15 2 1 22 
0.776304 0.151203 0.994264 0.124234 0.526411 0.677531 0.609038 0.408654 0.483895 0.126734 0.906931 0.602496 0.176332 0.617366 0.550933 0.0199452 0.816343 0.511998 0.233636 0.181248 0.980955 0.0587216 0.307758 0.77014 0.744142 0.481721 0.420758 0.733798 0.598147 0.538857 0.499013 0.374452 0.69006 0.493277 0.498686 0.216471 0.170808 0.107724 0.625126 0.654704 0.234458 0.532057 0.2572 0.410789 0.149423 0.808132 0.430735 0.965766 0.320131 0.66437 0.147014 0.301086 0.723092 0.454772 0.0712256 0.467234 0.936494 0.491984 0.201032 0.534641 0.0308405 0.700044 0.909093 0.720901 
20 2 27 1 31 18 
0.562498 0.0188338 0.74996 0.0945546 0.276033 0.160749 0.243977 0.0841657 0.591484 0.209743 0.404296 0.255854 0.356757 0.705382 0.978946 0.81153 0.776608 0.44618 0.748023 0.268591 0.647212 0.282664 0.299432 0.347256 0.191757 0.0203322 0.540578 0.599536 0.957704 0.904708 0.115038 0.520202 0.923542 0.864998 0.614757 0.199575 0.0257477 0.858734 0.283741 0.617232 0.0684777 0.688037 0.873086 0.425235 0.393419 0.852032 0.236765 0.170027 0.298212 0.984789 0.438618 0.945424 0.267453 0.738049 0.29268 0.45921 0.758382 0.833258 0.0587463 0.716086 0.737965 0.173785 0.236288 0.661507 
21 15 30 18 29 23 
0.554848 0.203492 0.226279 0.406881 0.440257 0.396306 0.705093 0.425046 0.834923 0.650517 0.692499 0.572973 0.943197 0.151709 0.331354 0.776455 0.210456 0.0474401 0.51442 0.38424 0.283728 0.175927 0.423023 0.134773 0.037009 0.487554 0.844553 0.181832 0.169316 0.62281 0.0146916 0.724164 0.826302 0.240971 0.131045 0.266559 0.637276 0.836138 0.691605 0.4722 0.486655 0.384104 0.0451724 0.429852 0.535814 0.376527 0.206307 0.746269 0.423967 0.720727 0.13051 0.707695 0.896654 0.553533 0.842468 0.933663 0.0410863 0.687021 0.115495 0.210402 0.309831 0.130186 0.934566 0.136133 
22 6 10 17 24 30 
0.480633 0.388403 0.478401 0.525805 0.818255 0.0142149 0.902332 0.0245623 0.760484 0.326299 0.745289 0.890994 0.033994 0.641943 0.444527 0.876462 0.575606 0.485613 0.563484 0.691101 0.696015 0.873314 0.821287 0.630581 0.00944716 0.192444 0.696191 0.412139 0.200877 0.59794 0.506436 0.68151 0.986343 0.984838 0.207315 0.804599 0.999053 0.109647 0.829161 0.759537 0.435946 0.57445 0.650531 0.46994 0.216393 0.0950575 0.346402 0.791999 0.580671 0.909886 0.4831 0.276685 0.7832 0.304387 0.907266 0.792648 0.496831 0.603458 0.204787 0.697708 0.201397 0.711223 0.379218 0.18774 
23 31 29 21 16 13 
0.8215 0.454651 0.132126 0.39595 0.105181 0.602066 0.612343 0.200239 0.948469 0.404343 0.780909 0.858355 0.887443 0.0575948 0.641555 0.19183 0.964861 0.434203 0.688661 0.568319 0.63899 0.386369 0.769716 0.350213 0.765587 0.957456 0.046274 0.35212 0.949795 0.741388 0.0483004 0.771296 0.196038 0.180427 0.167246 0.301219 0.782493 0.779589 0.501458 0.730962 0.183932 0.282368 0.589317 0.0713747 0.339963 0.230872 0.263205 0.304824 0.665075 0.951865 0.873142 0.304065 0.338234 0.642858 0.654278 0.103821 0.600314 0.700552 0.455942 0.55011 0.44194 0.504242 0.321405 0.637978 
24 25 21 31 0 4 
0.198124 0.452172 0.723023 0.78744 0.523547 0.062986 0.0183124 0.786751 0.36781 0.683387 0.738617 0.240952 0.987452 0.0768511 0.88381 0.64173 0.180673 0.484124 0.342282 0.636614 0.0342335 0.784222 0.140856 0.355639 0.4222 0.825525 0.844289 0.361397 0.292687 0.11253 0.802052 0.490811 0.564702 0.525076 0.278251 0.0882482 0.588062 0.296563 0.874999 0.955871 0.979951 0.613616 0.196823 0.967403 0.690467 0.0806328 0.609134 0.87114 0.564757 0.951416 0.507754 0.59899 0.735638 0.64861 0.954629 0.157837 0.474135 0.798918 0.519234 0.766822 0.911448 0.321286 0.257633 0.476149 
25 18 30 12 13 15 
0.439397 0.390295 0.812398 0.053013 0.587118 0.779801 0.74348 0.667751 0.388934 0.61462 0.232508 0.34035 0.122374 0.831498 0.0759879 0.770984 0.786127 0.233825 0.245119 0.585045 0.753059 0.0119413 0.496492 0.0743455 0.269574 0.972642 0.920708 0.805458 0.537039 0.355132 0.637904 0.976436 0.745427 0.450302 0.0294491 0.332546 0.230103 0.772929 0.000296751 0.619038 0.387549 0.232805 0.959388 0.509923 0.0643025 0.0353756 0.280907 0.850429 0.269201 0.526026 0.435474 0.0222598 0.537967 0.931966 0.0966053 0.807541 0.904608 0.017313 0.612999 0.441647 0.372445 0.250903 0.418083 0.117872 
26 30 24 13 23 29 
0.450714 0.550346 0.608011 0.683518 0.509734 0.117934 0.747821 0.545109 0.398841 0.59825 0.81431 0.924867 0.0337239 0.83657 0.462834 0.96569 0.933175 0.270375 0.870298 0.950488 0.883374 0.311945 0.322933 0.134277 0.730028 0.440804 0.835482 0.17756 0.891222 0.766791 0.398022 0.341935 0.317137 0.0060326 0.025454 0.82687 0.123966 0.773275 0.37198 0.522807 0.371525 0.18629 0.447673 0.405249 0.0228599 0.910507 0.370939 0.956035 0.180882 0.241237 0.906523 0.0642563 0.553182 0.229456 0.198533 0.28321 0.670261 0.0340156 0.460771 0.561482 0.800806 0.858793 0.903418 0.117943 
27 3 19 14 5 7 
0.316793 0.511598 0.0736716 0.503083 0.959272 0.478921 0.525943 0.869779 0.84986 0.481978 0.0506617 0.0910971 0.388502 0.114918 0.644279 0.617958 0.313451 0.92749 0.288218 0.347467 0.388261 0.8497 0.148273 0.247053 0.753118 0.266216 0.111879 0.681989 0.21103 0.10067 0.384136 0.527823 0.612269 0.457808 0.0309067 0.571541 0.936728 0.55685 0.44132 0.786588 0.0388283 0.491981 0.877685 0.42733 0.606899 0.521964 0.0452876 0.920351 0.449454 0.333506 0.267817 0.837715 0.183206 0.41609 0.0847681 0.936324 0.682307 0.196647 0.618313 0.893336 0.297317 0.00244925 0.42116 0.909586 
28 17 4 11 20 10 
0.922446 0.183573 0.0477448 0.414427 0.0612581 0.475075 0.0213267 0.583223 0.520362 0.941677 0.0326769 0.853868 0.209495 0.870392 0.0370741 0.625585 0.95516 0.973398 0.307892 0.151807 0.591711 0.201228 0.449124 0.594161 0.622388 0.358709 0.0544175 0.0744543 0.839835 0.451402 0.0833708 0.762281 0.634975 0.131116 0.176708 0.696234 0.60619 0.198035 0.279456 0.126553 0.139712 0.312133 0.980421 0.349207 0.182525 0.0174948 0.974792 0.137685 0.990893 0.282683 0.289491 0.582604 0.483911 0.738615 0.176765 0.106299 0.0973239 0.231182 0.180754 0.937159 0.682585 0.264124 0.69944 0.31756 
29 31 19 9 26 16 
0.127983 0.213896 0.605383 0.108403 0.563103 0.787908 0.125898 0.537895 0.925593 0.116791 0.820578 0.215084 0.699395 0.304489 0.953699 0.87616 0.410789 0.0510226 0.107343 0.591542 0.988182 0.789927 0.855667 0.687622 0.107488 0.250907 0.563771 0.121282 0.252337 0.637955 0.414532 0.38032 0.851851 0.0199153 0.488723 0.414954 0.807823 0.614621 0.952848 0.733416 0.731412 0.773426 0.9485 0.430808 0.0779158 0.902199 0.306968 0.488704 0.953221 0.41431 0.0802467 0.941403 0.204238 0.935913 0.629025 0.311726 0.18682 0.192796 0.433007 0.439157 0.830751 0.847539 0.819477 0.682602 
30 4 12 25 14 26 
0.654233 0.82383 0.357194 0.0850409 0.901746 0.259393 0.392009 0.39045 0.212615 0.806319 0.470697 0.154018 0.0105568 0.406611 0.783043 0.322282 0.593431 0.97584 0.75529 0.0325876 0.806591 0.602829 0.852064 0.489192 0.470284 0.160264 0.586748 0.145562 0.0830851 0.637151 0.554256 0.737318 0.460982 0.911451 0.822359 0.362728 0.170844 0.214368 0.753178 0.383459 0.020687 0.223875 0.537477 0.0312438 0.630486 0.320521 0.353526 0.223916 0.29636 0.108816 0.256504 0.102951 0.711645 0.108568 0.592143 0.181929 0.268832 0.178891 0.327491 0.351917 0.816042 0.881748 0.0892357 0.277024 
31 6 9 10 5 3 
0.14665 0.616804 0.88498 0.177894 0.24729 0.2055 0.53142 0.471206 0.501861 0.640236 0.72771 0.604812 0.351881 0.836278 0.196955 0.53381 0.10511 0.375846 0.861302 0.457028 0.191888 0.74305 0.546263 0.468912 0.536248 0.457858 0.108663 0.500291 0.583821 0.501593 0.847794 0.730471 0.118397 0.732773 0.908365 0.365687 0.938273 0.439785 0.836893 0.440134 0.080021 0.564603 0.0449459 0.431902 0.400882 0.241901 0.965713 0.505992 0.617747 0.827014 0.963019 0.809635 0.570064 0.509283 0.278547 0.106312 0.967141 0.387211 0.606604 0.550962 0.888804 0.454397 0.281433 0.00720066 
