23 2
0 1 0 0 1 1 0 0 1 1 0 0 1 0 0 0 1 0 0 0 0 1 1 
0 22 
0.314652 0.440244 0.511503 0.526801 
1 20 
0.662334 0.312669 0.274547 0.954694 
2 19 
0.228116 0.351314 0.0436642 0.646856 
3 10 
0.982992 0.731494 0.23346 0.974096 
4 14 
0.194668 0.130636 0.055228 0.343458 
5 12 
0.322712 0.98696 0.0928451 0.556584 
6 14 
0.871235 0.794672 0.377287 0.398036 
7 2 
0.710706 0.860141 0.994316 0.355892 
8 19 
0.34563 0.399556 0.735113 0.642038 
9 6 
0.466607 0.875498 0.356643 0.969478 
10 9 
0.487279 0.0247062 0.413624 0.748699 
11 22 
0.400584 0.841544 0.904002 0.755012 
12 7 
0.775237 0.549683 0.0846154 0.173274 
13 21 
0.124237 0.883979 0.995418 0.118552 
14 9 
0.0836751 0.464182 0.639427 0.818788 
15 10 
0.0219745 0.285395 0.981719 0.378618 
16 15 
0.0518846 0.865897 0.279579 0.465508 
17 16 
0.626997 0.866092 0.45614 0.530999 
18 1 
0.163468 0.306237 0.170787 0.248084 
19 0 
0.306064 0.37232 0.363489 0.301482 
20 2 
0.60336 0.385158 0.955055 0.242787 
21 7 
0.0612756 0.264762 0.48934 0.0429942 
22 2 
0.744213 0.0948788 0.509277 0.0237923 
