57 5
1 1 1 0 1 1 0 1 1 1 1 1 0 0 0 1 1 0 1 1 0 0 0 1 1 0 1 0 1 1 0 1 0 1 1 0 1 0 0 1 0 1 0 1 0 1 0 0 0 0 0 1 1 0 1 0 1 
0 5 16 41 54 
0.763962 0.381127 0.602237 0.841277 0.530622 0.456094 0.72248 0.39557 0.716997 0.564877 0.967046 0.330076 0.0260956 0.612461 0.625008 0.899624 0.305588 0.137772 0.788243 0.0740011 0.922548 0.300595 0.433047 0.314126 0.395447 0.850959 0.0889019 0.271802 0.466884 0.974112 0.589731 0.230845 
1 46 45 55 35 
0.648062 0.794603 0.281432 0.365059 0.359479 0.248478 0.695135 0.385575 0.860939 0.320143 0.285199 0.166527 0.457914 0.0734418 0.240528 0.380462 0.374036 0.673575 0.694588 0.769484 0.524534 0.78349 0.0412855 0.991418 0.757602 0.631016 0.222263 0.112841 0.822985 0.294385 0.998702 0.471047 
2 34 5 14 21 
0.834043 0.389551 0.851384 0.119241 0.556078 0.309299 0.192683 0.796606 0.689761 0.56672 0.470182 0.384349 0.336203 0.994716 0.167839 0.377489 0.986133 0.925441 0.00850527 0.208396 0.0382813 0.83149 0.502782 0.0369833 0.302537 0.59177 0.317117 0.138643 0.0402375 0.845729 0.669884 0.87428 
3 30 13 51 15 
0.830567 0.186205 0.587965 0.520328 0.752924 0.0581462 0.904677 0.0891276 0.0528617 0.0725161 0.466616 0.0389949 0.997957 0.475122 0.247391 0.0362381 0.306611 0.750173 0.0732214 0.609148 0.341943 0.390338 0.747791 0.38218 0.236067 0.417675 0.25646 0.471347 0.938943 0.249982 0.262705 0.76951 
4 15 56 5 55 
0.194515 0.278238 0.961678 0.267032 0.744855 0.000672754 0.264988 0.219976 0.248064 0.301227 0.526588 0.998237 0.374448 0.135736 0.340179 0.764786 0.883527 0.722359 0.000853485 0.301202 0.97882 0.472201 0.240145 0.228801 0.734906 0.00965493 0.664988 0.585576 0.299493 0.854099 0.494392 0.494009 
5 22 34 40 48 
0.456743 0.0260287 0.0971686 0.704807 0.327255 0.623757 0.703043 0.701703 0.759492 0.0432226 0.466489 0.643019 0.765582 0.467343 0.944221 0.744401 0.939544 0.184366 0.973203 0.67445 0.194021 0.638191 0.260026 0.493514 0.49229 0.754418 0.987522 0.624627 0.210489 0.748563 0.501819 0.667232 
6 47 39 4 33 
0.222745 0.0750822 0.80355 0.982237 0.118305 0.270039 0.625256 0.883887 0.737382 0.569477 0.628288 0.676926 0.753843 0.601491 0.351375 0.947863 0.239682 0.611401 0.441377 0.731972 0.36582 0.428899 0.356599 0.576309 0.177462 0.858419 0.243541 0.952053 0.457407 0.615579 0.0539 0.680151 
7 51 13 45 52 
0.127489 0.287645 0.692853 0.864871 0.857122 0.321141 0.541797 0.610964 0.922632 0.893172 0.558827 0.162314 0.504573 0.000204291 0.894286 0.870393 0.429104 0.250885 0.446702 0.606565 0.109304 0.690243 0.558619 0.56671 0.305822 0.612519 0.246862 0.996483 0.469969 0.90925 0.805449 0.597457 
8 3 36 2 55 
0.66498 0.742075 0.897297 0.223808 0.904389 0.40187 0.224012 0.798675 0.272263 0.653116 0.0495602 0.718965 0.259681 0.158864 0.409208 0.8183 0.725574 0.71503 0.430819 0.972436 0.711513 0.900787 0.881686 0.516963 0.498245 0.07858 0.0152648 0.960573 0.132596 0.834708 0.964698 0.797577 
9 38 31 36 17 
0.263865 0.245397 0.279848 0.536128 0.898512 0.329408 0.255094 0.158194 0.488272 0.664302 0.976494 0.213846 0.379331 0.407312 0.186281 0.0908445 0.3081 0.0679671 0.607807 0.806344 0.146547 0.623072 0.766918 0.279143 0.45778 0.731615 0.0767199 0.034563 0.59361 0.0981044 0.515735 0.857475 
10 25 1 2 46 
0.124991 0.648697 0.400207 0.613262 0.312999 0.3767 0.827108 0.69233 0.784013 0.0133896 0.783175 0.0921123 0.0813567 0.390982 0.898457 0.227904 0.0140537 0.665374 0.507047 0.471833 0.39699 0.583767 0.506396 0.9906 0.681871 0.0221318 0.848075 0.0253723 0.817715 0.241678 0.267386 0.942705 
11 31 4 26 23 
0.0442929 0.383076 0.895705 0.828306 0.396465 0.678879 0.920418 0.477822 0.0698612 0.818875 0.705726 0.0839149 0.484249 0.212773 0.555748 0.881239 0.79654 0.0621447 0.871839 0.478411 0.0842765 0.719914 0.503783 0.901991 0.961592 0.771169 0.844696 0.851967 0.438761 0.400664 0.0553415 0.483054 
12 53 51 52 47 
0.629925 0.231778 0.658028 0.699787 0.0506524 0.363753 0.783701 0.534901 0.576526 0.33945 0.41614 0.373066 0.401594 0.287979 0.851477 0.485871 0.00789212 0.35526 0.387862 0.969484 0.126429 0.232558 0.821451 0.565191 0.633223 0.876793 0.0482449 0.416963 0.827839 0.359605 0.597168 0.457764 
13 51 25 42 28 
0.941252 0.176936 0.195475 0.280702 0.593076 0.568541 0.682296 0.881055 0.420019 0.168167 0.888947 0.775279 0.556029 0.858431 0.901708 0.788587 0.679882 0.466899 0.42181 0.556675 0.515144 0.838773 0.384513 0.874748 0.435941 0.842277 0.466131 0.691137 0.999828 0.108166 0.310086 0.94108 
14 47 13 9 53 
0.0741026 0.904078 0.759232 0.494121 0.0722446 0.648179 0.2694 0.628274 0.50661 0.171108 0.416861 0.186492 0.638007 0.838671 0.743166 0.153151 0.677444 0.12768 0.0278992 0.113385 0.969957 0.49403 0.804521 0.969785 0.602195 0.114607 0.910865 0.887297 0.620168 0.132647 0.765475 0.694271 
15 33 24 27 34 
0.172886 0.457792 0.737243 0.679496 0.6289 0.154104 0.865987 0.266907 0.992775 0.609154 0.420058 0.670219 0.736833 0.447957 0.783603 0.706791 0.941987 0.588124 0.676576 0.544183 0.702731 0.587441 0.43148 0.322899 0.720088 0.196955 0.0171699 0.756812 0.721661 0.205562 0.865781 0.894547 
16 6 26 47 55 
0.757127 0.44003 0.559161 0.749902 0.0491839 0.979219 0.420121 0.786017 0.427176 0.203724 0.492808 0.369163 0.791848 0.169384 0.913346 0.49458 0.756825 0.344826 0.817479 0.476912 0.541781 0.834649 0.233724 0.263442 0.0402107 0.0995053 0.157989 0.703564 0.702529 0.732032 0.995818 0.459657 
17 25 30 55 31 
0.534197 0.629679 0.0072638 0.961373 0.833403 0.500072 0.330537 0.625252 0.669455 0.243883 0.119831 0.42628 0.588709 0.937311 0.903192 0.13049 0.77196 0.136916 0.393932 0.81217 0.236422 0.551921 0.515734 0.938951 0.283954 0.511552 0.398607 0.456016 0.0665304 0.608166 0.677263 0.600728 
18 48 23 56 28 
0.184598 0.892638 0.6965 0.854054 0.136521 0.816332 0.280334 0.72523 0.753643 0.183526 0.85572 0.525602 0.320442 0.249652 0.337773 0.556864 0.801574 0.853507 0.495815 0.0855276 0.365059 0.894422 0.541544 0.43159 0.502588 0.218807 0.0323173 0.740433 0.903333 0.594418 0.811682 0.0879316 
19 6 10 16 22 
0.324514 0.222319 0.348808 0.0781569 0.405845 0.204528 0.603759 0.726287 0.454181 0.941532 0.283151 0.255754 0.795039 0.778965 0.341282 0.160098 0.673387 0.882826 0.591688 0.175975 0.101633 0.624005 0.916409 0.00496578 0.218423 0.728091 0.0928974 0.70548 0.236273 0.0348827 0.329057 0.560787 
20 41 55 27 35 
0.242703 0.389334 0.336574 0.184235 0.672484 0.592328 0.979274 0.45145 0.93361 0.139372 0.124837 0.816436 0.73106 0.300812 0.918068 0.355065 0.217221 0.923034 0.573488 0.945312 0.0159314 0.278968 0.181585 0.0508141 0.608025 0.742372 0.308016 0.28589 0.381316 0.971062 0.168283 0.62402 
21 22 25 36 17 
0.787529 0.48433 0.0307939 0.926901 0.609168 0.84723 0.65796 0.90998 0.765298 0.0130249 0.127201 0.688332 0.586513 0.0725127 0.704263 0.865481 0.254097 0.755077 0.473505 0.996469 0.0630931 0.759395 0.377785 0.0341555 0.927678 0.00180504 0.394552 0.432534 0.81006 0.427432 0.529718 0.597588 
22 42 10 43 0 
0.407741 0.182449 0.43091 0.173039 0.195474 0.558112 0.861371 0.781987 0.630624 0.565634 0.647468 0.884722 0.320711 0.120973 0.881191 0.383804 0.880368 0.258976 0.41796 0.808046 0.260781 0.812511 0.24058 0.0708412 0.239944 0.770297 0.668429 0.151706 0.330809 0.192918 0.672636 0.73855 
23 42 1 9 20 
0.77296 0.352828 0.292283 0.338594 0.00029584 0.177005 0.659306 0.121269 0.0581957 0.0431101 0.00163726 0.317172 0.46107 0.809683 0.577954 0.273581 0.0502627 0.648795 0.513525 0.82056 0.317224 0.665231 0.151369 0.510142 0.337868 0.889919 0.88551 0.441415 0.801509 0.456351 0.103073 0.574469 
24 4 8 1 51 
0.572361 0.572369 0.930744 0.630557 0.615479 0.932381 0.947729 0.076549 0.742064 0.525682 0.35013 0.792327 0.174477 0.863655 0.612887 0.491701 0.528887 0.764256 0.00184399 0.866754 0.654175 0.887354 0.308169 0.455684 0.343705 0.411242 0.0301531 0.152884 0.806598 0.943216 0.962359 0.378959 
25 24 23 44 20 
0.825484 0.957245 0.207613 0.567548 0.482927 0.557744 0.359875 0.657404 0.421399 0.972762 0.149106 0.950286 0.737018 0.15095 0.81704 0.391193 0.0383034 0.125209 0.846878 0.382008 0.536451 0.877031 0.534892 0.343049 0.820247 0.49725 0.722008 0.335832 0.390353 0.731524 0.466897 0.215837 
26 41 52 12 13 
0.232254 0.14326 0.8291 0.653653 0.116022 0.978205 0.603939 0.85304 0.129155 0.420979 0.244233 0.167459 0.546187 0.0911107 0.549467 0.0826383 0.968141 0.0843583 0.425687 0.788388 0.581609 0.147696 0.124221 0.971961 0.87922 0.591117 0.187798 0.567988 0.265627 0.971183 0.739684 0.497881 
27 21 4 18 47 
0.546989 0.755473 0.0835035 0.676144 0.176451 0.327737 0.843603 0.722639 0.418847 0.393069 0.805277 0.386989 0.477428 0.230965 0.175377 0.0590363 0.378661 0.299597 0.0309978 0.25788 0.890715 0.218796 0.825869 0.156342 0.189978 0.565553 0.654223 0.304421 0.134337 0.805757 0.534884 0.681326 
28 51 21 42 37 
0.946125 0.201073 0.46032 0.364972 0.594143 0.265598 0.75196 0.0715706 0.496562 0.927337 0.130607 0.875223 0.226934 0.161605 0.133103 0.117649 0.3804 0.958972 0.273991 0.570379 0.524525 0.928214 0.8748 0.658862 0.733971 0.409684 0.340188 0.295201 0.0280719 0.697658 0.0328825 0.974196 
29 33 35 42 0 
0.564445 0.255363 0.0184655 0.695052 0.130586 0.2454 0.856656 0.263689 0.363049 0.237057 0.222661 0.63704 0.807436 0.747186 0.565254 0.682235 0.406048 0.299225 0.0919191 0.746235 0.594426 0.119991 0.443893 0.627308 0.0941873 0.342625 0.120511 0.433355 0.835499 0.879311 0.524484 0.399944 
30 51 13 54 6 
0.788349 0.951652 0.528949 0.151398 0.188708 0.75161 0.788438 0.996144 0.498796 0.353691 0.678379 0.904844 0.652916 0.770298 0.651079 0.247342 0.890289 0.0949728 0.87465 0.984476 0.437597 0.995161 0.417832 0.273096 0.874472 0.942316 0.67304 0.00914646 0.485265 0.768035 0.274407 0.273615 
31 7 2 12 18 
0.554966 0.21345 0.904539 0.0537626 0.567142 0.582918 0.958607 0.220058 0.353216 0.609686 0.467399 0.243505 0.704659 0.342049 0.227982 0.142256 0.337209 0.645814 0.415353 0.211682 0.58813 0.0883927 0.220828 0.0733949 0.856428 0.495235 0.347009 0.576115 0.29859 0.772022 0.48451 0.853557 
32 38 3 48 24 
0.971966 0.865926 0.772672 0.325182 0.475612 0.240071 0.568688 0.180271 0.58212 0.796669 0.322527 0.919329 0.442483 0.73788 0.131011 0.0306124 0.826273 0.351839 0.104007 0.682701 0.847073 0.451017 0.258815 0.145664 0.223039 0.743325 0.99922 0.208511 0.132373 0.90654 0.761126 0.10434 
33 12 44 6 31 
0.99821 0.428349 0.355988 0.794879 0.750877 0.275317 0.237362 0.488757 0.406327 0.267974 0.31503 0.758166 0.371981 0.99773 0.605239 0.822998 0.256546 0.750903 0.0460368 0.999871 0.750123 0.254548 0.132244 0.656663 0.0156738 0.236583 0.429129 0.549471 0.666105 0.677207 0.323339 0.664315 
34 31 47 41 19 
0.954644 0.696555 0.345189 0.360971 0.964529 0.660219 0.119137 0.33651 0.657949 0.724376 0.159508 0.914495 0.475279 0.205545 0.914365 0.225402 0.460093 0.0466093 0.882064 0.475767 0.283193 0.311193 0.0252382 0.949298 0.9884 0.348577 0.613613 0.0939554 0.0279044 0.0728067 0.950388 0.982548 
35 30 17 45 4 
0.955796 0.462656 0.0704018 0.613745 0.187032 0.22991 0.52824 0.66231 0.435455 0.442606 0.887712 0.895549 0.489215 0.769777 0.371316 0.772408 0.0809696 0.396554 0.721706 0.0693692 0.745131 0.335319 0.163325 0.773036 0.408125 0.113712 0.755584 0.177487 0.40929 0.0991032 0.911379 0.365085 
36 3 14 22 8 
0.211691 0.507071 0.411102 0.647146 0.949676 0.298814 0.542695 0.438891 0.0685902 0.914011 0.211299 0.14956 0.310565 0.933004 0.218929 0.0556963 0.268323 0.382254 0.828732 0.676448 0.495966 0.584316 0.853936 0.905256 0.683419 0.765315 0.270341 0.245179 0.747095 0.249172 0.99397 0.958786 
37 44 38 32 6 
0.703885 0.148628 0.14481 0.772475 0.0626383 0.356108 0.922035 0.373203 0.289112 0.140964 0.428899 0.557435 0.523218 0.257631 0.233884 0.0191842 0.841948 0.0878194 0.92444 0.525367 0.853134 0.194781 0.770546 0.600229 0.443953 0.764516 0.559016 0.200195 0.169587 0.164948 0.906114 0.873472 
38 5 52 18 30 
0.407031 0.567983 0.749417 0.696143 0.708947 0.178316 0.253579 0.232165 0.435948 0.487462 0.251349 0.277896 0.575282 0.175789 0.803263 0.428416 0.37057 0.573809 0.0286453 0.814523 0.338324 0.587661 0.0147183 0.507911 0.752609 0.920832 0.381384 0.0661852 0.971755 0.0273314 0.442399 0.378786 
39 50 52 54 9 
0.370133 0.328508 0.536427 0.806081 0.815971 0.787776 0.0839763 0.391252 0.963566 0.887239 0.819668 0.334136 0.461048 0.848314 0.148659 0.799372 0.435975 0.163378 0.307283 0.188584 0.0842096 0.688667 0.254769 0.0559645 0.715998 0.697168 0.434751 0.311313 0.888985 0.50968 0.615574 0.259118 
40 13 43 35 47 
0.939778 0.149175 0.0454118 0.903343 0.0364136 0.86508 0.237479 0.497461 0.713394 0.386139 0.296833 0.149368 0.549516 0.604116 0.337952 0.633726 0.292783 0.592721 0.68969 0.00878192 0.28989 0.124441 0.320095 0.178874 0.634121 0.935669 0.437992 0.47231 0.0876705 0.50319 0.12647 0.0274481 
41 39 50 30 44 
0.0369614 0.168271 0.186239 0.750355 0.554409 0.483073 0.899723 0.103925 0.0871889 0.237675 0.737651 0.379972 0.830396 0.427342 0.388754 0.120286 0.551783 0.708849 0.29916 0.185904 0.644518 0.737152 0.658214 0.732189 0.240342 0.784684 0.759637 0.892706 0.956565 0.690428 0.581485 0.993527 
42 44 20 12 14 
0.250797 0.643605 0.517033 0.337985 0.88128 0.254685 0.717958 0.711676 0.682026 0.106712 0.831962 0.233809 0.815561 0.131122 0.419713 0.460079 0.868274 0.0779277 0.192268 0.108616 0.862612 0.951905 0.00132265 0.819177 0.642333 0.582807 0.812703 0.501032 0.350531 0.556585 0.91414 0.601328 
43 29 8 28 9 
0.685858 0.657271 0.793146 0.367885 0.763983 0.625108 0.601694 0.579544 0.75623 0.0214075 0.0396239 0.624504 0.0993352 0.231892 0.733121 0.961947 0.183797 0.734443 0.781124 0.826131 0.317251 0.593827 0.327163 0.667782 0.150412 0.241303 0.26911 0.350602 0.672477 0.208423 0.432071 0.358335 
44 7 27 25 31 
0.327914 0.209222 0.606555 0.349322 0.248846 0.231059 0.448657 0.480738 0.96418 0.410604 0.664535 0.698623 0.191728 0.490666 0.0158737 0.785555 0.817829 0.683656 0.935967 0.0591328 0.952765 0.286568 0.73161 0.161188 0.718639 0.0899453 0.0268825 0.943856 0.816166 0.65656 0.794181 0.14408 
45 33 21 35 9 
0.631795 0.942059 0.595365 0.595975 0.352663 0.2599 0.294598 0.544391 0.750567 0.310471 0.329946 0.568396 0.994127 0.265912 0.627529 0.946892 0.552481 0.359139 0.108081 0.27112 0.449084 0.134963 0.214976 0.265249 0.791523 0.00915651 0.40933 0.657305 0.409892 0.902732 0.771932 0.0416866 
46 23 44 24 55 
0.627198 0.932259 0.741845 0.377764 0.24273 0.0717911 0.94616 0.236857 0.337704 0.573689 0.18375 0.890184 0.932827 0.29183 0.161304 0.381911 0.426793 0.37628 0.647161 0.218316 0.385437 0.0564903 0.875621 0.795328 0.959222 0.647553 0.837015 0.804013 0.0148504 0.474676 0.0014674 0.642048 
47 50 18 32 20 
0.815104 0.965972 0.886523 0.152807 0.539661 0.0702721 0.0429917 0.472489 0.362102 0.204296 0.8544 0.788896 0.580576 0.501561 0.00721194 0.966012 0.558051 0.882833 0.761341 0.517273 0.530386 0.598356 0.321286 0.545237 0.0730319 0.322753 0.187285 0.479967 0.0660663 0.207097 0.129632 0.88117 
48 2 35 50 52 
0.0864269 0.0769693 0.185219 0.448529 0.281265 0.0396194 0.237425 0.861841 0.54118 0.244637 0.827853 0.099231 0.12747 0.589194 0.616504 0.657856 0.18755 0.93779 0.203093 0.260582 0.260544 0.390377 0.740549 0.32661 0.597474 0.870181 0.20778 0.770544 0.886336 0.241758 0.483274 0.972763 
49 11 22 55 30 
0.708113 0.658716 0.461833 0.249293 0.903353 0.289686 0.348524 0.0308227 0.87888 0.965028 0.688679 0.0664296 0.902818 0.891771 0.327011 0.163362 0.282149 0.0675598 0.489972 0.879623 0.937741 0.697752 0.650167 0.824076 0.939509 0.133441 0.796839 0.258236 0.801935 0.218131 0.858228 0.510048 
50 46 54 35 30 
0.609747 0.107866 0.811023 0.488627 0.0728942 0.499701 0.555056 0.975713 0.391473 0.882068 0.139074 0.673621 0.949627 0.629046 0.553244 0.887368 0.326798 0.203411 0.711444 0.266307 0.336852 0.508283 0.524543 0.138786 0.726414 0.382771 0.648835 0.603261 0.702832 0.408176 0.383461 0.312579 
51 56 22 7 16 
0.694185 0.356262 0.564649 0.0856575 0.23833 0.703723 0.759279 0.187957 0.332769 0.312523 0.0753254 0.659567 0.515933 0.78677 0.925874 0.852785 0.295053 0.450417 0.991571 0.021467 0.833188 0.640406 0.624728 0.536021 0.048582 0.00818865 0.8486 0.564624 0.202672 0.649806 0.15356 0.896857 
52 26 8 30 17 
0.421932 0.741793 0.432355 0.754701 0.0543158 0.507681 0.414268 0.570249 0.29445 0.340142 0.423034 0.589504 0.79056 0.414605 0.610971 0.623748 0.0550106 0.235699 0.159769 0.103593 0.243887 0.00836855 0.668217 0.446559 0.658174 0.821777 0.343416 0.664242 0.539985 0.325931 0.90864 0.961917 
53 5 41 45 40 
0.848676 0.130887 0.692289 0.143126 0.471029 0.115322 0.73263 0.261589 0.529927 0.343601 0.885337 0.584938 0.579299 0.0451058 0.68853 0.823186 0.0534743 0.356747 0.269746 0.711649 0.178523 0.613162 0.375891 0.718509 0.939093 0.284531 0.680426 0.00681701 0.625526 0.397044 0.128857 0.474202 
54 22 24 43 6 
0.936468 0.349958 0.260549 0.466395 0.693559 0.145886 0.0513326 0.272859 0.190992 0.739863 0.096045 0.244466 0.0966097 0.365791 0.956115 0.275133 0.978953 0.332006 0.993642 0.918046 0.616536 0.674068 0.924863 0.242062 0.0711123 0.0537198 0.716264 0.599044 0.874865 0.333593 0.598004 0.811333 
55 8 54 11 25 
0.00443953 0.32906 0.649969 0.195432 0.0689233 0.746014 0.439898 0.165533 0.111805 0.396013 0.440666 0.090758 0.728019 0.434308 0.00880406 0.344555 0.108376 0.933667 0.586617 0.179488 0.987387 0.302882 0.778532 0.862252 0.636475 0.376536 0.673585 0.320026 0.235089 0.951313 0.697137 0.239528 
56 2 47 21 42 
0.0931197 0.874858 0.51483 0.204925 0.270871 0.955496 0.295683 0.998889 0.389804 0.304487 0.343444 0.498179 0.238154 0.930061 0.677667 0.225541 0.232943 0.456199 0.087793 0.869418 0.832734 0.761378 0.189444 0.0678231 0.712691 0.886581 0.307351 0.993065 0.233686 0.742311 0.342362 0.326806 
