60 4
1 0 0 0 1 0 0 0 0 1 0 1 1 0 1 0 0 0 1 1 1 0 0 1 1 1 0 1 0 1 1 0 0 0 1 0 1 1 1 1 1 1 1 1 0 1 1 1 1 1 1 1 0 0 1 0 1 0 0 0 
0 29 21 6 
0.814612 0.0112757 0.380198 0.497723 0.713047 0.369872 0.660679 0.702157 0.089909 0.393618 0.188933 0.505805 0.539706 0.878538 0.9898 0.248866 
1 46 51 26 
0.802161 0.239636 0.904323 0.16336 0.359734 0.575069 0.322796 0.354034 0.0514398 0.934154 0.762418 0.314728 0.748766 0.773693 0.694927 0.246488 
2 0 16 1 
0.188898 0.154708 0.300785 0.377831 0.660513 0.840491 0.256368 0.650313 0.0893573 0.172376 0.825173 0.687937 0.974537 0.0648089 0.59226 0.137897 
3 31 14 24 
0.778577 0.218768 0.394847 0.540995 0.533497 0.143612 0.314688 0.228423 0.390101 0.801429 0.293222 0.297267 0.990326 0.44793 0.598052 0.368157 
4 42 41 50 
0.758755 0.527901 0.796902 0.583929 0.215838 0.771439 0.648738 0.808098 0.909336 0.0732801 0.975426 0.370029 0.851857 0.194195 0.764876 0.392852 
5 6 54 17 
0.956115 0.298589 0.508968 0.249337 0.595856 0.499295 0.697267 0.193909 0.867452 0.80571 0.632452 0.491977 0.564465 0.160353 0.288879 0.148394 
6 35 44 51 
0.184289 0.969654 0.870411 0.159716 0.339683 0.722268 0.35391 0.10456 0.11512 0.0816016 0.0130481 0.82266 0.0377162 0.311637 0.331628 0.287053 
7 40 37 18 
0.101402 0.698374 0.79003 0.733855 0.190352 0.354495 0.894208 0.479231 0.502889 0.270399 0.539549 0.30002 0.454688 0.509203 0.170432 0.614404 
8 12 24 52 
0.953445 0.00781986 0.0499162 0.966494 0.830479 0.0876324 0.278131 0.162107 0.374686 0.185624 0.99303 0.359006 0.287027 0.691404 0.149036 0.0208816 
9 31 20 55 
0.360987 0.0064195 0.185488 0.900535 0.30644 0.640177 0.409738 0.476871 0.254581 0.258624 0.369571 0.222896 0.212069 0.377391 0.272812 0.178563 
10 37 57 7 
0.369978 0.73513 0.642318 0.363008 0.0941354 0.929345 0.054412 0.243171 0.950226 0.936168 0.746702 0.865316 0.297154 0.753121 0.0508043 0.19769 
11 35 21 50 
0.536432 0.945562 0.866051 0.906003 0.168458 0.0781204 0.283394 0.44127 0.256683 0.491265 0.801714 0.713377 0.861243 0.536844 0.355695 0.22425 
12 4 17 41 
0.87415 0.235266 0.21483 0.620852 0.100582 0.511985 0.373973 0.151386 0.709675 0.433534 0.842367 0.317102 0.969966 0.78793 0.183153 0.87597 
13 51 40 33 
0.397658 0.517957 0.650629 0.199372 0.231334 0.511871 0.736216 0.587028 0.736122 0.367195 0.872068 0.0147843 0.241345 0.107334 0.229615 0.862197 
14 56 42 11 
0.359302 0.451274 0.669705 0.201669 0.768376 0.639671 0.989599 0.951529 0.51564 0.945987 0.212803 0.675004 0.343645 0.73076 0.325633 0.543016 
15 59 17 2 
0.549122 0.573626 0.646427 0.421189 0.588411 0.887772 0.528523 0.818025 0.749969 0.736439 0.559625 0.986139 0.0957412 0.0108985 0.655844 0.297411 
16 15 24 46 
0.730804 0.811155 0.232997 0.943607 0.486159 0.576642 0.674366 0.811792 0.119658 0.63646 0.649297 0.39889 0.185581 0.222923 0.0453169 0.60677 
17 57 59 20 
0.629359 0.683058 0.871733 0.188983 0.669197 0.967474 0.199882 0.325041 0.264885 0.979156 0.620555 0.551895 0.70996 0.43171 0.784892 0.653567 
18 40 49 39 
0.729662 0.481192 0.964392 0.378959 0.880082 0.149973 0.601882 0.925399 0.756744 0.413216 0.858488 0.892038 0.0425746 0.541545 0.763771 0.231558 
19 37 11 25 
0.535783 0.99613 0.410596 0.156339 0.548025 0.120556 0.588049 0.332917 0.774123 0.505919 0.69445 0.102056 0.235581 0.175642 0.066448 0.61454 
20 41 25 1 
0.981123 0.973165 0.629638 0.839611 0.865203 0.672213 0.381156 0.628974 0.903771 0.591898 0.360219 0.335211 0.127681 0.356349 0.745807 0.28402 
21 44 49 36 
0.237291 0.640486 0.377988 0.931741 0.742542 0.613569 0.107384 0.80899 0.22811 0.163108 0.0254116 0.444532 0.144231 0.998577 0.0741701 0.983841 
22 52 36 38 
0.492754 0.650154 0.956895 0.852973 0.985365 0.0845767 0.209322 0.731172 0.368597 0.113696 0.597535 0.240666 0.350987 0.238022 0.618654 0.282729 
23 22 28 4 
0.789554 0.460333 0.55322 0.814966 0.904865 0.697451 0.813543 0.979035 0.681292 0.677323 0.725418 0.0462885 0.170077 0.375572 0.00318376 0.0230502 
24 16 3 59 
0.456357 0.346069 0.689643 0.697023 0.697056 0.927665 0.315678 0.979785 0.908229 0.547901 0.369897 0.697783 0.00823462 0.923117 0.512749 0.9131 
25 43 53 38 
0.00361466 0.617553 0.348148 0.173692 0.993125 0.351332 0.196742 0.354061 0.439092 0.429114 0.446169 0.89545 0.775183 0.135812 0.592473 0.472239 
26 53 41 33 
0.971707 0.456052 0.821922 0.66949 0.464286 0.745039 0.182239 0.377386 0.365607 0.508531 0.269521 0.667467 0.512145 0.887075 0.0156145 0.685837 
27 8 44 38 
0.806039 0.311693 0.68043 0.701488 0.0868764 0.816242 0.293961 0.559116 0.879719 0.202112 0.0111403 0.851426 0.658163 0.833062 0.520916 0.12245 
28 47 46 4 
0.943708 0.211685 0.769358 0.611175 0.723831 0.656432 0.626789 0.409667 0.536631 0.993736 0.292246 0.770892 0.799774 0.603939 0.451322 0.501262 
29 20 40 10 
0.249932 0.147283 0.997335 0.261072 0.998709 0.655498 0.0941341 0.519625 0.777948 0.672235 0.22278 0.277784 0.615944 0.434465 0.0471419 0.227119 
30 43 58 53 
0.567963 0.240205 0.847644 0.860209 0.0110974 0.647418 0.464149 0.462419 0.14868 0.154964 0.729982 0.943904 0.404896 0.877266 0.941238 0.665968 
31 37 19 35 
0.374685 0.432337 0.61838 0.652469 0.0482811 0.0528446 0.699611 0.2754 0.21114 0.403185 0.129308 0.779103 0.64339 0.976951 0.639313 0.654488 
32 25 50 55 
0.258426 0.846889 0.716953 0.663322 0.724155 0.658191 0.32929 0.600129 0.254928 0.0893918 0.995729 0.629613 0.521729 0.614109 0.282082 0.57001 
33 18 53 56 
0.878093 0.384878 0.974718 0.657197 0.0282681 0.951669 0.296509 0.682756 0.576038 0.399971 0.799663 0.349087 0.658396 0.646552 0.0660399 0.321718 
34 58 54 4 
0.970836 0.979159 0.7404 0.966565 0.608772 0.262129 0.580674 0.890854 0.832139 0.247627 0.872547 0.677549 0.12572 0.257424 0.652267 0.782917 
35 2 25 18 
0.968448 0.179973 0.479397 0.768111 0.52906 0.137793 0.414662 0.5951 0.459511 0.785369 0.319331 0.110519 0.756205 0.29849 0.850919 0.72277 
36 7 2 46 
0.798116 0.945187 0.55107 0.670663 0.622736 0.67679 0.928087 0.275003 0.459707 0.213779 0.878939 0.539133 0.182227 0.0589119 0.0185304 0.950338 
37 30 45 56 
0.183072 0.615835 0.15037 0.502404 0.726354 0.906575 0.800894 0.577273 0.629344 0.708156 0.69032 0.932788 0.506273 0.635507 0.483858 0.176935 
38 15 7 28 
0.533246 0.620355 0.318802 0.412185 0.159489 0.501029 0.471097 0.178019 0.451367 0.059069 0.334343 0.816368 0.242141 0.950178 0.966738 0.744545 
39 23 46 6 
0.502657 0.253595 0.944126 0.435445 0.759868 0.579633 0.919303 0.936803 0.837876 0.0799508 0.0418256 0.371123 0.700306 0.360627 0.783307 0.859795 
40 1 28 7 
0.313023 0.313473 0.372157 0.129391 0.555614 0.322335 0.0961291 0.300159 0.998868 0.969441 0.845598 0.252673 0.472098 0.0991937 0.196798 0.907543 
41 49 38 55 
0.795865 0.614307 0.906796 0.837691 0.98543 0.607102 0.198318 0.768737 0.466897 0.0599739 0.0231413 0.504712 0.372997 0.336614 0.876869 0.502389 
42 6 50 2 
0.192388 0.198072 0.567959 0.0379865 0.450745 0.0400576 0.13718 0.647543 0.9476 0.996242 0.423974 0.774446 0.792107 0.0382812 0.681242 0.629797 
43 14 11 54 
0.792448 0.755242 0.888089 0.815589 0.259954 0.261086 0.152204 0.136823 0.763475 0.0444327 0.336027 0.361993 0.236821 0.534099 0.929952 0.274807 
44 58 39 26 
0.632387 0.91761 0.40823 0.0563609 0.692056 0.200336 0.0946421 0.373298 0.830134 0.118353 0.661643 0.658249 0.910801 0.416885 0.546337 0.72639 
45 3 46 8 
0.570899 0.923027 0.149688 0.932891 0.159848 0.683787 0.862844 0.434655 0.668631 0.832853 0.846643 0.301018 0.750464 0.254873 0.357379 0.44252 
46 4 29 5 
0.285343 0.570374 0.477461 0.943591 0.481175 0.894345 0.489929 0.207566 0.571184 0.297352 0.0861597 0.384844 0.868251 0.00918654 0.534533 0.801142 
47 5 53 28 
0.60369 0.886951 0.496839 0.450333 0.187969 0.247303 0.705205 0.545348 0.689823 0.160414 0.99737 0.505641 0.445757 0.567744 0.983101 0.389348 
48 30 24 36 
0.256484 0.44863 0.176629 0.342644 0.833475 0.0448797 0.351831 0.368007 0.846022 0.520865 0.586327 0.510008 0.124555 0.473278 0.00684685 0.574888 
49 8 16 29 
0.206596 0.943972 0.440507 0.203965 0.449613 0.886264 0.771709 0.432715 0.275612 0.820628 0.310161 0.154889 0.0771123 0.758792 0.331518 0.419756 
50 15 28 52 
0.960274 0.22242 0.292452 0.546601 0.732427 0.417007 0.0198791 0.739274 0.991894 0.681127 0.993424 0.271987 0.887722 0.937396 0.712495 0.0916874 
51 19 40 46 
0.819724 0.874371 0.684024 0.129886 0.0292605 0.761136 0.888677 0.360779 0.180893 0.480944 0.737176 0.95248 0.441218 0.959596 0.244932 0.987818 
52 14 9 34 
0.431297 0.653833 0.688824 0.424721 0.925821 0.576546 0.362118 0.638316 0.668234 0.749127 0.237075 0.53163 0.568851 0.111446 0.215654 0.698737 
53 11 45 59 
0.501485 0.157684 0.0683582 0.238662 0.110164 0.509576 0.198258 0.355095 0.497394 0.890281 0.0170343 0.505092 0.321578 0.670868 0.193916 0.7463 
54 52 12 49 
0.235004 0.438696 0.857544 0.472078 0.970326 0.426396 0.583525 0.18598 0.125133 0.724231 0.162771 0.712547 0.225716 0.320455 0.780906 0.464378 
55 22 58 25 
0.785714 0.787876 0.552916 0.802748 0.292967 0.874494 0.473615 0.486883 0.620794 0.0703037 0.257346 0.729211 0.305307 0.696042 0.586755 0.777386 
56 41 55 57 
0.852348 0.138284 0.0851416 0.0151188 0.850832 0.310858 0.335573 0.631738 0.775236 0.766192 0.922219 0.437871 0.551905 0.710095 0.990787 0.354653 
57 6 20 34 
0.489945 0.486075 0.898572 0.747291 0.215286 0.20388 0.443332 0.802042 0.981266 0.1097 0.815193 0.342176 0.962048 0.953478 0.427318 0.977167 
58 1 21 8 
0.436047 0.513411 0.0789316 0.358266 0.951282 0.630837 0.0683605 0.942069 0.98549 0.0714225 0.80735 0.813758 0.561368 0.293425 0.712331 0.308659 
59 32 46 12 
0.310753 0.897476 0.861691 0.125946 0.239652 0.823739 0.0794239 0.666969 0.800906 0.883733 0.405145 0.113646 0.31978 0.918556 0.192577 0.678046 
