13 2
1 0 1 1 1 0 1 1 1 1 1 0 0 
0 3 
0.263702 0.0450197 0.474584 0.466863 
1 11 
0.707508 0.971382 0.594076 0.941068 
2 3 
0.0723719 0.697608 0.505163 0.69605 
3 0 
0.408773 0.938583 0.377954 0.746247 
4 8 
0.994034 0.936934 0.896097 0.585206 
5 9 
0.174517 0.159485 0.671594 0.728515 
6 11 
0.51575 0.992217 0.167065 0.990334 
7 8 
0.625379 0.697842 0.430462 0.219455 
8 12 
0.759421 0.291827 0.336518 0.264584 
9 11 
0.528323 0.673358 0.92646 0.906277 
10 12 
0.0695872 0.900311 0.356539 0.965684 
11 10 
0.201183 0.140201 0.645003 0.872776 
12 3 
0.767048 0.388526 0.860934 0.934113 
