8 4
0 1 0 0 0 0 1 0 
0 3 7 5 
0.144494 0.994721 0.90018 0.24815 0.604946 0.805985 0.107697 0.375899 0.302987 0.103433 0.770383 0.577372 0.177478 0.496228 0.638427 0.450084 
1 3 2 5 
0.0451739 0.956307 0.131718 0.744575 0.965055 0.299541 0.64522 0.13984 0.444035 0.639941 0.04002 0.692185 0.244887 0.846005 0.799882 0.620785 
2 6 3 1 
0.887396 0.364791 0.530877 0.626137 0.100762 0.993555 0.0402568 0.18226 0.812703 0.258531 0.227434 0.76901 0.390249 0.972009 0.734065 0.68979 
3 5 4 2 
0.826011 0.502057 0.75993 0.625892 0.122843 0.908922 0.529207 0.514011 0.635286 0.61 0.401406 7.72304e-05 0.140877 0.0275435 0.100839 0.134433 
4 1 3 5 
0.716146 0.71658 0.482541 0.450211 0.406371 0.0997708 0.324117 0.540196 0.356941 0.238043 0.366207 0.858998 0.997973 0.992099 0.981841 0.906895 
5 0 3 6 
0.131307 0.897258 0.542259 0.272184 0.924801 0.643098 0.406617 0.992602 0.926196 0.353752 0.318933 0.436729 0.0698979 0.0355133 0.91927 0.520109 
6 2 5 4 
0.375982 0.0822684 0.348287 0.234981 0.0802414 0.340386 0.216822 0.987137 0.861693 0.712673 0.529319 0.993 0.609931 0.0715776 0.265184 0.534733 
7 1 5 4 
0.0255527 0.846267 0.0776005 0.0954506 0.881781 0.996871 0.61556 0.323665 0.0159116 0.459786 0.305745 0.391894 0.542054 0.654032 0.626875 0.622295 
