100 4
0 0 1 1 0 1 1 1 1 0 0 0 0 0 1 0 0 1 0 1 1 0 0 0 1 0 1 1 0 0 0 1 1 1 0 1 1 0 1 0 1 0 1 1 1 1 0 1 0 1 1 0 0 0 1 1 1 1 1 0 0 1 1 1 1 0 1 1 1 1 0 1 0 1 1 0 1 0 0 0 1 0 1 0 1 1 0 0 1 1 1 1 1 1 1 1 0 1 1 0 
0 78 34 68 
0.952107 0.0755922 0.996298 0.80698 0.836424 0.227891 0.159647 0.562123 0.931723 0.785909 0.174824 0.3772 0.0732451 0.927524 0.452182 0.708411 
1 83 87 93 
0.799947 0.948704 0.0916691 0.791047 0.494266 0.897141 0.510312 0.637427 0.0696045 0.411764 0.84435 0.0713746 0.363872 0.919942 0.0676724 0.170852 
2 26 27 69 
0.318489 0.227287 0.116409 0.493313 0.604487 0.189654 0.420837 0.0566689 0.898065 0.348011 0.835825 0.734936 0.147958 0.784529 0.826605 0.939005 
3 25 6 11 
0.916222 0.79335 0.861082 0.760571 0.864725 0.224953 0.680513 0.932397 0.395805 0.436878 0.227961 0.726305 0.755367 0.455248 0.842713 0.24868 
4 32 28 95 
0.116403 0.930432 0.0175276 0.952228 0.665368 0.165486 0.736757 0.491973 0.104491 0.0155519 0.215719 0.553809 0.931774 0.00906867 0.41489 0.692345 
5 66 67 74 
0.80619 0.0356494 0.809736 0.0341512 0.761954 0.565103 0.489399 0.604667 0.813783 0.549133 0.637034 0.483299 0.665537 0.567466 0.500826 0.617765 
6 34 0 1 
0.724807 0.770804 0.370074 0.940525 0.324612 0.301847 0.949594 0.739503 0.994192 0.823387 0.379347 0.36705 0.629578 0.414996 0.176786 0.663729 
7 10 53 97 
0.555672 0.702261 0.418652 0.0389707 0.367798 0.986118 0.539797 0.985563 0.218952 0.206109 0.340084 0.943759 0.976913 0.710158 0.884284 0.301525 
8 96 97 92 
0.00619792 0.657266 0.420374 0.373248 0.286844 0.83537 0.550034 0.950573 0.0123203 0.291923 0.103701 0.793938 0.847595 0.805962 0.212589 0.886566 
9 69 65 95 
0.159322 0.417659 0.632472 0.499406 0.361418 0.609385 0.209565 0.245702 0.910911 0.22157 0.0795808 0.951938 0.227768 0.736847 0.372313 0.601016 
10 20 28 58 
0.974263 0.220003 0.442973 0.0779635 0.0139409 0.290568 0.883925 0.22653 0.177134 0.0576844 0.425238 0.603497 0.217006 0.842897 0.235969 0.716412 
11 54 92 97 
0.450018 0.756265 0.147547 0.529598 0.708203 0.375316 0.266445 0.0805161 0.976332 0.290135 0.288199 0.127382 0.264398 0.508202 0.570355 0.342361 
12 26 3 10 
0.748673 0.0380569 0.283971 0.173911 0.641554 0.500977 0.016808 0.877523 0.21739 0.221123 0.722877 0.143367 0.671141 0.479142 0.290914 0.200739 
13 59 78 56 
0.267862 0.642561 0.757319 0.556061 0.769943 0.021717 0.0642633 0.340298 0.364078 0.586406 0.201221 0.590365 0.33508 0.239278 0.874336 0.508991 
14 88 95 48 
0.758355 0.592703 0.746922 0.481232 0.736069 0.418063 0.960375 0.0269832 0.618802 0.14772 0.693213 0.0859858 0.415582 0.335774 0.843305 0.971643 
15 84 31 61 
0.446015 0.2291 0.622313 0.647237 0.819465 0.957393 0.886515 0.693801 0.466384 0.767347 0.0691141 0.992183 0.525701 0.661817 0.739105 0.00693354 
16 53 46 15 
0.424869 0.77597 0.115029 0.118082 0.861956 0.530611 0.453856 0.705261 0.502254 0.559574 0.570282 0.538161 0.00558902 0.799383 0.160474 0.652826 
17 53 14 84 
0.312649 0.584251 0.306687 0.381763 0.576434 0.832388 0.0435798 0.315539 0.839322 0.441466 0.472707 0.80663 0.866335 0.248678 0.921659 0.984417 
18 51 26 31 
0.815894 0.954524 0.997846 0.386177 0.492685 0.00343532 0.185559 0.653158 0.656261 0.804407 0.771025 0.195601 0.117056 0.355276 0.502288 0.498819 
19 32 45 12 
0.247249 0.173999 0.983865 0.719956 0.980629 0.850199 0.968634 0.902287 0.834616 0.0792674 0.354557 0.272889 0.895162 0.309081 0.270735 0.281338 
20 58 78 73 
0.454924 0.930431 0.271305 0.225949 0.126033 0.388361 0.581225 0.628321 0.88718 0.512934 0.962998 0.429579 0.760183 0.136996 0.413444 0.48014 
21 30 83 98 
0.0199125 0.0982594 0.528041 0.37447 0.371148 0.423203 0.68355 0.641883 0.704541 0.485316 0.916054 0.171439 0.94024 0.846485 0.442744 0.166189 
22 57 30 52 
0.600839 0.718285 0.260348 0.563837 0.147865 0.0205317 0.700834 0.561309 0.500671 0.818459 0.824952 0.949445 0.838371 0.923211 0.477486 0.212841 
23 32 48 34 
0.936243 0.605229 0.381707 0.852297 0.776668 0.321947 0.698782 0.219412 0.488136 0.6713 0.0505167 0.23555 0.272139 0.768802 0.495898 0.835976 
24 49 42 14 
0.477975 0.0171014 0.355269 0.302927 0.966546 0.19364 0.226139 0.444032 0.406481 0.520498 0.34472 0.302872 0.456741 0.949949 0.684579 0.309038 
25 5 80 50 
0.946028 0.494663 0.67912 0.996545 0.730213 0.95126 0.765347 0.226111 0.787236 0.682014 0.742541 0.324046 0.159989 0.759643 0.679315 0.462916 
26 33 62 69 
0.17022 0.279436 0.209554 0.51494 0.582308 0.666295 0.464889 0.266887 0.975333 0.191505 0.273413 0.983153 0.137533 0.768076 0.662273 0.134078 
27 24 84 39 
0.7244 0.400769 0.581439 0.466941 0.724815 0.741428 0.226584 0.40413 0.204344 0.952773 0.277085 0.893399 0.122993 0.556521 0.102953 0.637933 
28 99 62 86 
0.405716 0.744581 0.294327 0.679129 0.727734 0.43186 0.447205 0.390007 0.565938 0.945494 0.00353993 0.465363 0.669894 0.404309 0.0468017 0.136835 
29 23 18 32 
0.533254 0.992574 0.316192 0.810339 0.885973 0.439185 0.36686 0.988926 0.0771181 0.505688 0.758174 0.17994 0.911404 0.502755 0.474266 0.590533 
30 58 55 16 
0.620496 0.472064 0.983233 0.624036 0.937427 0.653127 0.0283444 0.984229 0.789962 0.157468 0.772458 0.153382 0.690722 0.765032 0.469574 0.501061 
31 78 43 10 
0.639931 0.985877 0.373609 0.398105 0.165817 0.285013 0.900859 0.640083 0.875546 0.131348 0.546209 0.913284 0.751844 0.0182729 0.896517 0.375879 
32 38 54 69 
0.939928 0.339606 0.561692 0.712387 0.492987 0.252414 0.477418 0.962561 0.753474 0.128423 0.87132 0.621395 0.768354 0.857196 0.995003 0.166458 
33 45 7 91 
0.663096 0.155562 0.198666 0.209305 0.0688459 0.950509 0.227578 0.965363 0.326388 0.183278 0.515006 0.730612 0.123206 0.854612 0.292304 0.835593 
34 51 57 22 
0.31016 0.298191 0.441434 0.181479 0.919586 0.209788 0.0386759 0.914589 0.376246 0.061689 0.194605 0.443564 0.724785 0.350167 0.642229 0.93409 
35 40 21 50 
0.384376 0.919127 0.344945 0.899382 0.649739 0.468151 0.753994 0.942043 0.303743 0.101593 0.48676 0.616754 0.411753 0.784951 0.058188 0.593232 
36 78 84 74 
0.619127 0.644221 0.693597 0.813732 0.0877853 0.418382 0.163899 0.730015 0.352471 0.582911 0.322753 0.514139 0.967287 0.241881 0.859083 0.866669 
37 85 56 12 
0.630978 0.722255 0.320422 0.247732 0.134008 0.105373 0.30592 0.72724 0.80991 0.573895 0.359148 0.429036 0.218117 0.0527445 0.242768 0.305902 
38 21 55 86 
0.823597 0.989578 0.35867 0.337736 0.956865 0.600551 0.196819 0.823534 0.49217 0.524054 0.444196 0.325833 0.155031 0.166452 0.646254 0.402763 
39 40 11 1 
0.027699 0.561537 0.282579 0.386847 0.990573 0.500695 0.439591 0.233342 0.806597 0.910717 0.640009 0.842514 0.734315 0.629587 0.201185 0.0720507 
40 41 18 29 
0.409986 0.293906 0.792924 0.854182 0.619739 0.947955 0.0206338 0.265993 0.350719 0.321093 0.0176198 0.0594017 0.348792 0.579157 0.34198 0.735639 
41 93 54 8 
0.803072 0.649273 0.0859472 0.443081 0.491787 0.820262 0.0726673 0.692972 0.892313 0.659119 0.494708 0.161183 0.0691051 0.788614 0.954107 0.923287 
42 17 61 85 
0.674345 0.25278 0.265014 0.691965 0.312182 0.613806 0.271122 0.654162 0.349445 0.840852 0.496838 0.524675 0.643924 0.146111 0.610622 0.0870046 
43 50 91 92 
0.33087 0.323197 0.818791 0.825578 0.48438 0.887896 0.614191 0.438486 0.811183 0.0225437 0.340548 0.755105 0.696889 0.593329 0.0201189 0.388854 
44 69 63 28 
0.559673 0.983371 0.500828 0.0565107 0.508046 0.144752 0.202621 0.118668 0.231756 0.84052 0.549553 0.391428 0.17139 0.87275 0.210219 0.996967 
45 15 13 4 
0.795616 0.909299 0.633703 0.136164 0.664404 0.330591 0.729493 0.684522 0.719445 0.635003 0.318448 0.379421 0.194676 0.301819 0.880249 0.251187 
46 66 68 89 
0.928533 0.256757 0.294328 0.478085 0.648185 0.465718 0.350835 0.858405 0.462685 0.707965 0.95652 0.0738441 0.503581 0.865819 0.707547 0.639745 
47 76 78 90 
0.214745 0.757583 0.00424103 0.533193 0.137004 0.198917 0.835011 0.0172531 0.450105 0.644876 0.0422537 0.903913 0.573409 0.299011 0.198241 0.0514943 
48 68 20 47 
0.8056 0.126644 0.110294 0.76212 0.200488 0.613875 0.627939 0.908035 0.253619 0.158162 0.946173 0.622857 0.372907 0.703757 0.627098 0.9061 
49 92 85 94 
0.858014 0.27612 0.385987 0.900268 0.180033 0.959396 0.199278 0.378274 0.0108901 0.146474 0.0422334 0.413219 0.952075 0.168878 0.523514 0.714195 
50 21 30 0 
0.277401 0.391008 0.500297 0.223575 0.0138644 0.873203 0.927331 0.640962 0.779303 0.768092 0.466978 0.520414 0.626106 0.743098 0.906401 0.526374 
51 40 12 3 
0.301405 0.876687 0.872127 0.343638 0.289907 0.824202 0.512516 0.81342 0.538397 0.881882 0.950808 0.880532 0.159283 0.341816 0.380828 0.382858 
52 40 63 62 
0.996642 0.0333346 0.0782813 0.46362 0.553749 0.704388 0.206718 0.46015 0.230762 0.129848 0.325947 0.956414 0.431253 0.202634 0.828541 0.774891 
53 22 89 28 
0.305961 0.19114 0.169289 0.256769 0.0716716 0.328573 0.598585 0.4525 0.711431 0.954265 0.706531 0.0216199 0.950907 0.739866 0.0999012 0.414527 
54 78 37 98 
0.753765 0.0350506 0.751094 0.0797114 0.991465 0.182347 0.282345 0.820006 0.957238 0.774886 0.472749 0.244646 0.0808465 0.663889 0.413935 0.337615 
55 75 33 42 
0.188061 0.453939 0.890465 0.894592 0.475559 0.841372 0.634458 0.57546 0.2559 0.928073 0.379749 0.877145 0.681837 0.414799 0.628239 0.761549 
56 80 70 53 
0.226271 0.767823 0.81878 0.69902 0.0124691 0.899626 0.362909 0.426404 0.237242 0.0984702 0.168912 0.173442 0.286531 0.622851 0.0639068 0.181123 
57 11 71 32 
0.673869 0.161179 0.743654 0.0536181 0.0383236 0.425491 0.468417 0.666562 0.18704 0.874682 0.477147 0.230934 0.100952 0.244971 0.0497134 0.799972 
58 0 81 75 
0.683844 0.186582 0.261351 0.852756 0.360023 0.547882 0.475607 0.42393 0.729005 0.574017 0.329209 0.544587 0.247886 0.490388 0.28824 0.301504 
59 18 68 30 
0.195274 0.900771 0.644603 0.672421 0.131705 0.745555 0.917392 0.181418 0.545527 0.174832 0.130758 0.708409 0.858676 0.317339 0.96976 0.711432 
60 90 11 25 
0.101293 0.246648 0.761056 0.430502 0.791234 0.00894204 0.92089 0.0794748 0.310446 0.449602 0.793206 0.080368 0.644875 0.693977 0.724971 0.317296 
61 93 70 86 
0.00709999 0.0160541 0.40952 0.137858 0.724463 0.268195 0.455197 0.694223 0.979627 0.13256 0.211865 0.166667 0.233853 0.458513 0.927722 0.664355 
62 65 99 47 
0.329222 0.247111 0.0348471 0.122428 0.327479 0.679722 0.816405 0.0524501 0.997018 0.642087 0.522977 0.231706 0.649187 0.539031 0.641225 0.787045 
63 6 19 68 
0.957716 0.889048 0.374802 0.169581 0.0557146 0.608656 0.628094 0.983437 0.273011 0.877841 0.920101 0.858257 0.207063 0.167212 0.893104 0.329491 
64 6 97 14 
0.547141 0.569844 0.787983 0.0701181 0.80155 0.437171 0.609149 0.442775 0.224216 0.872643 0.352195 0.466458 0.830359 0.241243 0.841261 0.999941 
65 31 95 23 
0.280395 0.722927 0.505876 0.200497 0.581184 0.712938 0.367709 0.474288 0.0424292 0.8624 0.0471135 0.188325 0.409541 0.616957 0.976309 0.479659 
66 46 93 16 
0.861282 0.637695 0.961451 0.213477 0.104154 0.79181 0.454721 0.945414 0.791751 0.751679 0.395331 0.419786 0.0320739 0.118258 0.925661 0.23257 
67 30 54 90 
0.17373 0.681029 0.462679 0.220843 0.869354 0.87222 0.837801 0.845663 0.351879 0.256307 0.259143 0.440688 0.117589 0.896838 0.402139 0.331066 
68 71 94 81 
0.946406 0.9857 0.537466 0.341737 0.405486 0.56954 0.459995 0.331148 0.80211 0.159437 0.969747 0.402389 0.333167 0.650776 0.865068 0.55401 
69 45 18 24 
0.365794 0.0891679 0.648118 0.624937 0.529856 0.765707 0.521775 0.931995 0.0967737 0.522767 0.125944 0.882561 0.469173 0.111644 0.420026 0.81091 
70 31 10 33 
0.848278 0.791676 0.430343 0.818025 0.194065 0.76351 0.468802 0.0591334 0.31752 0.988932 0.796422 0.709331 0.354726 0.88559 0.357449 0.979663 
71 16 51 48 
0.34744 0.21993 0.0242041 0.473384 0.102491 0.493377 0.585028 0.522517 0.304287 0.102159 0.512083 0.575193 0.950437 0.303759 0.00553541 0.768463 
72 33 51 38 
0.0865648 0.226196 0.353379 0.795896 0.580922 0.238969 0.153344 0.560585 0.654415 0.276501 0.0620223 0.00185492 0.496431 0.0862264 0.475239 0.598921 
73 5 98 58 
0.883891 0.162427 0.633521 0.459084 0.112864 0.93728 0.464619 0.881326 0.435104 0.233664 0.11859 0.992061 0.320229 0.344787 0.345441 0.116125 
74 9 21 75 
0.486294 0.238825 0.54597 0.548316 0.240679 0.0424004 0.634543 0.715918 0.641321 0.214146 0.776186 0.76276 0.0980375 0.938612 0.396281 0.557121 
75 34 23 27 
0.768664 0.255405 0.0513925 0.760725 0.575634 0.396179 0.106166 0.691759 0.321888 0.690575 0.961228 0.808183 0.9294 0.507198 0.356499 0.170079 
76 50 59 73 
0.19092 0.205188 0.662184 0.953679 0.303226 0.600796 0.34996 0.860347 0.652272 0.68352 0.882088 0.585075 0.452184 0.137493 0.636467 0.212909 
77 97 67 22 
0.404886 0.354535 0.0096503 0.366114 0.162718 0.93905 0.873312 0.519217 0.10913 0.42291 0.510258 0.995128 0.61383 0.715447 0.657312 0.567509 
78 8 11 47 
0.879019 0.910381 0.600989 0.761107 0.495455 0.0531728 0.8986 0.131922 0.266082 0.611728 0.164569 0.585157 0.0166138 0.519104 0.594807 0.382728 
79 99 0 65 
0.201038 0.642987 0.67895 0.711297 0.638115 0.29278 0.426743 0.295427 0.860289 0.445415 0.553535 0.777758 0.324435 0.463915 0.378747 0.0855423 
80 16 44 48 
0.091293 0.698001 0.59587 0.255862 0.283158 0.612484 0.774966 0.877965 0.995212 0.456787 0.411822 0.251252 0.657826 0.0548096 0.930202 0.369122 
81 4 32 6 
0.988351 0.0832713 0.241281 0.541886 0.861029 0.565716 0.00580148 0.239776 0.651258 0.965172 0.671695 0.635401 0.0564651 0.369696 0.231271 0.312327 
82 78 41 40 
0.530819 0.838967 0.544081 0.942642 0.090219 0.201906 0.997451 0.0204213 0.571028 0.690376 0.243404 0.366893 0.678727 0.326675 0.608174 0.220613 
83 13 86 94 
0.42748 0.825148 0.191587 0.0991748 0.460548 0.248052 0.468871 0.691819 0.560379 0.121725 0.535574 0.647672 0.652545 0.374541 0.191753 0.595186 
84 2 54 38 
0.485181 0.964687 0.283014 0.728585 0.331581 0.961741 0.0552595 0.939755 0.182354 0.242964 0.113645 0.408769 0.670443 0.938792 0.600356 0.769618 
85 71 74 88 
0.0911595 0.408788 0.360214 0.626733 0.0564598 0.012759 0.00127411 0.248212 0.607945 0.466034 0.641871 0.200583 0.951215 0.606558 0.483597 0.6798 
86 31 23 39 
0.877894 0.627692 0.978023 0.991538 0.0364613 0.648466 0.93033 0.636818 0.418084 0.329671 0.485226 0.656573 0.42083 0.894014 0.0167877 0.0475636 
87 22 48 72 
0.198686 0.637492 0.514872 0.840557 0.838075 0.466087 0.447116 0.321671 0.145886 0.385254 0.767009 0.880945 0.263148 0.394701 0.858968 0.254686 
88 65 63 36 
0.0679795 0.925518 0.514687 0.553206 0.582091 0.935518 0.447219 0.598879 0.983081 0.397693 0.628425 0.0319192 0.596379 0.265917 0.546791 0.436936 
89 96 40 50 
0.425663 0.158763 0.269306 0.192672 0.0397085 0.532454 0.587373 0.898676 0.78714 0.0185345 0.40611 0.972157 0.086514 0.331628 0.486844 0.63972 
90 4 66 19 
0.512597 0.405444 0.484632 0.141023 0.437363 0.0810102 0.40694 0.984154 0.517946 0.510932 0.997031 0.401997 0.936595 0.155794 0.671303 0.129267 
91 88 90 54 
0.0941791 0.990897 0.735174 0.500289 0.963054 0.821688 0.831917 0.449899 0.461408 0.745635 0.872261 0.548346 0.258233 0.277704 0.0329779 0.399255 
92 33 78 49 
0.699221 0.631934 0.317127 0.696252 0.0339316 0.253722 0.852046 0.705235 0.382989 0.0475488 0.908992 0.099629 0.141728 0.899889 0.834803 0.642017 
93 85 87 12 
0.312842 0.117899 0.219569 0.185103 0.666245 0.477801 0.462807 0.699223 0.877057 0.177874 0.813211 0.683252 0.877095 0.445146 0.000378668 0.573346 
94 98 85 42 
0.184312 0.63709 0.472941 0.093304 0.736719 0.614669 0.993193 0.571522 0.256686 0.856137 0.228014 0.73062 0.168979 0.345912 0.950188 0.354082 
95 63 3 89 
0.711381 0.305046 0.994764 0.524593 0.988298 0.871859 0.969738 0.988676 0.445205 0.448815 0.242777 0.870597 0.633127 0.879867 0.343539 0.726431 
96 66 67 78 
0.188109 0.214894 0.575762 0.416122 0.945513 0.744741 0.762035 0.895702 0.0988235 0.774193 0.323691 0.915713 0.485574 0.628737 0.910477 0.0101663 
97 71 45 86 
0.605712 0.227541 0.42872 0.848489 0.0981382 0.0618466 0.728356 0.441677 0.788278 0.344943 0.399884 0.507902 0.533052 0.614778 0.0836639 0.949174 
98 42 92 74 
0.455993 0.927228 0.485401 0.779684 0.842942 0.970975 0.408421 0.753418 0.981142 0.0254564 0.535754 0.961046 0.631168 0.763295 0.389765 0.479657 
99 64 78 33 
0.30311 0.23989 0.552956 0.702994 0.747792 0.0860074 0.317772 0.831456 0.0351812 0.878064 0.659861 0.74639 0.334056 0.587089 0.231791 0.113741 
