36 6
0 1 0 0 1 0 1 1 0 1 1 1 1 0 0 0 1 1 0 1 0 0 1 0 1 1 0 1 1 0 0 0 0 1 1 1 
0 29 28 10 20 25 
0.567875 0.143782 0.0386263 0.790451 0.519656 0.724637 0.615697 0.64093 0.0705942 0.26476 0.43867 0.660446 0.532416 0.336342 0.296779 0.775391 0.98709 0.98935 0.720657 0.327664 0.268931 0.836075 0.505535 0.173767 0.790861 0.837405 0.488172 0.94184 0.645669 0.132188 0.559888 0.213544 0.27597 0.598515 0.00399487 0.795626 0.323152 0.619692 0.436556 0.393746 0.884452 0.875226 0.0541918 0.416869 0.211568 0.350971 0.19226 0.198658 0.340321 0.912917 0.526322 0.609252 0.748992 0.0318571 0.78302 0.539853 0.869262 0.271191 0.481693 0.514931 0.40338 0.0415814 0.728474 0.67935 
1 5 11 21 31 28 
0.356994 0.236614 0.786758 0.411186 0.653482 0.998326 0.762157 0.845742 0.196984 0.102478 0.758659 0.723306 0.71173 0.50765 0.755163 0.494749 0.0475034 0.624425 0.765941 0.529196 0.139356 0.16932 0.570778 0.86783 0.84867 0.210874 0.600299 0.323646 0.174122 0.95246 0.235177 0.531116 0.189074 0.0219352 0.942302 0.842557 0.020261 0.704459 0.688299 0.217245 0.806936 0.446958 0.940551 0.518666 0.954608 0.695713 0.0134156 0.00211122 0.320138 0.779357 0.531308 0.459494 0.948677 0.102086 0.327324 0.797347 0.31296 0.927623 0.120993 0.487081 0.880083 0.35617 0.0181975 0.0691573 
2 31 25 19 11 8 
0.600013 0.615611 0.471894 0.0469704 0.556162 0.99056 0.00157824 0.251875 0.00397591 0.00368946 0.572013 0.783332 0.534997 0.0315066 0.732009 0.637083 0.35883 0.529356 0.950042 0.286453 0.650349 0.437124 0.166536 0.00651907 0.455321 0.235693 0.384624 0.415821 0.147407 0.78299 0.0807786 0.74742 0.398602 0.552673 0.79439 0.954763 0.543233 0.795968 0.206638 0.547209 0.799658 0.778651 0.330541 0.334655 0.810157 0.0625508 0.971738 0.168988 0.591907 0.92178 0.45544 0.242256 0.358904 0.621976 0.248775 0.814225 0.857669 0.6334 0.230046 0.00507583 0.41639 0.310824 0.752496 0.814992 
3 28 26 8 17 27 
0.976393 0.953939 0.142512 0.755044 0.284481 0.477167 0.565201 0.347031 0.448905 0.734189 0.938939 0.370685 0.189629 0.181195 0.729589 0.811605 0.42997 0.543814 0.669274 0.0633694 0.773859 0.67435 0.479759 0.0846837 0.426845 0.294751 0.948181 0.973731 0.0645056 0.354911 0.316585 0.0408983 0.30885 0.459098 0.795942 0.593331 0.936265 0.361143 0.940362 0.38517 0.0953314 0.879301 0.755855 0.28496 0.0604953 0.485444 0.0965651 0.490465 0.0292573 0.765839 0.553835 0.803117 0.440188 0.033594 0.8878 0.867033 0.328345 0.835981 0.840765 0.392851 0.190892 0.15735 0.433749 0.499742 
4 18 20 30 1 29 
0.912736 0.693737 0.971125 0.973231 0.179181 0.0676901 0.463696 0.208438 0.833529 0.0175309 0.0115548 0.273717 0.0511249 0.899355 0.140751 0.37947 0.735336 0.981515 0.772321 0.926229 0.138865 0.206069 0.425971 0.755313 0.43576 0.519044 0.308025 0.0265935 0.552479 0.245907 0.712758 0.465215 0.939645 0.683883 0.438446 0.118825 0.751573 0.902143 0.327263 0.585102 0.919674 0.338818 0.85882 0.970799 0.238173 0.99957 0.350269 0.97351 0.981086 0.122589 0.899739 0.119951 0.328659 0.32571 0.875263 0.764419 0.844754 0.183289 0.791012 0.397233 0.429196 0.50377 0.862449 0.36884 
5 9 4 11 30 34 
0.814929 0.52433 0.122712 0.153747 0.383149 0.0935102 0.391921 0.382719 0.443779 0.365431 0.363805 0.566368 0.265169 0.483756 0.895026 0.590879 0.359019 0.659445 0.435633 0.542308 0.450457 0.832866 0.971503 0.954228 0.695315 0.340344 0.141881 0.99621 0.82801 0.0811085 0.199248 0.642939 0.605438 0.321959 0.796686 0.988587 0.415469 0.188607 0.371307 0.859248 0.554037 0.735112 0.425616 0.819207 0.218868 0.320643 0.410086 0.577887 0.980088 0.845718 0.120194 0.430545 0.678584 0.0916977 0.384772 0.373899 0.432042 0.526653 0.370109 0.260051 0.607762 0.569356 0.90299 0.2132 
6 1 9 31 16 8 
0.166033 0.44232 0.308206 0.59165 0.261527 0.527074 0.912292 0.671613 0.10496 0.89238 0.517331 0.225154 0.322924 0.195916 0.316852 0.707697 0.569815 0.748894 0.23435 0.939923 0.00894483 0.842112 0.50928 0.911935 0.0553121 0.400596 0.611611 0.2571 0.707381 0.499893 0.830194 0.873414 0.942214 0.1384 0.465064 0.203741 0.665474 0.377356 0.875353 0.770434 0.269736 0.392684 0.995589 0.59266 0.5886 0.312441 0.300357 0.158415 0.0613343 0.534707 0.098338 0.0702791 0.376819 0.607618 0.982214 0.432131 0.0082135 0.593825 0.68923 0.715594 0.0937179 0.519424 0.589008 0.0359316 
7 2 13 16 34 9 
0.0937322 0.701164 0.50771 0.0893207 0.293824 0.0963099 0.401761 0.594181 0.254724 0.463096 0.128887 0.353062 0.533375 0.505706 0.96068 0.515589 0.937837 0.968894 0.109413 0.627067 0.684488 0.203131 0.146491 0.273497 0.239063 0.804315 0.327569 0.478735 0.127614 0.758997 0.59376 0.221346 0.460161 0.10147 0.310666 0.753985 0.19778 0.712428 0.348166 0.452505 0.175523 0.477053 0.805567 0.708898 0.982759 0.766248 0.224487 0.920595 0.735142 0.3339 0.547662 0.41963 0.537031 0.694153 0.693126 0.776094 0.498469 0.0206952 0.254829 0.626082 0.779692 0.848589 0.847428 0.239853 
8 20 5 4 11 6 
0.342004 0.600345 0.0460457 0.819057 0.405912 0.754944 0.801816 0.17216 0.979431 0.722411 0.907301 0.313331 0.270073 0.326931 0.850362 0.964226 0.0200573 0.626455 0.462694 0.0407525 0.881284 0.0887765 0.820445 0.729873 0.936204 0.0602984 0.679932 0.0942989 0.0541369 0.827772 0.964821 0.396141 0.428117 0.0108668 0.215198 0.834029 0.765811 0.0170136 0.00618842 0.745241 0.739424 0.91349 0.0585719 0.00949691 0.240421 0.908933 0.973723 0.260478 0.535389 0.436417 0.301231 0.416672 0.525193 0.121675 0.146545 0.461398 0.181974 0.826477 0.555697 0.236111 0.654249 0.520518 0.632252 0.0823662 
9 22 2 14 10 15 
0.922583 0.0424366 0.603888 0.836073 0.101008 0.613384 0.0764937 0.00994195 0.587107 0.336972 0.545331 0.0235241 0.638202 0.962003 0.548718 0.759878 0.108548 0.0101154 0.941851 0.935026 0.565812 0.177962 0.589275 0.0863301 0.810214 0.671642 0.617715 0.657664 0.588036 0.91491 0.522127 0.51062 0.957347 0.126015 0.346693 0.0583552 0.739399 0.423186 0.0682972 0.326506 0.760158 0.613628 0.35003 0.39836 0.575631 0.898748 0.158238 0.684179 0.908863 0.100089 0.619205 0.474675 0.278051 0.208481 0.561005 0.0882652 0.880122 0.17872 0.745929 0.468159 0.0936304 0.268056 0.978778 0.0509771 
10 22 18 4 16 13 
0.17763 0.459976 0.508816 0.791257 0.810006 0.907176 0.366888 0.708754 0.0654138 0.0510678 0.617617 0.165503 0.670273 0.092292 0.443554 0.878754 0.653297 0.53182 0.758876 0.832018 0.277748 0.227034 0.925648 0.545804 0.205813 0.976625 0.939875 0.531284 0.0859575 0.0733439 0.279941 0.263587 0.533319 0.788757 0.0548444 0.343325 0.695933 0.421733 0.0520787 0.761347 0.472801 0.669695 0.92685 0.143074 0.761987 0.370404 0.0218272 0.415285 0.902224 0.780703 0.247302 0.179972 0.00773723 0.17295 0.725776 0.21355 0.149576 0.665651 0.744834 0.235533 0.738995 0.0247751 0.49912 0.272314 
11 25 34 3 2 29 
0.667718 0.270813 0.448498 0.337414 0.197663 0.591572 0.099401 0.568067 0.613399 0.514686 0.470291 0.394102 0.761988 0.650263 0.401839 0.934939 0.376039 0.615389 0.0845142 0.04169 0.360223 0.320047 0.780685 0.384998 0.819167 0.0529992 0.19853 0.373132 0.668639 0.707996 0.348829 0.336357 0.978808 0.797327 0.673771 0.176471 0.388899 0.773172 0.744538 0.00229732 0.287857 0.214828 0.396399 0.0498456 0.865091 0.798238 0.984784 0.24113 0.413627 0.0692983 0.28282 0.773849 0.389346 0.0635049 0.158847 0.208513 0.116504 0.357377 0.581645 0.785143 0.0653726 0.930474 0.1215 0.0441807 
12 35 6 25 28 14 
0.965189 0.118997 0.856299 0.180017 0.515396 0.906145 0.045108 0.313634 0.890929 0.286238 0.72726 0.960227 0.569058 0.50111 0.349573 0.632563 0.659957 0.558086 0.749067 0.0173337 0.13973 0.53421 0.0827062 0.0702042 0.65571 0.126887 0.798005 0.45098 0.347538 0.914704 0.0194221 0.312727 0.0337009 0.875722 0.492744 0.549097 0.781866 0.537852 0.86273 0.672796 0.82409 0.589991 0.633023 0.393148 0.0911004 0.982596 0.0257112 0.751057 0.540682 0.774778 0.768391 0.680412 0.308988 0.851097 0.750616 0.964698 0.977984 0.548621 0.415678 0.325522 0.463325 0.4351 0.63825 0.497026 
13 26 17 32 7 5 
0.765484 0.492936 0.498844 0.398507 0.886085 0.589944 0.381103 0.911796 0.341001 0.921785 0.686574 0.109392 0.602197 0.995562 0.960489 0.352813 0.960261 0.938473 0.901434 0.375939 0.263995 0.36476 0.811039 0.902245 0.861786 0.121861 0.0332387 0.907909 0.214549 0.702085 0.816762 0.980033 0.195021 0.315606 0.37854 0.0811056 0.90555 0.759643 0.992901 0.246552 0.681428 0.679476 0.355944 0.283624 0.675038 0.316433 0.636438 0.635299 0.254906 0.537872 0.0112373 0.518901 0.902632 0.822276 0.421146 0.764418 0.944137 0.454385 0.672327 0.158686 0.15647 0.489089 0.13872 0.351491 
14 1 29 2 17 32 
0.425498 0.956797 0.95833 0.104973 0.312741 0.241955 0.780012 0.629174 0.878392 0.41531 0.88408 0.416264 0.426547 0.402982 0.318896 0.248824 0.824128 0.0833138 0.192961 0.278513 0.755641 0.351648 0.434983 0.24473 0.490367 0.786473 0.0494258 0.00762689 0.21907 0.759672 0.28453 0.644568 0.716469 0.24286 0.749541 0.0292103 0.484815 0.529553 0.658384 0.363207 0.944863 0.542465 0.779471 0.37141 0.945446 0.0983672 0.620234 0.769574 0.181681 0.813195 0.0480868 0.937322 0.164843 0.483069 0.182052 0.65521 0.269543 0.231478 0.662837 0.488612 0.99115 0.947366 0.13318 0.707619 
15 19 35 26 20 10 
0.395213 0.0382482 0.357137 0.937678 0.817719 0.728547 0.883124 0.916087 0.348781 0.652698 0.0977678 0.161976 0.700785 0.0350898 0.326819 0.183855 0.217142 0.982029 0.453397 0.44862 0.644866 0.94201 0.43977 0.592232 0.0751895 0.147388 0.782458 0.957911 0.884217 0.457499 0.370184 0.279431 0.495748 0.727321 0.217109 0.313467 0.455868 0.100233 0.229554 0.804649 0.752931 0.327322 0.966625 0.453717 0.362411 0.293444 0.637571 0.579553 0.275473 0.0909684 0.0281735 0.920338 0.032978 0.467943 0.51257 0.108167 0.615332 0.295028 0.0660781 0.499549 0.752528 0.436262 0.77898 0.248275 
16 3 6 14 24 13 
0.791296 0.4241 0.849253 0.118618 0.390725 0.30297 0.481029 0.684169 0.940541 0.0605826 0.959641 0.0315094 0.0887561 0.87998 0.0644874 0.556699 0.39255 0.172655 0.172031 0.687578 0.238733 0.67158 0.440106 0.674995 0.450559 0.688382 0.838578 0.446648 0.250124 0.458029 0.54297 0.0414204 0.882129 0.392223 0.160038 0.272854 0.695192 0.641068 0.957022 0.635733 0.70165 0.916664 0.667243 0.790406 0.796643 0.73173 0.347106 0.189193 0.904385 0.519137 0.876771 0.143118 0.190716 0.316877 0.818113 0.641276 0.00525863 0.656692 0.0879237 0.255383 0.114721 0.630893 0.296803 0.99685 
17 9 21 34 12 16 
0.226726 0.354042 0.799559 0.14339 0.0212843 0.589965 0.940033 0.753014 0.937071 0.129226 0.6574 0.456207 0.00599707 0.800518 0.646924 0.322874 0.618631 0.2882 0.328133 0.275323 0.376123 0.583516 0.390044 0.00701647 0.880319 0.386894 0.0301323 0.33716 0.656598 0.74844 0.435069 0.883325 0.102482 0.234628 0.0267147 0.123766 0.824593 0.966748 0.876781 0.761664 0.0959739 0.53418 0.217872 0.101971 0.334698 0.864795 0.424845 0.953329 0.152995 0.752978 0.228651 0.529118 0.336494 0.618695 0.536135 0.216812 0.00558896 0.566267 0.553972 0.662187 0.314707 0.989041 0.545512 0.417189 
18 0 29 14 2 33 
0.417736 0.809926 0.634948 0.951916 0.0277976 0.736919 0.286614 0.892593 0.161765 0.239943 0.0455877 0.914743 0.468594 0.574706 0.251236 0.0872884 0.11084 0.468048 0.0928774 0.677107 0.0220203 0.755065 0.991814 0.0110612 0.300576 0.409004 0.23473 0.872803 0.949959 0.282992 0.411778 0.367695 0.0929179 0.046726 0.319611 0.120715 0.783645 0.606225 0.0133084 0.94541 0.846168 0.0588961 0.860153 0.314762 0.633602 0.111389 0.40205 0.744442 0.579437 0.494927 0.421549 0.601458 0.249992 0.413364 0.612519 0.550568 0.822367 0.847249 0.423371 0.772327 0.130241 0.835149 0.140022 0.223159 
19 0 28 2 14 34 
0.357182 0.610931 0.912027 0.416079 0.471083 0.226788 0.0496804 0.582472 0.628838 0.794123 0.16191 0.123765 0.215672 0.763367 0.373757 0.629036 0.375886 0.924326 0.451403 0.223135 0.347697 0.22373 0.353376 0.182846 0.363752 0.576534 0.064721 0.823385 0.920409 0.730241 0.889243 0.277591 0.341172 0.80127 0.69367 0.812255 0.028058 0.74335 0.394728 0.656896 0.537472 0.556637 0.780662 0.753144 0.320005 0.154419 0.38218 0.695891 0.0787446 0.833584 0.919026 0.426442 0.0573136 0.272402 0.609288 0.421065 0.848936 0.674009 0.24445 0.769345 0.40425 0.133693 0.0469355 0.745422 
20 24 3 28 15 11 
0.952405 0.619917 0.0214275 0.509042 0.400579 0.774572 0.829047 0.554998 0.156752 0.524937 0.633742 0.990336 0.443963 0.0601841 0.0476496 0.716365 0.669472 0.468715 0.565301 0.34348 0.713165 0.334645 0.74773 0.846858 0.381581 0.493152 0.781821 0.122186 0.0508295 0.744843 0.606141 0.00323416 0.36476 0.627568 0.512276 0.765339 0.40214 0.341323 0.320337 0.558893 0.86626 0.954079 0.549229 0.310223 0.0142633 0.596878 0.0265879 0.683735 0.0655931 0.591889 0.0272155 0.778758 0.926534 0.774946 0.625616 0.308115 0.268098 0.407437 0.430301 0.318928 0.15228 0.0364423 0.322162 0.51704 
21 31 25 22 7 29 
0.602716 0.625044 0.0420206 0.556796 0.174273 0.352244 0.571059 0.771151 0.378832 0.254794 0.836744 0.97072 0.282009 0.615502 0.897255 0.0569555 0.241118 0.20537 0.325054 0.648556 0.635671 0.643982 0.800836 0.672113 0.966144 0.317876 0.336124 0.800582 0.600256 0.402275 0.976343 0.202972 0.0273195 0.0183633 0.759768 0.201592 0.370607 0.330827 0.972743 0.749439 0.58562 0.809488 0.720159 0.86763 0.42499 0.617414 0.924585 0.666108 0.822784 0.249639 0.314664 0.458455 0.893621 0.115499 0.130568 0.859765 0.433376 0.466692 0.660347 0.0336316 0.868968 0.636689 0.236604 0.896287 
22 16 7 3 32 29 
0.0706229 0.775098 0.912818 0.88011 0.495257 0.780448 0.3051 0.112671 0.705033 0.971208 0.935455 0.954673 0.285871 0.393909 0.848294 0.401371 0.524477 0.708058 0.834747 0.99117 0.368405 0.868378 0.860138 0.00509449 0.104982 0.756425 0.660147 0.101353 0.854305 0.685807 0.428551 0.924927 0.460905 0.34137 0.805038 0.956163 0.121818 0.110138 0.0688336 0.826851 0.0813457 0.00428813 0.781524 0.367217 0.398197 0.629817 0.768588 0.922675 0.337876 0.603335 0.913844 0.706281 0.471713 0.773982 0.711375 0.576695 0.530407 0.371522 0.678048 0.384711 0.0573293 0.1066 0.309639 0.518235 
23 15 25 32 12 26 
0.543231 0.396638 0.30616 0.547519 0.178162 0.673377 0.945716 0.807979 0.441965 0.868391 0.145855 0.0453001 0.782235 0.852136 0.517013 0.556217 0.563511 0.0937081 0.0866239 0.935033 0.771757 0.471335 0.992362 0.878356 0.780974 0.510597 0.326326 0.895651 0.984994 0.896113 0.120465 0.528225 0.292751 0.426625 0.0757441 0.470913 0.100003 0.0214604 0.278893 0.541968 0.889851 0.424748 0.587268 0.672086 0.276883 0.104281 0.228304 0.840394 0.197989 0.314928 0.775427 0.969746 0.786263 0.76779 0.848102 0.567237 0.278387 0.174428 0.462888 0.263381 0.0705407 0.583353 0.791606 0.363292 
24 34 32 14 35 0 
0.113098 0.651949 0.778662 0.537846 0.239218 0.450748 0.814729 0.343499 0.679052 0.655124 0.541488 0.993979 0.430551 0.511234 0.780242 0.19834 0.359337 0.347479 0.476727 0.533764 0.810367 0.740108 0.604305 0.39372 0.531713 0.967597 0.403698 0.399063 0.801802 0.51368 0.287874 0.9149 0.165629 0.0665351 0.452746 0.404847 0.517283 0.267476 0.748346 0.196335 0.922599 0.289834 0.190314 0.35315 0.801068 0.970556 0.55149 0.160405 0.318035 0.0282172 0.694169 0.128402 0.768325 0.298474 0.522121 0.300038 0.266072 0.92582 0.699102 0.0678738 0.439499 0.986975 0.982774 0.605128 
25 16 27 8 2 6 
0.767128 0.625595 0.0481548 0.957442 0.978745 0.849223 0.927998 0.530235 0.00962809 0.246032 0.558452 0.703797 0.374434 0.326777 0.00227193 0.896555 0.626815 0.268343 0.822375 0.325917 0.336217 0.261875 0.312892 0.318991 0.867003 0.366402 0.754512 0.876978 0.937195 0.457508 0.635299 0.704323 0.0831027 0.683454 0.661765 0.0618477 0.532677 0.589763 0.592083 0.542305 0.835795 0.150535 0.246103 0.210229 0.477312 0.248375 0.106784 0.104128 0.516718 0.92916 0.430045 0.852935 0.191034 0.742937 0.171927 0.0580373 0.109339 0.926438 0.935016 0.0465344 0.383946 0.570315 0.750858 0.467049 
26 33 3 10 9 7 
0.120979 0.328751 0.83818 0.271515 0.574853 0.0484092 0.748827 0.823228 0.155194 0.852955 0.339946 0.0843531 0.283 0.192881 0.275387 0.0259365 0.364808 0.333425 0.135275 0.291246 0.26844 0.18181 0.675192 0.838755 0.932668 0.142241 0.0925235 0.34529 0.671138 0.878969 0.347676 0.792117 0.20772 0.185856 0.0636317 0.782574 0.234265 0.812459 0.605802 0.389459 0.665414 0.945748 0.473812 0.948413 0.138629 0.749199 0.97435 0.503437 0.0826239 0.109625 0.794683 0.351064 0.291435 0.469876 0.189819 0.224103 0.612117 0.282343 0.569393 0.283255 0.161312 0.917069 0.0753716 0.369032 
27 26 11 12 33 5 
0.757407 0.726648 0.616876 0.703155 0.20046 0.565289 0.841783 0.94966 0.539639 0.34522 0.0322834 0.649264 0.139904 0.383348 0.940699 0.609779 0.573167 0.164802 0.221896 0.855509 0.734195 0.505151 0.0168208 0.651263 0.580522 0.385853 0.754188 0.719526 0.537458 0.0913775 0.670988 0.294865 0.818026 0.287863 0.998019 0.0184861 0.853153 0.839803 0.968146 0.392791 0.185023 0.000429051 0.0420556 0.324927 0.383777 0.982755 0.934706 0.956943 0.147557 0.156602 0.812452 0.881752 0.661753 0.829273 0.533015 0.242275 0.215126 0.287203 0.961801 0.752584 0.378581 0.632789 0.0474485 0.196607 
28 16 7 30 26 10 
0.183238 0.166596 0.070294 0.183667 0.208652 0.395221 0.567444 0.191407 0.329927 0.524387 0.338964 0.486529 0.33684 0.220716 0.148282 0.166113 0.753731 0.390558 0.381238 0.0409342 0.352359 0.133822 0.419515 0.985148 0.181271 0.616122 0.9058 0.226738 0.831214 0.679604 0.112009 0.0144529 0.846201 0.182303 0.19812 0.0548524 0.577524 0.765564 0.246259 0.907451 0.289952 0.585223 0.393981 0.626791 0.805939 0.542263 0.792904 0.55967 0.932821 0.174142 0.600604 0.28518 0.307964 0.0201189 0.270327 0.489235 0.636241 0.176127 0.715973 0.467455 0.855732 0.827982 0.481908 0.701932 
29 20 28 16 1 18 
0.735544 0.588267 0.889242 0.362336 0.394205 0.431505 0.155239 0.953875 0.364326 0.329382 0.554479 0.649506 0.637346 0.574598 0.919834 0.12658 0.210838 0.0959606 0.842554 0.678293 0.951692 0.670536 0.160201 0.653624 0.680821 0.84023 0.410409 0.268631 0.285822 0.413453 0.763892 0.0213668 0.0017193 0.653134 0.383702 0.395925 0.0846388 0.538942 0.3498 0.448965 0.868324 0.904279 0.098471 0.505669 0.478877 0.0183045 0.63225 0.689715 0.114265 0.474803 0.368009 0.0659573 0.145339 0.52821 0.719582 0.82616 0.36844 0.12999 0.0947914 0.654262 0.543443 0.858683 0.675629 0.545162 
30 20 15 3 12 26 
0.290887 0.0454209 0.466597 0.195165 0.143892 0.972266 0.674042 0.162196 0.604516 0.363757 0.276462 0.079319 0.731766 0.342419 0.224658 0.259975 0.0620005 0.0508186 0.628415 0.191991 0.14561 0.282677 0.735434 0.00429338 0.958306 0.280596 0.51611 0.017637 0.221683 0.112566 0.61591 0.51257 0.157987 0.0825069 0.707735 0.301879 0.0547729 0.381777 0.464076 0.659289 0.745534 0.740537 0.738608 0.4773 0.0829562 0.963266 0.737276 0.144957 0.0140844 0.365691 0.336948 0.159694 0.648368 0.0723816 0.163988 0.606673 0.352978 0.680098 0.62431 0.574661 0.792665 0.24022 0.0872307 0.950652 
31 20 30 21 16 0 
0.716607 0.0367887 0.922278 0.457144 0.775396 0.399578 0.5401 0.738662 0.136854 0.685057 0.752747 0.502544 0.0220047 0.912441 0.150912 0.0943863 0.0764287 0.757585 0.447364 0.756527 0.381895 0.0220249 0.549192 0.622115 0.109256 0.499844 0.944843 0.904222 0.752375 0.322343 0.080965 0.468982 0.359131 0.00324291 0.926126 0.134528 0.402821 0.466226 0.87319 0.539674 0.151283 0.625936 0.0422185 0.173288 0.538377 0.19313 0.267674 0.614806 0.950715 0.715038 0.371333 0.33261 0.737063 0.920525 0.954725 0.846318 0.420368 0.899568 0.75054 0.172743 0.221911 0.831505 0.641724 0.581042 
32 8 10 29 2 3 
0.777243 0.185359 0.214696 0.819462 0.358647 0.753074 0.0125919 0.62632 0.36788 0.963307 0.341358 0.739213 0.295917 0.0784212 0.659738 0.250642 0.92474 0.0801058 0.150211 0.67528 0.252849 0.372121 0.506785 0.894573 0.953164 0.341533 0.462423 0.668734 0.579102 0.496499 0.257494 0.356345 0.681858 0.47219 0.175807 0.0405048 0.225264 0.188399 0.666825 0.593144 0.151706 0.00818367 0.332357 0.447623 0.0866049 0.992095 0.698265 0.0113445 0.0722005 0.848476 0.686624 0.325049 0.220597 0.193409 0.219622 0.173761 0.534942 0.682046 0.842495 0.114044 0.178545 0.0999886 0.470389 0.860403 
33 15 23 34 5 17 
0.567734 0.390587 0.986301 0.575917 0.722944 0.433924 0.662522 0.715039 0.132189 0.673867 0.787239 0.980665 0.360491 0.112289 0.201262 0.5539 0.331911 0.375023 0.0888424 0.013957 0.217518 0.202887 0.192502 0.317507 0.673276 0.0529057 0.889686 0.319472 0.953814 0.687129 0.154067 0.521548 0.0777159 0.140368 0.0974648 0.80066 0.574292 0.759987 0.515699 0.706481 0.433854 0.302938 0.687146 0.794345 0.415227 0.888409 0.348245 0.747138 0.263432 0.437087 0.761095 0.48095 0.639974 0.953598 0.798457 0.313249 0.00650321 0.688143 0.632722 0.960317 0.375271 0.786789 0.481865 0.452987 
34 21 26 28 22 15 
0.769346 0.20793 0.77317 0.0722849 0.895076 0.567515 0.487512 0.783485 0.915759 0.23465 0.046917 0.352847 0.995746 0.527867 0.99282 0.949343 0.326324 0.30607 0.955846 0.0144671 0.938791 0.916164 0.389739 0.72558 0.398028 0.842726 0.652737 0.977358 0.0963734 0.154186 0.316674 0.86572 0.362116 0.0898442 0.938005 0.257193 0.657359 0.425517 0.0406777 0.573118 0.660167 0.0875948 0.925965 0.655913 0.615462 0.918785 0.605256 0.941786 0.224855 0.561102 0.956253 0.163646 0.477266 0.345992 0.889226 0.875294 0.188718 0.541963 0.852652 0.285091 0.696149 0.169326 0.150811 0.0582647 
35 20 21 3 19 17 
0.356135 0.489648 0.1745 0.44373 0.415612 0.830412 0.059192 0.334397 0.435668 0.000978365 0.559252 0.996771 0.957232 0.722898 0.474037 0.303224 0.612123 0.349331 0.491942 0.154086 0.201984 0.777033 0.850234 0.37131 0.927844 0.908499 0.630481 0.0166597 0.223956 0.54701 0.530992 0.580092 0.0366579 0.705492 0.0238216 0.45227 0.535904 0.0830136 0.786667 0.971573 0.083992 0.345919 0.968344 0.0412238 0.0688167 0.442381 0.344448 0.68094 0.791712 0.836389 0.835026 0.993695 0.613422 0.68526 0.365005 0.541266 0.593759 0.995486 0.557926 0.817716 0.542496 0.0889179 0.397807 0.579154 
