54 4
1 0 0 0 0 1 1 1 0 0 0 0 0 1 0 0 1 0 0 0 0 0 0 1 0 0 1 1 1 1 0 1 0 0 1 1 0 1 1 1 0 1 1 1 1 0 0 1 1 1 0 0 1 1 
0 14 11 8 
0.431368 0.970016 0.786856 0.452628 0.538454 0.334621 0.725847 0.374462 0.488152 0.51611 0.652245 0.90823 0.718061 0.66572 0.164387 0.0578628 
1 50 19 22 
0.386125 0.57361 0.020707 0.734899 0.301451 0.807756 0.606132 0.410132 0.224205 0.384106 0.00657963 0.959863 0.815474 0.976595 0.746719 0.268102 
2 37 12 31 
0.889512 0.569492 0.510059 0.541757 0.477722 0.22812 0.207476 0.64211 0.285983 0.938196 0.798662 0.218866 0.324321 0.372271 0.239573 0.05922 
3 10 22 21 
0.083854 0.271534 0.0494582 0.0904336 0.231397 0.864933 0.0670289 0.978116 0.133035 0.582079 0.0594562 0.126984 0.47159 0.628948 0.637042 0.0133471 
4 5 52 11 
0.74878 0.151146 0.159019 0.547442 0.370012 0.48334 0.919713 0.609585 0.54256 0.593435 0.656914 0.207912 0.677289 0.928449 0.25737 0.767723 
5 40 32 26 
0.137962 0.255337 0.41683 0.197418 0.382321 0.888421 0.826367 0.0193633 0.901768 0.933037 0.884526 0.122591 0.681818 0.0356714 0.281611 0.22926 
6 27 2 20 
0.307511 0.742408 0.672182 0.515423 0.419698 0.600631 0.772793 0.187421 0.760477 0.895095 0.0221728 0.898439 0.150433 0.439003 0.095857 0.532754 
7 5 39 23 
0.229192 0.855261 0.436643 0.351783 0.537079 0.472314 0.633394 0.766339 0.877997 0.398345 0.915312 0.893265 0.705856 0.65772 0.565447 0.221278 
8 22 25 42 
0.264839 0.926555 0.889167 0.287012 0.824994 0.0395994 0.726015 0.920851 0.572353 0.053439 0.843074 0.12447 0.282631 0.698335 0.561112 0.634414 
9 10 39 31 
0.00175325 0.911424 0.666153 0.917065 0.804689 0.372009 0.574785 0.370136 0.593288 0.652203 0.536215 0.587359 0.917042 0.46277 0.476526 0.204054 
10 29 28 50 
0.208614 0.0884778 0.983508 0.0516883 0.212948 0.266139 0.750024 0.77406 0.900553 0.985438 0.807487 0.168362 0.987191 0.71891 0.834515 0.904257 
11 26 10 50 
0.893736 0.799812 0.131245 0.42995 0.387171 0.0482878 0.89272 0.863696 0.252342 0.180483 0.379821 0.182411 0.389097 0.468299 0.165919 0.440785 
12 39 17 7 
0.455307 0.332611 0.176247 0.262793 0.500973 0.163439 0.981703 0.335488 0.0676951 0.505302 0.542012 0.546737 0.399038 0.341824 0.677983 0.828988 
13 20 35 33 
0.592691 0.978612 0.902191 0.972512 0.161023 0.291288 0.440811 0.326942 0.732073 0.122058 0.759 0.922882 0.577365 0.0916107 0.0991291 0.840158 
14 27 17 22 
0.928071 0.330263 0.327163 0.470083 0.877 0.726201 0.811907 0.554983 0.555189 0.540902 0.281253 0.276897 0.133593 0.259865 0.179088 0.106105 
15 49 10 45 
0.74783 0.202448 0.668975 0.50683 0.12533 0.246339 0.59844 0.224459 0.086497 0.191024 0.487027 0.908358 0.119095 0.81729 0.235521 0.589178 
16 36 5 4 
0.249272 0.516911 0.941987 0.530525 0.793808 0.0755798 0.79039 0.972896 0.181685 0.211278 0.443272 0.728602 0.959108 0.64572 0.397577 0.465938 
17 14 49 46 
0.99551 0.730413 0.255402 0.482537 0.638771 0.374497 0.299827 0.874292 0.963675 0.994117 0.836014 0.36476 0.243389 0.352926 0.306747 0.773915 
18 35 38 34 
0.564012 0.775583 0.562902 0.292614 0.734692 0.208622 0.690191 0.20063 0.979672 0.334107 0.265009 0.975182 0.0645206 0.520411 0.457719 0.703292 
19 27 3 53 
0.858583 0.751663 0.413598 0.223343 0.995052 0.766524 0.53009 0.768967 0.913258 0.912417 0.333272 0.0328883 0.476429 0.108856 0.59579 0.769042 
20 52 46 25 
0.0441773 0.784085 0.793341 0.309186 0.759267 0.857861 0.829597 0.216986 0.561153 0.724505 0.974533 0.138737 0.583088 0.726196 0.552335 0.806432 
21 36 45 25 
0.490215 0.232117 0.248939 0.823488 0.265005 0.725367 0.932343 0.860796 0.49441 0.77589 0.665208 0.953643 0.820068 0.449293 0.746984 0.129254 
22 43 11 53 
0.425547 0.165998 0.683355 0.400079 0.304734 0.266444 0.126275 0.857069 0.0728755 0.847523 0.175928 0.409397 0.337739 0.408045 0.658336 0.161226 
23 26 40 13 
0.533846 0.878113 0.86946 0.199054 0.831756 0.689527 0.648347 0.57874 0.818781 0.856907 0.183584 0.777631 0.282453 0.349582 0.460987 0.682532 
24 51 36 22 
0.511386 0.800306 0.656331 0.687314 0.209703 0.994069 0.0953589 0.868039 0.155296 0.768409 0.251743 0.248865 0.302255 0.129856 0.118325 0.501309 
25 12 34 43 
0.540351 0.626633 0.0065623 0.723936 0.404264 0.289016 0.0735174 0.865251 0.971548 0.727834 0.592681 0.780356 0.239219 0.392987 0.436686 0.926533 
26 12 51 40 
0.47073 0.586051 0.790301 0.722473 0.834916 0.0925561 0.852329 0.953241 0.593865 0.813941 0.761093 0.743521 0.354292 0.387726 0.750083 0.0782276 
27 5 10 25 
0.0106465 0.879579 0.249923 0.791002 0.118798 0.64291 0.227688 0.0453304 0.245601 0.658444 0.0672222 0.716331 0.244495 0.857523 0.438804 0.0794116 
28 43 30 7 
0.543944 0.105073 0.793745 0.287465 0.459365 0.181471 0.0375478 0.537592 0.973461 0.0766462 0.689337 0.630703 0.0872927 0.568916 0.880626 0.878295 
29 36 38 7 
0.733044 0.769137 0.764427 0.800266 0.485467 0.00892243 0.657789 0.924271 0.088334 0.607869 0.215403 0.120986 0.151813 0.320476 0.914732 0.439278 
30 24 17 23 
0.317433 0.0696645 0.553472 0.00677059 0.700367 0.640764 0.575686 0.580993 0.519059 0.2634 0.104529 0.625042 0.996444 0.873665 0.389469 0.79671 
31 3 29 43 
0.283404 0.486726 0.0623676 0.498807 0.607712 0.214181 0.819283 0.522444 0.653458 0.599124 0.618647 0.130284 0.916557 0.688312 0.683756 0.923328 
32 0 30 9 
0.969672 0.84358 0.762414 0.0742007 0.468622 0.758858 0.947866 0.858091 0.555568 0.306999 0.256483 0.0100666 0.590402 0.743208 0.0724342 0.0892091 
33 44 21 49 
0.940073 0.507616 0.492012 0.0703573 0.424174 0.180324 0.754113 0.347502 0.569003 0.0786335 0.846516 0.538675 0.922213 0.60893 0.612875 0.390835 
34 14 23 5 
0.923356 0.86774 0.505409 0.933422 0.458142 0.248617 0.00585651 0.547351 0.599538 0.292471 0.455843 0.472903 0.232545 0.96346 0.964915 0.302902 
35 48 17 51 
0.735135 0.714241 0.135649 0.581651 0.252916 0.0578617 0.190582 0.865791 0.448696 0.55837 0.426532 0.697622 0.481726 0.294272 0.203031 0.415148 
36 25 4 39 
0.299765 0.0511858 0.713476 0.755609 0.524088 0.94602 0.719068 0.489003 0.248922 0.106702 0.634241 0.305938 0.841837 0.348482 0.441586 0.423488 
37 35 31 8 
0.467189 0.948144 0.17244 0.893722 0.645767 0.654166 0.187994 0.848798 0.0693139 0.940408 0.300446 0.490318 0.240173 0.351631 0.203794 0.995782 
38 35 7 5 
0.364723 0.398737 0.821552 0.998964 0.704675 0.663389 0.347447 0.146261 0.0868773 0.948845 0.645709 0.700947 0.416034 0.593853 0.873388 0.309756 
39 29 7 12 
0.0884173 0.596867 0.438158 0.388863 0.0871858 0.678331 0.740494 0.29098 0.674113 0.616214 0.440795 0.388963 0.980937 0.839532 0.210514 0.979901 
40 46 38 50 
0.690467 0.960781 0.276192 0.336176 0.661728 0.692226 0.930029 0.535116 0.00198211 0.169649 0.0626692 0.499732 0.258066 0.659537 0.937889 0.646929 
41 50 35 30 
0.0377025 0.290332 0.00363721 0.478497 0.679295 0.984574 0.318029 0.889809 0.964475 0.862236 0.763713 0.291823 0.552703 0.724493 0.568015 0.888879 
42 14 10 22 
0.921337 0.262224 0.988557 0.984006 0.761956 0.246623 0.643543 0.699845 0.893552 0.390265 0.316065 0.280975 0.427968 0.606397 0.284612 0.906465 
43 19 40 44 
0.175501 0.233662 0.0867303 0.939214 0.525485 0.639434 0.663707 0.0935001 0.528313 0.0499288 0.353742 0.347221 0.971266 0.615966 0.335778 0.955272 
44 40 24 29 
0.0777662 0.475953 0.98908 0.393831 0.756928 0.417048 0.000227707 0.0415407 0.323513 0.28592 0.310727 0.548007 0.461421 0.544389 0.634738 0.400635 
45 32 12 14 
0.163374 0.802484 0.114271 0.517116 0.149705 0.0855371 0.133081 0.485483 0.0408091 0.511003 0.0678842 0.639624 0.588769 0.543837 0.628704 0.9826 
46 2 23 33 
0.342306 0.369264 0.268747 0.653033 0.917271 0.730168 0.197422 0.552009 0.130804 0.267296 0.82618 0.195146 0.43067 0.628664 0.309417 0.947785 
47 43 8 2 
0.263852 0.435764 0.59187 0.331736 0.0753875 0.180639 0.875574 0.704091 0.163239 0.176339 0.749843 0.146067 0.518645 0.119107 0.414814 0.171679 
48 21 42 39 
0.588387 0.275786 0.636397 0.414567 0.470932 0.0670669 0.0432315 0.780349 0.014852 0.821601 0.175304 0.0957186 0.0854527 0.611068 0.687588 0.417189 
49 9 46 47 
0.390546 0.0314658 0.469102 0.140389 0.177532 0.987747 0.259496 0.592346 0.159426 0.295874 0.737329 0.528528 0.884261 0.0131144 0.164925 0.298829 
50 47 37 21 
0.264396 0.246844 0.163661 0.4397 0.342562 0.249113 0.0507677 0.0301505 0.666302 0.737223 0.898378 0.959065 0.127769 0.929843 0.428167 0.268159 
51 36 25 47 
0.699722 0.57534 0.823528 0.437051 0.103868 0.70779 0.450165 0.268793 0.00661811 0.934211 0.500784 0.348678 0.198607 0.747628 0.512339 0.638307 
52 38 47 49 
0.120341 0.427754 0.426298 0.0187187 0.386819 0.554067 0.948562 0.814986 0.822226 0.0559379 0.2309 0.34988 0.75566 0.80624 0.173408 0.192711 
53 26 47 33 
0.1789 0.887816 0.577087 0.679685 0.236494 0.775694 0.427313 0.748833 0.414002 0.517504 0.510285 0.103076 0.637845 0.938039 0.529374 0.656564 
