43 5
0 0 0 0 0 0 1 1 0 0 0 1 1 1 1 1 1 0 0 1 0 0 1 0 0 1 1 1 0 0 0 1 1 0 1 1 1 1 1 0 0 0 1 
0 39 16 5 23 
0.704953 0.799005 0.672488 0.39195 0.623948 0.283182 0.846388 0.914931 0.351232 0.519586 0.442137 0.0212072 0.0669284 0.574539 0.0528779 0.31999 0.111914 0.183116 0.876341 0.958076 0.405147 0.738276 0.0437949 0.509832 0.938822 0.657327 0.646942 0.797265 0.447022 0.92477 0.712093 0.151975 
1 10 16 22 34 
0.390314 0.262655 0.0189951 0.9099 0.704792 0.0402023 0.976828 0.27933 0.0930801 0.296818 0.391244 0.276196 0.173159 0.349319 0.681343 0.911435 0.393114 0.191175 0.850257 0.0504413 0.838117 0.647523 0.497463 0.762887 0.359616 0.649439 0.486663 0.744196 0.193364 0.834387 0.411959 0.583678 
2 28 26 21 3 
0.471157 0.470406 0.0811631 0.564237 0.767224 0.472407 0.840433 0.940383 0.821726 0.521776 0.851818 0.21484 0.712951 0.702076 0.265282 0.551068 0.349599 0.762745 0.313956 0.709215 0.412183 0.800619 0.453411 0.605548 0.635006 0.86537 0.189225 0.732047 0.296324 0.682803 0.53388 0.767481 
3 36 30 40 20 
0.0874497 0.17215 0.860815 0.909176 0.693927 0.712633 0.124016 0.406878 0.414709 0.389298 0.957946 0.764308 0.152043 0.271902 0.473522 0.564227 0.0725209 0.926933 0.169774 0.707526 0.792303 0.359 0.439573 0.0886276 0.0418024 0.973453 0.856109 0.195011 0.588496 0.187826 0.115443 0.675946 
4 24 1 36 35 
0.709138 0.460781 0.1036 0.0984363 0.418727 0.867908 0.250479 0.690629 0.34143 0.814706 0.76315 0.268363 0.98448 0.470676 0.0606664 0.34348 0.91025 0.149294 0.385282 0.883703 0.00540258 0.580293 0.472199 0.193229 0.695736 0.148145 0.553205 0.671994 0.733266 0.607109 0.360885 0.442405 
5 14 11 37 41 
0.332392 0.79132 0.177246 0.673822 0.606026 0.940395 0.942186 0.590506 0.411072 0.00285206 0.933986 0.321321 0.152146 0.319268 0.205024 0.157549 0.899561 0.677223 0.350777 0.595296 0.825367 0.903983 0.26729 0.558634 0.511091 0.628175 0.00103827 0.578981 0.0926595 0.541879 0.0655977 0.425052 
6 34 4 14 12 
0.0410601 0.529732 0.59431 0.0439122 0.463718 0.915631 0.196058 0.782985 0.120655 0.353607 0.682546 0.797878 0.704384 0.277843 0.623245 0.608367 0.545133 0.181879 0.119459 0.173307 0.182917 0.69844 0.265967 0.724796 0.764037 0.691019 0.0579955 0.00688066 0.789893 0.997221 0.190119 0.830953 
7 8 13 28 37 
0.70006 0.0709238 0.773656 0.820715 0.424531 0.456202 0.618593 0.128915 0.734044 0.241838 0.737282 0.279177 0.423717 0.856741 0.452484 0.606634 0.55518 0.718451 0.331431 0.319218 0.40947 0.389426 0.326098 0.199363 0.386647 0.516218 0.0303163 0.9136 0.300647 0.905182 0.90427 0.000707258 
8 16 0 42 13 
0.134127 0.440016 0.529551 0.868171 0.681854 0.266833 0.147348 0.105571 0.123574 0.599832 0.712206 0.678755 0.318283 0.0436365 0.997972 0.727753 0.433063 0.324071 0.927116 0.81971 0.840289 0.957432 0.73331 0.140935 0.862614 0.63758 0.141643 0.83872 0.315506 0.963065 0.239356 0.449633 
9 14 21 12 6 
0.465153 0.190507 0.159315 0.064985 0.902713 0.83807 0.383268 0.946349 0.836042 0.111021 0.379412 0.160113 0.0381372 0.199122 0.000401236 0.99557 0.932432 0.141337 0.858184 0.570012 0.282979 0.696904 0.885518 0.246045 0.93626 0.335151 0.649126 0.705167 0.652955 0.734061 0.740908 0.118108 
10 1 34 3 31 
0.738293 0.566361 0.77363 0.574335 0.677383 0.153042 0.734447 0.71552 0.352164 0.734849 0.711089 0.284596 0.876185 0.569273 0.854608 0.159165 0.266177 0.740126 0.405209 0.202437 0.0752767 0.0543351 0.907604 0.728232 0.788396 0.648512 0.84634 0.712965 0.548735 0.0294329 0.540246 0.287028 
11 24 4 37 23 
0.466918 0.59581 0.988696 0.819083 0.330659 0.699786 0.103679 0.206844 0.269059 0.958288 0.366008 0.535235 0.698413 0.771218 0.737672 0.77369 0.825553 0.645276 0.501922 0.613949 0.293788 0.348262 0.326914 0.842523 0.377695 0.867159 0.129551 0.973489 0.181035 0.990914 0.246666 0.647954 
12 22 41 17 21 
0.570716 0.124226 0.204207 0.529003 0.490234 0.739442 0.227417 0.261452 0.477114 0.00110669 0.0870044 0.12239 0.503029 0.700953 0.416178 0.851291 0.027867 0.258701 0.228986 0.895026 0.388252 0.202475 0.0760614 0.379166 0.449141 0.724015 0.965889 0.684503 0.191051 0.883271 0.619651 0.761767 
13 17 23 33 2 
0.518186 0.759183 0.0404137 0.519293 0.846188 0.162804 0.0223219 0.547141 0.578981 0.873613 0.575008 0.837682 0.102598 0.470034 0.225934 0.305073 0.546096 0.6051 0.754214 0.270111 0.570989 0.438717 0.461162 0.45426 0.0583673 0.222929 0.461758 0.882225 0.513698 0.959489 0.445524 0.0318848 
14 27 30 38 33 
0.648741 0.5735 0.112001 0.227723 0.447113 0.687009 0.065405 0.549711 0.157044 0.291339 0.854784 0.70314 0.896439 0.608998 0.97325 0.467428 0.0477147 0.434412 0.921688 0.106082 0.657341 0.383445 0.988307 0.171039 0.342934 0.433831 0.202924 0.0616069 0.919769 0.754102 0.626467 0.56851 
15 9 14 13 42 
0.324425 0.582522 0.152977 0.179209 0.285661 0.049416 0.788207 0.258911 0.516844 0.835922 0.693323 0.438531 0.942004 0.350664 0.821977 0.930311 0.521703 0.164911 0.364141 0.724627 0.226518 0.28391 0.478729 0.852985 0.85242 0.80633 0.591454 0.648653 0.581044 0.0169313 0.510292 0.905469 
16 42 39 28 41 
0.712685 0.872886 0.144025 0.229528 0.708808 0.837349 0.66806 0.650812 0.188012 0.490037 0.581122 0.709715 0.654948 0.945264 0.434342 0.881466 0.229174 0.913071 0.734451 0.0815944 0.719401 0.325905 0.730248 0.300445 0.342836 0.240539 0.205915 0.942289 0.903808 0.290593 0.827403 0.616493 
17 23 11 12 8 
0.808777 0.514081 0.523098 0.99679 0.00411757 0.104221 0.706505 0.659065 0.0494844 0.140847 0.540531 0.278658 0.0539176 0.274982 0.360253 0.773318 0.600887 0.0905005 0.0737635 0.943723 0.33104 0.279678 0.886012 0.234848 0.570271 0.713415 0.851341 0.73375 0.684843 0.697362 0.606037 0.49362 
18 15 1 40 4 
0.233356 0.196915 0.874626 0.28284 0.337762 0.415158 0.561499 0.391679 0.69014 0.921751 0.164998 0.291027 0.0122518 0.238761 0.23475 0.343292 0.518439 0.120762 0.57814 0.0887102 0.834177 0.429481 0.82246 0.519021 0.126843 0.428497 0.012641 0.338286 0.557632 0.503051 0.553847 0.790988 
19 24 23 27 2 
0.843631 0.635327 0.429407 0.533771 0.557079 0.594404 0.824799 0.56933 0.833165 0.0595489 0.912622 0.351604 0.180311 0.490762 0.440315 0.0144885 0.920243 0.262775 0.533509 0.0470858 0.691272 0.54615 0.385372 0.248904 0.0492011 0.93922 0.0398928 0.749167 0.367693 0.113721 0.786894 0.211324 
20 30 13 41 36 
0.810705 0.569894 0.875457 0.64387 0.629443 0.788079 0.995474 0.809754 0.278841 0.435789 0.824243 0.199084 0.698564 0.357752 0.24617 0.389836 0.903902 0.631542 0.63874 0.953103 0.570761 0.678633 0.70227 0.938454 0.792354 0.489164 0.149779 0.541403 0.705465 0.894874 0.84753 0.516169 
21 41 39 19 2 
0.511067 0.155514 0.903966 0.789908 0.591302 0.728209 0.988992 0.289866 0.0859609 0.235162 0.679702 0.989863 0.866704 0.318442 0.942966 0.437465 0.997074 0.645236 0.375919 0.789429 0.1344 0.525698 0.330832 0.839865 0.420572 0.178362 0.356035 0.885341 0.90135 0.516074 0.979553 0.412417 
22 34 27 10 23 
0.611728 0.191317 0.552756 0.697689 0.426479 0.232457 0.687552 0.293183 0.550899 0.630518 0.730647 0.547973 0.275754 0.106567 0.337402 0.410155 0.632265 0.668234 0.25002 0.0528371 0.846596 0.606054 0.938178 0.747945 0.122128 0.917731 0.160362 0.793716 0.80125 0.362688 0.0566056 0.412978 
23 0 28 4 39 
0.841819 0.798219 0.273667 0.392718 0.428737 0.00431451 0.940691 0.704491 0.110881 0.278093 0.114646 0.743146 0.946327 0.364665 0.795983 0.792922 0.97072 0.734161 0.540868 0.0928477 0.651892 0.70123 0.886564 0.453143 0.0639179 0.943169 0.866121 0.617923 0.552531 0.976788 0.598407 0.394349 
24 12 34 28 39 
0.876389 0.727758 0.908234 0.98727 0.0058503 0.0228797 0.730416 0.952177 0.387545 0.526399 0.745099 0.358265 0.26056 0.285967 0.451112 0.912453 0.987197 0.337676 0.365595 0.0511149 0.280845 0.231716 0.669038 0.833375 0.208504 0.267445 0.227725 0.98351 0.13952 0.0147913 0.187253 0.0159086 
25 13 26 8 4 
0.118367 0.733595 0.700576 0.505912 0.259994 0.445675 0.864177 0.520554 0.731642 0.315289 0.433007 0.718839 0.652965 0.798602 0.769954 0.93381 0.0303179 0.438992 0.767185 0.238822 0.706437 0.99491 0.222332 0.845957 0.0097011 0.409585 0.861866 0.75225 0.505073 0.865044 0.500649 0.62344 
26 5 42 40 1 
0.6469 0.99353 0.379186 0.378542 0.308819 0.812193 0.0973812 0.961784 0.610795 0.867335 0.895593 0.641113 0.306327 0.662779 0.879935 0.0127646 0.657688 0.102266 0.858722 0.667389 0.511852 0.720587 0.419639 0.0169247 0.585631 0.920288 0.640365 0.18427 0.121513 0.769718 0.0429026 0.768414 
27 10 15 26 24 
0.234282 0.244337 0.0338497 0.845077 0.111672 0.929443 0.48619 0.417999 0.592222 0.366124 0.430764 0.24991 0.468391 0.289485 0.917299 0.980242 0.0100725 0.336939 0.997167 0.595704 0.257227 0.637532 0.779974 0.37874 0.40725 0.822876 0.147154 0.170497 0.244965 0.29411 0.242563 0.479248 
28 33 30 23 16 
0.810514 0.0681178 0.798078 0.176639 0.498882 0.0479877 0.645029 0.788367 0.965287 0.625272 0.79844 0.302226 0.622439 0.394143 0.559453 0.259971 0.174117 0.938193 0.667221 0.996994 0.0853472 0.837719 0.241959 0.379457 0.080282 0.721207 0.917903 0.356695 0.0455312 0.568022 0.562551 0.856045 
29 24 5 20 41 
0.408617 0.677713 0.923388 0.373904 0.302985 0.721828 0.676129 0.925424 0.115971 0.235582 0.185395 0.290089 0.173775 0.852616 0.287083 0.259123 0.690335 0.529042 0.638579 0.770617 0.250249 0.556483 0.127312 0.29578 0.124504 0.689863 0.151825 0.760644 0.0504923 0.184509 0.895665 0.459109 
30 17 2 35 39 
0.509142 0.0906311 0.656853 0.744725 0.276026 0.946941 0.9185 0.128642 0.234024 0.177622 0.818976 0.763066 0.816202 0.589593 0.0133144 0.372684 0.716905 0.309094 0.497189 0.406768 0.46092 0.257832 0.45726 0.645429 0.153497 0.916369 0.507651 0.972551 0.749382 0.672859 0.513432 0.258524 
31 13 25 1 18 
0.117226 0.921749 0.168158 0.35125 0.0993713 0.987134 0.114316 0.915573 0.576727 0.12763 0.288257 0.293632 0.436725 0.785446 0.7004 0.897644 0.0432784 0.15766 0.543073 0.196776 0.0740293 0.0507246 0.169326 0.823411 0.723583 0.682758 0.0819358 0.487073 0.853043 0.0851847 0.526589 0.970269 
32 40 20 10 33 
0.681881 0.435835 0.021878 0.258608 0.563465 0.310135 0.55224 0.000189557 0.0955816 0.25264 0.897834 0.13886 0.4103 0.440907 0.335636 0.484329 0.491631 0.504962 0.30774 0.215215 0.18772 0.389676 0.702288 0.040763 0.474861 0.228877 0.011032 0.481794 0.923623 0.332551 0.588099 0.605504 
33 16 19 9 26 
0.920113 0.416351 0.33204 0.0156944 0.668991 0.229874 0.154554 0.0792902 0.670781 0.49019 0.563619 0.162412 0.995152 0.87136 0.377627 0.182872 0.261036 0.0799149 0.223635 0.735897 0.308792 0.234667 0.217691 0.232415 0.567218 0.80579 0.837918 0.335604 0.415768 0.70203 0.667454 0.335881 
34 2 42 25 33 
0.229369 0.506129 0.866662 0.900149 0.996319 0.430281 0.0625618 0.991471 0.30164 0.440189 0.174343 0.562676 0.520104 0.397978 0.298573 0.828895 0.632645 0.516264 0.0613102 0.199863 0.322055 0.899229 0.535467 0.737822 0.601258 0.202921 0.073703 0.719639 0.202416 0.425278 0.507011 0.431784 
35 22 18 27 20 
0.803953 0.394496 0.919197 0.105594 0.834684 0.0935403 0.66827 0.354788 0.491518 0.966843 0.183684 0.124164 0.483107 0.244994 0.324027 0.805161 0.144222 0.859494 0.542984 0.745481 0.0624146 0.616687 0.46512 0.26483 0.0419647 0.972131 0.696615 0.973372 0.345803 0.0285484 0.901098 0.149756 
36 32 33 42 0 
0.913836 0.92362 0.612516 0.405354 0.890462 0.7962 0.529518 0.373569 0.0411937 0.853544 0.17873 0.185416 0.713038 0.721714 0.930897 0.775453 0.338401 0.396017 0.040283 0.380366 0.368148 0.736898 0.353737 0.713951 0.765446 0.254836 0.863707 0.18849 0.0751309 0.119057 0.446218 0.988967 
37 27 9 41 23 
0.923838 0.306708 0.896128 0.777383 0.485438 0.0815442 0.490421 0.207152 0.012441 0.265874 0.545553 0.408458 0.306157 0.925919 0.776605 0.0430541 0.279657 0.490556 0.8085 0.534492 0.354263 0.99699 0.609623 0.47332 0.443208 0.59859 0.515996 0.501943 0.99291 0.449135 0.356877 0.916749 
38 27 1 3 13 
0.184553 0.448433 0.346991 0.450426 0.993986 0.755449 0.756583 0.919905 0.532054 0.799637 0.199562 0.0226099 0.608137 0.734054 0.376873 0.605127 0.343677 0.850193 0.048335 0.942267 0.366189 0.550278 0.935177 0.815323 0.907155 0.851926 0.571165 0.160161 0.546057 0.812446 0.494711 0.73061 
39 3 28 36 10 
0.59715 0.937619 0.17477 0.129204 0.737255 0.374332 0.151814 0.345392 0.108386 0.528687 0.950519 0.452063 0.378879 0.998854 0.39433 0.745068 0.549132 0.329507 0.560391 0.456287 0.181432 0.131556 0.616448 0.72749 0.944001 0.111158 0.4581 0.20488 0.95286 0.639136 0.459744 0.55001 
40 10 29 38 30 
0.00884556 0.831027 0.659401 0.117231 0.359714 0.60992 0.569294 0.738593 0.608774 0.963624 0.483661 0.157906 0.293131 0.0440512 0.614193 0.474563 0.175607 0.230641 0.202053 0.119609 0.341799 0.660152 0.324488 0.294659 0.299288 0.784232 0.844669 0.876042 0.418746 0.523882 0.190051 0.427592 
41 23 7 6 29 
0.459373 0.114117 0.453217 0.0681472 0.0777413 0.936877 0.226053 0.370872 0.980929 0.840246 0.845435 0.156536 0.070887 0.0474876 0.276144 0.412686 0.70764 0.600633 0.707345 0.0069279 0.384865 0.552014 0.88297 0.803611 0.0758964 0.0730211 0.231203 0.430806 0.922474 0.776026 0.14543 0.381847 
42 28 6 16 0 
0.535524 0.676047 0.338757 0.516453 0.516293 0.184192 0.672989 0.58718 0.231679 0.949133 0.999867 0.939319 0.549766 0.707212 0.946247 0.93463 0.259226 0.829217 0.738242 0.335122 0.902238 0.969445 0.765928 0.824712 0.745471 0.911358 0.206559 0.635614 0.510005 0.656553 0.603499 0.0455295 
