300 2
1 0 0 0 1 0 1 1 1 0 0 0 1 0 1 1 0 0 0 0 1 1 1 0 1 0 1 1 0 1 0 1 1 1 0 1 1 0 0 1 0 1 0 0 0 0 0 1 1 0 0 0 0 0 1 1 1 1 1 1 0 0 1 0 1 0 0 1 0 1 1 1 1 0 0 1 1 1 1 1 0 1 0 0 0 0 0 1 1 0 1 0 0 1 1 0 0 0 0 1 1 0 1 1 1 0 1 1 1 0 1 0 0 1 1 1 0 0 1 0 0 1 1 1 1 1 0 1 1 1 1 1 0 0 1 0 1 0 0 1 1 0 1 0 0 1 0 0 1 1 1 0 1 0 0 0 0 1 0 0 1 0 0 0 1 1 1 0 0 0 0 0 1 0 1 1 1 0 0 1 0 0 0 1 1 1 0 1 1 1 0 1 0 0 0 1 0 0 0 1 1 1 0 1 1 0 1 1 1 0 1 1 0 0 1 0 0 0 0 0 0 0 0 1 1 1 1 0 0 0 0 0 1 1 0 1 0 1 1 0 0 1 0 1 0 0 1 1 1 0 0 0 1 1 1 1 1 1 0 0 1 1 1 1 1 0 1 0 0 1 0 0 1 1 0 0 1 0 0 1 0 1 1 0 1 1 1 1 1 0 0 1 1 0 1 1 1 1 1 1 
0 258 
0.480707 0.371956 0.367316 0.214313 
1 202 
0.602812 0.134705 0.297305 0.731598 
2 274 
0.138981 0.601245 0.287641 0.319549 
3 182 
0.251375 0.0958864 0.808582 0.473484 
4 36 
0.264554 0.529811 0.149653 0.641886 
5 23 
0.0742838 0.216818 0.574183 0.727059 
6 127 
0.644731 0.207766 0.0202182 0.0120465 
7 229 
0.755541 0.614859 0.556784 0.0528468 
8 123 
0.0548473 0.191828 0.947702 0.342489 
9 160 
0.307545 0.593864 0.607263 0.116126 
10 209 
0.711531 0.38068 0.597159 0.861184 
11 262 
0.253927 0.935468 0.239384 0.82811 
12 199 
0.887646 0.47284 0.870293 0.907864 
13 101 
0.292372 0.663405 0.0997459 0.849156 
14 37 
0.446203 0.904003 0.90808 0.393905 
15 31 
0.419457 0.701449 0.840355 0.0267203 
16 224 
0.907703 0.738251 0.198256 0.504862 
17 244 
0.220822 0.758789 0.534904 0.460206 
18 26 
0.197431 0.347852 0.0597397 0.0677235 
19 145 
0.544627 0.360095 0.919121 0.644373 
20 148 
0.635374 0.0905755 0.113254 0.543454 
21 227 
0.359745 0.962911 0.18593 0.200101 
22 5 
0.00350543 0.107804 0.727882 0.201761 
23 109 
0.327318 0.422583 0.371456 0.862221 
24 209 
0.958355 0.0596521 0.230641 0.0180949 
25 16 
0.486357 0.562722 0.487471 0.405478 
26 167 
0.696722 0.0408517 0.29767 0.809975 
27 261 
0.78215 0.169721 0.547216 0.96808 
28 226 
0.536847 0.971585 0.477626 0.264729 
29 65 
0.0902927 0.592047 0.59593 0.461749 
30 140 
0.478719 0.420104 0.51392 0.70936 
31 272 
0.641296 0.195717 0.000920498 0.128766 
32 255 
0.208015 0.825488 0.642046 0.505684 
33 143 
0.226352 0.287834 0.805184 0.773568 
34 232 
0.175006 0.310414 0.227499 0.652632 
35 242 
0.400846 0.742924 0.16719 0.996776 
36 56 
0.621458 0.475495 0.624777 0.135378 
37 246 
0.0629758 0.776673 0.380571 0.0638963 
38 209 
0.981766 0.271911 0.730928 0.623812 
39 130 
0.366391 0.850164 0.0654295 0.171575 
40 1 
0.321344 0.34658 0.934146 0.548843 
41 126 
0.509289 0.949689 0.742136 0.676479 
42 186 
0.946809 0.297936 0.42196 0.571586 
43 22 
0.606814 0.634562 0.209987 0.987385 
44 275 
0.115427 0.969151 0.970369 0.846354 
45 291 
0.747964 0.212745 0.443127 0.813394 
46 132 
0.0668588 0.134737 0.7309 0.00100459 
47 224 
0.730112 0.510293 0.63327 0.472248 
48 15 
0.579735 0.419057 0.484708 0.00169404 
49 180 
0.918022 0.608508 0.625204 0.128009 
50 146 
0.323662 0.243436 0.565044 0.294032 
51 187 
0.158008 0.0419958 0.302535 0.601135 
52 148 
0.686855 0.667994 0.990127 0.417755 
53 178 
0.673708 0.147867 0.179292 0.306977 
54 153 
0.366064 0.886712 0.0391709 0.850772 
55 178 
0.0298134 0.768794 0.496914 0.655018 
56 238 
0.0928069 0.97868 0.140239 0.657851 
57 65 
0.230029 0.815859 0.314708 0.532564 
58 294 
0.170097 0.219419 0.0849873 0.160224 
59 121 
0.753986 0.833932 0.785041 0.933277 
60 9 
0.405155 0.299341 0.0276205 0.444326 
61 161 
0.916026 0.474139 0.918907 0.41294 
62 128 
0.81571 0.505747 0.107837 0.955949 
63 205 
0.380549 0.185978 0.979457 0.695256 
64 294 
0.39645 0.865354 0.937962 0.481437 
65 243 
0.575136 0.235423 0.85951 0.360177 
66 122 
0.000418381 0.765332 0.468042 0.0280389 
67 284 
0.618155 0.944065 0.683797 0.537062 
68 189 
0.812955 0.352772 0.862752 0.920792 
69 243 
0.0263498 0.301341 0.494699 0.00580641 
70 288 
0.213241 0.402257 0.861951 0.151203 
71 144 
0.887528 0.726339 0.119117 0.747038 
72 163 
0.287817 0.747456 0.851848 0.755859 
73 41 
0.0615062 0.374014 0.71956 0.745304 
74 188 
0.0765654 0.558258 0.263847 0.939317 
75 207 
0.572567 0.965667 0.780391 0.067266 
76 64 
0.776988 0.280507 0.37373 0.638938 
77 22 
0.257424 0.526467 0.158049 0.376541 
78 100 
0.244565 0.664358 0.0209611 0.0964128 
79 221 
0.796456 0.157919 0.794231 0.516017 
80 144 
0.705306 0.592582 0.461481 0.969153 
81 214 
0.940531 0.54172 0.497566 0.720921 
82 178 
0.46904 0.497909 0.889493 0.84277 
83 238 
0.321203 0.100194 0.663314 0.479252 
84 152 
0.936819 0.723817 0.141093 0.95778 
85 214 
0.56131 0.754236 0.978148 0.355541 
86 239 
0.881371 0.0608464 0.862835 0.342852 
87 152 
0.394734 0.283382 0.571719 0.892301 
88 53 
0.180706 0.361341 0.502213 0.070199 
89 239 
0.63906 0.391402 0.304305 0.302374 
90 35 
0.781039 0.239193 0.59447 0.922132 
91 62 
0.4147 0.483442 0.951209 0.392848 
92 76 
0.221462 0.274219 0.899829 0.0842968 
93 27 
0.929828 0.479031 0.900454 0.501548 
94 40 
0.904757 0.682254 0.732673 0.40697 
95 128 
0.936783 0.0460298 0.143855 0.241088 
96 282 
0.0145085 0.022127 0.587596 0.608979 
97 176 
0.784569 0.0236787 0.427702 0.735778 
98 31 
0.266684 0.95724 0.690746 0.166514 
99 32 
0.307817 0.0963422 0.520568 0.208271 
100 19 
0.8919 0.113028 0.280144 0.624572 
101 30 
0.0325963 0.561355 0.566028 0.176451 
102 230 
0.914432 0.190959 0.82457 0.502028 
103 218 
0.76883 0.286597 0.823617 0.196531 
104 199 
0.240144 0.463216 0.979615 0.93089 
105 98 
0.0211518 0.238708 0.726072 0.54172 
106 127 
0.323962 0.433619 0.560007 0.604105 
107 184 
0.0800051 0.636702 0.619547 0.646033 
108 24 
0.42199 0.560465 0.00411204 0.24656 
109 248 
0.80405 0.0153899 0.34909 0.627667 
110 203 
0.371466 0.867811 0.675137 0.351081 
111 280 
0.304866 0.372233 0.0374094 0.0309375 
112 122 
0.484388 0.354899 0.347572 0.0443949 
113 81 
0.405763 0.1244 0.595706 0.0253101 
114 66 
0.408859 0.4473 0.330898 0.412971 
115 207 
0.393391 0.217021 0.70925 0.742481 
116 178 
0.921171 0.113946 0.7125 0.596308 
117 195 
0.511202 0.901174 0.83726 0.548611 
118 274 
0.751212 0.0329994 0.287011 0.0987833 
119 236 
0.246015 0.504546 0.201794 0.841722 
120 126 
0.972227 0.250581 0.977157 0.303125 
121 157 
0.671017 0.696516 0.880573 0.380268 
122 278 
0.725262 0.301439 0.552943 0.437762 
123 115 
0.0179701 0.948964 0.798922 0.85523 
124 247 
0.731033 0.606441 0.530575 0.018044 
125 168 
0.607969 0.264059 0.209771 0.809763 
126 193 
0.739628 0.78199 0.356362 0.716784 
127 202 
0.0199132 0.387802 0.781631 0.900486 
128 275 
0.220627 0.625747 0.0695089 0.773571 
129 220 
0.967256 0.791541 0.012473 0.766178 
130 110 
0.510048 0.497211 0.253212 0.0406227 
131 62 
0.958437 0.648592 0.779314 0.168208 
132 123 
0.885095 0.907835 0.240345 0.241457 
133 76 
0.32546 0.26137 0.0124215 0.107091 
134 193 
0.780491 0.327719 0.787604 0.85 
135 181 
0.851113 0.817256 0.89283 0.863586 
136 195 
0.5396 0.373634 0.0806448 0.792812 
137 114 
0.5959 0.751248 0.0628484 0.375214 
138 268 
0.521203 0.260309 0.827292 0.761548 
139 205 
0.451911 0.0870081 0.763137 0.464333 
140 46 
0.924993 0.244824 0.521818 0.712597 
141 247 
0.623107 0.563709 0.91208 0.515937 
142 257 
0.495514 0.0555366 0.800929 0.576158 
143 33 
0.215186 0.172058 0.599597 0.278034 
144 128 
0.519053 0.799237 0.807582 0.346345 
145 273 
0.309348 0.798256 0.647793 0.072485 
146 31 
0.841893 0.997478 0.507413 0.36371 
147 107 
0.602236 0.986817 0.273784 0.514316 
148 210 
0.701079 0.00982959 0.558291 0.502009 
149 26 
0.406639 0.717195 0.758046 0.00623601 
150 8 
0.305319 0.525289 0.794466 0.1129 
151 212 
0.355252 0.422248 0.66989 0.00304528 
152 60 
0.932479 0.844938 0.492211 0.439891 
153 44 
0.202286 0.0421276 0.195466 0.47607 
154 75 
0.69822 0.177149 0.566273 0.25651 
155 40 
0.152261 0.663149 0.396352 0.910308 
156 294 
0.391581 0.215626 0.194674 0.186048 
157 150 
0.0663083 0.5413 0.750775 0.736198 
158 268 
0.245508 0.668677 0.389283 0.73772 
159 48 
0.597931 0.940006 0.150696 0.793397 
160 20 
0.70714 0.491617 0.593225 0.273413 
161 58 
0.272382 0.425674 0.411276 0.668735 
162 30 
0.0806611 0.0603161 0.551608 0.275335 
163 254 
0.880134 0.341644 0.787664 0.630909 
164 133 
0.332009 0.876418 0.746519 0.721291 
165 287 
0.855088 0.319223 0.554143 0.00578404 
166 106 
0.970219 0.712924 0.604236 0.563443 
167 204 
0.352363 0.835826 0.412011 0.763639 
168 113 
0.747993 0.8443 0.564877 0.299601 
169 152 
0.811241 0.179735 0.461279 0.598904 
170 22 
0.539121 0.930913 0.687062 0.28564 
171 277 
0.301199 0.140728 0.971427 0.855342 
172 159 
0.0840464 0.82556 0.859436 0.688282 
173 26 
0.845773 0.0406452 0.224829 0.257784 
174 193 
0.72939 0.00577643 0.648583 0.294266 
175 24 
0.768219 0.105507 0.485112 0.229497 
176 245 
0.295756 0.768618 0.635324 0.982818 
177 256 
0.287528 0.284016 0.194987 0.258955 
178 292 
0.341499 0.343001 0.964919 0.200935 
179 232 
0.353922 0.0467075 0.0719287 0.578752 
180 11 
0.876212 0.308142 0.310268 0.524796 
181 58 
0.615645 0.293014 0.707915 0.100757 
182 34 
0.412326 0.396513 0.29113 0.0476499 
183 14 
0.345389 0.335178 0.663347 0.540376 
184 79 
0.802705 0.881875 0.937133 0.767623 
185 191 
0.968417 0.121546 0.129517 0.0403455 
186 0 
0.434008 0.916558 0.0084392 0.744276 
187 63 
0.610847 0.359921 0.734368 0.318762 
188 75 
0.25688 0.731088 0.85719 0.548011 
189 47 
0.23652 0.8934 0.113916 0.899867 
190 220 
0.708048 0.702571 0.31565 0.645182 
191 281 
0.39846 0.613599 0.59174 0.527977 
192 71 
0.292038 0.961985 0.570502 0.300477 
193 169 
0.0118561 0.911325 0.0661817 0.746224 
194 289 
0.526859 0.00310478 0.961175 0.384049 
195 51 
0.739914 0.620569 0.444515 0.85383 
196 264 
0.878291 0.561878 0.223007 0.193941 
197 189 
0.693201 0.592401 0.820659 0.284942 
198 121 
0.474603 0.57698 0.082363 0.0451052 
199 297 
0.788624 0.0569614 0.788782 0.854806 
200 72 
0.0188685 0.381665 0.806291 0.980044 
201 180 
0.357406 0.719958 0.386282 0.801921 
202 169 
0.906718 0.680212 0.135666 0.129725 
203 49 
0.342726 0.822926 0.466554 0.163384 
204 245 
0.586932 0.637987 0.684848 0.669295 
205 125 
0.562305 0.457919 0.740054 0.351087 
206 285 
0.54324 0.369955 0.69439 0.34953 
207 135 
0.460103 0.706937 0.0699567 0.846386 
208 162 
0.643744 0.753103 0.18907 0.77941 
209 109 
0.0632233 0.122135 0.705754 0.529778 
210 268 
0.813622 0.11671 0.923507 0.49847 
211 84 
0.606599 0.0607747 0.243924 0.346653 
212 192 
0.556649 0.889893 0.781817 0.251039 
213 203 
0.131816 0.711142 0.94636 0.201772 
214 37 
0.455218 0.845517 0.310631 0.644288 
215 251 
0.193459 0.707512 0.747061 0.899213 
216 16 
0.0325806 0.712834 0.353999 0.956087 
217 24 
0.140004 0.562687 0.272079 0.383928 
218 139 
0.68394 0.940578 0.799234 0.465757 
219 151 
0.0386573 0.597572 0.902759 0.985018 
220 114 
0.460287 0.440236 0.644861 0.770918 
221 49 
0.269787 0.964377 0.792035 0.0168486 
222 32 
0.0293245 0.0494292 0.576423 0.383324 
223 92 
0.787727 0.523328 0.568203 0.0598059 
224 81 
0.477544 0.743746 0.847834 0.276777 
225 112 
0.0394505 0.315435 0.807075 0.94221 
226 68 
0.60642 0.402496 0.740688 0.251281 
227 50 
0.825212 0.521068 0.137791 0.617247 
228 93 
0.00137999 0.646572 0.587346 0.577803 
229 21 
0.592863 0.365531 0.553223 0.161066 
230 41 
0.460479 0.63861 0.169082 0.308312 
231 82 
0.378585 0.347763 0.230822 0.18566 
232 175 
0.531274 0.792079 0.692469 0.271962 
233 155 
0.865883 0.0971735 0.564428 0.00367382 
234 275 
0.102345 0.00505381 0.360992 0.689691 
235 191 
0.390887 0.282554 0.948388 0.94411 
236 163 
0.373725 0.404588 0.0822302 0.542807 
237 130 
0.997617 0.921392 0.0606635 0.228439 
238 101 
0.350636 0.759713 0.89913 0.0431047 
239 245 
0.942491 0.908988 0.128849 0.506919 
240 23 
0.843269 0.609264 0.917715 0.204261 
241 265 
0.500573 0.595148 0.58151 0.448961 
242 217 
0.0251302 0.822685 0.943846 0.10736 
243 190 
0.656747 0.104978 0.286884 0.71741 
244 263 
0.393935 0.0680461 0.0931305 0.293066 
245 296 
0.124806 0.235556 0.0201386 0.253654 
246 275 
0.9328 0.0969235 0.35174 0.850516 
247 87 
0.650696 0.351088 0.896333 0.232205 
248 257 
0.435591 0.257336 0.622734 0.379437 
249 119 
0.988226 0.0361833 0.469674 0.27511 
250 188 
0.803091 0.669046 0.82164 0.896221 
251 185 
0.932791 0.0210271 0.197668 0.952929 
252 112 
0.940144 0.885729 0.371605 0.291883 
253 32 
0.67279 0.942579 0.0873333 0.569122 
254 295 
0.887382 0.00471279 0.43212 0.510116 
255 176 
0.796816 0.498343 0.420333 0.26649 
256 294 
0.173926 0.0695806 0.442499 0.995566 
257 32 
0.404611 0.928356 0.986829 0.602279 
258 159 
0.261511 0.542423 0.767015 0.633115 
259 160 
0.50326 0.305905 0.776885 0.590593 
260 9 
0.951669 0.477975 0.87974 0.383789 
261 266 
0.263889 0.180605 0.486434 0.684222 
262 123 
0.259887 0.858148 0.516675 0.702386 
263 219 
0.482477 0.106997 0.782071 0.469307 
264 287 
0.663357 0.730817 0.251699 0.430372 
265 284 
0.0860051 0.933632 0.669838 0.86289 
266 35 
0.544865 0.814559 0.00220052 0.424605 
267 37 
0.990292 0.688494 0.378954 0.476727 
268 204 
0.826049 0.736614 0.230865 0.342724 
269 107 
0.0845794 0.825202 0.545998 0.86665 
270 221 
0.255274 0.530007 0.0253252 0.506973 
271 185 
0.389258 0.592978 0.89401 0.0590953 
272 24 
0.418235 0.60396 0.270428 0.420436 
273 170 
0.468777 0.410728 0.717059 0.84773 
274 201 
0.0897759 0.673779 0.624068 0.320641 
275 97 
0.0630689 0.40522 0.841705 0.609067 
276 193 
0.136213 0.864341 0.801877 0.161538 
277 113 
0.762256 0.550795 0.964292 0.656266 
278 171 
0.42016 0.0745011 0.213851 0.690588 
279 172 
0.242416 0.159365 0.905665 0.959475 
280 148 
0.793119 0.0492513 0.680874 0.417188 
281 285 
0.697377 0.480257 0.775112 0.539082 
282 218 
0.0469828 0.675294 0.953664 0.84886 
283 108 
0.324977 0.611116 0.387627 0.28927 
284 177 
0.997518 0.70943 0.341883 0.211369 
285 209 
0.83682 0.453785 0.559383 0.742484 
286 97 
0.566478 0.535604 0.462512 0.247352 
287 2 
0.832404 0.944729 0.433048 0.607516 
288 23 
0.522371 0.654499 0.159105 0.476035 
289 159 
0.995937 0.801012 0.114475 0.383564 
290 230 
0.381857 0.381083 0.799712 0.72374 
291 43 
0.19973 0.560559 0.0462371 0.759113 
292 30 
0.459498 0.325591 0.838647 0.92201 
293 145 
0.791438 0.754414 0.517672 0.224486 
294 34 
0.00148253 0.746857 0.0164296 0.160587 
295 234 
0.519789 0.156524 0.0239033 0.634264 
296 248 
0.114185 0.0161209 0.921171 0.913896 
297 158 
0.513623 0.113626 0.30042 0.55986 
298 173 
0.603463 0.0193578 0.198329 0.44211 
299 212 
0.771272 0.233548 0.695781 0.288944 
