26 7
0 0 1 1 1 0 1 0 1 0 1 0 1 1 1 0 0 1 1 0 0 1 0 0 1 0 
0 7 19 1 13 25 20 
0.308186 0.162371 0.853645 0.307033 0.885663 0.439484 0.0200848 0.157532 0.533455 0.0115326 0.619243 0.714367 0.280806 0.724148 0.0266399 0.0165813 0.938644 0.456233 0.628506 0.201553 0.018962 0.710395 0.197547 0.215305 0.0243002 0.46278 0.419774 0.868647 0.00185019 0.433656 0.847369 0.310036 0.596027 0.701014 0.617069 0.48169 0.140499 0.637154 0.639222 0.673953 0.648687 0.258465 0.38832 0.929492 0.982612 0.41496 0.946074 0.921257 0.871193 0.574579 0.122809 0.890155 0.284974 0.320356 0.10546 0.309274 0.783136 0.525234 0.177921 0.784986 0.95889 0.0252903 0.0950217 0.554917 0.726304 0.712091 0.0366074 0.866803 0.349245 0.675829 0.540756 0.997931 0.934294 0.929076 0.927424 0.916906 0.344036 0.873497 0.838163 0.21523 0.448077 0.960972 0.105385 0.733051 0.281328 0.210845 0.0423249 0.0644636 0.73608 0.220246 0.849449 0.69497 0.245536 0.944471 0.249887 0.971841 0.656562 0.286495 0.838643 0.00580682 0.962324 0.379399 0.00373832 0.896618 0.308475 0.931162 0.813524 0.652512 0.804659 0.651687 0.867741 0.252736 0.612659 0.973127 0.985786 0.893987 0.183972 0.0281113 0.958451 0.920052 0.248357 0.8079 0.615022 0.493894 0.752371 0.864909 0.465734 0.408933 
1 23 0 13 14 2 19 
0.0103448 0.992252 0.34964 0.823869 0.644764 0.154299 0.475555 0.512505 0.407035 0.0882143 0.485632 0.392822 0.982201 0.669604 0.420933 0.940652 0.589656 0.66929 0.748552 0.204677 0.163184 0.500923 0.069586 0.628918 0.909856 0.220989 0.933296 0.324596 0.334717 0.617073 0.743074 0.345061 0.609325 0.092714 0.16893 0.254089 0.247013 0.644485 0.766594 0.654049 0.7327 0.252226 0.0468702 0.714901 0.92183 0.467803 0.655553 0.511486 0.137093 0.404105 0.716163 0.300277 0.905028 0.785749 0.929195 0.814884 0.00673803 0.862491 0.13948 0.341455 0.479564 0.882553 0.686516 0.0888884 0.975267 0.855446 0.342977 0.222281 0.499931 0.109572 0.876329 0.232631 0.361798 0.9232 0.947532 0.283628 0.391003 0.603085 0.795113 0.528096 0.00718993 0.511276 0.828374 0.912218 0.297025 0.757569 0.727102 0.303763 0.62006 0.866581 0.645217 0.0996234 0.749135 0.331733 0.188512 0.724402 0.187179 0.531489 0.946683 0.68711 0.641061 0.823012 0.919741 0.00285839 0.746212 0.867273 0.286486 0.137215 0.470358 0.0815996 0.665311 0.477548 0.592876 0.493685 0.389766 0.889901 0.251253 0.116868 0.193663 0.871313 0.983449 0.838881 0.970937 0.732584 0.170614 0.159449 0.456986 0.357793 
2 16 1 13 5 22 9 
0.972894 0.831918 0.621343 0.110109 0.302277 0.702943 0.77542 0.779825 0.295818 0.269104 0.169591 0.185719 0.520357 0.286459 0.379382 0.391671 0.269908 0.218263 0.362607 0.0024918 0.388878 0.522056 0.459478 0.746671 0.212993 0.863147 0.791575 0.544992 0.089829 0.75622 0.879849 0.0627227 0.588138 0.501192 0.172831 0.890415 0.204134 0.948251 0.67024 0.499952 0.217355 0.839831 0.685671 0.737712 0.126289 0.0650536 0.129383 0.396197 0.283317 0.49199 0.398689 0.672194 0.0140459 0.858167 0.418865 0.227039 0.721314 0.21044 0.772031 0.811143 0.96666 0.65188 0.873866 0.554798 0.153071 0.0466972 0.445213 0.357205 0.994948 0.115453 0.857158 0.212303 0.955283 0.542829 0.950015 0.0815722 0.607883 0.079398 0.477769 0.891199 0.571388 0.876458 0.563394 0.585434 0.734625 0.982259 0.812474 0.455939 0.192699 0.584505 0.267082 0.159359 0.236385 0.140948 0.714157 0.389456 0.187645 0.15937 0.746661 0.182593 0.274823 0.603819 0.394896 0.230106 0.146648 0.344911 0.311678 0.75453 0.424309 0.789447 0.64573 0.995697 0.665905 0.209124 0.581131 0.40053 0.191383 0.393605 0.856469 0.384082 0.97811 0.123551 0.543441 0.214494 0.264499 0.257599 0.60395 0.452144 
3 22 19 9 6 7 2 
0.374544 0.233575 0.855609 0.798854 0.0230223 0.501339 0.794551 0.688927 0.710463 0.375682 0.0894575 0.901846 0.769287 0.945926 0.285928 0.747397 0.0694775 0.82937 0.961891 0.333977 0.0869682 0.565841 0.786121 0.503937 0.916453 0.420858 0.195728 0.870883 0.450491 0.117625 0.971961 0.825036 0.3512 0.82757 0.623889 0.374223 0.328909 0.41844 0.0631502 0.0393711 0.794122 0.152608 0.941217 0.56341 0.0985341 0.227145 0.310806 0.168012 0.0565144 0.272698 0.501988 0.143483 0.838539 0.288109 0.647419 0.754991 0.708967 0.843148 0.625874 0.159458 0.960773 0.597835 0.984494 0.311974 0.425405 0.608384 0.686196 0.754314 0.0268238 0.749347 0.793685 0.820946 0.901954 0.734902 0.384356 0.000488341 0.962047 0.695162 0.1685 0.0185609 0.96786 0.670488 0.162043 0.806399 0.958597 0.809463 0.56139 0.667564 0.652611 0.187264 0.827023 0.613384 0.7851 0.811517 0.925357 0.210505 0.419901 0.611554 0.964819 0.446725 0.3609 0.758504 0.267671 0.262854 0.493405 0.652027 0.263343 0.455452 0.347189 0.431843 0.474013 0.315049 0.102331 0.636056 0.121447 0.0609282 0.445519 0.682838 0.728493 0.0981297 0.870102 0.555515 0.711513 0.655202 0.367033 0.636871 0.865707 0.786933 
4 10 1 3 5 21 16 
0.872179 0.0824344 0.153356 0.135522 0.537886 0.500545 0.567364 0.0118991 0.815594 0.669695 0.647955 0.937041 0.730624 0.0934744 0.619879 0.459116 0.191604 0.48998 0.0146315 0.903118 0.145182 0.381664 0.539988 0.0108886 0.168597 0.788413 0.841414 0.402255 0.397737 0.430443 0.903584 0.269916 0.512878 0.0569401 0.405438 0.0507639 0.557485 0.972802 0.0626629 0.373078 0.642498 0.710618 0.310119 0.373121 0.804093 0.929998 0.832237 0.995697 0.419978 0.846869 0.898814 0.56516 0.228533 0.438803 0.576049 0.39713 0.227215 0.417463 0.799386 0.624953 0.847906 0.70297 0.894869 0.360783 0.75991 0.300307 0.411547 0.317395 0.273109 0.47421 0.690473 0.915607 0.184828 0.00059283 0.288728 0.988921 0.930591 0.120966 0.984618 0.350569 0.967835 0.883432 0.915729 0.196368 0.322235 0.491778 0.593498 0.54945 0.909241 0.392884 0.174403 0.757147 0.0958546 0.0692721 0.11793 0.855765 0.369579 0.529477 0.17316 0.642689 0.00368761 0.863634 0.558296 0.188516 0.864227 0.847024 0.177437 0.794817 0.96799 0.162055 0.145386 0.935825 0.0454872 0.0611153 0.132193 0.367722 0.552893 0.725691 0.917172 0.462134 0.118575 0.0915752 0.219281 0.21443 0.160847 0.337211 0.070195 0.530426 
5 17 2 0 10 20 14 
0.0588917 0.971215 0.578435 0.236329 0.766033 0.546425 0.398384 0.911419 0.482251 0.443871 0.972534 0.614443 0.811593 0.525427 0.340134 0.728765 0.987561 0.45871 0.820341 0.206842 0.67314 0.981188 0.544053 0.743335 0.511614 0.410741 0.98669 0.684729 0.281116 0.0936787 0.41614 0.340008 0.0648941 0.994576 0.576337 0.830927 0.541001 0.974721 0.742346 0.0232516 0.418592 0.71488 0.637695 0.230185 0.240307 0.977829 0.95895 0.227868 0.436539 0.779291 0.43471 0.109679 0.760479 0.978763 0.853014 0.272093 0.389504 0.839704 0.956822 0.67062 0.933382 0.372963 0.0106278 0.998276 0.367538 0.586965 0.829203 0.90854 0.561685 0.571549 0.931791 0.980277 0.286428 0.569486 0.210462 0.526735 0.547315 0.169413 0.754604 0.983855 0.948703 0.189314 0.0935337 0.709182 0.168077 0.946547 0.981275 0.557581 0.786251 0.938098 0.2282 0.719633 0.31106 0.238828 0.71791 0.678599 0.825793 0.547113 0.587138 0.387478 0.118662 0.518929 0.367755 0.40509 0.0884154 0.578218 0.931825 0.635731 0.74763 0.686429 0.619586 0.696334 0.875743 0.713119 0.405516 0.0438201 0.659667 0.386791 0.601401 0.445918 0.324888 0.829601 0.165551 0.635949 0.0684294 0.883461 0.314548 0.894222 
6 15 25 9 17 8 1 
0.954325 0.509031 0.227674 0.88615 0.144762 0.975304 0.572579 0.764347 0.671637 0.448322 0.477467 0.0771531 0.492142 0.137133 0.463944 0.0935431 0.583051 0.788833 0.923144 0.748602 0.424781 0.991574 0.632063 0.739329 0.885796 0.0626365 0.641015 0.167496 0.611872 0.0616301 0.816952 0.566197 0.570661 0.0446258 0.452347 0.715422 0.0199295 0.0249267 0.47977 0.691567 0.473249 0.957236 0.76872 0.965391 0.0943694 0.232664 0.0589345 0.67742 0.0214965 0.982079 0.426022 0.446278 0.973652 0.0580852 0.185607 0.859448 0.120722 0.826622 0.0269449 0.732594 0.888252 0.843897 0.298791 0.458913 0.888523 0.751138 0.174335 0.908453 0.776065 0.654105 0.600019 0.249314 0.611341 0.368739 0.214705 0.70571 0.601403 0.273639 0.38313 0.6229 0.255718 0.809153 0.0691778 0.229371 0.867238 0.254785 0.0888189 0.98796 0.0814063 0.115764 0.720553 0.969658 0.959661 0.0193438 0.428571 0.848184 0.770482 0.602906 0.756636 0.546546 0.25701 0.356656 0.79586 0.868351 0.725395 0.0105646 0.574061 0.326799 0.284204 0.957191 0.949699 0.539922 0.766344 0.0188763 0.769292 0.633582 0.273661 0.858111 0.621542 0.355067 0.973875 0.342095 0.324725 0.933536 0.361439 0.753296 0.78172 0.13192 
7 24 9 22 17 2 21 
0.620408 0.484891 0.0556229 0.947206 0.769095 0.012814 0.896905 0.309017 0.779158 0.915781 0.0783094 0.41274 0.189442 0.936421 0.0342813 0.544509 0.910296 0.376376 0.869234 0.843832 0.737815 0.62253 0.625552 0.869735 0.978731 0.163909 0.548202 0.591943 0.0589215 0.0225282 0.0735046 0.679329 0.507419 0.129128 0.626535 0.276514 0.141942 0.52344 0.585531 0.921099 0.439221 0.66384 0.333839 0.628663 0.600261 0.36812 0.173172 0.510557 0.744496 0.0424064 0.35439 0.482311 0.664936 0.979942 0.352047 0.643667 0.143851 0.900248 0.23561 0.202773 0.922777 0.309115 0.882102 0.430196 0.438242 0.508638 0.70671 0.580184 0.0320778 0.292241 0.501283 0.471299 0.956082 0.835122 0.0999623 0.556343 0.203242 0.273134 0.0669003 0.947739 0.315541 0.42129 0.43005 0.980477 0.401232 0.782097 0.624145 0.545084 0.682345 0.859754 0.747856 0.605122 0.168869 0.629958 0.0353176 0.607111 0.138596 0.742028 0.187295 0.170674 0.0342686 0.688578 0.641973 0.99035 0.5237 0.741935 0.546693 0.726942 0.0150695 0.613593 0.674681 0.33061 0.0348833 0.104731 0.311088 0.436115 0.886828 0.935232 0.981199 0.569173 0.794986 0.729055 0.174295 0.963855 0.359014 0.209613 0.570967 0.49761 
8 13 16 25 14 24 17 
0.976259 0.970538 0.0521912 0.522952 0.697481 0.0672607 0.136545 0.372162 0.397871 0.171428 0.476893 0.708959 0.607544 0.363721 0.644191 0.588743 0.932894 0.439177 0.317798 0.107189 0.403033 0.676812 0.316802 0.973999 0.174421 0.268442 0.73226 0.842705 0.254351 0.179099 0.152961 0.230609 0.149637 0.205152 0.753561 0.847118 0.272413 0.890106 0.21928 0.670284 0.0615346 0.696173 0.379242 0.669078 0.0598937 0.023433 0.257821 0.992788 0.46261 0.575619 0.0999772 0.865643 0.252431 0.416779 0.839642 0.426852 0.685221 0.571902 0.269557 0.939571 0.751001 0.422518 0.170181 0.900638 0.62767 0.923742 0.747756 0.900083 0.813848 0.967036 0.570367 0.875383 0.663209 0.949609 0.544461 0.723102 0.973042 0.802282 0.71589 0.435652 0.377901 0.815868 0.301295 0.630332 0.232647 0.140937 0.0571849 0.917867 0.712838 0.326742 0.857439 0.463839 0.74926 0.0276194 0.364478 0.376931 0.951361 0.112234 0.277014 0.765209 0.0792703 0.847381 0.640592 0.742479 0.79699 0.185053 0.465582 0.770032 0.987336 0.181472 0.205685 0.365237 0.99734 0.50698 0.99557 0.229986 0.647916 0.0527545 0.147853 0.360755 0.379497 0.00529211 0.824594 0.128757 0.0329115 0.189071 0.505688 0.984273 
9 22 13 1 17 24 4 
0.575128 0.588637 0.197105 0.562464 0.770109 0.40279 0.927701 0.767448 0.909769 0.92327 0.997434 0.557685 0.976025 0.145288 0.91844 0.355522 0.15058 0.743034 0.484279 0.183491 0.932105 0.989967 0.167764 0.233411 0.772669 0.917246 0.613987 0.402751 0.307321 0.737042 0.829824 0.882449 0.325678 0.0269289 0.444912 0.0957869 0.429719 0.372613 0.863235 0.339488 0.295883 0.860669 0.897173 0.271908 0.00595687 0.815613 0.62743 0.156537 0.558647 0.111708 0.340028 0.490752 0.101675 0.507792 0.724163 0.874344 0.425038 0.33815 0.277095 0.732359 0.0751919 0.106919 0.614808 0.40087 0.133848 0.0597207 0.496657 0.563566 0.432334 0.359892 0.903054 0.728217 0.220562 0.800228 0.00012525 0.226518 0.615841 0.627555 0.383055 0.174488 0.739263 0.723083 0.665241 0.840938 0.230875 0.389404 0.715282 0.655913 0.727554 0.992377 0.388273 0.802746 0.0992957 0.00308087 0.203616 0.233143 0.0628016 0.700274 0.79671 0.495135 0.060166 0.699764 0.223353 0.280728 0.499992 0.223478 0.507246 0.115833 0.851033 0.890301 0.290321 0.590296 0.613384 0.955562 0.431234 0.844259 0.344966 0.146517 0.500172 0.0725199 0.138894 0.888445 0.875266 0.238189 0.891525 0.0788823 0.471333 0.954327 
10 21 18 20 8 9 17 
0.120049 0.467798 0.896293 0.627295 0.583631 0.747325 0.517596 0.873952 0.337621 0.13098 0.829514 0.768856 0.975239 0.17448 0.915372 0.475411 0.247 0.054266 0.363855 0.122266 0.292455 0.255381 0.201148 0.763788 0.209708 0.980304 0.0318306 0.65917 0.819626 0.999637 0.331985 0.939675 0.467435 0.228277 0.56697 0.0510661 0.975603 0.0845667 0.925018 0.313224 0.215547 0.754532 0.0820799 0.190786 0.929012 0.997452 0.666196 0.176011 0.0517183 0.0300517 0.298277 0.344174 0.285432 0.499425 0.107962 0.49514 0.479728 0.139792 0.15431 0.299354 0.139429 0.486295 0.239029 0.606865 0.714572 0.806 0.657931 0.690175 0.890566 0.582949 0.00339916 0.106113 0.337481 0.0854791 0.296899 0.266493 0.0829314 0.963095 0.442504 0.13465 0.993147 0.740781 0.478823 0.278579 0.240206 0.586785 0.773719 0.719934 0.726578 0.928029 0.0192885 0.866007 0.414324 0.258318 0.472872 0.128896 0.0643172 0.130803 0.819071 0.954883 0.713752 0.82247 0.0609966 0.0512327 0.907949 0.357895 0.317726 0.990881 0.320991 0.76023 0.12553 0.314137 0.501011 0.604354 0.592717 0.741217 0.191139 0.366436 0.461152 0.917717 0.294465 0.48044 0.783724 0.708789 0.738758 0.256596 0.837685 0.803075 
11 7 5 10 2 8 0 
0.387176 0.176851 0.470108 0.378056 0.497841 0.230338 0.503587 0.811979 0.73135 0.10794 0.404695 0.472567 0.29908 0.771131 0.933718 0.216796 0.0655962 0.414158 0.000520492 0.774385 0.152916 0.257116 0.61207 0.955991 0.644515 0.268826 0.71395 0.745665 0.748052 0.532905 0.898048 0.135228 0.709756 0.368156 0.513284 0.207597 0.598494 0.0168703 0.0195754 0.329844 0.124811 0.424271 0.802411 0.42389 0.195402 0.736129 0.640687 0.260998 0.150288 0.641207 0.0353831 0.303204 0.898324 0.647453 0.259195 0.542838 0.916279 0.973145 0.288503 0.664331 0.506051 0.186551 0.799558 0.215806 0.554707 0.312842 0.423403 0.153202 0.329713 0.442979 0.483046 0.454523 0.867249 0.285457 0.878414 0.0626512 0.0215856 0.5191 0.323649 0.171873 0.160307 0.359032 0.475077 0.0586308 0.00648542 0.734272 0.601469 0.922764 0.707418 0.889973 0.587095 0.213468 0.0765241 0.386654 0.429275 0.631231 0.699496 0.852678 0.784433 0.0292083 0.295656 0.267479 0.483732 0.162906 0.552936 0.362145 0.225557 0.574521 0.881245 0.549206 0.746394 0.0415525 0.908239 0.221471 0.100183 0.914724 0.955744 0.701653 0.837488 0.663161 0.591625 0.424584 0.87663 0.66815 0.811237 0.305905 0.299381 0.510733 
12 16 2 11 6 24 17 
0.904229 0.385818 0.842702 0.47875 0.267063 0.391908 0.225144 0.308616 0.300147 0.446616 0.408799 0.214871 0.402359 0.110452 0.0523594 0.0655207 0.702077 0.476943 0.942151 0.370227 0.28818 0.248055 0.669608 0.798913 0.406638 0.753422 0.338854 0.860876 0.104715 0.362527 0.478021 0.0089438 0.748345 0.320723 0.487694 0.0154084 0.712631 0.712838 0.324024 0.0127776 0.159454 0.732823 0.227649 0.561813 0.843275 0.280008 0.627333 0.545352 0.756951 0.569484 0.915578 0.0451313 0.817539 0.585186 0.844045 0.224177 0.338608 0.182899 0.0850531 0.443323 0.545426 0.563074 0.452267 0.293772 0.883797 0.93996 0.30918 0.596428 0.652798 0.633204 0.609205 0.812252 0.366027 0.836854 0.374065 0.209302 0.116862 0.00139802 0.754654 0.873813 0.570882 0.670232 0.918945 0.388421 0.255418 0.762989 0.612598 0.594026 0.945888 0.697651 0.0373488 0.491314 0.260725 0.489615 0.785086 0.144522 0.429576 0.0942661 0.74095 0.082374 0.72747 0.350156 0.894626 0.0934976 0.18701 0.26869 0.3028 0.303872 0.270088 0.0574533 0.177685 0.84097 0.727686 0.0966297 0.229392 0.983104 0.859619 0.84199 0.57713 0.805507 0.539641 0.614479 0.296821 0.800366 0.104094 0.0819073 0.944888 0.53367 
13 1 0 7 6 22 23 
0.223004 0.77936 0.299941 0.526875 0.0494483 0.357394 0.70456 0.890419 0.0850797 0.80119 0.11981 0.0681834 0.660809 0.9618 0.645313 0.466316 0.501441 0.259792 0.763137 0.301807 0.363886 0.845044 0.246695 0.897555 0.0212179 0.932533 0.513599 0.924862 0.968527 0.0242687 0.922003 0.191531 0.803629 0.221944 0.718406 0.853077 0.579338 0.422966 0.743496 0.664418 0.224157 0.863306 0.732601 0.884966 0.825106 0.377914 0.351281 0.326547 0.637706 0.114419 0.628354 0.00159159 0.959463 0.875049 0.899147 0.980681 0.807582 0.412746 0.905543 0.776109 0.437015 0.827546 0.96764 0.240644 0.0494894 0.686046 0.0937206 0.628827 0.109012 0.837216 0.293245 0.333169 0.700523 0.0258459 0.218135 0.525629 0.40376 0.569416 0.852176 0.0414659 0.683835 0.48053 0.0430575 0.643298 0.355579 0.942205 0.623979 0.163161 0.354951 0.529521 0.93927 0.791966 0.357067 0.90691 0.0326092 0.406556 0.592956 0.12633 0.0353837 0.701968 0.963546 0.328629 0.0351371 0.664069 0.354475 0.253272 0.189698 0.758235 0.822688 0.0418739 0.799701 0.506523 0.522404 0.842758 0.14982 0.877983 0.784963 0.773799 0.0411437 0.139913 0.303321 0.980414 0.931879 0.660388 0.887324 0.964488 0.066944 0.480279 
14 0 5 13 22 8 25 
0.470656 0.908131 0.543665 0.293344 0.950005 0.343366 0.799867 0.472409 0.186124 0.949687 0.350391 0.971087 0.723487 0.391535 0.111 0.0268072 0.371949 0.0428788 0.687195 0.259272 0.00736707 0.754139 0.739552 0.0981851 0.856466 0.921799 0.152549 0.287423 0.139184 0.870982 0.0728535 0.60984 0.779113 0.616519 0.903185 0.729118 0.959885 0.703052 0.201526 0.146009 0.652739 0.551917 0.117095 0.376226 0.943452 0.228095 0.403033 0.315401 0.270974 0.0902275 0.574674 0.278341 0.844366 0.314225 0.376526 0.700833 0.236025 0.529076 0.988255 0.375209 0.400058 0.0611089 0.985049 0.179171 0.677628 0.888234 0.908289 0.637513 0.591286 0.109815 0.783521 0.244025 0.661733 0.900617 0.62025 0.605185 0.128712 0.0232829 0.920586 0.399686 0.11351 0.49526 0.678027 0.957877 0.809485 0.0545535 0.658709 0.0455099 0.583629 0.646965 0.420719 0.983687 0.708074 0.405768 0.162858 0.385701 0.294002 0.0711469 0.023214 0.885288 0.180962 0.806735 0.129312 0.842695 0.707352 0.749562 0.447879 0.836064 0.772845 0.368466 0.23575 0.886356 0.863725 0.913778 0.844232 0.67321 0.968331 0.502942 0.71872 0.55196 0.149906 0.139439 0.535647 0.85798 0.545207 0.698506 0.243681 0.839209 
15 23 25 4 13 22 2 
0.780983 0.603371 0.241188 0.617047 0.376217 0.609654 0.852797 0.262572 0.473379 0.766575 0.106805 0.146589 0.734906 0.609746 0.865309 0.286867 0.759652 0.00474828 0.822514 0.617632 0.549955 0.52102 0.861313 0.389164 0.290672 0.128208 0.113661 0.241287 0.201838 0.96747 0.0345957 0.982821 0.570841 0.275784 0.599868 0.947058 0.885438 0.452665 0.20963 0.358817 0.219241 0.316435 0.505407 0.954147 0.926181 0.370716 0.241013 0.685833 0.375465 0.0635276 0.303465 0.92542 0.584547 0.164778 0.314584 0.875219 0.292986 0.428245 0.116506 0.494825 0.395715 0.151102 0.477646 0.966556 0.426886 0.0775142 0.913615 0.312324 0.53018 0.123245 0.671142 0.74942 0.43968 0.176548 0.703567 0.365861 0.547265 0.944581 0.0516946 0.922729 0.00810814 0.35516 0.848149 0.592655 0.519938 0.162733 0.467875 0.812925 0.590978 0.584381 0.30775 0.986693 0.735483 0.785396 0.95325 0.162369 0.86291 0.866864 0.474693 0.39309 0.990109 0.145834 0.14251 0.429789 0.322383 0.846077 0.79565 0.869648 0.790658 0.847345 0.792377 0.798766 0.202505 0.640526 0.391421 0.722443 0.803259 0.859296 0.535368 0.394237 0.443677 0.843118 0.38093 0.17916 0.628513 0.33418 0.341528 0.491423 
16 21 25 14 1 13 18 
0.284438 0.8731 0.416593 0.154086 0.663757 0.263938 0.946463 0.462523 0.466443 0.586989 0.853944 0.188886 0.390248 0.71324 0.724254 0.784485 0.156917 0.567372 0.165415 0.336076 0.195885 0.499594 0.677605 0.687309 0.700638 0.493826 0.571822 0.891791 0.455881 0.598845 0.512733 0.74032 0.471945 0.929325 0.894406 0.135702 0.193263 0.840868 0.598225 0.659706 0.427857 0.452169 0.848591 0.818105 0.165409 0.572845 0.602589 0.322326 0.140217 0.768004 0.658402 0.336102 0.267598 0.336007 0.0234107 0.968236 0.829832 0.595232 0.860027 0.285714 0.194077 0.372759 0.0260331 0.666022 0.302085 0.920439 0.801724 0.495348 0.761307 0.399949 0.155053 0.189164 0.852118 0.00364488 0.0072687 0.0175269 0.57649 0.609858 0.339853 0.716707 0.377862 0.998255 0.0528093 0.64546 0.334262 0.07622 0.613696 0.164094 0.671452 0.473723 0.449808 0.865529 0.846482 0.475841 0.531551 0.148567 0.396279 0.333274 0.643915 0.157586 0.733223 0.798968 0.34675 0.585341 0.802613 0.354019 0.602867 0.379103 0.963877 0.94272 0.0958106 0.341739 0.940975 0.14862 0.987199 0.275237 0.22484 0.600895 0.439332 0.896292 0.0746182 0.889139 0.761822 0.9211 0.36498 0.293372 0.0696674 0.76126 
17 6 24 5 22 8 13 
0.94521 0.315164 0.619616 0.548077 0.694267 0.583493 0.490798 0.790078 0.925232 0.431773 0.938698 0.912431 0.70701 0.163538 0.513327 0.146342 0.0598299 0.587945 0.0354814 0.821651 0.509045 0.400462 0.115024 0.578713 0.161721 0.74167 0.292295 0.0805674 0.10154 0.804846 0.346164 0.0467496 0.120009 0.96578 0.594827 0.814276 0.549272 0.0856248 0.604354 0.474504 0.517398 0.543052 0.386935 0.224409 0.706589 0.900262 0.370751 0.766419 0.488207 0.406232 0.588071 0.997252 0.806693 0.703094 0.575965 0.968415 0.444765 0.86826 0.0489823 0.546304 0.673105 0.395146 0.593054 0.793115 0.360926 0.187881 0.607391 0.910198 0.273506 0.211745 0.384702 0.790904 0.754796 0.771638 0.0153122 0.461386 0.6719 0.386063 0.227805 0.160107 0.792295 0.815875 0.157359 0.598988 0.51897 0.733324 0.567403 0.963734 0.601584 0.616385 0.510038 0.27469 0.0115315 0.103092 0.0678044 0.372457 0.290973 0.675195 0.282655 0.564478 0.88694 0.667358 0.355382 0.641736 0.438996 0.370694 0.103122 0.110896 0.756757 0.330927 0.271003 0.549052 0.146802 0.428362 0.14804 0.665771 0.161686 0.715443 0.629505 0.763271 0.331828 0.139544 0.0379605 0.343359 0.242636 0.105765 0.715817 0.533608 
18 22 0 19 12 15 25 
0.309637 0.104826 0.824163 0.412758 0.215722 0.58092 0.743685 0.486725 0.129972 0.890487 0.915087 0.278011 0.556258 0.0767735 0.993454 0.185764 0.840044 0.325282 0.325307 0.878005 0.668641 0.567943 0.98377 0.384458 0.101551 0.76473 0.38293 0.199638 0.43263 0.0487602 0.653107 0.742267 0.153586 0.47727 0.155025 0.369308 0.0581898 0.89871 0.856033 0.188161 0.789197 0.77112 0.466173 0.345455 0.847893 0.459627 0.531219 0.687937 0.784909 0.856527 0.565942 0.45355 0.42447 0.549712 0.838008 0.526021 0.314442 0.220938 0.725659 0.747072 0.269698 0.378766 0.489338 0.423285 0.856036 0.644364 0.792593 0.914225 0.543074 0.648625 0.102387 0.332271 0.419745 0.56856 0.677726 0.267638 0.0281865 0.208946 0.955576 0.813095 0.0654723 0.521518 0.266645 0.489942 0.0712295 0.104654 0.0159629 0.385671 0.325592 0.741622 0.132743 0.59529 0.120388 0.622081 0.0185747 0.976423 0.266445 0.811167 0.890649 0.809519 0.459793 0.993036 0.14179 0.879538 0.561595 0.819516 0.147176 0.589782 0.0284619 0.102751 0.402877 0.0939342 0.624269 0.669522 0.583876 0.695498 0.774176 0.599839 0.0811697 0.0997677 0.341461 0.213913 0.695058 0.461849 0.835994 0.713633 0.438272 0.102439 
19 7 3 6 11 23 16 
0.883552 0.873263 0.0113056 0.473334 0.901725 0.114057 0.876211 0.99566 0.738326 0.545733 0.579536 0.433824 0.319909 0.179375 0.514994 0.419677 0.520836 0.728907 0.114735 0.982684 0.5649 0.828367 0.420957 0.667339 0.353167 0.749877 0.579297 0.337759 0.0718338 0.633044 0.201889 0.955386 0.506308 0.213195 0.428719 0.408033 0.327252 0.30493 0.403692 0.0655774 0.850663 0.983228 0.499402 0.170572 0.162603 0.0143958 0.590249 0.683439 0.743302 0.704983 0.666123 0.308203 0.53335 0.0870796 0.975542 0.886517 0.836957 0.554839 0.224276 0.908791 0.187883 0.426165 0.864176 0.694191 0.63936 0.292895 0.102224 0.966612 0.597825 0.505916 0.0321891 0.448488 0.489144 0.531591 0.61906 0.651747 0.545987 0.209309 0.335186 0.289289 0.914292 0.00130883 0.597492 0.447642 0.0883884 0.573034 0.334159 0.925345 0.127873 0.558436 0.834136 0.315756 0.984601 0.698313 0.00994698 0.623962 0.991208 0.112171 0.590573 0.589033 0.618087 0.622762 0.0375213 0.107231 0.154353 0.656581 0.758978 0.70034 0.86589 0.0941635 0.989629 0.780182 0.0954723 0.587121 0.227824 0.183861 0.160155 0.561983 0.109206 0.288029 0.120419 0.943342 0.603785 0.105021 0.641655 0.613732 0.728982 0.632863 
20 21 14 3 23 22 24 
0.45122 0.0966711 0.915999 0.210197 0.797011 0.781888 0.304361 0.78664 0.56207 0.399833 0.373761 0.789894 0.583694 0.533917 0.351877 0.6929 0.821945 0.472296 0.636243 0.42573 0.577317 0.277898 0.0394619 0.306299 0.91076 0.765364 0.625855 0.132657 0.109353 0.568172 0.392074 0.560573 0.664843 0.308073 0.77077 0.461854 0.0899612 0.075131 0.248495 0.652031 0.474964 0.622256 0.441925 0.0586583 0.156173 0.793803 0.751559 0.978118 0.266099 0.387801 0.403848 0.843416 0.665699 0.44331 0.149715 0.576459 0.208674 0.77557 0.709116 0.318027 0.343742 0.10119 0.8786 0.00858544 0.409263 0.64937 0.47044 0.499224 0.724501 0.718935 0.151255 0.199465 0.341191 0.59318 0.258124 0.497363 0.386983 0.00968214 0.475481 0.653082 0.397483 0.879329 0.496498 0.0631819 0.322639 0.646213 0.639641 0.531313 0.421783 0.348757 0.84934 0.765525 0.449947 0.72794 0.774111 0.859209 0.37731 0.24455 0.358433 0.101811 0.963485 0.509688 0.301276 0.304676 0.102869 0.5594 0.802039 0.489852 0.569082 0.27752 0.142934 0.966565 0.156849 0.639432 0.0297473 0.479488 0.285645 0.669388 0.0108013 0.707428 0.018145 0.860142 0.472953 0.468092 0.588082 0.247063 0.327301 0.965392 
21 13 1 23 12 20 14 
0.298291 0.927879 0.561813 0.788143 0.496961 0.839333 0.931076 0.463526 0.996183 0.570508 0.493274 0.475671 0.856153 0.162662 0.486472 0.56358 0.180807 0.346614 0.0365333 0.648899 0.934695 0.283597 0.9762 0.900087 0.775211 0.661934 0.96729 0.23031 0.857356 0.335769 0.990084 0.155647 0.263648 0.551897 0.94379 0.760609 0.391231 0.874866 0.224135 0.387414 0.445373 0.717409 0.863085 0.301526 0.880071 0.349557 0.865106 0.0608777 0.696171 0.90164 0.709776 0.630867 0.185236 0.685976 0.530954 0.960447 0.34791 0.498243 0.190757 0.205266 0.834012 0.180841 0.360913 0.0976595 0.732738 0.304702 0.858268 0.123969 0.179568 0.0824032 0.511383 0.624941 0.799812 0.374467 0.926467 0.679883 0.724025 0.791574 0.74076 0.420196 0.693213 0.450537 0.0510624 0.87845 0.136513 0.582016 0.838897 0.484422 0.0802593 0.0296532 0.689688 0.914271 0.210494 0.0506004 0.0119307 0.943232 0.355303 0.870199 0.0672007 0.534871 0.952602 0.578583 0.159812 0.752414 0.953051 0.0862795 0.432296 0.677075 0.877853 0.173057 0.0972711 0.571067 0.623593 0.148334 0.449516 0.760106 0.73035 0.288413 0.244528 0.810609 0.318066 0.934216 0.72488 0.52856 0.984816 0.736811 0.471792 0.340119 
22 3 5 15 7 6 17 
0.0706266 0.121081 0.744322 0.747702 0.998934 0.917379 0.844973 0.570001 0.540972 0.993307 0.0195173 0.301078 0.723656 0.30793 0.545606 0.534265 0.625996 0.479822 0.259145 0.154556 0.464638 0.995956 0.626348 0.804757 0.602965 0.165341 0.679746 0.162577 0.282917 0.714548 0.474603 0.353543 0.835629 0.218925 0.101245 0.834563 0.136304 0.946218 0.404564 0.677276 0.939525 0.424082 0.978354 0.663181 0.732012 0.52396 0.197446 0.358008 0.00378142 0.456591 0.512565 0.468419 0.452547 0.138913 0.273176 0.0555121 0.304254 0.952923 0.218089 0.58717 0.667471 0.692692 0.940713 0.5031 0.911617 0.0419583 0.337663 0.0479201 0.988177 0.742228 0.725196 0.927701 0.166309 0.70355 0.590882 0.898321 0.227509 0.788328 0.25633 0.231291 0.244919 0.768894 0.69971 0.697466 0.907807 0.972886 0.752978 0.212061 0.925809 0.971067 0.799231 0.593279 0.663759 0.739944 0.0963789 0.575376 0.781902 0.434042 0.623296 0.770079 0.17627 0.348492 0.69778 0.342579 0.0520414 0.288663 0.2409 0.279551 0.0769912 0.49723 0.510841 0.321911 0.266125 0.210551 0.0193768 0.173932 0.183437 0.772355 0.385993 0.109246 0.743422 0.185224 0.702526 0.407182 0.925168 0.798904 0.982558 0.70707 
23 9 0 19 1 7 6 
0.751795 0.00638687 0.463593 0.992695 0.285937 0.540584 0.489925 0.796779 0.862494 0.75605 0.00733 0.881871 0.929982 0.190767 0.654226 0.315975 0.300014 0.397649 0.501199 0.00253926 0.80483 0.426367 0.801444 0.787388 0.133437 0.0343901 0.393242 0.610586 0.443606 0.347587 0.785516 0.195401 0.353974 0.249109 0.188096 0.639911 0.789692 0.678022 0.43669 0.652187 0.434072 0.44402 0.534058 0.364053 0.634788 0.188284 0.680028 0.934801 0.585932 0.181227 0.937341 0.390763 0.607593 0.738784 0.178151 0.74103 0.773174 0.571392 0.351617 0.21678 0.918979 0.137133 0.412181 0.272953 0.386241 0.600278 0.912865 0.175933 0.278299 0.349555 0.82812 0.712371 0.793575 0.362178 0.0764246 0.428363 0.550461 0.756453 0.363164 0.136394 0.937679 0.300505 0.527157 0.545273 0.039289 0.705307 0.286303 0.812463 0.276699 0.63792 0.0292438 0.195679 0.775052 0.441425 0.468632 0.161293 0.0417031 0.381497 0.337227 0.320003 0.731052 0.165347 0.0323737 0.524627 0.527524 0.108798 0.952989 0.0779858 0.865251 0.316154 0.21438 0.802931 0.616658 0.741536 0.348203 0.655947 0.446843 0.634506 0.46841 0.723543 0.272426 0.497654 0.919222 0.0474779 0.939079 0.387854 0.208771 0.980783 
24 7 12 4 8 15 25 
0.441957 0.978019 0.316855 0.307208 0.294172 0.531234 0.110139 0.91083 0.27277 0.458342 0.566778 0.719614 0.0928481 0.035188 0.443157 0.365274 0.532842 0.362378 0.412752 0.471922 0.750232 0.621523 0.452704 0.519583 0.167521 0.753489 0.0199854 0.878865 0.0866481 0.0450147 0.117734 0.528605 0.0230335 0.434589 0.835813 0.317206 0.965823 0.945952 0.228036 0.238593 0.404293 0.794814 0.958207 0.497141 0.830002 0.401363 0.862415 0.362844 0.763742 0.275167 0.834766 0.513974 0.89669 0.28747 0.0335566 0.0642106 0.0409595 0.053542 0.943076 0.127608 0.0985567 0.0608097 0.656213 0.12159 0.495398 0.492026 0.438796 0.461221 0.437977 0.666832 0.699814 0.842271 0.461646 0.658021 0.339412 0.291648 0.0593846 0.201827 0.654492 0.823126 0.476995 0.489258 0.3371 0.373684 0.776729 0.370657 0.437895 0.817688 0.424199 0.380971 0.945296 0.522756 0.44178 0.601508 0.644346 0.937179 0.0935338 0.0831419 0.3984 0.531511 0.749974 0.0982142 0.373782 0.211621 0.756235 0.713194 0.503269 0.81562 0.915021 0.157761 0.638746 0.392016 0.64702 0.975847 0.7657 0.423748 0.346503 0.203595 0.241436 0.770702 0.584566 0.186732 0.293458 0.0263467 0.78824 0.937803 0.963525 0.881774 
25 5 19 24 16 21 23 
0.216375 0.50026 0.485809 0.0319951 0.415282 0.64357 0.670742 0.807298 0.29059 0.646588 0.572998 0.714338 0.993091 0.776594 0.955774 0.763793 0.36116 0.142506 0.0572508 0.387506 0.930746 0.995054 0.351032 0.812519 0.0159992 0.712957 0.225804 0.786919 0.173097 0.0128703 0.769459 0.389472 0.513131 0.255268 0.421467 0.928412 0.898838 0.0922087 0.73571 0.189428 0.738797 0.308708 0.903766 0.731888 0.0853015 0.85954 0.495681 0.446461 0.00204573 0.552932 0.833968 0.932791 0.547986 0.185 0.745311 0.563985 0.897957 0.971115 0.350904 0.0710539 0.983985 0.120363 0.460526 0.497116 0.37563 0.881993 0.425528 0.274468 0.974202 0.161238 0.463896 0.712999 0.469946 0.367661 0.444887 0.555247 0.227201 0.940568 0.00170863 0.229247 0.4935 0.835676 0.162038 0.0414864 0.020676 0.907349 0.605472 0.918633 0.878464 0.956376 0.989687 0.862449 0.0767388 0.450213 0.359564 0.452369 0.332206 0.785092 0.726837 0.306408 0.94633 0.190733 0.0194062 0.416276 0.558394 0.464293 0.971523 0.785595 0.404861 0.973232 0.0148421 0.898361 0.808908 0.17688 0.939847 0.829584 0.0842295 0.545319 0.748217 0.962693 0.501695 0.737904 0.825142 0.578434 0.188117 0.184706 0.030803 0.520323 
