40 7
0 1 1 0 0 0 1 1 1 1 1 1 0 0 0 0 0 1 1 0 0 1 1 0 0 1 0 1 1 1 0 0 1 1 1 0 0 1 0 1 
0 20 36 26 5 1 37 
0.396601 0.609436 0.0973022 0.642811 0.188217 0.483484 0.799067 0.000762981 0.45158 0.883307 0.936613 0.75309 0.013377 0.773693 0.306232 0.539329 0.156894 0.393537 0.731006 0.681411 0.146099 0.145559 0.81783 0.801356 0.973326 0.191925 0.85932 0.730907 0.00696929 0.417766 0.240441 0.40357 0.0272019 0.337743 0.0463811 0.215419 0.821227 0.845448 0.216182 0.272807 0.728755 0.152796 0.0258979 0.742132 0.926489 0.33213 0.281461 0.0833834 0.725667 0.0124678 0.764794 0.871765 0.158027 0.582624 0.673121 0.131353 0.774549 0.532442 0.86226 0.781518 0.950208 0.102701 0.185088 0.977409 0.440445 0.231469 0.192829 0.261672 0.0769178 0.409011 0.534479 0.805673 0.561807 0.560377 0.547805 0.488296 0.892507 0.829266 0.571679 0.618174 0.841734 0.336474 0.489939 0.999761 0.919097 0.16306 0.131114 0.693646 0.695502 0.993374 0.475164 0.645709 0.0960755 0.660253 0.623119 0.53652 0.891722 0.815948 0.798192 0.96864 0.224959 0.332672 0.774313 0.786766 0.893049 0.322118 0.275062 0.785556 0.151385 0.846741 0.40373 0.993119 0.183215 0.893669 0.99288 0.102312 0.0567292 0.123993 0.795958 0.752231 0.117367 0.271123 0.39794 0.213443 0.931376 0.0210592 0.749963 0.823098 
1 16 10 24 29 39 37 
0.773876 0.88817 0.123793 0.559432 0.0395542 0.970534 0.963162 0.0326729 0.153749 0.856831 0.0255524 0.256061 0.91356 0.149546 0.0520191 0.665791 0.266913 0.323142 0.0637312 0.480356 0.254518 0.0847904 0.230319 0.0776159 0.921797 0.778474 0.869354 0.983763 0.659301 0.435405 0.832494 0.433177 0.323575 0.956287 0.992609 0.363129 0.926821 0.955771 0.395802 0.0805694 0.812602 0.421355 0.33663 0.726161 0.5709 0.388649 0.391952 0.837813 0.711791 0.455683 0.318169 0.966309 0.540474 0.548487 0.043925 0.462271 0.326962 0.913279 0.446034 0.986263 0.348685 0.278528 0.41944 0.67226 0.234815 0.412049 0.035389 0.161636 0.36782 0.431191 0.242205 0.180421 0.852546 0.578835 0.906583 0.423446 0.967484 0.298535 0.261259 0.679276 0.754218 0.579428 0.645585 0.294692 0.127915 0.68951 0.756964 0.454877 0.602789 0.202997 0.44114 0.951473 0.481525 0.86058 0.623733 0.71634 0.272629 0.659122 0.877976 0.640449 0.0903133 0.120181 0.82087 0.942859 0.699016 0.727453 0.366305 0.6665 0.0259879 0.627564 0.345776 0.780206 0.206992 0.991361 0.0748988 0.334907 0.68087 0.831862 0.789784 0.283659 0.0348597 0.230923 0.235133 0.516385 0.0915029 0.858866 0.232725 0.364132 
2 17 34 23 3 35 18 
0.929898 0.552903 0.917465 0.596399 0.578891 0.54503 0.942175 0.359097 0.752021 0.933535 0.433996 0.0869285 0.614406 0.265858 0.876712 0.898065 0.300718 0.107636 0.133198 0.817103 0.199139 0.992064 0.0498286 0.56327 0.510052 0.16053 0.56785 0.118354 0.391412 0.3933 0.669514 0.321311 0.946203 0.586979 0.917709 0.525094 0.132009 0.859884 0.884191 0.884031 0.793419 0.318187 0.970959 0.407825 0.584046 0.847671 0.30589 0.884764 0.955307 0.439088 0.701867 0.154446 0.431152 0.751695 0.717716 0.941205 0.912225 0.285566 0.0595581 0.303638 0.678867 0.729072 0.624948 0.62507 0.316052 0.542657 0.150164 0.448061 0.402541 0.0343554 0.332091 0.195961 0.352543 0.30305 0.603786 0.936588 0.150722 0.909676 0.821352 0.106029 0.348765 0.523219 0.260474 0.779917 0.274915 0.97819 0.721122 0.18714 0.263757 0.78068 0.490778 0.942623 0.509752 0.115726 0.567693 0.825803 0.658383 0.717857 0.273864 0.0609241 0.752212 0.605955 0.256885 0.104755 0.909005 0.860671 0.0413436 0.0597269 0.770347 0.862696 0.165755 0.119112 0.385915 0.42623 0.899029 0.660829 0.40442 0.620151 0.847969 0.668177 0.40083 0.338747 0.6108 0.910582 0.454472 0.178493 0.736386 0.112855 
3 23 8 9 34 27 30 
0.753317 0.52521 0.291335 0.794661 0.584937 0.0616817 0.657357 0.750692 0.180793 0.0432715 0.176922 0.0798222 0.704101 0.581342 0.699973 0.55207 0.249519 0.100803 0.890817 0.860319 0.0113852 0.34529 0.0388119 0.747771 0.458145 0.935162 0.75802 0.631924 0.583724 0.374225 0.0625887 0.337041 0.899435 0.353923 0.131702 0.484372 0.415605 0.789058 0.235064 0.596399 0.83233 0.411987 0.676221 0.536431 0.993329 0.376194 0.0885012 0.242848 0.476997 0.979318 0.103168 0.488382 0.324608 0.141979 0.236153 0.782753 0.077141 0.994173 0.414678 0.660865 0.368398 0.477266 0.997906 0.267833 0.83119 0.129607 0.752205 0.246795 0.918666 0.987269 0.843193 0.750995 0.399256 0.519414 0.287426 0.392585 0.895608 0.375927 0.635434 0.372604 0.355246 0.738601 0.860986 0.679854 0.880581 0.0971391 0.462607 0.957722 0.0913121 0.877285 0.618586 0.45971 0.354551 0.616492 0.727543 0.185741 0.746099 0.479748 0.432535 0.664765 0.467018 0.275729 0.41576 0.866274 0.795143 0.703186 0.258859 0.690751 0.0791138 0.894293 0.0633552 0.43436 0.632894 0.924342 0.114214 0.513474 0.0214807 0.576821 0.471196 0.112793 0.454105 0.0897819 0.572503 0.808656 0.706274 0.300046 0.994396 0.452373 
4 0 5 26 15 28 38 
0.113086 0.497804 0.236083 0.371945 0.188554 0.315197 0.266238 0.251909 0.749557 0.899131 0.176251 0.863771 0.412605 0.197732 0.440591 0.883801 0.310524 0.894696 0.973583 0.883027 0.703352 0.679857 0.183073 0.697749 0.132229 0.962868 0.124681 0.249367 0.20968 0.827341 0.782264 0.322766 0.325145 0.0183473 0.694711 0.513699 0.333545 0.960949 0.765609 0.0831014 0.86008 0.94186 0.946872 0.272685 0.139591 0.387463 0.156487 0.450116 0.282159 0.13007 0.333143 0.985512 0.809927 0.516217 0.683261 0.942156 0.479085 0.807941 0.191523 0.688765 0.635283 0.973786 0.011531 0.960428 0.992134 0.706242 0.474127 0.325678 0.667191 0.239736 0.40878 0.527271 0.181595 0.355652 0.799956 0.321187 0.743115 0.956443 0.771303 0.0252742 0.0865128 0.104446 0.010786 0.896439 0.620663 0.694047 0.838595 0.0997473 0.501988 0.0301179 0.788512 0.137271 0.0039043 0.800043 0.0976983 0.996038 0.506285 0.571825 0.321716 0.173476 0.811561 0.730496 0.700747 0.993156 0.0861473 0.500704 0.314343 0.829262 0.457147 0.0856453 0.854536 0.54366 0.190091 0.865322 0.440099 0.810754 0.559369 0.278694 0.910501 0.0613569 0.308812 0.699013 0.198628 0.312716 0.499056 0.296326 0.308754 0.00534175 
5 30 14 10 37 31 34 
0.672868 0.447113 0.380269 0.98721 0.276375 0.837416 0.0728558 0.130912 0.381075 0.262947 0.996234 0.821174 0.0737008 0.555603 0.0998682 0.984202 0.61696 0.40868 0.683215 0.815587 0.721397 0.182272 0.111913 0.030151 0.187613 0.980064 0.660621 0.366431 0.659776 0.0215876 0.245997 0.332644 0.468701 0.626266 0.319854 0.745077 0.463681 0.39271 0.875988 0.844756 0.655657 0.872222 0.66593 0.729358 0.427825 0.765798 0.71356 0.0447849 0.174479 0.396775 0.860372 0.895875 0.579047 0.972286 0.926026 0.76666 0.95235 0.586648 0.133092 0.612126 0.608235 0.379089 0.94477 0.0769364 0.00535411 0.264625 0.822013 0.469035 0.657335 0.698001 0.313791 0.312992 0.570223 0.979722 0.04235 0.998048 0.74552 0.75591 0.0428334 0.919999 0.152685 0.903206 0.815874 0.731732 0.875491 0.7419 0.498393 0.827842 0.328548 0.631485 0.439968 0.936783 0.0105731 0.384738 0.0137198 0.0159272 0.649363 0.835733 0.484962 0.306698 0.533734 0.798754 0.61969 0.103957 0.778475 0.66204 0.102006 0.523995 0.41795 0.144839 0.443994 0.570635 0.048045 0.259868 0.302367 0.923536 0.00176808 0.80076 0.751378 0.330316 0.432245 0.191346 0.267099 0.442818 0.576085 0.280819 0.458745 0.225448 
6 27 38 29 22 36 26 
0.754243 0.520937 0.813876 0.856249 0.0449322 0.231825 0.00108841 0.488926 0.802461 0.0491334 0.748794 0.104828 0.97267 0.750562 0.905588 0.724048 0.0808782 0.337833 0.915394 0.347978 0.78065 0.491479 0.628797 0.239395 0.716926 0.745349 0.183103 0.249072 0.395635 0.925564 0.400907 0.149878 0.446501 0.214783 0.00612705 0.491433 0.446608 0.00721546 0.980359 0.249069 0.0563489 0.729153 0.353897 0.0290187 0.479715 0.259485 0.753067 0.560594 0.597318 0.668461 0.908571 0.377968 0.159939 0.537368 0.617364 0.876865 0.282717 0.800466 0.125937 0.678351 0.72603 0.526845 0.828229 0.172531 0.741628 0.834356 0.663964 0.188236 0.841572 0.644323 0.437305 0.897921 0.373476 0.791202 0.926939 0.853192 0.0506876 0.680006 0.413786 0.648005 0.348467 0.322357 0.0259736 0.508406 0.859725 0.643337 0.385271 0.142442 0.443803 0.511209 0.820793 0.169834 0.0380533 0.649023 0.342365 0.779681 0.483379 0.00632852 0.967917 0.324951 0.650652 0.405222 0.222872 0.0241279 0.196425 0.149811 0.87732 0.247112 0.829817 0.291105 0.895118 0.178283 0.613462 0.921091 0.686689 0.473187 0.564428 0.0719605 0.615629 0.00823185 0.583169 0.436423 0.178066 0.621222 0.0854451 0.52043 0.400903 0.568824 
7 21 15 35 9 6 20 
0.201538 0.970467 0.266457 0.0788579 0.217579 0.0962741 0.369963 0.112697 0.274558 0.983425 0.0337882 0.961247 0.456613 0.598217 0.0332073 0.0722419 0.606448 0.616376 0.508664 0.784514 0.237599 0.59411 0.304944 0.638502 0.162934 0.831703 0.00732235 0.0567086 0.00911303 0.781365 0.173355 0.210651 0.751832 0.439812 0.289509 0.969412 0.536087 0.659472 0.0821086 0.810644 0.642898 0.115897 0.771891 0.0995103 0.714113 0.805098 0.171752 0.320562 0.421474 0.680417 0.105076 0.659073 0.274526 0.41002 0.297575 0.43746 0.241723 0.304897 0.494168 0.250836 0.0862624 0.667523 0.461487 0.838095 0.107336 0.750996 0.807506 0.643422 0.410468 0.889615 0.454067 0.0533658 0.00551162 0.225957 0.152876 0.719625 0.0310554 0.324628 0.0401869 0.45253 0.0050448 0.145263 0.111603 0.279571 0.555283 0.409178 0.717031 0.797006 0.714075 0.211199 0.0478414 0.800338 0.878722 0.509328 0.638433 0.986058 0.260324 0.445939 0.629481 0.670793 0.335554 0.0835472 0.724158 0.341065 0.309505 0.877034 0.0606903 0.34056 0.201663 0.100877 0.79309 0.206708 0.24614 0.904693 0.486278 0.801423 0.313871 0.203309 0.598428 0.0279463 0.414508 0.64627 0.828284 0.29323 0.155598 0.466717 0.279289 0.415922 
8 11 30 39 6 19 9 
0.589274 0.301821 0.687908 0.649965 0.642381 0.889571 0.750842 0.435471 0.096278 0.996982 0.340164 0.582556 0.798404 0.654035 0.785865 0.396832 0.681981 0.200373 0.0431019 0.510265 0.493604 0.1987 0.976982 0.772893 0.614622 0.889637 0.681662 0.701337 0.137847 0.673979 0.51221 0.727121 0.9758 0.200118 0.377085 0.618181 0.0896885 0.127927 0.0536525 0.185967 0.124909 0.393816 0.768523 0.923313 0.0478512 0.554388 0.320145 0.729832 0.754762 0.363247 0.240097 0.248366 0.561947 0.217079 0.0212586 0.176569 0.106717 0.702921 0.877906 0.244563 0.3769 0.390116 0.971684 0.3527 0.590234 0.348769 0.970881 0.679923 0.476697 0.0245338 0.865889 0.601605 0.41835 0.634412 0.524918 0.466201 0.188801 0.845063 0.196034 0.943563 0.208311 0.436131 0.191929 0.770258 0.65321 0.213187 0.946827 0.759927 0.916108 0.824733 0.00449023 0.293008 0.214849 0.976174 0.645708 0.805083 0.324944 0.616589 0.485006 0.80164 0.641123 0.350895 0.403246 0.0594729 0.985307 0.928164 0.525674 0.174108 0.773227 0.721708 0.117671 0.981538 0.157839 0.3096 0.751795 0.811049 0.522787 0.698622 0.570976 0.438895 0.523355 0.575466 0.731903 0.738204 0.551641 0.377611 0.543287 0.876584 
9 12 38 8 39 3 19 
0.694795 0.364495 0.00963388 0.22047 0.538603 0.782861 0.942177 0.656275 0.764399 0.100016 0.965874 0.516194 0.911065 0.488662 0.214817 0.482041 0.927557 0.738171 0.0575076 0.65946 0.476375 0.609148 0.0370713 0.0196615 0.485732 0.0312711 0.047954 0.163957 0.666594 0.427142 0.245427 0.361389 0.791637 0.255061 0.581859 0.33024 0.037922 0.524036 0.986515 0.802321 0.624052 0.952389 0.318515 0.535118 0.441051 0.533332 0.017159 0.368608 0.271503 0.0746665 0.0280683 0.747878 0.683815 0.0651395 0.76754 0.169547 0.0964106 0.815494 0.333504 0.763004 0.242635 0.578931 0.124393 0.0342719 0.833992 0.706252 0.364512 0.871914 0.230288 0.351027 0.674235 0.85434 0.303416 0.99275 0.389458 0.744467 0.526082 0.406617 0.113075 0.797586 0.481283 0.141143 0.545464 0.165098 0.206283 0.313003 0.334645 0.302693 0.128497 0.668149 0.0656974 0.371132 0.24708 0.190091 0.405404 0.0810717 0.896342 0.769916 0.952986 0.12663 0.120943 0.62722 0.980971 0.424359 0.619971 0.370429 0.168826 0.146053 0.777046 0.281901 0.943639 0.258329 0.423044 0.489102 0.423427 0.629326 0.802106 0.758072 0.932019 0.930603 0.426221 0.997717 0.301735 0.673301 0.187807 0.707139 0.754373 0.0841498 
10 32 29 27 12 34 18 
0.022357 0.95455 0.56218 0.191183 0.100603 0.339225 0.473083 0.0442414 0.597555 0.896127 0.533344 0.0209817 0.525453 0.33545 0.779054 0.457472 0.266052 0.205275 0.455189 0.567787 0.878576 0.642997 0.274926 0.632949 0.727146 0.751981 0.340307 0.937927 0.349979 0.674886 0.129678 0.372336 0.629435 0.691857 0.563519 0.730038 0.0310827 0.0366022 0.774279 0.628637 0.932729 0.307623 0.649619 0.458182 0.643073 0.428673 0.915655 0.909125 0.633948 0.370844 0.476912 0.512524 0.0138405 0.751838 0.145473 0.740987 0.503819 0.48578 0.678914 0.853798 0.160665 0.808591 0.226134 0.790101 0.500449 0.789653 0.520139 0.531531 0.826255 0.294418 0.160169 0.758985 0.602041 0.809788 0.217167 0.245114 0.23846 0.132821 0.154239 0.872408 0.503665 0.631151 0.384932 0.517506 0.382989 0.530405 0.258493 0.886809 0.0161849 0.937407 0.740607 0.17685 0.745998 0.966741 0.966951 0.246447 0.756394 0.48709 0.777978 0.58265 0.781508 0.938147 0.341635 0.383549 0.747934 0.558801 0.628663 0.986394 0.691623 0.782902 0.858803 0.195288 0.414053 0.243735 0.712794 0.797043 0.77414 0.971287 0.683852 0.790325 0.908694 0.424458 0.967176 0.654691 0.3912 0.934127 0.901138 0.147594 
11 7 33 10 17 5 1 
0.586274 0.365197 0.63068 0.214937 0.351591 0.322303 0.997839 0.210394 0.517591 0.411892 0.454129 0.230385 0.208935 0.22827 0.201672 0.892787 0.0185952 0.110366 0.317245 0.985771 0.765057 0.708445 0.919898 0.666195 0.856039 0.341115 0.345311 0.586283 0.543839 0.962574 0.658162 0.130113 0.32777 0.288842 0.345049 0.679362 0.611144 0.342888 0.889756 0.128735 0.75478 0.343885 0.35912 0.963715 0.572155 0.560792 0.856502 0.59075 0.671158 0.173747 0.576521 0.436215 0.882191 0.496419 0.10241 0.73823 0.837534 0.447721 0.324514 0.381373 0.410295 0.982675 0.511486 0.738065 0.271517 0.856535 0.417427 0.882661 0.199423 0.307182 0.0113967 0.954203 0.651067 0.370517 0.917918 0.223222 0.931309 0.774419 0.813972 0.602467 0.948166 0.390493 0.0386822 0.830357 0.886912 0.141092 0.568588 0.724446 0.588813 0.893101 0.105819 0.999108 0.875777 0.617304 0.737173 0.147293 0.473839 0.1546 0.0299548 0.673262 0.461782 0.0413514 0.627465 0.112849 0.411868 0.545382 0.336072 0.343178 0.319802 0.150044 0.945645 0.267968 0.540538 0.984327 0.0983251 0.42745 0.12542 0.666913 0.151896 0.714233 0.560014 0.257715 0.71334 0.435791 0.87502 0.450513 0.583084 0.348859 
12 21 34 9 33 39 36 
0.0662591 0.194968 0.515816 0.409437 0.514769 0.66586 0.355082 0.782737 0.206398 0.33941 0.881062 0.633848 0.464829 0.547975 0.785745 0.179062 0.107989 0.0434599 0.892402 0.54378 0.91848 0.342916 0.126864 0.267339 0.948029 0.739904 0.289459 0.0149234 0.394294 0.939045 0.194668 0.460553 0.134012 0.710484 0.86999 0.648781 0.376344 0.225073 0.431518 0.582742 0.564483 0.31258 0.21659 0.0293119 0.860555 0.00233486 0.208374 0.968544 0.0457947 0.100776 0.512324 0.964274 0.443692 0.639188 0.231613 0.391721 0.379092 0.521072 0.406644 0.773386 0.460117 0.601312 0.23394 0.594129 0.311795 0.10393 0.24291 0.688139 0.329003 0.674428 0.270881 0.893485 0.987008 0.487472 0.922797 0.847563 0.489807 0.131171 0.816107 0.535601 0.231948 0.32843 0.499876 0.67564 0.967618 0.731489 0.0673604 0.34671 0.252561 0.474005 0.120096 0.712678 0.0753162 0.354036 0.306807 0.387112 0.457966 0.549717 0.075251 0.786969 0.224145 0.346132 0.680454 0.211154 0.833604 0.603251 0.0587165 0.323411 0.734423 0.874823 0.859012 0.96637 0.203253 0.358887 0.64201 0.170872 0.0903759 0.70937 0.517582 0.342937 0.183375 0.637678 0.0556143 0.258691 0.991714 0.362421 0.645803 0.44968 
13 23 0 30 38 11 26 
0.347437 0.90079 0.520354 0.406153 0.2242 0.254777 0.280976 0.0832122 0.221147 0.48423 0.4421 0.863157 0.655101 0.532476 0.572527 0.172683 0.875412 0.755902 0.810361 0.931027 0.0145932 0.802075 0.293448 0.660396 0.251755 0.205586 0.381449 0.488404 0.341869 0.448635 0.405507 0.689306 0.349425 0.925861 0.0954594 0.573626 0.180638 0.376436 0.656838 0.401785 0.860666 0.0989377 0.264942 0.515767 0.631413 0.83747 0.68845 0.506825 0.593372 0.498811 0.437852 0.607965 0.300886 0.7313 0.268361 0.55264 0.936885 0.64981 0.0410438 0.278754 0.0984457 0.44655 0.96806 0.447871 0.372411 0.0635195 0.0214969 0.553049 0.439955 0.678335 0.954835 0.300621 0.777273 0.219777 0.816388 0.408686 0.0572463 0.504837 0.915511 0.650618 0.00364798 0.353363 0.258583 0.304533 0.0846631 0.526944 0.857174 0.0215483 0.176754 0.898218 0.300302 0.2752 0.344768 0.268362 0.723071 0.717179 0.331882 0.744568 0.270229 0.771837 0.422903 0.225063 0.0724581 0.200176 0.44484 0.888846 0.608861 0.502086 0.393683 0.524373 0.152704 0.397331 0.877736 0.411287 0.701865 0.962399 0.938231 0.559038 0.983948 0.114985 0.457256 0.28425 0.390185 0.802024 0.552613 0.113256 0.519203 0.884494 
14 15 20 7 8 1 18 
0.480902 0.459335 0.617636 0.0897635 0.961422 0.0113187 0.614136 0.114126 0.40865 0.491873 0.525414 0.110514 0.454272 0.463645 0.669553 0.43822 0.57863 0.126809 0.72247 0.968815 0.928833 0.275082 0.0820709 0.448036 0.159577 0.939895 0.237468 0.815908 0.220621 0.251963 0.544698 0.701523 0.711299 0.162334 0.791286 0.672721 0.173652 0.405423 0.786847 0.582302 0.897295 0.31226 0.692816 0.351568 0.775905 0.362369 0.789787 0.354535 0.489178 0.512257 0.32335 0.41801 0.78734 0.405421 0.866046 0.946916 0.345316 0.103514 0.762825 0.565937 0.355478 0.307523 0.26746 0.0667765 0.469857 0.0587464 0.739497 0.643509 0.464169 0.526344 0.225811 0.361465 0.838604 0.918628 0.713032 0.61451 0.280997 0.50282 0.969045 0.770174 0.0150767 0.292395 0.188185 0.802416 0.697817 0.0542313 0.749333 0.0431326 0.157746 0.512157 0.60907 0.513223 0.81968 0.87653 0.58 0.289537 0.935276 0.319497 0.933046 0.399445 0.845841 0.158857 0.76091 0.684445 0.0774842 0.473942 0.298955 0.358481 0.976762 0.268 0.128655 0.991838 0.560395 0.31684 0.794254 0.258212 0.371072 0.543587 0.301344 0.528817 0.0557442 0.910414 0.0420406 0.875424 0.786943 0.62204 0.164961 0.722219 
15 2 36 4 32 0 14 
0.471823 0.334347 0.356516 0.770778 0.692828 0.333278 0.0387774 0.821484 0.325116 0.599172 0.138324 0.11937 0.857384 0.509395 0.662957 0.158728 0.0382124 0.718702 0.0691421 0.080253 0.594126 0.856086 0.702294 0.759087 0.578305 0.643831 0.857093 0.699969 0.431209 0.113956 0.582544 0.903032 0.448303 0.93906 0.67381 0.141131 0.272337 0.712588 0.962615 0.597453 0.31176 0.100939 0.716824 0.169144 0.610334 0.379781 0.327872 0.648546 0.098483 0.397014 0.728799 0.692609 0.2531 0.431093 0.451695 0.831404 0.0749238 0.308788 0.531374 0.506133 0.422744 0.113917 0.409165 0.871048 0.0529769 0.0829755 0.0121788 0.325314 0.795563 0.974794 0.922768 0.107323 0.0757322 0.639592 0.276467 0.686066 0.019373 0.604339 0.334612 0.117856 0.00135262 0.0634116 0.810465 0.254452 0.494504 0.26216 0.0858567 0.569428 0.570949 0.61723 0.0755611 0.993693 0.731148 0.484726 0.864741 0.784125 0.567702 0.87692 0.109439 0.363265 0.851713 0.0322066 0.470588 0.927445 0.671798 0.747054 0.613511 0.691171 0.351393 0.948124 0.809027 0.352745 0.0115352 0.619492 0.607198 0.50604 0.881652 0.693054 0.0754678 0.452601 0.310285 0.151029 0.446294 0.0414323 0.635755 0.311035 0.825557 0.203457 
16 7 13 36 27 15 2 
0.967113 0.639001 0.784364 0.580624 0.330172 0.135757 0.528748 0.139199 0.488502 0.540283 0.758691 0.0956997 0.0463228 0.640344 0.788754 0.121791 0.0929449 0.0990387 0.272819 0.539239 0.140471 0.908575 0.850274 0.966028 0.112032 0.0382287 0.901023 0.678754 0.0778964 0.868226 0.716063 0.0450094 0.507226 0.500427 0.625634 0.837398 0.636184 0.154382 0.976597 0.124686 0.694665 0.735289 0.220386 0.740988 0.375632 0.00913971 0.862778 0.468577 0.108178 0.135598 0.0078164 0.248649 0.0441724 0.858091 0.214677 0.156204 0.896319 0.1157 0.834958 0.974216 0.983926 0.551021 0.019225 0.491153 0.0514482 0.644859 0.328551 0.687632 0.799241 0.305148 0.812318 0.493905 0.040437 0.0327038 0.234893 0.416069 0.0418435 0.0976716 0.884647 0.150022 0.233269 0.892463 0.398671 0.277442 0.750554 0.613348 0.433646 0.646873 0.729049 0.268603 0.621089 0.712975 0.819625 0.640314 0.204128 0.871073 0.285172 0.532679 0.558705 0.0844129 0.837827 0.371023 0.578318 0.878264 0.403727 0.813212 0.294334 0.44557 0.910883 0.17898 0.595592 0.144152 0.0714431 0.994264 0.421594 0.821997 0.607612 0.85524 0.46887 0.336661 0.123843 0.0899581 0.0496356 0.943468 0.730272 0.253763 0.814541 0.015444 
17 25 2 12 8 11 36 
0.502533 0.147995 0.491387 0.796867 0.593566 0.40227 0.975847 0.189158 0.546422 0.0472901 0.183421 0.968017 0.869287 0.791033 0.823256 0.338156 0.127694 0.9471 0.428114 0.177329 0.890567 0.158386 0.431093 0.705108 0.17383 0.217535 0.0783534 0.273687 0.841804 0.822622 0.951862 0.344337 0.970617 0.443249 0.141204 0.564183 0.845519 0.117051 0.75334 0.391941 0.164341 0.936762 0.359958 0.0336281 0.727795 0.183214 0.371784 0.855489 0.130314 0.799899 0.032818 0.0208814 0.958285 0.463911 0.725989 0.132115 0.681445 0.804343 0.405802 0.523249 0.626965 0.357664 0.867587 0.597582 0.800913 0.0087908 0.161764 0.646432 0.125842 0.915105 0.0383739 0.290183 0.851866 0.398332 0.323811 0.579661 0.581546 0.695596 0.43515 0.71186 0.495495 0.467968 0.732742 0.45378 0.931878 0.458731 0.585895 0.613324 0.263074 0.991697 0.136573 0.890038 0.349362 0.00415989 0.48762 0.150275 0.0129507 0.649384 0.796707 0.138793 0.564489 0.835081 0.428976 0.416355 0.233413 0.752787 0.996016 0.814959 0.448383 0.431166 0.52682 0.943878 0.899134 0.259561 0.397657 0.831012 0.718292 0.983552 0.444336 0.981366 0.97525 0.580909 0.871405 0.324611 0.585069 0.359025 0.474886 0.59802 
18 39 24 37 32 31 2 
0.918575 0.985268 0.155047 0.366958 0.416434 0.681867 0.310836 0.315568 0.941428 0.708493 0.14658 0.65972 0.692045 0.590916 0.641087 0.667295 0.171825 0.512491 0.991906 0.756894 0.871516 0.466792 0.354913 0.879925 0.738385 0.0917258 0.452822 0.84506 0.257514 0.442074 0.185148 0.176089 0.427343 0.340195 0.543047 0.843777 0.0220621 0.853883 0.159344 0.96349 0.562375 0.305924 0.623211 0.254421 0.896839 0.264297 0.921715 0.0686641 0.776789 0.913621 0.825558 0.648305 0.380413 0.180471 0.52823 0.118799 0.272197 0.981052 0.963859 0.529711 0.423126 0.149007 0.7058 0.850469 0.489202 0.248847 0.694245 0.511264 0.10273 0.85359 0.474755 0.665105 0.159514 0.0979652 0.919526 0.0563529 0.362263 0.841242 0.125017 0.139051 0.754863 0.950575 0.787356 0.135276 0.131046 0.315586 0.254075 0.403243 0.296638 0.217934 0.932954 0.719765 0.366941 0.638755 0.570234 0.856143 0.887602 0.264479 0.367408 0.990332 0.118069 0.842162 0.655437 0.277583 0.940127 0.574963 0.333935 0.30239 0.416205 0.458953 0.441441 0.171067 0.409527 0.228798 0.306344 0.540574 0.544384 0.560418 0.943817 0.841023 0.778352 0.876772 0.560787 0.145293 0.515526 0.131021 0.00143637 0.403128 
19 16 28 24 34 27 14 
0.791152 0.151134 0.62386 0.125088 0.453524 0.0400642 0.58404 0.894965 0.211132 0.993568 0.123763 0.517475 0.534141 0.668147 0.0778936 0.477958 0.509169 0.856246 0.35473 0.0699568 0.00153901 0.870256 0.200978 0.00297538 0.273384 0.596479 0.371819 0.666843 0.110048 0.582826 0.71574 0.9012 0.733959 0.339599 0.0262878 0.187483 0.379663 0.610328 0.0824475 0.590795 0.603895 0.20621 0.10827 0.138037 0.874357 0.186164 0.615995 0.383526 0.0424097 0.970725 0.453483 0.0439487 0.840981 0.654461 0.0469241 0.114365 0.25094 0.418743 0.781209 0.360988 0.00156898 0.496948 0.262189 0.735528 0.836548 0.288476 0.923011 0.216211 0.898804 0.00545821 0.807006 0.5027 0.211668 0.915276 0.640736 0.0860255 0.10144 0.256732 0.469552 0.14385 0.227457 0.923035 0.187799 0.0684383 0.577497 0.234723 0.182804 0.828437 0.653466 0.964012 0.189425 0.655035 0.46096 0.451613 0.390563 0.297508 0.74009 0.313574 0.513719 0.638894 0.319032 0.320725 0.141594 0.530701 0.236002 0.78233 0.616726 0.337442 0.0390616 0.086278 0.481292 0.266519 0.00931333 0.66909 0.334957 0.58681 0.903813 0.51776 0.415247 0.557279 0.481772 0.604672 0.212314 0.942733 0.056285 0.602878 0.240241 0.796375 
20 32 14 3 8 22 30 
0.310687 0.359192 0.38291 0.648129 0.398254 0.469188 0.12942 0.664772 0.478501 0.798511 0.999729 0.0653115 0.702324 0.51749 0.480558 0.259603 0.999262 0.0852297 0.471917 0.941995 0.141515 0.0747948 0.182236 0.937889 0.991246 0.936196 0.373158 0.22673 0.0108807 0.95002 0.992914 0.321567 0.309213 0.375824 0.969696 0.707467 0.845012 0.0991162 0.372239 0.323513 0.897627 0.371968 0.388825 0.599951 0.889458 0.869383 0.859554 0.88872 0.954613 0.331471 0.830715 0.0961274 0.406266 0.0129504 0.0340169 0.397512 0.949146 0.407175 0.624241 0.960027 0.357196 0.617155 0.281594 0.666408 0.992979 0.25129 0.373875 0.837991 0.350406 0.746114 0.161504 0.248033 0.118082 0.550329 0.847984 0.00753966 0.419712 0.707537 0.896259 0.374325 0.0390082 0.726974 0.470452 0.445274 0.739925 0.504469 0.842786 0.689071 0.911644 0.467027 0.649097 0.26884 0.084182 0.930691 0.935248 0.0771609 0.181981 0.309123 0.915152 0.532387 0.0552367 0.0766561 0.780421 0.173319 0.626985 0.628404 0.180858 0.0466974 0.335942 0.0771177 0.421022 0.37495 0.804092 0.891475 0.820224 0.544017 0.395944 0.663009 0.233087 0.307588 0.130036 0.882185 0.576428 0.214218 0.812876 0.511676 0.291379 0.994857 
21 19 31 1 4 17 8 
0.0493543 0.910172 0.93607 0.230212 0.95687 0.272011 0.30733 0.377892 0.646961 0.111422 0.269367 0.467185 0.655439 0.665311 0.130194 0.888526 0.972899 0.260231 0.77071 0.549327 0.474449 0.583586 0.0610028 0.765828 0.578443 0.881802 0.972359 0.105688 0.757838 0.255546 0.413353 0.807192 0.165719 0.349422 0.0374044 0.122589 0.621434 0.344735 0.500481 0.268395 0.456157 0.769848 0.73558 0.111595 0.435158 0.865774 0.000121244 0.408057 0.126005 0.770832 0.957384 0.600454 0.354418 0.0183864 0.366282 0.932861 0.900188 0.338642 0.038549 0.658026 0.594188 0.451902 0.465218 0.759907 0.801324 0.502622 0.882495 0.422758 0.847357 0.382976 0.691153 0.303513 0.152824 0.426733 0.415109 0.587982 0.292508 0.41523 0.996039 0.418513 0.186062 0.953422 0.0189667 0.54048 0.971808 0.385249 0.473341 0.871997 0.723891 0.51189 0.530023 0.318079 0.963792 0.99524 0.0779854 0.765116 0.497863 0.960481 0.187874 0.34522 0.343457 0.879027 0.648733 0.496281 0.305761 0.0638418 0.0842626 0.598268 0.479072 0.0803012 0.016781 0.665134 0.0337233 0.0357476 0.205613 0.00553182 0.420997 0.678954 0.877529 0.144887 0.190843 0.407551 0.462966 0.154635 0.402792 0.540951 0.919751 0.900654 
22 31 32 15 9 2 17 
0.292414 0.958449 0.425432 0.890682 0.437521 0.505733 0.907463 0.102654 0.539457 0.943211 0.308267 0.544989 0.364207 0.987221 0.422517 0.509094 0.178064 0.830068 0.97206 0.3327 0.23286 0.513011 0.252451 0.133515 0.0144426 0.360076 0.379389 0.859332 0.346729 0.273995 0.200501 0.639143 0.232444 0.625933 0.529825 0.669965 0.131667 0.437288 0.772619 0.671124 0.380499 0.080886 0.216112 0.744706 0.0681069 0.63863 0.2538 0.246171 0.468698 0.22586 0.578871 0.701558 0.738871 0.831322 0.835073 0.753314 0.191398 0.214461 0.612645 0.538127 0.488457 0.813146 0.177271 0.720901 0.43908 0.707096 0.390866 0.570747 0.144384 0.163485 0.24187 0.524883 0.24437 0.457983 0.269589 0.312477 0.0966125 0.523389 0.558649 0.565311 0.74925 0.13752 0.266869 0.488121 0.968841 0.101942 0.241434 0.16024 0.316403 0.85408 0.698367 0.80486 0.667226 0.875638 0.525761 0.106306 0.582733 0.916627 0.677052 0.727117 0.0801114 0.918923 0.252 0.324482 0.376906 0.521589 0.636959 0.473518 0.0449784 0.195608 0.0388289 0.794228 0.333128 0.305698 0.282349 0.301969 0.40764 0.523783 0.462209 0.724043 0.377862 0.160576 0.528903 0.0450883 0.0362135 0.0546639 0.151394 0.618947 
23 27 1 9 26 5 36 
0.119654 0.0128433 0.597793 0.164632 0.208451 0.636622 0.95886 0.541579 0.94232 0.241209 0.843549 0.34996 0.764991 0.305757 0.0740024 0.142854 0.466333 0.602905 0.187942 0.502547 0.657569 0.339336 0.121494 0.62886 0.167782 0.467558 0.680262 0.915152 0.0656226 0.0561459 0.0394268 0.185276 0.0689892 0.63722 0.349908 0.277441 0.273843 0.308768 0.81902 0.216163 0.549977 0.662568 0.566122 0.314968 0.968326 0.640125 0.457822 0.434659 0.24303 0.645764 0.937206 0.900599 0.9851 0.0586996 0.529459 0.152882 0.526258 0.209721 0.0680338 0.59188 0.265866 0.107461 0.777156 0.334856 0.744681 0.127065 0.612296 0.0185233 0.435833 0.431316 0.234686 0.98581 0.0938844 0.800808 0.300778 0.0622101 0.440933 0.7586 0.496869 0.683963 0.404364 0.434075 0.584562 0.389463 0.492774 0.114021 0.542345 0.0190321 0.323741 0.610379 0.610912 0.589608 0.71784 0.388069 0.924463 0.462521 0.515133 0.53676 0.481044 0.950966 0.968076 0.71573 0.936776 0.0619601 0.516538 0.237554 0.12417 0.957471 0.996154 0.621039 0.641434 0.400517 0.0551142 0.225996 0.789981 0.547889 0.340017 0.332326 0.566921 0.663758 0.942705 0.177833 0.253366 0.660545 0.565902 0.177829 0.123066 0.0810352 
24 9 30 35 23 19 37 
0.836378 0.206332 0.868795 0.793849 0.202485 0.489834 0.435284 0.603003 0.544949 0.66128 0.392983 0.0928373 0.0012969 0.725309 0.659758 0.665055 0.668015 0.837591 0.918421 0.32856 0.403493 0.0962504 0.451626 0.484528 0.810839 0.0557356 0.51653 0.493504 0.375575 0.485307 0.238129 0.211953 0.691639 0.106924 0.00580243 0.894124 0.596758 0.441086 0.497127 0.141707 0.102366 0.89011 0.234544 0.103663 0.61542 0.894303 0.768718 0.283434 0.731894 0.687139 0.611994 0.135387 0.78339 0.0636201 0.619915 0.594229 0.119356 0.136445 0.0877331 0.494931 0.621752 0.325862 0.706884 0.313391 0.432786 0.712687 0.207515 0.0295446 0.153773 0.704642 0.171252 0.256139 0.594752 0.405796 0.359801 0.210172 0.300099 0.128519 0.493606 0.0319925 0.815659 0.1056 0.167379 0.599048 0.16922 0.787294 0.193277 0.288576 0.923739 0.28101 0.783507 0.545491 0.606872 0.490391 0.858882 0.0396583 0.203078 0.0663971 0.0692028 0.35685 0.771039 0.240454 0.612989 0.365791 0.646251 0.97279 0.575963 0.946349 0.10131 0.0695684 0.978342 0.916968 0.175169 0.145721 0.516016 0.344389 0.933016 0.709293 0.632965 0.856755 0.990304 0.416472 0.402246 0.597176 0.906863 0.261128 0.636834 0.109941 
25 22 32 31 35 36 38 
0.592742 0.0525706 0.0403179 0.539091 0.15388 0.109886 0.517433 0.0708487 0.285055 0.663154 0.586865 0.629444 0.59617 0.296159 0.262409 0.452925 0.286462 0.678881 0.855171 0.883638 0.585745 0.116299 0.520472 0.695686 0.443824 0.226509 0.162477 0.542389 0.173 0.242257 0.00674397 0.765742 0.294828 0.0470618 0.304833 0.448708 0.156948 0.822266 0.519557 0.442003 0.48542 0.106422 0.0714471 0.0815897 0.402581 0.333856 0.534514 0.689043 0.0127375 0.389685 0.572681 0.598482 0.505984 0.0931526 0.294168 0.949808 0.319661 0.456645 0.492197 0.492662 0.698902 0.498941 0.258404 0.993729 0.546003 0.563237 0.442437 0.702951 0.385503 0.961994 0.144954 0.870923 0.0684159 0.216401 0.952512 0.470996 0.550257 0.487027 0.160039 0.562995 0.876712 0.73272 0.161477 0.382696 0.825872 0.455645 0.332504 0.145534 0.912289 0.824701 0.638196 0.611191 0.323642 0.896599 0.60492 0.869644 0.459836 0.0473574 0.572595 0.845339 0.00935146 0.717549 0.716262 0.0777674 0.93395 0.668774 0.548764 0.484208 0.155801 0.708803 0.0472025 0.0325125 0.441523 0.208679 0.415208 0.267395 0.664324 0.747712 0.412929 0.576613 0.572413 0.0511249 0.187804 0.896055 0.947724 0.792724 0.765699 0.40756 
26 3 38 21 30 11 29 
0.989793 0.637934 0.475964 0.474001 0.793735 0.184767 0.521203 0.826248 0.62629 0.729883 0.241456 0.893685 0.394207 0.989168 0.306614 0.97082 0.561581 0.357739 0.158624 0.457636 0.305463 0.951347 0.223334 0.713023 0.791429 0.561629 0.965922 0.640861 0.617472 0.935082 0.568061 0.607265 0.573017 0.0440253 0.0812659 0.366752 0.228792 0.602469 0.193 0.855082 0.332352 0.434455 0.748767 0.726559 0.423624 0.0553816 0.697379 0.985205 0.413121 0.856002 0.44284 0.718584 0.80735 0.666175 0.431608 0.598778 0.227803 0.39753 0.23964 0.845275 0.332612 0.807701 0.45254 0.905629 0.851726 0.533806 0.272381 0.0805186 0.136275 0.465381 0.935601 0.468627 0.899836 0.684368 0.195186 0.323459 0.739749 0.892565 0.308664 0.15287 0.748568 0.751504 0.871454 0.555917 0.417679 0.303062 0.154696 0.645482 0.700592 0.394336 0.490757 0.0332038 0.202037 0.943296 0.938833 0.053763 0.477102 0.211214 0.134282 0.613377 0.676594 0.0698822 0.0820042 0.57643 0.75425 0.27719 0.89989 0.493999 0.169756 0.208554 0.646869 0.918323 0.960058 0.518324 0.47424 0.377737 0.821386 0.628936 0.0232184 0.521977 0.0232718 0.513975 0.555181 0.225308 0.457271 0.494014 0.279071 0.934373 
27 28 16 35 29 30 37 
0.958252 0.237485 0.906945 0.858142 0.731484 0.0767002 0.0666956 0.378354 0.995023 0.0267535 0.896677 0.469264 0.40449 0.718063 0.0981999 0.427708 0.24004 0.121472 0.941683 0.795221 0.34678 0.398955 0.289235 0.625851 0.333328 0.994463 0.0392045 0.881078 0.376284 0.52244 0.510832 0.334537 0.759925 0.417777 0.192678 0.491409 0.494477 0.259374 0.869763 0.4895 0.286128 0.76644 0.958764 0.690618 0.484503 0.0569638 0.118326 0.724543 0.178435 0.0600095 0.519765 0.525216 0.458964 0.809 0.151067 0.792292 0.803462 0.190272 0.673369 0.179747 0.712711 0.184201 0.514283 0.472636 0.601978 0.706962 0.964045 0.0964551 0.966336 0.833807 0.585955 0.252463 0.600248 0.544719 0.943081 0.0847508 0.601683 0.0614067 0.809294 0.780118 0.121416 0.329059 0.305334 0.58038 0.138058 0.456401 0.372672 0.941521 0.646673 0.0460415 0.121267 0.359384 0.230243 0.63555 0.83202 0.832221 0.342512 0.796064 0.928676 0.308847 0.629872 0.514631 0.56131 0.230119 0.0593506 0.504391 0.31487 0.661034 0.565798 0.124164 0.441152 0.687214 0.453223 0.746486 0.267594 0.591282 0.202887 0.640266 0.532802 0.84956 0.686308 0.654069 0.208944 0.916551 0.28962 0.0409631 0.748772 0.632131 
28 4 39 32 26 17 30 
0.697019 0.25143 0.00668035 0.011889 0.912464 0.572478 0.136053 0.353616 0.259692 0.589277 0.100102 0.527287 0.180558 0.302989 0.167553 0.71336 0.152549 0.853861 0.36743 0.361492 0.770412 0.657049 0.402455 0.519184 0.289181 0.239483 0.196632 0.230159 0.706382 0.388712 0.732449 0.403401 0.640142 0.739129 0.41529 0.552606 0.311607 0.551343 0.906221 0.571299 0.14062 0.00632331 0.0985861 0.321178 0.309312 0.266139 0.0345383 0.461861 0.12 0.401968 0.823353 0.890412 0.0590172 0.225808 0.409595 0.348198 0.465291 0.606227 0.578357 0.171673 0.994939 0.310806 0.575074 0.63508 0.0499349 0.990364 0.187686 0.361542 0.541707 0.0939075 0.932842 0.682327 0.100231 0.0314277 0.00350488 0.409543 0.297567 0.0380432 0.871404 0.417567 0.440011 0.694757 0.307978 0.499028 0.920566 0.717574 0.847226 0.385857 0.323801 0.425583 0.55753 0.318739 0.736389 0.132604 0.95382 0.786324 0.122968 0.141506 0.147866 0.664675 0.235413 0.0807081 0.347002 0.335644 0.112136 0.350507 0.745187 0.409703 0.38855 0.616591 0.827269 0.828561 0.311348 0.135247 0.32759 0.231914 0.852821 0.174816 0.617771 0.176622 0.600399 0.175301 0.495361 0.336789 0.307905 0.449181 0.123113 0.430874 
29 12 34 14 10 11 6 
0.161744 0.463823 0.793058 0.906931 0.873526 0.181609 0.523522 0.700795 0.0101703 0.834871 0.836043 0.33776 0.0667847 0.688864 0.512576 0.684556 0.865485 0.112975 0.859857 0.360846 0.449764 0.167762 0.810027 0.572877 0.598635 0.400714 0.843857 0.694184 0.226814 0.195544 0.136736 0.388558 0.659368 0.929794 0.295489 0.532894 0.111403 0.819012 0.233689 0.121573 0.653882 0.0697315 0.459333 0.720667 0.758595 0.971909 0.405223 0.624081 0.0848849 0.265079 0.984927 0.534649 0.432841 0.794954 0.107526 0.0314763 0.195668 0.951383 0.725661 0.422482 0.146928 0.862396 0.81104 0.806295 0.79219 0.10653 0.339189 0.903593 0.925541 0.572878 0.0251663 0.579424 0.642609 0.4845 0.300091 0.401205 0.456409 0.705313 0.025285 0.541294 0.970393 0.010212 0.0759431 0.403233 0.805166 0.183469 0.43471 0.000834777 0.134853 0.16037 0.423317 0.28178 0.0227665 0.234358 0.0880756 0.814957 0.340887 0.427265 0.71855 0.266429 0.000142622 0.743716 0.845853 0.642752 0.228216 0.145943 0.0439565 0.684625 0.851257 0.0692415 0.225919 0.821649 0.0794536 0.301862 0.224883 0.88462 0.485331 0.659593 0.885455 0.620184 0.819963 0.308772 0.901964 0.84273 0.54313 0.99004 0.657686 0.884017 
30 6 25 27 23 0 1 
0.348168 0.142242 0.104156 0.0327928 0.993498 0.173397 0.258712 0.815148 0.252851 0.560573 0.0400306 0.137471 0.0459047 0.699623 0.0229255 0.666089 0.519586 0.331697 0.568053 0.362316 0.874827 0.558093 0.020002 0.758844 0.975397 0.396238 0.909289 0.392845 0.51619 0.905588 0.453044 0.864358 0.0478291 0.557199 0.897151 0.0413275 0.730597 0.155863 0.856475 0.983448 0.716436 0.896506 0.120918 0.762341 0.596129 0.143844 0.42843 0.115715 0.475541 0.996482 0.478031 0.350368 0.554575 0.498033 0.109212 0.529973 0.894271 0.0185016 0.922817 0.410462 0.924089 0.375861 0.27482 0.971918 0.93306 0.171971 0.0132458 0.663657 0.327834 0.869721 0.647105 0.0442701 0.766227 0.768023 0.806611 0.362356 0.911867 0.23504 0.478071 0.387408 0.231523 0.956102 0.737777 0.786098 0.454136 0.846989 0.316071 0.348407 0.86549 0.238888 0.758868 0.78958 0.614749 0.0336884 0.761498 0.547809 0.20566 0.774744 0.211466 0.533493 0.644465 0.858571 0.577764 0.410692 0.626594 0.384375 0.773048 0.538461 0.619415 0.251119 0.92587 0.850938 0.207221 0.663646 0.637036 0.661357 0.510635 0.953107 0.00976372 0.376126 0.191995 0.768632 0.165705 0.806743 0.80232 0.927203 0.354553 0.00797997 
31 3 15 4 8 0 14 
0.0511841 0.503612 0.530151 0.589645 0.123027 0.78127 0.515515 0.973964 0.988492 0.179161 0.611 0.649849 0.689796 0.564107 0.659612 0.0659219 0.756102 0.428244 0.231627 0.562845 0.230565 0.15883 0.917398 0.238545 0.860778 0.483417 0.780018 0.20719 0.908007 0.899255 0.964293 0.959191 0.402867 0.494444 0.548836 0.525893 0.275715 0.0643511 0.499858 0.264206 0.243512 0.110858 0.914055 0.933309 0.674965 0.573668 0.99923 0.431067 0.00191202 0.230858 0.993912 0.232477 0.389688 0.91131 0.471022 0.250466 0.394727 0.25104 0.457655 0.302734 0.150296 0.421948 0.261925 0.553163 0.916393 0.810761 0.079056 0.192107 0.875113 0.578914 0.456314 0.118625 0.689772 0.370369 0.0519334 0.364737 0.944036 0.0511639 0.795805 0.945949 0.282022 0.789717 0.178425 0.67171 0.701027 0.649447 0.922175 0.0957548 0.900487 0.379831 0.398489 0.050783 0.801779 0.660414 0.603946 0.718172 0.471176 0.683002 0.910279 0.346288 0.261915 0.366593 0.464913 0.951687 0.736962 0.516846 0.316425 0.680998 0.56801 0.112229 0.626947 0.850032 0.901947 0.805372 0.521742 0.602974 0.45482 0.443917 0.698729 0.355307 0.823747 0.0972177 0.40609 0.625526 0.757632 0.0100357 0.343698 0.228807 
32 39 1 15 12 7 22 
0.357532 0.556855 0.223065 0.0385305 0.124865 0.335294 0.665477 0.974897 0.237241 0.47085 0.496639 0.840215 0.925669 0.940556 0.538944 0.280977 0.764303 0.636161 0.687067 0.389829 0.393793 0.697102 0.733527 0.6226 0.39014 0.987505 0.197696 0.345092 0.608075 0.237704 0.251732 0.965607 0.794559 0.474797 0.0041373 0.919424 0.810092 0.669615 0.894322 0.0473326 0.140464 0.39096 0.887547 0.0661339 0.331516 0.426491 0.34711 0.0958188 0.0626525 0.0341772 0.485648 0.456446 0.73128 0.219176 0.0790461 0.121419 0.20668 0.276742 0.466512 0.814755 0.514446 0.718244 0.780362 0.309006 0.193041 0.784499 0.22843 0.00313316 0.454114 0.122752 0.0504657 0.594578 0.513712 0.938013 0.660712 0.845228 0.364504 0.00782277 0.941046 0.427157 0.042 0.426695 0.883602 0.77328 0.64587 0.962649 0.894699 0.852551 0.239391 0.361211 0.667306 0.753837 0.0794548 0.447668 0.0628424 0.272496 0.232167 0.291272 0.275629 0.686281 0.414024 0.326095 0.280859 0.927736 0.264108 0.941572 0.772964 0.628613 0.949395 0.71401 0.0557697 0.991395 0.140705 0.939372 0.764674 0.786575 0.902021 0.659373 0.639126 0.141411 0.0205838 0.306432 0.895248 0.100039 0.754099 0.958091 0.372535 0.986267 
33 4 34 21 0 39 26 
0.591123 0.238368 0.894979 0.364087 0.866981 0.844373 0.0780972 0.922751 0.835768 0.218802 0.862123 0.600442 0.0053773 0.764143 0.259815 0.644503 0.905555 0.280399 0.950935 0.800803 0.380438 0.705034 0.758893 0.752973 0.691301 0.00825641 0.401137 0.363848 0.671644 0.375397 0.317255 0.262767 0.613765 0.212234 0.626854 0.480746 0.0566076 0.704951 0.403496 0.892376 0.923753 0.265619 0.492818 0.92913 0.0297624 0.752633 0.573634 0.935317 0.0330317 0.524568 0.73612 0.413469 0.229603 0.495013 0.166442 0.920904 0.50327 0.567579 0.284752 0.174913 0.942975 0.602007 0.43768 0.55674 0.814242 0.0645339 0.0374856 0.870849 0.769485 0.440982 0.763225 0.693238 0.706601 0.256042 0.622368 0.736363 0.00867508 0.196002 0.67168 0.0417068 0.72057 0.4078 0.455176 0.950173 0.902813 0.621618 0.871077 0.406083 0.189196 0.155828 0.580996 0.132172 0.757836 0.0186766 0.688912 0.572077 0.0832105 0.726397 0.442926 0.852695 0.167379 0.206151 0.545933 0.87398 0.462194 0.168302 0.610343 0.470869 0.364304 0.282023 0.512575 0.0848742 0.689823 0.967751 0.0350473 0.592636 0.589369 0.906124 0.998719 0.778565 0.0619523 0.579716 0.910737 0.819788 0.598392 0.599649 0.391865 0.681603 
34 29 15 13 38 37 21 
0.367404 0.503136 0.248534 0.977747 0.974005 0.612838 0.25977 0.48658 0.697712 0.949592 0.454332 0.732759 0.542228 0.0437008 0.638883 0.540948 0.822266 0.700835 0.120664 0.733003 0.520623 0.719056 0.332652 0.912488 0.400659 0.658698 0.74728 0.934957 0.152122 0.788223 0.015189 0.519527 0.29136 0.263723 0.497274 0.265365 0.87656 0.757043 0.751945 0.574272 0.706635 0.206277 0.307031 0.248864 0.249978 0.945914 0.789812 0.072244 0.646749 0.910475 0.805247 0.167372 0.629531 0.137899 0.0798608 0.0301898 0.796597 0.827141 0.965147 0.94872 0.615364 0.980336 0.468246 0.906724 0.244059 0.96552 0.172089 0.120619 0.722563 0.924034 0.694891 0.429198 0.130311 0.00192203 0.678062 0.380288 0.947836 0.467874 0.452532 0.594585 0.378349 0.25778 0.761957 0.00787957 0.395679 0.841818 0.0380693 0.192276 0.668959 0.00321628 0.140996 0.284323 0.983552 0.609242 0.191047 0.227611 0.574762 0.363136 0.34823 0.297325 0.287169 0.0431209 0.726523 0.41748 0.0450429 0.404585 0.797768 0.992879 0.872459 0.250301 0.587464 0.250807 0.50808 0.349421 0.258687 0.90376 0.19124 0.296756 0.0960357 0.860199 0.299972 0.237031 0.144522 0.283525 0.846273 0.335569 0.511136 0.421035 
35 9 31 36 39 19 11 
0.403354 0.947529 0.849468 0.201122 0.940408 0.721927 0.451423 0.527872 0.972734 0.959504 0.877294 0.231421 0.863263 0.0685331 0.528177 0.959299 0.928732 0.828149 0.19633 0.0732539 0.111674 0.0426035 0.408823 0.62281 0.463639 0.107528 0.482175 0.181998 0.0934023 0.384662 0.626881 0.496756 0.332191 0.476349 0.697879 0.2726 0.198276 0.149302 0.800472 0.171009 0.108806 0.677765 0.40243 0.972069 0.746299 0.930607 0.931368 0.67503 0.758756 0.127698 0.748284 0.870431 0.170301 0.157107 0.493241 0.63394 0.264635 0.975416 0.815938 0.358038 0.360078 0.44282 0.854794 0.692269 0.919169 0.552673 0.964869 0.117444 0.701975 0.765341 0.288454 0.810781 0.443106 0.690884 0.782849 0.189405 0.621491 0.714217 0.864435 0.380247 0.841915 0.612719 0.250678 0.0122162 0.769827 0.743919 0.646156 0.0344619 0.719335 0.462095 0.392499 0.0794125 0.904914 0.247293 0.771682 0.824083 0.799966 0.736551 0.941527 0.501941 0.501892 0.229981 0.312722 0.944998 0.920865 0.0955709 0.134403 0.542356 0.809788 0.998838 0.922603 0.651703 0.611557 0.173281 0.663919 0.381384 0.9172 0.310075 0.415846 0.636534 0.77217 0.808345 0.715947 0.677084 0.0556384 0.487629 0.501168 0.855605 
36 17 28 29 32 39 1 
0.671069 0.593541 0.765838 0.805472 0.135897 0.575626 0.80431 0.0585005 0.227329 0.415867 0.231782 0.891248 0.79725 0.148982 0.201323 0.213096 0.785516 0.973493 0.021441 0.501463 0.650577 0.0770794 0.989092 0.151745 0.932684 0.213271 0.59444 0.29023 0.939342 0.267116 0.960497 0.610411 0.860657 0.726335 0.415883 0.996555 0.301961 0.220193 0.055055 0.52929 0.636059 0.286837 0.420537 0.43331 0.435818 0.62186 0.646406 0.221334 0.595353 0.667847 0.722797 0.24593 0.744926 0.711889 0.397675 0.67761 0.92516 0.992115 0.96784 0.864502 0.259231 0.928337 0.474913 0.119888 0.654672 0.890796 0.116443 0.956633 0.110988 0.171498 0.485923 0.747048 0.458334 0.90646 0.180357 0.894153 0.52832 0.826763 0.115487 0.123673 0.49461 0.838284 0.369603 0.239536 0.550173 0.767278 0.917146 0.475333 0.759393 0.884986 0.339835 0.0186238 0.813323 0.814748 0.138512 0.467995 0.705544 0.254955 0.424628 0.816532 0.426452 0.910551 0.56358 0.884787 0.817011 0.743937 0.77894 0.345331 0.570701 0.894427 0.469005 0.0653105 0.732711 0.838608 0.304847 0.282884 0.605886 0.221993 0.758217 0.365279 0.106979 0.098052 0.383903 0.920302 0.9128 0.522415 0.388297 0.618343 
37 23 3 4 0 5 22 
0.0886089 0.540487 0.742393 0.867548 0.885818 0.313093 0.761975 0.354823 0.378404 0.494687 0.193431 0.683251 0.777571 0.799317 0.905243 0.535788 0.164596 0.0122224 0.63384 0.5485 0.932524 0.54664 0.0709149 0.320821 0.164983 0.848285 0.133746 0.599859 0.0521069 0.857222 0.598314 0.140716 0.397709 0.340707 0.00826424 0.283527 0.653801 0.77024 0.638349 0.0322046 0.264926 0.83178 0.715455 0.0424971 0.631097 0.620699 0.578285 0.795693 0.632921 0.212126 0.344193 0.565445 0.758765 0.415108 0.886266 0.923749 0.263392 0.0200127 0.523608 0.315499 0.877235 0.121922 0.456215 0.274943 0.462629 0.464479 0.55847 0.11643 0.234719 0.196819 0.148634 0.499645 0.0285988 0.864089 0.542142 0.659695 0.484788 0.120427 0.455389 0.117709 0.332553 0.799581 0.683154 0.0913183 0.214689 0.569421 0.015067 0.478081 0.589433 0.538675 0.79358 0.466668 0.660596 0.249795 0.741611 0.123225 0.714275 0.300081 0.239655 0.948994 0.4969 0.388289 0.448638 0.525499 0.252379 0.99078 0.185194 0.737167 0.111208 0.640583 0.854876 0.44376 0.440164 0.53803 0.535079 0.654853 0.107451 0.550146 0.132934 0.696884 0.0888202 0.926515 0.163552 0.749417 0.17631 0.905163 0.872642 0.890585 
38 16 18 28 19 29 8 
0.227642 0.752965 0.278997 0.412836 0.490132 0.390205 0.053419 0.345008 0.833965 0.493583 0.883037 0.369044 0.148436 0.990488 0.919189 0.28137 0.687372 0.00800955 0.207885 0.850924 0.757426 0.384195 0.756087 0.630068 0.27478 0.961331 0.742365 0.114358 0.663474 0.242952 0.402575 0.891117 0.995917 0.681572 0.303953 0.486049 0.0717764 0.357372 0.831056 0.905741 0.850955 0.714094 0.274785 0.999391 0.704582 0.193974 0.280761 0.391954 0.201984 0.488646 0.242878 0.95941 0.87284 0.998965 0.589478 0.14762 0.960295 0.331844 0.261978 0.62377 0.574796 0.664552 0.514887 0.570713 0.346124 0.81884 0.0567613 0.417901 0.176212 0.887818 0.323642 0.0271669 0.601912 0.598427 0.0265579 0.306493 0.792401 0.307319 0.698447 0.994385 0.795964 0.941325 0.953795 0.668805 0.94029 0.543274 0.816425 0.900586 0.875118 0.0784026 0.524355 0.449913 0.742955 0.0392419 0.0206256 0.0890793 0.858082 0.0773869 0.50698 0.0342933 0.965205 0.830622 0.0614602 0.567116 0.429049 0.0880181 0.87361 0.22145 0.395337 0.572057 0.215835 0.191301 0.513382 0.169631 0.860106 0.453672 0.712905 0.676531 0.354258 0.588022 0.754934 0.878613 0.0379352 0.497889 0.917855 0.0585608 0.586968 0.775937 
39 18 14 15 31 27 12 
0.668268 0.353618 0.959708 0.541878 0.575069 0.355045 0.113935 0.790904 0.546347 0.627317 0.960535 0.406453 0.0809898 0.673439 0.0829841 0.435248 0.261461 0.837918 0.313861 0.299397 0.335806 0.231717 0.357957 0.922774 0.00765367 0.493905 0.0167221 0.817884 0.595057 0.941292 0.689574 0.263326 0.29491 0.649283 0.805204 0.869979 0.00432812 0.919139 0.660883 0.550675 0.546456 0.621418 0.957128 0.627446 0.294857 0.0401122 0.0626939 0.556319 0.87803 0.376555 0.855715 0.213836 0.608272 0.213673 0.13661 0.615926 0.707578 0.153333 0.43381 0.302635 0.0946242 0.123384 0.565961 0.389534 0.772667 0.371165 0.259513 0.776995 0.290304 0.920396 0.32767 0.83676 0.541814 0.284798 0.464206 0.836671 0.32491 0.526899 0.39299 0.20294 0.903455 0.248705 0.416776 0.511727 0.462378 0.553386 0.127652 0.169955 0.706719 0.561462 0.47259 0.801343 0.684846 0.0385515 0.190878 0.457512 0.409716 0.450391 0.234507 0.70002 0.370787 0.562176 0.536779 0.912601 0.846974 0.000984971 0.749272 0.171884 0.527884 0.142262 0.374824 0.431339 0.390967 0.7916 0.943066 0.853345 0.344986 0.070718 0.0232999 0.051705 0.63218 0.49589 0.853048 0.317025 0.534442 0.0439258 0.774538 0.944158 
