21 7
1 0 1 0 1 0 0 1 0 0 0 1 0 1 1 0 1 1 1 1 1 
0 11 2 18 9 7 19 
0.524144 0.235172 0.483006 0.435168 0.290525 0.411392 0.431564 0.387643 0.151869 0.271139 0.450697 0.679937 0.106564 0.862921 0.691408 0.179907 0.673048 0.880153 0.360566 0.282065 0.22625 0.0570637 0.446087 0.849959 0.388705 0.212391 0.0203377 0.527202 0.723555 0.914992 0.482759 0.247698 0.150164 0.965766 0.682867 0.440688 0.377157 0.114431 0.828332 0.529027 0.38557 0.279028 0.208964 0.492134 0.14195 0.900372 0.672042 0.814998 0.780526 0.0326074 0.0970635 0.00677595 0.0896711 0.543151 0.856735 0.478376 0.755541 0.877073 0.00557863 0.479096 0.792065 0.488338 0.726794 0.942229 0.454104 0.40966 0.382917 0.831261 0.524091 0.211249 0.360287 0.909661 0.490277 0.569251 0.401795 0.632227 0.469624 0.073837 0.447225 0.250149 0.106444 0.544289 0.256925 0.196115 0.0874391 0.11366 0.674492 0.84298 0.990733 0.68007 0.322076 0.782798 0.168408 0.0488699 0.725026 0.622512 0.45853 0.107943 0.453773 0.982622 0.319192 0.81406 0.892283 0.80947 0.383312 0.294078 0.441696 0.852935 0.367915 0.888922 0.103085 0.47436 0.43321 0.36001 0.670475 0.520649 0.47367 0.344967 0.363629 0.464403 0.0250375 0.685705 0.247201 0.193446 0.734575 0.972227 0.815958 0.193106 
1 10 5 2 20 6 7 
0.208832 0.467103 0.362088 0.650529 0.320038 0.730004 0.53945 0.423123 0.204363 0.97266 0.783133 0.874838 0.493309 0.256803 0.219805 0.856939 0.721206 0.244843 0.542644 0.968406 0.438289 0.277219 0.940633 0.254247 0.470325 0.0208035 0.523978 0.646052 0.420166 0.607769 0.714062 0.628998 0.0748718 0.0761506 0.279527 0.39491 0.806154 0.818977 0.818033 0.0105176 0.791637 0.601166 0.885356 0.284946 0.857969 0.105161 0.141885 0.579175 0.350004 0.684529 0.547581 0.788293 0.961749 0.488214 0.0425399 0.432074 0.509017 0.566517 0.0781261 0.929183 0.174286 0.792188 0.558181 0.249158 0.868339 0.837708 0.644068 0.674493 0.656685 0.462102 0.685011 0.448321 0.0632678 0.570367 0.733268 0.921237 0.675528 0.875153 0.500411 0.0255325 0.559682 0.0479921 0.813826 0.521431 0.536206 0.856366 0.953505 0.0452236 0.422883 0.0316313 0.974407 0.597169 0.82382 0.532588 0.846327 0.692159 0.370296 0.490396 0.366652 0.0269809 0.952497 0.0516625 0.475302 0.0157652 0.622029 0.20857 0.937002 0.297557 0.0837231 0.437413 0.32309 0.643406 0.485405 0.136916 0.164837 0.0216115 0.993281 0.118342 0.066835 0.416164 0.149973 0.041242 0.0133335 0.973793 0.57383 0.859661 0.665952 0.944127 
2 16 9 5 12 1 8 
0.706295 0.65498 0.255321 0.00385263 0.738703 0.692734 0.326943 0.382109 0.17814 0.463858 0.546945 0.199751 0.457139 0.665288 0.266586 0.873304 0.815261 0.307828 0.886637 0.789054 0.881658 0.746298 0.455006 0.825785 0.0963548 0.487609 0.796893 0.398909 0.571875 0.243303 0.717228 0.27817 0.898283 0.972549 0.282023 0.636986 0.665284 0.608965 0.0190944 0.843423 0.0728237 0.56604 0.0431744 0.529963 0.231327 0.309761 0.403267 0.0465883 0.617589 0.289904 0.835642 0.499247 0.0362023 0.290648 0.325032 0.132557 0.778257 0.121925 0.531466 0.350132 0.365227 0.248694 0.628302 0.26351 0.221243 0.910325 0.900496 0.886527 0.519291 0.91959 0.72995 0.592114 0.48563 0.773125 0.122077 0.716957 0.0828853 0.525344 0.763546 0.700474 0.815249 0.599188 0.199721 0.851451 0.889836 0.524753 0.984008 0.668093 0.646678 0.515474 0.018225 0.0119053 0.764168 0.646527 0.275415 0.985412 0.556852 0.175911 0.871939 0.0761429 0.0955007 0.601889 0.668257 0.581131 0.375014 0.790335 0.298088 0.457899 0.315679 0.0616333 0.158373 0.130928 0.660821 0.358094 0.982379 0.550657 0.882848 0.966387 0.21875 0.529526 0.481861 0.236975 0.541431 0.246029 0.883502 0.816846 0.231441 0.440355 
3 19 5 17 13 20 15 
0.97509 0.967476 0.538182 0.290769 0.0291089 0.696555 0.421696 0.68993 0.0546495 0.404075 0.240587 0.937497 0.370461 0.459337 0.467023 0.852322 0.696312 0.00845347 0.098351 0.579815 0.825299 0.329792 0.0201694 0.818056 0.433171 0.536667 0.906313 0.13844 0.721422 0.575701 0.218722 0.696511 0.543177 0.756904 0.98728 0.572286 0.453459 0.408976 0.262216 0.508109 0.813051 0.502803 0.445606 0.183512 0.96214 0.912629 0.0358346 0.658453 0.921082 0.134186 0.238267 0.746381 0.463977 0.258437 0.564437 0.897148 0.795104 0.470751 0.0355881 0.516526 0.046452 0.25431 0.213037 0.589629 0.0112144 0.200317 0.161914 0.464674 0.609293 0.42413 0.972782 0.422344 0.926933 0.418388 0.605857 0.889074 0.331017 0.641691 0.547526 0.252099 0.775877 0.785794 0.99848 0.239854 0.0442306 0.562918 0.137003 0.839334 0.0336687 0.172591 0.35586 0.0801207 0.426901 0.568897 0.669749 0.438116 0.769214 0.831664 0.902789 0.378508 0.255794 0.875572 0.800852 0.182727 0.29396 0.406709 0.071801 0.624977 0.0484003 0.619327 0.877076 0.824277 0.405121 0.875556 0.0641317 0.449352 0.438474 0.201134 0.288686 0.472143 0.373725 0.644546 0.552263 0.800626 0.213444 0.222013 0.238742 0.982658 
4 3 5 2 13 8 7 
0.311063 0.568727 0.563999 0.936039 0.617127 0.183327 0.813115 0.441404 0.588448 0.688671 0.505536 0.0377995 0.127145 0.70667 0.326486 0.599288 0.0803957 0.971032 0.151552 0.881022 0.184475 0.373565 0.119764 0.167133 0.427241 0.261295 0.528299 0.736712 0.278398 0.690317 0.228911 0.58946 0.259043 0.79291 0.5255 0.87617 0.976237 0.338615 0.317575 0.564685 0.0272862 0.823111 0.602484 0.154432 0.529781 0.92897 0.75372 0.610177 0.900002 0.905272 0.491199 0.0844771 0.278836 0.610963 0.251611 0.706078 0.872258 0.77991 0.44279 0.150655 0.470226 0.6717 0.740115 0.72927 0.46461 0.265615 0.60544 0.440847 0.60423 0.923015 0.00553163 0.631516 0.746125 0.608016 0.785948 0.275907 0.536985 0.539668 0.886084 0.436987 0.444939 0.377283 0.521464 0.723775 0.988245 0.773075 0.429853 0.860503 0.552984 0.872643 0.0111586 0.0232106 0.544343 0.751274 0.75248 0.0089536 0.0168891 0.35792 0.449801 0.621119 0.280935 0.455332 0.252635 0.0270605 0.063348 0.0385823 0.302967 0.600333 0.57825 0.189051 0.0373205 0.0231889 0.566333 0.558785 0.746964 0.554579 0.331859 0.176817 0.415082 0.884844 0.0494597 0.42624 0.908054 0.593803 0.177515 0.660535 0.602756 0.194404 
5 0 13 2 10 16 1 
0.326451 0.571238 0.106739 0.629418 0.171571 0.684989 0.818469 0.208892 0.708178 0.384802 0.767676 0.455142 0.93938 0.0995356 0.631959 0.354462 0.984379 0.681419 0.780703 0.892434 0.275222 0.958217 0.552968 0.877978 0.152621 0.571424 0.930535 0.968143 0.870814 0.438425 0.0363005 0.197264 0.0096625 0.14304 0.826682 0.181234 0.828029 0.645151 0.390125 0.536207 0.0299526 0.157801 0.99135 0.969333 0.257337 0.623309 0.323795 0.241716 0.304728 0.104498 0.13415 0.57995 0.0627149 0.687118 0.457928 0.215336 0.258542 0.388463 0.183479 0.129356 0.826888 0.21978 0.32662 0.836551 0.36282 0.153302 0.0177844 0.190849 0.798453 0.407909 0.727056 0.828406 0.565711 0.718406 0.797739 0.823047 0.341715 0.121534 0.0647636 0.646443 0.226032 0.198913 0.226393 0.288747 0.886032 0.684321 0.504082 0.144574 0.072784 0.687561 0.273929 0.899672 0.907341 0.600549 0.736223 0.270161 0.753852 0.754008 0.46101 0.552305 0.161917 0.188066 0.380711 0.727628 0.906472 0.17845 0.550675 0.248186 0.299984 0.615439 0.894629 0.526015 0.814352 0.121022 0.814762 0.700384 0.805342 0.318844 0.844958 0.878126 0.00640577 0.118887 0.777799 0.913747 0.719437 0.514022 0.183908 0.473289 
6 11 9 1 12 14 13 
0.739455 0.584755 0.70825 0.987641 0.884739 0.323689 0.882271 0.410754 0.138042 0.00329226 0.225516 0.838426 0.808635 0.54436 0.683384 0.686761 0.550766 0.802271 0.464559 0.464513 0.521708 0.978582 0.648421 0.994996 0.246611 0.293338 0.02059 0.676558 0.126321 0.426895 0.834133 0.865776 0.0116497 0.542384 0.853418 0.896388 0.866073 0.735688 0.307143 0.00411445 0.738981 0.532659 0.84254 0.547615 0.0770191 0.525924 0.234376 0.627785 0.328195 0.698935 0.0922983 0.849903 0.677517 0.740719 0.844899 0.924128 0.0340573 0.865489 0.600687 0.160379 0.292384 0.43482 0.0261552 0.304034 0.977204 0.879573 0.200422 0.843276 0.615261 0.507565 0.847391 0.354242 0.0402235 0.689931 0.901857 0.117243 0.215855 0.136233 0.745028 0.54405 0.835168 0.837326 0.393953 0.512685 0.578045 0.238853 0.436813 0.612102 0.104342 0.0374993 0.772481 0.396726 0.472319 0.798636 0.70076 0.449523 0.678209 0.901182 0.292799 0.29347 0.408747 0.14019 0.647712 0.44897 0.830121 0.549569 0.566213 0.0459764 0.685802 0.31124 0.590027 0.520969 0.148566 0.98398 0.0336539 0.726612 0.222833 0.470467 0.338714 0.327174 0.507966 0.111195 0.7239 0.980285 0.909832 0.42466 0.429808 0.588041 
7 14 20 4 10 19 18 
0.0787926 0.749771 0.738895 0.764594 0.0610111 0.328921 0.285563 0.209577 0.312901 0.319217 0.936189 0.535734 0.789684 0.274903 0.862908 0.29765 0.386098 0.586809 0.277935 0.29593 0.0114683 0.707743 0.883971 0.33731 0.43035 0.765482 0.0718977 0.293147 0.294706 0.255456 0.986066 0.373499 0.00522646 0.72496 0.138093 0.0662375 0.0538814 0.423656 0.275815 0.366783 0.742874 0.212004 0.902517 0.532558 0.486907 0.765425 0.830208 0.873005 0.352234 0.108143 0.168935 0.363702 0.815887 0.0529063 0.701012 0.246237 0.818389 0.77291 0.539384 0.113095 0.0283654 0.52545 0.486594 0.0335919 0.25041 0.624687 0.0998294 0.304291 0.0483432 0.375644 0.671074 0.791217 0.587648 0.573591 0.323775 0.0745555 0.339017 0.153983 0.947561 0.691251 0.262126 0.116496 0.054953 0.078013 0.169403 0.755965 0.32425 0.987791 0.528875 0.863634 0.100886 0.55724 0.389084 0.58748 0.590832 0.639494 0.212167 0.690661 0.943786 0.26051 0.0663058 0.61486 0.0517269 0.653954 0.188451 0.375502 0.72851 0.527468 0.529485 0.676071 0.218719 0.791611 0.792567 0.273672 0.869624 0.961969 0.0296366 0.193874 0.949761 0.558511 0.0575088 0.050647 0.115751 0.446593 0.638127 0.706583 0.0860873 0.850294 
8 10 19 7 18 2 14 
0.538032 0.846015 0.360652 0.0675174 0.522086 0.57937 0.859129 0.314653 0.853042 0.728753 0.276622 0.882678 0.922628 0.226383 0.44119 0.980137 0.27703 0.556941 0.42673 0.915157 0.263525 0.512817 0.76545 0.660769 0.54269 0.876254 0.12432 0.187423 0.0387843 0.241825 0.0206066 0.576817 0.0878397 0.381258 0.644334 0.609925 0.960629 0.503463 0.924578 0.81367 0.232216 0.2012 0.696349 0.154844 0.427583 0.137538 0.13498 0.704612 0.69448 0.56171 0.619769 0.958004 0.0745268 0.38522 0.618773 0.617217 0.261473 0.743093 0.804639 0.300258 0.984918 0.825246 0.877074 0.072758 0.206504 0.521409 0.682683 0.167133 0.0248714 0.607261 0.980803 0.257088 0.808461 0.677152 0.411932 0.236044 0.81469 0.546912 0.940656 0.50917 0.108622 0.560425 0.467174 0.183149 0.945645 0.0859475 0.800365 0.207118 0.829041 0.605005 0.507376 0.813959 0.43025 0.384451 0.886717 0.636755 0.905859 0.5694 0.803887 0.930731 0.176662 0.78469 0.187818 0.985123 0.461842 0.59975 0.221166 0.276532 0.146662 0.161822 0.785702 0.255284 0.722248 0.252876 0.438432 0.667893 0.338824 0.238798 0.875011 0.167865 0.843802 0.382387 0.981824 0.274053 0.766838 0.868541 0.910807 0.672697 
9 14 4 7 16 5 20 
0.390995 0.820892 0.237759 0.537657 0.982714 0.0234615 0.79294 0.704962 0.276338 0.231373 0.372855 0.615162 0.470171 0.247866 0.783026 0.313973 0.630253 0.76485 0.588026 0.397091 0.633391 0.498833 0.0697874 0.0713329 0.213528 0.673215 0.685936 0.712913 0.46446 0.285662 0.67414 0.855456 0.106553 0.911899 0.393112 0.0892678 0.935361 0.186053 0.79423 0.211698 0.417425 0.167085 0.82686 0.887596 0.41495 0.609887 0.201569 0.045203 0.374737 0.789595 0.442294 0.00812846 0.288429 0.512081 0.0794613 0.501957 0.185296 0.765397 0.21487 0.649756 0.0510588 0.88901 0.505212 0.157612 0.800909 0.898324 0.24688 0.736269 0.0843768 0.0411098 0.947968 0.501802 0.208194 0.774828 0.389398 0.623145 0.384715 0.590968 0.668348 0.759452 0.380563 0.110641 0.76758 0.668992 0.622722 0.847042 0.170948 0.808018 0.612439 0.385818 0.457774 0.663498 0.274828 0.962986 0.82111 0.0757365 0.86131 0.0679897 0.812006 0.945687 0.1091 0.759974 0.447489 0.317294 0.534802 0.836887 0.940438 0.919516 0.427855 0.608786 0.678968 0.808418 0.719427 0.446548 0.477409 0.342149 0.29359 0.648358 0.150167 0.906028 0.0341757 0.607941 0.569526 0.309003 0.570927 0.390636 0.38474 0.432237 
10 7 6 18 20 17 5 
0.6623 0.825457 0.411037 0.0901546 0.434243 0.0900054 0.898572 0.15367 0.536554 0.375982 0.49582 0.830143 0.0243392 0.645987 0.736172 0.0585149 0.253927 0.305698 0.367518 0.824854 0.696333 0.752258 0.257091 0.154958 0.949004 0.635014 0.722683 0.905724 0.460426 0.607702 0.397245 0.122726 0.433159 0.808282 0.21288 0.867403 0.898288 0.111453 0.021073 0.434841 0.487434 0.516893 0.264984 0.511774 0.162879 0.00115609 0.570288 0.416807 0.306854 0.937807 0.241661 0.00318681 0.690065 0.498752 0.158145 0.63907 0.133766 0.880829 0.544793 0.594192 0.488531 0.942038 0.716918 0.92169 0.750321 0.929798 0.789092 0.648608 0.041251 0.810165 0.0834495 0.528685 0.327058 0.348434 0.0404589 0.489937 0.34959 0.610747 0.906744 0.656444 0.548554 0.148405 0.65963 0.23862 0.647156 0.817776 0.877689 0.780922 0.698604 0.422483 0.375114 0.187135 0.364521 0.0920315 0.108825 0.114841 0.0218298 0.897917 0.76345 0.0630807 0.708083 0.846899 0.591766 0.0351407 0.195333 0.632225 0.525078 0.544923 0.242972 0.431822 0.201367 0.791526 0.580226 0.860997 0.0301461 0.227382 0.678773 0.907835 0.00830418 0.377377 0.330318 0.383418 0.564512 0.694839 0.475449 0.673337 0.80968 0.497279 
11 7 19 4 17 9 12 
0.784351 0.839556 0.160285 0.0273231 0.271377 0.361652 0.81885 0.851603 0.222649 0.848996 0.0789858 0.901422 0.756831 0.08729 0.2788 0.0871489 0.470708 0.843312 0.781988 0.946157 0.516649 0.591668 0.443437 0.0879039 0.164798 0.00379651 0.367241 0.584827 0.155923 0.681719 0.200189 0.940273 0.521275 0.360474 0.967597 0.792652 0.722126 0.786446 0.644255 0.944775 0.635442 0.723241 0.846197 0.392273 0.810531 0.124997 0.479422 0.281239 0.968309 0.261409 0.227396 0.484959 0.853077 0.670833 0.572862 0.0178748 0.674629 0.940104 0.602701 0.830552 0.621823 0.80289 0.770825 0.143097 0.163364 0.738422 0.935749 0.885489 0.524868 0.580004 0.830264 0.16031 0.303246 0.676461 0.552582 0.113777 0.801458 0.0320042 0.395016 0.769768 0.293414 0.622412 0.254726 0.146491 0.293245 0.827589 0.164365 0.967874 0.767692 0.767067 0.798426 0.389515 0.569957 0.569251 0.532612 0.73332 0.307673 0.468361 0.618809 0.832541 0.0483655 0.449074 0.99285 0.351611 0.125535 0.545433 0.465388 0.926993 0.577437 0.860403 0.696761 0.870851 0.482815 0.951487 0.0173412 0.77606 0.779076 0.181707 0.743934 0.546768 0.948773 0.54236 0.936283 0.51873 0.111611 0.468895 0.25205 0.419284 
12 5 10 7 11 17 1 
0.80262 0.372462 0.367545 0.663023 0.0692229 0.238395 0.145838 0.02071 0.255737 0.921898 0.799786 0.437443 0.665832 0.346554 0.386217 0.208191 0.282836 0.904947 0.319802 0.751731 0.156997 0.739086 0.688986 0.0278566 0.99091 0.674607 0.34779 0.235585 0.0118397 0.793259 0.0256923 0.81446 0.165721 0.393237 0.477483 0.234943 0.631632 0.623321 0.255654 0.887369 0.545219 0.0554392 0.324812 0.211051 0.401993 0.711029 0.419242 0.684829 0.615975 0.739044 0.43656 0.772972 0.478129 0.125546 0.800829 0.469039 0.800153 0.148619 0.704624 0.811993 0.941877 0.730316 0.626453 0.107598 0.123553 0.103935 0.342541 0.755185 0.727256 0.598195 0.642554 0.272475 0.653634 0.967366 0.483526 0.055627 0.678395 0.902767 0.740456 0.29437 0.641811 0.177016 0.0673424 0.119941 0.302562 0.868171 0.58898 0.102715 0.01679 0.293604 0.914708 0.958667 0.0239198 0.541161 0.0662654 0.147473 0.645096 0.408807 0.902658 0.372353 0.00700188 0.545213 0.644828 0.660636 0.512579 0.128353 0.716263 0.190974 0.0311207 0.456719 0.485345 0.672932 0.633735 0.552687 0.792873 0.936297 0.420858 0.381852 0.0390119 0.437648 0.675456 0.95372 0.396316 0.699376 0.494881 0.462581 0.846849 0.139978 
13 10 16 14 0 8 1 
0.255289 0.998273 0.316632 0.712008 0.483618 0.989564 0.345743 0.0363048 0.782436 0.28204 0.457163 0.164289 0.321052 0.894811 0.839745 0.274772 0.291127 0.53912 0.769653 0.753708 0.385969 0.909631 0.625096 0.135476 0.421961 0.503486 0.430196 0.579119 0.0425117 0.237495 0.86463 0.297801 0.235768 0.181262 0.00980919 0.719386 0.170826 0.355552 0.755691 0.953263 0.637592 0.212854 0.117552 0.958644 0.107665 0.957296 0.233416 0.398791 0.496417 0.00306967 0.152499 0.882386 0.912701 0.777595 0.0178616 0.334662 0.281081 0.448057 0.913781 0.323592 0.685552 0.778411 0.621393 0.92132 0.959674 0.631203 0.640706 0.1305 0.986755 0.396397 0.0837632 0.624347 0.60925 0.201315 0.582992 0.716915 0.158611 0.816408 0.115706 0.655028 0.819478 0.268206 0.537414 0.732178 0.0458007 0.555275 0.0668401 0.326881 0.00333245 0.980621 0.650474 0.688885 0.759033 0.271867 0.610205 0.718706 0.90307 0.250911 0.849207 0.889825 0.647308 0.93297 0.514172 0.256558 0.134285 0.0971637 0.973473 0.292896 0.913572 0.0891794 0.947924 0.733049 0.357385 0.485338 0.465227 0.403186 0.0406126 0.532068 0.730067 0.0439451 0.512689 0.380541 0.73283 0.271721 0.652408 0.343035 0.990427 0.555478 
14 10 19 13 7 17 8 
0.0566383 0.471284 0.199785 0.97021 0.560464 0.147709 0.703259 0.917849 0.633047 0.168487 0.321034 0.673659 0.700554 0.0511013 0.717605 0.213243 0.431642 0.450434 0.484964 0.0840505 0.793469 0.475391 0.639528 0.387414 0.315025 0.084831 0.628667 0.0876296 0.0443057 0.126479 0.994519 0.100944 0.597763 0.194304 0.0711539 0.158226 0.342013 0.774413 0.0760751 0.97506 0.9429 0.397109 0.64872 0.643454 0.448211 0.366324 0.856696 0.879853 0.816758 0.34166 0.963903 0.610227 0.817051 0.603432 0.997641 0.132076 0.688263 0.626309 0.219706 0.732568 0.752787 0.214225 0.833512 0.35055 0.408529 0.904666 0.508777 0.750542 0.679079 0.584852 0.725602 0.621979 0.981961 0.374322 0.265432 0.430172 0.740646 0.122129 0.310024 0.557404 0.463788 0.273928 0.167631 0.28084 0.87736 0.165272 0.412916 0.565622 0.791581 0.632622 0.298191 0.544368 0.846847 0.131703 0.894919 0.255375 0.0363694 0.403695 0.00591733 0.715449 0.988547 0.731519 0.337428 0.970508 0.105841 0.60286 0.40068 0.846486 0.724989 0.710705 0.40389 0.188777 0.984632 0.571521 0.469617 0.861992 0.736793 0.882532 0.427614 0.528374 0.515154 0.725805 0.0727426 0.362001 0.857508 0.967661 0.617377 0.893877 
15 6 8 13 3 7 20 
0.460654 0.549614 0.731093 0.30714 0.274602 0.441797 0.711031 0.463379 0.42643 0.282552 0.932996 0.288422 0.019345 0.815528 0.716036 0.547719 0.330683 0.441841 0.620462 0.692684 0.299349 0.588123 0.310061 0.193226 0.95948 0.933355 0.802553 0.319384 0.288168 0.749306 0.649797 0.748822 0.29892 0.38089 0.0559621 0.573523 0.822687 0.766993 0.0369021 0.249117 0.0495445 0.969898 0.537539 0.0688895 0.785427 0.253575 0.616609 0.116109 0.695416 0.237071 0.808794 0.994765 0.825194 0.118854 0.187991 0.784674 0.0522087 0.990544 0.104058 0.340376 0.73985 0.753855 0.0891981 0.0387705 0.134745 0.14516 0.612293 0.957432 0.912153 0.649195 0.206549 0.961697 0.619093 0.744088 0.030587 0.40452 0.997662 0.647196 0.52063 0.693078 0.884267 0.329423 0.687843 0.709461 0.448277 0.875834 0.494135 0.500486 0.866378 0.598193 0.840862 0.606228 0.352048 0.93006 0.644999 0.486792 0.0752207 0.257292 0.444224 0.987374 0.906487 0.650773 0.949071 0.52558 0.394861 0.979658 0.930101 0.392523 0.626854 0.45073 0.0856011 0.511121 0.780153 0.773444 0.220581 0.22843 0.649278 0.714716 0.728916 0.515656 0.312908 0.569779 0.121884 0.664956 0.499839 0.766882 0.151749 0.57506 
16 5 8 9 15 17 18 
0.641606 0.491163 0.386342 0.0341294 0.118017 0.837072 0.119731 0.629138 0.617225 0.893175 0.849719 0.845656 0.542453 0.564434 0.574572 0.0581084 0.877343 0.144351 0.179992 0.542299 0.64419 0.946874 0.694047 0.21925 0.971048 0.29002 0.781683 0.90171 0.536766 0.293188 0.357951 0.178372 0.784351 0.744293 0.212502 0.902368 0.581365 0.332232 0.531506 0.19859 0.225407 0.381225 0.044246 0.76786 0.945659 0.618818 0.825968 0.823002 0.763168 0.00596019 0.3653 0.407358 0.952835 0.0593478 0.626608 0.923883 0.349368 0.408291 0.825593 0.886134 0.701479 0.183544 0.0645063 0.48583 0.927837 0.277008 0.388199 0.509202 0.609241 0.919705 0.707793 0.834648 0.300929 0.752039 0.602507 0.246588 0.370857 0.428476 0.0695897 0.134025 0.434436 0.43489 0.541384 0.38727 0.494238 0.167991 0.311154 0.843606 0.576283 0.136746 0.72974 0.277762 0.32029 0.794246 0.763592 0.248127 0.0712543 0.151791 0.75733 0.680495 0.0714955 0.465123 0.515143 0.372425 0.217161 0.11765 0.619013 0.588018 0.546126 0.688602 0.722044 0.980562 0.123493 0.263427 0.367832 0.617731 0.431419 0.678985 0.461336 0.00770111 0.815732 0.191076 0.285463 0.136022 0.985322 0.0490552 0.384149 0.0565767 
17 20 5 18 9 1 19 
0.823762 0.369865 0.263779 0.411781 0.915991 0.952381 0.133824 0.896552 0.0758739 0.397252 0.264384 0.693604 0.82867 0.94337 0.154941 0.836371 0.759101 0.346017 0.121834 0.895123 0.33134 0.170889 0.279272 0.387916 0.371736 0.42075 0.124988 0.644077 0.0273513 0.377203 0.288843 0.851114 0.747068 0.552622 0.262895 0.663058 0.505003 0.396719 0.559611 0.580877 0.793971 0.823995 0.274482 0.622641 0.767364 0.429423 0.459012 0.526465 0.77544 0.580846 0.421588 0.106779 0.751736 0.70086 0.494696 0.123471 0.12161 0.619684 0.767548 0.148962 0.996886 0.0563917 7.5486e-05 0.743954 0.609014 0.26297 0.407012 0.114017 0.659689 0.966623 0.694895 0.45366 0.790618 0.969376 0.0763003 0.557982 0.398799 0.535312 0.0844473 0.174239 0.116159 0.506036 0.281018 0.867894 0.206896 0.775713 0.991366 0.328506 0.395397 0.758914 0.477468 0.392283 0.815306 0.477543 0.136237 0.42432 0.740513 0.543249 0.538337 0.400202 0.509872 0.233231 0.853862 0.300489 0.202608 0.930162 0.858471 0.601406 0.465475 0.942919 0.775645 0.581633 0.448954 0.0566629 0.449528 0.65585 0.832376 0.440893 0.984356 0.227773 0.199807 0.461824 0.620056 0.0151126 0.939367 0.756293 0.439432 0.679881 
18 4 11 20 5 0 3 
0.413608 0.864108 0.968375 0.0150145 0.329582 0.911294 0.79066 0.911215 0.360248 0.847322 0.360743 0.016098 0.679699 0.801636 0.000454091 0.907472 0.001443 0.462278 0.527528 0.0165556 0.401646 0.283821 0.455988 0.0815264 0.583364 0.433757 0.16161 0.392778 0.644757 0.0955549 0.502682 0.0583651 0.959662 0.471057 0.0733796 0.289245 0.382351 0.864039 0.20046 0.742599 0.711362 0.561203 0.758697 0.39106 0.362839 0.759151 0.298532 0.364282 0.221429 0.82606 0.380838 0.623075 0.109881 0.836825 0.704601 0.693245 0.270582 0.866211 0.0860236 0.915339 0.961766 0.588706 0.973704 0.921428 0.0597632 0.0470839 0.210673 0.442114 0.911123 0.411133 0.184714 0.622485 0.972336 0.943411 0.0135448 0.335175 0.702562 0.312077 0.699457 0.923991 0.138137 0.0802942 0.547066 0.248018 0.91712 0.251668 0.941263 0.187702 0.117879 0.027287 0.103041 0.0796443 0.615993 0.0767452 0.00107246 0.675756 0.123829 0.211745 0.11787 0.0349521 0.622878 0.302584 0.657437 0.595214 0.245995 0.670981 0.930388 0.948557 0.983058 0.629845 0.872548 0.121195 0.710139 0.419615 0.369213 0.627259 0.671282 0.310476 0.81496 0.789161 0.337763 0.918001 0.868805 0.953756 0.994746 0.869877 0.629512 0.118575 
19 9 14 4 20 3 5 
0.481945 0.230102 0.244518 0.465004 0.859947 0.117066 0.586198 0.570086 0.536681 0.955411 0.197344 0.207963 0.265888 0.0123045 0.997124 0.603651 0.930306 0.865929 0.557408 0.925052 0.735806 0.18692 0.0436271 0.817429 0.934302 0.197154 0.521929 0.984269 0.00811841 0.821643 0.28023 0.490064 0.0517452 0.524748 0.955067 0.911692 0.641815 0.541266 0.481778 0.178495 0.496677 0.679122 0.386458 0.762565 0.691427 0.383582 0.366217 0.621732 0.249511 0.923624 0.546784 0.985317 0.110544 0.590411 0.802745 0.0448464 0.787566 0.324674 0.0291153 0.795684 0.146317 0.309345 0.285748 0.198062 0.834094 0.240815 0.109754 0.475908 0.782081 0.591532 0.654404 0.278758 0.270655 0.0408622 0.0413235 0.962081 0.424444 0.40754 0.583814 0.673955 0.331164 0.130598 0.659271 0.441709 0.721009 0.462016 0.486555 0.508575 0.786691 0.51567 0.304259 0.933008 0.825016 0.590007 0.13107 0.659109 0.830822 0.240825 0.135018 0.612903 0.832357 0.789422 0.891661 0.103012 0.830284 0.932984 0.0650931 0.254728 0.340525 0.648907 0.928683 0.671689 0.779504 0.587954 0.113398 0.500513 0.0499705 0.599953 0.00908799 0.836661 0.115623 0.313347 0.769669 0.940638 0.903353 0.900739 0.599748 0.734175 
20 7 1 4 2 19 0 
0.171723 0.142026 0.609199 0.512248 0.790933 0.537882 0.183937 0.570437 0.125836 0.297334 0.0709508 0.175807 0.897287 0.0800388 0.0124679 0.0129098 0.393385 0.782137 0.953548 0.296739 0.682876 0.553296 0.0309136 0.824441 0.288062 0.377991 0.798362 0.812249 0.61673 0.875296 0.166721 0.788453 0.017322 0.77592 0.300701 0.808255 0.313802 0.484638 0.378692 0.439638 0.781972 0.449643 0.615445 0.679259 0.529682 0.627912 0.692169 0.923068 0.410049 0.645717 0.219806 0.0929259 0.199013 0.25072 0.917367 0.487075 0.628711 0.715729 0.299325 0.245441 0.591025 0.466045 0.0338939 0.608347 0.241965 0.334595 0.416602 0.555767 0.819232 0.795294 0.995405 0.601204 0.244937 0.610849 0.280463 0.774619 0.238762 0.972632 0.697687 0.648811 0.61835 0.917493 0.741737 0.817363 0.168213 0.659104 0.304438 0.796924 0.374833 0.603763 0.0423652 0.965858 0.0698083 0.0762592 0.574204 0.311773 0.410854 0.990806 0.86754 0.230086 0.7861 0.862945 0.83129 0.0310373 0.473795 0.111754 0.805657 0.712557 0.0843863 0.503344 0.361368 0.702736 0.420837 0.103105 0.520099 0.58905 0.76221 0.824537 0.385974 0.137043 0.4283 0.42834 0.1029 0.498108 0.504599 0.677105 0.809882 0.915453 
