82 6
0 0 1 0 0 0 1 0 0 1 0 0 1 1 1 1 0 1 0 0 1 0 1 0 0 1 0 1 1 0 1 1 1 0 0 0 1 0 0 0 0 1 0 1 0 0 1 1 0 0 0 0 0 1 1 1 1 1 1 1 0 0 1 1 1 0 0 1 0 1 0 1 0 1 1 1 0 0 1 0 1 0 
0 50 3 71 55 78 
0.00387921 0.857712 0.66945 0.268203 0.428764 0.318795 0.829536 0.316611 0.208266 0.446101 0.839549 0.540264 0.94284 0.760098 0.450452 0.797784 0.470369 0.606074 0.0323505 0.572535 0.66 0.332518 0.631633 0.714749 0.757832 0.953209 0.859088 0.756353 0.703999 0.506538 0.177759 0.707878 0.36425 0.847208 0.97608 0.793014 0.166004 0.805617 0.109626 0.37427 0.251717 0.949175 0.914534 0.194557 0.709273 0.364986 0.992341 0.179642 0.97106 0.0246917 0.752177 0.63106 0.35721 0.38381 0.345809 0.115042 0.337019 0.204897 0.871395 0.0410174 0.711435 0.0491536 0.748895 0.0756848 
1 33 22 81 70 26 
0.978325 0.436636 0.78231 0.9275 0.35117 0.976867 0.636773 0.716156 0.969208 0.816415 0.687215 0.9939 0.568592 0.318275 0.35111 0.952402 0.664084 0.466152 0.289421 0.868981 0.337547 0.330439 0.580415 0.3867 0.0793337 0.6561 0.283062 0.804309 0.524799 0.345428 0.334901 0.503124 0.782064 0.117211 0.430624 0.133234 0.0940774 0.0673972 0.84939 0.0632853 0.883813 0.536605 0.0571849 0.452405 0.85488 0.408294 0.404807 0.518964 0.874446 0.694228 0.387945 0.211993 0.0246668 0.96836 0.598693 0.104001 0.624461 0.881755 0.90831 0.14926 0.227183 0.243211 0.652384 0.00924716 
2 58 39 1 40 21 
0.991871 0.517784 0.0342185 0.528476 0.574969 0.486623 0.383356 0.983264 0.89143 0.90232 0.85771 0.585659 0.290265 0.0697026 0.610326 0.258625 0.668395 0.714326 0.883086 0.550151 0.622636 0.0323459 0.777334 0.865847 0.68473 0.786581 0.226268 0.767739 0.929062 0.680768 0.918145 0.920933 0.198552 0.952363 0.449409 0.773522 0.438987 0.832765 0.756785 0.330417 0.735085 0.614495 0.916076 0.0253496 0.684198 0.526402 0.283975 0.352593 0.240728 0.167061 0.902744 0.863364 0.199407 0.680077 0.72921 0.884137 0.466658 0.955479 0.651876 0.39572 0.636247 0.570021 0.316653 0.834799 
3 17 71 66 56 31 
0.291789 0.333911 0.979601 0.207865 0.35926 0.663799 0.734266 0.643235 0.016392 0.974994 0.810296 0.919136 0.838358 0.00970289 0.599213 0.567568 0.89384 0.0658716 0.523047 0.545716 0.461592 0.159294 0.115737 0.778245 0.994093 0.638122 0.544307 0.602413 0.599493 0.143133 0.967519 0.891282 0.477044 0.94712 0.0991466 0.836304 0.610918 0.833413 0.47954 0.62731 0.808407 0.289836 0.546446 0.646765 0.299539 0.14566 0.214334 0.193379 0.211531 0.737381 0.739095 0.673123 0.896675 0.854832 0.451368 0.890768 0.492954 0.995675 0.493181 0.0924468 0.138808 0.460699 0.983729 0.615852 
4 72 49 53 9 19 
0.931696 0.646048 0.724696 0.221532 0.192494 0.371461 0.521071 0.338154 0.585795 0.71445 0.549685 0.323176 0.453545 0.222808 0.21985 0.308376 0.674176 0.110618 0.80133 0.669851 0.603798 0.893777 0.808658 0.0644977 0.877506 0.42451 0.472317 0.960381 0.876666 0.491054 0.876669 0.808362 0.137102 0.601365 0.0298945 0.329596 0.972826 0.550965 0.667749 0.55862 0.265415 0.217434 0.881796 0.71896 0.440242 0.101646 0.0273363 0.114418 0.212264 0.828666 0.784268 0.816063 0.722443 0.592927 0.88056 0.599949 0.0174369 0.352877 0.56033 0.894103 0.843931 0.436999 0.702466 0.981033 
5 2 31 55 3 60 
0.56981 0.548741 0.195812 0.451606 0.267701 0.636054 0.553252 0.295037 0.750471 0.765516 0.123704 0.53474 0.581579 0.846147 0.127666 0.462139 0.446096 0.145103 0.815016 0.00642582 0.0392064 0.658947 0.443425 0.741672 0.63998 0.481789 0.474033 0.950609 0.492978 0.757358 0.928987 0.0627884 0.306099 0.124799 0.514394 0.5738 0.760853 0.0676464 0.868837 0.511324 0.833163 0.992541 0.0460636 0.414742 0.838688 0.17373 0.876881 0.284784 0.318833 0.691897 0.291209 0.358039 0.350845 0.734634 0.0997114 0.990825 0.216423 0.573744 0.941434 0.709401 0.331102 0.870421 0.77219 0.637201 
6 64 8 55 67 24 
0.0798387 0.267397 0.187393 0.0723793 0.31346 0.602135 0.911067 0.48719 0.479016 0.19585 0.806023 0.170913 0.48706 0.164062 0.521758 0.221694 0.263774 0.512583 0.438117 0.837518 0.454017 0.147518 0.16862 0.324438 0.919708 0.805821 0.319658 0.206292 0.0168229 0.0757311 0.560523 0.0966616 0.343128 0.747916 0.169041 0.656588 0.350051 0.0801079 0.143779 0.829067 0.275958 0.949802 0.99998 0.763018 0.113864 0.521738 0.984712 0.377638 0.0343213 0.422829 0.215155 0.488339 0.570348 0.383775 0.812777 0.490056 0.189596 0.132435 0.696348 0.206419 0.208166 0.256871 0.303081 0.551294 
7 63 11 23 20 10 
0.351661 0.183905 0.828188 0.301463 0.183885 0.591206 0.415327 0.705623 0.575918 0.792964 0.739944 0.998748 0.00811962 0.228283 0.569095 0.391895 0.0410595 0.0591512 0.581491 0.173495 0.755499 0.787911 0.381661 0.0123702 0.0909915 0.932956 0.0171571 0.563113 0.140838 0.371995 0.115343 0.4925 0.5559 0.943531 0.793963 0.739784 0.534738 0.20929 0.445407 0.110656 0.00225394 0.185351 0.109404 0.0103736 0.413633 0.678499 0.402268 0.454693 0.73765 0.983759 0.628188 0.493149 0.77167 0.00984914 0.50552 0.862662 0.942805 0.522677 0.425775 0.0836434 0.894672 0.541118 0.576143 0.450571 
8 1 67 4 43 9 
0.635762 0.130043 0.581649 0.821113 0.239447 0.592023 0.234746 0.917946 0.994291 0.689439 0.655596 0.978051 0.317627 0.148746 0.749721 0.327476 0.654265 0.612382 0.270281 0.176942 0.0381573 0.353925 0.0716138 0.579276 0.930068 0.522185 0.0639251 0.300174 0.712541 0.0833123 0.879569 0.348303 0.213356 0.461219 0.169416 0.452802 0.0532415 0.404162 0.370748 0.0475327 0.0936018 0.0263445 0.0255834 0.411229 0.17509 0.775304 0.738706 0.829355 0.387686 0.00898677 0.0062974 0.425844 0.362911 0.0779112 0.00511918 0.292979 0.600096 0.0690443 0.593153 0.312637 0.152357 0.472722 0.66094 0.365712 
9 63 73 45 47 40 
0.189263 0.0347147 0.32812 0.215607 0.0602981 0.739349 0.390698 0.835602 0.478055 0.220053 0.223289 0.487041 0.22635 0.649132 0.849953 0.304261 0.654251 0.142932 0.904358 0.723296 0.736085 0.216995 0.875652 0.208807 0.877935 0.241364 0.142747 0.70829 0.0598789 0.129929 0.942808 0.249142 0.164644 0.270928 0.464749 0.224942 0.0102772 0.855447 0.0605445 0.488332 0.0754996 0.283833 0.975373 0.30185 0.932965 0.825326 0.606111 0.587217 0.968258 0.510469 0.310513 0.704342 0.727464 0.186165 0.913149 0.605398 0.427529 0.0558964 0.313689 0.487408 0.185826 0.256497 0.73655 0.35047 
10 37 63 71 48 58 
0.0260339 0.132246 0.91979 0.00140684 0.434096 0.852755 0.826733 0.0402069 0.439972 0.79499 0.550676 0.750485 0.499332 0.27814 0.93665 0.412481 0.883539 0.364179 0.468378 0.197227 0.851587 0.654204 0.453724 0.588137 0.00467345 0.981149 0.789436 0.580086 0.518851 0.846183 0.216042 0.544885 0.978428 0.135832 0.546292 0.412524 0.988587 0.373025 0.452731 0.428559 0.168015 0.00340697 0.179043 0.667347 0.281547 0.115693 0.0798284 0.165086 0.479872 0.548206 0.362313 0.331459 0.20241 0.816037 0.919596 0.207083 0.797186 0.709033 0.787169 0.316038 0.555215 0.00321092 0.860923 0.533644 
11 15 74 2 9 80 
0.398898 0.556189 0.948254 0.402305 0.735232 0.615601 0.683852 0.850925 0.695429 0.848938 0.330797 0.243635 0.211251 0.662256 0.446045 0.027288 0.581852 0.653128 0.824474 0.290885 0.440297 0.140512 0.8461 0.443508 0.00143458 0.379743 0.582551 0.408649 0.325911 0.710181 0.188889 0.724809 0.266369 0.137142 0.127114 0.00160111 0.752743 0.810967 0.852526 0.448172 0.659905 0.183323 0.691808 0.871156 0.845579 0.137853 0.898444 0.427431 0.790981 0.722918 0.718316 0.231279 0.86343 0.564416 0.674787 0.864864 0.944159 0.257338 0.273514 0.27007 0.967518 0.462402 0.994879 0.233887 
12 40 11 66 75 37 
0.0880144 0.800461 0.592865 0.271338 0.492269 0.464021 0.116917 0.630122 0.362465 0.544348 0.421103 0.0853827 0.262664 0.652382 0.948813 0.827079 0.327168 0.813677 0.771239 0.584506 0.0871908 0.0413091 0.552024 0.549593 0.0361885 0.785911 0.149138 0.158182 0.0213992 0.501426 0.0911429 0.109414 0.301887 0.684008 0.380751 0.794155 0.148029 0.497668 0.424277 0.510494 0.0420154 0.84538 0.595877 0.304679 0.497761 0.544689 0.131758 0.82493 0.358366 0.902997 0.409436 0.445557 0.944306 0.961459 0.99515 0.980495 0.74737 0.144288 0.138677 0.768769 0.645714 0.22982 0.878183 0.947601 
13 41 35 21 2 37 
0.166034 0.572351 0.798617 0.0114135 0.168228 0.103296 0.509175 0.712917 0.235054 0.334105 0.071283 0.138052 0.74354 0.51684 0.082358 0.705 0.51199 0.0628528 0.45237 0.656278 0.20153 0.221139 0.301993 0.43135 0.0993222 0.249594 0.345178 0.358256 0.991351 0.407035 0.114858 0.157385 0.979386 0.913475 0.168798 0.147614 0.0167711 0.677973 0.860531 0.251826 0.0120779 0.931814 0.389877 0.755618 0.448654 0.472235 0.460618 0.960644 0.535088 0.912987 0.616922 0.736618 0.134127 0.918915 0.167968 0.233449 0.16851 0.513146 0.591705 0.159861 0.920181 0.706563 0.317245 0.899567 
14 1 32 12 46 73 
0.907711 0.888635 0.176095 0.839525 0.278512 0.931713 0.288178 0.750747 0.392331 0.248822 0.285835 0.305318 0.865744 0.0224531 0.439445 0.78466 0.190421 0.672894 0.953169 0.703566 0.264599 0.11303 0.623747 0.971162 0.430275 0.523314 0.5912 0.916318 0.570495 0.228009 0.0803352 0.478206 0.116644 0.25643 0.317731 0.395155 0.188143 0.60591 0.145903 0.580473 0.854732 0.431738 0.885791 0.720476 0.454191 0.325236 0.505136 0.644612 0.99813 0.458305 0.348178 0.262728 0.571334 0.971925 0.23389 0.00160938 0.49524 0.82509 0.917928 0.0657346 0.0530986 0.998263 0.543941 0.169742 
15 3 76 18 45 42 
0.7108 0.0233092 0.322314 0.142538 0.909101 0.0427905 0.596729 0.234337 0.547926 0.241341 0.232466 0.00623117 0.589519 0.495194 0.577566 0.561445 0.729084 0.579175 0.0566841 0.554174 0.497103 0.122419 0.607273 0.495366 0.66636 0.777015 0.750059 0.528032 0.341913 0.192895 0.995614 0.0527128 0.216204 0.317929 0.195251 0.125305 0.360719 0.79198 0.359641 0.908645 0.0333212 0.592107 0.914877 0.62284 0.0873019 0.492442 0.184285 0.816386 0.0716172 0.240969 0.37056 0.56872 0.363388 0.977833 0.064086 0.0297476 0.754848 0.814145 0.55778 0.0967607 0.00703974 0.553394 0.149474 0.223244 
16 55 24 61 26 60 
0.70819 0.140687 0.170026 0.300297 0.0555639 0.792866 0.387599 0.548006 0.977151 0.203985 0.619623 0.21812 0.574546 0.188343 0.581508 0.552379 0.252429 0.611256 0.307227 0.0665743 0.169035 0.403988 0.0736141 0.72243 0.553461 0.296858 0.593753 0.898186 0.645406 0.825794 0.0348908 0.353596 0.966482 0.204917 0.653893 0.0220456 0.997783 0.0414913 0.570052 0.974935 0.245476 0.189675 0.193055 0.820022 0.378018 0.774563 0.372401 0.630448 0.385819 0.679628 0.697022 0.554854 0.0836158 0.770636 0.277284 0.637077 0.0674939 0.871036 0.535263 0.7129 0.696831 0.570154 0.0664956 0.663313 
17 9 10 67 25 41 
0.25541 0.747788 0.00735597 0.445085 0.940843 0.827378 0.823103 0.715406 0.199779 0.453551 0.101225 0.879407 0.150573 0.656079 0.963023 0.921209 0.933362 0.6001 0.988703 0.804399 0.135363 0.701603 0.501229 0.705517 0.768099 0.164542 0.480588 0.488487 0.8499 0.253441 0.250366 0.10531 0.00122981 0.257722 0.550395 0.942073 0.0851004 0.373498 0.657479 0.284879 0.827049 0.758704 0.164287 0.977622 0.414783 0.12731 0.898831 0.348145 0.72741 0.887534 0.152544 0.862773 0.589137 0.653773 0.56829 0.357236 0.818315 0.0488776 0.845723 0.668215 0.302319 0.0960889 0.773525 0.303549 
18 60 65 42 1 34 
0.903101 0.723791 0.524467 0.661805 0.888078 0.502089 0.0765878 0.0153874 0.40092 0.424733 0.742797 0.288454 0.577277 0.60557 0.877591 0.23105 0.173861 0.234827 0.049365 0.222738 0.0805495 0.71758 0.525057 0.176638 0.491105 0.828606 0.530449 0.815025 0.0742278 0.969361 0.512443 0.977329 0.693152 0.03691 0.639134 0.58123 0.538999 0.715722 0.596617 0.939919 0.140455 0.339414 0.228373 0.717732 0.944985 0.105964 0.948781 0.118845 0.340791 0.998146 0.341583 0.42134 0.715727 0.866641 0.597978 0.206832 0.695247 0.128428 0.0218571 0.769474 0.0977888 0.5343 0.746803 0.790941 
19 6 11 74 58 16 
0.0501277 0.242114 0.308202 0.2785 0.959846 0.253187 0.384464 0.908627 0.372032 0.725255 0.906773 0.713615 0.146595 0.6225 0.580256 0.744573 0.829332 0.275502 0.873001 0.851189 0.0449767 0.97079 0.385489 0.79178 0.761731 0.9567 0.177717 0.133901 0.0669085 0.279376 0.102688 0.117036 0.521491 0.41089 0.395536 0.481336 0.664076 0.78 0.389963 0.0361083 0.505255 0.296736 0.749724 0.65185 0.919236 0.329979 0.396423 0.748568 0.605482 0.269424 0.599757 0.650459 0.240214 0.985246 0.442238 0.00194416 0.941946 0.619956 0.135845 0.00885442 0.899332 0.238533 0.125891 0.420823 
20 13 79 77 67 10 
0.292122 0.349608 0.806683 0.588858 0.0993315 0.458532 0.508094 0.429311 0.854955 0.256662 0.0347928 0.124379 0.85642 0.685251 0.364593 0.841666 0.12749 0.366537 0.783612 0.747446 0.502382 0.792466 0.646778 0.740915 0.918357 0.0676005 0.390338 0.439784 0.969759 0.703838 0.741212 0.261881 0.053446 0.547894 0.850739 0.152778 0.00642662 0.358833 0.582088 0.861382 0.615496 0.616881 0.985761 0.471915 0.302133 0.350354 0.313581 0.429622 0.71689 0.097193 0.177068 0.219272 0.889659 0.823846 0.960187 0.808016 0.891446 0.350526 0.2478 0.861205 0.054364 0.989012 0.123086 0.10781 
21 64 34 48 32 15 
0.842676 0.404714 0.948154 0.459557 0.390475 0.42007 0.76169 0.740829 0.733651 0.191312 0.457719 0.830844 0.36838 0.676992 0.720503 0.192226 0.637179 0.528519 0.0836716 0.987705 0.776319 0.944877 0.042069 0.765331 0.0679631 0.149879 0.302237 0.0417883 0.410466 0.845569 0.374447 0.253142 0.250283 0.322601 0.7127 0.640759 0.742671 0.474389 0.381587 0.476321 0.665701 0.839307 0.307165 0.0340814 0.516298 0.0276682 0.226307 0.153478 0.556187 0.309979 0.141183 0.332507 0.254855 0.183252 0.0978374 0.322818 0.33313 0.400074 0.364607 0.743597 0.245643 0.739054 0.996739 0.495926 
22 55 78 43 68 40 
0.280647 0.84953 0.357579 0.587812 0.883611 0.873877 0.61548 0.109918 0.0273548 0.171667 0.419897 0.168537 0.504174 0.674752 0.351789 0.602011 0.99757 0.684919 0.00208517 0.362177 0.428516 0.247728 0.101231 0.425256 0.743654 0.162885 0.134694 0.880339 0.96721 0.318523 0.398611 0.247857 0.168052 0.75619 0.835669 0.0516633 0.630068 0.451149 0.161581 0.657423 0.622816 0.581478 0.82596 0.12699 0.25623 0.177749 0.729001 0.2538 0.862668 0.731086 0.615977 0.291185 0.978815 0.717208 0.71644 0.722469 0.880093 0.851134 0.602808 0.847304 0.169657 0.00141953 0.0951606 0.337709 
23 21 6 55 73 60 
0.550954 0.0451001 0.00479443 0.132432 0.87106 0.131784 0.388662 0.0488089 0.860786 0.642462 0.911477 0.591872 0.258439 0.202662 0.570687 0.975647 0.919102 0.293155 0.85574 0.770236 0.895964 0.703044 0.939893 0.897383 0.798204 0.277603 0.654993 0.729034 0.666975 0.0426706 0.111012 0.217929 0.0877708 0.115806 0.35036 0.958831 0.247591 0.739022 0.00763974 0.108377 0.381484 0.919117 0.700249 0.639923 0.121779 0.270935 0.61557 0.0408806 0.564091 0.47131 0.811117 0.460054 0.174353 0.75101 0.357437 0.972558 0.0286127 0.0124303 0.701591 0.695588 0.0551009 0.812603 0.913516 0.142872 
24 0 7 26 59 9 
0.109342 0.284377 0.384382 0.0284591 0.984626 0.024305 0.150238 0.255561 0.639875 0.191118 0.819652 0.111185 0.0022353 0.279706 0.285538 0.753246 0.637143 0.258096 0.781858 0.649573 0.959687 0.477446 0.704674 0.772291 0.390962 0.847546 0.700701 0.654839 0.949248 0.876702 0.657738 0.0585907 0.161079 0.04212 0.0870498 0.145705 0.0664251 0.237288 0.401266 0.7063 0.428406 0.220918 0.817484 0.430641 0.500624 0.103022 0.183887 0.137767 0.361118 0.965745 0.78734 0.320805 0.443191 0.492014 0.0930961 0.834153 0.33956 0.793797 0.488992 0.288809 0.670498 0.14673 0.3474 0.831577 
25 57 66 69 67 64 
0.961575 0.100143 0.599466 0.779059 0.530785 0.10009 0.882082 0.714671 0.237856 0.2432 0.680417 0.0251965 0.564005 0.123608 0.517211 0.657101 0.957761 0.856771 0.450898 0.446754 0.14558 0.121396 0.593484 0.49298 0.952974 0.782334 0.927429 0.930256 0.0376092 0.599166 0.308804 0.999184 0.69931 0.90827 0.778244 0.230094 0.00835938 0.660326 0.944765 0.246216 0.903526 0.625182 0.271412 0.467531 0.74879 0.788623 0.124632 0.706551 0.645395 0.575531 0.153304 0.790975 0.696927 0.746788 0.283955 0.649901 0.529122 0.211384 0.580156 0.566731 0.810551 0.88896 0.565915 0.50986 
26 60 0 13 19 68 
0.90801 0.309902 0.323217 0.375541 0.0586915 0.11184 0.500174 0.765242 0.757235 0.0757044 0.918546 0.54821 0.772631 0.665334 0.832165 0.422532 0.194456 0.0435487 0.00268835 0.761187 0.854099 0.891649 0.327103 0.36396 0.688879 0.671262 0.103914 0.494468 0.675747 0.788634 0.546273 0.583757 0.0985357 0.869491 0.959298 0.157227 0.981331 0.459472 0.922469 0.738566 0.535177 0.841016 0.286776 0.307808 0.50635 0.11894 0.73034 0.700806 0.162489 0.733028 0.461993 0.0165884 0.624677 0.789096 0.380548 0.313556 0.460357 0.484462 0.808024 0.136104 0.273096 0.354298 0.719861 0.371632 
27 14 38 13 25 58 
0.451328 0.943686 0.673809 0.292344 0.230462 0.981617 0.798694 0.349402 0.711957 0.4995 0.511891 0.444985 0.961493 0.528479 0.0696625 0.750588 0.909027 0.383218 0.210946 0.393489 0.191243 0.34705 0.666585 0.54554 0.0669105 0.0382171 0.769329 0.74607 0.567076 0.974449 0.884702 0.0184043 0.918134 0.55851 0.310748 0.148596 0.540127 0.109442 0.497998 0.252084 0.608942 0.0098886 0.697069 0.570435 0.538368 0.766731 0.321023 0.447395 0.14995 0.531969 0.840885 0.341193 0.879019 0.50747 0.886733 0.945929 0.545687 0.656062 0.691999 0.112763 0.630511 0.576701 0.131168 0.548645 
28 65 37 40 68 31 
0.195239 0.927422 0.1603 0.205127 0.624491 0.730735 0.743495 0.391222 0.0517584 0.19089 0.541172 0.583728 0.0317753 0.882364 0.462746 0.539246 0.769097 0.408676 0.0849329 0.425159 0.100675 0.197696 0.0556699 0.677376 0.328864 0.604315 0.812587 0.77078 0.301556 0.487925 0.322138 0.496794 0.415346 0.482438 0.701922 0.039837 0.213173 0.445417 0.431059 0.264932 0.636307 0.972231 0.848659 0.668083 0.854596 0.311406 0.207328 0.623693 0.720081 0.292261 0.0488523 0.820756 0.489957 0.104522 0.498132 0.818821 0.708837 0.310719 0.589601 0.0103929 0.798643 0.911739 0.507187 0.21399 
29 32 14 33 5 43 
0.872283 0.290833 0.657117 0.720942 0.958916 0.511712 0.0323481 0.166244 0.135405 0.752429 0.458505 0.184258 0.573186 0.948463 0.28878 0.0713177 0.767284 0.997617 0.382036 0.356885 0.00800981 0.18068 0.268625 0.515197 0.39467 0.662802 0.724306 0.648497 0.270154 0.378832 0.333382 0.142436 0.669666 0.990499 0.863379 0.628582 0.502212 0.895727 0.794826 0.637617 0.648156 0.253332 0.821875 0.221342 0.201794 0.110655 0.29266 0.969078 0.108271 0.674696 0.325964 0.116281 0.855376 0.594588 0.631478 0.250046 0.257391 0.355785 0.898542 0.527545 0.734617 0.231925 0.669981 0.404283 
30 7 46 8 72 57 
0.362253 0.0772429 0.0810226 0.184128 0.298585 0.282817 0.294782 0.591245 0.251895 0.403054 0.265941 0.577859 0.519335 0.121317 0.172447 0.150813 0.371363 0.429838 0.506598 0.269905 0.957383 0.241215 0.50183 0.627364 0.645498 0.724255 0.160724 0.678363 0.44889 0.58981 0.506054 0.811143 0.667053 0.587077 0.995271 0.965638 0.869894 0.290053 0.556883 0.121789 0.693107 0.822823 0.699648 0.212442 0.944141 0.872095 0.363255 0.315503 0.301933 0.869853 0.585409 0.259316 0.111069 0.0872393 0.88668 0.756567 0.811494 0.0474037 0.43493 0.260384 0.637214 0.940984 0.0715276 0.304267 
31 21 66 13 81 47 
0.826788 0.519743 0.0499586 0.649611 0.219391 0.2624 0.593752 0.0914859 0.625655 0.909255 0.393419 0.495509 0.494664 0.652736 0.606577 0.581903 0.539416 0.363144 0.393397 0.58682 0.798074 0.653781 0.224034 0.739058 0.725309 0.528301 0.267118 0.792107 0.798206 0.665072 0.148959 0.624993 0.184815 0.198918 0.274604 0.404206 0.461318 0.868356 0.495692 0.0869736 0.777611 0.889111 0.582482 0.272275 0.541847 0.18906 0.854179 0.0812626 0.552204 0.247576 0.668082 0.350278 0.901357 0.892116 0.0893355 0.626666 0.420416 0.356454 0.418773 0.218622 0.021526 0.567733 0.843615 0.206341 
32 68 70 64 3 52 
0.106239 0.314942 0.764186 0.99535 0.897424 0.0364616 0.537196 0.0864843 0.89064 0.618459 0.638688 0.138216 0.286541 0.988966 0.0395727 0.178657 0.0783015 0.666239 0.599073 0.434755 0.0850121 0.817694 0.456281 0.652745 0.661309 0.662622 0.419395 0.779528 0.273169 0.647364 0.766104 0.379408 0.962306 0.53029 0.374757 0.85973 0.566752 0.911954 0.946215 0.457392 0.530413 0.584903 0.595607 0.816954 0.573869 0.63518 0.99561 0.65217 0.301419 0.594683 0.0869254 0.386431 0.412378 0.543207 0.0391756 0.0736869 0.205829 0.458571 0.853215 0.478998 0.105934 0.619319 0.858406 0.0682401 
33 10 26 51 58 64 
0.874185 0.173753 0.67553 0.459088 0.76936 0.492484 0.0329563 0.40454 0.488094 0.685126 0.705959 0.0827774 0.772052 0.0923899 0.495155 0.315258 0.131565 0.568842 0.521087 0.590136 0.422057 8.52947e-05 0.69607 0.0413766 0.858491 0.764311 0.190986 0.0916547 0.692281 0.907347 0.236772 0.566466 0.0810993 0.912302 0.0255535 0.850459 0.404786 0.0585098 0.255 0.89288 0.743636 0.960959 0.975658 0.515688 0.0533484 0.470813 0.830946 0.184914 0.0396546 0.352033 0.77505 0.461712 0.352119 0.47112 0.503089 0.21061 0.235431 0.694075 0.302265 0.927712 0.601421 0.539037 0.494178 0.682521 
34 41 81 54 48 76 
0.78798 0.749005 0.321877 0.748938 0.724662 0.837565 0.802287 0.195475 0.668512 0.9872 0.23513 0.020545 0.76225 0.696842 0.372664 0.233371 0.19993 0.583274 0.468802 0.894005 0.885538 0.396514 0.495426 0.424575 0.890692 0.177947 0.875914 0.410423 0.710927 0.732039 0.988664 0.498906 0.481044 0.310542 0.247844 0.205706 0.148107 0.0501307 0.401181 0.816619 0.0373311 0.636311 0.837164 0.799581 0.333152 0.209827 0.0329521 0.533082 0.793101 0.501754 0.427087 0.678639 0.898267 0.922513 0.103214 0.788959 0.10046 0.979128 0.199382 0.811386 0.711167 0.188046 0.310293 0.192211 
35 54 17 65 66 33 
0.799098 0.463314 0.645598 0.435408 0.300477 0.44518 0.768561 0.510305 0.478132 0.301643 0.303406 0.979886 0.72873 0.982045 0.878153 0.651244 0.0852595 0.667112 0.751703 0.0643879 0.866494 0.56309 0.775555 0.0545405 0.873382 0.967766 0.553128 0.431519 0.365683 0.199824 0.0397865 0.164781 0.663137 0.685385 0.600189 0.963615 0.130565 0.36875 0.473919 0.608697 0.670393 0.777325 0.588582 0.399123 0.75937 0.466736 0.0503667 0.844629 0.133848 0.80207 0.909017 0.000341974 0.36516 0.684572 0.0548824 0.238543 0.652338 0.608011 0.670062 0.0180212 0.807834 0.709848 0.182802 0.470972 
36 45 19 0 12 33 
0.908506 0.134495 0.822133 0.685831 0.723077 0.221257 0.445201 0.189813 0.271623 0.28983 0.323661 0.0736934 0.198847 0.324003 0.438853 0.88342 0.378885 0.677396 0.535758 0.986896 0.347458 0.55378 0.79473 0.0573057 0.736581 0.265702 0.452539 0.519572 0.700288 0.978337 0.671313 0.608794 0.112832 0.493447 0.294625 0.835909 0.714703 0.739825 0.0257217 0.986326 0.0296552 0.349382 0.0600196 0.228503 0.673385 0.498873 0.111923 0.0522701 0.176269 0.647681 0.039166 0.523727 0.20146 0.833896 0.581032 0.938042 0.0995985 0.0335712 0.457614 0.799887 0.011908 0.128927 0.408681 0.12474 
37 7 0 60 49 13 
0.98637 0.323403 0.472786 0.335753 0.383423 0.701288 0.00913752 0.882296 0.813211 0.0614076 0.0585649 0.460892 0.100574 0.582291 0.662352 0.93447 0.163324 0.600394 0.0340686 0.196895 0.0580084 0.833955 0.208803 0.186936 0.242636 0.333543 0.80931 0.945941 0.294191 0.146387 0.389072 0.280561 0.46979 0.861857 0.616314 0.853213 0.563146 0.625451 0.735509 0.376356 0.686859 0.794074 0.837248 0.787433 0.376365 0.4996 0.721903 0.539689 0.0999936 0.755971 0.736584 0.158002 0.589927 0.945387 0.344938 0.832563 0.27893 0.154248 0.778504 0.573121 0.300635 0.167576 0.853682 0.770425 
38 52 7 19 9 65 
0.359147 0.968935 0.782306 0.15322 0.806183 0.569739 0.529586 0.305783 0.291641 0.0692748 0.405776 0.0476126 0.805859 0.563778 0.637539 0.751246 0.908716 0.470102 0.0301754 0.0629636 0.248606 0.603296 0.363598 0.416182 0.456978 0.134023 0.445616 0.926974 0.757661 0.0381951 0.0224214 0.116807 0.0071303 0.804728 0.270028 0.813313 0.374466 0.799614 0.119096 0.666108 0.868888 0.524872 0.71372 0.674747 0.0886501 0.35126 0.425993 0.997366 0.821362 0.456168 0.0603297 0.069968 0.0594646 0.423928 0.48615 0.516443 0.557951 0.931766 0.443417 0.315612 0.969962 0.465838 0.432419 0.977092 
39 60 49 53 40 3 
0.909501 0.31114 0.370949 0.434373 0.0248601 0.0456961 0.523023 0.37612 0.471689 0.520389 0.197481 0.927857 0.580719 0.267449 0.987322 0.00464641 0.7536 0.503765 0.562597 0.685366 0.947182 0.878209 0.655328 0.41302 0.310628 0.63242 0.683586 0.0130746 0.422825 0.328618 0.515135 0.332325 0.639758 0.886084 0.766698 0.664618 0.93178 0.289721 0.0407376 0.403469 0.81011 0.238219 0.331326 0.390828 0.505668 0.318648 0.395475 0.259268 0.822413 0.958072 0.944634 0.769595 0.836281 0.599961 0.182615 0.146909 0.232381 0.866201 0.159983 0.655206 0.194819 0.675118 0.987531 0.834577 
40 69 37 1 76 14 
0.539932 0.896451 0.85406 0.778151 0.227778 0.244888 0.283819 0.546426 0.640363 0.543087 0.368839 0.598435 0.487721 0.138434 0.434715 0.0876819 0.321049 0.581624 0.320063 0.18725 0.741607 0.975268 0.382068 0.416726 0.962799 0.216645 0.977928 0.717028 0.71584 0.47091 0.760978 0.255772 0.367362 0.615038 0.0339233 0.59514 0.859926 0.317742 0.141566 0.500289 0.860829 0.510405 0.0987235 0.34855 0.648839 0.533439 0.436232 0.969888 0.115063 0.756294 0.157138 0.85667 0.731563 0.539206 0.273396 0.694362 0.755851 0.251324 0.41139 0.471691 0.722234 0.172369 0.727463 0.089596 
41 11 14 47 72 36 
0.147621 0.939958 0.336707 0.246345 0.288507 0.985546 0.779784 0.724739 0.955434 0.894847 0.481033 0.112572 0.751517 0.212596 0.651778 0.0249132 0.906958 0.407629 0.276237 0.318349 0.87932 0.998471 0.490717 0.606783 0.0880673 0.278124 0.368169 0.772803 0.925457 0.447298 0.599105 0.073078 0.387255 0.935812 0.319423 0.675763 0.921358 0.0992069 0.400502 0.876793 0.994054 0.881535 0.989365 0.745571 0.0941315 0.641143 0.770484 0.00108978 0.048772 0.0467215 0.319438 0.928092 0.0451928 0.810156 0.534875 0.13326 0.0882794 0.903044 0.906063 0.0137359 0.350341 0.505168 0.0868139 0.737596 
42 36 61 69 41 7 
0.813861 0.239131 0.499498 0.695396 0.228495 0.245069 0.789528 0.869638 0.0155535 0.790618 0.91841 0.062275 0.110056 0.846502 0.107468 0.920211 0.381377 0.240728 0.00849089 0.28442 0.146791 0.0222268 0.634762 0.651959 0.109041 0.372358 0.0929393 0.515278 0.785717 0.455277 0.0207216 0.599578 0.694408 0.520219 0.294974 0.922903 0.765288 0.0845022 0.792542 0.780842 0.87512 0.710952 0.843117 0.985176 0.557454 0.950585 0.905387 0.938831 0.191313 0.913878 0.223251 0.338104 0.936105 0.858013 0.990063 0.0451456 0.230371 0.0830028 0.560423 0.016088 0.53828 0.581145 0.615666 0.232688 
43 74 4 39 0 35 
0.948133 0.647495 0.870263 0.659085 0.490611 0.855438 0.216539 0.441196 0.760825 0.15537 0.632509 0.674703 0.378621 0.970613 0.610808 0.236633 0.960677 0.655954 0.467004 0.0436795 0.216377 0.483092 0.58196 0.797522 0.0987585 0.814648 0.898886 0.00939915 0.97024 0.765539 0.00454202 0.918373 0.413034 0.874805 0.577458 0.903645 0.730243 0.793997 0.344841 0.491068 0.949367 0.97735 0.165772 0.327988 0.947963 0.77658 0.564621 0.90864 0.432534 0.0316254 0.95232 0.648912 0.514718 0.534279 0.446434 0.613476 0.348927 0.34532 0.622875 0.319167 0.110859 0.627417 0.237541 0.523893 
44 66 32 75 80 41 
0.772379 0.723533 0.558363 0.749729 0.889305 0.886351 0.697693 0.665885 0.450972 0.606333 0.0984195 0.482597 0.558653 0.747331 0.997315 0.092932 0.193765 0.610791 0.441859 0.539085 0.233666 0.761027 0.649944 0.861084 0.998567 0.173837 0.363306 0.813566 0.601374 0.59577 0.422562 0.373753 0.319304 0.980926 0.123483 0.208609 0.867277 0.821175 0.874494 0.318249 0.427508 0.972914 0.800846 0.986161 0.720245 0.798161 0.079093 0.914009 0.408952 0.520952 0.453094 0.642619 0.281979 0.103038 0.503702 0.280546 0.276875 0.867008 0.0941125 0.87825 0.462778 0.516675 0.252003 0.782082 
45 44 31 18 65 63 
0.865185 0.683126 0.624169 0.838098 0.483972 0.61033 0.558343 0.282133 0.689423 0.472352 0.691085 0.210376 0.925447 0.333704 0.492355 0.0284852 0.837406 0.772901 0.30536 0.704414 0.867014 0.18361 0.167193 0.383689 0.435613 0.949275 0.881289 0.811099 0.939965 0.246167 0.0077596 0.80515 0.929293 0.631929 0.643248 0.413265 0.24226 0.201591 0.695398 0.931683 0.673944 0.386483 0.142059 0.599391 0.720187 0.634414 0.627876 0.557594 0.407315 0.933236 0.262008 0.274329 0.116846 0.429201 0.658018 0.552459 0.378476 0.539307 0.363558 0.318441 0.785474 0.371317 0.123591 0.714766 
46 13 0 55 58 17 
0.823429 0.177189 0.642375 0.209912 0.319247 0.241766 0.930099 0.953661 0.869642 0.487693 0.360976 0.802878 0.749701 0.635305 0.919724 0.178902 0.293323 0.472183 0.557378 0.83263 0.835741 0.875819 0.618103 0.207058 0.99941 0.33287 0.210304 0.76625 0.4609 0.45581 0.734682 0.284329 0.632998 0.377057 0.494241 0.952246 0.618822 0.42434 0.905907 0.488464 0.912033 0.266883 0.291342 0.661734 0.902188 0.211066 0.840636 0.19551 0.683249 0.398014 0.0281401 0.518989 0.273833 0.646243 0.726047 0.273243 0.979113 0.936351 0.0394934 0.440013 0.392161 0.774175 0.724343 0.0251592 
47 71 1 51 76 52 
0.883312 0.258518 0.554956 0.150195 0.54986 0.21669 0.052383 0.760926 0.0573256 0.247894 0.444174 0.455339 0.276034 0.963164 0.729172 0.922277 0.689211 0.0024151 0.90139 0.625562 0.0419085 0.341404 0.0177226 0.816084 0.0657461 0.0428817 0.967315 0.284329 0.0202868 0.737369 0.927253 0.903599 0.995888 0.482209 0.0537939 0.545748 0.698898 0.106177 0.306673 0.756224 0.35407 0.750848 0.211563 0.630104 0.714012 0.940735 0.552381 0.403222 0.94315 0.453771 0.0287842 0.985059 0.795175 0.0465068 0.801142 0.860921 0.0893885 0.768458 0.14525 0.109675 0.505827 0.0725027 0.0132741 0.501715 
48 6 76 61 74 12 
0.0098335 0.527315 0.104983 0.221397 0.157419 0.818995 0.162132 0.709801 0.222217 0.105282 0.163572 0.251001 0.0903407 0.958746 0.297508 0.891483 0.819667 0.386897 0.659941 0.964917 0.496572 0.165768 0.0374197 0.509846 0.667482 0.592131 0.576914 0.714944 0.845741 0.750159 0.0690797 0.855574 0.277474 0.174063 0.0769708 0.434894 0.993057 0.239103 0.144694 0.215274 0.344385 0.308266 0.466275 0.434725 0.267012 0.763783 0.326208 0.0866791 0.15068 0.986149 0.0515961 0.647252 0.151917 0.0890159 0.157098 0.819399 0.681147 0.734012 0.534343 0.526888 0.484171 0.603423 0.382462 0.761645 
49 12 31 73 61 21 
0.341233 0.985817 0.0429196 0.649499 0.452093 0.477645 0.916512 0.215876 0.803853 0.00319073 0.366556 0.790002 0.0547869 0.0138081 0.941919 0.143803 0.170906 0.761318 0.82495 0.904918 0.295661 0.351837 0.389089 0.899084 0.734299 0.150734 0.67657 0.193731 0.347273 0.447113 0.892266 0.688506 0.43293 0.935186 0.338006 0.885023 0.412831 0.254517 0.1009 0.216684 0.257708 0.467456 0.00668597 0.312495 0.481264 0.948605 0.456298 0.65217 0.709922 0.281247 0.557087 0.00558313 0.633084 0.946176 0.904667 0.367383 0.0969096 0.581237 0.561115 0.444182 0.0283499 0.453381 0.132689 0.46128 
50 11 27 68 37 29 
0.447203 0.0180822 0.982919 0.914659 0.0247682 0.295414 0.395923 0.973373 0.751712 0.0480923 0.683295 0.0329588 0.60518 0.688878 0.666043 0.551356 0.593545 0.0334266 0.648265 0.174782 0.594541 0.0924477 0.203132 0.0479228 0.225136 0.664412 0.43649 0.695831 0.0107157 0.237888 0.421042 0.457919 0.255971 0.403961 0.372577 0.280739 0.699375 0.7685 0.254112 0.451087 0.816592 0.937407 0.484046 0.421772 0.626285 0.150089 0.973128 0.21983 0.183516 0.621393 0.394612 0.778057 0.713841 0.597744 0.82598 0.938977 0.262156 0.26247 0.634807 0.272872 0.500358 0.0558493 0.730791 0.756329 
51 4 6 56 39 40 
0.291179 0.610273 0.688461 0.228586 0.0943185 0.110233 0.854871 0.244407 0.0833603 0.0747006 0.427923 0.704753 0.469313 0.20598 0.418594 0.0670568 0.0319601 0.357571 0.329213 0.29443 0.992378 0.602085 0.794789 0.0482272 0.332876 0.551118 0.508038 0.436244 0.588186 0.667223 0.308112 0.879365 0.277496 0.996573 0.107951 0.371815 0.106805 0.962821 0.616222 0.190166 0.037522 0.0441451 0.894919 0.506835 0.250125 0.313512 0.573891 0.282086 0.671083 0.903105 0.576516 0.663461 0.50519 0.371304 0.711688 0.838065 0.922422 0.219726 0.274309 0.510608 0.886949 0.582422 0.389972 0.164445 
52 59 37 45 29 74 
0.152482 0.875966 0.498267 0.196627 0.770884 0.00510138 0.446752 0.0843969 0.578993 0.728838 0.75548 0.482097 0.305354 0.418941 0.987287 0.676658 0.130629 0.825352 0.59908 0.350355 0.0996618 0.109687 0.237304 0.682084 0.49966 0.401749 0.261078 0.997583 0.938009 0.946878 0.458328 0.0904906 0.822844 0.956594 0.287118 0.593728 0.961696 0.73387 0.678125 0.540689 0.462708 0.433605 0.022786 0.768061 0.852546 0.0100729 0.444719 0.983175 0.835425 0.043799 0.333529 0.935087 0.153486 0.570833 0.617171 0.653146 0.972582 0.878249 0.650729 0.910591 0.825127 0.109057 0.00108139 0.64797 
53 39 1 74 24 60 
0.919823 0.568036 0.484777 0.353428 0.590822 0.252838 0.205974 0.600895 0.697557 0.189148 0.43632 0.741356 0.522678 0.371407 0.894842 0.0935108 0.988578 0.547989 0.0660928 0.866827 0.198718 0.976684 0.691953 0.307775 0.977765 0.339924 0.373427 0.265964 0.581622 0.400774 0.288033 0.501445 0.96881 0.772809 0.854873 0.559632 0.0256471 0.0608467 0.160527 0.723204 0.249995 0.596847 0.46456 0.772673 0.968255 0.359403 0.866184 0.956833 0.907391 0.932276 0.823659 0.106109 0.90896 0.515613 0.413885 0.886725 0.855536 0.787312 0.152689 0.437158 0.188086 0.440722 0.938603 0.156896 
54 45 55 56 68 78 
0.877055 0.962382 0.104318 0.473903 0.426942 0.87699 0.442157 0.786345 0.743174 0.39899 0.693736 0.67545 0.222649 0.799846 0.584411 0.738262 0.21373 0.471136 0.593798 0.00104205 0.623825 0.0309557 0.189128 0.0645467 0.969559 0.346024 0.278078 0.763034 0.0625522 0.517256 0.617357 0.939608 0.479638 0.721675 0.41351 0.906581 0.598665 0.855668 0.692926 0.341839 0.254658 0.386662 0.0172894 0.477307 0.186508 0.6017 0.215569 0.400238 0.0728356 0.809367 0.40128 0.69666 0.840322 0.590408 0.761207 0.809881 0.936432 0.039285 0.572915 0.998984 0.556541 0.190272 0.938592 0.0361796 
55 16 40 7 31 2 
0.635686 0.852451 0.462428 0.0223484 0.86974 0.939735 0.208856 0.47144 0.155304 0.609095 0.544276 0.96467 0.0103751 0.240936 0.804993 0.600783 0.00214324 0.614873 0.537216 0.0414282 0.187789 0.5362 0.597969 0.378061 0.474792 0.634149 0.290008 0.826895 0.576909 0.80062 0.0346649 0.212596 0.653071 0.497093 0.234944 0.522811 0.436828 0.4438 0.994251 0.592132 0.0528952 0.538526 0.556802 0.0632703 0.779463 0.361795 0.664054 0.781606 0.976669 0.201269 0.823034 0.164457 0.737469 0.421003 0.542518 0.212261 0.0551524 0.832526 0.0391558 0.632062 0.633146 0.0738208 0.844658 0.286217 
56 2 54 62 20 5 
0.803278 0.599874 0.576297 0.341805 0.156677 0.639568 0.121267 0.518472 0.303621 0.902873 0.495141 0.504891 0.725907 0.659598 0.24236 0.146911 0.202116 0.454621 0.202063 0.0346428 0.493777 0.834125 0.667789 0.567598 0.678782 0.954006 0.138512 0.758384 0.763033 0.146254 0.281786 0.566311 0.746128 0.858084 0.908116 0.902805 0.497652 0.0293827 0.421277 0.801273 0.932256 0.916417 0.306164 0.658163 0.576015 0.548524 0.805073 0.778132 0.00314502 0.0071363 0.812775 0.496922 0.841261 0.480563 0.06452 0.520043 0.434569 0.203032 0.278428 0.197602 0.349286 0.560214 0.763913 0.0954139 
57 66 7 17 71 21 
0.717222 0.633667 0.335913 0.0233862 0.29183 0.911929 0.57191 0.0969031 0.69006 0.575055 0.104039 0.502835 0.0719771 0.9453 0.983398 0.136497 0.465344 0.417967 0.339529 0.743772 0.615569 0.688815 0.303985 0.379482 0.784229 0.722283 0.0515107 0.782447 0.638233 0.752922 0.201943 0.355455 0.386589 0.537857 0.378841 0.678419 0.449785 0.950751 0.775322 0.139845 0.525806 0.879361 0.64268 0.597783 0.824662 0.626079 0.73428 0.290005 0.0440459 0.0738092 0.033777 0.659615 0.762624 0.337763 0.0390974 0.546852 0.0600458 0.0906081 0.3293 0.698278 0.84353 0.531243 0.0537336 0.230119 
58 70 19 42 60 27 
0.683859 0.65873 0.909132 0.56322 0.30141 0.506915 0.387882 0.927489 0.241196 0.677887 0.971535 0.315005 0.711664 0.63115 0.0776289 0.0494266 0.670247 0.624481 0.109472 0.760855 0.953781 0.807751 0.604385 0.485024 0.861484 0.834504 0.554124 0.294059 0.743041 0.0730086 0.677385 0.4269 0.731739 0.586517 0.99012 0.0331492 0.093433 0.378002 0.960638 0.334629 0.0558888 0.932173 0.649634 0.767553 0.563323 0.727263 0.816979 0.23357 0.351744 0.926452 0.994426 0.305525 0.734203 0.598811 0.790549 0.595687 0.433315 0.344673 0.889746 0.176356 0.417682 0.567132 0.603257 0.14942 
59 4 5 21 40 55 
0.143208 0.581711 0.0272673 0.0753809 0.231345 0.79482 0.638704 0.958608 0.6118 0.872274 0.310352 0.538251 0.8667 0.615877 0.272454 0.465511 0.406426 0.868141 0.898826 0.751099 0.757887 0.0751822 0.168781 0.325019 0.678439 0.318201 0.478668 0.271816 0.500771 0.72575 0.243194 0.643979 0.307461 0.270461 0.71936 0.538805 0.0652816 0.358064 0.497413 0.677081 0.230338 0.807764 0.215333 0.0970377 0.423641 0.487787 0.562549 0.830067 0.355928 0.461374 0.581166 0.113815 0.536557 0.749947 0.438834 0.214995 0.0681487 0.917501 0.486811 0.56892 0.643251 0.730005 0.212899 0.950712 
60 40 54 72 63 6 
0.98693 0.742829 0.52066 0.794695 0.958162 0.617698 0.218336 0.445949 0.180246 0.0484031 0.801876 0.641621 0.62957 0.915691 0.178177 0.379517 0.354525 0.393173 0.447666 0.272026 0.879984 0.0165855 0.915277 0.609989 0.229484 0.865989 0.610456 0.161743 0.355506 0.676204 0.452065 0.342437 0.419033 0.972725 0.137131 0.377195 0.590423 0.355467 0.823144 0.770669 0.40387 0.62502 0.41229 0.0334396 0.540711 0.590467 0.412957 0.895235 0.98364 0.860622 0.167261 0.863624 0.877208 0.0825387 0.473613 0.106692 0.948528 0.0840685 0.268435 0.304034 0.760272 0.7205 0.646471 0.179306 
61 76 64 60 40 34 
0.379645 0.0543177 0.542939 0.00466524 0.466608 0.576378 0.545376 0.0570753 0.989335 0.440611 0.0407154 0.849957 0.607873 0.904339 0.727165 0.690412 0.377952 0.833857 0.638939 0.462021 0.102291 0.942974 0.222293 0.822791 0.589445 0.401599 0.516016 0.373047 0.9581 0.799665 0.512115 0.337746 0.853982 0.0550541 0.342411 0.32059 0.631432 0.887787 0.377666 0.620767 0.328398 0.418381 0.470724 0.936271 0.32272 0.197889 0.626683 0.700673 0.0317456 0.265622 0.162693 0.134037 0.208596 0.384987 0.956828 0.79804 0.786586 0.472844 0.171087 0.744686 0.272509 0.683202 0.0824314 0.126492 
62 70 52 45 56 38 
0.824747 0.990456 0.641027 0.243128 0.46118 0.577299 0.565849 0.65907 0.203981 0.266521 0.690815 0.469603 0.429214 0.824852 0.678199 0.814201 0.78168 0.47624 0.600787 0.254525 0.647327 0.345472 0.527034 0.330529 0.427904 0.653525 0.0687853 0.852746 0.100607 0.438474 0.165375 0.925354 0.42893 0.806403 0.168483 0.890111 0.383701 0.734331 0.54918 0.587683 0.000852461 0.239995 0.0572862 0.430067 0.0648475 0.735485 0.244268 0.846528 0.211725 0.845054 0.101052 0.859052 0.190527 0.628086 0.189581 0.618431 0.281612 0.258366 0.471177 0.382219 0.69684 0.636552 0.307573 0.12577 
63 10 76 25 42 17 
0.565061 0.414339 0.21124 0.805057 0.471625 0.641307 0.869904 0.20711 0.885575 0.716432 0.418836 0.730629 0.817484 0.277887 0.921156 0.445571 0.467468 0.539587 0.727182 0.725834 0.0107634 0.109401 0.422674 0.647315 0.416974 0.548445 0.0902699 0.89303 0.564326 0.916926 0.103418 0.129388 0.331264 0.314658 0.934444 0.802889 0.955964 0.804349 0.00999949 0.841539 0.520781 0.428835 0.572168 0.338265 0.706722 0.493324 0.783835 0.174191 0.032911 0.511017 0.900025 0.0436744 0.620418 0.322699 0.69099 0.0373928 0.871144 0.78126 0.930423 0.43547 0.698185 0.0338409 0.564858 0.0294497 
64 10 57 46 61 3 
0.842338 0.146002 0.824431 0.271173 0.71817 0.162696 0.977896 0.211494 0.946531 0.152086 0.244405 0.457549 0.0521111 0.28808 0.0779674 0.37481 0.97907 0.11536 0.245955 0.760329 0.0457833 0.681425 0.458514 0.0796242 0.246283 0.487964 0.428123 0.745585 0.320303 0.732586 0.0492361 0.162641 0.878587 0.873667 0.433815 0.596758 0.0363636 0.411711 0.808252 0.982895 0.563797 0.0526576 0.440444 0.615908 0.340737 0.518411 0.990718 0.319807 0.633772 0.236673 0.0801361 0.679555 0.918098 0.538651 0.759179 0.164381 0.0266147 0.187302 0.909966 0.346918 0.919887 0.959203 0.509559 0.798475 
65 39 36 46 38 17 
0.203484 0.852129 0.918881 0.256142 0.292573 0.534789 0.596879 0.810984 0.525508 0.916686 0.444756 0.762181 0.996822 0.12431 0.680279 0.535473 0.883489 0.84466 0.562088 0.0707911 0.754626 0.909005 0.990678 0.713829 0.418564 0.789153 0.546699 0.361938 0.184385 0.415933 0.717023 0.38787 0.268062 0.635904 0.644012 0.560634 0.170694 0.240891 0.371619 0.696201 0.157577 0.816374 0.458382 0.1544 0.940685 0.138661 0.689873 0.824174 0.983321 0.25196 0.894965 0.737948 0.160966 0.885643 0.451777 0.57953 0.674796 0.998476 0.941469 0.859182 0.414409 0.658492 0.247051 0.68247 
66 73 16 69 3 24 
0.614723 0.161291 0.289532 0.431098 0.619673 0.443932 0.371782 0.758334 0.133804 0.195957 0.741655 0.385765 0.0909218 0.479602 0.546731 0.976565 0.931379 0.126261 0.651362 0.929855 0.0677294 0.510543 0.344263 0.726221 0.757595 0.0267334 0.0206168 0.648658 0.269838 0.485706 0.780612 0.884561 0.646997 0.0701435 0.315659 0.26667 0.514075 0.687441 0.0250036 0.64788 0.883398 0.766658 0.0336444 0.97432 0.246261 0.580375 0.950885 0.17764 0.706636 0.602247 0.107494 0.774365 0.11279 0.451757 0.500586 0.870384 0.478491 0.521203 0.519042 0.748329 0.00690909 0.299654 0.63289 0.653906 
67 65 3 42 55 56 
0.945579 0.531752 0.519389 0.712238 0.565396 0.493708 0.958498 0.145771 0.444593 0.136138 0.852407 0.0468396 0.243632 0.626772 0.159629 0.69539 0.127358 0.0300137 0.17388 0.648561 0.549055 0.922209 0.65547 0.848709 0.555099 0.309376 0.218506 0.503649 0.229952 0.102378 0.139639 0.175531 0.63413 0.659028 0.887769 0.199526 0.152736 0.846267 0.345297 0.597329 0.982405 0.197704 0.644169 0.226038 0.824476 0.803798 0.921427 0.951833 0.833812 0.0953074 0.600394 0.382867 0.0175165 0.255864 0.231576 0.572616 0.56524 0.450083 0.0762645 0.795192 0.552461 0.215904 0.970723 0.186591 
68 14 23 28 75 61 
0.731414 0.624996 0.687165 0.929117 0.269165 0.913203 0.753593 0.0729632 0.83463 0.705426 0.906775 0.929937 0.305821 0.289642 0.947454 0.561685 0.521219 0.52007 0.126925 0.971301 0.596334 0.922117 0.523762 0.812238 0.89284 0.710353 0.687169 0.751333 0.0964694 0.714836 0.456092 0.827883 0.339833 0.143258 0.757 0.608998 0.0564603 0.510593 0.681961 0.89109 0.216019 0.588736 0.821027 0.52184 0.878378 0.768481 0.0835247 0.399597 0.28855 0.21045 0.370898 0.884884 0.132567 0.89466 0.697122 0.0254074 0.605013 0.384291 0.77674 0.701482 0.0991277 0.232833 0.529365 0.438961 
69 41 33 71 59 23 
0.72992 0.323641 0.0129779 0.318656 0.144668 0.534818 0.197035 0.913149 0.618343 0.596632 0.201699 0.828792 0.96753 0.0865833 0.961359 0.86219 0.783705 0.986767 0.467203 0.167997 0.763507 0.168685 0.267124 0.99634 0.69805 0.706085 0.37243 0.984416 0.754043 0.80498 0.781374 0.483963 0.128621 0.794352 0.80262 0.273289 0.32917 0.999654 0.186437 0.947513 0.596286 0.388136 0.776305 0.563816 0.474719 0.737664 0.426006 0.258425 0.724431 0.893209 0.426421 0.487938 0.0618935 0.693546 0.484278 0.759944 0.39963 0.856708 0.744359 0.153674 0.661688 0.525733 0.637637 0.790309 
70 78 1 80 81 20 
0.250035 0.596768 0.0361975 0.638171 0.373073 0.600014 0.11289 0.110737 0.0260196 0.371315 0.835168 0.919228 0.797737 0.323107 0.981122 0.491282 0.807385 0.741065 0.890913 0.664092 0.485425 0.0445868 0.325781 0.0111578 0.682224 0.116089 0.331243 0.122481 0.179687 0.980499 0.562393 0.429722 0.577267 0.59859 0.0678928 0.950339 0.198604 0.180783 0.0610766 0.224623 0.552099 0.896245 0.143851 0.349835 0.219352 0.124973 0.841118 0.0267365 0.866039 0.732031 0.690829 0.351463 0.776617 0.0166094 0.362621 0.458842 0.132699 0.693864 0.581323 0.312386 0.674363 0.143715 0.742108 0.251629 
71 25 72 46 51 32 
0.263045 0.165532 0.542883 0.15929 0.309384 0.892718 0.378642 0.434357 0.733836 0.405379 0.300396 0.465866 0.0962076 0.651859 0.242484 0.112817 0.0144797 0.701325 0.245516 0.708344 0.282648 0.557902 0.382707 0.426363 0.30001 0.634336 0.168669 0.11001 0.836305 0.109578 0.100794 0.0993502 0.27511 0.643677 0.258641 0.584494 0.536395 0.637283 0.0188506 0.27023 0.0426616 0.319246 0.736097 0.138869 0.971105 0.97858 0.251686 0.985585 0.679905 0.497202 0.693929 0.962553 0.055104 0.0766353 0.388916 0.355114 0.710971 0.557585 0.465124 0.547276 0.667163 0.565919 0.646626 0.942272 
72 24 57 43 49 3 
0.0162207 0.585211 0.864863 0.752317 0.724081 0.835968 0.730897 0.975767 0.821552 0.410803 0.472969 0.515481 0.373356 0.528073 0.592116 0.762272 0.883187 0.303088 0.319857 0.348311 0.850364 0.98702 0.914229 0.49699 0.929292 0.123825 0.402257 0.456058 0.869815 0.944807 0.00167497 0.886036 0.530019 0.866538 0.638353 0.254099 0.702506 0.369251 0.229866 0.524058 0.780053 0.702835 0.0395393 0.153409 0.230908 0.631656 0.915681 0.114095 0.934743 0.235538 0.462405 0.785107 0.222558 0.376635 0.282097 0.15185 0.50046 0.684355 0.607908 0.370275 0.629162 0.609583 0.256311 0.15918 
73 12 11 35 68 18 
0.643146 0.702685 0.043968 0.345981 0.742225 0.197377 0.576888 0.37388 0.113058 0.690983 0.308623 0.348597 0.153388 0.0937306 0.571155 0.530023 0.375828 0.723005 0.0304833 0.0601829 0.330913 0.400758 0.689345 0.940497 0.657069 0.848525 0.416618 0.551734 0.261805 0.595245 0.815648 0.904951 0.29793 0.859616 0.250931 0.040155 0.0569933 0.82782 0.414035 0.170052 0.518802 0.722659 0.518648 0.672191 0.816389 0.0898032 0.202214 0.192217 0.812808 0.232698 0.2524 0.143721 0.633456 0.941745 0.0842182 0.290525 0.79027 0.500836 0.842259 0.0520755 0.0960813 0.657907 0.957026 0.394012 
74 18 13 1 67 65 
0.848202 0.744569 0.554579 0.57086 0.263217 0.22677 0.38725 0.35302 0.428984 0.579467 0.165828 0.661682 0.831867 0.30955 0.295138 0.773612 0.393768 0.585663 0.563883 0.894604 0.427922 0.615958 0.990685 0.0858298 0.572984 0.384697 0.603353 0.780942 0.818864 0.17787 0.816718 0.667065 0.922439 0.371298 0.237926 0.185656 0.598068 0.625175 0.538676 0.027052 0.204642 0.704505 0.688734 0.0365095 0.0140545 0.983872 0.810122 0.407822 0.569535 0.374005 0.302427 0.997458 0.989963 0.293112 0.0832877 0.562947 0.677809 0.686641 0.343889 0.496673 0.864512 0.160607 0.163738 0.786951 
75 80 39 15 22 0 
0.157024 0.231482 0.215788 0.845758 0.267991 0.229843 0.82963 0.078113 0.637665 0.399166 0.452118 0.940092 0.396623 0.442081 0.233204 0.479911 0.00502786 0.911013 0.166552 0.348917 0.407685 0.0310638 0.509524 0.571424 0.818014 0.0414284 0.973088 0.790621 0.171401 0.999927 0.301905 0.328425 0.231409 0.517693 0.174183 0.4994 0.747535 0.00381334 0.577513 0.385201 0.402979 0.0296305 0.325292 0.799602 0.471711 0.558496 0.279513 0.476739 0.469509 0.446066 0.825656 0.877194 0.477129 0.335179 0.448618 0.295144 0.376608 0.421705 0.0857651 0.548008 0.421632 0.38767 0.876433 0.653041 
76 79 55 62 39 52 
0.729953 0.0380987 0.457409 0.759584 0.363391 0.257011 0.231295 0.921887 0.536524 0.708034 0.391396 0.98259 0.533689 0.26859 0.459719 0.868869 0.717207 0.754863 0.245476 0.138912 0.840628 0.793485 0.560545 0.228298 0.669918 0.213585 0.13366 0.720535 0.366026 0.786559 0.774964 0.0959787 0.824657 0.232373 0.855562 0.188048 0.489384 0.0868571 0.109935 0.0259085 0.794891 0.501331 0.0084983 0.32858 0.76992 0.468217 0.197449 0.487128 0.22308 0.442925 0.62604 0.0637081 0.23641 0.186585 0.292006 0.906328 0.40017 0.425666 0.626862 0.766195 0.212225 0.401827 0.862174 0.036882 
77 0 7 53 60 49 
0.334865 0.149492 0.599484 0.836196 0.157991 0.928064 0.606116 0.626208 0.125513 0.0932437 0.849288 0.568437 0.719284 0.912997 0.804847 0.905868 0.205002 0.711175 0.306038 0.630669 0.338037 0.0722331 0.842894 0.739864 0.934407 0.879776 0.374064 0.652143 0.104706 0.497648 0.456737 0.439571 0.64714 0.0562208 0.275767 0.805131 0.984285 0.881883 0.431339 0.109797 0.975127 0.280628 0.678235 0.69441 0.193624 0.483082 0.600279 0.398627 0.194257 0.906317 0.0292954 0.532294 0.97855 0.872189 0.272158 0.912957 0.751964 0.646222 0.5651 0.85667 0.14387 0.0218369 0.296241 0.791011 
78 48 4 15 23 26 
0.0274814 0.17214 0.429018 0.308109 0.850374 0.123428 0.501733 0.333456 0.723707 0.90036 0.527713 0.630023 0.929656 0.0600068 0.608573 0.801845 0.332165 0.52153 0.553809 0.978387 0.0866301 0.410479 0.122258 0.108467 0.70672 0.913268 0.186525 0.278728 0.50941 0.248867 0.732619 0.536892 0.421007 0.161636 0.845001 0.271381 0.285064 0.346734 0.604837 0.00877114 0.247095 0.13255 0.638795 0.17675 0.192556 0.247368 0.978595 0.524721 0.768898 0.532404 0.503109 0.855528 0.942883 0.625366 0.963995 0.649603 0.538635 0.150519 0.928331 0.048045 0.399386 0.66095 0.584937 0.820393 
79 72 67 20 47 22 
0.696611 0.116422 0.023767 0.82916 0.755216 0.200517 0.0217168 0.00258417 0.179112 0.546438 0.771482 0.711516 0.049547 0.62701 0.654399 0.674913 0.591004 0.304002 0.213548 0.741524 0.232334 0.261593 0.14091 0.893284 0.84653 0.961303 0.71587 0.276468 0.0530771 0.823521 0.0531398 0.749688 0.939943 0.0769068 0.578848 0.695159 0.277424 0.600565 0.697744 0.456536 0.147003 0.469225 0.168052 0.19655 0.0962349 0.822451 0.871464 0.687239 0.126454 0.0850115 0.428763 0.358787 0.346604 0.569673 0.252071 0.193134 0.530977 0.967941 0.469602 0.584054 0.791462 0.522742 0.333742 0.731405 
80 62 32 73 33 11 
0.124308 0.333609 0.660158 0.593533 0.501661 0.856709 0.689768 0.324112 0.728172 0.377007 0.450566 0.813184 0.80577 0.809353 0.159788 0.375443 0.0614243 0.352923 0.90642 0.0293653 0.822524 0.490474 0.820827 0.345266 0.824215 0.552232 0.944914 0.736805 0.978796 0.821987 0.24996 0.103103 0.155595 0.910118 0.696636 0.657256 0.766827 0.386404 0.981368 0.495 0.763411 0.431934 0.308183 0.569181 0.241288 0.467972 0.944625 0.302712 0.820894 0.851045 0.332077 0.643419 0.341518 0.152904 0.988685 0.165733 0.705136 0.933599 0.902539 0.683932 0.755585 0.152499 0.787036 0.91118 
81 7 65 20 48 73 
0.549804 0.324444 0.633487 0.981739 0.632627 0.202669 0.223026 0.100599 0.147293 0.525738 0.921493 0.998338 0.857815 0.564912 0.339856 0.0107197 0.553597 0.50559 0.715856 0.487195 0.408128 0.399788 0.24278 0.560627 0.186824 0.153961 0.623244 0.670496 0.722397 0.452688 0.540572 0.272201 0.777132 0.17406 0.25394 0.409759 0.376728 0.476966 0.510358 0.524022 0.00270419 0.431851 0.522359 0.86052 0.996763 0.862216 0.871239 0.55036 0.367805 0.587095 0.0375553 0.775933 0.986884 0.280336 0.33656 0.173708 0.434297 0.959804 0.844204 0.156693 0.412492 0.384776 0.428895 0.189624 
