59 2
1 1 1 1 0 0 1 1 1 0 1 0 0 0 1 0 1 0 0 0 0 0 1 0 0 1 0 1 1 1 0 1 1 0 1 0 0 1 0 0 0 1 1 0 0 1 1 1 0 0 0 1 1 0 1 0 0 0 0 
0 26 
0.0791401 0.574859 0.175562 0.487323 
1 32 
0.142831 0.906796 0.958455 0.598494 
2 1 
0.417372 0.111729 0.492917 0.0850757 
3 28 
0.0404551 0.0302161 0.017703 0.205037 
4 25 
0.582581 0.723369 0.185727 0.102469 
5 2 
0.67193 0.851855 0.486837 0.792737 
6 44 
0.467395 0.871877 0.499541 0.642957 
7 41 
0.347811 0.785788 0.265996 0.306266 
8 38 
0.716213 0.723637 0.496011 0.209131 
9 40 
0.611885 0.249586 0.838929 0.629588 
10 40 
0.556809 0.212169 0.177992 0.742536 
11 56 
0.762421 0.414466 0.166493 0.249258 
12 48 
0.0911739 0.716653 0.0790803 0.590715 
13 32 
0.438281 0.938525 0.145399 0.704276 
14 36 
0.529681 0.42049 0.968428 0.0256921 
15 38 
0.777142 0.637578 0.879207 0.616071 
16 39 
0.33383 0.17288 0.479335 0.511822 
17 29 
0.793973 0.274244 0.329883 0.960466 
18 24 
0.537086 0.0516399 0.240155 0.616166 
19 18 
0.599765 0.0544469 0.58088 0.745164 
20 33 
0.825671 0.274846 0.179213 0.7941 
21 52 
0.808834 0.571241 0.938115 0.68804 
22 57 
0.205281 0.0218701 0.360191 0.684617 
23 57 
0.275608 0.47859 0.807936 0.60549 
24 57 
0.331437 0.142576 0.490696 0.571592 
25 45 
0.13305 0.171358 0.813189 0.71393 
26 49 
0.571913 0.539601 0.191368 0.751126 
27 53 
0.491905 0.559959 0.904942 0.43002 
28 0 
0.0922537 0.635302 0.26987 0.452445 
29 1 
0.803562 0.728053 0.798509 0.611498 
30 28 
0.237565 0.942936 0.476119 0.728261 
31 43 
0.234862 0.861311 0.685885 0.0480508 
32 22 
0.602407 0.619963 0.114843 0.793775 
33 38 
0.448544 0.28568 0.931048 0.353486 
34 10 
0.179048 0.44574 0.351003 0.448918 
35 19 
0.670921 0.25248 0.626238 0.46943 
36 49 
0.959781 0.706995 0.806914 0.4359 
37 15 
0.321442 0.670762 0.296567 0.00732702 
38 39 
0.871809 0.609734 0.338776 0.986652 
39 49 
0.709865 0.435196 0.68919 0.640913 
40 38 
0.40489 0.819961 0.234422 0.755893 
41 54 
0.132608 0.426814 0.521359 0.758846 
42 5 
0.385337 0.718627 0.603239 0.192251 
43 0 
0.0384942 0.513693 0.825289 0.335061 
44 46 
0.544101 0.20687 0.130754 0.882877 
45 17 
0.534264 0.592742 0.628718 0.223453 
46 37 
0.4174 0.628343 0.0536161 0.651823 
47 51 
0.322495 0.78443 0.81105 0.843854 
48 16 
0.707294 0.229192 0.261903 0.310532 
49 15 
0.416429 0.349026 0.935136 0.241718 
50 25 
0.456156 0.785819 0.890957 0.58691 
51 31 
0.0844793 0.121174 0.261438 0.713197 
52 33 
0.495093 0.130597 0.97297 0.548709 
53 25 
0.357206 0.871204 0.56685 0.168256 
54 26 
0.110126 0.875549 0.944251 0.372029 
55 47 
0.365694 0.788458 0.535108 0.30083 
56 57 
0.219195 0.756986 0.815996 0.110153 
57 53 
0.484692 0.194632 0.465069 0.74613 
58 34 
0.809696 0.241223 0.0384266 0.782666 
