28 1
0 0 0 1 0 1 0 0 0 1 0 0 1 1 0 0 0 1 1 0 0 1 0 1 1 0 1 0 
0 
0.243626 0.335073 
1 
0.0205469 0.317075 
2 
0.263346 0.888558 
3 
0.479218 0.506262 
4 
0.505837 0.0174529 
5 
0.908653 0.0124372 
6 
0.960309 0.94874 
7 
0.636937 0.758985 
8 
0.937701 0.226297 
9 
0.425183 0.914697 
10 
0.519195 0.646685 
11 
0.691433 0.596707 
12 
0.449759 0.105229 
13 
0.106771 0.593186 
14 
0.860869 0.245784 
15 
0.114677 0.104495 
16 
0.580857 0.135224 
17 
0.421569 0.844203 
18 
0.023782 0.900787 
19 
0.350465 0.529619 
20 
0.91824 0.259118 
21 
0.542056 0.878549 
22 
0.207859 0.178992 
23 
0.637534 0.14556 
24 
0.405289 0.0627162 
25 
0.0602577 0.924485 
26 
0.709401 0.75169 
27 
0.521192 0.15916 
