73 2
0 0 1 1 1 0 0 1 1 1 1 1 0 1 1 0 1 1 1 0 1 1 0 0 1 1 0 1 1 1 0 1 0 0 1 1 0 0 1 0 0 1 0 0 0 0 1 0 0 1 0 0 1 1 0 1 1 1 1 0 1 1 0 1 0 0 1 1 1 1 0 0 1 
0 21 
0.0720088 0.984723 0.740491 0.713342 
1 64 
0.247212 0.512398 0.534752 0.968566 
2 38 
0.242429 0.57708 0.17111 0.193947 
3 57 
0.521209 0.445597 0.589605 0.827761 
4 13 
0.127956 0.330337 0.643943 0.183686 
5 65 
0.680097 0.807558 0.421826 0.993187 
6 15 
0.619859 0.0651959 0.291053 0.36035 
7 16 
0.776315 0.607562 0.290936 0.311067 
8 47 
0.269686 0.553496 0.153207 0.440796 
9 71 
0.241551 0.962006 0.19304 0.831156 
10 40 
0.910783 0.959111 0.120104 0.554726 
11 32 
0.24529 0.234824 0.950356 0.667116 
12 39 
0.256686 0.286975 0.293206 0.547739 
13 38 
0.0717447 0.324054 0.254887 0.362681 
14 50 
0.831014 0.632367 0.188617 0.984222 
15 51 
0.93606 0.225772 0.0351689 0.1291 
16 3 
0.824936 0.0398833 0.0160392 0.945041 
17 57 
0.158837 0.19033 0.829433 0.109193 
18 36 
0.0574438 0.365878 0.144421 0.35065 
19 44 
0.791746 0.422395 0.237672 0.0466327 
20 0 
0.872793 0.877647 0.417442 0.06141 
21 39 
0.490605 0.99747 0.0876404 0.525774 
22 19 
0.144568 0.35071 0.166453 0.160608 
23 11 
0.761063 0.319444 0.486081 0.590496 
24 28 
0.343527 0.64794 0.794515 0.487948 
25 11 
0.708133 0.279694 0.420985 0.945805 
26 9 
0.206061 0.818598 0.203973 0.623503 
27 8 
0.0658417 0.114108 0.877478 0.153482 
28 65 
0.00404745 0.29805 0.990592 0.170501 
29 25 
0.286343 0.931563 0.778102 0.772425 
30 15 
0.206739 0.115952 0.169999 0.00125475 
31 9 
0.168589 0.709388 0.883594 0.589574 
32 48 
0.20992 0.795635 0.473791 0.413894 
33 26 
0.353799 0.479735 0.533246 0.231276 
34 66 
0.173128 0.235324 0.931268 0.163721 
35 27 
0.389926 0.450064 0.337388 0.168028 
36 29 
0.859447 0.374767 0.33844 0.0294458 
37 50 
0.94234 0.198035 0.08541 0.825934 
38 48 
0.740603 0.035854 0.583244 0.214394 
39 16 
0.00238192 0.568193 0.929483 0.535628 
40 54 
0.562701 0.708756 0.0347929 0.493969 
41 11 
0.440617 0.883894 0.322541 0.778005 
42 47 
0.545029 0.637452 0.42669 0.88347 
43 4 
0.802712 0.82581 0.864932 0.888122 
44 16 
0.652542 0.628725 0.687597 0.235786 
45 69 
0.137345 0.238168 0.411311 0.0668281 
46 40 
0.21078 0.629529 0.482552 0.245573 
47 46 
0.355028 0.68619 0.00739186 0.677569 
48 54 
0.0593144 0.222598 0.101647 0.486004 
49 23 
0.768545 0.288716 0.931878 0.633477 
50 19 
0.583621 0.286019 0.805564 0.271218 
51 43 
0.648682 0.408563 0.759972 0.0599939 
52 56 
0.533767 0.270774 0.10492 0.0163189 
53 16 
0.228417 0.371347 0.202538 0.235809 
54 25 
0.666733 0.295123 0.271514 0.768381 
55 24 
0.377582 0.536925 0.0698441 0.30946 
56 65 
0.246683 0.893081 0.456421 0.0522462 
57 22 
0.978225 0.700929 0.572862 0.738197 
58 14 
0.0482525 0.271965 0.0316968 0.153172 
59 0 
0.548044 0.381589 0.659631 0.750582 
60 71 
0.708547 0.417316 0.912522 0.980061 
61 69 
0.69365 0.357644 0.722621 0.763494 
62 16 
0.893024 0.0101763 0.560184 0.349444 
63 22 
0.724483 0.32767 0.763351 0.297345 
64 63 
0.524274 0.345597 0.337832 0.55597 
65 44 
0.626115 0.104015 0.880359 0.285746 
66 32 
0.497757 0.994293 0.271913 0.410279 
67 55 
0.457609 0.103929 0.331997 0.180231 
68 24 
0.999101 0.0732543 0.877599 0.559285 
69 45 
0.940021 0.283768 0.750369 0.703373 
70 38 
0.816235 0.227646 0.92671 0.154067 
71 32 
0.425479 0.780182 0.887631 0.305838 
72 32 
0.742228 0.803595 0.0602203 0.0141414 
