33 1
1 1 0 0 1 0 1 0 1 1 0 0 0 1 0 0 1 0 0 0 1 0 0 0 0 0 0 0 1 0 1 1 1 
0 
0.703679 0.239747 
1 
0.701283 0.901233 
2 
0.825351 0.724697 
3 
0.671229 0.945022 
4 
0.88672 0.0462242 
5 
0.351369 0.0884573 
6 
0.998983 0.939228 
7 
0.594295 0.969066 
8 
0.349903 0.621329 
9 
0.0330356 0.392808 
10 
0.356905 0.707513 
11 
0.226669 0.802563 
12 
0.746588 0.955488 
13 
0.817984 0.432545 
14 
0.0634098 0.419652 
15 
0.822676 0.767089 
16 
0.659399 0.523959 
17 
0.668322 0.48475 
18 
0.248657 0.339551 
19 
0.429772 0.135377 
20 
0.385775 0.781141 
21 
0.223834 0.384758 
22 
0.72037 0.81813 
23 
0.353824 0.0702726 
24 
0.439458 0.386859 
25 
0.463081 0.796363 
26 
0.0943725 0.68975 
27 
0.598927 0.840961 
28 
0.645238 0.41691 
29 
0.273506 0.708648 
30 
0.836562 0.096182 
31 
0.475737 0.495961 
32 
0.620141 0.144058 
