46 3
1 0 0 1 0 1 0 0 1 1 1 1 0 1 1 0 1 1 0 1 0 1 0 0 0 1 1 0 1 1 1 1 0 0 1 0 1 1 1 1 1 1 0 0 0 0 
0 28 13 
0.753828 0.744071 0.315249 0.16694 0.420952 0.8146 0.52806 0.436627 
1 2 36 
0.0437411 0.619829 0.050386 0.321327 0.640628 0.496887 0.737832 0.766621 
2 33 38 
0.113847 0.195878 0.346845 0.0702127 0.799246 0.0966743 0.204744 0.356712 
3 7 42 
0.0552134 0.116906 0.535145 0.370462 0.283846 0.956096 0.185062 0.811906 
4 41 33 
0.517631 0.436464 0.985575 0.568017 0.757791 0.626203 0.0649037 0.495623 
5 7 31 
0.0549175 0.506672 0.524226 0.401763 0.576885 0.323471 0.498437 0.781629 
6 42 21 
0.572702 0.735397 0.978421 0.107847 0.105859 0.262267 0.0639429 0.290921 
7 17 26 
0.656667 0.591804 0.89313 0.642241 0.159821 0.650921 0.268445 0.224724 
8 31 44 
0.553072 0.201461 0.167941 0.0772978 0.603224 0.744826 0.400769 0.101661 
9 40 37 
0.963176 0.0991574 0.816349 0.941597 0.207004 0.922207 0.203864 0.270947 
10 5 16 
0.727613 0.869795 0.869841 0.620742 0.512036 0.0296616 0.271663 0.780481 
11 41 20 
0.44175 0.807458 0.619668 0.609691 0.884756 0.222892 0.354518 0.285525 
12 31 34 
0.366477 0.287729 0.98013 0.182826 0.229327 0.187135 0.105034 0.433191 
13 31 34 
0.711228 0.185694 0.187957 0.581069 0.806437 0.699993 0.610731 0.0780996 
14 7 30 
0.496306 0.922224 0.672575 0.115974 0.531915 0.55733 0.338866 0.886433 
15 42 43 
0.767406 0.209333 0.951149 0.747536 0.392159 0.180475 0.934671 0.497193 
16 24 41 
0.815355 0.324894 0.578447 0.00331149 0.905963 0.384883 0.703304 0.516693 
17 37 2 
0.38181 0.959289 0.106001 0.0543842 0.0752635 0.637916 0.611715 0.41413 
18 36 2 
0.0775489 0.291755 0.663903 0.0286976 0.0392908 0.0560624 0.209173 0.973961 
19 37 40 
0.366714 0.36861 0.147733 0.94516 0.371922 0.0536953 0.330043 0.0752261 
20 44 32 
0.259004 0.952198 0.752315 0.365005 0.00658243 0.827579 0.00292128 0.618297 
21 36 11 
0.0728671 0.319257 0.819025 0.73677 0.347955 0.858316 0.792833 0.557128 
22 6 30 
0.379967 0.198991 0.714699 0.527699 0.144151 0.0866205 0.581395 0.474194 
23 19 20 
0.26722 0.42085 0.103981 0.0195359 0.785855 0.110564 0.847115 0.788777 
24 33 18 
0.316047 0.801728 0.408081 0.135072 0.538498 0.756036 0.993388 0.331331 
25 0 32 
0.69313 0.0246559 0.392117 0.22083 0.168807 0.478738 0.802224 0.643001 
26 44 40 
0.910222 0.0614346 0.0579884 0.929757 0.84729 0.168552 0.776872 0.636067 
27 45 33 
0.952114 0.699141 0.273776 0.0871858 0.237639 0.0298121 0.0805737 0.568969 
28 36 35 
0.246388 0.0361062 0.930895 0.638505 0.256936 0.0997015 0.117242 0.05916 
29 11 32 
0.0131671 0.652924 0.819261 0.0711556 0.582681 0.666551 0.239708 0.359554 
30 40 20 
0.225249 0.254732 0.836261 0.499025 0.341918 0.0738998 0.528837 0.422491 
31 4 26 
0.32873 0.889257 0.907919 0.259625 0.527761 0.164855 0.359326 0.645004 
32 42 31 
0.40283 0.237182 0.754953 0.222092 0.308338 0.337634 0.888643 0.548046 
33 6 10 
0.685166 0.922437 0.445993 0.521427 0.421462 0.787911 0.595327 0.9503 
34 32 8 
0.822113 0.539132 0.127453 0.730032 0.798757 0.655214 0.894888 0.158083 
35 43 1 
0.260112 0.703048 0.356085 0.0150646 0.92514 0.664423 0.352699 0.813783 
36 41 28 
0.00504378 0.897635 0.972324 0.451037 0.419062 0.393786 0.238947 0.0143894 
37 28 18 
0.252585 0.166198 0.988481 0.380038 0.896231 0.787238 0.0352519 0.791118 
38 24 33 
0.910021 0.205432 0.0385176 0.266107 0.220497 0.963657 0.93053 0.573196 
39 13 32 
0.623083 0.782484 0.040634 0.595406 0.233521 0.459696 0.989192 0.472468 
40 19 1 
0.921817 0.726671 0.499476 0.910298 0.106709 0.395707 0.697536 0.141961 
41 38 0 
0.477431 0.096847 0.848288 0.515948 0.362954 0.0687854 0.479606 0.293484 
42 3 29 
0.436483 0.265064 0.0395296 0.477117 0.86047 0.27305 0.936813 0.849663 
43 41 45 
0.182941 0.667335 0.13757 0.682417 0.577633 0.244279 0.0781242 0.275168 
44 40 35 
0.86367 0.361797 0.766313 0.379619 0.72475 0.835098 0.859224 0.0182341 
45 19 14 
0.454717 0.742143 0.1558 0.931833 0.602614 0.42885 0.868646 0.452276 
