39 1
0 1 1 0 1 1 0 1 1 0 0 0 0 0 1 0 0 1 1 0 0 1 0 1 1 1 0 1 0 0 1 0 0 1 1 0 1 0 1 
0 
0.0303494 0.000649035 
1 
0.183309 0.308916 
2 
0.334471 0.475332 
3 
0.0901619 0.574953 
4 
0.798364 0.615877 
5 
0.0447795 0.72802 
6 
0.206865 0.479446 
7 
0.227243 0.683904 
8 
0.13925 0.743419 
9 
0.138879 0.979635 
10 
0.207454 0.428237 
11 
0.53189 0.283559 
12 
0.0984477 0.537105 
13 
0.219808 0.196721 
14 
0.379299 0.82286 
15 
0.516437 0.409649 
16 
0.823509 0.699746 
17 
0.718565 0.157981 
18 
0.175078 0.808726 
19 
0.732933 0.973442 
20 
0.424603 0.777713 
21 
0.701462 0.631469 
22 
0.257159 0.928705 
23 
0.315372 0.396409 
24 
0.672124 0.454251 
25 
0.376044 0.879579 
26 
0.882488 0.907935 
27 
0.163138 0.980936 
28 
0.445039 0.382946 
29 
0.177657 0.824338 
30 
0.205806 0.694094 
31 
0.233987 0.0293149 
32 
0.39384 0.952552 
33 
0.187295 0.568918 
34 
0.761278 0.920229 
35 
0.54236 0.185881 
36 
0.697942 0.243822 
37 
0.81735 0.955101 
38 
0.172527 0.132722 
