57 7
1 1 1 0 1 1 0 1 1 1 1 1 0 0 0 1 1 0 1 1 0 0 0 1 1 0 1 0 1 1 0 1 0 1 1 0 1 0 0 1 0 1 0 1 0 1 0 0 0 0 0 1 1 0 1 0 1 
0 5 16 41 54 55 32 
0.602237 0.841277 0.530622 0.456094 0.72248 0.39557 0.716997 0.564877 0.967046 0.330076 0.0260956 0.612461 0.625008 0.899624 0.305588 0.137772 0.788243 0.0740011 0.922548 0.300595 0.433047 0.314126 0.395447 0.850959 0.0889019 0.271802 0.466884 0.974112 0.589731 0.230845 0.355239 0.191968 0.0721224 0.885861 0.648062 0.794603 0.281432 0.365059 0.359479 0.248478 0.695135 0.385575 0.860939 0.320143 0.285199 0.166527 0.457914 0.0734418 0.240528 0.380462 0.374036 0.673575 0.694588 0.769484 0.524534 0.78349 0.0412855 0.991418 0.757602 0.631016 0.222263 0.112841 0.822985 0.294385 0.998702 0.471047 0.0889882 0.280134 0.836106 0.448468 0.528612 0.531241 0.834043 0.389551 0.851384 0.119241 0.556078 0.309299 0.192683 0.796606 0.689761 0.56672 0.470182 0.384349 0.336203 0.994716 0.167839 0.377489 0.986133 0.925441 0.00850527 0.208396 0.0382813 0.83149 0.502782 0.0369833 0.302537 0.59177 0.317117 0.138643 0.0402375 0.845729 0.669884 0.87428 0.23528 0.521268 0.993522 0.791358 0.830567 0.186205 0.587965 0.520328 0.752924 0.0581462 0.904677 0.0891276 0.0528617 0.0725161 0.466616 0.0389949 0.997957 0.475122 0.247391 0.0362381 0.306611 0.750173 0.0732214 0.609148 
1 17 14 8 10 31 38 
0.471347 0.938943 0.249982 0.262705 0.76951 0.436187 0.85067 0.289838 0.189111 0.908816 0.194515 0.278238 0.961678 0.267032 0.744855 0.000672754 0.264988 0.219976 0.248064 0.301227 0.526588 0.998237 0.374448 0.135736 0.340179 0.764786 0.883527 0.722359 0.000853485 0.301202 0.97882 0.472201 0.240145 0.228801 0.734906 0.00965493 0.664988 0.585576 0.299493 0.854099 0.494392 0.494009 0.132337 0.45607 0.76104 0.877192 0.456743 0.0260287 0.0971686 0.704807 0.327255 0.623757 0.703043 0.701703 0.759492 0.0432226 0.466489 0.643019 0.765582 0.467343 0.944221 0.744401 0.939544 0.184366 0.973203 0.67445 0.194021 0.638191 0.260026 0.493514 0.49229 0.754418 0.987522 0.624627 0.210489 0.748563 0.501819 0.667232 0.774591 0.598988 0.372039 0.101847 0.222745 0.0750822 0.80355 0.982237 0.118305 0.270039 0.625256 0.883887 0.737382 0.569477 0.628288 0.676926 0.753843 0.601491 0.351375 0.947863 0.239682 0.611401 0.441377 0.731972 0.36582 0.428899 0.356599 0.576309 0.177462 0.858419 0.243541 0.952053 0.457407 0.615579 0.0539 0.680151 0.690661 0.85745 0.662388 0.808966 0.127489 0.287645 0.692853 0.864871 0.857122 0.321141 0.541797 0.610964 0.922632 0.893172 
2 33 31 46 39 56 27 
0.429104 0.250885 0.446702 0.606565 0.109304 0.690243 0.558619 0.56671 0.305822 0.612519 0.246862 0.996483 0.469969 0.90925 0.805449 0.597457 0.196894 0.498302 0.462328 0.0540161 0.819443 0.00412484 0.66498 0.742075 0.897297 0.223808 0.904389 0.40187 0.224012 0.798675 0.272263 0.653116 0.0495602 0.718965 0.259681 0.158864 0.409208 0.8183 0.725574 0.71503 0.430819 0.972436 0.711513 0.900787 0.881686 0.516963 0.498245 0.07858 0.0152648 0.960573 0.132596 0.834708 0.964698 0.797577 0.576783 0.861995 0.0213845 0.481172 0.263865 0.245397 0.279848 0.536128 0.898512 0.329408 0.255094 0.158194 0.488272 0.664302 0.976494 0.213846 0.379331 0.407312 0.186281 0.0908445 0.3081 0.0679671 0.607807 0.806344 0.146547 0.623072 0.766918 0.279143 0.45778 0.731615 0.0767199 0.034563 0.59361 0.0981044 0.515735 0.857475 0.343501 0.795583 0.393603 0.242013 0.124991 0.648697 0.400207 0.613262 0.312999 0.3767 0.827108 0.69233 0.784013 0.0133896 0.783175 0.0921123 0.0813567 0.390982 0.898457 0.227904 0.0140537 0.665374 0.507047 0.471833 0.39699 0.583767 0.506396 0.9906 0.681871 0.0221318 0.848075 0.0253723 0.817715 0.241678 0.267386 0.942705 0.890375 0.667592 
3 26 23 39 54 20 52 
0.396465 0.678879 0.920418 0.477822 0.0698612 0.818875 0.705726 0.0839149 0.484249 0.212773 0.555748 0.881239 0.79654 0.0621447 0.871839 0.478411 0.0842765 0.719914 0.503783 0.901991 0.961592 0.771169 0.844696 0.851967 0.438761 0.400664 0.0553415 0.483054 0.78374 0.951046 0.31136 0.180205 0.629925 0.231778 0.658028 0.699787 0.0506524 0.363753 0.783701 0.534901 0.576526 0.33945 0.41614 0.373066 0.401594 0.287979 0.851477 0.485871 0.00789212 0.35526 0.387862 0.969484 0.126429 0.232558 0.821451 0.565191 0.633223 0.876793 0.0482449 0.416963 0.827839 0.359605 0.597168 0.457764 0.591382 0.255196 0.157551 0.642035 0.618949 0.941252 0.176936 0.195475 0.280702 0.593076 0.568541 0.682296 0.881055 0.420019 0.168167 0.888947 0.775279 0.556029 0.858431 0.901708 0.788587 0.679882 0.466899 0.42181 0.556675 0.515144 0.838773 0.384513 0.874748 0.435941 0.842277 0.466131 0.691137 0.999828 0.108166 0.310086 0.94108 0.285102 0.505561 0.221782 0.878178 0.0741026 0.904078 0.759232 0.494121 0.0722446 0.648179 0.2694 0.628274 0.50661 0.171108 0.416861 0.186492 0.638007 0.838671 0.743166 0.153151 0.677444 0.12768 0.0278992 0.113385 0.969957 0.49403 0.804521 
4 9 11 55 19 1 45 
0.765475 0.694271 0.0367244 0.524707 0.188392 0.108969 0.172886 0.457792 0.737243 0.679496 0.6289 0.154104 0.865987 0.266907 0.992775 0.609154 0.420058 0.670219 0.736833 0.447957 0.783603 0.706791 0.941987 0.588124 0.676576 0.544183 0.702731 0.587441 0.43148 0.322899 0.720088 0.196955 0.0171699 0.756812 0.721661 0.205562 0.865781 0.894547 0.663353 0.603024 0.574043 0.292254 0.757127 0.44003 0.559161 0.749902 0.0491839 0.979219 0.420121 0.786017 0.427176 0.203724 0.492808 0.369163 0.791848 0.169384 0.913346 0.49458 0.756825 0.344826 0.817479 0.476912 0.541781 0.834649 0.233724 0.263442 0.0402107 0.0995053 0.157989 0.703564 0.702529 0.732032 0.995818 0.459657 0.172063 0.554978 0.209559 0.221246 0.534197 0.629679 0.0072638 0.961373 0.833403 0.500072 0.330537 0.625252 0.669455 0.243883 0.119831 0.42628 0.588709 0.937311 0.903192 0.13049 0.77196 0.136916 0.393932 0.81217 0.236422 0.551921 0.515734 0.938951 0.283954 0.511552 0.398607 0.456016 0.0665304 0.608166 0.677263 0.600728 0.237845 0.684527 0.562101 0.0712487 0.184598 0.892638 0.6965 0.854054 0.136521 0.816332 0.280334 0.72523 0.753643 0.183526 0.85572 0.525602 0.320442 0.249652 
5 41 1 7 40 55 13 
0.894422 0.541544 0.43159 0.502588 0.218807 0.0323173 0.740433 0.903333 0.594418 0.811682 0.0879316 0.487056 0.508182 0.941985 0.623577 0.324514 0.222319 0.348808 0.0781569 0.405845 0.204528 0.603759 0.726287 0.454181 0.941532 0.283151 0.255754 0.795039 0.778965 0.341282 0.160098 0.673387 0.882826 0.591688 0.175975 0.101633 0.624005 0.916409 0.00496578 0.218423 0.728091 0.0928974 0.70548 0.236273 0.0348827 0.329057 0.560787 0.257202 0.677865 0.638944 0.663047 0.882393 0.242703 0.389334 0.336574 0.184235 0.672484 0.592328 0.979274 0.45145 0.93361 0.139372 0.124837 0.816436 0.73106 0.300812 0.918068 0.355065 0.217221 0.923034 0.573488 0.945312 0.0159314 0.278968 0.181585 0.0508141 0.608025 0.742372 0.308016 0.28589 0.381316 0.971062 0.168283 0.62402 0.360396 0.504856 0.808255 0.0328805 0.097184 0.787529 0.48433 0.0307939 0.926901 0.609168 0.84723 0.65796 0.90998 0.765298 0.0130249 0.127201 0.688332 0.586513 0.0725127 0.704263 0.865481 0.254097 0.755077 0.473505 0.996469 0.0630931 0.759395 0.377785 0.0341555 0.927678 0.00180504 0.394552 0.432534 0.81006 0.427432 0.529718 0.597588 0.911763 0.560512 0.524489 0.52093 0.407741 0.182449 0.43091 
6 4 37 19 9 17 42 
0.565634 0.647468 0.884722 0.320711 0.120973 0.881191 0.383804 0.880368 0.258976 0.41796 0.808046 0.260781 0.812511 0.24058 0.0708412 0.239944 0.770297 0.668429 0.151706 0.330809 0.192918 0.672636 0.73855 0.375367 0.103547 0.911589 0.570841 0.661659 0.77296 0.352828 0.292283 0.338594 0.00029584 0.177005 0.659306 0.121269 0.0581957 0.0431101 0.00163726 0.317172 0.46107 0.809683 0.577954 0.273581 0.0502627 0.648795 0.513525 0.82056 0.317224 0.665231 0.151369 0.510142 0.337868 0.889919 0.88551 0.441415 0.801509 0.456351 0.103073 0.574469 0.809179 0.395356 0.913063 0.809475 0.572361 0.572369 0.930744 0.630557 0.615479 0.932381 0.947729 0.076549 0.742064 0.525682 0.35013 0.792327 0.174477 0.863655 0.612887 0.491701 0.528887 0.764256 0.00184399 0.866754 0.654175 0.887354 0.308169 0.455684 0.343705 0.411242 0.0301531 0.152884 0.806598 0.943216 0.962359 0.378959 0.515585 0.893103 0.00951579 0.131064 0.825484 0.957245 0.207613 0.567548 0.482927 0.557744 0.359875 0.657404 0.421399 0.972762 0.149106 0.950286 0.737018 0.15095 0.81704 0.391193 0.0383034 0.125209 0.846878 0.382008 0.536451 0.877031 0.534892 0.343049 0.820247 0.49725 0.722008 0.335832 
7 14 49 19 44 41 52 
0.783385 0.171696 0.232254 0.14326 0.8291 0.653653 0.116022 0.978205 0.603939 0.85304 0.129155 0.420979 0.244233 0.167459 0.546187 0.0911107 0.549467 0.0826383 0.968141 0.0843583 0.425687 0.788388 0.581609 0.147696 0.124221 0.971961 0.87922 0.591117 0.187798 0.567988 0.265627 0.971183 0.739684 0.497881 0.114442 0.568784 0.151534 0.230464 0.546989 0.755473 0.0835035 0.676144 0.176451 0.327737 0.843603 0.722639 0.418847 0.393069 0.805277 0.386989 0.477428 0.230965 0.175377 0.0590363 0.378661 0.299597 0.0309978 0.25788 0.890715 0.218796 0.825869 0.156342 0.189978 0.565553 0.654223 0.304421 0.134337 0.805757 0.534884 0.681326 0.56123 0.618388 0.35747 0.737681 0.946125 0.201073 0.46032 0.364972 0.594143 0.265598 0.75196 0.0715706 0.496562 0.927337 0.130607 0.875223 0.226934 0.161605 0.133103 0.117649 0.3804 0.958972 0.273991 0.570379 0.524525 0.928214 0.8748 0.658862 0.733971 0.409684 0.340188 0.295201 0.0280719 0.697658 0.0328825 0.974196 0.898731 0.493203 0.339168 0.492874 0.7588 0.0911284 0.564445 0.255363 0.0184655 0.695052 0.130586 0.2454 0.856656 0.263689 0.363049 0.237057 0.222661 0.63704 0.807436 0.747186 0.565254 0.682235 
8 21 16 34 10 55 49 
0.627308 0.0941873 0.342625 0.120511 0.433355 0.835499 0.879311 0.524484 0.399944 0.134674 0.542949 0.0949952 0.26526 0.788349 0.951652 0.528949 0.151398 0.188708 0.75161 0.788438 0.996144 0.498796 0.353691 0.678379 0.904844 0.652916 0.770298 0.651079 0.247342 0.890289 0.0949728 0.87465 0.984476 0.437597 0.995161 0.417832 0.273096 0.874472 0.942316 0.67304 0.00914646 0.485265 0.768035 0.274407 0.273615 0.719687 0.803356 0.425013 0.908395 0.554966 0.21345 0.904539 0.0537626 0.567142 0.582918 0.958607 0.220058 0.353216 0.609686 0.467399 0.243505 0.704659 0.342049 0.227982 0.142256 0.337209 0.645814 0.415353 0.211682 0.58813 0.0883927 0.220828 0.0733949 0.856428 0.495235 0.347009 0.576115 0.29859 0.772022 0.48451 0.853557 0.985473 0.389048 0.907319 0.552614 0.971966 0.865926 0.772672 0.325182 0.475612 0.240071 0.568688 0.180271 0.58212 0.796669 0.322527 0.919329 0.442483 0.73788 0.131011 0.0306124 0.826273 0.351839 0.104007 0.682701 0.847073 0.451017 0.258815 0.145664 0.223039 0.743325 0.99922 0.208511 0.132373 0.90654 0.761126 0.10434 0.772466 0.533797 0.429522 0.248078 0.773868 0.99821 0.428349 0.355988 0.794879 0.750877 0.275317 
9 34 55 26 54 18 3 
0.371981 0.99773 0.605239 0.822998 0.256546 0.750903 0.0460368 0.999871 0.750123 0.254548 0.132244 0.656663 0.0156738 0.236583 0.429129 0.549471 0.666105 0.677207 0.323339 0.664315 0.105556 0.679327 0.459194 0.856432 0.954644 0.696555 0.345189 0.360971 0.964529 0.660219 0.119137 0.33651 0.657949 0.724376 0.159508 0.914495 0.475279 0.205545 0.914365 0.225402 0.460093 0.0466093 0.882064 0.475767 0.283193 0.311193 0.0252382 0.949298 0.9884 0.348577 0.613613 0.0939554 0.0279044 0.0728067 0.950388 0.982548 0.769362 0.295577 0.343519 0.733891 0.955796 0.462656 0.0704018 0.613745 0.187032 0.22991 0.52824 0.66231 0.435455 0.442606 0.887712 0.895549 0.489215 0.769777 0.371316 0.772408 0.0809696 0.396554 0.721706 0.0693692 0.745131 0.335319 0.163325 0.773036 0.408125 0.113712 0.755584 0.177487 0.40929 0.0991032 0.911379 0.365085 0.561759 0.981781 0.978831 0.748791 0.211691 0.507071 0.411102 0.647146 0.949676 0.298814 0.542695 0.438891 0.0685902 0.914011 0.211299 0.14956 0.310565 0.933004 0.218929 0.0556963 0.268323 0.382254 0.828732 0.676448 0.495966 0.584316 0.853936 0.905256 0.683419 0.765315 0.270341 0.245179 0.747095 0.249172 0.99397 0.958786 
10 44 38 32 6 20 52 
0.14481 0.772475 0.0626383 0.356108 0.922035 0.373203 0.289112 0.140964 0.428899 0.557435 0.523218 0.257631 0.233884 0.0191842 0.841948 0.0878194 0.92444 0.525367 0.853134 0.194781 0.770546 0.600229 0.443953 0.764516 0.559016 0.200195 0.169587 0.164948 0.906114 0.873472 0.313576 0.0509231 0.645948 0.376214 0.407031 0.567983 0.749417 0.696143 0.708947 0.178316 0.253579 0.232165 0.435948 0.487462 0.251349 0.277896 0.575282 0.175789 0.803263 0.428416 0.37057 0.573809 0.0286453 0.814523 0.338324 0.587661 0.0147183 0.507911 0.752609 0.920832 0.381384 0.0661852 0.971755 0.0273314 0.442399 0.378786 0.595314 0.191816 0.0749297 0.304262 0.370133 0.328508 0.536427 0.806081 0.815971 0.787776 0.0839763 0.391252 0.963566 0.887239 0.819668 0.334136 0.461048 0.848314 0.148659 0.799372 0.435975 0.163378 0.307283 0.188584 0.0842096 0.688667 0.254769 0.0559645 0.715998 0.697168 0.434751 0.311313 0.888985 0.50968 0.615574 0.259118 0.838189 0.152001 0.0651982 0.654159 0.939778 0.149175 0.0454118 0.903343 0.0364136 0.86508 0.237479 0.497461 0.713394 0.386139 0.296833 0.149368 0.549516 0.604116 0.337952 0.633726 0.292783 0.592721 0.68969 0.00878192 0.28989 0.124441 
11 23 4 27 52 1 56 
0.0876705 0.50319 0.12647 0.0274481 0.652365 0.171881 0.930791 0.688778 0.0369614 0.168271 0.186239 0.750355 0.554409 0.483073 0.899723 0.103925 0.0871889 0.237675 0.737651 0.379972 0.830396 0.427342 0.388754 0.120286 0.551783 0.708849 0.29916 0.185904 0.644518 0.737152 0.658214 0.732189 0.240342 0.784684 0.759637 0.892706 0.956565 0.690428 0.581485 0.993527 0.858699 0.767724 0.743882 0.413108 0.250797 0.643605 0.517033 0.337985 0.88128 0.254685 0.717958 0.711676 0.682026 0.106712 0.831962 0.233809 0.815561 0.131122 0.419713 0.460079 0.868274 0.0779277 0.192268 0.108616 0.862612 0.951905 0.00132265 0.819177 0.642333 0.582807 0.812703 0.501032 0.350531 0.556585 0.91414 0.601328 0.20019 0.431174 0.939313 0.0814695 0.685858 0.657271 0.793146 0.367885 0.763983 0.625108 0.601694 0.579544 0.75623 0.0214075 0.0396239 0.624504 0.0993352 0.231892 0.733121 0.961947 0.183797 0.734443 0.781124 0.826131 0.317251 0.593827 0.327163 0.667782 0.150412 0.241303 0.26911 0.350602 0.672477 0.208423 0.432071 0.358335 0.865694 0.225217 0.72622 0.629677 0.850325 0.327914 0.209222 0.606555 0.349322 0.248846 0.231059 0.448657 0.480738 0.96418 0.410604 0.664535 
12 9 26 38 11 42 3 
0.683656 0.935967 0.0591328 0.952765 0.286568 0.73161 0.161188 0.718639 0.0899453 0.0268825 0.943856 0.816166 0.65656 0.794181 0.14408 0.865782 0.400735 0.493402 0.114627 0.631795 0.942059 0.595365 0.595975 0.352663 0.2599 0.294598 0.544391 0.750567 0.310471 0.329946 0.568396 0.994127 0.265912 0.627529 0.946892 0.552481 0.359139 0.108081 0.27112 0.449084 0.134963 0.214976 0.265249 0.791523 0.00915651 0.40933 0.657305 0.409892 0.902732 0.771932 0.0416866 0.844791 0.367297 0.637661 0.197454 0.627198 0.932259 0.741845 0.377764 0.24273 0.0717911 0.94616 0.236857 0.337704 0.573689 0.18375 0.890184 0.932827 0.29183 0.161304 0.381911 0.426793 0.37628 0.647161 0.218316 0.385437 0.0564903 0.875621 0.795328 0.959222 0.647553 0.837015 0.804013 0.0148504 0.474676 0.0014674 0.642048 0.406935 0.743313 0.0198123 0.649665 0.815104 0.965972 0.886523 0.152807 0.539661 0.0702721 0.0429917 0.472489 0.362102 0.204296 0.8544 0.788896 0.580576 0.501561 0.00721194 0.966012 0.558051 0.882833 0.761341 0.517273 0.530386 0.598356 0.321286 0.545237 0.0730319 0.322753 0.187285 0.479967 0.0660663 0.207097 0.129632 0.88117 0.173069 0.0161548 0.0339776 0.712731 0.0864269 
13 51 10 19 8 44 5 
0.54118 0.244637 0.827853 0.099231 0.12747 0.589194 0.616504 0.657856 0.18755 0.93779 0.203093 0.260582 0.260544 0.390377 0.740549 0.32661 0.597474 0.870181 0.20778 0.770544 0.886336 0.241758 0.483274 0.972763 0.318727 0.668494 0.421292 0.599992 0.708113 0.658716 0.461833 0.249293 0.903353 0.289686 0.348524 0.0308227 0.87888 0.965028 0.688679 0.0664296 0.902818 0.891771 0.327011 0.163362 0.282149 0.0675598 0.489972 0.879623 0.937741 0.697752 0.650167 0.824076 0.939509 0.133441 0.796839 0.258236 0.801935 0.218131 0.858228 0.510048 0.876847 0.320061 0.759342 0.7802 0.609747 0.107866 0.811023 0.488627 0.0728942 0.499701 0.555056 0.975713 0.391473 0.882068 0.139074 0.673621 0.949627 0.629046 0.553244 0.887368 0.326798 0.203411 0.711444 0.266307 0.336852 0.508283 0.524543 0.138786 0.726414 0.382771 0.648835 0.603261 0.702832 0.408176 0.383461 0.312579 0.516042 0.194484 0.801206 0.588936 0.694185 0.356262 0.564649 0.0856575 0.23833 0.703723 0.759279 0.187957 0.332769 0.312523 0.0753254 0.659567 0.515933 0.78677 0.925874 0.852785 0.295053 0.450417 0.991571 0.021467 0.833188 0.640406 0.624728 0.536021 0.048582 0.00818865 0.8486 0.564624 
14 0 36 18 4 26 8 
0.982514 0.244398 0.421932 0.741793 0.432355 0.754701 0.0543158 0.507681 0.414268 0.570249 0.29445 0.340142 0.423034 0.589504 0.79056 0.414605 0.610971 0.623748 0.0550106 0.235699 0.159769 0.103593 0.243887 0.00836855 0.668217 0.446559 0.658174 0.821777 0.343416 0.664242 0.539985 0.325931 0.90864 0.961917 0.067724 0.340995 0.716618 0.12204 0.848676 0.130887 0.692289 0.143126 0.471029 0.115322 0.73263 0.261589 0.529927 0.343601 0.885337 0.584938 0.579299 0.0451058 0.68853 0.823186 0.0534743 0.356747 0.269746 0.711649 0.178523 0.613162 0.375891 0.718509 0.939093 0.284531 0.680426 0.00681701 0.625526 0.397044 0.128857 0.474202 0.527931 0.821145 0.617328 0.99896 0.936468 0.349958 0.260549 0.466395 0.693559 0.145886 0.0513326 0.272859 0.190992 0.739863 0.096045 0.244466 0.0966097 0.365791 0.956115 0.275133 0.978953 0.332006 0.993642 0.918046 0.616536 0.674068 0.924863 0.242062 0.0711123 0.0537198 0.716264 0.599044 0.874865 0.333593 0.598004 0.811333 0.683551 0.858553 0.277728 0.377111 0.00443953 0.32906 0.649969 0.195432 0.0689233 0.746014 0.439898 0.165533 0.111805 0.396013 0.440666 0.090758 0.728019 0.434308 0.00880406 0.344555 0.108376 0.933667 
15 38 28 33 49 44 46 
0.376536 0.673585 0.320026 0.235089 0.951313 0.697137 0.239528 0.280374 0.347106 0.43496 0.349297 0.0931197 0.874858 0.51483 0.204925 0.270871 0.955496 0.295683 0.998889 0.389804 0.304487 0.343444 0.498179 0.238154 0.930061 0.677667 0.225541 0.232943 0.456199 0.087793 0.869418 0.832734 0.761378 0.189444 0.0678231 0.712691 0.886581 0.307351 0.993065 0.233686 0.742311 0.342362 0.326806 0.617169 0.857192 0.53173 0.88804 0.812687 0.827413 0.886929 0.202491 0.1319 0.230373 0.70067 0.370053 0.160434 0.378338 0.595594 0.393378 0.834536 0.683387 0.262796 0.667271 0.444766 0.45224 0.735094 0.157457 0.338821 0.042445 0.150522 0.572507 0.784756 0.492884 0.899313 0.401925 0.350075 0.431043 0.289965 0.162763 0.258456 0.176894 0.365254 0.390356 0.407267 0.0659242 0.760409 0.567701 0.444262 0.356003 0.961079 0.278798 0.0393906 0.223875 0.946069 0.484156 0.676115 0.681162 0.641613 0.0149356 0.723607 0.792135 0.587442 0.508364 0.285019 0.486755 0.910289 0.635094 0.917798 0.200254 0.797856 0.176254 0.377148 0.16311 0.566609 0.784415 0.229034 0.327019 0.352117 0.673296 0.683022 0.313196 0.952094 0.722412 0.537071 0.898163 0.206569 0.213186 0.579326 
16 54 6 34 37 49 26 
0.925335 0.302319 0.721586 0.560429 0.220116 0.92184 0.358285 0.39637 0.298988 0.521396 0.96298 0.0834034 0.75043 0.289998 0.43552 0.423726 0.97302 0.748716 0.375821 0.695433 0.285787 0.273984 0.902001 0.498973 0.853309 0.750183 0.727094 0.156242 0.390499 0.542658 0.967539 0.315834 0.844976 0.689125 0.876263 0.0650928 0.610965 0.234548 0.461463 0.909953 0.755944 0.424442 0.993357 0.506374 0.714441 0.428877 0.9301 0.687461 0.177592 0.305921 0.382893 0.463379 0.579904 0.284894 0.962352 0.433214 0.0350769 0.689446 0.589456 0.425576 0.232104 0.556995 0.74141 0.07708 0.24612 0.617673 0.142173 0.857085 0.852221 0.603636 0.767039 0.608165 0.028078 0.760395 0.114539 0.742519 0.189272 0.044639 0.429979 0.366864 0.35056 0.812872 0.830243 0.930464 0.0977665 0.792595 0.363678 0.132843 0.482041 0.953134 0.55842 0.714144 0.510129 0.29983 0.791224 0.756249 0.917503 0.933397 0.613335 0.769724 0.537032 0.380373 0.377889 0.56511 0.140769 0.492428 0.307629 0.330041 0.537067 0.737608 0.696905 0.887627 0.55048 0.527149 0.818091 0.648247 0.319744 0.181769 0.78109 0.801784 0.134903 0.33951 0.515928 0.645032 0.639339 0.307153 0.401281 0.556842 
17 24 13 20 26 53 15 
0.535758 0.196884 0.650321 0.865799 0.733952 0.387929 0.562705 0.621579 0.93841 0.0898535 0.43967 0.586656 0.409597 0.621439 0.367746 0.211382 0.756342 0.707256 0.72731 0.401374 0.346596 0.0344626 0.802655 0.903438 0.275012 0.817271 0.230005 0.0525938 0.212261 0.934461 0.395286 0.748019 0.131345 0.0456072 0.613819 0.865297 0.433536 0.176524 0.486876 0.371946 0.266377 0.926546 0.958602 0.675974 0.547984 0.326349 0.887356 0.304326 0.0336049 0.614666 0.7057 0.3802 0.649128 0.508355 0.283638 0.92414 0.325627 0.513643 0.976734 0.537888 0.448104 0.37202 0.285907 0.579449 0.417628 0.899726 0.444745 0.851164 0.0762494 0.931621 0.22311 0.342626 0.858167 0.181712 0.0186007 0.406151 0.508061 0.905956 0.710477 0.541666 0.520622 0.416177 0.921867 0.169751 0.924532 0.205505 0.0938912 0.250159 0.719148 0.0706254 0.788047 0.167251 0.442646 0.073954 0.7467 0.860273 0.97368 0.191446 0.711437 0.0499292 0.123067 0.934547 0.392556 0.981233 0.11626 0.411156 0.387384 0.624321 0.317113 0.0978612 0.165987 0.837735 0.514038 0.0878534 0.00748583 0.438571 0.293358 0.101377 0.68873 0.0125063 0.172002 0.476777 0.179758 0.614648 0.550731 0.926458 0.474922 0.524411 
18 56 49 7 54 5 51 
0.222203 0.237166 0.378052 0.609587 0.861487 0.695164 0.707448 0.0274738 0.532899 0.221487 0.115327 0.540385 0.660057 0.408686 0.641762 0.348787 0.421192 0.813765 0.825564 0.60095 0.428413 0.376295 0.527407 0.903335 0.900706 0.645311 0.0896934 0.475046 0.886281 0.2106 0.441941 0.108484 0.447766 0.819993 0.718071 0.309253 0.515157 0.425519 0.336726 0.0480569 0.647006 0.452054 0.588442 0.307064 0.860739 0.230205 0.655851 0.281931 0.0439693 0.481415 0.882881 0.472382 0.857711 0.410288 0.375717 0.758416 0.0555989 0.46541 0.233462 0.94188 0.67601 0.675404 0.0503638 0.123776 0.495396 0.768435 0.433028 0.0105539 0.193954 0.769755 0.0586108 0.840961 0.221808 0.647053 0.148024 0.0825475 0.877258 0.803875 0.364478 0.921227 0.285291 0.247359 0.393609 0.143001 0.657647 0.769326 0.901417 0.713246 0.234736 0.13488 0.655126 0.910747 0.810283 0.70549 0.0345223 0.30568 0.473924 0.467551 0.316234 0.667879 0.237305 0.374844 0.508839 0.459114 0.0218973 0.656864 0.541661 0.899155 0.460739 0.90614 0.820382 0.746029 0.153499 0.213991 0.88903 0.811146 0.983317 0.790448 0.524392 0.218053 0.925327 0.179518 0.1288 0.73561 0.885007 0.163322 0.0412901 0.358932 
19 56 40 17 22 39 43 
0.754265 0.192513 0.868953 0.65342 0.653252 0.775093 0.473802 0.399281 0.928592 0.687793 0.288311 0.739737 0.67111 0.0787589 0.264129 0.889163 0.00408624 0.443647 0.017963 0.739697 0.328654 0.181285 0.780987 0.687585 0.812158 0.138511 0.714396 0.680336 0.870879 0.250045 0.0076281 0.625144 0.442558 0.876581 0.278564 0.0958103 0.651674 0.752366 0.495091 0.580266 0.440159 0.783403 0.320003 0.111268 0.862162 0.584132 0.000431472 0.866248 0.0277785 0.0183945 0.605944 0.356432 0.19968 0.386931 0.0440173 0.0118376 0.525442 0.758413 0.692174 0.396321 0.008458 0.699802 0.0214645 0.451016 0.576383 0.300029 0.546827 0.228057 0.0523947 0.041918 0.808323 0.492553 0.825321 0.128325 0.603822 0.687482 0.712457 0.604253 0.55373 0.740236 0.622648 0.159674 0.0966679 0.822327 0.546606 0.140685 0.834165 0.0720477 0.899098 0.526339 0.468368 0.907556 0.226141 0.489833 0.358572 0.802524 0.789861 0.905399 0.030581 0.842256 0.947317 0.838904 0.33481 0.772638 0.967229 0.938631 0.46012 0.679686 0.542885 0.01385 0.419922 0.165532 0.173524 0.51659 0.98786 0.72013 0.657275 0.822025 0.792178 0.556373 0.348364 0.260546 0.463929 0.574504 0.750379 0.822502 0.377028 0.540241 
20 41 37 21 2 42 43 
0.447856 0.213742 0.655938 0.907976 0.893428 0.198822 0.921826 0.313351 0.364355 0.0953505 0.829941 0.352215 0.815481 0.487216 0.174239 0.607659 0.0435896 0.522603 0.868205 0.507519 0.0971075 0.618584 0.330021 0.474136 0.158825 0.0579219 0.881745 0.541321 0.73314 0.128258 0.258628 0.180996 0.341999 0.914565 0.0889722 0.235428 0.113388 0.0107982 0.548778 0.477742 0.106149 0.378719 0.829957 0.92163 0.865935 0.00419649 0.529289 0.909525 0.5268 0.397494 0.417044 0.623907 0.016078 0.747065 0.0980427 0.174903 0.804987 0.979787 0.716224 0.538127 0.108045 0.974852 0.719123 0.450044 0.889417 0.808095 0.685472 0.0028049 0.818893 0.23425 0.480547 0.925042 0.612969 0.310504 0.846672 0.478905 0.314701 0.37596 0.38843 0.8415 0.773454 0.805474 0.465407 0.789532 0.552538 0.56345 0.964435 0.357525 0.543238 0.680659 0.895652 0.651283 0.655511 0.614775 0.101327 0.544929 0.422871 0.786799 0.547733 0.241764 0.0210492 0.0282808 0.166806 0.634019 0.338785 0.0134783 0.112923 0.653486 0.389439 0.501353 0.494986 0.162893 0.306827 0.960394 0.952425 0.859365 0.523844 0.91686 0.21689 0.0670816 0.597519 0.112543 0.718364 0.253031 0.727318 0.819691 0.797959 0.150189 
21 45 25 8 12 3 10 
0.261558 0.712759 0.572237 0.374481 0.366244 0.961676 0.875834 0.861231 0.124569 0.182661 0.821625 0.0769939 0.0420257 0.345469 0.993854 0.258916 0.41255 0.591373 0.371459 0.130914 0.844404 0.0987767 0.950605 0.642363 0.248965 0.557095 0.988056 0.640918 0.184634 0.362029 0.199677 0.446192 0.0747875 0.771915 0.820673 0.441032 0.733591 0.696507 0.302263 0.85816 0.879168 0.123887 0.935154 0.921194 0.469356 0.929007 0.18011 0.881906 0.520381 0.551569 0.0128202 0.364784 0.650345 0.963425 0.0071472 0.899311 0.52052 0.995203 0.540229 0.705155 0.357232 0.739906 0.151347 0.432019 0.511821 0.97202 0.873051 0.245412 0.668527 0.175314 0.103571 0.547695 0.299201 0.038725 0.468889 0.768557 0.967732 0.648999 0.650463 0.488113 0.200567 0.663283 0.852897 0.850913 0.626709 0.860045 0.750223 0.147229 0.855247 0.290452 0.852384 0.212479 0.0303578 0.00373041 0.644498 0.542179 0.97575 0.51755 0.78759 0.644277 0.692864 0.891162 0.191973 0.992065 0.929887 0.660862 0.760622 0.897619 0.30986 0.411085 0.385732 0.510428 0.0743685 0.238629 0.36134 0.701077 0.0986739 0.111563 0.848306 0.953921 0.402015 0.70069 0.1664 0.432373 0.70442 0.810899 0.974552 0.680171 
22 2 51 46 52 4 25 
0.013377 0.58319 0.177282 0.773999 0.480809 0.487142 0.185084 0.866541 0.99757 0.259453 0.105171 0.35891 0.96053 0.203845 0.470474 0.808836 0.157766 0.872489 0.509526 0.324166 0.304862 0.213946 0.135065 0.279414 0.894117 0.463513 0.0415554 0.218565 0.484825 0.694859 0.734986 0.498202 0.278049 0.912268 0.272201 0.758858 0.39941 0.457286 0.6254 0.39698 0.716739 0.73057 0.75589 0.677268 0.934415 0.226364 0.486105 0.0921809 0.0988533 0.995631 0.416347 0.403715 0.209577 0.551412 0.683129 0.103694 0.0149252 0.724684 0.322259 0.49975 0.419543 0.0572448 0.997953 0.697592 0.969512 0.270154 0.45645 0.368922 0.72744 0.08185 0.765902 0.444179 0.81242 0.521793 0.121447 0.746835 0.748157 0.607552 0.839016 0.84701 0.603182 0.255363 0.250726 0.812759 0.806775 0.933854 0.916453 0.821701 0.658539 0.238713 0.321451 0.078082 0.295957 0.319404 0.775674 0.26547 0.589558 0.232125 0.634392 0.316998 0.313975 0.400294 0.761176 0.126395 0.922087 0.882623 0.87323 0.670244 0.490175 0.712247 0.517254 0.0933571 0.96761 0.76798 0.906116 0.774385 0.701834 0.82257 0.596086 0.360373 0.0612826 0.917537 0.438455 0.35724 0.236941 0.214129 0.62271 0.826499 
23 45 4 32 30 48 3 
0.579483 0.787297 0.759854 0.249727 0.277472 0.472101 0.766981 0.370829 0.439711 0.534961 0.276945 0.214097 0.236795 0.0995153 0.810183 0.597168 0.160798 0.72772 0.0356229 0.518038 0.964661 0.249752 0.140748 0.79116 0.696006 0.39785 0.934657 0.456235 0.0552458 0.83933 0.342858 0.634729 0.626627 0.102713 0.884456 0.904099 0.574814 0.651437 0.274928 0.0145248 0.186398 0.551874 0.228621 0.423193 0.651389 0.038804 0.0203614 0.812187 0.766524 0.0559842 0.330225 0.731185 0.305736 0.470972 0.522345 0.0017422 0.868822 0.457001 0.457977 0.924068 0.296332 0.800835 0.558797 0.922959 0.903548 0.443253 0.827058 0.478362 0.0946901 0.101987 0.492887 0.281088 0.65386 0.721508 0.704282 0.305249 0.760312 0.724643 0.117435 0.526836 0.780627 0.44766 0.25802 0.0863636 0.918632 0.780365 0.0881058 0.787454 0.237366 0.546083 0.711522 0.533698 0.346918 0.270319 0.456657 0.250466 0.713572 0.283716 0.728828 0.808262 0.385702 0.221714 0.0893502 0.0395625 0.943222 0.793632 0.344811 0.703534 0.518275 0.462247 0.23037 0.298902 0.909907 0.48839 0.385266 0.828539 0.268755 0.473372 0.615994 0.506121 0.0194545 0.327516 0.0398193 0.366372 0.597835 0.496477 0.616838 0.311407 
24 31 32 45 44 19 18 
0.510603 0.00265043 0.550269 0.214137 0.520925 0.0125157 0.444507 0.819828 0.922423 0.932897 0.205094 0.750962 0.201651 0.678466 0.366956 0.707773 0.69792 0.694472 0.747592 0.0642927 0.292306 0.244069 0.681131 0.603713 0.0242611 0.0267974 0.723381 0.190156 0.594178 0.9324 0.395613 0.104781 0.93505 0.945882 0.318918 0.455976 0.958398 0.763424 0.275804 0.880821 0.696321 0.480897 0.631783 0.897972 0.159363 0.998738 0.605745 0.857283 0.69321 0.353337 0.921576 0.985516 0.597405 0.602707 0.589229 0.621666 0.629505 0.312611 0.811822 0.223683 0.245011 0.207436 0.328463 0.180061 0.153318 0.647381 0.636037 0.111716 0.410806 0.91184 0.992537 0.107127 0.392738 0.62432 0.00509893 0.552101 0.623058 0.610844 0.409384 0.316268 0.964181 0.33096 0.301784 0.561586 0.933668 0.891013 0.183252 0.563172 0.203624 0.995075 0.786855 0.448635 0.20251 0.115318 0.628696 0.355829 0.7627 0.264732 0.467545 0.173505 0.176573 0.460082 0.280632 0.569311 0.0844012 0.285731 0.121412 0.707459 0.896574 0.530796 0.0237267 0.860755 0.861756 0.325511 0.422341 0.795424 0.216524 0.605593 0.358596 0.420148 0.600668 0.145451 0.868783 0.803178 0.26077 0.497479 0.159006 0.0234695 
25 43 47 54 26 51 18 
0.763337 0.629506 0.878493 0.659911 0.160302 0.90222 0.520666 0.0220583 0.227731 0.943007 0.817482 0.444255 0.5486 0.176079 0.864403 0.149268 0.32153 0.733186 0.952446 0.5823 0.230665 0.111452 0.60577 0.992876 0.738004 0.802744 0.93166 0.824637 0.28035 0.439754 0.995671 0.0436873 0.0692604 0.874164 0.703599 0.229562 0.776383 0.224265 0.25162 0.00411402 0.167272 0.0691029 0.448369 0.715872 0.245182 0.312772 0.86514 0.566712 0.0459584 0.817586 0.149012 0.276624 0.929039 0.754782 0.2695 0.667042 0.557526 0.20116 0.491679 0.837877 0.640914 0.48735 0.881564 0.710175 0.361513 0.585163 0.939737 0.137897 0.809427 0.191357 0.142011 0.9767 0.26046 0.590379 0.692572 0.505642 0.903152 0.557712 0.0723542 0.94911 0.375299 0.221366 0.225733 0.304338 0.976148 0.495233 0.97138 0.533674 0.696393 0.463059 0.371551 0.337308 0.950408 0.253115 0.0474823 0.311922 0.838278 0.987219 0.449818 0.647705 0.178577 0.591829 0.624405 0.439037 0.182208 0.316977 0.944679 0.0853598 0.874689 0.0170334 0.0344697 0.249988 0.2384 0.260203 0.554325 0.214548 0.755436 0.525705 0.748223 0.45183 0.988764 0.119774 0.789137 0.939173 0.372889 0.836619 0.251094 0.211166 
26 20 44 52 42 1 56 
0.441452 0.47495 0.800253 0.386132 0.56031 0.674942 0.403165 0.594779 0.92493 0.641565 0.854982 0.479255 0.856113 0.610419 0.00496043 0.604336 0.0622484 0.993725 0.724109 0.851385 0.932898 0.0969981 0.688005 0.183992 0.308164 0.511843 0.884905 0.167036 0.514259 0.177646 0.650312 0.955711 0.652596 0.450565 0.341842 0.212905 0.125506 0.745007 0.807685 0.050436 0.386572 0.662667 0.529691 0.242685 0.273086 0.534651 0.847021 0.335334 0.528376 0.57113 0.18672 0.461274 0.668128 0.874724 0.645266 0.976293 0.386568 0.53017 0.143329 0.900826 0.707817 0.79364 0.856537 0.360412 0.244205 0.19838 0.573318 0.369711 0.943387 0.381002 0.420147 0.329959 0.0436694 0.949838 0.572645 0.316755 0.48449 0.419665 0.65209 0.0128661 0.990796 0.838809 0.47414 0.658924 0.713534 0.119406 0.635216 0.100101 0.649576 0.778545 0.000927602 0.357393 0.572185 0.857465 0.717805 0.81639 0.0558445 0.291123 0.186102 0.999232 0.672125 0.606249 0.329191 0.715795 0.556087 0.901836 0.03255 0.0405773 0.321501 0.684639 0.0534434 0.312297 0.523449 0.527583 0.971221 0.236982 0.646989 0.606437 0.337084 0.296565 0.384982 0.338011 0.653958 0.957167 0.195476 0.371763 0.773558 0.251321 
27 16 20 26 14 3 12 
0.121996 0.481579 0.0833553 0.162573 0.80308 0.767995 0.216017 0.115377 0.291444 0.7436 0.0865974 0.528426 0.390589 0.693034 0.86551 0.687154 0.0780164 0.203521 0.341111 0.0351838 0.398997 0.712874 0.808742 0.650317 0.375759 0.768401 0.90087 0.71077 0.33431 0.480613 0.761575 0.456306 0.962192 0.844931 0.618879 0.765272 0.612925 0.834896 0.880648 0.904369 0.578496 0.967246 0.432795 0.969084 0.66028 0.298304 0.656238 0.738296 0.501825 0.997349 0.77348 0.900822 0.710223 0.582222 0.55114 0.0859823 0.350623 0.452009 0.796752 0.684933 0.932622 0.558328 0.141238 0.894813 0.403258 0.760118 0.660085 0.0161837 0.595013 0.540733 0.920553 0.173509 0.507979 0.353348 0.142593 0.168259 0.651652 0.798831 0.906555 0.153477 0.796181 0.680036 0.0542994 0.506404 0.262258 0.605439 0.592386 0.612881 0.0574482 0.389138 0.297813 0.99007 0.947466 0.439052 0.884883 0.350724 0.199169 0.544968 0.366908 0.794183 0.0857016 0.28746 0.967692 0.59368 0.640808 0.110285 0.761939 0.29246 0.909116 0.668495 0.445937 0.705297 0.34853 0.500237 0.211701 0.610788 0.105676 0.804087 0.223669 0.163124 0.193225 0.521482 0.153194 0.140691 0.960534 0.0380772 0.491415 0.159703 
28 23 15 36 0 40 44 
0.786591 0.0318624 0.024367 0.0790508 0.940979 0.692862 0.524988 0.646276 0.0413923 0.0252246 0.857976 0.65218 0.1309 0.662063 0.875849 0.294024 0.855288 0.397331 0.447218 0.995979 0.357865 0.485295 0.487394 0.517569 0.0683404 0.345716 0.471455 0.737088 0.491499 0.393032 0.999515 0.27809 0.424895 0.0238822 0.357141 0.365873 0.716744 0.882129 0.0121491 0.758136 0.907353 0.870126 0.410317 0.0382533 0.532189 0.286166 0.332277 0.387477 0.683497 0.779495 0.383456 0.0413624 0.26479 0.87085 0.558931 0.33313 0.216566 0.0303857 0.0702178 0.708065 0.423418 0.069733 0.986155 0.848312 0.0936152 0.343295 0.214186 0.810359 0.225424 0.226335 0.568495 0.132777 0.0964606 0.978812 0.17103 0.628649 0.264978 0.503308 0.0161264 0.948475 0.282803 0.399582 0.989837 0.547592 0.270432 0.548768 0.880722 0.486998 0.579154 0.95094 0.195062 0.00257201 0.0206732 0.181217 0.850884 0.114288 0.524512 0.0650703 0.924648 0.749936 0.291405 0.493143 0.882713 0.387866 0.471955 0.0537435 0.0165153 0.736933 0.557051 0.0326418 0.685408 0.839854 0.432224 0.675245 0.387446 0.702656 0.224014 0.268168 0.189654 0.803168 0.219108 0.384716 0.80574 0.239782 0.565933 0.656624 0.35407 0.0904452 
29 42 37 3 56 34 33 
0.400966 0.243816 0.776838 0.417481 0.980749 0.333889 0.450123 0.666157 0.173743 0.882347 0.341403 0.561188 0.585003 0.565416 0.829357 0.774657 0.368584 0.0484652 0.159373 0.174324 0.288247 0.725306 0.830948 0.642317 0.815751 0.552643 0.921035 0.656132 0.565743 0.692895 0.379227 0.966709 0.936711 0.156065 0.38419 0.917461 0.489953 0.834313 0.583618 0.663696 0.716661 0.92502 0.224884 0.301664 0.490437 0.0542411 0.0763207 0.859021 0.102706 0.235694 0.033345 0.390953 0.961 0.864294 0.03327 0.776751 0.416937 0.954305 0.432883 0.98268 0.6472 0.81211 0.949389 0.583911 0.968175 0.333579 0.501372 0.458128 0.167893 0.0849896 0.121824 0.884553 0.01001 0.346709 0.186217 0.500447 0.40095 0.262538 0.359468 0.503656 0.498231 0.392813 0.894609 0.459231 0.257106 0.927879 0.235982 0.674043 0.882184 0.668866 0.656723 0.529383 0.480976 0.606112 0.113295 0.449151 0.939691 0.614667 0.907279 0.107584 0.699656 0.029103 0.992137 0.709666 0.375812 0.178354 0.210113 0.776761 0.440892 0.569581 0.280417 0.939123 0.962393 0.175026 0.398354 0.219499 0.102905 0.634336 0.893542 0.985089 0.303202 0.550265 0.514472 0.784178 0.156377 0.627767 0.233328 0.0960681 
30 12 18 20 36 49 9 
0.651756 0.545521 0.374143 0.861869 0.322283 0.815035 0.43145 0.6027 0.754158 0.393843 0.777726 0.152513 0.613343 0.880631 0.786849 0.506885 0.86572 0.0900509 0.0571499 0.380192 0.874229 0.213527 0.00795858 0.107557 0.309595 0.250392 0.248164 0.513247 0.192482 0.417873 0.709036 0.844238 0.963395 0.0831797 0.706107 0.285677 0.898215 0.137557 0.888377 0.652374 0.5314 0.666103 0.804886 0.144743 0.546734 0.591735 0.651628 0.412453 0.681786 0.708778 0.792645 0.556015 0.922304 0.800604 0.663572 0.231899 0.0509957 0.911735 0.745146 0.243478 0.329609 0.454183 0.087716 0.293003 0.537362 0.793823 0.578681 0.435577 0.931381 0.467058 0.0879509 0.462781 0.133161 0.892837 0.607524 0.679895 0.484572 0.259151 0.092348 0.166359 0.967929 0.884993 0.722374 0.890233 0.685596 0.385945 0.122133 0.736592 0.29768 0.867279 0.98007 0.627289 0.321462 0.067786 0.920292 0.858824 0.861609 0.498973 0.294401 0.79299 0.966031 0.382352 0.255771 0.0991922 0.27519 0.863295 0.779087 0.759762 0.122446 0.871435 0.926121 0.0903754 0.756428 0.648494 0.980609 0.442024 0.0344396 0.102741 0.178617 0.33212 0.97002 0.158687 0.959409 0.291482 0.226473 0.879701 0.150306 0.0880821 
31 24 28 42 56 1 29 
0.443898 0.102249 0.00013849 0.222985 0.862011 0.122585 0.0944198 0.788132 0.21296 0.850848 0.436626 0.193569 0.292872 0.471066 0.29631 0.471489 0.803186 0.266331 0.630175 0.762595 0.557813 0.856648 0.642296 0.708119 0.94473 0.0209702 0.152826 0.825802 0.365676 0.979886 0.962646 0.809574 0.0821353 0.962784 0.0325587 0.944147 0.0853693 0.126979 0.732279 0.29833 0.977826 0.168905 0.491898 0.270698 0.639971 0.788209 0.742187 0.443157 0.0545394 0.372363 0.205752 0.612352 0.229011 0.848047 0.320471 0.173741 0.869018 0.473297 0.999543 0.234694 0.453183 0.962189 0.0442674 0.535318 0.924973 0.0768261 0.479465 0.0103427 0.203805 0.211743 0.308672 0.181631 0.380648 0.800571 0.45233 0.0206196 0.58878 0.194517 0.463777 0.643319 0.566879 0.669528 0.255671 0.79589 0.517576 0.576142 0.969631 0.386594 0.0494384 0.969174 0.621287 0.502621 0.931363 0.665555 0.0379392 0.856336 0.742381 0.517404 0.866679 0.946185 0.729147 0.175351 0.127816 0.109796 0.975922 0.580146 0.130415 0.564702 0.774663 0.594192 0.20802 0.341542 0.26372 0.463691 0.137432 0.781296 0.039833 0.107063 0.16789 0.0892714 0.0762371 0.789177 0.591893 0.00759999 0.454732 0.629832 0.863936 0.197112 
32 13 52 35 56 53 36 
0.986178 0.881889 0.85126 0.116594 0.44659 0.625923 0.710786 0.654611 0.967465 0.974506 0.118302 0.104898 0.755802 0.158135 0.211961 0.923692 0.247407 0.288198 0.712869 0.839299 0.295798 0.167601 0.469131 0.159734 0.364713 0.616367 0.89035 0.508011 0.49275 0.796316 0.779125 0.478928 0.678205 0.630385 0.595522 0.124796 0.256308 0.306307 0.779406 0.223773 0.280813 0.897709 0.328671 0.0366158 0.0558441 0.540632 0.960308 0.303251 0.828829 0.673177 0.14255 0.124627 0.840778 0.611681 0.284361 0.205492 0.228048 0.174711 0.713503 0.720798 0.971027 0.492628 0.199726 0.649232 0.123013 0.795248 0.774028 0.379321 0.101555 0.553434 0.603094 0.382369 0.451143 0.931765 0.418985 0.506987 0.472397 0.379293 0.810238 0.301227 0.0524702 0.952788 0.425854 0.893249 0.56447 0.710215 0.0987403 0.792518 0.884926 0.812243 0.513315 0.855953 0.304871 0.713041 0.505186 0.427884 0.508289 0.279213 0.807205 0.609845 0.832648 0.410299 0.992213 0.283791 0.342064 0.411198 0.790778 0.814461 0.790491 0.601016 0.115688 0.842961 0.553805 0.541542 0.73621 0.118274 0.251757 0.83495 0.910792 0.136683 0.647193 0.424107 0.992636 0.952064 0.137149 0.497822 0.379947 0.645438 
33 48 4 29 39 46 34 
0.893474 0.939515 0.658694 0.684252 0.753976 0.449185 0.285269 0.869664 0.292146 0.839073 0.411206 0.0283556 0.957347 0.662963 0.863306 0.868139 0.799645 0.510499 0.292246 0.792281 0.462562 0.429395 0.290103 0.842509 0.0748331 0.0671378 0.0296608 0.330116 0.676821 0.627111 0.577612 0.570295 0.566626 0.236306 0.254547 0.320603 0.685491 0.539815 0.190267 0.977637 0.378889 0.601473 0.00599264 0.336236 0.264435 0.869298 0.204375 0.0640806 0.379797 0.496622 0.856362 0.842359 0.926017 0.146465 0.684868 0.000849803 0.213603 0.714529 0.330966 0.890423 0.34164 0.908577 0.460718 0.908267 0.144883 0.715265 0.228869 0.830374 0.25508 0.419136 0.808011 0.633969 0.020609 0.814004 0.970205 0.285044 0.683302 0.17458 0.349125 0.0630991 0.671202 0.205487 0.905458 0.597218 0.351952 0.590326 0.598068 0.565554 0.304855 0.929034 0.455977 0.646495 0.837611 0.916695 0.554761 0.982495 0.63196 0.783631 0.812869 0.88704 0.202767 0.62088 0.521008 0.223376 0.434884 0.491213 0.50842 0.118187 0.665793 0.857545 0.181286 0.336995 0.0630318 0.0867437 0.934213 0.414983 0.67707 0.532281 0.980537 0.981924 0.461315 0.436515 0.628419 0.298926 0.35321 0.18318 0.281421 0.985169 
34 36 3 2 11 40 5 
0.392954 0.150055 0.884431 0.901374 0.268241 0.550224 0.758919 0.449527 0.887219 0.821951 0.536271 0.821432 0.236934 0.213341 0.353714 0.217471 0.195265 0.815029 0.653986 0.823683 0.113955 0.00719557 0.00686373 0.395376 0.992365 0.973675 0.489666 0.864574 0.143252 0.204836 0.257791 0.536206 0.35489 0.142222 0.43758 0.623132 0.692446 0.196499 0.0726592 0.579666 0.0184494 0.60893 0.401098 0.255383 0.822271 0.754812 0.472855 0.0175353 0.569841 0.126841 0.841219 0.683796 0.134036 0.848082 0.079172 0.126401 0.821757 0.568838 0.990975 0.96501 0.773674 0.248766 0.501216 0.128564 0.390989 0.938796 0.751696 0.083435 0.135295 0.824355 0.6631 0.153744 0.433285 0.0641985 0.409127 0.255556 0.81901 0.881982 0.273091 0.388851 0.00882282 0.11431 0.0726472 0.142859 0.962393 0.151819 0.26926 0.78415 0.720657 0.260235 0.74916 0.494331 0.509002 0.250375 0.622895 0.89999 0.189171 0.374591 0.983425 0.324466 0.198946 0.646526 0.47821 0.632231 0.710724 0.887337 0.887787 0.529734 0.769319 0.160879 0.918586 0.778142 0.275189 0.991233 0.921001 0.237582 0.143052 0.190261 0.0217316 0.863709 0.450496 0.770891 0.35804 0.959498 0.0212665 0.980934 0.859488 0.210438 
35 33 0 27 44 50 13 
0.186702 0.200163 0.90045 0.0744898 0.729898 0.669769 0.235369 0.648483 0.447911 0.510558 0.639716 0.368912 0.74814 0.782768 0.559173 0.769871 0.646477 0.00966932 0.540762 0.00451648 0.969167 0.562029 0.985451 0.828656 0.772466 0.340976 0.671569 0.30737 0.895447 0.161008 0.320482 0.082149 0.361171 0.220932 0.156639 0.0910688 0.890701 0.392008 0.739552 0.338611 0.902565 0.379268 0.707523 0.650705 0.162036 0.266696 0.420576 0.808513 0.276365 0.961339 0.813029 0.245533 0.523367 0.79848 0.0741883 0.295834 0.139456 0.745757 0.603203 0.0349023 0.906765 0.923686 0.117051 0.267937 0.144618 0.27369 0.359006 0.0353183 0.665698 0.0985575 0.37393 0.568263 0.477825 0.0814527 0.218968 0.639861 0.348149 0.639544 0.448373 0.624514 0.600882 0.261402 0.870047 0.12425 0.0598822 0.944235 0.420084 0.199338 0.689992 0.0232868 0.23424 0.596758 0.946972 0.351291 0.864694 0.0915899 0.624982 0.2237 0.126908 0.290679 0.322258 0.500838 0.858942 0.800083 0.582291 0.0779099 0.439944 0.930439 0.717454 0.888317 0.554953 0.318336 0.149719 0.425 0.442586 0.209602 0.369235 0.86267 0.408939 0.0592272 0.885956 0.643179 0.655985 0.832929 0.994471 0.520679 0.924519 0.619452 
36 40 49 30 23 41 25 
0.846983 0.306663 0.0649947 0.564437 0.19498 0.619948 0.882774 0.3447 0.044948 0.32536 0.554302 0.414183 0.188029 0.963241 0.47341 0.0739858 0.60642 0.129395 0.906915 0.600891 0.650074 0.831433 0.220344 0.394454 0.88286 0.130475 0.461091 0.435125 0.899549 0.327811 0.569681 0.746532 0.634474 0.634675 0.310969 0.829454 0.254623 0.193743 0.174154 0.299571 0.519103 0.728456 0.713754 0.707132 0.691697 0.187164 0.781118 0.298117 0.316559 0.688032 0.899008 0.966634 0.519466 0.119352 0.361087 0.402326 0.249827 0.822178 0.837452 0.149376 0.149989 0.407132 0.895908 0.784463 0.0418076 0.206877 0.613917 0.296431 0.40062 0.788072 0.596002 0.919723 0.516528 0.309756 0.626855 0.208224 0.496921 0.407972 0.506342 0.81348 0.096005 0.40535 0.780113 0.615471 0.524702 0.141201 0.0177972 0.774529 0.963379 0.855249 0.923904 0.113368 0.262381 0.819812 0.897831 0.304189 0.0266889 0.511749 0.600619 0.427309 0.29982 0.196622 0.347032 0.816348 0.506378 0.973886 0.0245723 0.00329868 0.381859 0.530914 0.816778 0.477864 0.936264 0.596892 0.0933345 0.460965 0.738093 0.111132 0.235494 0.701472 0.966381 0.159398 0.81484 0.228762 0.97921 0.712671 0.53295 0.00589918 
37 12 43 9 28 39 54 
0.340588 0.836569 0.754126 0.36516 0.839868 0.135984 0.896074 0.656646 0.613848 0.832338 0.253538 0.707183 0.293303 0.991631 0.818314 0.528798 0.693103 0.784695 0.688196 0.507943 0.0134564 0.667406 0.220615 0.546406 0.673306 0.445035 0.679976 0.106514 0.969275 0.0101672 0.886753 0.309863 0.846737 0.640879 0.675024 0.686605 0.776863 0.571098 0.343251 0.390711 0.403436 0.596789 0.0978938 0.696739 0.58842 0.916208 0.225537 0.281523 0.700903 0.913733 0.789467 0.714359 0.581139 0.0100812 0.260766 0.254445 0.455116 0.940742 0.360958 0.424391 0.950909 0.247711 0.734254 0.797645 0.88859 0.409277 0.48425 0.665453 0.980375 0.827501 0.0561643 0.383811 0.42429 0.154058 0.0805497 0.0127107 0.0702661 0.306086 0.294234 0.771169 0.219819 0.0837007 0.485528 0.800958 0.0937819 0.746294 0.0554025 0.548898 0.687036 0.416361 0.973288 0.637945 0.664072 0.707542 0.43559 0.552662 0.116819 0.91984 0.218115 0.0971939 0.747341 0.274279 0.481004 0.171631 0.428337 0.561554 0.184342 0.498603 0.86764 0.478576 0.269772 0.0874594 0.562277 0.7553 0.888417 0.656059 0.501594 0.94382 0.204956 0.18863 0.36018 0.178245 0.826575 0.024252 0.885786 0.262165 0.576914 0.00260537 
38 44 50 0 52 1 39 
0.100976 0.497644 0.142358 0.285318 0.996248 0.00999812 0.763894 0.26602 0.0974575 0.326171 0.0213202 0.985875 0.98223 0.522915 0.929695 0.187186 0.711545 0.289875 0.36543 0.538119 0.314127 0.251217 0.800284 0.891041 0.253822 0.982288 0.686069 0.353621 0.911634 0.755376 0.934425 0.01261 0.253021 0.0767828 0.297928 0.249268 0.0867809 0.0618227 0.515288 0.184238 0.387994 0.536608 0.170113 0.370223 0.0595228 0.0998079 0.557409 0.771067 0.389683 0.92284 0.309187 0.70381 0.174056 0.109471 0.594851 0.427879 0.0917588 0.28092 0.7815 0.00339231 0.0362959 0.715925 0.0160023 0.289316 0.792708 0.313931 0.538585 0.879489 0.375753 0.0538725 0.0637273 0.763747 0.590481 0.233841 0.13397 0.650003 0.333649 0.69138 0.421071 0.723331 0.614219 0.730258 0.427142 0.788276 0.839728 0.0219923 0.216154 0.931487 0.302912 0.997654 0.934879 0.339208 0.71358 0.950882 0.628524 0.506288 0.264812 0.167109 0.385776 0.640566 0.220981 0.449504 0.404313 0.811462 0.683344 0.538283 0.461465 0.0169929 0.229663 0.882536 0.740324 0.843882 0.612794 0.167466 0.632158 0.452522 0.189458 0.848313 0.384009 0.49237 0.845967 0.318888 0.831578 0.559547 0.26977 0.460102 0.0658342 0.534582 
39 47 51 24 55 44 32 
0.659654 0.584459 0.117744 0.121119 0.601452 0.347408 0.00365557 0.341776 0.19129 0.616449 0.509242 0.823448 0.0689714 0.6987 0.671761 0.45298 0.19107 0.517728 0.771869 0.0226483 0.0772743 0.0416386 0.48275 0.143109 0.576221 0.109961 0.594719 0.751369 0.958154 0.495834 0.33083 0.617808 0.0802927 0.448574 0.738927 0.681744 0.795982 0.742583 0.0235206 0.987272 0.359032 0.532763 0.81072 0.428004 0.231463 0.482481 0.880984 0.422533 0.000208163 0.652853 0.445182 0.0774824 0.694491 0.927932 0.220591 0.270712 0.0378935 0.81531 0.022081 0.996047 0.311144 0.352911 0.613855 0.391437 0.801485 0.352782 0.0731811 0.597467 0.095365 0.0967017 0.584739 0.454397 0.629464 0.395459 0.882401 0.860927 0.87794 0.763385 0.283461 0.878148 0.416237 0.728642 0.95563 0.110729 0.656574 0.176221 0.381441 0.694468 0.991531 0.403522 0.690515 0.302675 0.756433 0.30437 0.694112 0.557918 0.657152 0.767293 0.155385 0.752517 0.863995 0.740125 0.206915 0.493459 0.135584 0.0893154 0.354387 0.0135237 0.8527 0.637847 0.891672 0.268938 0.36649 0.847302 0.379666 0.0230643 0.0235232 0.761107 0.717532 0.0150547 0.164629 0.408047 0.31773 0.921062 0.712418 0.011842 0.47898 0.36957 
40 18 56 46 29 9 20 
0.136589 0.510074 0.418317 0.490976 0.523597 0.271018 0.128823 0.415269 0.539955 0.495313 0.262571 0.919622 0.518377 0.286094 0.680729 0.23591 0.301149 0.845357 0.643957 0.618879 0.766419 0.356375 0.630721 0.245399 0.725945 0.409856 0.879764 0.848032 0.052986 0.254254 0.177034 0.189575 0.764328 0.595352 0.680551 0.287925 0.866369 0.809374 0.703194 0.406324 0.304688 0.965765 0.325946 0.823065 0.251859 0.0066746 0.0589747 0.553008 0.852032 0.702932 0.171887 0.618451 0.0593065 0.802608 0.86385 0.785251 0.212464 0.743614 0.633283 0.26545 0.997868 0.810317 0.455025 0.762195 0.405669 0.135577 0.0501204 0.272038 0.944951 0.753315 0.678363 0.249639 0.71908 0.00430867 0.0727036 0.970939 0.0109833 0.131678 0.523947 0.863015 0.83461 0.695835 0.481466 0.893917 0.498443 0.345316 0.679168 0.710907 0.0889302 0.312451 0.976357 0.0867979 0.122769 0.431383 0.848993 0.528438 0.566959 0.899114 0.800476 0.51191 0.652428 0.478839 0.761549 0.371508 0.483147 0.834252 0.342447 0.494131 0.965931 0.866394 0.357146 0.800541 0.562229 0.838612 0.694457 0.0606716 0.183929 0.373625 0.771578 0.272859 0.686076 0.747936 0.359657 0.808845 0.179318 0.20865 0.337282 0.746277 
41 29 25 45 22 31 26 
0.1317 0.0997441 0.853988 0.474146 0.593875 0.819919 0.340541 0.951021 0.620459 0.90277 0.789633 0.314917 0.963441 0.973562 0.688541 0.73502 0.246421 0.374617 0.482955 0.606078 0.183462 0.662273 0.814728 0.520744 0.408551 0.922492 0.658502 0.666738 0.682683 0.275099 0.686474 0.814383 0.374843 0.540463 0.288529 0.968718 0.360381 0.62907 0.919739 0.980841 0.53184 0.709372 0.295758 0.495281 0.682934 0.984299 0.230301 0.929355 0.358916 0.713256 0.535432 0.542378 0.375529 0.35016 0.0631226 0.78408 0.272652 0.721625 0.450818 0.955336 0.996724 0.137292 0.769719 0.371568 0.677755 0.058248 0.340286 0.0381361 0.687318 0.260024 0.018977 0.219158 0.969396 0.314735 0.714439 0.65233 0.299033 0.94474 0.581684 0.65795 0.657996 0.117117 0.200328 0.0335251 0.467277 0.263451 0.817605 0.739929 0.985076 0.268423 0.695265 0.9818 0.405715 0.464983 0.353368 0.0834696 0.523231 0.693654 0.121606 0.21055 0.953678 0.140583 0.429708 0.923074 0.455317 0.144147 0.575404 0.754351 0.0888866 0.157088 0.412301 0.746882 0.274205 0.612629 0.780407 0.741482 0.87608 0.598012 0.481411 0.861156 0.866435 0.176676 0.842956 0.27215 0.64166 0.196324 0.35562 0.164891 
42 12 49 50 15 2 51 
0.76673 0.0731256 0.949295 0.342134 0.827476 0.0381817 0.499222 0.239777 0.785064 0.773427 0.852406 0.565471 0.514909 0.728485 0.163484 0.996321 0.589641 0.0299192 0.172997 0.432597 0.30207 0.814657 0.628921 0.657689 0.979548 0.518898 0.134915 0.354989 0.362554 0.752723 0.160137 0.129284 0.825849 0.109432 0.471417 0.653325 0.147614 0.970639 0.893102 0.932678 0.744066 0.745508 0.49815 0.258975 0.473994 0.661633 0.255296 0.0636347 0.691553 0.428293 0.496232 0.993622 0.24295 0.125153 0.651312 0.222498 0.644051 0.786227 0.577487 0.00660486 0.53895 0.737624 0.135888 0.364799 0.847056 0.607306 0.0181246 0.99467 0.577945 0.911227 0.927349 0.322011 0.656735 0.425498 0.580987 0.130729 0.0871315 0.836283 0.194363 0.778684 0.264576 0.690595 0.772306 0.507526 0.815748 0.423618 0.730024 0.459799 0.209844 0.307511 0.466404 0.748794 0.0451349 0.602292 0.113594 0.892191 0.209598 0.131718 0.886862 0.787543 0.0429453 0.81421 0.109555 0.69968 0.239708 0.690542 0.830409 0.32684 0.526825 0.0247726 0.105524 0.791401 0.715368 0.87783 0.298927 0.531116 0.301448 0.028951 0.990915 0.511292 0.336462 0.457318 0.260087 0.381597 0.0596106 0.37368 0.273788 0.269209 
43 50 34 30 20 32 14 
0.248024 0.214569 0.856848 0.0784333 0.541408 0.383673 0.103206 0.646932 0.175073 0.818574 0.524763 0.474 0.34969 0.82621 0.502951 0.340604 0.337502 0.839413 0.797923 0.597589 0.22101 0.857533 0.971269 0.494798 0.126742 0.476668 0.655448 0.183494 0.0250115 0.630308 0.3498 0.273036 0.844877 0.206648 0.351469 0.386285 0.590321 0.454675 0.0332177 0.765394 0.273249 0.55798 0.239395 0.622938 0.384191 0.742346 0.963542 0.721693 0.58176 0.761465 0.319282 0.80277 0.618998 0.290551 0.297568 0.74574 0.767219 0.953016 0.929234 0.792231 0.583324 0.279034 0.0652662 0.428201 0.485682 0.416735 0.814486 0.0760033 0.87141 0.847704 0.841398 0.144659 0.405684 0.0807925 0.767597 0.789875 0.823139 0.73114 0.511568 0.404898 0.492605 0.83085 0.207668 0.111603 0.121401 0.505236 0.857343 0.88862 0.458252 0.786577 0.680851 0.0415761 0.0656112 0.746117 0.469777 0.551294 0.162852 0.284263 0.627297 0.0342624 0.131967 0.468695 0.178921 0.537651 0.549487 0.946519 0.327525 0.372626 0.677658 0.839093 0.777524 0.170263 0.669943 0.985192 0.281866 0.791344 0.490428 0.139209 0.679964 0.94868 0.925787 0.360815 0.990256 0.991398 0.106932 0.460033 0.542691 0.269784 
44 1 27 23 11 22 12 
0.413914 0.18817 0.429486 0.741439 0.560796 0.107145 0.580533 0.33832 0.277408 0.250476 0.323513 0.559274 0.0418198 0.813941 0.698484 0.721784 0.762621 0.62427 0.0825991 0.752878 0.615668 0.189531 0.212911 0.158359 0.459315 0.957207 0.328348 0.763362 0.83347 0.967031 0.24633 0.247384 0.155201 0.675816 0.988824 0.715997 0.782961 0.569357 0.0543173 0.0603687 0.819832 0.37783 0.619643 0.861652 0.191771 0.318126 0.583436 0.954392 0.942396 0.666035 0.70727 0.558064 0.855566 0.920181 0.716424 0.314881 0.877388 0.0447714 0.0782432 0.710859 0.011802 0.324573 0.958243 0.167003 0.000388741 0.947067 0.883 0.78335 0.516424 0.937317 0.843718 0.336256 0.315147 0.463361 0.197908 0.506918 0.781487 0.781344 0.461311 0.723884 0.447379 0.168581 0.281948 0.302946 0.0887616 0.998372 0.617827 0.96615 0.0431434 0.69607 0.677009 0.0549455 0.0206431 0.635252 0.221948 0.0210318 0.582319 0.104948 0.804381 0.098743 0.0422648 0.6481 0.434999 0.357412 0.111461 0.632907 0.86433 0.892948 0.414251 0.32564 0.616832 0.861631 0.494221 0.89878 0.164576 0.582983 0.897152 0.782404 0.549132 0.940295 0.478474 0.226141 0.995241 0.499117 0.861393 0.217189 0.520149 0.443712 
45 12 44 50 27 52 2 
0.721814 0.0840904 0.610362 0.586144 0.977038 0.024613 0.911784 0.59387 0.886244 0.406005 0.49265 0.0508203 0.988987 0.389802 0.833224 0.53812 0.330097 0.311698 0.764261 0.325338 0.810815 0.625654 0.542527 0.330964 0.0693666 0.864665 0.655494 0.611822 0.229066 0.628124 0.589276 0.95088 0.712215 0.199638 0.537024 0.689253 0.224251 0.448808 0.283123 0.110495 0.854813 0.775773 0.161315 0.8438 0.165575 0.994539 0.38192 0.495672 0.306237 0.146181 0.821011 0.117053 0.771835 0.363538 0.448017 0.841202 0.228203 0.103511 0.453024 0.457269 0.731636 0.0423005 0.408149 0.44385 0.241939 0.945173 0.133103 0.46619 0.393981 0.416227 0.576685 0.248793 0.192 0.738 0.0925935 0.357575 0.732539 0.474514 0.853247 0.0387768 0.620695 0.674258 0.155829 0.39253 0.0377963 0.603846 0.233732 0.265999 0.707357 0.686756 0.723268 0.438993 0.729057 0.131418 0.882843 0.970995 0.0765906 0.0159465 0.437185 0.470571 0.432173 0.0138699 0.719365 0.624173 0.75187 0.811958 0.981748 0.48441 0.286472 0.834995 0.523186 0.907167 0.509253 0.679016 0.299697 0.547049 0.282862 0.533429 0.813048 0.990219 0.220185 0.536317 0.429212 0.949242 0.667734 0.312055 0.920237 0.744325 
46 14 41 52 9 2 6 
0.384347 0.123162 0.746219 0.366095 0.607571 0.0326913 0.20109 0.130758 0.939858 0.710343 0.809773 0.239555 0.257393 0.0926351 0.772983 0.0704411 0.082854 0.993168 0.606758 0.512066 0.94241 0.274492 0.82412 0.862647 0.0188168 0.152121 0.220069 0.233713 0.912296 0.59136 0.167974 0.296643 0.714522 0.914193 0.662738 0.322093 0.946885 0.863828 0.452851 0.886743 0.574171 0.262624 0.126297 0.831564 0.355259 0.899281 0.902005 0.438113 0.892449 0.508763 0.950179 0.834859 0.783255 0.774299 0.697506 0.802072 0.926421 0.917575 0.0357847 0.838717 0.508935 0.203759 0.13536 0.223457 0.117952 0.798098 0.54555 0.0648371 0.661926 0.998401 0.95158 0.236097 0.261026 0.0778772 0.0676611 0.616285 0.977158 0.969666 0.0543984 0.869607 0.478429 0.00457745 0.704467 0.261684 0.778877 0.401973 0.0637557 0.705298 0.319548 0.0995404 0.544014 0.828483 0.303299 0.679374 0.0519399 0.421251 0.477472 0.59749 0.486089 0.139397 0.595892 0.437668 0.375495 0.856917 0.515546 0.443156 0.473203 0.492704 0.412822 0.527601 0.362311 0.891251 0.532178 0.0667778 0.152935 0.311055 0.468751 0.216691 0.0163528 0.788298 0.316231 0.560367 0.616781 0.61953 0.239741 0.668721 0.0407818 0.717213 
47 56 19 13 40 16 10 
0.480085 0.67526 0.192223 0.972788 0.0880824 0.719824 0.335099 0.979333 0.252002 0.401877 0.132269 0.563058 0.870628 0.348959 0.579411 0.658926 0.66519 0.139778 0.275707 0.284721 0.379518 0.944428 0.325503 0.0967311 0.210639 0.852373 0.953341 0.0727422 0.816912 0.185446 0.791763 0.296997 0.860706 0.983986 0.269785 0.948789 0.70381 0.604884 0.928122 0.955813 0.00676133 0.0603907 0.51887 0.877389 0.40935 0.0982807 0.536315 0.0745405 0.238058 0.812022 0.359261 0.617577 0.75645 0.684764 0.714308 0.967089 0.537137 0.667649 0.0398315 0.354049 0.853095 0.831594 0.651046 0.713801 0.81558 0.920831 0.66259 0.51939 0.525715 0.590712 0.475203 0.532476 0.651103 0.994073 0.409865 0.0604527 0.0923536 0.94618 0.134993 0.330412 0.758203 0.494255 0.947989 0.514653 0.179019 0.662296 0.481742 0.716156 0.329945 0.521573 0.0702052 0.18304 0.353168 0.721251 0.896841 0.168748 0.642082 0.559431 0.688138 0.167796 0.150143 0.163341 0.700273 0.801246 0.157414 0.110138 0.861698 0.249768 0.0563182 0.996691 0.580179 0.814521 0.490946 0.528168 0.329174 0.669965 0.190464 0.810916 0.386121 0.52041 0.332489 0.456326 0.70345 0.685657 0.177577 0.600291 0.854405 0.819658 
48 49 42 9 32 7 38 
0.111111 0.863298 0.797865 0.972809 0.113065 0.854183 0.969501 0.693245 0.668704 0.460447 0.221413 0.997878 0.130412 0.411877 0.808793 0.516532 0.932287 0.141282 0.972858 0.635737 0.826939 0.150435 0.236028 0.681344 0.970093 0.395751 0.223887 0.957548 0.705616 0.929771 0.645275 0.816727 0.793068 0.44314 0.789536 0.906134 0.297324 0.759037 0.599378 0.966028 0.219484 0.820791 0.963905 0.349896 0.232668 0.772699 0.866428 0.164955 0.913981 0.839286 0.800692 0.74092 0.989721 0.0367207 0.422263 0.959814 0.432471 0.64615 0.917362 0.138088 0.57592 0.562638 0.954815 0.368989 0.00577795 0.744351 0.275122 0.303102 0.503388 0.874501 0.269129 0.722872 0.695292 0.233035 0.0727679 0.92796 0.00573339 0.939196 0.0929156 0.919714 0.778482 0.893608 0.660634 0.768202 0.930329 0.0828967 0.728017 0.3628 0.729046 0.645379 0.500888 0.304967 0.208016 0.455702 0.673955 0.213794 0.200053 0.949077 0.516896 0.703442 0.823578 0.786025 0.426314 0.51887 0.01906 0.499082 0.44683 0.0247934 0.438277 0.539746 0.944507 0.216759 0.433354 0.605141 0.984962 0.363682 0.688038 0.712978 0.726482 0.417084 0.358357 0.22737 0.722051 0.566373 0.683072 0.396006 0.780167 0.883125 
49 52 0 34 7 42 35 
0.102148 0.511962 0.134362 0.126941 0.95024 0.674107 0.0714487 0.166999 0.107461 0.67659 0.15196 0.471143 0.364627 0.864938 0.197625 0.781712 0.223295 0.424995 0.503762 0.789668 0.108067 0.899768 0.569835 0.991192 0.244852 0.866898 0.577759 0.413513 0.949985 0.59064 0.101045 0.0521332 0.102602 0.235406 0.179074 0.0528422 0.909514 0.250523 0.219841 0.016975 0.927113 0.371802 0.488118 0.29174 0.23674 0.685744 0.0734519 0.460035 0.110739 0.577214 0.249703 0.218806 0.476983 0.819538 0.209998 0.721834 0.686436 0.787758 0.135348 0.636421 0.378398 0.236392 0.688554 0.481 0.471799 0.867629 0.533842 0.381313 0.118152 0.753683 0.398288 0.0452646 0.125485 0.886406 0.337005 0.362225 0.57215 0.410457 0.82226 0.682889 0.987671 0.0719631 0.901695 0.464654 0.891501 0.111693 0.186488 0.577937 0.899451 0.321836 0.214358 0.277848 0.558228 0.902912 0.758848 0.0300271 0.77054 0.29269 0.41134 0.888692 0.0463735 0.809628 0.933957 0.171858 0.696034 0.270962 0.534083 0.268183 0.681418 0.356343 0.951072 0.669089 0.428306 0.852767 0.133743 0.319807 0.96446 0.320231 0.897744 0.863911 0.642067 0.112102 0.141759 0.200295 0.0150136 0.900607 0.230322 0.785554 
50 55 1 42 51 53 23 
0.411529 0.147324 0.879164 0.945612 0.415507 0.560583 0.301955 0.366579 0.229672 0.730261 0.219346 0.363415 0.0500683 0.183806 0.683647 0.947812 0.0477166 0.325714 0.0599141 0.189476 0.526009 0.0749277 0.0900827 0.756331 0.860482 0.28338 0.397994 0.534728 0.523051 0.849284 0.14293 0.93458 0.996608 0.0220945 0.880193 0.412115 0.582677 0.182148 0.778694 0.812349 0.912409 0.99804 0.175764 0.962477 0.181846 0.859411 0.910289 0.229563 0.185124 0.970203 0.419039 0.711133 0.0451311 0.509121 0.467465 0.905613 0.792502 0.865459 0.44034 0.315553 0.714742 0.583271 0.250133 0.71135 0.605365 0.130326 0.123465 0.188042 0.312473 0.902159 0.000391088 0.224882 0.9002 0.176155 0.187359 0.0820463 0.0355659 0.0976482 0.311609 0.22069 0.0678515 0.730648 0.931824 0.112983 0.239769 0.399288 0.0185954 0.032271 0.264747 0.458936 0.347824 0.979489 0.0422065 0.597957 0.690839 0.647572 0.728283 0.814304 0.835614 0.0407562 0.716464 0.836005 0.265638 0.616663 0.0121602 0.452997 0.69871 0.047726 0.550645 0.0103192 0.268416 0.618497 0.740967 0.20024 0.731479 0.980737 0.599528 0.750075 0.0130075 0.864275 0.20901 0.360831 0.843764 0.251217 0.958788 0.534603 0.898789 0.687071 
51 55 28 39 46 27 37 
0.682035 0.582568 0.446463 0.380744 0.630294 0.997108 0.391064 0.89871 0.615604 0.132031 0.0989497 0.347084 0.112767 0.698478 0.0971584 0.125775 0.562753 0.306169 0.486606 0.406517 0.557386 0.445395 0.94112 0.456175 0.132466 0.290027 0.190577 0.860293 0.355399 0.760985 0.853759 0.0374333 0.343552 0.300221 0.418178 0.973846 0.297329 0.809241 0.872556 0.912933 0.941272 0.971506 0.260017 0.0540398 0.669983 0.357175 0.179815 0.232736 0.663344 0.666421 0.639253 0.22073 0.111816 0.580373 0.676905 0.244282 0.8704 0.867482 0.104575 0.225799 0.628467 0.958334 0.263232 0.972019 0.258555 0.68141 0.945865 0.555884 0.490651 0.818421 0.468817 0.431924 0.789926 0.728834 0.485963 0.45991 0.0860094 0.665778 0.692646 0.749354 0.332199 0.331898 0.970084 0.444015 0.912271 0.646989 0.688296 0.782671 0.514471 0.792871 0.00846955 0.142937 0.751205 0.271701 0.114956 0.0097595 0.953111 0.0608208 0.565643 0.443762 0.879241 0.0344602 0.875686 0.669168 0.763294 0.361649 0.129078 0.849304 0.0274275 0.821723 0.598657 0.359627 0.153622 0.568741 0.803642 0.0658928 0.21573 0.491938 0.848564 0.730201 0.284809 0.857033 0.873138 0.036014 0.128735 0.988094 0.0457735 0.081846 
52 23 3 43 9 33 10 
0.409171 0.762944 0.726401 0.258475 0.790371 0.548125 0.857132 0.149998 0.701747 0.425873 0.95364 0.767639 0.641603 0.445578 0.616203 0.371804 0.730387 0.473236 0.244942 0.766401 0.601971 0.233036 0.812174 0.683817 0.28195 0.423591 0.209426 0.210106 0.0694679 0.61072 0.80743 0.478639 0.373664 0.533831 0.737114 0.164035 0.0819562 0.594246 0.314033 0.783703 0.0201195 0.267672 0.551342 0.661723 0.71325 0.167545 0.033527 0.443637 0.640782 0.278469 0.210038 0.242753 0.511504 0.0222119 0.92657 0.793455 0.445803 0.135996 0.00356082 0.515271 0.746716 0.810991 0.99391 0.12038 0.344822 0.731024 0.284415 0.426779 0.32527 0.598447 0.210481 0.345389 0.86612 0.761824 0.00711206 0.57937 0.929369 0.040639 0.0230065 0.570151 0.319108 0.233044 0.812904 0.830612 0.255256 0.739474 0.624067 0.701059 0.87547 0.627628 0.21633 0.622186 0.438619 0.210239 0.742566 0.783441 0.941263 0.0269803 0.210219 0.266533 0.625428 0.420701 0.611922 0.491548 0.182525 0.619034 0.0709173 0.111894 0.659673 0.0939238 0.682045 0.978781 0.326968 0.494949 0.809393 0.582224 0.234423 0.43346 0.283283 0.109894 0.0610878 0.499612 0.73208 0.499706 0.709852 0.474646 0.283147 0.651115 
53 44 21 18 37 52 51 
0.148604 0.689519 0.208486 0.808277 0.783442 0.890531 0.787058 0.11041 0.38548 0.596451 0.692634 0.619903 0.0299114 0.975917 0.729797 0.0909992 0.475529 0.461877 0.590706 0.185381 0.936523 0.873853 0.836495 0.438149 0.36722 0.754143 0.565203 0.281287 0.283713 0.183804 0.37788 0.432317 0.873323 0.586366 0.240594 0.656765 0.476897 0.0276522 0.767175 0.862376 0.624104 0.459809 0.48228 0.654015 0.435726 0.212077 0.745014 0.911255 0.673954 0.33572 0.0966353 0.610477 0.209573 0.933131 0.0486256 0.576792 0.687274 0.613828 0.858079 0.970987 0.797633 0.235959 0.403304 0.670955 0.822325 0.643898 0.32772 0.299221 0.67155 0.0948959 0.161598 0.295654 0.554705 0.643878 0.949669 0.990431 0.855954 0.694683 0.901686 0.529908 0.0304026 0.998321 0.140385 0.239975 0.931452 0.18901 0.816767 0.618726 0.802839 0.674847 0.589713 0.600471 0.910806 0.993017 0.271427 0.733131 0.636915 0.599147 0.032352 0.308465 0.694043 0.19395 0.604119 0.248748 0.837827 0.553788 0.23918 0.693782 0.248471 0.140866 0.22369 0.278874 0.139187 0.364075 0.518849 0.070639 0.553085 0.335616 0.689365 0.355924 0.0104629 0.279078 0.956395 0.921269 0.272095 0.227822 0.654399 0.90901 
54 45 13 36 7 48 52 
0.76976 0.718529 0.375382 0.00894002 0.41231 0.623853 0.149806 0.636 0.902727 0.288993 7.46395e-05 0.421576 0.359632 0.55316 0.757192 0.0489966 0.909083 0.767655 0.328074 0.865478 0.688923 0.600169 0.0933001 0.343323 0.509179 0.920269 0.0300744 0.726654 0.441281 0.910776 0.548248 0.211041 0.629305 0.92363 0.219981 0.0416149 0.547484 0.369787 0.677615 0.450211 0.65878 0.67769 0.871786 0.0184115 0.230849 0.628978 0.0674081 0.139932 0.396632 0.395482 0.00541084 0.0855558 0.995651 0.098711 0.428879 0.50483 0.01898 0.458953 0.231483 0.460261 0.369729 0.779731 0.671302 0.999033 0.703362 0.891284 0.0406483 0.250845 0.261071 0.718263 0.701056 0.919851 0.395953 0.572842 0.938262 0.626802 0.20182 0.00567046 0.766735 0.598452 0.401153 0.772145 0.684008 0.396804 0.870856 0.112886 0.901634 0.889836 0.571839 0.133117 0.350097 0.941568 0.912849 0.0213999 0.940602 0.61621 0.912684 0.98125 0.867056 0.173755 0.699513 0.568111 0.0936056 0.0954662 0.140953 0.031868 0.722268 0.342773 0.0375385 0.489003 0.941225 0.438691 0.261148 0.625233 0.835495 0.132005 0.738119 0.737129 0.0218412 0.309959 0.870247 0.371939 0.251527 0.783095 0.393339 0.192129 0.399305 0.306022 
55 6 53 37 52 33 10 
0.968358 0.975425 0.605251 0.690626 0.318198 0.642789 0.179629 0.259423 0.0814805 0.440778 0.884656 0.916976 0.572783 0.622775 0.654105 0.594624 0.932734 0.524352 0.966562 0.184261 0.307447 0.359901 0.37639 0.706752 0.665923 0.549768 0.973113 0.1457 0.42266 0.807585 0.719083 0.391018 0.783011 0.324333 0.0816448 0.101209 0.967123 0.261274 0.360633 0.0486031 0.702052 0.245289 0.965579 0.274834 0.868064 0.619684 0.869458 0.800798 0.144036 0.83602 0.985058 0.451483 0.195921 0.361448 0.158235 0.861844 0.911216 0.131348 0.0075444 0.333877 0.938934 0.726627 0.724895 0.721945 0.0509607 0.80654 0.823154 0.0180833 0.0678141 0.183786 0.0666865 0.769866 0.429075 0.0322655 0.0447004 0.297139 0.65195 0.914158 0.0979363 0.795985 0.750179 0.0829948 0.247468 0.9461 0.444443 0.405703 0.807944 0.355659 0.537051 0.815489 0.689536 0.475985 0.542116 0.414431 0.19793 0.593077 0.220971 0.0210834 0.61116 0.288785 0.20487 0.677846 0.058651 0.633945 0.710112 0.103351 0.931083 0.362062 0.0175099 0.0290197 0.158047 0.767689 0.112015 0.405515 0.713789 0.556457 0.811218 0.521733 0.912117 0.34827 0.337222 0.601653 0.824254 0.879338 0.0160837 0.022184 0.472415 0.237055 
56 9 30 33 52 38 48 
0.687842 0.813165 0.833594 0.705352 0.842185 0.991641 0.473041 0.9542 0.397156 0.18683 0.510657 0.208375 0.708563 0.422774 0.556644 0.045785 0.0244264 0.380899 0.925123 0.0405101 0.403083 0.397538 0.277565 0.44635 0.481112 0.803404 0.694487 0.242533 0.387895 0.576569 0.714066 0.0757374 0.389735 0.54766 0.78109 0.23192 0.539302 0.25413 0.186119 0.936458 0.44096 0.696777 0.144833 0.149523 0.11955 0.701477 0.195308 0.143977 0.0823755 0.120431 0.184487 0.485458 0.517969 0.462052 0.931808 0.999081 0.265456 0.626296 0.241614 0.653351 0.202865 0.95568 0.729089 0.5926 0.50334 0.510178 0.824519 0.0426421 0.764309 0.0106388 0.9791 0.205269 0.707415 0.123933 0.354792 0.826966 0.82541 0.5501 0.970942 0.907785 0.670531 0.155429 0.393243 0.1885 0.617481 0.325052 0.187581 0.882937 0.951347 0.429195 0.536288 0.154212 0.384875 0.265376 0.746812 0.888216 0.775555 0.571331 0.930858 0.539863 0.58197 0.909958 0.745132 0.289385 0.0338906 0.0999238 0.116351 0.8593 0.650024 0.0872929 0.767085 0.320555 0.242722 0.160329 0.509055 0.860202 0.48538 0.696636 0.743139 0.436727 0.125831 0.279427 0.59094 0.510706 0.544803 0.337751 0.398922 0.320358 
