86 3
0 0 0 1 1 0 1 1 1 0 0 0 1 0 0 0 1 0 1 1 1 1 0 0 1 0 0 1 1 1 0 1 0 1 1 1 0 1 1 0 0 0 1 0 0 0 0 0 1 0 0 1 0 1 1 0 0 0 0 1 0 1 1 1 1 1 1 0 1 1 1 1 1 0 0 0 1 1 1 0 0 1 0 0 1 0 
0 72 32 
0.651377 0.967051 0.173414 0.604108 0.240466 0.516588 0.501944 0.90516 
1 60 74 
0.41577 0.718153 0.685572 0.740884 0.630272 0.90132 0.265835 0.54405 
2 70 28 
0.731459 0.650908 0.843166 0.857242 0.677144 0.798286 0.639555 0.493333 
3 54 27 
0.697079 0.851249 0.191397 0.870493 0.455357 0.431863 0.387081 0.957301 
4 55 31 
0.16423 0.752794 0.306631 0.849801 0.493678 0.936903 0.751121 0.759513 
5 50 57 
0.904497 0.212412 0.969231 0.747663 0.0696539 0.646376 0.545949 0.709209 
6 63 56 
0.933555 0.836787 0.59707 0.124952 0.70728 0.0524267 0.556815 0.0943616 
7 74 11 
0.682839 0.173957 0.646632 0.98947 0.0237589 0.140309 0.926374 0.77488 
8 84 23 
0.80432 0.619739 0.0624345 0.551983 0.689393 0.70881 0.097932 0.398602 
9 27 51 
0.332157 0.685306 0.440823 0.457109 0.392587 0.493249 0.0139236 0.486949 
10 71 48 
0.169788 0.676934 0.554394 0.159258 0.700693 0.694703 0.0856323 0.475573 
11 71 81 
0.568776 0.398845 0.112699 0.631211 0.950828 0.802092 0.340021 0.0487595 
12 64 27 
0.892512 0.532851 0.873846 0.333335 0.98996 0.266433 0.826584 0.0038837 
13 37 78 
0.911645 0.92317 0.00649493 0.466039 0.0824284 0.707188 0.160742 0.168061 
14 16 64 
0.66102 0.751537 0.154112 0.773718 0.382748 0.104939 0.57581 0.722769 
15 82 68 
0.911309 0.0462111 0.309356 0.785156 0.379546 0.299316 0.0515889 0.20613 
16 12 55 
0.535691 0.214845 0.728141 0.542186 0.680884 0.810569 0.249374 0.841626 
17 56 16 
0.596893 0.63965 0.183672 0.751005 0.413368 0.56642 0.855944 0.989178 
18 75 51 
0.765683 0.200499 0.0558536 0.0750383 0.985655 0.4354 0.374354 0.0372435 
19 47 14 
0.17722 0.892399 0.570355 0.719406 0.573283 0.380924 0.96878 0.414909 
20 27 45 
0.0118015 0.999203 0.584586 0.762806 0.412571 0.151007 0.61875 0.401749 
21 67 66 
0.167432 0.640695 0.684246 0.24247 0.62635 0.119646 0.616824 0.663593 
22 8 78 
0.505808 0.938395 0.186777 0.0761624 0.657801 0.760059 0.457086 0.626581 
23 31 55 
0.0274954 0.186769 0.815843 0.612082 0.949575 0.228414 0.763088 0.568325 
24 3 43 
0.196718 0.797596 0.84398 0.880964 0.0400658 0.47033 0.000609501 0.65689 
25 55 68 
0.951268 0.639731 0.70018 0.138045 0.715893 0.357981 0.898104 0.17298 
26 31 20 
0.989619 0.0120579 0.259841 0.805463 0.62414 0.209416 0.0338768 0.387228 
27 50 33 
0.590513 0.974459 0.461636 0.434493 0.855423 0.501702 0.904823 0.856033 
28 31 26 
0.617817 0.10986 0.678477 0.317997 0.247905 0.39437 0.675979 0.146009 
29 34 38 
0.219081 0.556969 0.672599 0.478921 0.362432 0.296739 0.688338 0.396309 
30 68 8 
0.0603492 0.27448 0.440538 0.521985 0.708973 0.295962 0.023687 0.613795 
31 69 0 
0.652542 0.769811 0.292139 0.331019 0.0878088 0.540044 0.725389 0.763788 
32 7 69 
0.424329 0.905134 0.849709 0.0969281 0.384055 0.212141 0.393667 0.0723926 
33 48 62 
0.538472 0.668799 0.352114 0.97901 0.190784 0.0610861 0.274972 0.214471 
34 74 68 
0.39675 0.327423 0.196777 0.688889 0.658442 0.284586 0.228933 0.383831 
35 41 65 
0.67657 0.472703 0.82012 0.526279 0.569631 0.204175 0.73842 0.963298 
36 40 41 
0.0409316 0.815039 0.0156676 0.393045 0.794049 0.206451 0.454131 0.069021 
37 11 83 
0.495987 0.817672 0.456436 0.692764 0.50656 0.114878 0.97735 0.735494 
38 80 56 
0.65048 0.17528 0.498427 0.4706 0.701559 0.0680576 0.674774 0.439979 
39 76 40 
0.786848 0.072287 0.766381 0.802515 0.465332 0.56043 0.00896652 0.919463 
40 25 73 
0.0484761 0.125438 0.24756 0.504912 0.818203 0.75412 0.61979 0.795553 
41 79 60 
0.821277 0.140094 0.29378 0.319704 0.610693 0.995339 0.387762 0.285468 
42 45 52 
0.236809 0.222165 0.491404 0.00319053 0.0246804 0.956736 0.563621 0.0336469 
43 29 57 
0.463535 0.924675 0.318511 0.711095 0.429588 0.136713 0.465216 0.0493778 
44 45 48 
0.167877 0.753543 0.0949236 0.461657 0.0732471 0.705617 0.456996 0.461009 
45 17 44 
0.880126 0.227894 0.114478 0.371529 0.231085 0.139159 0.328266 0.794706 
46 66 17 
0.987778 0.636341 0.12914 0.306288 0.347436 0.558728 0.443002 0.812652 
47 16 56 
0.767482 0.775983 0.128811 0.862405 0.23764 0.202058 0.568022 0.694636 
48 40 81 
0.586949 0.543192 0.787001 0.701427 0.914722 0.0180855 0.840586 0.242987 
49 47 50 
0.447452 0.800569 0.649732 0.576592 0.106857 0.997168 0.13532 0.549859 
50 38 40 
0.925126 0.577302 0.519409 0.0539371 0.439707 0.757049 0.255995 0.00772941 
51 29 54 
0.566836 0.0386337 0.462254 0.353837 0.740061 0.376975 0.371923 0.580646 
52 84 49 
0.594037 0.0674144 0.985282 0.243769 0.644007 0.0921397 0.240937 0.779327 
53 17 69 
0.522753 0.567125 0.628059 0.0421615 0.621062 0.0677663 0.79921 0.877057 
54 18 38 
0.796119 0.642332 0.289529 0.258372 0.996169 0.0295896 0.635348 0.368092 
55 85 77 
0.552805 0.204273 0.322724 0.538088 0.448043 0.966731 0.630228 0.68898 
56 15 16 
0.739738 0.268811 0.839351 0.367797 0.310972 0.460413 0.435563 0.110183 
57 8 1 
0.361078 0.133588 0.153391 0.650607 0.39196 0.14956 0.680196 0.027308 
58 66 84 
0.282618 0.070457 0.494706 0.605342 0.608545 0.942749 0.572074 0.238772 
59 14 22 
0.510999 0.371466 0.586942 0.350349 0.739263 0.897915 0.810762 0.174826 
60 36 72 
0.685885 0.369175 0.28182 0.839275 0.0197819 0.67378 0.988835 0.699978 
61 82 52 
0.983706 0.576944 0.485117 0.589049 0.185489 0.427865 0.161122 0.424261 
62 5 68 
0.93526 0.43106 0.0661961 0.285609 0.170323 0.964111 0.0963711 0.345149 
63 17 46 
0.0310343 0.341383 0.526423 0.87031 0.361165 0.200203 0.859145 0.0611432 
64 63 52 
0.0515539 0.884998 0.942576 0.53667 0.474047 0.128064 0.964536 0.635169 
65 10 15 
0.114423 0.487585 0.45519 0.180619 0.773194 0.625513 0.144729 0.869565 
66 1 85 
0.114168 0.00169692 0.45832 0.640591 0.872007 0.819485 0.840794 0.731152 
67 53 78 
0.0967835 0.932182 0.627084 0.0393592 0.468853 0.101131 0.167424 0.433388 
68 81 35 
0.457518 0.850722 0.207335 0.912708 0.031341 0.980529 0.538221 0.17607 
69 58 25 
0.293008 0.964263 0.51058 0.751328 0.604854 0.382587 0.570813 0.445648 
70 14 12 
0.187734 0.210522 0.383624 0.814818 0.249881 0.852476 0.915949 0.417305 
71 83 13 
0.137054 0.743383 0.502971 0.344389 0.65609 0.534312 0.324918 0.194311 
72 64 9 
0.703194 0.0033902 0.139275 0.213774 0.754718 0.744128 0.596361 0.325531 
73 4 83 
0.776973 0.377511 0.920622 0.160597 0.192329 0.170503 0.0130732 0.108279 
74 28 85 
0.760527 0.724862 0.0423205 0.263498 0.0692511 0.698411 0.79781 0.394169 
75 74 1 
0.569181 0.595915 0.511583 0.708455 0.80969 0.266301 0.452584 0.406051 
76 54 35 
0.11615 0.368806 0.0198712 0.0367724 0.529402 0.212201 0.207276 0.542476 
77 49 8 
0.841414 0.0810064 0.519946 0.883734 0.344505 0.589197 0.582145 0.142315 
78 45 69 
0.650508 0.552547 0.0707814 0.162091 0.261002 0.880471 0.428392 0.713585 
79 14 78 
0.355946 0.402672 0.38903 0.375817 0.439445 0.918433 0.588017 0.64672 
80 74 23 
0.441804 0.302322 0.989503 0.96175 0.186056 0.334008 0.550948 0.7682 
81 34 31 
0.243066 0.12683 0.0868603 0.313848 0.288921 0.347862 0.194319 0.717313 
82 9 23 
0.737538 0.417393 0.883513 0.126568 0.79321 0.322957 0.0450007 0.381227 
83 44 5 
0.289723 0.411482 0.80823 0.279226 0.373232 0.994286 0.613234 0.92418 
84 79 10 
0.458493 0.00555244 0.216387 0.545354 0.3194 0.505308 0.893216 0.513719 
85 68 76 
0.994559 0.960159 0.372056 0.878072 0.0867275 0.165266 0.201029 0.131728 
