21 3
1 0 1 0 1 0 0 1 0 0 0 1 0 1 1 0 1 1 1 1 1 
0 11 2 
0.170379 0.138497 0.511164 0.894654 0.955557 0.524144 0.235172 0.483006 
1 7 0 
0.411392 0.431564 0.387643 0.151869 0.271139 0.450697 0.679937 0.106564 
2 19 15 
0.179907 0.673048 0.880153 0.360566 0.282065 0.22625 0.0570637 0.446087 
3 7 18 
0.212391 0.0203377 0.527202 0.723555 0.914992 0.482759 0.247698 0.150164 
4 10 9 
0.377157 0.114431 0.828332 0.529027 0.38557 0.279028 0.208964 0.492134 
5 3 18 
0.672042 0.814998 0.780526 0.0326074 0.0970635 0.00677595 0.0896711 0.543151 
6 14 11 
0.755541 0.877073 0.00557863 0.479096 0.792065 0.488338 0.726794 0.942229 
7 0 16 
0.382917 0.831261 0.524091 0.211249 0.360287 0.909661 0.490277 0.569251 
8 18 3 
0.073837 0.447225 0.250149 0.106444 0.544289 0.256925 0.196115 0.0874391 
9 16 3 
0.84298 0.990733 0.68007 0.322076 0.782798 0.168408 0.0488699 0.725026 
10 15 20 
0.107943 0.453773 0.982622 0.319192 0.81406 0.892283 0.80947 0.383312 
11 2 20 
0.852935 0.367915 0.888922 0.103085 0.47436 0.43321 0.36001 0.670475 
12 1 4 
0.344967 0.363629 0.464403 0.0250375 0.685705 0.247201 0.193446 0.734575 
13 9 10 
0.193106 0.0801703 0.269731 0.175727 0.399363 0.0837912 0.0680101 0.208832 
14 10 1 
0.320038 0.730004 0.53945 0.423123 0.204363 0.97266 0.783133 0.874838 
15 4 0 
0.219805 0.856939 0.721206 0.244843 0.542644 0.968406 0.438289 0.277219 
16 20 1 
0.470325 0.0208035 0.523978 0.646052 0.420166 0.607769 0.714062 0.628998 
17 4 5 
0.279527 0.39491 0.806154 0.818977 0.818033 0.0105176 0.791637 0.601166 
18 15 19 
0.857969 0.105161 0.141885 0.579175 0.350004 0.684529 0.547581 0.788293 
19 1 12 
0.0425399 0.432074 0.509017 0.566517 0.0781261 0.929183 0.174286 0.792188 
20 11 1 
0.868339 0.837708 0.644068 0.674493 0.656685 0.462102 0.685011 0.448321 
