79 6
1 1 1 1 1 1 0 0 0 0 1 0 0 0 1 1 1 0 1 0 0 1 1 0 0 0 1 1 1 1 0 0 1 0 0 1 1 1 0 0 0 0 1 1 1 0 1 1 1 1 1 1 1 1 0 0 0 0 1 1 0 0 0 0 0 1 0 0 1 1 1 0 0 0 0 1 1 0 1 
0 34 11 35 2 23 
0.660997 0.780115 0.914149 0.641818 0.84642 0.686373 0.750952 0.59716 0.989533 0.224205 0.640362 0.453259 0.377667 0.0665896 0.507629 0.376336 0.749151 0.460107 0.145464 0.18468 0.680804 0.355419 0.803311 0.677877 0.891954 0.545174 0.457487 0.702803 0.921069 0.572357 0.960934 0.582067 0.352472 0.875083 0.223885 0.198892 0.561456 0.974836 0.796052 0.550989 0.199041 0.436414 0.00424809 0.576708 0.503004 0.511878 0.953044 0.252155 0.971984 0.098508 0.436835 0.652788 0.453927 0.240146 0.330665 0.345881 0.78532 0.788153 0.0486832 0.706389 0.36051 0.00961717 0.288456 0.712982 
1 21 48 67 40 43 
0.707926 0.997145 0.686218 0.14434 0.0013927 0.262926 0.647344 0.51327 0.215969 0.899499 0.485254 0.314477 0.336334 0.138043 0.768404 0.57648 0.468708 0.114285 0.3618 0.256861 0.162968 0.0681892 0.617371 0.172585 0.356645 0.330353 0.0572855 0.868985 0.242227 0.503442 0.356162 0.950153 0.500586 0.0423803 0.094493 0.501979 0.305306 0.741837 0.0152491 0.521275 0.641335 0.500504 0.835753 0.977669 0.638546 0.604157 0.554149 0.107255 0.718442 0.915949 0.364115 0.88141 0.984139 0.981486 0.0539955 0.340784 0.311839 0.111281 0.209769 0.554066 0.614723 0.565931 0.504219 0.115309 
2 12 4 36 17 73 
0.632537 0.434893 0.981884 0.13304 0.270645 0.959553 0.771587 0.874802 0.513702 0.878841 0.593244 0.429652 0.242956 0.474654 0.41379 0.224442 0.52865 0.754574 0.536281 0.639931 0.964343 0.0903467 0.254653 0.530274 0.594565 0.369962 0.138586 0.193277 0.987249 0.0522036 0.533825 0.619786 0.487096 0.515709 0.752826 0.757742 0.475262 0.524413 0.632544 0.988965 0.403254 0.225788 0.418616 0.64621 0.700443 0.832407 0.870653 0.229092 0.58698 0.406934 0.869023 0.551323 0.49728 0.123676 0.0815973 0.0918455 0.493638 0.220183 0.285122 0.480888 0.272387 0.818948 0.100674 0.759483 
3 6 72 53 17 60 
0.149769 0.798884 0.781167 0.375558 0.2175 0.427377 0.0760003 0.0499066 0.298029 0.305093 0.636887 0.704963 0.174116 0.18821 0.202243 0.297792 0.269807 0.294089 0.791431 0.48999 0.579211 0.272319 0.762377 0.398159 0.372992 0.521861 0.732816 0.226493 0.0390862 0.542735 0.604405 0.188856 0.341619 0.385572 0.564413 0.559119 0.812949 0.640414 0.609025 0.110978 0.945506 0.245912 0.815941 0.119622 0.434122 0.0181848 0.417414 0.703929 0.312274 0.208845 0.193919 0.891485 0.481163 0.956297 0.289644 0.854156 0.478158 0.0224596 0.0806484 0.517244 0.565194 0.685054 0.706099 0.906813 
4 78 63 44 77 57 
0.0749566 0.994553 0.856433 0.320868 0.810494 0.976054 0.75499 0.828679 0.393469 0.458919 0.140952 0.602314 0.652839 0.0324374 0.0834769 0.609136 0.322081 0.937633 0.0872933 0.344541 0.0182811 0.604537 0.909735 0.703335 0.310637 0.816548 0.77396 0.581149 0.282479 0.657535 0.492076 0.357436 0.652087 0.348508 0.678304 0.462582 0.324563 0.433295 0.29126 0.718031 0.892214 0.432213 0.320345 0.545053 0.46465 0.403822 0.154188 0.786731 0.341455 0.241481 0.131272 0.359736 0.846019 0.0410073 0.0630705 0.156655 0.857555 0.837031 0.737805 0.140035 0.494566 0.22988 0.497471 0.146653 
5 66 7 78 15 51 
0.620983 0.501284 0.332708 0.941328 0.0463366 0.797358 0.345149 0.200525 0.58409 0.686604 0.442006 0.715362 0.0463395 0.288025 0.756369 0.10941 0.44468 0.613924 0.946441 0.182485 0.753959 0.441007 0.412365 0.25143 0.58766 0.990754 0.427205 0.196894 0.893705 0.0362748 0.0973893 0.514688 0.537559 0.430097 0.456015 0.583895 0.227455 0.801165 0.78442 0.811545 0.487768 0.226427 0.526907 0.534108 0.514451 0.283276 0.643518 0.959132 0.8972 0.589959 0.141617 0.651159 0.0309654 0.553982 0.902589 0.618625 0.544736 0.329794 0.815519 0.438441 0.366069 0.912909 0.953129 0.903628 
6 15 67 25 34 7 
0.271943 0.382006 0.698077 0.49837 0.908913 0.232185 0.0128211 0.192189 0.875703 0.971953 0.0893895 0.465662 0.113569 0.740549 0.496628 0.667551 0.643138 0.115253 0.212287 0.972932 0.930772 0.650728 0.339001 0.84368 0.603856 0.242628 0.186686 0.0130005 0.730151 0.757147 0.223309 0.00209439 0.139154 0.921386 0.500464 0.0480668 0.153572 0.513285 0.240256 0.0292748 0.485238 0.329645 0.494937 0.598807 0.0701942 0.991564 0.266359 0.713332 0.106817 0.478645 0.686264 0.0375888 0.129373 0.0252651 0.881269 0.73323 0.267893 0.0679553 0.74623 0.998045 0.825103 0.969539 0.000139151 0.964256 
7 57 45 19 65 61 
0.252579 0.0737721 0.499126 0.582224 0.568709 0.0979335 0.652418 0.560273 0.364292 0.365751 0.66709 0.842938 0.0520149 0.704679 0.972311 0.0772799 0.585948 0.70554 0.345173 0.653904 0.451771 0.343218 0.479006 0.42131 0.343357 0.443263 0.312236 0.84396 0.455586 0.356733 0.857849 0.708165 0.430505 0.356975 0.290389 0.999214 0.454909 0.942808 0.559487 0.819201 0.308558 0.226578 0.662138 0.360573 0.931257 0.634449 0.437853 0.517205 0.339989 0.783026 0.171109 0.79176 0.126245 0.650115 0.21307 0.469602 0.093378 0.525305 0.313562 0.548964 0.882038 0.171411 0.257129 0.312543 
8 71 77 61 38 4 
0.871245 0.802495 0.798883 0.0978229 0.464633 0.159456 0.02908 0.0990821 0.597309 0.546285 0.439071 0.380336 0.717394 0.230831 0.50658 0.36751 0.443901 0.976182 0.460888 0.969206 0.289744 0.00985139 0.851244 0.461155 0.26698 0.163788 0.989541 0.814498 0.475545 0.972836 0.304823 0.34679 0.775331 0.103706 0.444613 0.239964 0.263163 0.473693 0.339047 0.860472 0.0199786 0.778118 0.240807 0.737373 0.00894868 0.747388 0.104882 0.452849 0.723569 0.56577 0.422055 0.0133138 0.575621 0.273299 0.474469 0.842601 0.437087 0.464011 0.657099 0.912632 0.436847 0.961922 0.259423 0.212178 
9 43 20 76 67 32 
0.791189 0.189262 0.197708 0.569307 0.43007 0.935081 0.578255 0.177457 0.0399633 0.0311046 0.901027 0.605733 0.45316 0.914341 0.181354 0.726459 0.38881 0.0239557 0.163546 0.85282 0.681055 0.0761787 0.289667 0.642977 0.335602 0.501845 0.708605 0.0396379 0.953987 0.0373953 0.217367 0.745176 0.226658 0.415076 0.314483 0.656728 0.350157 0.892738 0.834185 0.39012 0.923843 0.735212 0.995853 0.377003 0.649552 0.177207 0.103462 0.0383621 0.201163 0.267008 0.891183 0.882218 0.343187 0.18085 0.525194 0.678788 0.682695 0.233799 0.718426 0.636682 0.271194 0.935794 0.381858 0.497852 
10 25 68 76 22 55 
0.988764 0.0911458 0.512922 0.723976 0.0869989 0.889925 0.373529 0.264206 0.993387 0.411891 0.465369 0.260395 0.303073 0.347587 0.603582 0.483923 0.872782 0.28237 0.166617 0.106581 0.000796516 0.803299 0.377775 0.93659 0.185157 0.875627 0.287459 0.881498 0.0302063 0.988485 0.470578 0.0189706 0.0796312 0.9835 0.742947 0.16663 0.873426 0.116475 0.430836 0.866813 0.528366 0.896206 0.127208 0.831439 0.243793 0.73079 0.315362 0.116575 0.0131601 0.481979 0.223155 0.0139566 0.285278 0.60093 0.950547 0.470436 0.476557 0.238006 0.351934 0.506763 0.226492 0.822512 0.525734 0.306123 
11 25 37 10 14 70 
0.903589 0.546251 0.913522 0.799795 0.673459 0.744961 0.0435881 0.404249 0.0603231 0.160163 0.417409 0.542302 0.383318 0.431366 0.827581 0.984249 0.381912 0.298017 0.460806 0.619919 0.649951 0.967569 0.84641 0.472463 0.493303 0.152533 0.278476 0.761984 0.625286 0.957915 0.14714 0.528875 0.504166 0.0606618 0.32867 0.177625 0.805623 0.372258 0.581874 0.865946 0.532421 0.999283 0.408249 0.91574 0.430649 0.235829 0.899988 0.812561 0.533846 0.360794 0.43248 0.183797 0.328363 0.27889 0.656261 0.821666 0.431423 0.934737 0.58365 0.0567094 0.892652 0.73079 0.585584 0.396818 
12 56 27 58 30 55 
0.156317 0.463021 0.818934 0.1556 0.871269 0.734673 0.586249 0.107098 0.634662 0.39881 0.640945 0.995456 0.83129 0.824742 0.323818 0.11018 0.481002 0.145484 0.541603 0.415739 0.729134 0.598313 0.308391 0.459924 0.183897 0.705209 0.251375 0.0981519 0.279651 0.848449 0.384665 0.435968 0.31147 0.203599 0.591568 0.182739 0.938272 0.177817 0.289837 0.572934 0.576627 0.930782 0.568389 0.407917 0.755524 0.892208 0.518097 0.236526 0.037692 0.0597002 0.652266 0.766826 0.658013 0.960657 0.22675 0.84191 0.665865 0.478125 0.940062 0.945517 0.326574 0.324727 0.381485 0.638044 
13 48 32 64 21 23 
0.727497 0.0414026 0.60792 0.135414 0.796926 0.500128 0.65351 0.0334527 0.53782 0.713211 0.685718 0.304646 0.371224 0.646375 0.531396 0.213134 0.31224 0.00952071 0.153196 0.257757 0.336095 0.477923 0.639242 0.974139 0.00624884 0.612295 0.794922 0.472846 0.763165 0.905543 0.512378 0.490662 0.946945 0.120298 0.626075 0.743872 0.620426 0.279586 0.777325 0.158246 0.992796 0.463043 0.462892 0.36402 0.109418 0.994288 0.577154 0.421658 0.0038088 0.73035 0.679415 0.339904 0.208274 0.318657 0.314043 0.214523 0.930951 0.108965 0.687369 0.694116 0.014508 0.199747 0.184778 0.961453 
14 37 2 41 48 66 
0.0987169 0.0832355 0.945693 0.561609 0.447255 0.0551106 0.555897 0.0244096 0.476769 0.559706 0.75476 0.156184 0.89961 0.963034 0.47484 0.213653 0.177556 0.405792 0.322618 0.864925 0.0999082 0.337126 0.0646719 0.284686 0.298579 0.384717 0.0955398 0.00390431 0.325187 0.185979 0.486554 0.423904 0.269214 0.432247 0.985514 0.71647 0.487357 0.541411 0.740879 0.964126 0.101117 0.495639 0.12031 0.000726486 0.458673 0.59515 0.214379 0.636229 0.000942052 0.536997 0.501155 0.10085 0.874123 0.565826 0.385537 0.172702 0.950543 0.481076 0.176606 0.27573 0.667055 0.66316 0.699635 0.93627 
15 41 21 59 72 18 
0.393619 0.54689 0.327676 0.889259 0.6672 0.328402 0.347932 0.26235 0.542781 0.984161 0.263292 0.0797782 0.485316 0.364143 0.953901 0.0511419 0.749679 0.126602 0.00168491 0.230756 0.303208 0.277415 0.897811 0.966368 0.97705 0.834081 0.0617751 0.662198 0.48682 0.644539 0.888757 0.880439 0.19143 0.216433 0.769698 0.85863 0.544835 0.11763 0.12098 0.0876168 0.101791 0.384272 0.167395 0.587106 0.748415 0.121296 0.638248 0.498094 0.247898 0.639933 0.72885 0.551106 0.917349 0.626661 0.517474 0.894399 0.460741 0.57925 0.556597 0.947562 0.223789 0.445355 0.828001 0.415218 
16 3 48 66 61 56 
0.394828 0.29424 0.81712 0.779101 0.461635 0.404226 0.527516 0.58293 0.0424744 0.0256098 0.830828 0.682408 0.75446 0.381935 0.599756 0.38112 0.899409 0.494155 0.841861 0.478659 0.0507521 0.789423 0.702448 0.496107 0.617424 0.117666 0.157894 0.215123 0.391514 0.364518 0.930452 0.786342 0.658757 0.747571 0.565443 0.120392 0.151797 0.0929587 0.703323 0.194272 0.118569 0.534151 0.876679 0.873028 0.916086 0.476436 0.254148 0.815495 0.970591 0.0960099 0.294154 0.0213428 0.885433 0.996601 0.517449 0.502857 0.114267 0.675344 0.71798 0.505782 0.0398613 0.648432 0.292124 0.698619 
17 18 66 9 49 63 
0.742072 0.0690944 0.0564849 0.618752 0.942123 0.972571 0.0951874 0.196271 0.788066 0.0657781 0.292281 0.0822194 0.0871209 0.177714 0.0788207 0.60457 0.680571 0.193088 0.279914 0.39855 0.69887 0.319775 0.0469819 0.990994 0.0183941 0.442985 0.848561 0.837405 0.990785 0.799087 0.359739 0.732857 0.868181 0.416224 0.351609 0.810304 0.388794 0.446796 0.00657458 0.17686 0.512574 0.298855 0.259079 0.599695 0.476569 0.3379 0.204266 0.15714 0.530988 0.48418 0.55569 0.229858 0.803955 0.602672 0.220851 0.822349 0.045657 0.069412 0.659755 0.0364421 0.868499 0.0194934 0.769299 0.73668 
18 42 23 4 17 59 
0.553558 0.00137136 0.080279 0.852413 0.260451 0.679974 0.328983 0.598351 0.88424 0.486122 0.129339 0.36842 0.0418127 0.359196 0.172375 0.644485 0.580048 0.994725 0.690142 0.64946 0.654479 0.726584 0.517958 0.673973 0.495883 0.254638 0.10969 0.616792 0.801621 0.934201 0.184496 0.355179 0.935572 0.264775 0.207593 0.196023 0.94475 0.536575 0.794374 0.82899 0.0226975 0.923713 0.19741 0.0645101 0.282909 0.369785 0.708995 0.862957 0.36451 0.399137 0.512417 0.018989 0.125721 0.0303749 0.692962 0.621604 0.285013 0.802651 0.238396 0.0866342 0.736852 0.422892 0.441813 0.672425 
19 41 55 54 58 45 
0.662822 0.461407 0.208678 0.586534 0.658817 0.273189 0.869444 0.0286017 0.982184 0.7324 0.393111 0.38132 0.244817 0.4121 0.507041 0.275192 0.105062 0.128645 0.560205 0.907713 0.367041 0.646839 0.644566 0.789934 0.0886523 0.31699 0.477601 0.738058 0.185438 0.110018 0.924039 0.84826 0.571425 0.132718 0.434794 0.230242 0.405906 0.304238 0.258844 0.38809 0.0366381 0.651955 0.76941 0.281455 0.0640553 0.276452 0.556647 0.169117 0.405097 0.116851 0.0768306 0.772138 0.76369 0.721396 0.562072 0.852342 0.0383866 0.039673 0.590401 0.223825 0.149691 0.51444 0.0720846 0.721116 
20 25 29 14 15 18 
0.210202 0.441154 0.847755 0.862157 0.210565 0.12921 0.926212 0.487016 0.685856 0.0953292 0.892113 0.802708 0.17216 0.664252 0.566398 0.893556 0.226324 0.41874 0.931943 0.265997 0.00914108 0.155767 0.415688 0.523581 0.227852 0.136804 0.170739 0.734731 0.0881626 0.223803 0.545847 0.298364 0.664957 0.393602 0.160521 0.875522 0.522812 0.0867327 0.362538 0.208668 0.182062 0.254651 0.0113758 0.354222 0.918903 0.577774 0.247778 0.145227 0.996514 0.179721 0.411224 0.00565507 0.335488 0.826912 0.529236 0.56334 0.963717 0.699975 0.298071 0.0518792 0.923778 0.843918 0.350243 0.588735 
21 6 48 3 52 15 
0.826795 0.969001 0.779559 0.0814461 0.980376 0.133781 0.000349401 0.55815 0.381559 0.145577 0.554664 0.561279 0.556801 0.560319 0.896767 0.383713 0.0895552 0.460107 0.34743 0.78953 0.758178 0.399309 0.713308 0.602096 0.749552 0.302043 0.839617 0.260317 0.7663 0.599949 0.857814 0.593094 0.56895 0.637373 0.674541 0.549326 0.771153 0.67489 0.107476 0.152712 0.820467 0.66214 0.713991 0.377267 0.222459 0.610758 0.76098 0.312014 0.0708649 0.10841 0.101544 0.829043 0.507719 0.814852 0.431139 0.257271 0.116896 0.270756 0.517587 0.883195 0.870705 0.375401 0.47629 0.439654 
22 68 8 53 76 7 
0.0964558 0.936639 0.646187 0.758596 0.650629 0.023454 0.981055 0.261387 0.784434 0.293069 0.332252 0.892844 0.394613 0.161295 0.400563 0.209465 0.592434 0.657834 0.326361 0.863189 0.175421 0.209556 0.733894 0.550822 0.685846 0.173548 0.563595 0.836676 0.162528 0.347522 0.662396 0.258984 0.284161 0.308583 0.0175792 0.93479 0.332037 0.998634 0.196177 0.116471 0.291702 0.52843 0.00931544 0.686315 0.689725 0.409878 0.895781 0.282158 0.0677118 0.222142 0.145348 0.243133 0.431698 0.879241 0.793955 0.117544 0.0527893 0.35755 0.95422 0.215317 0.705072 0.616616 0.474301 0.989232 
23 32 54 75 76 35 
0.1202 0.373707 0.782216 0.648629 0.383023 0.468531 0.338354 0.792901 0.364312 0.620512 0.860613 0.586454 0.76586 0.103746 0.0181518 0.645101 0.8977 0.135696 0.697891 0.25525 0.0899154 0.913208 0.960322 0.706532 0.387508 0.949554 0.631731 0.879388 0.873576 0.888967 0.369902 0.993776 0.262674 0.152118 0.642406 0.645697 0.620649 0.98076 0.438598 0.984962 0.601272 0.299211 0.571416 0.367132 0.402956 0.589567 0.0122334 0.300657 0.725263 0.710124 0.555906 0.815178 0.623332 0.516228 0.52171 0.0108404 0.465782 0.15344 0.890229 0.339359 0.0424072 0.260131 0.333135 0.305081 
24 42 11 34 64 28 
0.0178595 0.557572 0.688587 0.589275 0.924704 0.0915431 0.178842 0.936937 0.3922 0.904105 0.647062 0.948106 0.719283 0.270394 0.464334 0.240993 0.281234 0.930117 0.394434 0.171463 0.269475 0.436841 0.431593 0.60261 0.741922 0.843842 0.578151 0.6927 0.87674 0.534451 0.0820762 0.894599 0.0920231 0.770663 0.483874 0.0167272 0.862206 0.662717 0.953665 0.254406 0.566822 0.600726 0.202512 0.286105 0.87112 0.666846 0.527099 0.152354 0.596963 0.921532 0.323816 0.866438 0.358373 0.75541 0.469048 0.100295 0.599251 0.0471987 0.792995 0.475991 0.58165 0.875072 0.37059 0.673673 
25 22 10 26 74 24 
0.644065 0.762346 0.0840035 0.244791 0.964858 0.370109 0.115911 0.631704 0.897208 0.268264 0.228667 0.81874 0.592081 0.0951048 0.177113 0.34749 0.564153 0.277408 0.946742 0.611351 0.0704035 0.422733 0.193001 0.945475 0.793323 0.866674 0.59121 0.647788 0.557074 0.0991505 0.16497 0.201138 0.861497 0.248973 0.445929 0.826355 0.619082 0.56184 0.45806 0.51629 0.830104 0.686726 0.33503 0.422185 0.781831 0.512142 0.769675 0.345984 0.789551 0.716417 0.957336 0.859954 0.13915 0.150337 0.805429 0.932473 0.0170104 0.396639 0.580261 0.574084 0.49579 0.745231 0.775222 0.357287 
26 33 24 76 16 75 
0.641701 0.129577 0.613095 0.328428 0.464606 0.0352793 0.110259 0.976749 0.804954 0.456243 0.766299 0.521371 0.413579 0.626254 0.66052 0.563916 0.431683 0.592994 0.580926 0.828322 0.173255 0.15501 0.324112 0.918486 0.930232 0.681398 0.912691 0.151384 0.86504 0.525978 0.934374 0.506742 0.655555 0.547469 0.83517 0.120161 0.582748 0.945429 0.09691 0.387703 0.401672 0.863209 0.909073 0.815251 0.489463 0.569594 0.379167 0.921146 0.162587 0.960093 0.749468 0.335842 0.115103 0.0735799 0.254328 0.0453355 0.754978 0.167019 0.196719 0.620019 0.692997 0.131093 0.126761 0.348552 
27 73 57 40 4 53 
0.649013 0.309032 0.428832 0.558087 0.124283 0.918295 0.12768 0.50345 0.839441 0.290268 0.463543 0.58891 0.62611 0.578646 0.662489 0.880438 0.623982 0.417468 0.0474577 0.820701 0.0374867 0.740455 0.951794 0.164247 0.0890068 0.630357 0.126178 0.55772 0.891668 0.0335375 0.123343 0.540681 0.34257 0.552175 0.0987681 0.466853 0.470471 0.226449 0.970303 0.309912 0.516716 0.433847 0.898822 0.142826 0.012493 0.561311 0.0232647 0.636475 0.978779 0.0707224 0.457176 0.0162656 0.811177 0.40897 0.180513 0.900184 0.0393274 0.306691 0.457904 0.930995 0.340228 0.581247 0.471677 0.682798 
28 60 69 62 45 75 
0.119954 0.913805 0.31361 0.553801 0.812626 0.456436 0.566294 0.373937 0.4797 0.202768 0.352716 0.550423 0.659944 0.368982 0.3616 0.0689146 0.549495 0.261784 0.108242 0.856186 0.719688 0.0392373 0.196414 0.300935 0.510914 0.879212 0.434357 0.0813588 0.0288629 0.0382495 0.878252 0.148817 0.952054 0.191862 0.702618 0.76468 0.648297 0.268911 0.138618 0.127998 0.471679 0.491334 0.678421 0.131624 0.860316 0.040021 0.200538 0.409811 0.301805 0.30878 0.265996 0.0214935 0.348018 0.462411 0.322428 0.858932 0.341623 0.756785 0.94029 0.370486 0.795035 0.818543 0.519303 0.747089 
29 47 31 36 22 20 
0.650387 0.7867 0.962511 0.141721 0.46512 0.0941343 0.00203689 0.505141 0.294673 0.411848 0.806947 0.603453 0.677844 0.82844 0.951471 0.140255 0.150868 0.810403 0.481877 0.907654 0.750693 0.852363 0.702689 0.569236 0.371665 0.449778 0.57964 0.593585 0.961547 0.238341 0.0844166 0.611934 0.0250409 0.0469272 0.753655 0.490161 0.141062 0.755692 0.995303 0.435734 0.16754 0.802249 0.0391873 0.845384 0.630689 0.990658 0.985638 0.781558 0.801061 0.467516 0.689212 0.551754 0.319879 0.3919 0.120989 0.691544 0.841678 0.700629 0.285129 0.803225 0.93897 0.369546 0.41516 0.964011 
30 65 55 27 76 15 
0.449475 0.993269 0.0920474 0.251724 0.0324563 0.937431 0.882413 0.0231143 0.92307 0.663971 0.824175 0.390585 0.353182 0.375928 0.710464 0.745083 0.496918 0.402008 0.586761 0.197546 0.687137 0.389986 0.136516 0.0566834 0.805146 0.100527 0.473157 0.973961 0.5547 0.0306915 0.898468 0.00417435 0.0239605 0.990516 0.255898 0.0564167 0.927947 0.138312 0.079531 0.851017 0.802282 0.903706 0.241602 0.155465 0.279634 0.952066 0.900547 0.776552 0.354074 0.487308 0.974098 0.0412118 0.877294 0.110615 0.0978952 0.68244 0.211142 0.571052 0.656401 0.765841 0.601743 0.554869 0.770016 0.625704 
31 0 62 51 38 42 
0.761652 0.324349 0.966508 0.665357 0.565951 0.121973 0.944992 0.518018 0.0225202 0.721544 0.872092 0.509828 0.695642 0.913304 0.387122 0.806257 0.0111991 0.069562 0.0173986 0.582251 0.725963 0.78324 0.183994 0.280832 0.553256 0.809698 0.826216 0.57917 0.491819 0.299548 0.743396 0.25347 0.623897 0.709904 0.918828 0.189849 0.831877 0.863819 0.707866 0.854397 0.585363 0.579958 0.364225 0.281005 0.493262 0.751347 0.087262 0.504461 0.820909 0.104661 0.0867123 0.546872 0.887901 0.270707 0.827703 0.441157 0.0804046 0.65392 0.0203269 0.572223 0.953468 0.763723 0.825693 0.577365 
32 67 51 77 55 35 
0.47508 0.1599 0.193704 0.0550386 0.524125 0.474709 0.548301 0.275473 0.561971 0.0527622 0.0963821 0.666632 0.139475 0.643254 0.554533 0.410181 0.470957 0.995689 0.490586 0.124877 0.0160162 0.062809 0.0783455 0.779739 0.888502 0.655711 0.253366 0.633023 0.422925 0.558869 0.241364 0.898005 0.718769 0.435067 0.953043 0.242894 0.909776 0.501344 0.518367 0.471747 0.554107 0.614749 0.138379 0.693581 0.258003 0.692911 0.103762 0.728961 0.688601 0.594348 0.853838 0.704617 0.657157 0.932184 0.484356 0.545659 0.587894 0.737721 0.178682 0.0108191 0.29659 0.420046 0.908824 0.0153594 
33 63 53 60 56 44 
0.776621 0.236637 0.917318 0.39137 0.375015 0.610899 0.649373 0.0679269 0.714661 0.378334 0.756528 0.309009 0.232172 0.461144 0.966166 0.164356 0.9455 0.511825 0.75225 0.683222 0.690508 0.763069 0.979812 0.110554 0.671893 0.995171 0.965667 0.53376 0.253425 0.730556 0.896972 0.030046 0.967193 0.81429 0.421416 0.342208 0.42519 0.0707896 0.410135 0.139851 0.449124 0.166663 0.44886 0.681296 0.627807 0.415027 0.845652 0.573307 0.926852 0.597902 0.256529 0.61736 0.360971 0.236341 0.727914 0.032864 0.231512 0.693581 0.566624 0.484937 0.424137 0.463597 0.514983 0.391329 
34 58 45 52 25 5 
0.143673 0.842928 0.456312 0.310335 0.291788 0.137608 0.938142 0.706815 0.98326 0.51145 0.633667 0.581162 0.767979 0.251027 0.942133 0.0043193 0.97894 0.974997 0.235831 0.672521 0.541621 0.720768 0.0966578 0.00521809 0.235751 0.487987 0.283105 0.17215 0.221525 0.986182 0.179338 0.365197 0.829109 0.635651 0.675533 0.120897 0.773259 0.613675 0.827712 0.756519 0.125125 0.461378 0.337681 0.893103 0.712405 0.279814 0.897422 0.691345 0.254811 0.133254 0.363866 0.796433 0.854022 0.460524 0.801651 0.0897725 0.948511 0.0847557 0.261922 0.170036 0.0709373 0.441261 0.535233 0.900046 
35 65 68 58 10 51 
0.848655 0.60669 0.949565 0.310033 0.944371 0.842668 0.022438 0.224185 0.740091 0.713783 0.478997 0.873344 0.0776498 0.275429 0.727366 0.538174 0.07708 0.817139 0.486685 0.161836 0.0790609 0.656721 0.232773 0.520322 0.191955 0.132819 0.597233 0.402721 0.153763 0.447404 0.227162 0.00241767 0.054094 0.176727 0.312451 0.998465 0.0193955 0.334889 0.222651 0.759486 0.0486722 0.701647 0.632831 0.126322 0.977077 0.360197 0.664496 0.0541566 0.177336 0.151181 0.215992 0.256396 0.807903 0.448765 0.776718 0.999857 0.581585 0.373951 0.402578 0.735347 0.821355 0.62974 0.737765 0.875449 
36 4 54 1 47 45 
0.0965653 0.585349 0.433777 0.798213 0.21818 0.560099 0.775289 0.578377 0.224595 0.829446 0.755713 0.375776 0.0454383 0.0121091 0.183679 0.494204 0.788827 0.183536 0.0757883 0.162778 0.586114 0.811136 0.984134 0.215854 0.548901 0.859583 0.0223214 0.599117 0.733497 0.848184 0.984222 0.830063 0.433533 0.417999 0.628275 0.651713 0.978098 0.403565 0.23009 0.202692 0.233011 0.985802 0.578468 0.278449 0.997911 0.762147 0.772653 0.786739 0.945683 0.848441 0.949517 0.531798 0.659577 0.933651 0.747652 0.208478 0.793234 0.769973 0.807595 0.526731 0.618157 0.791816 0.356794 0.0516903 
37 58 12 71 33 9 
0.933493 0.390605 0.621645 0.919295 0.969074 0.900094 0.917207 0.731221 0.672747 0.703946 0.676904 0.521188 0.653463 0.208702 0.180765 0.587114 0.956354 0.389243 0.380347 0.726327 0.196838 0.907078 0.344484 0.988654 0.263872 0.396175 0.198469 0.248942 0.0995779 0.386382 0.637576 0.033071 0.776987 0.259221 0.952366 0.746061 0.159315 0.869573 0.477281 0.832063 0.573519 0.154185 0.353251 0.226982 0.362887 0.534016 0.814095 0.31924 0.923259 0.194442 0.0455672 0.120097 0.101521 0.390052 0.108751 0.365393 0.786226 0.30722 0.614335 0.885804 0.693602 0.251911 0.918875 0.470589 
38 3 18 32 17 65 
0.693931 0.50251 0.314334 0.848116 0.855761 0.541316 0.211003 0.389777 0.355411 0.530243 0.313036 0.549853 0.57581 0.433133 0.651374 0.965862 0.541883 0.0167675 0.752088 0.849104 0.631103 0.637892 0.542706 0.883014 0.556767 0.0132951 0.394146 0.428009 0.229945 0.0645944 0.168824 0.923876 0.567105 0.483158 0.771992 0.422866 0.0244735 0.982994 0.812643 0.379884 0.513237 0.125679 0.929738 0.0890469 0.558811 0.581112 0.0549084 0.100695 0.597879 0.806996 0.949799 0.228982 0.444888 0.492504 0.111996 0.00165528 0.505799 0.506142 0.429664 0.735744 0.570737 0.598488 0.65962 0.137842 
39 51 72 69 3 46 
0.373351 0.486003 0.927843 0.49903 0.415741 0.0168895 0.0578412 0.996853 0.0717978 0.158536 0.594732 0.878794 0.108335 0.823714 0.323682 0.600839 0.935709 0.325337 0.106639 0.441852 0.755001 0.842383 0.0125882 0.353489 0.502003 0.15043 0.435135 0.933614 0.711137 0.541254 0.34822 0.0844883 0.0272577 0.276063 0.583518 0.442999 0.292952 0.641359 0.439851 0.36475 0.799895 0.034583 0.243544 0.90823 0.858297 0.567226 0.509069 0.794006 0.892563 0.615708 0.235857 0.647565 0.458091 0.248446 0.00105425 0.960093 0.398876 0.436189 0.893708 0.110013 0.977444 0.241928 0.194501 0.00470118 
40 10 9 26 32 22 
0.887551 0.175692 0.219274 0.922134 0.419236 0.127504 0.78043 0.986462 0.636573 0.574436 0.879026 0.252281 0.810294 0.526591 0.710372 0.0587395 0.527645 0.670465 0.457615 0.963834 0.564173 0.567628 0.941278 0.8061 0.762129 0.945979 0.324091 0.540149 0.393679 0.135033 0.959527 0.28123 0.310725 0.178801 0.203364 0.729961 0.306305 0.983794 0.716424 0.942879 0.55823 0.595449 0.19516 0.368524 0.12204 0.905531 0.427264 0.649685 0.575996 0.884879 0.613519 0.140169 0.452507 0.554796 0.946269 0.214636 0.500775 0.27036 0.754785 0.894454 0.405393 0.714312 0.175683 0.716118 
41 55 62 61 66 9 
0.921071 0.757952 0.337457 0.289595 0.879992 0.242989 0.716859 0.529677 0.818985 0.601738 0.143195 0.959154 0.0542446 0.697992 0.905423 0.268881 0.198767 0.175783 0.0236656 0.0932202 0.581176 0.737978 0.268903 0.297294 0.631091 0.64795 0.743374 0.83051 0.0107909 0.905877 0.972808 0.931862 0.663829 0.310265 0.221457 0.543821 0.553254 0.938316 0.073498 0.372239 0.540054 0.216693 0.331393 0.594299 0.914685 0.236816 0.86318 0.113451 0.4126 0.886845 0.206672 0.993776 0.624823 0.475575 0.291071 0.255914 0.123525 0.0344445 0.0864242 0.134316 0.940321 0.0592318 0.0661781 0.604151 
42 35 67 36 27 60 
0.22147 0.294989 0.766006 0.438163 0.626382 0.360305 0.352848 0.863199 0.223484 0.466299 0.275799 0.110329 0.672971 0.269575 0.735152 0.148546 0.560645 0.991066 0.272071 0.59509 0.0774905 0.406387 0.535411 0.136722 0.472565 0.139562 0.506219 0.760201 0.287534 0.42897 0.986153 0.509004 0.723959 0.752159 0.947167 0.350341 0.112463 0.300015 0.21354 0.335948 0.766315 0.489338 0.446277 0.439286 0.758913 0.181429 0.587832 0.319558 0.172496 0.859903 0.914648 0.249986 0.26629 0.450059 0.386709 0.738855 0.589621 0.892928 0.499056 0.877155 0.321898 0.485208 0.386159 0.0458567 
43 3 50 56 24 30 
0.609738 0.685778 0.399657 0.0990765 0.132055 0.838943 0.85799 0.313485 0.426774 0.177548 0.48598 0.286677 0.0921963 0.735967 0.552967 0.542256 0.122675 0.291822 0.131877 0.0156031 0.790878 0.00903224 0.337501 0.276086 0.395192 0.383357 0.513453 0.728518 0.779555 0.863284 0.36186 0.389293 0.549062 0.761517 0.48837 0.681117 0.60046 0.34636 0.994601 0.027234 0.523908 0.480582 0.313911 0.616104 0.216548 0.866878 0.15836 0.339224 0.158701 0.290237 0.354827 0.949579 0.299269 0.692328 0.225665 0.69446 0.075685 0.739119 0.422979 0.855241 0.602402 0.784839 0.244534 0.151464 
44 2 73 23 10 72 
0.827182 0.174049 0.603171 0.307764 0.487961 0.219275 0.524312 0.354839 0.377635 0.863536 0.51354 0.667872 0.218363 0.463118 0.96714 0.91069 0.688783 0.661601 0.986375 0.427902 0.0845793 0.841616 0.0303042 0.869418 0.08615 0.181768 0.415774 0.819054 0.0143487 0.562589 0.898318 0.841531 0.736638 0.501489 0.149295 0.224599 0.720764 0.673607 0.579438 0.0983991 0.537143 0.0929771 0.766271 0.755506 0.556095 0.733411 0.666196 0.244879 0.395012 0.652572 0.672781 0.479591 0.494188 0.703085 0.349009 0.580338 0.884853 0.764783 0.399392 0.899202 0.327371 0.297709 0.740733 0.0640096 
45 11 33 20 78 1 
0.868046 0.618362 0.100778 0.961023 0.384632 0.856284 0.517118 0.118043 0.52248 0.761997 0.513055 0.175051 0.434778 0.992646 0.669239 0.137863 0.341655 0.249577 0.0227159 0.106438 0.648968 0.921918 0.433809 0.946678 0.66265 0.497819 0.745876 0.552678 0.786427 0.265838 0.116312 0.654473 0.8842 0.21709 0.615496 0.268832 0.0733735 0.132614 0.386875 0.595853 0.894611 0.89993 0.770905 0.329389 0.892576 0.440144 0.467252 0.234231 0.689721 0.489968 0.340669 0.338689 0.411885 0.774478 0.285367 0.0745357 0.272297 0.0312425 0.627213 0.0587235 0.297081 0.743526 0.713196 0.181281 
46 13 40 3 70 31 
0.836988 0.629843 0.355916 0.736918 0.400747 0.685305 0.629495 0.840891 0.152557 0.863726 0.530612 0.642524 0.204395 0.869301 0.0544096 0.978873 0.154668 0.128945 0.25117 0.18591 0.756159 0.309893 0.482991 0.499685 0.0230894 0.664271 0.460301 0.351781 0.114384 0.49429 0.813086 0.951372 0.124133 0.169003 0.68829 0.52488 0.854308 0.317785 0.365771 0.00686442 0.181511 0.896383 0.649389 0.385906 0.765684 0.703798 0.364779 0.920352 0.832744 0.615949 0.106262 0.588902 0.925842 0.589253 0.088587 0.948932 0.253525 0.548888 0.300713 0.367909 0.0431775 0.113799 0.319281 0.16731 
47 75 16 72 46 57 
0.0579615 0.143974 0.506867 0.954345 0.793363 0.892773 0.720029 0.497161 0.257553 0.640382 0.329905 0.873502 0.746644 0.918807 0.799344 0.335897 0.00739413 0.748276 0.589422 0.556282 0.0489887 0.957331 0.599459 0.162788 0.276611 0.766769 0.44559 0.284182 0.458959 0.582699 0.609538 0.516921 0.726674 0.116406 0.471266 0.520036 0.00917877 0.191295 0.0171974 0.266731 0.831677 0.347102 0.140233 0.57832 0.265909 0.939577 0.914217 0.273303 0.687853 0.503639 0.829585 0.736842 0.46097 0.429044 0.89963 0.737581 0.195813 0.345219 0.0217635 0.654773 0.927919 0.631302 0.171693 0.654592 
48 74 42 7 33 49 
0.0236176 0.665931 0.538928 0.163851 0.244251 0.804837 0.103428 0.158469 0.0781406 0.791281 0.662108 0.907726 0.528122 0.123078 0.33677 0.427752 0.860659 0.532583 0.772971 0.882422 0.187356 0.70089 0.513724 0.359049 0.355482 0.261432 0.00200817 0.530111 0.0183181 0.836262 0.721937 0.0419357 0.502193 0.260865 0.205786 0.746444 0.0657022 0.309214 0.904913 0.143843 0.100495 0.567021 0.0515684 0.628617 0.690099 0.388338 0.0563688 0.550758 0.920921 0.82934 0.43318 0.108277 0.53023 0.946905 0.467326 0.885712 0.208337 0.469334 0.415823 0.226655 0.305596 0.13776 0.26859 0.80779 
49 71 24 17 74 56 
0.459147 0.60817 0.884085 0.0261684 0.659738 0.512702 0.716267 0.0480762 0.569071 0.267025 0.968997 0.398411 0.700205 0.0772741 0.928641 0.64711 0.5446 0.814353 0.855447 0.013934 0.230176 0.0821011 0.31953 0.367936 0.350691 0.12732 0.766561 0.825068 0.681554 0.230888 0.608659 0.140701 0.839057 0.492744 0.16687 0.498796 0.00544671 0.883137 0.546872 0.574518 0.150162 0.515869 0.972929 0.850367 0.593143 0.90157 0.497477 0.137743 0.715923 0.352924 0.151677 0.9461 0.435025 0.471208 0.314036 0.785717 0.598528 0.0805963 0.610785 0.280082 0.311484 0.219444 0.420783 0.150541 
50 73 34 74 48 15 
0.196209 0.292153 0.620951 0.712078 0.265082 0.471318 0.305221 0.166652 0.968796 0.442964 0.882575 0.32172 0.594641 0.828675 0.756745 0.0658489 0.14271 0.542461 0.664376 0.223306 0.153246 0.944458 0.53479 0.37269 0.365241 0.685332 0.0848775 0.952893 0.334669 0.802512 0.423682 0.530877 0.0946647 0.0446329 0.242955 0.359746 0.515951 0.548176 0.526398 0.484747 0.99114 0.408973 0.806467 0.585781 0.237648 0.563212 0.65163 0.380358 0.105673 0.316007 0.603664 0.258919 0.260464 0.138454 0.631609 0.625705 0.823786 0.716486 0.578598 0.158455 0.518999 0.00227964 0.689332 0.613663 
51 46 62 6 30 41 
0.499808 0.0476112 0.471602 0.908781 0.854078 0.0573836 0.146428 0.41729 0.709014 0.526786 0.522963 0.0250203 0.13045 0.781882 0.285485 0.268904 0.413491 0.91119 0.0926905 0.129978 0.489787 0.251145 0.648976 0.492067 0.940477 0.262639 0.53898 0.872764 0.236049 0.101844 0.353226 0.735856 0.149455 0.824828 0.644637 0.00353309 0.882212 0.791065 0.420823 0.591226 0.317851 0.943786 0.616246 0.448301 0.725669 0.901731 0.717206 0.13916 0.81292 0.809896 0.269137 0.302708 0.0610414 0.918114 0.794775 0.00151828 0.180753 0.333755 0.874282 0.416802 0.435598 0.227508 0.152658 0.585053 
52 28 67 47 41 64 
0.00940929 0.525774 0.906212 0.953196 0.14202 0.354513 0.678864 0.0437507 0.071719 0.818024 0.856671 0.881615 0.0871614 0.159379 0.942657 0.00527494 0.954154 0.944175 0.186028 0.287908 0.818457 0.60283 0.723507 0.0459646 0.755488 0.30856 0.0983007 0.552783 0.897146 0.0328489 0.141143 0.906555 0.558623 0.047355 0.859751 0.700643 0.401868 0.538615 0.744394 0.473587 0.356639 0.601065 0.355202 0.4438 0.760444 0.297859 0.449075 0.714597 0.242034 0.635103 0.00250574 0.0604909 0.237933 0.726012 0.106455 0.99342 0.034572 0.204756 0.546203 0.931718 0.237605 0.687346 0.838273 0.796228 
53 7 71 4 21 19 
0.241264 0.610157 0.593277 0.842329 0.965359 0.0370778 0.602773 0.263218 0.486153 0.31737 0.505252 0.121256 0.319876 0.565743 0.359189 0.045888 0.672198 0.352609 0.08046 0.876955 0.898812 0.0121778 0.11456 0.586159 0.850451 0.910787 0.32086 0.548474 0.407658 0.45743 0.785113 0.648923 0.0675864 0.378391 0.491252 0.0329453 0.415468 0.0940242 0.296163 0.901622 0.411394 0.801415 0.0228777 0.73127 0.367158 0.382067 0.777158 0.0393565 0.734676 0.857618 0.916311 0.633488 0.869796 0.0308706 0.219647 0.720247 0.941658 0.540507 0.268721 0.349316 0.997937 0.0538341 0.998239 0.0655237 
54 20 49 50 38 25 
0.394632 0.749315 0.994909 0.196048 0.772192 0.726179 0.563206 0.154259 0.503337 0.602562 0.888935 0.360955 0.518873 0.522423 0.230751 0.549744 0.74207 0.950997 0.491402 0.282578 0.219718 0.840718 0.280515 0.273552 0.838957 0.346039 0.705777 0.328448 0.444508 0.55347 0.911963 0.83914 0.302785 0.906872 0.0351874 0.0749768 0.633051 0.598393 0.229236 0.136388 0.200955 0.11817 0.497342 0.719829 0.640593 0.728093 0.269573 0.382663 0.67909 0.760975 0.665241 0.898808 0.601693 0.945756 0.172361 0.44065 0.291794 0.878138 0.769098 0.736302 0.431608 0.681061 0.575442 0.734392 
55 30 76 6 11 3 
0.0386047 0.357371 0.409978 0.156775 0.854713 0.129807 0.797368 0.582806 0.399379 0.180031 0.261896 0.160354 0.845272 0.160704 0.762047 0.791028 0.333065 0.202697 0.0828221 0.211203 0.971795 0.819124 0.642811 0.652856 0.394566 0.377203 0.240788 0.00519503 0.186572 0.461771 0.214217 0.225177 0.819142 0.624195 0.381952 0.673855 0.754002 0.17932 0.256661 0.153381 0.359352 0.518557 0.313735 0.204624 0.679261 0.0757819 0.995652 0.0123265 0.278479 0.0784738 0.223529 0.250274 0.897598 0.86634 0.90313 0.292164 0.243543 0.143918 0.297359 0.430115 0.60569 0.511576 0.655292 0.424831 
56 46 52 55 69 68 
0.355347 0.0431542 0.575916 0.873903 0.356889 0.78054 0.553165 0.432671 0.776191 0.565491 0.71115 0.854665 0.789021 0.961424 0.752263 0.655361 0.864554 0.0444264 0.898904 0.00847277 0.341785 0.32902 0.614162 0.853361 0.984312 0.0389937 0.989132 0.0215563 0.13768 0.878905 0.238121 0.493027 0.92206 0.814036 0.36693 0.278949 0.594576 0.920095 0.71162 0.370767 0.485586 0.42277 0.225432 0.274606 0.384195 0.977695 0.929967 0.248749 0.0221215 0.828871 0.257222 0.363906 0.157891 0.871384 0.217267 0.142203 0.910378 0.2064 0.163759 0.0480579 0.0853053 0.40188 0.541084 0.00736493 
57 37 63 17 1 61 
0.997934 0.18126 0.313695 0.420704 0.406692 0.588301 0.804899 0.384387 0.518268 0.0536485 0.406508 0.347139 0.310871 0.770415 0.50503 0.182255 0.987682 0.647233 0.092633 0.194082 0.810992 0.140691 0.279387 0.212871 0.681775 0.286752 0.428787 0.58979 0.573066 0.23928 0.417899 0.571 0.420539 0.731593 0.991705 0.827231 0.319894 0.796604 0.211618 0.838162 0.850252 0.618126 0.185302 0.161123 0.388541 0.690332 0.343378 0.376224 0.337564 0.436011 0.570306 0.148556 0.576701 0.849693 0.361427 0.258477 0.136445 0.790215 0.848266 0.709512 0.0294945 0.266165 0.280512 0.450034 
58 61 44 10 56 29 
0.488883 0.155816 0.919072 0.107009 0.341117 0.0801949 0.49555 0.0314488 0.423572 0.871774 0.369013 0.859583 0.442079 0.517569 0.436284 0.291772 0.878996 0.694761 0.428218 0.669211 0.543028 0.137729 0.698706 0.809193 0.418241 0.148739 0.806952 0.690458 0.426004 0.124605 0.759278 0.914887 0.28042 0.67835 0.0218957 0.621537 0.758545 0.517446 0.652986 0.182117 0.389219 0.0219993 0.0417001 0.831299 0.539568 0.477985 0.123071 0.418565 0.172746 0.551289 0.0877762 0.715774 0.689018 0.786482 0.524966 0.107259 0.935221 0.331918 0.797717 0.361225 0.456523 0.556995 0.276112 0.736943 
59 20 38 1 77 0 
0.0114663 0.176006 0.204673 0.0334655 0.217706 0.0359718 0.573034 0.695691 0.159043 0.991599 0.868437 0.710332 0.079375 0.58421 0.39935 0.865857 0.109177 0.50661 0.801078 0.441095 0.304327 0.162304 0.897617 0.861321 0.438416 0.63456 0.0966656 0.736424 0.99304 0.0905546 0.551878 0.00450632 0.266561 0.756551 0.0379719 0.484267 0.792523 0.611006 0.179958 0.951565 0.602605 0.0483942 0.661897 0.68198 0.632604 0.0612474 0.547837 0.741781 0.567857 0.348915 0.182875 0.872184 0.511219 0.0804926 0.733505 0.949635 0.715053 0.83017 0.686059 0.708093 0.920725 0.237937 0.712599 0.187285 
60 52 14 17 1 56 
0.85151 0.738575 0.964181 0.899904 0.400473 0.646161 0.532508 0.46172 0.193998 0.274289 0.029577 0.542913 0.457165 0.901761 0.0541317 0.537658 0.635265 0.00376682 0.25271 0.465436 0.689826 0.960803 0.38616 0.927763 0.673402 0.573446 0.92225 0.423972 0.244998 0.70926 0.785549 0.0965082 0.447836 0.74973 0.996412 0.848308 0.395891 0.528921 0.310028 0.589889 0.80321 0.339605 0.132801 0.260375 0.241366 0.186933 0.798033 0.876631 0.1907 0.0507427 0.342067 0.880526 0.0115454 0.728227 0.808288 0.684947 0.301673 0.730538 0.108919 0.546671 0.439798 0.894468 0.643179 0.887634 
61 37 69 29 39 10 
0.0459705 0.629978 0.971723 0.385576 0.762779 0.232098 0.626942 0.949712 0.0301306 0.503573 0.140412 0.0808733 0.84564 0.0209376 0.0924187 0.573867 0.829226 0.777366 0.87554 0.559764 0.886285 0.422211 0.999563 0.780753 0.0653908 0.887197 0.424951 0.704983 0.623139 0.465041 0.873495 0.669109 0.0950184 0.845218 0.0546852 0.857797 0.0773158 0.681627 0.80751 0.107446 0.1852 0.947922 0.18832 0.0308396 0.968859 0.280738 0.604706 0.798085 0.0581039 0.480246 0.35785 0.944389 0.902458 0.357412 0.725142 0.967849 0.244609 0.150093 0.672831 0.867748 0.615134 0.546326 0.536857 0.710152 
62 1 43 75 12 22 
0.375459 0.576306 0.45837 0.323381 0.764626 0.489209 0.29224 0.0453643 0.0939157 0.0903249 0.103468 0.574162 0.448174 0.047857 0.47662 0.805587 0.772999 0.444468 0.0501958 0.923092 0.117299 0.917944 0.538226 0.663626 0.454801 0.248378 0.0551697 0.0463439 0.816327 0.52403 0.319514 0.191786 0.100336 0.777883 0.515167 0.864962 0.267092 0.807406 0.910326 0.361008 0.897731 0.0137944 0.93517 0.345906 0.0616514 0.41179 0.151492 0.83465 0.856258 0.201688 0.757742 0.973558 0.119632 0.295968 0.637184 0.574433 0.544345 0.692353 0.620777 0.360672 0.216383 0.940291 0.552458 0.316719 
63 45 20 73 64 16 
0.0920071 0.346274 0.772763 0.105801 0.281444 0.118668 0.167453 0.693234 0.270161 0.00210311 0.549493 0.471849 0.759845 0.523051 0.591481 0.055813 0.160234 0.165914 0.600158 0.852587 0.786691 0.960831 0.0689705 0.726981 0.513289 0.385689 0.445155 0.580914 0.56737 0.430421 0.455945 0.659377 0.776696 0.228708 0.765179 0.0581399 0.347376 0.932632 0.751374 0.617537 0.934735 0.300867 0.0893854 0.69458 0.823917 0.680866 0.750393 0.984152 0.84678 0.350551 0.836739 0.63347 0.311382 0.90571 0.360452 0.824671 0.291399 0.805607 0.405585 0.858769 0.236028 0.86153 0.518147 0.0127239 
64 1 63 65 75 10 
0.822238 0.0551506 0.150692 0.123105 0.144536 0.845272 0.947022 0.825402 0.595665 0.931174 0.672181 0.946216 0.767913 0.305652 0.257598 0.673623 0.666103 0.0822684 0.965022 0.47171 0.487853 0.823791 0.707739 0.349383 0.341937 0.720463 0.43962 0.625263 0.791326 0.877234 0.84122 0.613564 0.932385 0.991911 0.736669 0.0769208 0.837183 0.683691 0.902323 0.432848 0.614865 0.574504 0.379064 0.382778 0.880156 0.636661 0.0564011 0.546259 0.71893 0.0214228 0.0179696 0.206783 0.845214 0.725708 0.556166 0.187151 0.446171 0.995786 0.812414 0.237497 0.87302 0.653633 0.851062 0.805405 
65 5 0 66 73 77 
0.784649 0.915575 0.886288 0.359153 0.294639 0.269066 0.239309 0.9313 0.325467 0.785568 0.65023 0.34689 0.803537 0.857013 0.192104 0.529246 0.413179 0.379255 0.975417 0.408965 0.191668 0.212914 0.281985 0.845302 0.0639757 0.0873901 0.490846 0.651706 0.969716 0.973574 0.923129 0.754365 0.889149 0.809416 0.113517 0.183788 0.0784822 0.352826 0.115089 0.403949 0.138394 0.765319 0.750839 0.941931 0.622332 0.942943 0.471177 0.0355107 0.322197 0.446594 0.444475 0.513865 0.659508 0.72646 0.359167 0.723483 0.81385 0.850013 0.37519 0.783566 0.823587 0.298318 0.537931 0.712736 
66 24 61 22 19 39 
0.590166 0.142668 0.776932 0.341005 0.0845993 0.399264 0.283948 0.555776 0.434775 0.606145 0.00236969 0.87925 0.120011 0.661877 0.605711 0.479178 0.385361 0.419561 0.329191 0.76055 0.203127 0.152778 0.0588687 0.741058 0.865514 0.166603 0.392507 0.762039 0.35282 0.396781 0.773652 0.942986 0.53945 0.550584 0.283991 0.624049 0.949848 0.567939 0.179825 0.384623 0.174085 0.182195 0.263874 0.294095 0.844072 0.869584 0.773273 0.229433 0.289145 0.102464 0.989983 0.492273 0.255242 0.0488516 0.233331 0.120756 0.215455 0.625838 0.882795 0.568275 0.0226196 0.656447 0.511261 0.562069 
67 0 53 60 38 70 
0.365943 0.541503 0.537277 0.548138 0.805376 0.831372 0.39221 0.674961 0.604645 0.621643 0.964106 0.707109 0.611626 0.456378 0.962351 0.660477 0.68971 0.0831071 0.875932 0.315548 0.965902 0.444207 0.338167 0.622349 0.955468 0.900237 0.82938 0.750721 0.0863548 0.986259 0.113913 0.452298 0.527761 0.65119 0.000436231 0.333138 0.482562 0.392646 0.00809815 0.0872073 0.014289 0.972204 0.794316 0.625915 0.428582 0.756667 0.286392 0.118292 0.839774 0.162324 0.43384 0.805676 0.606531 0.772007 0.428025 0.561999 0.672244 0.257405 0.31272 0.758598 0.243664 0.426634 0.210897 0.771425 
68 40 14 32 12 42 
0.647593 0.618268 0.0848648 0.44191 0.244183 0.513447 0.198577 0.530575 0.631739 0.0383511 0.692899 0.0655787 0.844027 0.29943 0.837586 0.272053 0.861429 0.509829 0.529458 0.174149 0.268428 0.773121 0.600783 0.479324 0.544546 0.678607 0.690657 0.649109 0.238993 0.294636 0.76177 0.886586 0.912904 0.846635 0.328496 0.157087 0.360082 0.527073 0.687662 0.991821 0.565424 0.38056 0.0573997 0.409451 0.67999 0.894985 0.681504 0.541418 0.404815 0.210962 0.715568 0.673242 0.984083 0.316351 0.152566 0.528629 0.994958 0.843223 0.177738 0.233951 0.137859 0.939508 0.120537 0.0507633 
69 70 5 33 66 54 
0.895512 0.138046 0.54153 0.276072 0.195446 0.950981 0.956062 0.0904309 0.632485 0.49748 0.495245 0.843446 0.213048 0.168487 0.827529 0.529399 0.321054 0.356159 0.524356 0.164277 0.533897 0.758307 0.302136 0.473405 0.878844 0.352899 0.259548 0.327878 0.560749 0.405773 0.303983 0.456261 0.543819 0.845513 0.732333 0.739264 0.796494 0.688395 0.829695 0.428979 0.185875 0.324941 0.272425 0.398922 0.493428 0.0999542 0.928321 0.814482 0.456113 0.452677 0.978758 0.99001 0.210985 0.280894 0.463415 0.089829 0.633793 0.722963 0.417706 0.194543 0.128736 0.72169 0.650804 0.672555 
70 74 4 39 0 78 
0.241514 0.792675 0.257406 0.566455 0.0650998 0.656328 0.059883 0.165054 0.584649 0.874365 0.621167 0.0373264 0.853123 0.611176 0.248311 0.134017 0.0745911 0.33814 0.76781 0.797554 0.755846 0.962353 0.92629 0.477536 0.613157 0.598845 0.0447388 0.996293 0.0106637 0.408435 0.0678249 0.252178 0.20111 0.325231 0.818633 0.26621 0.981559 0.878516 0.431264 0.566208 0.752881 0.0524307 0.603535 0.606004 0.663607 0.851845 0.740021 0.738198 0.189985 0.507831 0.535752 0.945832 0.470184 0.462042 0.423368 0.0833407 0.0608867 0.468107 0.0796342 0.0715504 0.876542 0.147459 0.323728 0.0776518 
71 74 72 46 21 12 
0.775126 0.0204571 0.773758 0.827556 0.623992 0.379761 0.491163 0.475837 0.119782 0.229362 0.665822 0.627613 0.765114 0.611654 0.097797 0.227156 0.0350219 0.181138 0.288043 0.503128 0.260772 0.359593 0.37967 0.408231 0.683321 0.457322 0.880921 0.825683 0.801184 0.33517 0.84656 0.57631 0.355627 0.620318 0.403866 0.979619 7.90972e-05 0.895029 0.455456 0.119861 0.124391 0.121278 0.747474 0.889505 0.732932 0.845271 0.116661 0.767954 0.0264088 0.404703 0.271082 0.287181 0.764296 0.650753 0.695412 0.447618 0.108075 0.576333 0.2733 0.909259 0.911502 0.11986 0.485568 0.267129 
72 55 44 23 65 54 
0.702203 0.860118 0.908854 0.823481 0.607592 0.798359 0.556413 0.452863 0.91502 0.324367 0.479272 0.319723 0.595449 0.766453 0.0840196 0.246202 0.461865 0.531637 0.354277 0.038197 0.804937 0.263535 0.949699 0.924798 0.749104 0.216829 0.664976 0.638538 0.463576 0.405233 0.423001 0.16578 0.265351 0.331855 0.989261 0.872943 0.130215 0.545674 0.325806 0.0452347 0.870041 0.805079 0.364958 0.465491 0.571531 0.448978 0.711693 0.0333959 0.980615 0.0659696 0.0715929 0.785552 0.329505 0.0212923 0.71035 0.0786087 0.238121 0.375325 0.717146 0.701697 0.780558 0.140147 0.867477 0.0459086 
73 41 16 12 10 40 
0.244658 0.647452 0.272452 0.0497364 0.0124099 0.737943 0.621268 0.461388 0.449636 0.654664 0.442002 0.515605 0.726257 0.227554 0.845111 0.747549 0.937904 0.923719 0.98567 0.313229 0.640866 0.687367 0.0937869 0.781013 0.554843 0.139695 0.253015 0.411581 0.058547 0.855233 0.813992 0.303205 0.502685 0.0864447 0.352941 0.515095 0.824388 0.974209 0.976482 0.274023 0.628873 0.418484 0.789629 0.355129 0.646039 0.634739 0.102678 0.583942 0.558459 0.0883477 0.897171 0.199324 0.775714 0.990958 0.980337 0.330558 0.130654 0.233352 0.742139 0.189201 0.088585 0.556131 0.492406 0.59127 
74 58 76 41 59 17 
0.0828461 0.740987 0.448429 0.50133 0.530616 0.803558 0.147369 0.165355 0.906236 0.731311 0.723814 0.994584 0.628483 0.923138 0.770298 0.619441 0.903475 0.100856 0.750095 0.136827 0.842995 0.939296 0.225412 0.399126 0.431701 0.816682 0.0417015 0.277048 0.923046 0.508665 0.0966044 0.00589181 0.249652 0.545033 0.507222 0.780267 0.348591 0.654591 0.945622 0.254828 0.385902 0.669436 0.249411 0.0143853 0.592574 0.0197099 0.633826 0.496049 0.120566 0.383921 0.632876 0.963561 0.323217 0.858288 0.362687 0.754918 0.67497 0.404388 0.0319667 0.598015 0.913053 0.128571 0.603907 0.162705 
75 60 47 5 43 1 
0.277023 0.151623 0.55803 0.526435 0.166008 0.150604 0.546144 0.799835 0.646653 0.666711 0.183756 0.279529 0.630272 0.506973 0.137817 0.992959 0.261891 0.812786 0.397347 0.293858 0.410802 0.3104 0.422429 0.0147088 0.473105 0.0960335 0.125838 0.416077 0.118229 0.891559 0.304672 0.395252 0.0431813 0.862702 0.921687 0.209189 0.0133062 0.467831 0.00902403 0.659959 0.134542 0.19278 0.939488 0.764813 0.699753 0.0773052 0.757772 0.961644 0.890092 0.155119 0.255503 0.300893 0.46552 0.677932 0.315602 0.938625 0.773965 0.44144 0.354702 0.892195 0.332999 0.659374 0.287447 0.37618 
76 43 58 12 38 0 
0.594394 0.195341 0.811507 0.787174 0.134829 0.57632 0.486927 0.212134 0.334092 0.448571 0.102226 0.489212 0.704074 0.40312 0.954731 0.382006 0.718722 0.893356 0.155971 0.160162 0.248058 0.0481657 0.493161 0.907432 0.335613 0.869341 0.429508 0.544746 0.454711 0.964889 0.221711 0.0491048 0.16023 0.0332178 0.836279 0.29506 0.609538 0.323205 0.507194 0.94363 0.771777 0.60942 0.432842 0.47585 0.0125398 0.387573 0.857856 0.731262 0.28093 0.0138273 0.891424 0.528988 0.0619931 0.384585 0.43642 0.397606 0.253926 0.865928 0.942352 0.708637 0.830817 0.164063 0.757742 0.991048 
77 9 26 57 11 10 
0.793301 0.750449 0.689003 0.402722 0.183291 0.164853 0.415261 0.570864 0.0227091 0.146523 0.851794 0.0365365 0.0379467 0.380782 0.0985295 0.422532 0.817202 0.496135 0.676458 0.68313 0.438487 0.385095 0.513947 0.60255 0.142837 0.504994 0.799831 0.736858 0.791102 0.60665 0.654084 0.584403 0.357099 0.343087 0.987124 0.54039 0.50794 0.402386 0.111254 0.530649 0.548909 0.963048 0.567185 0.586855 0.34383 0.665715 0.00938705 0.161032 0.16185 0.685845 0.844161 0.600337 0.0709403 0.358108 0.202887 0.213778 0.863103 0.00271839 0.950636 0.654204 0.609368 0.60472 0.238607 0.966467 
78 29 40 7 8 67 
0.618111 0.986396 0.177026 0.581159 0.553581 0.763881 0.924989 0.219296 0.773268 0.0860207 0.381146 0.459113 0.930182 0.981483 0.530053 0.28829 0.18437 0.743831 0.151393 0.187089 0.694467 0.805597 0.796457 0.299187 0.0442037 0.762924 0.246994 0.269935 0.269781 0.702741 0.898052 0.887892 0.689137 0.0750778 0.469052 0.242718 0.838959 0.394041 0.462013 0.612227 0.480061 0.843159 0.0713402 0.410244 0.824642 0.601394 0.698534 0.00901243 0.345225 0.849927 0.196101 0.0396922 0.655523 0.992558 0.33888 0.699727 0.755482 0.585874 0.969662 0.0252636 0.288615 0.867714 0.913156 0.977752 
