10 7
1 1 1 0 1 1 1 1 1 1 
0 3 8 9 4 7 5 
0.586295 0.48211 0.197773 0.595472 0.800633 0.0746252 0.25112 0.141966 0.690623 0.464875 0.357273 0.312855 0.0671828 0.566619 0.588921 0.181643 0.356966 0.667759 0.825087 0.925323 0.980511 0.309374 0.920247 0.675314 0.628858 0.327924 0.139682 0.384204 0.906633 0.141908 0.274696 0.492928 0.624018 0.472469 0.0883997 0.424651 0.547095 0.339519 0.566617 0.237718 0.804395 0.923891 0.550573 0.871577 0.49051 0.139495 0.0532207 0.847476 0.807254 0.878308 0.772798 0.787765 0.187682 0.693045 0.46308 0.81654 0.0209692 0.602762 0.200743 0.927602 0.74467 0.47544 0.42053 0.368689 0.947909 0.508929 0.79334 0.495004 0.848449 0.359957 0.732722 0.652843 0.283847 0.283295 0.524421 0.774357 0.42279 0.577641 0.621833 0.230044 0.455949 0.394631 0.0178092 0.643631 0.0876757 0.480889 0.46017 0.108645 0.0836507 0.660914 0.0362468 0.828321 0.136353 0.456777 0.19701 0.0842624 0.965706 0.990349 0.579266 0.814155 0.350306 0.311988 0.466998 0.634153 0.595283 0.991419 0.40851 0.0180727 0.56906 0.030343 0.248117 0.025009 0.424974 0.265926 0.66864 0.512649 0.746815 0.12881 0.621294 0.830465 0.789724 0.657541 0.658786 0.926077 0.114318 0.855796 0.0103393 0.0800237 
1 5 4 7 2 9 6 
0.921655 0.269457 0.763065 0.946664 0.694431 0.0289913 0.615303 0.20708 0.775806 0.744114 0.828375 0.606271 0.533837 0.485916 0.265057 0.459914 0.600234 0.120853 0.470253 0.680257 0.966998 0.0598589 0.574436 0.163449 0.961452 0.935612 0.994053 0.458328 0.288207 0.233167 0.973277 0.209861 0.502624 0.736342 0.156525 0.197055 0.765333 0.771828 0.404136 0.541139 0.515942 0.232511 0.147411 0.0497792 0.718427 0.412468 0.509693 0.31866 0.533321 0.979947 0.998918 0.500319 0.0398057 0.573353 0.663768 0.00125776 0.508965 0.65782 0.459586 0.797172 0.890987 0.432863 0.00703365 0.393612 0.169205 0.163559 0.590667 0.934538 0.935387 0.994803 0.475678 0.451329 0.227314 0.623088 0.501108 0.94574 0.0355562 0.0108016 0.264401 0.568877 0.990748 0.263318 0.0691964 0.0305541 0.836672 0.732964 0.0318118 0.345637 0.390785 0.491398 0.142809 0.281772 0.92426 0.149843 0.675383 0.0934651 0.313402 0.26605 0.0280035 0.248789 0.260853 0.503681 0.700118 0.488167 0.126769 0.201226 0.433907 0.162325 0.212028 0.698308 0.731203 0.202776 0.961626 0.800399 0.23333 0.798298 0.533363 0.265142 0.143935 0.924148 0.75654 0.286744 0.20592 0.6808 0.436587 0.881303 0.774265 0.749988 
2 4 8 5 1 0 6 
0.900121 0.330281 0.595044 0.112148 0.0285889 0.326247 0.314924 0.990215 0.126647 0.548254 0.788513 0.66001 0.813396 0.932448 0.584158 0.569936 0.219191 0.790078 0.250735 0.655778 0.671381 0.0250005 0.405766 0.818734 0.827269 0.404543 0.226941 0.133219 0.103438 0.123315 0.565938 0.00355833 0.453596 0.160982 0.115706 0.482185 0.487229 0.430631 0.4724 0.613876 0.978885 0.260912 0.273886 0.792281 0.19336 0.858044 0.362216 0.412551 0.648121 0.612952 0.0683296 0.319502 0.637952 0.474096 0.138236 0.465221 0.878639 0.365177 0.59844 0.982077 0.488492 0.164378 0.985635 0.942087 0.32536 0.101342 0.424272 0.812589 0.531972 0.896671 0.426465 0.510857 0.157584 0.700351 0.303138 0.350944 0.558395 0.665354 0.763495 0.206517 0.278306 0.831825 0.526019 0.916258 0.305921 0.664255 0.38148 0.18456 0.0294317 0.97992 0.166637 0.517923 0.144298 0.152273 0.46001 0.469658 0.253614 0.884282 0.282247 0.785587 0.780954 0.708713 0.296444 0.938538 0.409064 0.599582 0.289482 0.967459 0.264936 0.0529771 0.173976 0.543242 0.884802 0.699995 0.4595 0.190723 0.364249 0.84098 0.375284 0.393681 0.8209 0.541921 0.911604 0.965197 0.694194 0.371615 0.434855 0.947808 
3 6 0 9 4 5 1 
0.976314 0.437598 0.202649 0.676309 0.897097 0.393372 0.040558 0.738077 0.768656 0.434239 0.558977 0.310577 0.345843 0.524174 0.00477052 0.717458 0.959029 0.952579 0.973355 0.676131 0.685973 0.0102059 0.101946 0.715812 0.985594 0.936825 0.345232 0.250464 0.739163 0.239588 0.568311 0.715477 0.677186 0.770961 0.391785 0.574283 0.164333 0.432343 0.31236 0.932989 0.866582 0.871337 0.243566 0.212426 0.395511 0.248337 0.929884 0.35454 0.200915 0.903239 0.0306708 0.886889 0.913445 0.132617 0.602701 0.899039 0.0694411 0.947933 0.149503 0.808604 0.187521 0.717815 0.52408 0.864707 0.488775 0.915866 0.43899 0.653109 0.348209 0.75135 0.586098 0.214791 0.622687 0.829664 0.427217 0.018198 0.0780006 0.357101 0.372738 0.278916 0.260339 0.403409 0.165804 0.173784 0.536025 0.768505 0.0728229 0.605466 0.716438 0.222326 0.41407 0.903959 0.940141 0.93815 0.768665 0.428916 0.854016 0.207655 0.0820246 0.202225 0.959005 0.668122 0.417017 0.581692 0.497786 0.844234 0.59989 0.575787 0.201335 0.972628 0.854703 0.461674 0.376037 0.0205071 0.635458 0.912062 0.789012 0.708281 0.517528 0.50545 0.930607 0.931598 0.409409 0.870748 0.869749 0.178074 0.299664 0.723765 
4 0 8 9 6 1 3 
0.388576 0.498945 0.978087 0.85025 0.874982 0.998594 0.485709 0.787044 0.787606 0.19399 0.304572 0.293056 0.124597 0.236171 0.702465 0.995345 0.10592 0.880539 0.295008 0.829685 0.266269 0.676697 0.755675 0.611003 0.726508 0.0986831 0.53743 0.274105 0.285925 0.0637472 0.397489 0.674501 0.562692 0.375575 0.524751 0.437674 0.374169 0.0104601 0.224718 0.161775 0.20445 0.529291 0.454831 0.329046 0.765462 0.157295 0.324391 0.871381 0.0378345 0.619399 0.701066 0.304103 0.296096 0.456742 0.915106 0.0226041 0.555425 0.452536 0.296709 0.841349 0.516284 0.694198 0.51585 0.0789761 0.0697732 0.0406018 0.51665 0.443942 0.0510619 0.741369 0.605717 0.255512 0.27066 0.0605475 0.584558 0.0361214 0.217843 0.908949 0.907503 0.255677 0.528348 0.608569 0.55978 0.824444 0.0653105 0.474887 0.847048 0.620735 0.927423 0.143757 0.462085 0.443707 0.837955 0.977935 0.522683 0.907728 0.0185367 0.0393334 0.351671 0.0695986 0.780702 0.957387 0.32511 0.051362 0.0179349 0.909668 0.0874834 0.235778 0.818617 0.994986 0.491455 0.346965 0.603555 0.0512356 0.171409 0.668866 0.526122 0.0184571 0.289601 0.453546 0.162214 0.751685 0.897252 0.000169672 0.72962 0.419935 0.907898 0.748157 
5 2 4 3 9 6 1 
0.218115 0.977357 0.0133594 0.389524 0.646223 0.539482 0.407981 0.935824 0.993027 0.570195 0.687509 0.89028 0.570365 0.417129 0.310215 0.478263 0.165286 0.769484 0.737831 0.983041 0.00945465 0.954787 0.125907 0.300788 0.189678 0.178441 0.679604 0.660347 0.049591 0.0534064 0.622471 0.267706 0.0307639 0.63583 0.657229 0.676987 0.175312 0.0652099 0.612811 0.168339 0.635405 0.300319 0.0586189 0.20577 0.717448 0.368834 0.684033 0.882734 0.138318 0.421864 0.865776 0.147772 0.376651 0.991683 0.44856 0.56633 0.170124 0.128164 0.226677 0.219715 0.18157 0.849147 0.48742 0.212334 0.484977 0.14465 0.889321 0.660289 0.20986 0.502131 0.828628 0.845265 0.802451 0.887247 0.0510342 0.519899 0.256081 0.735067 0.402634 0.394399 0.156931 0.26841 0.542171 0.533582 0.260093 0.990731 0.0999116 0.430216 0.118895 0.326588 0.649931 0.300465 0.175735 0.137351 0.512799 0.660713 0.282001 0.40212 0.321002 0.49186 0.904252 0.149631 0.337125 0.706702 0.0368779 0.388159 0.226602 0.292959 0.123226 0.629236 0.687358 0.280156 0.897645 0.229529 0.813738 0.157738 0.22026 0.91365 0.587954 0.339155 0.240238 0.237885 0.639621 0.415973 0.375236 0.15242 0.0766862 0.657237 
6 9 1 7 5 8 3 
0.165494 0.584197 0.874381 0.392096 0.877156 0.997606 0.0213315 0.564514 0.277763 0.918977 0.794044 0.0915012 0.0767147 0.014304 0.00515117 0.664669 0.353459 0.245389 0.902553 0.99308 0.661363 0.277789 0.1455 0.738049 0.935026 0.700039 0.135737 0.0841226 0.158831 0.683056 0.570344 0.324325 0.267253 0.444725 0.716421 0.144409 0.442331 0.737752 0.708923 0.720094 0.656729 0.502967 0.811595 0.733444 0.517271 0.816746 0.398112 0.87073 0.0621353 0.300666 0.86381 0.723498 0.578455 0.00930943 0.461547 0.513481 0.709349 0.597284 0.597604 0.86818 0.28034 0.167948 0.192505 0.547593 0.612673 0.908926 0.692002 0.0550035 0.646678 0.400925 0.775097 0.303407 0.903891 0.586692 0.0368508 0.421162 0.403438 0.434963 0.291892 0.465574 0.735629 0.155702 0.189071 0.314084 0.165011 0.650618 0.827565 0.87436 0.247902 0.425169 0.74254 0.528242 0.593117 0.935045 0.0758353 0.205789 0.84397 0.767837 0.260793 0.490648 0.168762 0.0358902 0.794055 0.0726528 0.622582 0.830906 0.493815 0.0260205 0.26587 0.785706 0.491594 0.00149865 0.941408 0.680666 0.315583 0.106419 0.331284 0.143148 0.980779 0.579186 0.568317 0.723319 0.107429 0.161434 0.658364 0.183264 0.367224 0.502334 
7 4 0 2 1 6 9 
0.883814 0.472036 0.804104 0.885312 0.413444 0.484769 0.200895 0.519863 0.816053 0.344044 0.500642 0.395239 0.912361 0.223961 0.502668 0.0737957 0.882325 0.685932 0.44102 0.384659 0.637033 0.0690364 0.377641 0.756896 0.732943 0.164679 0.949411 0.0194328 0.782624 0.635741 0.331943 0.666437 0.107777 0.136046 0.55175 0.521222 0.620816 0.752645 0.0410852 0.436869 0.0966888 0.541728 0.832109 0.00904999 0.765689 0.334777 0.0828457 0.648014 0.0207089 0.523865 0.032673 0.657742 0.592902 0.410315 0.414637 0.325845 0.574994 0.364048 0.345278 0.357617 0.999789 0.67722 0.0240548 0.107566 0.813267 0.575804 0.628788 0.434083 0.328449 0.669873 0.870952 0.425138 0.211601 0.70306 0.434188 0.97729 0.0378371 0.517034 0.625304 0.058546 0.0408991 0.657977 0.716288 0.633801 0.0682916 0.130925 0.959646 0.643285 0.494974 0.304924 0.000902987 0.494763 0.982144 0.0249578 0.602329 0.795411 0.600762 0.231117 0.229494 0.929212 0.90099 0.100445 0.35435 0.112591 0.803506 0.788538 0.0898812 0.841343 0.305572 0.715185 0.899889 0.346471 0.373162 0.616177 0.980272 0.441454 0.747102 0.939918 0.0847394 0.242076 0.244841 0.0856424 0.736838 0.226985 0.1106 0.339167 0.022396 0.711362 
8 9 1 4 2 0 7 
0.673747 0.997184 0.0890342 0.388932 0.897073 0.435505 0.762094 0.51325 0.415777 0.203548 0.260352 0.355695 0.288288 0.502427 0.600536 0.37393 0.239266 0.827521 0.48453 0.578433 0.849917 0.195893 0.148717 0.101806 0.836467 0.619992 0.454141 0.831391 0.203857 0.609982 0.614853 0.877604 0.607166 0.703887 0.266536 0.504239 0.139392 0.0286306 0.0174884 0.555169 0.232179 0.27784 0.910864 0.520466 0.780267 0.511399 0.894396 0.0195331 0.33892 0.378927 0.597966 0.188837 0.574819 0.746683 0.290643 0.411286 0.366675 0.744785 0.242676 0.570532 0.354767 0.857529 0.448136 0.961933 0.561416 0.714672 0.466172 0.700808 0.743303 0.48366 0.255977 0.975482 0.761501 0.166841 0.495948 0.541768 0.678241 0.390345 0.561301 0.0171609 0.769271 0.159267 0.205998 0.344091 0.90595 0.496641 0.755376 0.272625 0.241426 0.998053 0.843157 0.596193 0.855582 0.291293 0.558126 0.416998 0.00596586 0.0242982 0.117806 0.749269 0.507959 0.373784 0.724751 0.269459 0.540625 0.220699 0.811227 0.218866 0.611044 0.372528 0.236027 0.380315 0.531795 0.442024 0.724406 0.437746 0.938666 0.479782 0.710371 0.180091 0.477835 0.553528 0.776284 0.333417 0.844821 0.33441 0.750415 0.850787 
9 4 2 5 7 8 0 
0.618213 0.741054 0.999794 0.798304 0.218889 0.553322 0.574588 0.552306 0.398143 0.908999 0.302721 0.24893 0.267707 0.170943 0.848986 0.134374 0.412948 0.173792 0.270501 0.195578 0.719298 0.217855 0.197074 0.875848 0.537737 0.434597 0.412713 0.389415 0.114144 0.673985 0.678838 0.732357 0.415038 0.678632 0.530661 0.633927 0.231953 0.105249 0.186233 0.630096 0.0142475 0.488954 0.879026 0.281955 0.659897 0.728012 0.416329 0.0728445 0.901804 0.68683 0.268423 0.621102 0.904685 0.465497 0.49695 0.442422 0.900094 0.909664 0.831837 0.0142377 0.583649 0.510675 0.746594 0.998687 0.189307 0.277255 0.632614 0.42126 0.382504 0.818847 0.0513562 0.396751 0.307802 0.930382 0.678706 0.967698 0.658394 0.0950354 0.0405429 0.560198 0.781866 0.308966 0.1813 0.686551 0.774462 0.67825 0.128973 0.674556 0.587914 0.96081 0.688794 0.171563 0.471485 0.435388 0.17025 0.660791 0.712643 0.802864 0.0820512 0.095147 0.621712 0.133407 0.491898 0.929513 0.0637896 0.170605 0.897212 0.722183 0.26564 0.937754 0.282381 0.0475056 0.24672 0.463681 0.734056 0.0211824 0.141932 0.863029 0.695738 0.729846 0.823839 0.384532 0.901409 0.295324 0.81992 0.0716586 0.956115 0.532563 
