91 1
0 1 1 1 0 1 0 1 1 0 0 1 1 0 0 0 0 1 0 1 0 0 0 1 1 0 0 1 0 1 1 1 1 1 1 0 0 1 1 0 0 0 0 1 1 1 0 0 0 1 0 1 1 1 0 1 1 1 1 0 1 0 1 0 0 1 1 1 1 1 0 1 0 0 1 0 0 0 1 1 1 0 0 1 1 1 1 1 1 0 0 
0 
0.121353 0.771616 
1 
0.33823 0.278643 
2 
0.364086 0.705012 
3 
0.610044 0.390955 
4 
0.361582 0.569527 
5 
0.176934 0.39621 
6 
0.906744 0.0459489 
7 
0.220843 0.132493 
8 
0.957612 0.254228 
9 
0.289014 0.814041 
10 
0.69878 0.336039 
11 
0.563341 0.0274946 
12 
0.458108 0.203395 
13 
0.949477 0.0399067 
14 
0.454572 0.280216 
15 
0.348712 0.575925 
16 
0.051832 0.686941 
17 
0.854568 0.415918 
18 
0.391954 0.464612 
19 
0.806872 0.753536 
20 
0.034139 0.983807 
21 
0.149746 0.940883 
22 
0.0297555 0.370589 
23 
0.0733763 0.987368 
24 
0.624817 0.36239 
25 
0.801408 0.323597 
26 
0.698429 0.364749 
27 
0.351092 0.156538 
28 
0.568144 0.300569 
29 
0.196444 0.022716 
30 
0.580785 0.545156 
31 
0.598641 0.632617 
32 
0.232097 0.453209 
33 
0.0485343 0.624051 
34 
0.917821 0.855407 
35 
0.377587 0.95196 
36 
0.839213 0.527333 
37 
0.892843 0.868969 
38 
0.897922 0.96622 
39 
0.856337 0.522739 
40 
0.32861 0.657745 
41 
0.846336 0.0270392 
42 
0.0224935 0.197427 
43 
0.183577 0.590637 
44 
0.497996 0.380021 
45 
0.613353 0.0787808 
46 
0.925177 0.211994 
47 
0.711398 0.157274 
48 
0.665203 0.759932 
49 
0.781325 0.583024 
50 
0.615339 0.158912 
51 
0.534984 0.454552 
52 
0.686245 0.427828 
53 
0.323521 0.584166 
54 
0.394048 0.179857 
55 
0.106905 0.722658 
56 
0.837602 0.953241 
57 
0.749697 0.860096 
58 
0.150668 0.933274 
59 
0.450733 0.648665 
60 
0.313295 0.0640858 
61 
0.727445 0.238472 
62 
0.27608 0.438843 
63 
0.395746 0.941283 
64 
0.198775 0.177072 
65 
0.524308 0.814114 
66 
0.335984 0.0592922 
67 
0.268666 0.0222287 
68 
0.48712 0.592186 
69 
0.606395 0.881168 
70 
0.772044 0.7133 
71 
0.603825 0.609646 
72 
0.666541 0.353522 
73 
0.469742 0.81721 
74 
0.286796 0.920474 
75 
0.465874 0.600091 
76 
0.98456 0.19332 
77 
0.838563 0.26064 
78 
0.632163 0.234309 
79 
0.201924 0.830938 
80 
0.41138 0.726231 
81 
0.645051 0.747364 
82 
0.785523 0.913717 
83 
0.769593 0.272643 
84 
0.505904 0.375988 
85 
0.153811 0.277947 
86 
0.0892886 0.757637 
87 
0.887593 0.75583 
88 
0.111159 0.357335 
89 
0.57304 0.397955 
90 
0.277809 0.0389145 
