1600 1
1 1 1 1 1 1 1 0 0 1 1 1 0 1 0 1 0 1 0 1 0 1 0 0 1 1 1 0 0 0 0 0 0 0 0 1 0 0 0 1 0 0 1 0 1 1 0 0 1 0 0 0 0 0 1 0 0 1 1 1 0 0 0 0 1 0 0 0 1 1 0 1 0 1 0 0 1 1 1 1 0 1 0 0 0 0 1 1 0 0 0 0 1 1 1 0 0 0 1 1 0 1 1 1 1 0 1 1 0 1 1 0 1 0 1 0 1 1 1 0 0 0 1 1 0 1 0 0 0 0 0 1 0 0 0 0 1 0 0 0 0 0 1 1 1 1 0 1 0 0 1 1 1 1 1 1 0 0 0 1 0 1 0 1 0 1 1 0 0 0 1 1 0 0 1 0 0 1 1 1 0 1 0 1 1 0 1 0 0 0 1 1 0 0 1 1 0 1 0 1 1 0 1 0 1 0 1 1 0 1 1 1 1 0 1 0 0 1 1 1 0 1 1 1 0 1 1 1 0 0 1 0 0 0 1 0 1 1 0 0 0 1 0 0 0 1 1 1 1 0 1 1 0 1 1 0 0 0 0 1 1 1 0 0 0 0 0 0 0 1 1 1 1 0 1 1 0 1 1 1 0 0 1 0 0 1 1 1 0 0 1 1 0 0 0 1 1 1 0 1 0 0 1 0 0 1 0 1 0 1 1 1 0 1 0 1 0 0 0 1 0 0 1 1 0 1 0 0 1 1 0 0 1 1 0 0 1 1 0 0 1 1 1 0 1 0 1 0 0 0 1 1 1 1 1 0 1 0 0 0 1 1 1 1 1 0 0 0 1 1 1 1 1 1 1 0 1 1 1 0 0 1 0 0 0 0 0 0 0 1 1 0 1 0 0 0 1 1 1 1 1 1 0 0 0 0 1 0 0 1 1 1 0 0 0 1 1 1 0 0 1 1 1 0 0 0 1 0 0 1 1 1 1 0 0 0 1 0 1 0 0 1 0 1 0 1 1 1 0 1 0 0 1 1 1 0 0 1 1 0 1 1 0 0 0 1 1 0 0 0 1 1 0 0 0 0 1 0 0 0 0 1 1 0 1 0 1 1 0 0 0 1 0 1 0 0 1 0 1 0 1 0 0 1 1 1 0 1 1 1 0 0 1 1 0 0 0 0 0 1 1 1 1 1 1 0 0 1 0 0 0 0 1 1 0 0 0 1 0 0 1 0 1 0 0 0 1 1 0 0 1 0 0 0 0 0 1 1 0 0 1 1 0 1 1 1 0 0 0 0 1 0 1 0 1 0 1 1 0 0 0 0 0 1 1 1 0 0 0 1 1 0 1 0 0 0 1 0 1 0 1 0 1 1 1 0 0 1 0 1 1 0 0 0 0 1 0 0 0 1 0 0 0 1 0 0 0 0 1 0 1 1 1 1 1 1 0 0 0 0 0 0 1 1 1 0 1 0 1 0 1 1 0 0 1 1 1 0 0 1 1 0 1 0 0 1 0 0 0 1 1 1 0 1 0 0 0 0 0 1 0 0 1 1 1 1 1 0 0 0 0 0 1 1 1 0 1 1 1 1 1 1 1 1 1 0 0 1 0 1 1 1 0 1 1 1 1 1 0 0 0 1 1 0 1 0 1 0 0 0 0 0 0 0 0 1 0 0 1 1 0 1 1 0 1 1 0 1 1 1 0 0 1 0 1 0 1 1 1 0 0 0 0 0 1 1 0 0 0 0 0 0 0 0 1 0 0 0 0 0 0 1 1 0 0 1 1 1 0 1 0 1 0 1 0 1 0 1 0 1 0 0 0 1 1 0 0 1 1 1 0 0 1 1 0 1 1 0 1 0 1 0 1 0 1 0 0 0 1 0 0 0 1 0 1 1 1 0 1 0 1 1 1 1 1 0 1 1 0 1 1 0 1 1 1 1 0 1 0 0 0 1 0 0 0 0 0 1 1 1 0 1 1 0 0 1 0 0 1 1 1 1 0 1 1 0 1 1 0 0 0 1 0 1 0 0 0 0 0 1 0 1 1 0 0 0 0 1 0 0 1 0 1 0 0 1 0 0 1 1 1 1 0 0 1 1 1 1 0 0 1 1 0 1 0 0 1 1 0 0 1 1 1 1 0 0 1 1 1 0 0 1 0 1 0 0 1 1 0 1 0 0 1 0 1 1 1 1 1 0 0 1 0 0 1 0 1 0 0 1 1 1 1 0 1 0 1 0 0 1 0 0 0 0 1 0 0 1 0 1 0 1 1 0 0 0 1 0 1 0 0 1 1 0 0 1 0 0 0 1 0 1 0 0 1 0 1 0 0 1 0 0 1 1 1 1 0 1 0 0 0 0 0 0 1 1 1 0 0 0 1 0 1 0 1 1 0 1 0 1 1 0 0 0 0 0 0 1 0 1 0 0 0 1 1 1 1 1 0 0 1 0 1 1 0 1 1 1 0 0 1 0 1 1 1 0 0 0 0 0 1 1 1 0 1 1 0 1 0 0 1 0 1 1 0 0 0 0 0 1 1 1 0 0 1 1 1 0 0 1 1 0 1 1 0 0 0 1 0 1 0 0 0 1 1 1 0 0 0 0 0 0 0 1 1 0 1 0 1 1 0 0 0 0 0 1 1 1 0 1 1 1 0 0 1 0 0 1 1 1 0 0 1 1 1 1 0 1 0 0 1 1 1 1 1 1 1 1 1 0 1 0 1 1 1 1 0 1 1 1 1 0 0 1 0 0 0 1 1 1 1 1 0 1 1 0 1 0 0 0 1 1 1 1 1 1 0 0 1 0 0 0 0 0 0 1 1 1 0 1 0 0 0 1 0 0 0 1 1 1 0 0 1 0 0 1 0 1 1 1 1 0 0 0 1 1 0 0 0 1 0 1 0 1 1 0 1 0 0 1 0 1 0 1 0 0 1 1 0 1 1 0 1 0 1 1 1 1 0 0 1 0 0 1 0 0 0 0 1 1 1 0 1 0 0 0 1 1 0 1 1 1 0 1 0 1 0 0 1 1 1 1 0 0 1 0 1 0 1 1 0 1 1 0 1 0 1 1 0 1 1 1 1 1 1 0 1 0 0 1 1 0 1 0 0 0 1 0 1 0 1 1 0 1 0 0 0 1 1 0 1 1 0 1 1 0 0 1 0 1 1 0 1 0 1 0 1 0 1 1 1 1 1 0 1 1 0 1 1 0 0 1 0 1 1 1 0 0 1 1 1 0 0 1 1 1 0 1 0 0 1 0 1 0 1 1 0 0 1 0 1 0 0 1 0 0 1 0 1 1 0 1 0 0 1 0 0 0 0 1 0 1 0 0 0 0 0 1 0 1 0 0 0 1 0 0 0 0 1 0 1 0 1 0 1 1 0 0 1 1 0 0 1 1 1 0 1 0 0 0 0 1 1 0 1 1 1 0 0 1 0 0 0 0 0 1 0 1 0 0 1 0 1 0 0 1 1 0 1 1 1 0 1 0 1 0 0 1 1 1 1 0 1 1 1 0 1 1 0 0 0 0 1 1 1 1 1 0 0 1 0 1 1 0 0 1 1 1 0 0 1 0 1 1 0 0 0 0 0 1 0 1 1 0 1 1 0 0 0 0 
0 
0.168989 0.0556137 
1 
0.665879 0.598536 
2 
0.725849 0.207855 
3 
0.882055 0.561432 
4 
0.288389 0.804468 
5 
0.449746 0.749172 
6 
0.374324 0.977109 
7 
0.524077 0.744749 
8 
0.338248 0.63694 
9 
0.897112 0.690623 
10 
0.674364 0.907215 
11 
0.845677 0.68482 
12 
0.343849 0.274732 
13 
0.144594 0.95805 
14 
0.853904 0.45068 
15 
0.582192 0.0228927 
16 
0.506294 0.248071 
17 
0.621429 0.232143 
18 
0.455926 0.503484 
19 
0.793575 0.744315 
20 
0.307953 0.243321 
21 
0.493487 0.682276 
22 
0.22043 0.0175637 
23 
0.427025 0.558677 
24 
0.654503 0.324137 
25 
0.2493 0.328868 
26 
0.231353 0.0949767 
27 
0.0136872 0.575202 
28 
0.369708 0.158281 
29 
0.533251 0.223612 
30 
0.608961 0.115443 
31 
0.246505 0.115255 
32 
0.363514 0.867934 
33 
0.347399 0.81944 
34 
0.371418 0.140974 
35 
0.563755 0.679371 
36 
0.384294 0.0572419 
37 
0.361647 0.604724 
38 
0.0748056 0.788673 
39 
0.163401 0.729309 
40 
0.11281 0.412702 
41 
0.0581765 0.344163 
42 
0.507678 0.0718637 
43 
0.919365 0.877387 
44 
0.230145 0.452616 
45 
0.100999 0.839106 
46 
0.56806 0.347504 
47 
0.954361 0.931574 
48 
0.215438 0.30176 
49 
0.751014 0.586856 
50 
0.442733 0.314769 
51 
0.266227 0.827028 
52 
0.372011 0.627875 
53 
0.431752 0.446816 
54 
0.416548 0.595153 
55 
0.176125 0.529358 
56 
0.00785477 0.234302 
57 
0.873521 0.515533 
58 
0.306165 0.792885 
59 
0.39292 0.53631 
60 
0.245501 0.493918 
61 
0.375416 0.813561 
62 
0.841422 0.329777 
63 
0.745135 0.0568602 
64 
0.631536 0.496149 
65 
0.643717 0.0742693 
66 
0.810917 0.909944 
67 
0.901297 0.182928 
68 
0.537819 0.333049 
69 
0.629744 0.954366 
70 
0.928202 0.805869 
71 
0.483724 0.936057 
72 
0.0401707 0.357245 
73 
0.45159 0.346336 
74 
0.15013 0.844509 
75 
0.882646 0.395631 
76 
0.338428 0.258062 
77 
0.209192 0.17985 
78 
0.587838 0.954327 
79 
0.23671 0.219374 
80 
0.450476 0.880427 
81 
0.293644 0.261393 
82 
0.790371 0.194941 
83 
0.444321 0.328189 
84 
0.527989 0.0740654 
85 
0.282556 0.456191 
86 
0.879935 0.76628 
87 
0.392248 0.920105 
88 
0.123524 0.843837 
89 
0.266441 0.273654 
90 
0.688346 0.149087 
91 
0.669286 0.0267737 
92 
0.407149 0.878478 
93 
0.206623 0.994987 
94 
0.832805 0.443333 
95 
0.214362 0.283281 
96 
0.32376 0.508005 
97 
0.544674 0.114131 
98 
0.702946 0.988996 
99 
0.44232 0.230935 
100 
0.0630611 0.724875 
101 
0.687126 0.942996 
102 
0.491155 0.0793734 
103 
0.863101 0.614679 
104 
0.92321 0.129542 
105 
0.888334 0.611557 
106 
0.27863 0.557619 
107 
0.63833 0.685779 
108 
0.436097 0.844954 
109 
0.680766 0.268902 
110 
0.288287 0.895127 
111 
0.552183 0.612047 
112 
0.403132 0.0968577 
113 
0.726178 0.106078 
114 
0.0858534 0.168498 
115 
0.337013 0.148914 
116 
0.893373 0.024139 
117 
0.0919101 0.384528 
118 
0.103512 0.955011 
119 
0.999208 0.0267229 
120 
0.0845532 0.887542 
121 
0.63828 0.363183 
122 
0.445161 0.27661 
123 
0.0489613 0.881258 
124 
0.121564 0.729727 
125 
0.15016 0.409851 
126 
0.624854 0.702344 
127 
0.0218986 0.0279866 
128 
0.799202 0.748077 
129 
0.134065 0.885055 
130 
0.916574 0.471078 
131 
0.0339695 0.809948 
132 
0.495217 0.12588 
133 
0.194476 0.598729 
134 
0.0808906 0.193684 
135 
0.625452 0.165444 
136 
0.0812258 0.263732 
137 
0.528627 0.526387 
138 
0.540342 0.577588 
139 
0.407645 0.661906 
140 
0.307315 0.557805 
141 
0.0717567 0.932169 
142 
0.260149 0.0936553 
143 
0.960156 0.0593507 
144 
0.841732 0.0942204 
145 
0.944406 0.758306 
146 
0.565298 0.978375 
147 
0.568254 0.0605152 
148 
0.104255 0.76273 
149 
0.659245 0.185145 
150 
0.956415 0.284697 
151 
0.350589 0.0376404 
152 
0.548429 0.879216 
153 
0.564027 0.0887702 
154 
0.456804 0.971672 
155 
0.750676 0.764119 
156 
0.529477 0.822432 
157 
0.696288 0.789626 
158 
0.916088 0.656443 
159 
0.848977 0.75782 
160 
0.750664 0.793383 
161 
0.516126 0.315962 
162 
0.771758 0.0843803 
163 
0.376477 0.876013 
164 
0.847111 0.0357218 
165 
0.0611582 0.803525 
166 
0.320419 0.411747 
167 
0.841166 0.868847 
168 
0.290963 0.405193 
169 
0.957617 0.747767 
170 
0.376865 0.708293 
171 
0.511885 0.906342 
172 
0.530725 0.208173 
173 
0.695968 0.446813 
174 
0.864616 0.544945 
175 
0.204633 0.61528 
176 
0.338328 0.720759 
177 
0.931242 0.110086 
178 
0.805139 0.307719 
179 
0.986099 0.65225 
180 
0.343441 0.0472569 
181 
0.455775 0.66386 
182 
0.459004 0.296941 
183 
0.532707 0.749968 
184 
0.702134 0.490324 
185 
0.497735 0.0789986 
186 
0.198617 0.00962001 
187 
0.98534 0.729342 
188 
0.217793 0.681309 
189 
0.176155 0.0824094 
190 
0.226254 0.380788 
191 
0.697689 0.564582 
192 
0.101547 0.628931 
193 
0.674668 0.906686 
194 
0.936651 0.660766 
195 
0.558936 0.280092 
196 
0.708023 0.0147112 
197 
0.943951 0.167028 
198 
0.311652 0.476658 
199 
0.916995 0.0137862 
200 
0.966982 0.41473 
201 
0.0927848 0.165599 
202 
0.42435 0.0781253 
203 
0.894941 0.642143 
204 
0.759434 0.0710963 
205 
0.724552 0.985688 
206 
0.451884 0.422242 
207 
0.550269 0.553431 
208 
0.0511729 0.224937 
209 
0.460117 0.987824 
210 
0.885703 0.0190531 
211 
0.267915 0.593726 
212 
0.0337644 0.211867 
213 
0.760754 0.345417 
214 
0.688525 0.677749 
215 
0.359203 0.655507 
216 
0.0924789 0.451988 
217 
0.821105 0.516829 
218 
0.530113 0.716046 
219 
0.158971 0.289547 
220 
0.787143 0.883524 
221 
0.275235 0.239027 
222 
0.305765 0.825504 
223 
0.792458 0.356938 
224 
0.0504411 0.252575 
225 
0.344762 0.936144 
226 
0.271628 0.612677 
227 
0.529871 0.305393 
228 
0.824544 0.290625 
229 
0.650809 0.513068 
230 
0.968374 0.0100124 
231 
0.168575 0.060853 
232 
0.462 0.98968 
233 
0.577682 0.992113 
234 
0.705727 0.736653 
235 
0.28166 0.492869 
236 
0.620177 0.556895 
237 
0.731896 0.925942 
238 
0.382399 0.524354 
239 
0.28288 0.43284 
240 
0.77693 0.627642 
241 
0.368984 0.0485581 
242 
0.240319 0.898855 
243 
0.353951 0.0648625 
244 
0.18948 0.00476032 
245 
0.577931 0.157854 
246 
0.0147727 0.746506 
247 
0.218707 0.476773 
248 
0.736186 0.796389 
249 
0.468886 0.441913 
250 
0.533042 0.750546 
251 
0.934782 0.153219 
252 
0.307441 0.666679 
253 
0.0791607 0.68984 
254 
0.191033 0.362041 
255 
0.12268 0.967963 
256 
0.989682 0.491665 
257 
0.0165207 0.230001 
258 
0.39052 0.370472 
259 
0.294864 0.58 
260 
0.375232 0.872795 
261 
0.737855 0.390005 
262 
0.6193 0.956562 
263 
0.866777 0.355487 
264 
0.752951 0.335664 
265 
0.7974 0.285993 
266 
0.0862098 0.732182 
267 
0.439212 0.393651 
268 
0.398861 0.518373 
269 
0.0834911 0.589894 
270 
0.880413 0.206171 
271 
0.557856 0.870096 
272 
0.697836 0.574377 
273 
0.100097 0.0883562 
274 
0.944849 0.39496 
275 
0.668357 0.320081 
276 
0.267755 0.406211 
277 
0.710085 0.887055 
278 
0.362773 0.576863 
279 
0.242542 0.115724 
280 
0.912526 0.0399415 
281 
0.401717 0.998736 
282 
0.772123 0.840929 
283 
0.392387 0.170984 
284 
0.359302 0.475878 
285 
0.760878 0.239715 
286 
0.682049 0.318734 
287 
0.10981 0.379885 
288 
0.893111 0.209907 
289 
0.468242 0.837959 
290 
0.604867 0.136598 
291 
0.15804 0.872622 
292 
0.542809 0.868125 
293 
0.759677 0.905583 
294 
0.444988 0.00221916 
295 
0.0213068 0.357514 
296 
0.0421607 0.423024 
297 
0.35625 0.814284 
298 
0.263953 0.748637 
299 
0.985268 0.623255 
300 
0.224515 0.746146 
301 
0.86297 0.906564 
302 
0.0648797 0.97278 
303 
0.28645 0.957991 
304 
0.182688 0.754691 
305 
0.79595 0.787555 
306 
0.891289 0.95399 
307 
0.660177 0.434099 
308 
0.822115 0.419854 
309 
0.339681 0.267103 
310 
0.422074 0.360988 
311 
0.624617 0.464234 
312 
0.784012 0.980866 
313 
0.278518 0.0479656 
314 
0.729503 0.263787 
315 
0.671221 0.954018 
316 
0.00993255 0.534191 
317 
0.860582 0.0748123 
318 
0.506971 0.147032 
319 
0.0328028 0.689659 
320 
0.901723 0.828753 
321 
0.477214 0.793012 
322 
0.782743 0.137391 
323 
0.227111 0.604858 
324 
0.557245 0.566793 
325 
0.87196 0.979319 
326 
0.927781 0.496577 
327 
0.443553 0.711793 
328 
0.477443 0.722072 
329 
0.759759 0.206946 
330 
0.985858 0.430979 
331 
0.160964 0.995791 
332 
0.96517 0.0215464 
333 
0.0706033 0.472141 
334 
0.168578 0.103406 
335 
0.1618 0.070301 
336 
0.932159 0.639013 
337 
0.863313 0.714902 
338 
0.776404 0.0904245 
339 
0.319759 0.33365 
340 
0.657217 0.19172 
341 
0.312969 0.584998 
342 
0.688296 0.756522 
343 
0.296791 0.16574 
344 
0.478594 0.0565493 
345 
0.372686 0.464452 
346 
0.487529 0.53365 
347 
0.460243 0.452698 
348 
0.555197 0.530846 
349 
0.924839 0.723775 
350 
0.634252 0.0866392 
351 
0.794076 0.566411 
352 
0.725653 0.657389 
353 
0.281313 0.502057 
354 
0.747813 0.601072 
355 
0.835707 0.40503 
356 
0.792792 0.148675 
357 
0.990028 0.481088 
358 
0.905197 0.286819 
359 
0.646828 0.383791 
360 
0.343368 0.0195137 
361 
0.848243 0.830897 
362 
0.553164 0.308486 
363 
0.283595 0.108361 
364 
0.839332 0.208435 
365 
0.832135 0.473584 
366 
0.295074 0.626211 
367 
0.0399957 0.0207264 
368 
0.2836 0.321309 
369 
0.522783 0.0314134 
370 
0.922381 0.35849 
371 
0.436444 0.715172 
372 
0.507165 0.426472 
373 
0.196261 0.412362 
374 
0.713291 0.843088 
375 
0.796153 0.0566586 
376 
0.862602 0.644396 
377 
0.887555 0.415766 
378 
0.952881 0.17115 
379 
0.524127 0.792214 
380 
0.379585 0.356262 
381 
0.265798 0.674659 
382 
0.982473 0.305794 
383 
0.695385 0.266073 
384 
0.627102 0.218168 
385 
0.297486 0.549483 
386 
0.576658 0.73393 
387 
0.264655 0.0838235 
388 
0.160402 0.460916 
389 
0.496186 0.873692 
390 
0.304004 0.292339 
391 
0.930351 0.166606 
392 
0.936734 0.817906 
393 
0.582372 0.889616 
394 
0.989056 0.106498 
395 
0.681829 0.368641 
396 
0.46276 0.947627 
397 
0.0433 0.445233 
398 
0.253421 0.738685 
399 
0.711306 0.880523 
400 
0.956854 0.00879146 
401 
0.430006 0.533512 
402 
0.742721 0.694661 
403 
0.617336 0.903123 
404 
0.155577 0.113521 
405 
0.776815 0.459581 
406 
0.40586 0.707166 
407 
0.626187 0.342594 
408 
0.525072 0.208559 
409 
0.23221 0.514128 
410 
0.315057 0.91404 
411 
0.88277 0.777818 
412 
0.861667 0.92607 
413 
0.223051 0.115088 
414 
0.664755 0.934356 
415 
0.995611 0.621608 
416 
0.943148 0.425617 
417 
0.15512 0.685869 
418 
0.120279 0.772456 
419 
0.588992 0.275856 
420 
0.885977 0.365807 
421 
0.735437 0.291837 
422 
0.0729723 0.361624 
423 
0.634431 0.598044 
424 
0.570183 0.866642 
425 
0.112172 0.88524 
426 
0.780681 0.994942 
427 
0.663058 0.642348 
428 
0.921012 0.886109 
429 
0.757437 0.585766 
430 
0.820465 0.753048 
431 
0.207375 0.763612 
432 
0.178665 0.362495 
433 
0.449481 0.298944 
434 
0.134951 0.0384728 
435 
0.574799 0.0209277 
436 
0.404279 0.310236 
437 
0.312765 0.477252 
438 
0.67186 0.947196 
439 
0.0752958 0.242042 
440 
0.813838 0.187468 
441 
0.127283 0.594519 
442 
0.18241 0.79034 
443 
0.236868 0.103422 
444 
0.676449 0.994304 
445 
0.689188 0.496914 
446 
0.747352 0.896563 
447 
0.260526 0.926017 
448 
0.259058 0.710007 
449 
0.224961 0.394008 
450 
0.74848 0.799761 
451 
0.414936 0.15276 
452 
0.109997 0.727701 
453 
0.630011 0.781856 
454 
0.674897 0.705307 
455 
0.0238988 0.488735 
456 
0.892775 0.151181 
457 
0.0832543 0.0751853 
458 
0.941522 0.320122 
459 
0.178607 0.617971 
460 
0.314427 0.867795 
461 
0.114885 0.0617788 
462 
0.764358 0.375411 
463 
0.987796 0.0234155 
464 
0.0854183 0.212757 
465 
0.417424 0.833899 
466 
0.0125181 0.83236 
467 
0.986658 0.122515 
468 
0.56006 0.616669 
469 
0.904371 0.234957 
470 
0.321976 0.92827 
471 
0.723692 0.214752 
472 
0.0794513 0.806947 
473 
0.289937 0.020973 
474 
0.127069 0.468544 
475 
0.638944 0.441495 
476 
0.336339 0.753828 
477 
0.503274 0.100697 
478 
0.129239 0.49107 
479 
0.124113 0.214657 
480 
0.703828 0.541537 
481 
0.048556 0.716346 
482 
0.373896 0.0352141 
483 
0.838861 0.933957 
484 
0.651884 0.743232 
485 
0.168914 0.97386 
486 
0.671502 0.892607 
487 
0.188612 0.750953 
488 
0.699553 0.478548 
489 
0.771926 0.826622 
490 
0.947093 0.41087 
491 
0.268117 0.283432 
492 
0.164698 0.771391 
493 
0.384129 0.293937 
494 
0.262462 0.508242 
495 
0.508595 0.966289 
496 
0.0497784 0.557151 
497 
0.682635 0.423675 
498 
0.592365 0.521496 
499 
0.357631 0.244249 
500 
0.264728 0.526546 
501 
0.218109 0.936229 
502 
0.419152 0.40672 
503 
0.687182 0.118705 
504 
0.885269 0.459108 
505 
0.945327 0.832361 
506 
0.869978 0.213444 
507 
0.115793 0.0346764 
508 
0.984836 0.499922 
509 
0.328614 0.247297 
510 
0.00816368 0.837209 
511 
0.213587 0.0579421 
512 
0.39436 0.896222 
513 
0.481617 0.986725 
514 
0.417718 0.839248 
515 
0.230973 0.682446 
516 
0.365794 0.449082 
517 
0.618675 0.784946 
518 
0.855802 0.305857 
519 
0.903651 0.74107 
520 
0.764966 0.848979 
521 
0.573431 0.634944 
522 
0.062423 0.689224 
523 
0.66962 0.0472587 
524 
0.189146 0.998234 
525 
0.294556 0.19731 
526 
0.835443 0.508143 
527 
0.255252 0.229802 
528 
0.404365 0.736869 
529 
0.216527 0.822083 
530 
0.576117 0.4475 
531 
0.504528 0.941911 
532 
0.896582 0.123203 
533 
0.726857 0.752384 
534 
0.429061 0.630508 
535 
0.493454 0.194026 
536 
0.479487 0.0668856 
537 
0.82897 0.54191 
538 
0.75611 0.49859 
539 
0.589168 0.945256 
540 
0.496824 0.883725 
541 
0.142565 0.332267 
542 
0.391867 0.397817 
543 
0.562069 0.796232 
544 
0.134686 0.778597 
545 
0.618315 0.710802 
546 
0.226097 0.122843 
547 
0.652713 0.122679 
548 
0.246047 0.37957 
549 
0.875063 0.675107 
550 
0.0100784 0.368517 
551 
0.869134 0.489565 
552 
0.435403 0.698104 
553 
0.031475 0.191513 
554 
0.196694 0.620643 
555 
0.136768 0.693518 
556 
0.504368 0.279334 
557 
0.0257849 0.896235 
558 
0.677151 0.587854 
559 
0.692468 0.811836 
560 
0.366451 0.310783 
561 
0.522639 0.592548 
562 
0.433626 0.175352 
563 
0.715227 0.679673 
564 
0.554922 0.59029 
565 
0.35478 0.565001 
566 
0.958807 0.223914 
567 
0.0545658 0.39421 
568 
0.922018 0.0860408 
569 
0.585723 0.118711 
570 
0.706684 0.722491 
571 
0.812229 0.211052 
572 
0.00182451 0.838014 
573 
0.107288 0.678975 
574 
0.425869 0.799755 
575 
0.490812 0.792319 
576 
0.110538 0.0134508 
577 
0.384867 0.544165 
578 
0.188803 0.100094 
579 
0.223838 0.743725 
580 
0.690384 0.578618 
581 
0.308726 0.649191 
582 
0.802532 0.363292 
583 
0.0434009 0.72455 
584 
0.449333 0.629123 
585 
0.843261 0.156017 
586 
0.351614 0.655491 
587 
0.367069 0.353439 
588 
0.493505 0.474357 
589 
0.0324142 0.919373 
590 
0.274113 0.523226 
591 
0.711693 0.384651 
592 
0.536677 0.0965599 
593 
0.928815 0.72548 
594 
0.196654 0.152653 
595 
0.469205 0.887038 
596 
0.731271 0.777931 
597 
0.536229 0.533803 
598 
0.141223 0.57963 
599 
0.258353 0.590555 
600 
0.208753 0.101614 
601 
0.746572 0.560367 
602 
0.757105 0.113642 
603 
0.913806 0.25061 
604 
0.587999 0.94622 
605 
0.169983 0.862111 
606 
0.469446 0.881676 
607 
0.246762 0.00612314 
608 
0.978235 0.175578 
609 
0.731603 0.174889 
610 
0.328231 0.200808 
611 
0.0619271 0.0595017 
612 
0.978739 0.598156 
613 
0.593305 0.119962 
614 
0.177785 0.851658 
615 
0.710517 0.386539 
616 
0.953272 0.457089 
617 
0.946906 0.710377 
618 
0.570731 0.860712 
619 
0.960986 0.15873 
620 
0.806933 0.130969 
621 
0.020841 0.276379 
622 
0.0126449 0.267603 
623 
0.282502 0.99088 
624 
0.443181 0.0141051 
625 
0.16577 0.771411 
626 
0.214913 0.227697 
627 
0.830913 0.193652 
628 
0.825853 0.424218 
629 
0.313614 0.0036381 
630 
0.275876 0.0241306 
631 
0.390177 0.229148 
632 
0.48122 0.337083 
633 
0.939525 0.0519508 
634 
0.197795 0.900511 
635 
0.21068 0.00472754 
636 
0.0314808 0.231521 
637 
0.281107 0.0441257 
638 
0.499125 0.563609 
639 
0.0350061 0.942305 
640 
0.577714 0.200776 
641 
0.713717 0.792627 
642 
0.428473 0.54463 
643 
0.986279 0.254325 
644 
0.968848 0.299892 
645 
0.257963 0.244723 
646 
0.324023 0.64814 
647 
0.473871 0.805243 
648 
0.985223 0.413396 
649 
0.857193 0.183018 
650 
0.313908 0.067874 
651 
0.187745 0.345389 
652 
0.299395 0.468852 
653 
0.389514 0.79852 
654 
0.0324604 0.42452 
655 
0.740825 0.610174 
656 
0.625296 0.454542 
657 
0.402801 0.0537689 
658 
0.999172 0.38908 
659 
0.308094 0.968019 
660 
0.688972 0.566058 
661 
0.212743 0.0129946 
662 
0.214198 0.686614 
663 
0.818237 0.19942 
664 
0.100011 0.675431 
665 
0.382438 0.413919 
666 
0.743305 0.570183 
667 
0.759307 0.0427001 
668 
0.0390348 0.148822 
669 
0.84122 0.0714952 
670 
0.573342 0.582046 
671 
0.681669 0.198639 
672 
0.0365878 0.0844703 
673 
0.252408 0.0357597 
674 
0.47355 0.560502 
675 
0.00377917 0.162522 
676 
0.126559 0.216522 
677 
0.175516 0.340757 
678 
0.903136 0.993754 
679 
0.540177 0.00314731 
680 
0.669184 0.922615 
681 
0.417066 0.412489 
682 
0.492798 0.176373 
683 
0.455189 0.531833 
684 
0.325195 0.296409 
685 
0.603328 0.898538 
686 
0.878455 0.284997 
687 
0.0971763 0.915043 
688 
0.369468 0.349584 
689 
0.950802 0.843018 
690 
0.910086 0.954582 
691 
0.00553942 0.0366449 
692 
0.171104 0.181056 
693 
0.377402 0.0742401 
694 
0.174809 0.917579 
695 
0.0773874 0.843994 
696 
0.840194 0.494453 
697 
0.256482 0.332992 
698 
0.670827 0.711672 
699 
0.864825 0.996022 
700 
0.00808078 0.468153 
701 
0.89456 0.886536 
702 
0.753151 0.991736 
703 
0.801578 0.122618 
704 
0.34132 0.752381 
705 
0.965636 0.251406 
706 
0.706962 0.971176 
707 
0.288051 0.878066 
708 
0.152231 0.665453 
709 
0.952306 0.327041 
710 
0.583031 0.0296934 
711 
0.171034 0.423225 
712 
0.524147 0.427516 
713 
0.756218 0.194974 
714 
0.139188 0.621043 
715 
0.190996 0.147269 
716 
0.0891957 0.0855561 
717 
0.0338045 0.842346 
718 
0.0772925 0.835383 
719 
0.964965 0.418613 
720 
0.587764 0.930601 
721 
0.670019 0.294726 
722 
0.901777 0.958069 
723 
0.172792 0.0540079 
724 
0.623522 0.125098 
725 
0.381048 0.206553 
726 
0.154791 0.552082 
727 
0.629779 0.678938 
728 
0.979599 0.385996 
729 
0.873912 0.118787 
730 
0.00703892 0.0649079 
731 
0.266056 0.0962346 
732 
0.150464 0.29986 
733 
0.938581 0.227757 
734 
0.135243 0.903546 
735 
0.646369 0.723007 
736 
0.834147 0.316388 
737 
0.0177324 0.735923 
738 
0.274457 0.190524 
739 
0.789931 0.897979 
740 
0.315622 0.17098 
741 
0.104533 0.470413 
742 
0.723062 0.734311 
743 
0.149351 0.702661 
744 
0.120308 0.0232625 
745 
0.821448 0.127347 
746 
0.0881704 0.0875036 
747 
0.223581 0.238634 
748 
0.387364 0.162162 
749 
0.466391 0.522607 
750 
0.0657081 0.11276 
751 
0.245613 0.899855 
752 
0.429148 0.263346 
753 
0.635778 0.703605 
754 
0.45387 0.425709 
755 
0.601585 0.769492 
756 
0.596689 0.706117 
757 
0.239904 0.319751 
758 
0.440429 0.389255 
759 
0.022412 0.560736 
760 
0.412518 0.84386 
761 
0.688083 0.500688 
762 
0.931363 0.911664 
763 
0.739322 0.318727 
764 
0.0738268 0.205713 
765 
0.841334 0.139535 
766 
0.318473 0.0869476 
767 
0.0393897 0.747622 
768 
0.350293 0.675168 
769 
0.451227 0.804163 
770 
0.100877 0.0528117 
771 
0.573655 0.697566 
772 
0.758929 0.813559 
773 
0.0173173 0.199358 
774 
0.202815 0.0397293 
775 
0.760094 0.615332 
776 
0.883589 0.448177 
777 
0.11602 0.814953 
778 
0.359842 0.855343 
779 
0.13368 0.433669 
780 
0.061056 0.975014 
781 
0.573203 0.379529 
782 
0.0619617 0.612593 
783 
0.127151 0.412255 
784 
0.287761 0.578378 
785 
0.216419 0.388638 
786 
0.63119 0.790074 
787 
0.0862047 0.390119 
788 
0.603633 0.103522 
789 
0.589476 0.806448 
790 
0.143251 0.349571 
791 
0.42178 0.0268405 
792 
0.797748 0.5378 
793 
0.841793 0.15759 
794 
0.393143 0.975473 
795 
0.591258 0.454199 
796 
0.950487 0.164462 
797 
0.833728 0.0124487 
798 
0.777055 0.96088 
799 
0.424704 0.0648159 
800 
0.539258 0.641122 
801 
0.453454 0.170447 
802 
0.431196 0.539659 
803 
0.560566 0.0348292 
804 
0.643181 0.150042 
805 
0.841277 0.786432 
806 
0.499613 0.263057 
807 
0.813273 0.297361 
808 
0.800857 0.655066 
809 
0.454951 0.194 
810 
0.630539 0.0462088 
811 
0.648199 0.581026 
812 
0.21067 0.481928 
813 
0.593474 0.987725 
814 
0.442807 0.0181783 
815 
0.0525412 0.982065 
816 
0.659301 0.505995 
817 
0.152512 0.0904968 
818 
0.0456544 0.713078 
819 
0.125326 0.688835 
820 
0.863121 0.966603 
821 
0.475268 0.362734 
822 
0.22966 0.288541 
823 
0.660094 0.0305169 
824 
0.943606 0.115045 
825 
0.224517 0.574145 
826 
0.161254 0.872716 
827 
0.155171 0.371924 
828 
0.354644 0.748645 
829 
0.359649 0.797451 
830 
0.766824 0.412191 
831 
0.779516 0.426124 
832 
0.918186 0.932028 
833 
0.516621 0.96384 
834 
0.645106 0.641947 
835 
0.652676 0.508227 
836 
0.60855 0.127944 
837 
0.870961 0.838209 
838 
0.416484 0.531055 
839 
0.868726 0.360091 
840 
0.6461 0.0932435 
841 
0.934236 0.807354 
842 
0.96596 0.0894068 
843 
0.179278 0.320604 
844 
0.838052 0.538927 
845 
0.118055 0.604876 
846 
0.951118 0.897571 
847 
0.0310002 0.869304 
848 
0.829599 0.547621 
849 
0.833144 0.474706 
850 
0.189568 0.48582 
851 
0.982933 0.798118 
852 
0.613764 0.853893 
853 
0.636328 0.0302478 
854 
0.384949 0.505054 
855 
0.390338 0.0310486 
856 
0.598297 0.324574 
857 
0.838402 0.564257 
858 
0.413981 0.0176802 
859 
0.884861 0.252033 
860 
0.556607 0.00291585 
861 
0.856909 0.507725 
862 
0.900487 0.887909 
863 
0.377029 0.730086 
864 
0.43553 0.210174 
865 
0.204792 0.625099 
866 
0.695994 0.187725 
867 
0.423217 0.309757 
868 
0.0416183 0.0595443 
869 
0.340005 0.426567 
870 
0.564598 0.730343 
871 
0.457615 0.162896 
872 
0.0549175 0.296018 
873 
0.727153 0.468899 
874 
0.313698 0.612014 
875 
0.720932 0.870305 
876 
0.61493 0.577841 
877 
0.378031 0.515416 
878 
0.46575 0.75506 
879 
0.245503 0.901281 
880 
0.965233 0.450295 
881 
0.526379 0.661227 
882 
0.638019 0.949596 
883 
0.970984 0.679638 
884 
0.00914039 0.310989 
885 
0.106204 0.573739 
886 
0.0413325 0.56382 
887 
0.736634 0.09625 
888 
0.859838 0.463787 
889 
0.565149 0.173535 
890 
0.0758008 0.28608 
891 
0.0438408 0.69073 
892 
0.863921 0.421872 
893 
0.206147 0.329671 
894 
0.176932 0.451649 
895 
0.230952 0.142165 
896 
0.901944 0.757331 
897 
0.803392 0.539963 
898 
0.706927 0.774376 
899 
0.219601 0.716067 
900 
0.0853654 0.325805 
901 
0.289806 0.126698 
902 
0.889625 0.0264404 
903 
0.222948 0.749463 
904 
0.490228 0.788096 
905 
0.922998 0.566028 
906 
0.0741767 0.966839 
907 
0.256759 0.938098 
908 
0.388711 0.462905 
909 
0.267769 0.565642 
910 
0.914555 0.498721 
911 
0.707807 0.816499 
912 
0.256052 0.511199 
913 
0.356462 0.962979 
914 
0.285575 0.576063 
915 
0.679046 0.370941 
916 
0.901868 0.968852 
917 
0.497639 0.791493 
918 
0.995293 0.720587 
919 
0.540956 0.48552 
920 
0.508683 0.463954 
921 
0.0515483 0.58286 
922 
0.430793 0.308307 
923 
0.520958 0.819504 
924 
0.771212 0.788726 
925 
0.385146 0.685767 
926 
0.287447 0.0929527 
927 
0.502266 0.543499 
928 
0.604152 0.858728 
929 
0.506477 0.889727 
930 
0.434791 0.185523 
931 
0.260668 0.336659 
932 
0.154375 0.758307 
933 
0.128152 0.149668 
934 
0.478894 0.669108 
935 
0.635188 0.987577 
936 
0.133062 0.686736 
937 
0.570436 0.563855 
938 
0.995043 0.0913939 
939 
0.383359 0.766256 
940 
0.88012 0.768505 
941 
0.452023 0.167567 
942 
0.861457 0.954289 
943 
0.711066 0.465609 
944 
0.813017 0.217544 
945 
0.355336 0.247808 
946 
0.403067 0.616005 
947 
0.584467 0.557442 
948 
0.374311 0.712619 
949 
0.70711 0.853205 
950 
0.381727 0.342298 
951 
0.840782 0.51479 
952 
0.0290348 0.411218 
953 
0.078645 0.0240782 
954 
0.502612 0.462004 
955 
0.790334 0.382732 
956 
0.230509 0.242357 
957 
0.5503 0.0919661 
958 
0.196646 0.261366 
959 
0.557575 0.00966294 
960 
0.47891 0.912912 
961 
0.257471 0.881976 
962 
0.528916 0.841937 
963 
0.439419 0.903228 
964 
0.554556 0.146529 
965 
0.756433 0.936283 
966 
0.488828 0.597215 
967 
0.451073 0.517863 
968 
0.00843272 0.529718 
969 
0.541941 0.511045 
970 
0.991722 0.332275 
971 
0.893777 0.222231 
972 
0.574632 0.444077 
973 
0.314197 0.771278 
974 
0.705443 0.871772 
975 
0.780941 0.184352 
976 
0.784684 0.0384114 
977 
0.0663289 0.3136 
978 
0.880349 0.505748 
979 
0.216828 0.434905 
980 
0.652277 0.973261 
981 
0.371188 0.141105 
982 
0.570476 0.822261 
983 
0.658967 0.578909 
984 
0.351979 0.200908 
985 
0.0899532 0.343701 
986 
0.533183 0.98373 
987 
0.565932 0.107815 
988 
0.427807 0.880129 
989 
0.879093 0.13325 
990 
0.751901 0.660033 
991 
0.317602 0.536584 
992 
0.698445 0.383931 
993 
0.850185 0.578794 
994 
0.889679 0.0670129 
995 
0.0136987 0.541956 
996 
0.040274 0.384887 
997 
0.683061 0.61075 
998 
0.207148 0.342028 
999 
0.189658 0.559128 
1000 
0.542937 0.279612 
1001 
0.902829 0.0761195 
1002 
0.263342 0.468761 
1003 
0.183934 0.691149 
1004 
0.348889 0.063027 
1005 
0.824399 0.10079 
1006 
0.72306 0.142001 
1007 
0.637374 0.421505 
1008 
0.525932 0.487559 
1009 
0.000298902 0.415611 
1010 
0.554572 0.0139976 
1011 
0.957567 0.594846 
1012 
0.398885 0.640628 
1013 
0.205596 0.606033 
1014 
0.982657 0.395254 
1015 
0.165161 0.525593 
1016 
0.674866 0.0679898 
1017 
0.601713 0.938207 
1018 
0.536751 0.785647 
1019 
0.629356 0.88564 
1020 
0.848674 0.453755 
1021 
0.98643 0.571734 
1022 
0.595756 0.623804 
1023 
0.99324 0.121688 
1024 
0.111363 0.993539 
1025 
0.5373 0.665935 
1026 
0.0075362 0.494867 
1027 
0.260781 0.406421 
1028 
0.135495 0.466377 
1029 
0.012454 0.118152 
1030 
0.861631 0.177615 
1031 
0.643745 0.536497 
1032 
0.245605 0.245458 
1033 
0.474704 0.782355 
1034 
0.0311051 0.10406 
1035 
0.667995 0.879779 
1036 
0.557815 0.654425 
1037 
0.451514 0.153571 
1038 
0.278229 0.444753 
1039 
0.275259 0.389592 
1040 
0.438292 0.812559 
1041 
0.0555269 0.445828 
1042 
0.307426 0.316308 
1043 
0.852249 0.442921 
1044 
0.782685 0.864703 
1045 
0.561074 0.644316 
1046 
0.0423178 0.204819 
1047 
0.180812 0.287922 
1048 
0.450277 0.655516 
1049 
0.0702777 0.481382 
1050 
0.759576 0.738273 
1051 
0.361161 0.317391 
1052 
0.392697 0.812675 
1053 
0.470963 0.670926 
1054 
0.257428 0.746222 
1055 
0.0605179 0.69572 
1056 
0.558781 0.116045 
1057 
0.141548 0.866207 
1058 
0.432353 0.993797 
1059 
0.309128 0.215037 
1060 
0.8585 0.870202 
1061 
0.859353 0.900818 
1062 
0.0750208 0.0401653 
1063 
0.18874 0.525298 
1064 
0.695682 0.259018 
1065 
0.00667939 0.455258 
1066 
0.99729 0.36784 
1067 
0.772649 0.389988 
1068 
0.180515 0.243612 
1069 
0.0609138 0.437943 
1070 
0.989834 0.121432 
1071 
0.133662 0.548615 
1072 
0.237476 0.27521 
1073 
0.414822 0.669829 
1074 
0.269007 0.72395 
1075 
0.884866 0.127507 
1076 
0.594152 0.744219 
1077 
0.0283246 0.669173 
1078 
0.784385 0.217065 
1079 
0.194471 0.480066 
1080 
0.476083 0.20115 
1081 
0.935324 0.473373 
1082 
0.56899 0.707974 
1083 
0.863361 0.749505 
1084 
0.951586 0.924275 
1085 
0.187448 0.94142 
1086 
0.0457064 0.32111 
1087 
0.490034 0.283183 
1088 
0.596321 0.904856 
1089 
0.953012 0.865328 
1090 
0.628806 0.837878 
1091 
0.992835 0.222959 
1092 
0.582098 0.0211593 
1093 
0.892132 0.366483 
1094 
0.238224 0.0866024 
1095 
0.846549 0.714307 
1096 
0.287752 0.781873 
1097 
0.18768 0.856743 
1098 
0.489847 0.0510408 
1099 
0.606248 0.441433 
1100 
0.975316 0.793696 
1101 
0.382852 0.0210219 
1102 
0.114806 0.872887 
1103 
0.304205 0.711127 
1104 
0.777743 0.257217 
1105 
0.576454 0.406549 
1106 
0.0950949 0.569289 
1107 
0.629508 0.677193 
1108 
0.590448 0.521639 
1109 
0.0436753 0.828673 
1110 
0.608242 0.890224 
1111 
0.542979 0.895994 
1112 
0.672098 0.730659 
1113 
0.752737 0.161945 
1114 
0.7817 0.358985 
1115 
0.603377 0.757016 
1116 
0.152681 0.98623 
1117 
0.778037 0.267487 
1118 
0.859116 0.0822422 
1119 
0.978614 0.636859 
1120 
0.339459 0.555068 
1121 
0.043408 0.434554 
1122 
0.124357 0.672916 
1123 
0.111747 0.714806 
1124 
0.194555 0.155422 
1125 
0.543478 0.802797 
1126 
0.0456462 0.0864578 
1127 
0.698791 0.717744 
1128 
0.817117 0.451528 
1129 
0.879688 0.598817 
1130 
0.810513 0.483066 
1131 
0.355833 0.963194 
1132 
0.469296 0.13387 
1133 
0.230681 0.328412 
1134 
0.216112 0.209295 
1135 
0.965271 0.555571 
1136 
0.764363 0.00867879 
1137 
0.990125 0.888721 
1138 
0.681594 0.101872 
1139 
0.603526 0.87615 
1140 
0.257293 0.147005 
1141 
0.678946 0.30294 
1142 
0.233463 0.377738 
1143 
0.0206833 0.0505797 
1144 
0.829266 0.900372 
1145 
0.649397 0.639779 
1146 
0.383438 0.00522957 
1147 
0.602973 0.852733 
1148 
0.1391 0.833654 
1149 
0.181145 0.355212 
1150 
0.0429492 0.146416 
1151 
0.910783 0.807312 
1152 
0.155095 0.900908 
1153 
0.696033 0.836689 
1154 
0.00277989 0.299559 
1155 
0.712839 0.260073 
1156 
0.446564 0.391785 
1157 
0.563013 0.680027 
1158 
0.769523 0.583696 
1159 
0.730606 0.598789 
1160 
0.484068 0.380003 
1161 
0.238568 0.867506 
1162 
0.385233 0.841541 
1163 
0.720239 0.524333 
1164 
0.675196 0.901384 
1165 
0.879545 0.718145 
1166 
0.0478005 0.790328 
1167 
0.525457 0.202895 
1168 
0.691236 0.22149 
1169 
0.0395848 0.694016 
1170 
0.521049 0.752424 
1171 
0.954089 0.967613 
1172 
0.144209 0.517102 
1173 
0.64764 0.913732 
1174 
0.100798 0.378246 
1175 
0.512521 0.584866 
1176 
0.758249 0.751089 
1177 
0.452372 0.143482 
1178 
0.592631 0.172611 
1179 
0.667815 0.267826 
1180 
0.0739955 0.547359 
1181 
0.985971 0.121796 
1182 
0.337687 0.511428 
1183 
0.324691 0.0289234 
1184 
0.732918 0.364276 
1185 
0.72294 0.253967 
1186 
0.1167 0.677029 
1187 
0.22158 0.260909 
1188 
0.194131 0.86922 
1189 
0.174641 0.29493 
1190 
0.247466 0.687163 
1191 
0.879796 0.00571554 
1192 
0.438252 0.332168 
1193 
0.149198 0.0308825 
1194 
0.504779 0.817012 
1195 
0.298709 0.578775 
1196 
0.364371 0.28468 
1197 
0.700571 0.702059 
1198 
0.796108 0.025262 
1199 
0.730982 0.529026 
1200 
0.389538 0.453922 
1201 
0.782993 0.506238 
1202 
0.130951 0.00457351 
1203 
0.767147 0.325082 
1204 
0.873794 0.941789 
1205 
0.620012 0.12126 
1206 
0.628951 0.499808 
1207 
0.126975 0.067203 
1208 
0.831976 0.276173 
1209 
0.0980855 0.336755 
1210 
0.0931853 0.396794 
1211 
0.91553 0.457557 
1212 
0.681474 0.6161 
1213 
0.159615 0.477581 
1214 
0.641362 0.890597 
1215 
0.00660723 0.0309004 
1216 
0.344519 0.7896 
1217 
0.537139 0.475469 
1218 
0.794174 0.304286 
1219 
0.800551 0.667968 
1220 
0.246074 0.420563 
1221 
0.789227 0.875026 
1222 
0.92037 0.916203 
1223 
0.942229 0.752346 
1224 
0.192376 0.040314 
1225 
0.0891008 0.285561 
1226 
0.437108 0.00463044 
1227 
0.743118 0.118582 
1228 
0.620731 0.902733 
1229 
0.596163 0.262093 
1230 
0.79333 0.602771 
1231 
0.292993 0.137849 
1232 
0.392371 0.830132 
1233 
0.613318 0.186545 
1234 
0.134418 0.413869 
1235 
0.854512 0.380492 
1236 
0.834432 0.64374 
1237 
0.255518 0.754802 
1238 
0.559943 0.197746 
1239 
0.507148 0.752319 
1240 
0.23806 0.596248 
1241 
0.0378798 0.675168 
1242 
0.600879 0.780998 
1243 
0.79375 0.22161 
1244 
0.683731 0.389913 
1245 
0.483702 0.477061 
1246 
0.992684 0.776696 
1247 
0.61491 0.385055 
1248 
0.606828 0.228228 
1249 
0.571599 0.741245 
1250 
0.642097 0.426112 
1251 
0.121737 0.476528 
1252 
0.0698512 0.377255 
1253 
0.23133 0.629794 
1254 
0.575001 0.738478 
1255 
0.382112 0.813061 
1256 
0.334726 0.419992 
1257 
0.48823 0.935605 
1258 
0.20099 0.28198 
1259 
0.157214 0.884721 
1260 
0.671893 0.640917 
1261 
0.361782 0.664577 
1262 
0.417612 0.976692 
1263 
0.0496317 0.0244401 
1264 
0.20492 0.621231 
1265 
0.765685 0.847017 
1266 
0.0473427 0.887423 
1267 
0.323545 0.117194 
1268 
0.264678 0.554875 
1269 
0.746988 0.839679 
1270 
0.293353 0.1291 
1271 
0.65274 0.628079 
1272 
0.549092 0.140969 
1273 
0.563684 0.750082 
1274 
0.422949 0.720898 
1275 
0.634803 0.0948422 
1276 
0.361815 0.996585 
1277 
0.759419 0.779427 
1278 
0.973277 0.809051 
1279 
0.803867 0.178196 
1280 
0.430282 0.569553 
1281 
0.025213 0.477625 
1282 
0.456976 0.348758 
1283 
0.594819 0.721653 
1284 
0.903633 0.341807 
1285 
0.561332 0.196986 
1286 
0.470907 0.214072 
1287 
0.825065 0.019999 
1288 
0.355041 0.388748 
1289 
0.770081 0.77799 
1290 
0.109646 0.404884 
1291 
0.872833 0.471461 
1292 
0.401469 0.632252 
1293 
0.250889 0.374746 
1294 
0.441303 0.0547562 
1295 
0.552942 0.871585 
1296 
0.624309 0.578155 
1297 
0.34921 0.0812845 
1298 
0.926913 0.944029 
1299 
0.802938 0.830546 
1300 
0.285835 0.36427 
1301 
0.0275317 0.756742 
1302 
0.578341 0.852596 
1303 
0.776741 0.933383 
1304 
0.241345 0.546822 
1305 
0.711373 0.350991 
1306 
0.951706 0.584206 
1307 
0.822452 0.353175 
1308 
0.216458 0.0733411 
1309 
0.727921 0.657761 
1310 
0.128097 0.280862 
1311 
0.529346 0.752406 
1312 
0.859017 0.878555 
1313 
0.833691 0.78593 
1314 
0.822584 0.636629 
1315 
0.616476 0.108419 
1316 
0.000898164 0.644008 
1317 
0.865161 0.57924 
1318 
0.496604 0.641902 
1319 
0.512622 0.737949 
1320 
0.188724 0.223995 
1321 
0.0889398 0.14043 
1322 
0.808201 0.911392 
1323 
0.493605 0.024659 
1324 
0.984733 0.221526 
1325 
0.68242 0.112831 
1326 
0.502388 0.211765 
1327 
0.865237 0.361406 
1328 
0.0903206 0.698928 
1329 
0.147336 0.912905 
1330 
0.335556 0.763812 
1331 
0.0213239 0.336455 
1332 
0.40782 0.886485 
1333 
0.915694 0.904424 
1334 
0.528387 0.428316 
1335 
0.642372 0.717111 
1336 
0.652312 0.731312 
1337 
0.857542 0.460513 
1338 
0.642704 0.351147 
1339 
0.485172 0.627438 
1340 
0.572673 0.167592 
1341 
0.740268 0.0750615 
1342 
0.379357 0.605505 
1343 
0.436467 0.469678 
1344 
0.304433 0.583803 
1345 
0.382582 0.63999 
1346 
0.347615 0.403906 
1347 
0.976445 0.755434 
1348 
0.290391 0.892139 
1349 
0.659858 0.818778 
1350 
0.320455 0.30223 
1351 
0.53589 0.972767 
1352 
0.0335424 0.393431 
1353 
0.43328 0.676247 
1354 
0.744578 0.918452 
1355 
0.303685 0.317251 
1356 
0.0860442 0.043953 
1357 
0.392313 0.465401 
1358 
0.649458 0.82878 
1359 
0.935079 0.953892 
1360 
0.412583 0.317661 
1361 
0.593882 0.760198 
1362 
0.721567 0.570326 
1363 
0.515633 0.0119585 
1364 
0.462465 0.175491 
1365 
0.830737 0.78292 
1366 
0.477721 0.366627 
1367 
0.755687 0.511263 
1368 
0.760058 0.188968 
1369 
0.18751 0.504637 
1370 
0.10742 0.491194 
1371 
0.821888 0.193464 
1372 
0.535147 0.214201 
1373 
0.658866 0.184606 
1374 
0.0429814 0.593944 
1375 
0.138498 0.455565 
1376 
0.911605 0.732379 
1377 
0.215763 0.633172 
1378 
0.302706 0.731396 
1379 
0.645131 0.765171 
1380 
0.906886 0.475868 
1381 
0.548091 0.384607 
1382 
0.842495 0.303779 
1383 
0.89587 0.602553 
1384 
0.492746 0.08338 
1385 
0.10719 0.600167 
1386 
0.574574 0.929078 
1387 
0.793631 0.109722 
1388 
0.143279 0.452497 
1389 
0.294328 0.18626 
1390 
0.046441 0.432825 
1391 
0.641825 0.958046 
1392 
0.165205 0.857588 
1393 
0.591219 0.467911 
1394 
0.588984 0.23635 
1395 
0.233081 0.49587 
1396 
0.712218 0.781172 
1397 
0.880477 0.554712 
1398 
0.0849511 0.776347 
1399 
0.157265 0.577698 
1400 
0.859727 0.264455 
1401 
0.177864 0.434301 
1402 
0.193533 0.971495 
1403 
0.544023 0.336812 
1404 
0.423992 0.83835 
1405 
0.523072 0.470433 
1406 
0.271176 0.164897 
1407 
0.428479 0.436381 
1408 
0.0224853 0.0196981 
1409 
0.904291 0.611469 
1410 
0.256048 0.137373 
1411 
0.107339 0.968265 
1412 
0.918545 0.987815 
1413 
0.522978 0.00349625 
1414 
0.764162 0.680243 
1415 
0.581194 0.623888 
1416 
0.944697 0.759058 
1417 
0.0581892 0.13823 
1418 
0.730553 0.602212 
1419 
0.475041 0.154545 
1420 
0.440562 0.998113 
1421 
0.624978 0.711738 
1422 
0.163011 0.0534577 
1423 
0.148119 0.185496 
1424 
0.0731558 0.0524103 
1425 
0.796965 0.329204 
1426 
0.189783 0.904303 
1427 
0.297469 0.108328 
1428 
0.892118 0.820447 
1429 
0.111824 0.65628 
1430 
0.500689 0.693018 
1431 
0.280168 0.445387 
1432 
0.452076 0.338358 
1433 
0.583617 0.182629 
1434 
0.94057 0.0586581 
1435 
0.337175 0.381132 
1436 
0.0567716 0.962153 
1437 
0.0928705 0.219782 
1438 
0.0156108 0.240989 
1439 
0.405278 0.0887666 
1440 
0.2934 0.202243 
1441 
0.41797 0.483183 
1442 
0.106546 0.715439 
1443 
0.591511 0.998665 
1444 
0.535886 0.703335 
1445 
0.654945 0.0365751 
1446 
0.396353 0.935113 
1447 
0.481962 0.848429 
1448 
0.273471 0.0655784 
1449 
0.0310588 0.214041 
1450 
0.124237 0.368234 
1451 
0.595173 0.181008 
1452 
0.330387 0.688043 
1453 
0.40079 0.345997 
1454 
0.929033 0.806068 
1455 
0.434764 0.222433 
1456 
0.00831136 0.852734 
1457 
0.705615 0.114858 
1458 
0.568173 0.297126 
1459 
0.113522 0.104059 
1460 
0.000461353 0.768467 
1461 
0.140634 0.396815 
1462 
0.703581 0.622596 
1463 
0.245244 0.977052 
1464 
0.688174 0.276303 
1465 
0.191093 0.812411 
1466 
0.644536 0.786266 
1467 
0.993419 0.974923 
1468 
0.474309 0.39421 
1469 
0.32092 0.403342 
1470 
0.200278 0.755684 
1471 
0.625775 0.208589 
1472 
0.608418 0.33139 
1473 
0.323447 0.176592 
1474 
0.628516 0.436969 
1475 
0.280651 0.628978 
1476 
0.205437 0.421285 
1477 
0.0257924 0.909017 
1478 
0.0438811 0.271036 
1479 
0.886069 0.732056 
1480 
0.547339 0.077162 
1481 
0.544467 0.191875 
1482 
0.863428 0.537886 
1483 
0.166798 0.337737 
1484 
0.932095 0.487718 
1485 
0.741079 0.132373 
1486 
0.243402 0.366853 
1487 
0.340963 0.851821 
1488 
0.698244 0.66441 
1489 
0.0284124 0.32676 
1490 
0.101379 0.309063 
1491 
0.955738 0.306816 
1492 
0.730348 0.98153 
1493 
0.215833 0.774229 
1494 
0.252567 0.101902 
1495 
0.506285 0.799906 
1496 
0.179064 0.0507516 
1497 
0.991781 0.0424919 
1498 
0.588637 0.158579 
1499 
0.380229 0.520733 
1500 
0.646297 0.121307 
1501 
0.653106 0.889699 
1502 
0.488161 0.994068 
1503 
0.74152 0.186405 
1504 
0.658478 0.769933 
1505 
0.513165 0.759857 
1506 
0.0789958 0.468903 
1507 
0.0666722 0.809344 
1508 
0.450433 0.282505 
1509 
0.583573 0.702999 
1510 
0.384407 0.0898585 
1511 
0.502905 0.563472 
1512 
0.14061 0.494686 
1513 
0.605963 0.729247 
1514 
0.653264 0.986192 
1515 
0.24998 0.299562 
1516 
0.107499 0.903086 
1517 
0.189261 0.59566 
1518 
0.897154 0.930781 
1519 
0.782065 0.555632 
1520 
0.700714 0.295229 
1521 
0.315488 0.779709 
1522 
0.764132 0.38216 
1523 
0.589053 0.214565 
1524 
0.664666 0.172627 
1525 
0.917564 0.049073 
1526 
0.262485 0.420469 
1527 
0.612545 0.403095 
1528 
0.915155 0.218508 
1529 
0.132343 0.568419 
1530 
0.2047 0.382323 
1531 
0.867981 0.312199 
1532 
0.285408 0.0572416 
1533 
0.90786 0.182562 
1534 
0.988023 0.689924 
1535 
0.738194 0.688736 
1536 
0.985154 0.0536819 
1537 
0.468446 0.749286 
1538 
0.435842 0.0574992 
1539 
0.963851 0.100508 
1540 
0.230126 0.881415 
1541 
0.149581 0.492612 
1542 
0.301884 0.762125 
1543 
0.895707 0.217038 
1544 
0.980633 0.0280499 
1545 
0.785457 0.185334 
1546 
0.410372 0.653438 
1547 
0.497533 0.695781 
1548 
0.71068 0.405393 
1549 
0.878343 0.698702 
1550 
0.0953173 0.616536 
1551 
0.387439 0.0804712 
1552 
0.670218 0.855884 
1553 
0.829757 0.106061 
1554 
0.913384 0.793608 
1555 
0.206569 0.14351 
1556 
0.675022 0.35615 
1557 
0.636121 0.976906 
1558 
0.118275 0.531829 
1559 
0.193944 0.0989085 
1560 
0.559878 0.979401 
1561 
0.284242 0.970251 
1562 
0.632839 0.781775 
1563 
0.666032 0.343519 
1564 
0.187168 0.544374 
1565 
0.0422213 0.282485 
1566 
0.16091 0.42966 
1567 
0.362956 0.831129 
1568 
0.285544 0.192713 
1569 
0.937189 0.198928 
1570 
0.986321 0.143758 
1571 
0.342438 0.661343 
1572 
0.499907 0.978559 
1573 
0.638249 0.618182 
1574 
0.510388 0.832193 
1575 
0.717091 0.0702662 
1576 
0.811594 0.00133287 
1577 
0.0405171 0.444434 
1578 
0.783108 0.706549 
1579 
0.787953 0.970276 
1580 
0.250923 0.830174 
1581 
0.252761 0.411833 
1582 
0.259834 0.615717 
1583 
0.242962 0.545378 
1584 
0.808431 0.180151 
1585 
0.744306 0.794751 
1586 
0.323909 0.0867442 
1587 
0.456094 0.823816 
1588 
0.0653035 0.0943432 
1589 
0.441999 0.575691 
1590 
0.926536 0.159089 
1591 
0.645958 0.73813 
1592 
0.160422 0.686475 
1593 
0.182564 0.94353 
1594 
0.393023 0.970516 
1595 
0.913806 0.643946 
1596 
0.80069 0.166567 
1597 
0.0557794 0.060524 
1598 
0.782284 0.298741 
1599 
0.605902 0.590715 
