56 1
1 0 1 1 1 1 0 1 0 1 1 1 0 0 1 0 0 0 0 1 1 0 1 0 1 1 0 0 0 1 0 0 0 1 1 0 1 0 0 0 0 1 0 0 0 1 1 0 0 0 0 1 0 1 0 0 
0 
0.916866 0.797315 
1 
0.116324 0.280034 
2 
0.234624 0.342829 
3 
0.160754 0.709921 
4 
0.0801592 0.133392 
5 
0.282072 0.858023 
6 
0.432712 0.900202 
7 
0.656901 0.760872 
8 
0.793385 0.783699 
9 
0.952602 0.952214 
10 
0.894765 0.0156537 
11 
0.373213 0.912081 
12 
0.609419 0.267757 
13 
0.47999 0.86193 
14 
0.14179 0.66756 
15 
0.839619 0.0586559 
16 
0.464876 0.955943 
17 
0.33869 0.6995 
18 
0.298773 0.499443 
19 
0.40942 0.378932 
20 
0.632836 0.691492 
21 
0.236955 0.0655482 
22 
0.591694 0.893855 
23 
0.82642 0.38508 
24 
0.677554 0.779022 
25 
0.337294 0.572319 
26 
0.794675 0.710507 
27 
0.484399 0.404094 
28 
0.978264 0.96439 
29 
0.266024 0.120054 
30 
0.63195 0.105643 
31 
0.17871 0.0968261 
32 
0.0615868 0.517399 
33 
0.796326 0.360359 
34 
0.0168427 0.205746 
35 
0.739291 0.649679 
36 
0.897238 0.976246 
37 
0.715227 0.488932 
38 
0.870101 0.541647 
39 
0.874012 0.547655 
40 
0.320668 0.211306 
41 
0.119974 0.115344 
42 
0.921812 0.604373 
43 
0.519438 0.900076 
44 
0.568763 0.785462 
45 
0.0201296 0.200714 
46 
0.891106 0.198839 
47 
0.29754 0.952692 
48 
0.716239 0.0938655 
49 
0.313052 0.733081 
50 
0.299612 0.0523428 
51 
0.38276 0.19685 
52 
0.0285885 0.0979866 
53 
0.685782 0.89869 
54 
0.639633 0.559794 
55 
0.446345 0.960302 
