20 3
1 0 1 1 0 0 0 1 0 0 1 1 0 1 0 0 0 0 1 0 
0 7 16 
0.356844 0.921877 0.177591 0.548395 0.467496 0.562163 0.834617 0.598293 
1 15 14 
0.069632 0.884548 0.0527176 0.866959 0.501811 0.02342 0.282073 0.167584 
2 11 17 
0.117844 0.169486 0.698784 0.36047 0.982957 0.0080295 0.197311 0.456855 
3 13 14 
0.407602 0.10255 0.846228 0.969765 0.937168 0.44452 0.717439 0.965793 
4 9 10 
0.850341 0.822937 0.65403 0.352153 0.846357 0.936103 0.519736 0.760489 
5 19 9 
0.878333 0.57279 0.15644 0.238803 0.555747 0.164469 0.436114 0.0126023 
6 7 0 
0.391334 0.802082 0.092819 0.237561 0.771848 0.0299868 0.682082 0.489286 
7 18 6 
0.276357 0.846121 0.275237 0.930387 0.198274 0.121594 0.86649 0.718011 
8 0 2 
0.175667 0.760415 0.842584 0.332107 0.999218 0.398332 0.496576 0.435332 
9 13 12 
0.425601 0.802268 0.693139 0.51842 0.0398288 0.464987 0.548406 0.72191 
10 12 15 
0.174211 0.23063 0.390308 0.449449 0.161017 0.588582 0.571043 0.027507 
11 9 14 
0.297301 0.48226 0.213541 0.139885 0.814366 0.212759 0.538217 0.310942 
12 13 16 
0.0736919 0.751418 0.895137 0.592111 0.791247 0.360124 0.140518 0.513157 
13 9 8 
0.545027 0.0750123 0.136817 0.706044 0.663594 0.70786 0.733551 0.970187 
14 10 11 
0.452447 0.374526 0.170737 0.266813 0.587285 0.708954 0.577755 0.235377 
15 11 1 
0.309069 0.409522 0.674891 0.90118 0.200769 0.0350145 0.0416978 0.713926 
16 4 0 
0.401295 0.894439 0.801414 0.538112 0.600483 0.465009 0.245971 0.334034 
17 16 13 
0.887643 0.781483 0.535623 0.154456 0.368768 0.244577 0.732211 0.604145 
18 11 6 
0.913213 0.312203 0.186855 0.814393 0.512972 0.221869 0.856091 0.226899 
19 16 12 
0.383907 0.166305 0.066202 0.848916 0.412277 0.400236 0.284112 0.819233 
