56 7
1 1 1 1 1 0 1 0 1 1 1 0 0 1 1 1 0 0 1 0 1 1 1 0 0 1 1 0 0 1 0 0 0 0 1 0 1 1 1 1 1 0 0 0 0 1 0 0 0 0 1 1 0 1 0 0 
0 40 7 26 25 39 9 
0.581229 0.49071 0.332146 0.777082 0.378716 0.23974 0.807573 0.0859348 0.256866 0.615333 0.274048 0.0339773 0.732273 0.927176 0.135976 0.783647 0.737678 0.454374 0.959821 0.155308 0.726342 0.806299 0.544759 0.441285 0.16129 0.231119 0.475534 0.956448 0.64181 0.33367 0.0654398 0.22304 0.82438 0.397586 0.000121644 0.203095 0.637326 0.807695 0.28903 0.894192 0.423028 0.563079 0.928169 0.155301 0.490254 0.064145 0.938948 0.227932 0.518519 0.898769 0.38324 0.244861 0.705068 0.928 0.686146 0.866357 0.159119 0.16168 0.822806 0.800929 0.495349 0.888246 0.023969 0.319729 0.285831 0.0240906 0.522824 0.923157 0.831785 0.811854 0.817349 0.254813 0.374933 0.745519 0.410114 0.865187 0.809664 0.349062 0.0931196 0.328183 0.24783 0.47636 0.573044 0.952898 0.40436 0.25919 0.819256 0.563478 0.420869 0.642062 0.364407 0.916219 0.530307 0.388376 0.235947 0.816139 0.412467 0.758772 0.739296 0.244252 0.570626 0.556645 0.499065 0.945559 0.302164 0.909179 0.810747 0.111827 0.258241 0.903866 0.44001 0.506072 0.380226 0.0130537 0.45897 0.784586 0.272243 0.278226 0.348064 0.693113 0.920287 0.712471 0.609331 0.450595 0.100848 0.845279 0.266734 0.513315 
1 12 17 47 31 20 29 
0.120236 0.864838 0.165811 0.930982 0.976666 0.424053 0.834848 0.416675 0.930124 0.215074 0.429729 0.389094 0.99966 0.701972 0.66732 0.347724 0.395085 0.587607 0.0601955 0.00441606 0.0382018 0.161043 0.849695 0.304935 0.674358 0.453745 0.310965 0.431925 0.628421 0.87364 0.688557 0.748657 0.738478 0.854369 0.679639 0.715144 0.278421 0.514487 0.131819 0.208545 0.729561 0.561548 0.597639 0.729221 0.263521 0.264959 0.0769456 0.658606 0.852566 0.137141 0.663022 0.890768 0.298185 0.512716 0.195703 0.972543 0.966461 0.506668 0.404468 0.594882 0.380308 0.0930254 0.343539 0.118787 0.947394 0.0231779 0.83393 0.225815 0.537665 0.96575 0.434361 0.267226 0.527298 0.0320002 0.996448 0.790819 0.296959 0.0733934 0.449424 0.149525 0.210535 0.112446 0.0402932 0.508719 0.625162 0.235997 0.481262 0.591624 0.742665 0.88573 0.186506 0.122973 0.978755 0.530045 0.24176 0.926149 0.553223 0.0756901 0.151965 0.0908879 0.0414396 0.586326 0.358114 0.568737 0.618326 0.354562 0.359556 0.915285 0.427955 0.80898 0.0648105 0.63849 0.921426 0.105104 0.147209 0.546589 0.3411 0.628471 0.138212 0.0837652 0.514201 0.324718 0.206738 0.492956 0.854763 0.448498 0.419105 0.407986 
2 30 55 34 51 11 10 
0.134366 0.775721 0.21155 0.493922 0.691006 0.639506 0.302902 0.755817 0.277996 0.224328 0.860921 0.425205 0.770917 0.202021 0.0536759 0.909129 0.285786 0.567877 0.233847 0.492524 0.0608327 0.0886107 0.941023 0.479938 0.496597 0.465211 0.0510079 0.995471 0.0308393 0.208403 0.852459 0.165205 0.984125 0.0640094 0.659126 0.675131 0.703515 0.962028 0.430948 0.981511 0.186357 0.291868 0.406716 0.957274 0.493889 0.460392 0.866403 0.779675 0.0282685 0.100251 0.2722 0.0891012 0.188861 0.213222 0.569039 0.685458 0.678434 0.620047 0.680929 0.709273 0.82845 0.533388 0.874478 0.812575 0.597398 0.533604 0.487706 0.300913 0.495632 0.918654 0.282424 0.681989 0.210522 0.689139 0.639263 0.704411 0.149531 0.505666 0.484086 0.1778 0.605916 0.756286 0.266901 0.794778 0.969508 0.83594 0.480236 0.647942 0.455987 0.161165 0.357215 0.284437 0.694553 0.231692 0.0970122 0.291951 0.765296 0.584718 0.592863 0.260929 0.503372 0.875287 0.942918 0.713894 0.564426 0.582181 0.418305 0.713958 0.0878467 0.902391 0.891757 0.693763 0.658677 0.158658 0.488541 0.628186 0.994598 0.968777 0.276127 0.450585 0.129941 0.633342 0.735022 0.824494 0.865034 0.832035 0.116445 0.630331 
3 46 22 15 30 42 8 
0.634018 0.149021 0.416358 0.0523236 0.862979 0.504205 0.954715 0.754736 0.197968 0.613392 0.913394 0.686509 0.241578 0.907992 0.655286 0.517705 0.358578 0.785227 0.151047 0.0936001 0.609721 0.0160818 0.925635 0.726166 0.646413 0.342387 0.435474 0.537672 0.262512 0.0200691 0.37185 0.89653 0.16909 0.788208 0.948854 0.032069 0.292414 0.903569 0.786805 0.490382 0.516961 0.700199 0.176891 0.758539 0.608192 0.832177 0.276244 0.966769 0.617404 0.427292 0.0603695 0.227125 0.443373 0.986004 0.953291 0.0897861 0.328392 0.388765 0.627458 0.590904 0.408834 0.999308 0.487434 0.577925 0.787517 0.436288 0.609994 0.0799301 0.339857 0.396799 0.570312 0.856819 0.0969982 0.747203 0.615358 0.70519 0.579379 0.891602 0.671959 0.196783 0.318894 0.732329 0.423908 0.762267 0.718333 0.377199 0.852053 0.0467247 0.765965 0.479512 0.637628 0.174799 0.47882 0.125063 0.752724 0.266336 0.561351 0.362718 0.346267 0.901208 0.759517 0.916578 0.758027 0.856515 0.663781 0.373384 0.561705 0.243161 0.264986 0.233664 0.439944 0.58388 0.965993 0.863852 0.346147 0.684326 0.241051 0.198201 0.731051 0.00701578 0.677712 0.368679 0.181815 0.156532 0.493742 0.934539 0.422869 0.0550925 
4 29 41 44 54 2 25 
0.913288 0.349495 0.0877113 0.474993 0.592656 0.352698 0.708657 0.0325998 0.936578 0.674649 0.896452 0.282725 0.358975 0.137503 0.480925 0.0900258 0.144519 0.158638 0.458705 0.326334 0.31517 0.952446 0.260872 0.738038 0.00753896 0.558129 0.507173 0.963839 0.614902 0.192887 0.678167 0.52819 0.542382 0.765878 0.00318218 0.135038 0.118575 0.711839 0.167637 0.055153 0.386488 0.0640893 0.337878 0.745463 0.201592 0.818803 0.835489 0.346111 0.977441 0.294194 0.672445 0.29261 0.246641 0.933317 0.0306484 0.254179 0.491446 0.537822 0.218019 0.106347 0.730709 0.896186 0.634537 0.273091 0.662064 0.637719 0.408128 0.780639 0.349558 0.575766 0.835792 0.736046 0.639855 0.17367 0.48151 0.841447 0.992473 0.316999 0.187558 0.969913 0.611193 0.860003 0.262523 0.857833 0.79332 0.293172 0.112013 0.284766 0.830994 0.330032 0.391113 0.561702 0.226217 0.0256504 0.834793 0.888281 0.66337 0.242921 0.66892 0.0129278 0.818687 0.504712 0.748974 0.458542 0.678382 0.230484 0.299989 0.670854 0.547482 0.487547 0.640767 0.158675 0.34755 0.903291 0.0165086 0.140871 0.196463 0.128521 0.425636 0.0274563 0.458553 0.81675 0.589159 0.684771 0.8424 0.423951 0.573052 0.50577 
5 50 47 44 39 55 17 
0.944101 0.425065 0.498155 0.24409 0.0959191 0.0456377 0.731637 0.736687 0.204313 0.0791875 0.639978 0.220822 0.220058 0.83644 0.349343 0.645694 0.863897 0.807896 0.462444 0.453055 0.492667 0.304844 0.877006 0.0657187 0.810614 0.543879 0.30769 0.329312 0.0294377 0.0543736 0.596984 0.973538 0.479438 0.0951389 0.217628 0.575358 0.140777 0.949265 0.312044 0.345089 0.0284525 0.952022 0.565911 0.248511 0.788462 0.915254 0.894205 0.652359 0.72315 0.356649 0.105414 0.215818 0.661493 0.98242 0.281536 0.472108 0.526299 0.589226 0.80142 0.555737 0.6436 0.398403 0.529275 0.123038 0.493542 0.746903 0.698396 0.634319 0.696168 0.0104401 0.979408 0.724621 0.962462 0.545319 0.973131 0.750924 0.460573 0.867336 0.403282 0.183724 0.223985 0.508696 0.399541 0.885479 0.491116 0.681078 0.357587 0.0174154 0.270304 0.159006 0.573152 0.913904 0.55741 0.102427 0.0369426 0.0509521 0.849331 0.735339 0.685271 0.545499 0.745779 0.664679 0.27012 0.70824 0.209999 0.243251 0.459164 0.670572 0.110587 0.862446 0.854296 0.334573 0.371142 0.253837 0.220052 0.862259 0.934915 0.577638 0.879674 0.205219 0.736645 0.452826 0.119123 0.294055 0.555254 0.156066 0.345007 0.404584 
6 41 26 10 15 49 39 
0.345423 0.904956 0.463454 0.804587 0.575528 0.574041 0.667034 0.429824 0.908614 0.0381762 0.683661 0.128666 0.900435 0.618576 0.706304 0.780109 0.823795 0.442949 0.232935 0.942918 0.737004 0.788189 0.0989836 0.0820105 0.192773 0.990388 0.112288 0.142856 0.627571 0.807245 0.363058 0.972994 0.712201 0.826512 0.777581 0.287729 0.400553 0.444615 0.717553 0.309167 0.482791 0.401214 0.437833 0.383226 0.0197905 0.144137 0.163335 0.843585 0.587086 0.39627 0.786504 0.32409 0.184459 0.885487 0.4061 0.377232 0.875875 0.518389 0.520087 0.503446 0.325634 0.883146 0.47644 0.0378355 0.709658 0.254021 0.325565 0.110211 0.698636 0.043118 0.419378 0.181427 0.444332 0.857211 0.564654 0.464123 0.00134848 0.727989 0.307708 0.588435 0.124259 0.0942119 0.912525 0.308718 0.979699 0.318625 0.68595 0.855574 0.837014 0.206037 0.359019 0.162648 0.0891827 0.835459 0.200483 0.798841 0.08948 0.526048 0.909052 0.788116 0.569166 0.32843 0.969543 0.0134985 0.185641 0.534197 0.477621 0.18699 0.262186 0.78533 0.775424 0.386445 0.879542 0.687949 0.695163 0.859241 0.00657378 0.381113 0.714814 0.843587 0.58715 0.073834 0.00623524 0.676332 0.909293 0.206719 0.475173 0.998773 
7 48 12 2 27 30 18 
0.315431 0.898296 0.29063 0.793053 0.0852852 0.552816 0.578382 0.86071 0.939261 0.457924 0.548658 0.634424 0.317165 0.555232 0.0155363 0.0319791 0.39882 0.602686 0.105813 0.405055 0.279018 0.015106 0.611773 0.754191 0.013879 0.34454 0.138416 0.800768 0.646473 0.85107 0.557201 0.961905 0.749366 0.84783 0.754957 0.834651 0.400646 0.33334 0.69536 0.339906 0.791264 0.244019 0.97433 0.108428 0.799251 0.989866 0.140407 0.19807 0.592552 0.24622 0.603125 0.871571 0.261326 0.214899 0.625762 0.275205 0.559439 0.764177 0.0759734 0.205912 0.615247 0.633174 0.167816 0.364613 0.481004 0.922774 0.199264 0.88165 0.256113 0.894624 0.221556 0.0473771 0.138642 0.195886 0.155805 0.937893 0.185753 0.296213 0.135964 0.778305 0.542433 0.739089 0.649875 0.803759 0.953987 0.275637 0.0789648 0.513426 0.0398145 0.154938 0.719338 0.655062 0.788112 0.887155 0.0196748 0.269116 0.809928 0.218938 0.150766 0.0660416 0.113562 0.372323 0.113419 0.252205 0.568209 0.269224 0.190098 0.753962 0.565437 0.326062 0.532266 0.10787 0.0651504 0.182142 0.911629 0.0191378 0.457779 0.990594 0.532564 0.497593 0.145532 0.251902 0.152655 0.933644 0.139057 0.17233 0.202761 0.948985 
8 17 6 30 41 21 12 
0.294059 0.397669 0.947134 0.0480207 0.963106 0.273195 0.580287 0.0709756 0.338346 0.762429 0.982605 0.357483 0.220208 0.973199 0.890047 0.717801 0.118731 0.14195 0.870456 0.0523753 0.281006 0.0427864 0.255136 0.229991 0.434055 0.608663 0.245018 0.938886 0.334513 0.373463 0.695921 0.628572 0.771132 0.643055 0.676593 0.734238 0.91625 0.25688 0.805214 0.254596 0.0193091 0.787818 0.612079 0.239517 0.761017 0.502127 0.957318 0.879748 0.644076 0.827774 0.932123 0.925083 0.87056 0.187259 0.155074 0.304615 0.795923 0.400092 0.243501 0.130436 0.773555 0.939423 0.759009 0.544688 0.582478 0.435602 0.278926 0.498728 0.692482 0.0841396 0.753324 0.711791 0.871958 0.365403 0.951308 0.632975 0.86753 0.908626 0.512723 0.511606 0.7364 0.444846 0.436689 0.60696 0.632106 0.591764 0.911575 0.428029 0.991856 0.155076 0.558465 0.765411 0.0944989 0.317474 0.310099 0.676976 0.753076 0.589025 0.175704 0.445558 0.673164 0.929028 0.157349 0.545122 0.294431 0.108656 0.178098 0.161961 0.017282 0.690821 0.673567 0.753682 0.135667 0.110256 0.360642 0.767773 0.70202 0.272217 0.195802 0.693875 0.427293 0.754267 0.459286 0.521792 0.071741 0.769385 0.198769 0.824817 
9 29 10 28 44 52 53 
0.576697 0.597932 0.536379 0.754794 0.759892 0.553661 0.445615 0.433459 0.307343 0.581283 0.543715 0.667985 0.349056 0.245734 0.940202 0.544858 0.93961 0.367495 0.299125 0.398896 0.889287 0.370866 0.168281 0.0880558 0.195683 0.526691 0.462529 0.466057 0.558266 0.766029 0.89378 0.134962 0.363961 0.430159 0.889757 0.123853 0.983821 0.335372 0.557312 0.291164 0.916655 0.101027 0.959148 0.26571 0.346761 0.89935 0.810568 0.286371 0.266845 0.109693 0.685267 0.156132 0.48056 0.853548 0.244188 0.676242 0.38024 0.706716 0.142299 0.938505 0.472746 0.036079 0.0734677 0.836706 0.466238 0.963225 0.960559 0.450059 0.298597 0.517871 0.741222 0.215251 0.618898 0.700371 0.480962 0.965659 0.59972 0.29153 0.25203 0.866565 0.401224 0.937297 0.022697 0.881783 0.790846 0.266885 0.558025 0.171086 0.973601 0.700325 0.109591 0.446346 0.736404 0.183059 0.283053 0.202642 0.146283 0.243612 0.652701 0.44488 0.761483 0.393923 0.660131 0.380381 0.0942936 0.141093 0.346041 0.694014 0.432623 0.598071 0.560579 0.833847 0.535368 0.583276 0.71563 0.326214 0.850161 0.273655 0.4973 0.823761 0.97398 0.606891 0.270108 0.710383 0.78995 0.55316 0.913025 0.936233 
10 48 20 35 40 30 21 
0.938637 0.0539426 0.182337 0.284678 0.747957 0.61496 0.882749 0.308536 0.448807 0.418117 0.891812 0.164437 0.744332 0.741973 0.438092 0.241632 0.565734 0.412072 0.848523 0.835842 0.122455 0.638473 0.389002 0.0354804 0.574707 0.185774 0.601206 0.95582 0.74403 0.560855 0.997065 0.682667 0.614798 0.179402 0.967345 0.362754 0.794362 0.850093 0.67129 0.243169 0.26821 0.563102 0.407606 0.0125419 0.305075 0.845698 0.254174 0.870809 0.25777 0.102697 0.70665 0.380225 0.74117 0.0956522 0.415705 0.315876 0.281427 0.0169114 0.271696 0.0254565 0.577767 0.268761 0.708123 0.192565 0.448163 0.675468 0.555319 0.242525 0.525561 0.226609 0.485695 0.793772 0.789711 0.893301 0.806314 0.0947858 0.738999 0.0604872 0.965594 0.996768 0.163184 0.672245 0.376993 0.904353 0.767897 0.792698 0.22023 0.0493234 0.809609 0.491926 0.0747799 0.387376 0.760686 0.782903 0.57994 0.208849 0.458371 0.135259 0.451374 0.983933 0.361869 0.937069 0.777704 0.15158 0.83037 0.584018 0.246366 0.569368 0.644505 0.21196 0.566137 0.807689 0.884205 0.943129 0.712042 0.652101 0.735827 0.932272 0.701425 0.545437 0.424198 0.776205 0.932812 0.184884 0.559108 0.512753 0.393733 0.0174797 
11 17 29 19 12 23 52 
0.161461 0.612545 0.363135 0.407826 0.181914 0.00764028 0.619786 0.74805 0.815329 0.503991 0.69118 0.527372 0.156093 0.427007 0.459643 0.857517 0.972443 0.883841 0.633722 0.905256 0.0687249 0.19283 0.418009 0.462458 0.21031 0.0660211 0.307565 0.211722 0.075902 0.0897407 0.990839 0.237363 0.702286 0.353974 0.645189 0.8842 0.361615 0.264975 0.63225 0.176944 0.768966 0.32343 0.704316 0.925059 0.750437 0.163959 0.782576 0.72288 0.0478001 0.416298 0.628136 0.116525 0.609129 0.0461446 0.578983 0.819439 0.112166 0.886548 0.031161 0.188068 0.976288 0.0220003 0.42543 0.678575 0.375975 0.0706194 0.562774 0.737589 0.335595 0.195024 0.914533 0.104561 0.518454 0.618849 0.0296202 0.268891 0.782808 0.812197 0.99177 0.830608 0.228495 0.619906 0.947133 0.837624 0.666051 0.526116 0.657062 0.778216 0.412663 0.688223 0.966284 0.388952 0.710224 0.391715 0.0675264 0.0861983 0.462334 0.630301 0.823788 0.797929 0.825325 0.738321 0.90249 0.343779 0.35717 0.93211 0.61267 0.139978 0.744307 0.60444 0.970586 0.972802 0.224347 0.917719 0.810425 0.890397 0.443835 0.467488 0.668614 0.856498 0.155711 0.634898 0.24545 0.865934 0.0266126 0.312976 0.952133 0.488947 
12 14 16 25 11 38 4 
0.112381 0.871411 0.121476 0.725051 0.011389 0.865783 0.329492 0.981975 0.838584 0.553838 0.899694 0.64901 0.444236 0.343528 0.116497 0.112849 0.200026 0.272208 0.747747 0.445476 0.138143 0.77436 0.758452 0.0902752 0.263307 0.701729 0.866196 0.550182 0.470332 0.380437 0.739547 0.582713 0.251848 0.861023 0.307764 0.263237 0.726805 0.637256 0.245212 0.56539 0.191094 0.144906 0.2144 0.63533 0.488434 0.330897 0.748179 0.68846 0.603105 0.495927 0.133936 0.741248 0.270287 0.892389 0.831523 0.533593 0.594118 0.697719 0.0837752 0.0644498 0.0781554 0.823322 0.647163 0.330003 0.684345 0.954927 0.59324 0.411151 0.592183 0.838452 0.976541 0.783277 0.983358 0.19094 0.418607 0.471792 0.521837 0.166786 0.160252 0.124942 0.662713 0.294189 0.86619 0.933 0.186578 0.697713 0.466593 0.780696 0.395432 0.550368 0.845146 0.473587 0.373691 0.492309 0.80359 0.058036 0.447236 0.396831 0.469187 0.0394191 0.235283 0.445727 0.822697 0.218641 0.636667 0.241304 0.690433 0.158504 0.40809 0.850685 0.283447 0.0708029 0.144874 0.149637 0.0038026 0.331451 0.84735 0.470396 0.112147 0.242781 0.0207638 0.957293 0.716368 0.394454 0.449601 0.519959 0.45249 0.896837 
13 32 53 37 5 11 14 
0.370714 0.00407172 0.000256505 0.0611467 0.162576 0.408346 0.911832 0.446023 0.479149 0.0567057 0.595659 0.482952 0.388157 0.443009 0.953348 0.500304 0.68579 0.974111 0.457597 0.402159 0.368566 0.907199 0.922118 0.821056 0.804036 0.838907 0.742733 0.740292 0.99098 0.110138 0.499245 0.361694 0.114209 0.499501 0.422841 0.276786 0.907848 0.334673 0.722808 0.386997 0.391378 0.318467 0.869949 0.779535 0.761476 0.823297 0.27984 0.447267 0.797408 0.737437 0.849426 0.165974 0.644635 0.771543 0.98703 0.448671 0.610451 0.729764 0.188963 0.601431 0.839901 0.688208 0.963125 0.954111 0.187709 0.385966 0.230896 0.0955573 0.720638 0.953704 0.482555 0.112016 0.272172 0.352504 0.891552 0.033648 0.175801 0.171391 0.480915 0.973209 0.908828 0.33034 0.139183 0.553464 0.101884 0.126213 0.00213498 0.712334 0.855977 0.191098 0.313765 0.695878 0.879306 0.27689 0.649989 0.0670158 0.662856 0.880885 0.162573 0.383494 0.834589 0.645128 0.49551 0.106761 0.997631 0.387062 0.140409 0.173432 0.558453 0.621324 0.146641 0.467282 0.951664 0.285823 0.0207453 0.0535476 0.412036 0.0228803 0.765882 0.268013 0.213979 0.079647 0.963891 0.0932848 0.356537 0.61388 0.160301 0.0193929 
14 20 33 25 42 13 54 
0.436115 0.965632 0.285459 0.576524 0.139064 0.843912 0.197848 0.285705 0.311193 0.149512 0.571528 0.331939 0.20306 0.983565 0.354819 0.968942 0.251578 0.568797 0.0485886 0.215469 0.662082 0.405126 0.829349 0.822383 0.424519 0.324113 0.145256 0.827405 0.653467 0.113258 0.725802 0.0895826 0.0788901 0.0112609 0.666107 0.217954 0.855173 0.863955 0.503659 0.166366 0.0134673 0.0751877 0.498305 0.216527 0.0587526 0.853124 0.185469 0.310331 0.421921 0.234057 0.525799 0.0840035 0.639183 0.355148 0.906386 0.0637018 0.679261 0.0516428 0.891107 0.332729 0.1649 0.61691 0.422311 0.24379 0.62817 0.0884183 0.461745 0.483343 0.952373 0.965404 0.649709 0.965841 0.0405919 0.148014 0.182368 0.0993445 0.00113784 0.367836 0.409675 0.423059 0.601894 0.935475 0.507063 0.241077 0.290623 0.413449 0.304779 0.969884 0.465092 0.195886 0.302613 0.629992 0.812795 0.724924 0.873782 0.440966 0.813343 0.335527 0.924309 0.765716 0.300931 0.574018 0.731557 0.341523 0.722032 0.913924 0.440868 0.72317 0.281761 0.850543 0.146229 0.883654 0.786017 0.653292 0.124731 0.0766402 0.0667409 0.429509 0.0465244 0.531833 0.625395 0.349137 0.161825 0.438191 0.0740618 0.0356071 0.879156 0.887404 
15 11 55 13 49 14 3 
0.0135891 0.0995164 0.298601 0.454457 0.822687 0.580362 0.305 0.968916 0.464016 0.0910173 0.622208 0.588747 0.167657 0.688949 0.0182565 0.214182 0.220782 0.643652 0.563319 0.382606 0.0818423 0.637381 0.418213 0.960999 0.524785 0.789348 0.764464 0.177906 0.461413 0.141948 0.562583 0.475002 0.241465 0.861185 0.929459 0.0641514 0.441547 0.234459 0.0330675 0.905563 0.325476 0.655276 0.49431 0.493134 0.344225 0.512566 0.707316 0.565006 0.156218 0.270635 0.947612 0.238061 0.908016 0.365825 0.199059 0.432801 0.155173 0.963524 0.610707 0.616586 0.105472 0.17329 0.0915885 0.346937 0.0344749 0.0210477 0.411088 0.476022 0.255507 0.444156 0.381584 0.580983 0.0994312 0.875894 0.0741167 0.443656 0.388461 0.781432 0.0086619 0.544679 0.0520669 0.956274 0.782739 0.960083 0.3221 0.981799 0.392884 0.477272 0.945322 0.00359081 0.0938586 0.0507943 0.176881 0.185447 0.397731 0.211356 0.206495 0.808819 0.687377 0.462001 0.252974 0.0689618 0.0429844 0.352406 0.944856 0.117101 0.796061 0.333317 0.898533 0.804723 0.877996 0.9506 0.760997 0.660735 0.910683 0.083097 0.642534 0.303566 0.560369 0.587856 0.307157 0.654228 0.638651 0.484038 0.839675 0.0363816 0.695394 0.0461699 
16 21 17 32 18 24 37 
0.450581 0.39659 0.668257 0.246642 0.729907 0.56679 0.0513652 0.607902 0.51739 0.812363 0.268638 0.428073 0.89546 0.911172 0.73164 0.455829 0.499028 0.0387968 0.110057 0.137679 0.522835 0.949732 0.17406 0.218229 0.995902 0.0192607 0.601001 0.504074 0.117436 0.0527347 0.0552294 0.568016 0.449324 0.723486 0.814658 0.179231 0.290276 0.866023 0.787133 0.807667 0.678386 0.0557709 0.23574 0.573846 0.966943 0.967379 0.0296747 0.465971 0.00617605 0.139732 0.603649 0.529011 0.0894642 0.777709 0.747241 0.0853665 0.79697 0.348242 0.58944 0.914406 0.400977 0.64467 0.482422 0.850301 0.368156 0.29708 0.029532 0.658432 0.163103 0.816665 0.466099 0.841489 0.872436 0.701838 0.415334 0.839379 0.669217 0.445009 0.305349 0.675394 0.584741 0.908998 0.204405 0.674205 0.686708 0.951645 0.759572 0.483678 0.299887 0.349012 0.398084 0.700864 0.993681 0.880505 0.551165 0.361837 0.177585 0.580697 0.020269 0.340688 0.397362 0.486368 0.182177 0.269799 0.188206 0.597511 0.109177 0.857423 0.0425203 0.414527 0.532817 0.627261 0.323525 0.737221 0.301466 0.010233 0.688867 0.0610381 0.493911 0.988754 0.41005 0.891995 0.689618 0.403731 0.7725 0.240783 0.765568 0.950085 
17 43 55 46 6 18 21 
0.460411 0.0704606 0.597818 0.317834 0.112981 0.0123451 0.850651 0.740242 0.33587 0.587872 0.0417085 0.346103 0.276739 0.102747 0.840014 0.265493 0.512796 0.732009 0.955112 0.916528 0.504508 0.195895 0.682096 0.454593 0.0173752 0.467933 0.745366 0.236218 0.740138 0.218315 0.724859 0.200548 0.288776 0.322677 0.518382 0.401757 0.335023 0.369033 0.141999 0.670893 0.956905 0.183707 0.0169961 0.233644 0.286454 0.85701 0.499137 0.79925 0.589019 0.454248 0.715778 0.0935275 0.650143 0.397874 0.548121 0.667519 0.865807 0.293487 0.903736 0.605945 0.511802 0.628595 0.806493 0.800578 0.951273 0.324875 0.202335 0.286296 0.693908 0.344334 0.957188 0.650812 0.528041 0.974184 0.884456 0.814495 0.831195 0.383593 0.613745 0.420214 0.837841 0.329523 0.513741 0.487985 0.727397 0.0618619 0.155503 0.593204 0.355348 0.0592395 0.199149 0.86715 0.687835 0.00564174 0.667728 0.639108 0.330517 0.870063 0.925403 0.0244243 0.214397 0.882592 0.675237 0.742438 0.856776 0.559692 0.556933 0.687971 0.943285 0.170678 0.108185 0.781126 0.500202 0.621926 0.269111 0.227599 0.683788 0.424614 0.820803 0.0391361 0.483854 0.0199521 0.906287 0.171688 0.0255938 0.574015 0.810796 0.356111 
18 43 12 55 32 48 33 
0.400913 0.475567 0.615464 0.957845 0.163538 0.558749 0.128524 0.271723 0.339875 0.628725 0.893648 0.608986 0.856324 0.577436 0.0336001 0.677128 0.616572 0.517454 0.69708 0.522859 0.689142 0.722674 0.0968736 0.499938 0.0787842 0.540952 0.236138 0.459319 0.199426 0.854929 0.51509 0.600339 0.330496 0.130554 0.558184 0.494035 0.689303 0.686708 0.765757 0.0291783 0.315433 0.659406 0.638164 0.171757 0.236842 0.671765 0.848885 0.853414 0.189218 0.545965 0.376273 0.87836 0.268639 0.473146 0.378298 0.347423 0.0140978 0.614436 0.806742 0.213524 0.469365 0.321832 0.813863 0.799862 0.452386 0.372047 0.293897 0.141689 0.0587548 0.0596539 0.170868 0.374188 0.71906 0.809032 0.545945 0.955902 0.480797 0.394831 0.809316 0.670015 0.940795 0.185588 0.548375 0.209434 0.658735 0.926673 0.556857 0.672833 0.54111 0.363598 0.886357 0.0104749 0.685431 0.70022 0.810337 0.137817 0.0722667 0.104233 0.279506 0.131022 0.163887 0.450374 0.505209 0.882947 0.259406 0.0511549 0.838849 0.740203 0.445985 0.648165 0.410217 0.386781 0.833753 0.958592 0.596215 0.492488 0.885265 0.153071 0.16532 0.426375 0.51667 0.0516771 0.43685 0.2021 0.751897 0.247187 0.339917 0.824163 
19 51 48 21 14 0 33 
0.329203 0.511549 0.237103 0.0694058 0.957535 0.885268 0.479623 0.344315 0.719021 0.438215 0.94053 0.211508 0.32348 0.0936017 0.376829 0.749855 0.610271 0.428506 0.186705 0.812372 0.180403 0.433892 0.152289 0.00456629 0.785312 0.771712 0.959751 0.300619 0.841509 0.420146 0.698873 0.170713 0.931695 0.935976 0.240119 0.88923 0.821244 0.719742 0.233545 0.540265 0.157957 0.174076 0.751773 0.481437 0.267677 0.128602 0.231292 0.877949 0.557108 0.417997 0.69032 0.737511 0.851889 0.842609 0.742077 0.6372 0.614321 0.701828 0.937819 0.455831 0.121974 0.636692 0.626544 0.0536692 0.572668 0.866662 0.942899 0.393912 0.586404 0.176444 0.934177 0.74436 0.35052 0.68595 0.225797 0.618197 0.814552 0.45709 0.496145 0.37166 0.875087 0.186466 0.10917 0.726976 0.029075 0.851247 0.364176 0.643396 0.553076 0.301996 0.0992274 0.67505 0.938688 0.725771 0.728719 0.511356 0.592433 0.671618 0.905268 0.178837 0.848062 0.839445 0.923197 0.198582 0.525395 0.148995 0.816779 0.339946 0.606085 0.312924 0.711606 0.481172 0.49939 0.820776 0.208148 0.528465 0.672024 0.572324 0.171861 0.2251 0.87432 0.271089 0.90015 0.813007 0.99686 0.628869 0.324364 0.589293 
20 1 30 52 15 39 32 
0.594472 0.840322 0.16391 0.934418 0.446407 0.476834 0.646024 0.927578 0.976224 0.466801 0.135726 0.504689 0.138825 0.70805 0.676551 0.363925 0.58237 0.94764 0.264074 0.395377 0.9445 0.892943 0.719741 0.533793 0.19343 0.949373 0.301923 0.341979 0.0184495 0.99325 0.689111 0.612921 0.833572 0.853021 0.54734 0.279979 0.329855 0.193364 0.207557 0.306079 0.660165 0.343283 0.810769 0.798989 0.051333 0.48732 0.162914 0.633703 0.434959 0.426988 0.0290797 0.379459 0.319931 0.74882 0.913251 0.513362 0.698193 0.215174 0.855341 0.716642 0.208424 0.544452 0.329564 0.0419958 0.397472 0.876903 0.321974 0.727327 0.0702669 0.529531 0.0334067 0.730432 0.872814 0.844176 0.529421 0.924147 0.331495 0.692335 0.55785 0.766455 0.119323 0.58693 0.145914 0.439255 0.33575 0.059165 0.952616 0.0339427 0.274339 0.807957 0.750585 0.482763 0.352409 0.0801484 0.524759 0.749881 0.957052 0.846733 0.477208 0.0273184 0.376264 0.510615 0.75775 0.249079 0.35479 0.287171 0.173226 0.686286 0.979506 0.731076 0.45274 0.0988293 0.318006 0.598654 0.538084 0.653756 0.657819 0.4907 0.687698 0.932158 0.298657 0.438283 0.414921 0.651066 0.518432 0.939679 0.400947 0.475483 
21 28 35 34 42 13 53 
0.411755 0.743561 0.547723 0.584982 0.429847 0.527229 0.316058 0.882587 0.626058 0.634064 0.481241 0.164142 0.28782 0.13906 0.654842 0.975518 0.0712176 0.9535 0.413801 0.486138 0.604566 0.932233 0.425817 0.00551304 0.407717 0.212229 0.883668 0.910518 0.374906 0.272439 0.17107 0.786661 0.0159996 0.718793 0.371643 0.445846 0.246022 0.687701 0.328433 0.87208 0.321765 0.809674 0.0362223 0.609584 0.948734 0.691065 0.585102 0.0199516 0.644564 0.998904 0.50609 0.24913 0.931137 0.931907 0.254643 0.338854 0.144137 0.138312 0.249372 0.519042 0.410751 0.420442 0.305704 0.42675 0.139235 0.677347 0.872596 0.385257 0.365047 0.20103 0.257337 0.686812 0.0107038 0.29356 0.296396 0.959438 0.984624 0.881498 0.979389 0.629189 0.880402 0.485479 0.878319 0.811539 0.417386 0.132963 0.150392 0.561523 0.271275 0.399764 0.0805652 0.682025 0.820207 0.386269 0.108775 0.959442 0.0636156 0.981372 0.344699 0.428663 0.182402 0.602037 0.115475 0.193105 0.895596 0.411871 0.152543 0.880221 0.293369 0.131933 0.50941 0.173771 0.617412 0.387729 0.98531 0.034798 0.520692 0.135702 0.596321 0.791966 0.535466 0.676886 0.473991 0.355673 0.063155 0.582767 0.315115 0.126771 
22 53 10 31 12 54 14 
0.157447 0.0827796 0.0921889 0.0376681 0.376149 0.224121 0.547078 0.54992 0.841533 0.934807 0.53523 0.876331 0.455498 0.670932 0.472652 0.247465 0.206398 0.149538 0.721456 0.562071 0.212693 0.304223 0.877186 0.339464 0.868361 0.537 0.894897 0.614902 0.798851 0.565806 0.554547 0.956299 0.648585 0.646736 0.993967 0.0247342 0.870858 0.541044 0.574654 0.712391 0.475851 0.109884 0.588722 0.931349 0.780815 0.0613741 0.178814 0.987214 0.210912 0.90027 0.549285 0.423605 0.204493 0.426471 0.763069 0.0728538 0.963472 0.657966 0.687755 0.762323 0.223772 0.242302 0.718621 0.872357 0.889039 0.712588 0.897092 0.759896 0.253633 0.471746 0.472287 0.729484 0.581629 0.0610088 0.660833 0.362445 0.122383 0.839647 0.349659 0.333295 0.739917 0.898943 0.7569 0.94441 0.325415 0.519969 0.0172633 0.288886 0.177936 0.705019 0.0512091 0.401708 0.947321 0.769831 0.274065 0.83636 0.482419 0.171157 0.596256 0.736051 0.642902 0.0685425 0.465535 0.224532 0.129551 0.126368 0.586977 0.251934 0.966015 0.936635 0.585229 0.705932 0.835579 0.34213 0.650342 0.160993 0.862099 0.667605 0.449879 0.040035 0.372624 0.501088 0.441743 0.319945 0.270919 0.715808 0.156304 0.753338 
23 7 5 11 43 9 15 
0.950654 0.0812918 0.341376 0.202588 0.047307 0.278011 0.787818 0.753239 0.113589 0.129948 0.403581 0.274582 0.992047 0.0711861 0.724462 0.032082 0.44381 0.22555 0.473825 0.763755 0.496469 0.189633 0.920059 0.249807 0.0765976 0.672619 0.739195 0.606465 0.493722 0.694119 0.360864 0.444376 0.775411 0.702239 0.646965 0.822718 0.98025 0.434782 0.575957 0.093839 0.56473 0.979538 0.368421 0.556777 0.0507244 0.0928827 0.588859 0.494534 0.318433 0.0626839 0.258289 0.814901 0.252317 0.178348 0.064708 0.328914 0.850967 0.803903 0.935379 0.34469 0.498023 0.296243 0.789066 0.273434 0.998482 0.43603 0.0961516 0.978732 0.870813 0.672109 0.0725707 0.435543 0.651647 0.440992 0.99232 0.702371 0.533875 0.581179 0.196906 0.852307 0.643863 0.455194 0.667209 0.89618 0.633543 0.731917 0.225094 0.48451 0.53582 0.160473 0.8292 0.0338428 0.456716 0.618265 0.307276 0.455197 0.0542959 0.403428 0.433929 0.925109 0.0755368 0.5065 0.360652 0.727184 0.947492 0.352972 0.429555 0.481367 0.934151 0.626461 0.333674 0.578014 0.0816553 0.000882808 0.474193 0.715198 0.7328 0.699287 0.199708 0.26862 0.85976 0.0289075 0.302463 0.316476 0.647173 0.609739 0.771673 0.701469 
24 17 11 12 5 46 39 
0.659594 0.340201 0.245443 0.140961 0.274352 0.871904 0.474635 0.852366 0.953559 0.475518 0.326559 0.668757 0.208317 0.0258464 0.868465 0.476937 0.885606 0.897372 0.7794 0.202082 0.544545 0.389139 0.973755 0.246014 0.402306 0.179357 0.872591 0.49101 0.89146 0.859821 0.306897 0.551054 0.200022 0.55234 0.692015 0.474374 0.424244 0.166649 0.326739 0.377802 0.642167 0.653298 0.046559 0.850484 0.679145 0.915024 0.327421 0.564751 0.812396 0.106821 0.766833 0.356941 0.49596 0.740589 0.602954 0.898265 0.919946 0.475546 0.389275 0.811406 0.335367 0.696172 0.36246 0.535388 0.248512 0.0544741 0.00976185 0.672756 0.221123 0.336501 0.0505582 0.86329 0.989799 0.0971172 0.713774 0.668944 0.0121407 0.0411953 0.233695 0.824536 0.148016 0.00052866 0.181477 0.643976 0.741117 0.784431 0.542241 0.661063 0.259977 0.931516 0.472469 0.595344 0.627689 0.834928 0.130732 0.876201 0.889402 0.140494 0.548957 0.110526 0.476995 0.599515 0.973816 0.466794 0.696632 0.68759 0.135739 0.708773 0.728786 0.369434 0.533309 0.876802 0.369963 0.714786 0.520778 0.11108 0.499217 0.0630188 0.772143 0.759195 0.994535 0.244612 0.354538 0.622224 0.0795401 0.48527 0.498425 0.968943 
25 9 37 36 22 31 51 
0.343529 0.740875 0.705292 0.0523017 0.469661 0.0747256 0.585611 0.346463 0.444688 0.300397 0.86724 0.555768 0.799614 0.930259 0.327911 0.558809 0.924794 0.572522 0.913347 0.547018 0.652062 0.398617 0.045443 0.621005 0.0243812 0.0928246 0.700473 0.12714 0.739721 0.753758 0.696693 0.0832501 0.494633 0.401985 0.135552 0.964294 0.476711 0.721163 0.310757 0.921399 0.0215595 0.177997 0.477167 0.821174 0.108257 0.805077 0.379983 0.033051 0.377599 0.29333 0.580069 0.0296619 0.691947 0.625512 0.650667 0.716328 0.718337 0.35114 0.843468 0.458058 0.104898 0.540162 0.541308 0.599532 0.942147 0.67686 0.563826 0.418857 0.398023 0.874583 0.340256 0.419582 0.0525801 0.817423 0.240756 0.160837 0.6225 0.620739 0.193888 9.93898e-05 0.914069 0.773957 0.0297613 0.606016 0.399469 0.680428 0.322344 0.117806 0.0315684 0.165812 0.575864 0.136467 0.705974 0.117173 0.735998 0.648121 0.794033 0.299824 0.0669784 0.192055 0.174407 0.407235 0.611637 0.226987 0.224657 0.852394 0.387824 0.847157 0.473132 0.581712 0.847257 0.387201 0.355668 0.877018 0.993217 0.755138 0.557446 0.315561 0.872944 0.589014 0.481373 0.448808 0.725481 0.187347 0.565981 0.46148 0.835468 0.360013 
26 14 22 15 16 55 52 
0.162698 0.534338 0.0160995 0.550522 0.381495 0.489232 0.132234 0.228752 0.876433 0.487902 0.10577 0.869649 0.24304 0.663216 0.18521 0.115984 0.25223 0.666583 0.564792 0.977711 0.85393 0.130772 0.439191 0.689398 0.490786 0.200495 0.591844 0.0428541 0.136206 0.901525 0.20656 0.298905 0.435863 0.22266 0.849427 0.817358 0.711891 0.98166 0.0461104 0.588324 0.469562 0.15188 0.457974 0.712602 0.815096 0.643183 0.828586 0.0673264 0.309766 0.393377 0.0450379 0.163696 0.524149 0.484229 0.853094 0.0149349 0.684724 0.444938 0.057789 0.82093 0.346462 0.264349 0.119835 0.782325 0.487009 0.969262 0.599684 0.1989 0.950922 0.645794 0.787224 0.420484 0.797674 0.245198 0.133086 0.612771 0.888381 0.961672 0.680097 0.198147 0.355049 0.725135 0.361843 0.879198 0.209364 0.214937 0.894133 0.894088 0.659875 0.951922 0.715019 0.00633705 0.216271 0.834854 0.788662 0.70328 0.804115 0.388346 0.90218 0.755037 0.0341403 0.689404 0.175521 0.831815 0.934602 0.308608 0.444585 0.822983 0.270279 0.124682 0.0211309 0.625328 0.849817 0.382974 0.504527 0.0591812 0.597911 0.39866 0.953269 0.257786 0.350583 0.668288 0.264123 0.566854 0.503142 0.0527854 0.270134 0.307257 
27 43 17 4 0 38 15 
0.307086 0.796321 0.546423 0.751672 0.619304 0.816703 0.876354 0.640435 0.442031 0.726171 0.0234093 0.946558 0.785352 0.621321 0.345218 0.738622 0.879107 0.695801 0.40691 0.14323 0.262655 0.910052 0.196015 0.532789 0.217309 0.637147 0.705103 0.279603 0.112418 0.566822 0.517419 0.419505 0.363142 0.0638419 0.171177 0.982447 0.880545 0.0475306 0.622882 0.322576 0.773702 0.646291 0.269134 0.559054 0.267612 0.614352 0.297676 0.146718 0.310153 0.704586 0.289948 0.572808 0.614638 0.485963 0.105596 0.831947 0.123109 0.8107 0.11155 0.235528 0.377521 0.628969 0.655033 0.740664 0.692811 0.826209 0.72311 0.573355 0.87374 0.345992 0.895931 0.647442 0.992283 0.165065 0.206496 0.259895 0.779416 0.504172 0.406613 0.0895692 0.208759 0.696561 0.662377 0.823396 0.182524 0.767973 0.655343 0.305634 0.578673 0.766893 0.541161 0.956194 0.395862 0.196194 0.696858 0.0886725 0.0224032 0.419968 0.662028 0.896143 0.76596 0.557959 0.543585 0.758244 0.723023 0.750081 0.0181387 0.50244 0.254253 0.424752 0.592009 0.463012 0.121314 0.254385 0.286408 0.303838 0.0223586 0.941751 0.609471 0.601031 0.708645 0.150633 0.557225 0.104507 0.346827 0.254083 0.193179 0.36923 
28 13 41 6 42 53 47 
0.198255 0.136188 0.559039 0.216393 0.638628 0.813292 0.641145 0.230637 0.276303 0.762459 0.485022 0.562712 0.0662967 0.507381 0.504463 0.675768 0.108412 0.213108 0.826401 0.665637 0.317614 0.173228 0.91972 0.510793 0.542458 0.593771 0.366 0.807831 0.0337819 0.779165 0.616789 0.232036 0.915354 0.175827 0.44843 0.553981 0.989119 0.0895751 0.784618 0.265423 0.852034 0.26964 0.828134 0.918331 0.777021 0.332597 0.594099 0.885432 0.545705 0.4205 0.55107 0.863319 0.593728 0.47079 0.374112 0.136186 0.0645607 0.740112 0.944017 0.0983426 0.519278 0.560806 0.330379 0.434631 0.736633 0.778809 0.988612 0.725752 0.868384 0.77323 0.991175 0.720418 0.0428702 0.819309 0.638749 0.819891 0.151906 0.232847 0.705323 0.697611 0.653347 0.256393 0.56093 0.247075 0.727183 0.935042 0.383261 0.791743 0.675155 0.327278 0.890086 0.194432 0.888084 0.220465 0.629063 0.624717 0.999274 0.617676 0.350469 0.867657 0.390906 0.341644 0.588075 0.433776 0.160954 0.226824 0.253667 0.31286 0.459671 0.95899 0.0104713 0.113019 0.215383 0.571401 0.360094 0.942566 0.506444 0.743355 0.734309 0.181598 0.0706335 0.624395 0.376031 0.958717 0.84486 0.00509406 0.583434 0.844134 
29 2 35 17 51 55 28 
0.526691 0.701119 0.749362 0.986362 0.660109 0.759833 0.0993807 0.875492 0.331235 0.459475 0.818058 0.837678 0.20283 0.552367 0.0192768 0.273464 0.176762 0.395308 0.232181 0.0216223 0.400402 0.815615 0.865756 0.0231714 0.749519 0.577548 0.0368473 0.0250667 0.877414 0.484299 0.461568 0.404105 0.185418 0.21093 0.390467 0.845527 0.970763 0.489847 0.721019 0.301998 0.949322 0.539077 0.139676 0.152153 0.0914443 0.158953 0.425616 0.268206 0.554261 0.657797 0.289829 0.954662 0.473413 0.155585 0.977834 0.222931 0.733133 0.0146811 0.247998 0.610547 0.49898 0.709566 0.014652 0.684399 0.920497 0.405119 0.529926 0.89126 0.894966 0.250946 0.193258 0.844289 0.790023 0.332934 0.996441 0.881467 0.491887 0.422058 0.149674 0.0461479 0.079855 0.439502 0.000810218 0.553268 0.595087 0.978644 0.776199 0.32822 0.993325 0.0241966 0.938767 0.492305 0.733763 0.953419 0.176704 0.654259 0.358538 0.70663 0.545519 0.253504 0.957576 0.738777 0.0977928 0.747599 0.0717112 0.094234 0.629066 0.563598 0.516292 0.77874 0.609746 0.596147 0.218242 0.610557 0.149414 0.813329 0.589201 0.925613 0.141549 0.582526 0.94981 0.0803164 0.0748311 0.683573 0.0337355 0.251535 0.337832 0.392273 
30 11 26 32 20 36 10 
0.663341 0.69384 0.837804 0.292407 0.257438 0.354096 0.0711461 0.867184 0.950243 0.289388 0.477741 0.0996569 0.102717 0.0669414 0.02527 0.244266 0.649467 0.97508 0.324583 0.724298 0.658652 0.358318 0.975833 0.996484 0.750592 0.933999 0.879835 0.396369 0.849741 0.501964 0.13994 0.513081 0.195803 0.977744 0.805488 0.453241 0.33184 0.876634 0.320426 0.282083 0.166022 0.798167 0.38174 0.268739 0.865108 0.40701 0.513005 0.514575 0.382089 0.837588 0.238873 0.0407416 0.195907 0.214706 0.0372257 0.946498 0.148705 0.917061 0.342868 0.998446 0.419025 0.482807 0.511527 0.614828 0.460551 0.317014 0.0680698 0.792392 0.193648 0.388496 0.0744744 0.35967 0.186662 0.456214 0.628409 0.0517701 0.863224 0.141414 0.566345 0.245313 0.979003 0.805218 0.286055 0.174909 0.019924 0.32328 0.121407 0.168629 0.240342 0.464275 0.167075 0.659367 0.947082 0.678601 0.274195 0.407634 0.995616 0.342265 0.200025 0.189264 0.73076 0.2745 0.548934 0.917423 0.730714 0.177343 0.969193 0.593938 0.318757 0.535538 0.839251 0.29776 0.340756 0.125306 0.472669 0.36068 0.448586 0.594076 0.529309 0.688928 0.058351 0.696384 0.348294 0.00543342 0.374985 0.622489 0.413067 0.370601 
31 41 11 19 13 5 22 
0.618306 0.286141 0.58213 0.212244 0.604898 0.117668 0.0514951 0.902658 0.458424 0.176801 0.375327 0.819103 0.625387 0.969403 0.348412 0.314315 0.0277536 0.0447958 0.662609 0.033187 0.419781 0.285098 0.446254 0.790382 0.249853 0.059347 0.350246 0.945367 0.94694 0.459045 0.558305 0.565246 0.745186 0.140435 0.77749 0.350085 0.258103 0.828985 0.252743 0.716527 0.00578613 0.628069 0.53563 0.631173 0.597472 0.884043 0.945487 0.625225 0.928839 0.608096 0.658412 0.348619 0.893195 0.104667 0.139001 0.143047 0.164014 0.489247 0.0884144 0.110953 0.948292 0.646719 0.676199 0.693479 0.787154 0.453689 0.0435637 0.0452574 0.282675 0.296306 0.761784 0.288461 0.924375 0.297415 0.919634 0.521847 0.181457 0.865121 0.147073 0.110296 0.473218 0.805485 0.458915 0.366412 0.910152 0.597916 0.509459 0.0741653 0.0871637 0.597874 0.185119 0.0354562 0.244593 0.861318 0.728935 0.0317473 0.315007 0.772499 0.0770047 0.597682 0.068805 0.838789 0.886143 0.993181 0.136204 0.805777 0.515028 0.317661 0.670898 0.6621 0.427957 0.144116 0.467585 0.886872 0.510528 0.377737 0.484789 0.0199873 0.451902 0.571952 0.617861 0.637021 0.607408 0.862454 0.498338 0.336343 0.894201 0.813346 
32 42 23 37 24 11 8 
0.946199 0.102947 0.685855 0.26386 0.773845 0.347956 0.691817 0.917961 0.815541 0.578689 0.428488 0.193278 0.0634778 0.448476 0.64518 0.63543 0.0663368 0.282201 0.242838 0.928791 0.78054 0.579182 0.822992 0.593885 0.688024 0.794198 0.00491262 0.865671 0.604193 0.302083 0.0364988 0.550392 0.40503 0.722354 0.814252 0.178875 0.0703099 0.506069 0.0968352 0.885851 0.084758 0.525324 0.079129 0.148236 0.973799 0.724309 0.783666 0.0401362 0.00651027 0.0265043 0.968927 0.78705 0.605686 0.791919 0.380935 0.29371 0.586117 0.385848 0.159381 0.19031 0.68793 0.19588 0.740702 0.0929602 0.918234 0.554954 0.271835 0.988544 0.0610226 0.36867 0.874395 0.145781 0.893994 0.953524 0.294016 0.867793 0.677833 0.0776823 0.907929 0.684344 0.104187 0.876856 0.471393 0.709873 0.668775 0.852328 0.00358292 0.254893 0.238176 0.162964 0.445203 0.926106 0.358844 0.185905 0.0190667 0.277078 0.740859 0.290902 0.265623 0.801881 0.659572 0.140018 0.947662 0.553565 0.0935417 0.241678 0.421359 0.771375 0.319361 0.329288 0.455719 0.423547 0.206144 0.927112 0.13342 0.87492 0.77944 0.137003 0.129812 0.0176164 0.299967 0.575015 0.943723 0.658812 0.76092 0.962789 0.93589 0.501779 
33 28 55 46 50 8 30 
0.466828 0.435072 0.493001 0.888187 0.206447 0.812362 0.217474 0.662166 0.235909 0.423619 0.589278 0.36933 0.298538 0.368718 0.506333 0.428351 0.386334 0.8063 0.00336594 0.330057 0.465112 0.764286 0.292847 0.401002 0.266066 0.546538 0.602514 0.569726 0.4598 0.944044 0.821049 0.926628 0.379116 0.31405 0.814815 0.585563 0.126412 0.0322894 0.247728 0.362322 0.455908 0.837006 0.731652 0.754446 0.205724 0.237985 0.182797 0.592058 0.0442848 0.186163 0.922115 0.509397 0.950449 0.214962 0.910398 0.216515 0.7615 0.512912 0.786241 0.2213 0.456957 0.60729 0.147929 0.836073 0.92134 0.962744 0.421635 0.0477527 0.995033 0.669364 0.410074 0.450941 0.50637 0.141726 0.205388 0.712093 0.379711 0.388185 0.304152 0.423995 0.574348 0.226267 0.933392 0.524797 0.441229 0.84379 0.741312 0.202729 0.356703 0.527553 0.424029 0.813659 0.134843 0.571958 0.649732 0.0561832 0.534702 0.0713675 0.103936 0.529735 0.740731 0.51401 0.980676 0.247101 0.655736 0.186064 0.959194 0.0354468 0.574248 0.263346 0.459442 0.148596 0.489613 0.392834 0.673392 0.930842 0.236624 0.414704 0.133572 0.593327 0.942257 0.557601 0.406987 0.0770995 0.129559 0.0567188 0.133283 0.664261 
34 13 42 23 45 8 35 
0.115918 0.406965 0.360735 0.0751127 0.442412 0.934984 0.338459 0.901854 0.0835792 0.828072 0.294688 0.756972 0.758914 0.531312 0.171676 0.892486 0.12464 0.113932 0.450087 0.531627 0.191032 0.579646 0.588345 0.324315 0.243907 0.716432 0.561533 0.437903 0.585249 0.312762 0.612574 0.701168 0.719727 0.97331 0.77628 0.162138 0.908293 0.114739 0.0639923 0.991872 0.942811 0.35868 0.748844 0.701725 0.889993 0.92052 0.594211 0.0146325 0.0344522 0.0442983 0.546259 0.225484 0.623944 0.134605 0.549799 0.867851 0.851036 0.111332 0.305754 0.436285 0.424093 0.918328 0.137453 0.14382 0.891638 0.913733 0.305958 0.799931 0.0284722 0.369951 0.791804 0.971283 0.728631 0.540648 0.673008 0.618624 0.461167 0.26722 0.633256 0.49562 0.311518 0.179515 0.721104 0.935462 0.31412 0.270902 0.803314 0.165156 0.382234 0.109067 0.601441 0.806327 0.0273955 0.738894 0.950147 0.919033 0.652627 0.256105 0.718964 0.6811 0.626056 0.510768 0.652383 0.354687 0.0514156 0.325391 0.97331 0.512583 0.592611 0.606566 0.00820262 0.904129 0.786081 0.729306 0.839591 0.100201 0.000208306 0.642905 0.265357 0.382442 0.751972 0.866798 0.188769 0.779368 0.605692 0.138916 0.698401 0.25832 
35 45 10 29 2 12 14 
0.375763 0.979549 0.917193 0.349073 0.492132 0.509804 0.955639 0.500335 0.413933 0.74172 0.229641 0.253524 0.841921 0.229849 0.896428 0.107278 0.612291 0.6484 0.974076 0.80106 0.427768 0.579768 0.939975 0.126169 0.838087 0.334996 0.543534 0.777507 0.356072 0.471667 0.369308 0.731835 0.451216 0.286501 0.0809081 0.943348 0.796305 0.0365472 0.443683 0.210238 0.778268 0.673323 0.463761 0.620189 0.903172 0.36019 0.727466 0.515463 0.00859013 0.701542 0.316523 0.436358 0.28131 0.256498 0.562527 0.119397 0.591494 0.106061 0.896903 0.947566 0.577729 0.266212 0.679401 0.0289448 0.552713 0.760309 0.972293 0.349018 0.796857 0.415976 0.559256 0.575124 0.0892992 0.0230176 0.195313 0.992472 0.383207 0.922779 0.507935 0.391797 0.624321 0.824458 0.828156 0.905631 0.0809567 0.390683 0.0250273 0.672451 0.496744 0.921931 0.620017 0.0744722 0.188142 0.299418 0.103417 0.740856 0.0597279 0.0757101 0.0898741 0.856585 0.491686 0.64913 0.431709 0.580985 0.672148 0.627022 0.573457 0.0553552 0.549801 0.0813921 0.447153 0.174122 0.90585 0.275308 0.0797524 0.986807 0.665991 0.10478 0.659258 0.162734 0.0267103 0.279275 0.237207 0.214853 0.578693 0.340624 0.955708 0.638421 
36 22 39 18 35 50 34 
0.366861 0.553736 0.0624615 0.422216 0.103537 0.143854 0.869369 0.277659 0.049704 0.144677 0.357411 0.036511 0.810667 0.462191 0.695769 0.973402 0.488901 0.975044 0.210608 0.703754 0.553737 0.551232 0.659462 0.192158 0.967565 0.705044 0.687164 0.875585 0.399757 0.613879 0.36459 0.766618 0.167615 0.427051 0.188834 0.271152 0.570905 0.0582022 0.54881 0.620609 0.202879 0.906221 0.65712 0.0135463 0.368412 0.352889 0.986948 0.857313 0.327932 0.197556 0.561067 0.881669 0.748788 0.220529 0.0738277 0.716354 0.925574 0.760992 0.591939 0.325331 0.37487 0.956528 0.0919485 0.542485 0.383579 0.280782 0.813637 0.954484 0.338984 0.362447 0.575093 0.541863 0.268669 0.232213 0.55541 0.637081 0.585101 0.542358 0.494394 0.913034 0.739914 0.0554613 0.794703 0.488702 0.27599 0.868531 0.205055 0.201564 0.629523 0.796994 0.526895 0.00439304 0.753522 0.618843 0.546878 0.137101 0.899625 0.360515 0.0915855 0.23861 0.722962 0.666678 0.780473 0.991631 0.898891 0.335882 0.628712 0.483992 0.87824 0.123106 0.397026 0.618154 0.178567 0.191729 0.106856 0.454558 0.0602599 0.311911 0.656122 0.689783 0.108905 0.183016 0.694176 0.862427 0.801859 0.241054 0.999528 0.701485 
37 53 1 18 47 12 32 
0.316162 0.656683 0.0564496 0.944874 0.140676 0.93469 0.0679796 0.537702 0.552843 0.246547 0.729431 0.659699 0.701105 0.789691 0.97161 0.357226 0.479473 0.0805145 0.540242 0.173649 0.942941 0.342102 0.414703 0.94247 0.0435862 0.0162713 0.0335835 0.983681 0.340802 0.791376 0.704248 0.656964 0.448059 0.760697 0.601838 0.588735 0.695387 0.669817 0.126436 0.24823 0.916364 0.855867 0.907929 0.617469 0.645557 0.879539 0.974695 0.12503 0.960053 0.514937 0.298679 0.902995 0.857039 0.713382 0.845464 0.900625 0.729653 0.879048 0.884306 0.070455 0.670424 0.588553 0.727419 0.118483 0.349251 0.329257 0.707217 0.0446377 0.999074 0.833653 0.292868 0.915438 0.68952 0.200797 0.532906 0.335077 0.0803356 0.507601 0.460107 0.0403889 0.0225383 0.758786 0.943384 0.879577 0.472168 0.788848 0.780202 0.201821 0.667896 0.664508 0.272276 0.33832 0.253061 0.999695 0.456802 0.602312 0.328951 0.164019 0.646949 0.328025 0.997673 0.939817 0.243463 0.687192 0.140614 0.776369 0.0222695 0.22095 0.28397 0.482377 0.261339 0.306509 0.241163 0.204722 0.186086 0.713331 0.99357 0.966288 0.915152 0.661466 0.630795 0.187428 0.999786 0.883856 0.187122 0.456588 0.486168 0.516073 
38 49 36 23 16 55 50 
0.213548 0.86393 0.327742 0.434498 0.1479 0.810119 0.695837 0.454409 0.0512823 0.900559 0.640494 0.764613 0.894129 0.606782 0.679765 0.555596 0.237577 0.867193 0.555382 0.121434 0.054315 0.0119701 0.607601 0.570388 0.632578 0.740719 0.414487 0.250858 0.813653 0.502047 0.556331 0.0272015 0.365977 0.884073 0.4617 0.513877 0.694192 0.157536 0.968286 0.745475 0.0580954 0.60878 0.510088 0.952225 0.215562 0.189853 0.507821 0.453139 0.057046 0.0632023 0.574573 0.111361 0.0751724 0.182174 0.681749 0.70775 0.922893 0.096236 0.958609 0.736546 0.598283 0.514939 0.763747 0.964261 0.399013 0.225447 0.478138 0.093205 0.382984 0.446424 0.83868 0.441079 0.0552037 0.348768 0.393304 0.270766 0.538621 0.901124 0.723905 0.595667 0.964327 0.298478 0.707028 0.0394991 0.480652 0.388777 0.747249 0.403545 0.485013 0.705858 0.140091 0.0832968 0.220797 0.903838 0.0475574 0.61981 0.129285 0.525695 0.713015 0.512269 0.972119 0.551695 0.953348 0.0273226 0.900462 0.346652 0.298088 0.439083 0.247776 0.0219931 0.0347498 0.212102 0.320471 0.741778 0.251602 0.801123 0.130555 0.998851 0.204667 0.615568 0.704709 0.344758 0.698865 0.925506 0.248596 0.746423 0.545316 0.377881 
39 51 47 24 52 23 50 
0.271559 0.710488 0.190149 0.569648 0.149571 0.437925 0.591641 0.184321 0.650028 0.912112 0.926099 0.901629 0.713234 0.0566539 0.90048 0.917901 0.672222 0.605189 0.262659 0.371087 0.530695 0.511255 0.11751 0.0760117 0.889136 0.389628 0.334343 0.779286 0.633865 0.144369 0.622784 0.905424 0.854858 0.812933 0.475072 0.00442927 0.250858 0.0667128 0.18875 0.900885 0.978824 0.114849 0.802515 0.692058 0.171503 0.702995 0.60996 0.843726 0.308184 0.872619 0.214813 0.838879 0.383874 0.332323 0.91489 0.27301 0.721951 0.249234 0.0522961 0.355816 0.393603 0.67508 0.26124 0.248461 0.488013 0.736312 0.25289 0.738871 0.803025 0.441641 0.639756 0.781849 0.55649 0.442271 0.473907 0.727993 0.145265 0.083867 0.571719 0.453449 0.956486 0.786532 0.292328 0.34036 0.118855 0.207218 0.61337 0.840806 0.456452 0.665666 0.196622 0.850055 0.340746 0.457862 0.0985157 0.828758 0.194174 0.351406 0.567629 0.997198 0.793047 0.207385 0.779047 0.349537 0.649656 0.252954 0.0775301 0.794921 0.336821 0.649249 0.24837 0.293307 0.435781 0.540697 0.633667 0.554636 0.747915 0.247036 0.395443 0.204367 0.912702 0.592064 0.0544214 0.253447 0.0499261 0.152937 0.0822057 0.2441 
40 10 49 51 47 18 54 
0.646926 0.506875 0.273299 0.724456 0.301796 0.610121 0.373705 0.550166 0.903428 0.809486 0.0908628 0.537095 0.364123 0.838778 0.784131 0.759565 0.0431445 0.696833 0.35163 0.0975659 0.95028 0.401556 0.250503 0.0324858 0.645656 0.754846 0.68232 0.886953 0.0522352 0.53954 0.907298 0.699161 0.0464154 0.180598 0.423617 0.348212 0.790718 0.797323 0.898377 0.694146 0.606809 0.98924 0.231241 0.970932 0.828018 0.0153715 0.730497 0.871163 0.712204 0.0821272 0.968728 0.662484 0.483683 0.219231 0.69497 0.129339 0.974077 0.377291 0.0162919 0.0263121 0.916831 0.92359 0.725473 0.963246 0.104188 0.149091 0.311458 0.894906 0.946414 0.209835 0.589052 0.553223 0.199075 0.820293 0.524155 0.0270933 0.835664 0.254652 0.898256 0.547869 0.336779 0.866984 0.210353 0.820462 0.0862154 0.905323 0.949801 0.0602924 0.282614 0.966093 0.0866045 0.199445 0.889683 0.812078 0.162691 0.993871 0.961169 0.474148 0.888777 0.907582 0.683984 0.477829 0.460805 0.883059 0.298122 0.98496 0.910152 0.133787 0.239612 0.808408 0.681655 0.576391 0.675392 0.892008 0.396854 0.761607 0.797331 0.346655 0.8219 0.0799453 0.312748 0.908504 0.27939 0.202431 0.720582 0.442081 0.196302 0.681751 
41 50 37 54 24 30 21 
0.483271 0.86103 0.0350973 0.393423 0.994816 0.274709 0.201831 0.676472 0.8511 0.877223 0.56848 0.247954 0.638831 0.365811 0.594609 0.460731 0.445757 0.907357 0.369235 0.725146 0.109787 0.0898172 0.167227 0.306089 0.771568 0.0834559 0.391168 0.360901 0.683668 0.954076 0.411039 0.16694 0.815106 0.446136 0.560363 0.809922 0.720845 0.762194 0.486394 0.571945 0.639418 0.0548736 0.819899 0.278249 0.420685 0.414508 0.73898 0.866441 0.321865 0.108215 0.591588 0.431652 0.198032 0.758815 0.737741 0.9696 0.842271 0.128909 0.330501 0.525939 0.0829853 0.741539 0.692879 0.898091 0.187675 0.253242 0.708013 0.90852 0.0154365 0.194407 0.480465 0.654854 0.249281 0.300364 0.933103 0.669966 0.714873 0.672083 0.536407 0.0367372 0.780297 0.127995 0.468389 0.978329 0.88681 0.206131 0.947929 0.729081 0.33504 0.278429 0.25502 0.418026 0.0199685 0.947899 0.316117 0.207643 0.201141 0.0241299 0.116163 0.216577 0.218537 0.596629 0.871432 0.467818 0.896993 0.804535 0.137783 0.611866 0.476618 0.67419 0.648603 0.256915 0.802185 0.116992 0.235244 0.688995 0.323123 0.183173 0.418075 0.658163 0.461603 0.673095 0.0761885 0.481571 0.620994 0.392305 0.689215 0.822134 
42 54 24 26 4 0 43 
0.102789 0.298999 0.714678 0.240572 0.910865 0.191296 0.914763 0.559468 0.448211 0.716948 0.67646 0.683456 0.405942 0.999582 0.866629 0.824018 0.657745 0.328231 0.497113 0.733934 0.809802 0.118107 0.126239 0.499017 0.940241 0.542674 0.304395 0.978953 0.177646 0.706401 0.889096 0.280435 0.00540055 0.603775 0.521008 0.916265 0.795071 0.43577 0.475733 0.243282 0.152718 0.152193 0.926738 0.55866 0.151775 0.793366 0.382678 0.809521 0.121598 0.879791 0.543455 0.9314 0.997897 0.669694 0.430417 0.938139 0.212367 0.734812 0.917092 0.390013 0.441213 0.806188 0.670448 0.446614 0.409963 0.191456 0.362879 0.205033 0.627226 0.838612 0.448316 0.779944 0.990805 0.375053 0.338604 0.14258 0.16842 0.721281 0.952101 0.290017 0.601072 0.495556 0.221418 0.598969 0.165249 0.651835 0.537108 0.377617 0.386647 0.4542 0.76763 0.82786 0.260387 0.438078 0.274474 0.67035 0.629534 0.637353 0.875383 0.25676 0.475965 0.323699 0.0367041 0.466771 0.698752 0.375308 0.609351 0.867172 0.0965891 0.561452 0.157189 0.697661 0.0570074 0.378607 0.296631 0.222256 0.0304415 0.833739 0.599873 0.417088 0.287938 0.367503 0.244948 0.548326 0.805581 0.519422 0.218676 0.435116 
43 19 49 54 38 34 13 
0.0995116 0.11651 0.103888 0.708862 0.983682 0.200477 0.270314 0.140871 0.898138 0.327322 0.519478 0.194769 0.549578 0.549919 0.0285073 0.149451 0.967008 0.316445 0.516954 0.211956 0.864771 0.322535 0.731378 0.0834466 0.757651 0.888154 0.177506 0.449527 0.520895 0.595264 0.178107 0.620406 0.711774 0.281994 0.329269 0.695456 0.482471 0.599583 0.836327 0.380609 0.926905 0.355805 0.575378 0.476483 0.905724 0.603885 0.625934 0.872732 0.920331 0.142888 0.0846875 0.785102 0.465424 0.816066 0.868548 0.223075 0.70422 0.046054 0.672601 0.225114 0.641318 0.850708 0.845521 0.353092 0.132703 0.17479 0.048548 0.615174 0.774373 0.884875 0.995783 0.701278 0.24068 0.571162 0.177761 0.146404 0.175047 0.803695 0.0191353 0.0953776 0.946583 0.103823 0.880479 0.412007 0.919889 0.749028 0.635081 0.624108 0.795082 0.307683 0.849223 0.436399 0.158391 0.694744 0.789491 0.291094 0.869533 0.838039 0.906268 0.643906 0.722914 0.902051 0.345184 0.963594 0.473213 0.522944 0.109998 0.648259 0.326639 0.129134 0.743637 0.273222 0.232956 0.624116 0.685229 0.152845 0.373144 0.32031 0.776953 0.168226 0.627993 0.626176 0.604625 0.786384 0.32092 0.394116 0.0774771 0.190453 
44 7 2 12 25 23 27 
0.359008 0.702488 0.0286627 0.00726772 0.0291268 0.157796 0.750905 0.302349 0.390753 0.375021 0.987578 0.543598 0.748165 0.307888 0.320551 0.916391 0.935881 0.946727 0.521016 0.722264 0.267647 0.915132 0.799741 0.4581 0.147288 0.783486 0.292459 0.102358 0.669282 0.472002 0.0210227 0.02829 0.17449 0.0496854 0.0355578 0.203617 0.207482 0.786463 0.505966 0.598234 0.161484 0.493544 0.141832 0.909649 0.801431 0.462383 0.826039 0.737312 0.40911 0.347055 0.459576 0.676756 0.262187 0.259318 0.134856 0.409475 0.0428036 0.427315 0.511833 0.712085 0.899317 0.532856 0.740375 0.0738068 0.582541 0.775933 0.277424 0.790023 0.562396 0.783389 0.388257 0.723879 0.276933 0.530089 0.633528 0.0783643 0.992472 0.459567 0.815676 0.401581 0.806623 0.275252 0.0783374 0.0688097 0.53457 0.213193 0.478285 0.577374 0.640508 0.990118 0.289459 0.539825 0.522974 0.0298344 0.613631 0.105515 0.805768 0.891055 0.895538 0.368163 0.674444 0.283795 0.0920425 0.951377 0.813884 0.725571 0.0297417 0.806356 0.185138 0.845418 0.207937 0.991761 0.12067 0.286275 0.0605702 0.65524 0.499468 0.538855 0.232614 0.139975 0.528973 0.522073 0.6798 0.0519463 0.551907 0.293431 0.157461 0.357675 
45 35 44 39 10 51 9 
0.810308 0.150678 0.543451 0.84005 0.957034 0.728589 0.685468 0.164971 0.72035 0.806138 0.451246 0.78092 0.461379 0.950713 0.319775 0.693993 0.0906886 0.848748 0.216066 0.770488 0.900694 0.767973 0.0639197 0.0581551 0.125648 0.248406 0.111154 0.851486 0.107337 0.447948 0.669367 0.917645 0.598626 0.212818 0.757695 0.555659 0.941408 0.443162 0.72063 0.661758 0.2493 0.171876 0.442678 0.710679 0.122589 0.762453 0.404671 0.213278 0.611201 0.620737 0.983766 0.511895 0.38871 0.0476858 0.57005 0.514358 0.296092 0.681204 0.365844 0.403429 0.129152 0.0352112 0.321073 0.727777 0.248029 0.0787679 0.283437 0.189437 0.52193 0.00406704 0.851195 0.77123 0.175943 0.293873 0.481909 0.298532 0.0563259 0.886581 0.51181 0.667527 0.507318 0.495576 0.179422 0.896028 0.543262 0.749472 0.410386 0.839353 0.430676 0.77623 0.242782 0.559828 0.811441 0.563855 0.287605 0.0594705 0.642623 0.571042 0.248908 0.164553 0.575109 0.100103 0.935784 0.751052 0.393975 0.417693 0.0495838 0.450301 0.304274 0.561393 0.117828 0.811591 0.0569693 0.29725 0.707619 0.600231 0.0467218 0.118005 0.439584 0.477398 0.894234 0.682366 0.0372254 0.705675 0.246222 0.324831 0.765146 0.888845 
46 6 4 3 54 36 1 
0.222033 0.508132 0.406876 0.271617 0.958433 0.711149 0.83301 0.0762612 0.522741 0.88998 0.373511 0.230359 0.490211 0.420233 0.348364 0.929795 0.897631 0.242598 0.612162 0.934856 0.948274 0.858383 0.259687 0.71342 0.747229 0.155559 0.727473 0.800627 0.62654 0.841629 0.78981 0.848573 0.349761 0.196685 0.12019 0.308194 0.907834 0.953201 0.384455 0.430575 0.843181 0.757966 0.660934 0.333391 0.178199 0.00929854 0.263186 0.0758298 0.251897 0.875348 0.0106859 0.200171 0.733731 0.270372 0.913591 0.48096 0.425931 0.641064 0.281587 0.0524716 0.482694 0.0713967 0.901045 0.832455 0.268082 0.0212353 0.140649 0.175916 0.974436 0.525104 0.606491 0.817617 0.28307 0.267426 0.151008 0.461269 0.276724 0.414194 0.537099 0.528621 0.289542 0.547785 0.728792 0.023273 0.818157 0.642383 0.504233 0.244089 0.283447 0.78582 0.29656 0.766141 0.857216 0.197605 0.598595 0.125298 0.218841 0.739244 0.301215 0.193277 0.264348 0.907706 0.0108934 0.547418 0.175132 0.161901 0.00868715 0.451856 0.576095 0.545786 0.980478 0.865637 0.0935714 0.70927 0.88891 0.911729 0.351653 0.393143 0.155818 0.6351 0.178963 0.452378 0.401241 0.036179 0.649983 0.999836 0.161477 0.868824 
47 35 53 20 16 44 28 
0.550845 0.54553 0.234895 0.559533 0.997387 0.810991 0.105319 0.977865 0.676628 0.19889 0.687135 0.565538 0.110619 0.038788 0.958681 0.266437 0.673888 0.137643 0.718815 0.0751292 0.173822 0.368798 0.0749653 0.335299 0.237622 0.814045 0.797992 0.299722 0.817473 0.16839 0.372717 0.368318 0.71392 0.607612 0.927851 0.711307 0.418603 0.0331696 0.689171 0.0952306 0.23206 0.376306 0.660769 0.342679 0.415094 0.619449 0.609116 0.0889822 0.757093 0.32793 0.164111 0.930915 0.696728 0.239077 0.266214 0.93435 0.0531219 0.0642057 0.234072 0.870595 0.232595 0.606789 0.238913 0.946515 0.214401 0.166764 0.657822 0.633003 0.199933 0.346993 0.728234 0.431993 0.723299 0.389003 0.774672 0.138393 0.00845193 0.383787 0.227375 0.765544 0.711718 0.391486 0.696459 0.408445 0.630563 0.962673 0.342795 0.683685 0.0268791 0.576867 0.55428 0.259474 0.183656 0.793192 0.20599 0.398056 0.959956 0.863812 0.03106 0.159889 0.210805 0.759294 0.591882 0.934103 0.148297 0.366554 0.0724961 0.156749 0.750341 0.299871 0.922293 0.462059 0.691357 0.618752 0.870504 0.32192 0.581426 0.2133 0.00560525 0.608305 0.790167 0.559885 0.867779 0.973822 0.353077 0.0737689 0.371879 0.313033 
48 50 44 35 51 36 29 
0.31053 0.431358 0.154984 0.467278 0.1817 0.454855 0.389571 0.643759 0.146213 0.00832368 0.514263 0.468133 0.589749 0.727563 0.473738 0.198054 0.51773 0.0336231 0.065833 0.491552 0.3867 0.139602 0.863431 0.699733 0.0771823 0.26637 0.172656 0.225567 0.428603 0.23746 0.308056 0.739132 0.668818 0.46304 0.206411 0.850518 0.917895 0.595982 0.494277 0.0641081 0.604306 0.00854016 0.532241 0.194055 0.736103 0.00597951 0.392109 0.253833 0.0396026 0.457942 0.745385 0.426303 0.597544 0.608816 0.126036 0.674726 0.875185 0.298692 0.900293 0.303788 0.536152 0.208349 0.0429205 0.20497 0.671389 0.249331 0.0554877 0.589284 0.845314 0.549764 0.653392 0.449619 0.558305 0.185634 0.643675 0.294408 0.191613 0.0357837 0.54824 0.231216 0.493726 0.293625 0.657519 0.0912695 0.90244 0.783555 0.765996 0.777626 0.0822466 0.666289 0.0814138 0.618398 0.874638 0.124334 0.823368 0.546027 0.373666 0.878856 0.135311 0.218979 0.42862 0.788704 0.668599 0.986925 0.974337 0.312273 0.281332 0.16595 0.348057 0.829573 0.397166 0.841782 0.123197 0.0546844 0.933052 0.0256379 0.838239 0.699048 0.803264 0.920486 0.365336 0.884677 0.538884 0.239974 0.00901157 0.362252 0.786001 0.382677 
49 39 5 28 47 30 46 
0.656652 0.684353 0.582528 0.937985 0.850303 0.930585 0.767557 0.247469 0.772367 0.890755 0.302154 0.705419 0.916393 0.140393 0.404467 0.719656 0.0608788 0.769803 0.604333 0.599763 0.00977767 0.613345 0.962015 0.795779 0.996022 0.203123 0.717092 0.597678 0.87285 0.427108 0.867933 0.529503 0.111461 0.450461 0.467487 0.961764 0.381046 0.235045 0.209234 0.153413 0.125799 0.511387 0.858832 0.0421919 0.65178 0.263299 0.761848 0.712659 0.0331025 0.366182 0.312422 0.0428802 0.979527 0.274437 0.838659 0.975549 0.47756 0.555751 0.573227 0.35041 0.982858 0.44116 0.879913 0.0943193 0.891621 0.3474 0.0560837 0.272667 0.582444 0.265317 0.42608 0.708244 0.776704 0.284913 0.750436 0.428485 0.548212 0.512284 0.141144 0.581315 0.878465 0.453566 0.624195 0.857992 0.728002 0.462854 0.833541 0.205562 0.0186047 0.406768 0.555972 0.00146308 0.847928 0.435884 0.0957824 0.739549 0.783284 0.151866 0.0122166 0.365729 0.417183 0.438297 0.0739725 0.193888 0.72321 0.824408 0.622372 0.271422 0.336692 0.763516 0.852737 0.215157 0.217081 0.476932 0.0731494 0.945084 0.939786 0.90669 0.150646 0.95839 0.313458 0.706618 0.959853 0.161386 0.142502 0.0556357 0.900935 0.925787 
50 54 13 8 24 20 3 
0.818573 0.074659 0.189896 0.440945 0.346081 0.526588 0.204461 0.198818 0.741746 0.421543 0.67575 0.814895 0.366627 0.615535 0.721585 0.517273 0.573925 0.0350431 0.22389 0.533779 0.196429 0.366393 0.589414 0.0973644 0.292179 0.796916 0.0105164 0.583694 0.421601 0.361965 0.949182 0.240174 0.436624 0.139078 0.68112 0.782706 0.665667 0.885581 0.981524 0.407412 0.307124 0.657273 0.222307 0.67375 0.272808 0.943892 0.191023 0.846734 0.978935 0.414913 0.380512 0.175364 0.781306 0.969927 0.272729 0.0734848 0.766843 0.283245 0.657179 0.188444 0.645211 0.606362 0.428619 0.0818352 0.74544 0.109738 0.864541 0.411107 0.995319 0.846064 0.818519 0.302443 0.503337 0.0408259 0.976193 0.776146 0.984718 0.167216 0.622879 0.963654 0.582129 0.00339137 0.139018 0.363434 0.973318 0.411747 0.436919 0.740161 0.694992 0.0940984 0.928605 0.340203 0.70046 0.357224 0.422038 0.4459 0.466962 0.286579 0.857006 0.462281 0.132643 0.675525 0.764724 0.63598 0.716351 0.740917 0.412126 0.701069 0.908133 0.0350052 0.664723 0.490261 0.0383966 0.803741 0.853696 0.0117146 0.215487 0.290615 0.751876 0.910479 0.384713 0.680481 0.250682 0.085173 0.0377049 0.67272 0.531073 0.504667 
51 6 38 26 28 49 15 
0.727922 0.779956 0.47259 0.140048 0.481025 0.380723 0.175054 0.145748 0.870984 0.21345 0.949488 0.72468 0.225165 0.164976 0.0152942 0.97704 0.0754552 0.400007 0.657521 0.326137 0.48518 0.695226 0.998858 0.0162533 0.199893 0.958156 0.404333 0.166842 0.0500984 0.467938 0.898515 0.778021 0.247893 0.371105 0.918069 0.728918 0.751828 0.093123 0.874666 0.622811 0.306573 0.824154 0.347491 0.531738 0.98913 0.362785 0.508778 0.064585 0.762793 0.1663 0.390722 0.247973 0.861526 0.38958 0.264226 0.0614194 0.347736 0.668559 0.228261 0.397835 0.136497 0.126776 0.175856 0.38439 0.497881 0.0939251 0.113308 0.249709 0.187048 0.987974 0.87252 0.493621 0.812128 0.220011 0.0253595 0.801258 0.582797 0.534138 0.865843 0.345589 0.700438 0.256565 0.593562 0.561964 0.646145 0.857788 0.623383 0.993881 0.526347 0.851644 0.391716 0.662844 0.978421 0.567572 0.0472336 0.476302 0.661497 0.160542 0.726011 0.848545 0.148516 0.598531 0.342167 0.960644 0.818542 0.367526 0.761902 0.401339 0.901664 0.627744 0.746928 0.602102 0.88431 0.34049 0.164065 0.530455 0.198278 0.787448 0.524336 0.724625 0.639093 0.916052 0.387469 0.617514 0.483624 0.434702 0.0938157 0.145121 
52 13 34 8 29 4 27 
0.704404 0.2369 0.703359 0.466305 0.638239 0.605023 0.0940494 0.385167 0.207125 0.978359 0.725656 0.371191 0.508813 0.923934 0.158639 0.0331495 0.648559 0.797732 0.949202 0.0360282 0.415246 0.432826 0.470731 0.509061 0.577948 0.0659749 0.328888 0.571614 0.809735 0.747246 0.907447 0.514138 0.984145 0.610807 0.980443 0.622384 0.21583 0.0744928 0.00755064 0.422955 0.0528517 0.733207 0.794146 0.561665 0.657141 0.952785 0.594815 0.305701 0.750517 0.544017 0.341729 0.165763 0.976843 0.81246 0.674824 0.55479 0.878435 0.00371203 0.126404 0.688169 0.750958 0.0338519 0.202308 0.735103 0.644659 0.182751 0.357487 0.860489 0.257244 0.365038 0.283444 0.310095 0.0982446 0.07759 0.871761 0.755386 0.030375 0.466575 0.0610866 0.780892 0.0105917 0.402815 0.946655 0.987434 0.215275 0.621479 0.542225 0.0937096 0.625191 0.668629 0.781879 0.376148 0.702481 0.984186 0.111251 0.347139 0.166937 0.468738 0.207628 0.424181 0.833776 0.491072 0.734276 0.93202 0.568662 0.606037 0.687406 0.599037 0.0726121 0.748493 0.379929 0.0832038 0.151308 0.326584 0.0706382 0.366583 0.948063 0.612863 0.460293 0.573253 0.281492 0.242172 0.949402 0.983973 0.226358 0.0606528 0.331112 0.393296 
53 48 52 20 13 25 29 
0.295187 0.598475 0.15779 0.982593 0.197513 0.230402 0.731086 0.577442 0.313605 0.882394 0.904026 0.384244 0.248978 0.852089 0.997106 0.709271 0.425342 0.278598 0.951443 0.374744 0.262571 0.177801 0.435397 0.593683 0.571096 0.964788 0.132423 0.388573 0.327954 0.162236 0.940326 0.623141 0.760711 0.0981152 0.605734 0.958224 0.328517 0.33682 0.535666 0.642122 0.219215 0.439693 0.026366 0.468192 0.291781 0.0234724 0.177463 0.717124 0.302071 0.128906 0.0918676 0.564641 0.306707 0.527264 0.158324 0.877803 0.492052 0.290747 0.266376 0.820006 0.452984 0.206702 0.443147 0.213695 0.304817 0.0488812 0.171919 0.633334 0.385701 0.707585 0.275456 0.604916 0.147278 0.301822 0.0731086 0.439059 0.325295 0.250572 0.156183 0.627365 0.379478 0.248051 0.192007 0.686184 0.775315 0.350331 0.563987 0.267367 0.641078 0.830363 0.0873725 0.0940617 0.0370647 0.530519 0.307757 0.341882 0.579401 0.479676 0.975215 0.965102 0.187261 0.250671 0.570018 0.334539 0.552493 0.643127 0.773598 0.877788 0.893698 0.929782 0.505153 0.273176 0.177832 0.69716 0.95936 0.953147 0.0474903 0.523348 0.220514 0.688568 0.353711 0.307886 0.78263 0.390775 0.838406 0.0903867 0.732657 0.417807 
54 46 9 44 24 12 36 
0.596053 0.865461 0.388825 0.489752 0.795243 0.893978 0.762928 0.973075 0.591138 0.722288 0.926222 0.638628 0.245636 0.146736 0.327197 0.599346 0.454622 0.109827 0.990122 0.293028 0.200213 0.722779 0.710835 0.770276 0.430651 0.0937434 0.527599 0.389194 0.0466701 0.619462 0.900231 0.642724 0.484922 0.289056 0.132475 0.280165 0.183034 0.895403 0.25324 0.774172 0.617692 0.179462 0.4128 0.863327 0.326198 0.739997 0.462674 0.78082 0.849823 0.452796 0.0738485 0.0500368 0.175574 0.784683 0.820312 0.606225 0.878427 0.347912 0.99542 0.925097 0.967373 0.895651 0.56782 0.452296 0.184708 0.700296 0.732461 0.367742 0.595699 0.9857 0.141914 0.213391 0.165162 0.554714 0.0767182 0.49136 0.294711 0.539392 0.27218 0.144534 0.992188 0.346029 0.194571 0.167762 0.130712 0.0148837 0.773987 0.00913855 0.362795 0.769407 0.934235 0.330168 0.665058 0.502056 0.782464 0.849766 0.202352 0.514925 0.217508 0.798051 0.500625 0.359422 0.0114418 0.665787 0.914136 0.0881601 0.157147 0.208847 0.627552 0.429327 0.353381 0.61974 0.775356 0.547953 0.787502 0.906068 0.562836 0.561489 0.915206 0.925632 0.330896 0.849441 0.2558 0.995954 0.351497 0.0382641 0.84572 0.553849 
55 53 7 6 20 18 42 
0.719601 0.336785 0.451502 0.876748 0.545632 0.0790536 0.306075 0.899014 0.698793 0.0814308 0.446966 0.486295 0.987498 0.00980282 0.0477837 0.902704 0.935434 0.37868 0.752146 0.191234 0.374634 0.103643 0.229499 0.220354 0.657492 0.782687 0.283582 0.00939171 0.836501 0.706231 0.372733 0.556102 0.0430168 0.824235 0.43285 0.588649 0.903288 0.738925 0.487663 0.602082 0.820355 0.93463 0.0883766 0.807854 0.944432 0.13616 0.710558 0.879867 0.51484 0.462704 0.0711014 0.889474 0.566347 0.3006 0.109828 0.223839 0.0832872 0.39341 0.233231 0.919788 0.0996412 0.605964 0.47589 0.142658 0.430199 0.90874 0.731307 0.333488 0.647664 0.21897 0.935569 0.46802 0.1536 0.0239459 0.275874 0.0980324 0.160106 0.986432 0.977899 0.674946 0.449136 0.0490007 0.56442 0.0154833 0.349601 0.674248 0.239323 0.432888 0.0676584 0.472554 0.352676 0.1673 0.078518 0.828566 0.309958 0.508717 0.737305 0.0412648 0.842205 0.38497 0.260235 0.777774 0.852989 0.413835 0.80172 0.128863 0.511868 0.961826 0.115295 0.489767 0.636772 0.564431 0.538768 0.201193 0.579914 0.888368 0.875441 0.819237 0.321256 0.9431 0.29179 0.673932 0.110399 0.370308 0.502498 0.420357 0.879025 0.239804 
