19 7
0 0 1 0 0 0 1 0 0 1 1 1 1 0 1 1 0 1 1 
0 8 11 5 3 16 10 
0.249838 0.856766 0.737337 0.275552 0.119554 0.0717984 0.588771 0.136303 0.606098 0.880522 0.209802 0.860385 0.0548093 0.315919 0.938975 0.934471 0.335083 0.804797 0.584581 0.541073 0.601962 0.643451 0.584898 0.212835 0.815879 0.980295 0.124121 0.966789 0.524077 0.564083 0.0320461 0.773915 0.420848 0.769383 0.0494674 0.540402 0.841182 0.638238 0.676705 0.44728 0.51876 0.886507 0.307665 0.57357 0.202426 0.24664 0.508041 0.537508 0.0514366 0.0926216 0.0785819 0.653399 0.736072 0.66348 0.866234 0.551951 0.643776 0.990355 0.51874 0.167853 0.554438 0.550786 0.941768 0.975287 0.320169 0.991235 0.515689 0.161351 0.629473 0.192394 0.608631 0.148233 0.0789008 0.916296 0.721803 0.281327 0.162936 0.229844 0.818835 0.214372 0.322465 0.897417 0.867771 0.0585374 0.560897 0.734005 0.610488 0.204673 0.72436 0.129228 0.372525 0.278798 0.680014 0.314293 0.254085 0.00018336 0.305528 0.769774 0.161534 0.935002 0.962167 0.770165 0.0832352 0.0410683 0.686461 0.805038 0.322395 0.849396 0.0348817 0.14123 0.0637686 0.357347 0.0386468 0.931539 0.415884 0.599544 0.665544 0.0263725 0.804216 0.389905 0.155601 0.176742 0.668703 0.835615 0.491035 0.922788 0.835798 0.796563 
1 11 13 17 14 15 0 
0.619838 0.0181922 0.303355 0.65472 0.159422 0.367123 0.0120667 0.198069 0.298663 0.427951 0.797613 0.964207 0.454323 0.601829 0.354112 0.609924 0.778571 0.0228146 0.445539 0.269606 0.945603 0.281337 0.066169 0.638164 0.27867 0.797734 0.292893 0.0461673 0.612534 0.988691 0.500125 0.232372 0.0068828 0.80348 0.887092 0.166305 0.170603 0.899159 0.364374 0.469266 0.32711 0.161986 0.433473 0.781433 0.763815 0.787585 0.391357 0.542386 0.810399 0.836897 0.811992 0.756002 0.118234 0.878161 0.394166 0.396904 0.675895 0.687059 0.443071 0.288429 0.67575 0.943196 0.520801 0.682633 0.746676 0.407894 0.848938 0.91728 0.307053 0.213311 0.386546 0.634163 0.375298 0.820018 0.415596 0.139113 0.607603 0.806953 0.681499 0.418002 0.64385 0.493491 0.174004 0.762084 0.371653 0.56817 0.158987 0.0475476 0.255229 0.602058 0.335977 0.930979 0.545255 0.856778 0.613612 0.291931 0.264672 0.462549 0.209211 0.571725 0.675861 0.595757 0.205887 0.051158 0.415775 0.621483 0.190271 0.0233783 0.428436 0.87177 0.44138 0.0722859 0.365262 0.615384 0.83437 0.736914 0.183554 0.993357 0.784462 0.438783 0.595415 0.120439 0.369762 0.14067 0.977217 0.983374 0.432602 0.241889 
2 13 18 1 7 4 16 
0.640983 0.363213 0.676723 0.0694193 0.234983 0.118104 0.141705 0.600245 0.733488 0.976075 0.33716 0.917042 0.969432 0.121621 0.355825 0.564847 0.24206 0.725588 0.705518 0.219277 0.708962 0.138119 0.461166 0.154885 0.779932 0.274779 0.276669 0.0175021 0.294279 0.449611 0.670847 0.935263 0.812824 0.34757 0.00468185 0.0478078 0.465674 0.146387 0.648053 0.199162 0.122462 0.985213 0.116204 0.0918933 0.106834 0.47203 0.65674 0.348894 0.197618 0.362258 0.568171 0.90658 0.500377 0.0293369 0.0614651 0.28031 0.304116 0.338135 0.297812 0.598395 0.787746 0.968659 0.533658 0.60057 0.316229 0.53834 0.648378 0.781904 0.684727 0.296431 0.981066 0.807188 0.281644 0.09727 0.899082 0.388478 0.5693 0.555822 0.737372 0.766917 0.91808 0.305543 0.673497 0.418457 0.33488 0.734962 0.698767 0.638996 0.0730966 0.996579 0.237391 0.860843 0.965238 0.771049 0.461413 0.281467 0.309389 0.109791 0.0633708 0.994115 0.406222 0.0444365 0.801304 0.687866 0.141707 0.700385 0.0763435 0.711006 0.256208 0.813715 0.477924 0.174288 0.119258 0.151421 0.592745 0.454138 0.886383 0.291512 0.0931334 0.959479 0.288091 0.330524 0.820322 0.253328 0.101573 0.281735 0.534795 0.410962 
3 17 1 8 12 14 7 
0.784309 0.906767 0.561958 0.495316 0.162974 0.375673 0.973239 0.337262 0.494931 0.12466 0.930007 0.949069 0.0110428 0.221518 0.0422022 0.970522 0.509609 0.372727 0.790844 0.762937 0.4743 0.0725793 0.297732 0.885262 0.464105 0.895898 0.290339 0.261854 0.538501 0.49672 0.747468 0.32281 0.403487 0.309425 0.818126 0.566461 0.685098 0.791365 0.903723 0.180029 0.916025 0.83373 0.129098 0.927068 0.055248 0.1713 0.89759 0.564857 0.544027 0.688434 0.327794 0.018327 0.761014 0.625526 0.903589 0.225119 0.521425 0.193928 0.486973 0.0599259 0.690649 0.234441 0.382736 0.0941358 0.543866 0.200862 0.660597 0.228964 0.992227 0.56432 0.408994 0.908252 0.39805 0.538092 0.83532 0.453298 0.709392 0.73291 0.0181547 0.253419 0.421344 0.345949 0.271746 0.182358 0.971475 0.175335 0.407477 0.4929 0.369263 0.89445 0.552826 0.0599122 0.128891 0.935562 0.154048 0.672757 0.136424 0.814645 0.901721 0.128651 0.378965 0.310715 0.0369029 0.777015 0.848807 0.872223 0.230313 0.558199 0.605133 0.248468 0.811618 0.0264772 0.594416 0.0833647 0.208835 0.565891 0.2587 0.616313 0.0587913 0.627963 0.510763 0.611617 0.687876 0.639653 0.547179 0.841924 0.31241 0.683603 
4 18 6 1 12 14 17 
0.373653 0.72138 0.0428618 0.931852 0.326513 0.291329 0.74347 0.35299 0.885746 0.826835 0.561825 0.451637 0.0855345 0.178138 0.510428 0.713498 0.688901 0.122045 0.401374 0.328554 0.669225 0.243297 0.640964 0.352828 0.899866 0.855095 0.165082 0.9354 0.379941 0.014239 0.747949 0.753593 0.735619 0.79081 0.685445 0.0621314 0.0821399 0.428915 0.415121 0.967886 0.255749 0.976946 0.419523 0.341284 0.155084 0.929951 0.0547817 0.843985 0.0519964 0.456155 0.172538 0.721221 0.699452 0.813502 0.0740488 0.599318 0.668597 0.239131 0.534718 0.0485375 0.25337 0.282666 0.802131 0.988988 0.0734767 0.487575 0.0511199 0.155617 0.91649 0.466241 0.123502 0.172239 0.443187 0.543025 0.513523 0.598272 0.472976 0.568305 0.442256 0.524972 0.0244598 0.614795 0.246193 0.723912 0.428297 0.320242 0.32323 0.0968938 0.559372 0.857948 0.145431 0.812742 0.140614 0.947562 0.801731 0.214091 0.435137 0.852851 0.369707 0.351627 0.319092 0.49321 0.523866 0.762279 0.0362343 0.0373888 0.360551 0.50921 0.605693 0.802807 0.0341821 0.630153 0.417602 0.280375 0.354065 0.845899 0.600617 0.677295 0.942792 0.159989 0.535243 0.0882237 0.972732 0.675857 0.0357856 0.774462 0.889948 0.470923 
5 13 3 12 16 1 0 
0.789099 0.383804 0.0692342 0.298309 0.989498 0.872041 0.332492 0.619651 0.289643 0.612867 0.973716 0.135542 0.213484 0.651011 0.0783341 0.373473 0.186254 0.166558 0.346205 0.862112 0.202343 0.120667 0.75206 0.673266 0.74798 0.0117151 0.495816 0.694384 0.76458 0.842231 0.403068 0.55368 0.226036 0.472302 0.851989 0.215533 0.344343 0.184481 0.835184 0.633986 0.797348 0.8089 0.769528 0.0108312 0.459911 0.847862 0.384304 0.646165 0.0144195 0.730509 0.508277 0.216763 0.851176 0.260336 0.890029 0.599156 0.272052 0.385845 0.29354 0.0366318 0.228076 0.696607 0.590311 0.454111 0.168909 0.442301 0.669645 0.513252 0.626781 0.504829 0.147238 0.424129 0.313728 0.916766 0.43496 0.773639 0.764627 0.819265 0.419805 0.779047 0.549774 0.928082 0.99581 0.40095 0.188418 0.885839 0.00010542 0.46047 0.271683 0.293645 0.497101 0.499759 0.990252 0.0874129 0.953871 0.159162 0.529714 0.623515 0.672414 0.156495 0.128344 0.819652 0.580624 0.442072 0.736417 0.0155841 0.215712 0.501045 0.834849 0.635516 0.280092 0.384622 0.563598 0.275901 0.785572 0.752016 0.16174 0.785678 0.212486 0.433424 0.0793227 0.709587 0.933183 0.0695752 0.797 0.887054 0.228737 0.326714 
6 15 1 11 9 0 13 
0.45722 0.0794168 0.296697 0.958264 0.914266 0.932213 0.238356 0.298888 0.495812 0.514257 0.08446 0.247828 0.675998 0.870138 0.460313 0.109421 0.94946 0.169901 0.0426044 0.0190355 0.966901 0.929658 0.247772 0.293614 0.440227 0.148923 0.776823 0.0791403 0.869725 0.840656 0.160126 0.326944 0.920072 0.456823 0.285208 0.834338 0.389036 0.523564 0.133226 0.884848 0.0378217 0.217686 0.132675 0.713819 0.0878236 0.592989 0.823241 0.0372839 0.762889 0.865845 0.0563193 0.72979 0.795503 0.304092 0.0234042 0.23573 0.453014 0.800227 0.314871 0.322739 0.640883 0.474996 0.649683 0.560955 0.931819 0.934891 0.395293 0.320855 0.458456 0.528519 0.205703 0.496278 0.746205 0.338378 0.210097 0.834029 0.931367 0.0333375 0.871313 0.694256 0.899183 0.927632 0.424046 0.694686 0.231723 0.44745 0.930416 0.684738 0.247677 0.245287 0.00747644 0.88856 0.720283 0.657159 0.449516 0.652102 0.592051 0.844809 0.972958 0.0505067 0.373328 0.17866 0.546784 0.119533 0.517039 0.756881 0.953562 0.448406 0.790219 0.824875 0.142662 0.689401 0.752506 0.566708 0.384087 0.98423 0.0141581 0.314503 0.668968 0.261836 0.55979 0.676444 0.150396 0.280073 0.333603 0.599911 0.932176 0.925654 
7 3 11 17 0 13 9 
0.937581 0.600832 0.279826 0.891143 0.0492379 0.0700451 0.716018 0.1919 0.759446 0.468524 0.758608 0.143533 0.452754 0.772766 0.458036 0.121722 0.0346013 0.0178265 0.798166 0.184997 0.2979 0.131769 0.784909 0.230076 0.0574234 0.229629 0.135209 0.0335844 0.0476769 0.219003 0.55653 0.985258 0.819835 0.836356 0.876402 0.869073 0.906401 0.59242 0.0609724 0.665847 0.0609438 0.81958 0.809381 0.513698 0.592346 0.267417 0.63542 0.626947 0.285244 0.433585 0.811944 0.583144 0.565354 0.596853 0.813219 0.622778 0.826481 0.948428 0.656362 0.874158 0.167431 0.212892 0.859417 0.987266 0.0492479 0.735818 0.856338 0.955649 0.328238 0.917311 0.621496 0.389182 0.736891 0.430877 0.90288 0.329237 0.698294 0.538299 0.956184 0.983538 0.971885 0.768128 0.566682 0.537239 0.36498 0.379901 0.160017 0.191462 0.32833 0.816379 0.06562 0.49576 0.0292706 0.925037 0.483026 0.0785185 0.660855 0.339365 0.0341675 0.989093 0.256675 0.655664 0.378274 0.993566 0.0865413 0.281154 0.322803 0.784836 0.819453 0.278986 0.768374 0.791338 0.0471141 0.335056 0.328577 0.412095 0.714957 0.488593 0.603556 0.0432869 0.304972 0.669176 0.539047 0.334243 0.594213 0.0220736 0.412761 0.255068 
8 11 6 0 5 3 14 
0.903589 0.934483 0.97397 0.723043 0.213469 0.742344 0.51438 0.260583 0.0773996 0.842957 0.672678 0.792357 0.33155 0.276234 0.835644 0.636523 0.94541 0.374691 0.970765 0.539623 0.396765 0.383527 0.794691 0.758203 0.830456 0.0388523 0.376317 0.933048 0.661288 0.987997 0.122182 0.564877 0.922479 0.096152 0.28792 0.135949 0.838496 0.8023 0.396532 0.915895 0.645257 0.0692099 0.708252 0.976808 0.345444 0.543896 0.61333 0.290855 0.918587 0.584096 0.830478 0.315352 0.967623 0.625169 0.0735552 0.798078 0.664022 0.449872 0.731126 0.325309 0.437869 0.853309 0.890186 0.360348 0.949461 0.178106 0.496297 0.787956 0.980406 0.892829 0.703852 0.625663 0.962039 0.412104 0.602471 0.307483 0.956 0.215801 0.598337 0.874588 0.799897 0.428815 0.18994 0.767519 0.0539847 0.263495 0.565597 0.718006 0.713367 0.296724 0.0433156 0.151236 0.150032 0.933502 0.511584 0.0994929 0.111608 0.00788044 0.887449 0.0920133 0.900709 0.591301 0.717676 0.862748 0.00340516 0.320147 0.170231 0.959405 0.535948 0.768568 0.833993 0.335845 0.197384 0.0239327 0.103364 0.251369 0.287428 0.668961 0.969375 0.000794677 0.965685 0.0126904 0.15203 0.115717 0.946192 0.663614 0.21521 0.0577997 
9 4 16 17 2 6 15 
0.187636 0.605183 0.656771 0.723584 0.373751 0.490764 0.0594287 0.571135 0.514697 0.162793 0.822503 0.802125 0.831754 0.791878 0.802919 0.797439 0.804569 0.954949 0.913156 0.750761 0.618563 0.128367 0.808561 0.290058 0.231026 0.958374 0.862261 0.924987 0.825863 0.297213 0.622353 0.0134992 0.902396 0.279124 0.737083 0.276147 0.769888 0.796512 0.847282 0.284585 0.959305 0.669785 0.0867092 0.791059 0.461664 0.889628 0.588498 0.266233 0.844578 0.501654 0.0169935 0.463141 0.630021 0.825554 0.753199 0.861047 0.783928 0.61546 0.786033 0.609791 0.912673 0.408386 0.62329 0.815069 0.687509 0.360373 0.0912161 0.457397 0.156885 0.938498 0.741982 0.11619 0.608284 0.828691 0.907249 0.0699474 0.71832 0.495746 0.33618 0.562897 0.9974 0.353173 0.0260388 0.627421 0.178727 0.779238 0.488467 0.962655 0.394698 0.274501 0.572446 0.307371 0.682887 0.195736 0.122441 0.370396 0.556109 0.213657 0.827793 0.712994 0.152155 0.569775 0.829184 0.760438 0.398466 0.736433 0.830386 0.116786 0.232179 0.166566 0.679683 0.229579 0.519739 0.705722 0.857 0.698466 0.48496 0.345468 0.661122 0.879658 0.619968 0.233567 0.187029 0.302855 0.429303 0.30947 0.673251 0.985412 
10 12 7 11 5 1 6 
0.264022 0.266105 0.586072 0.496201 0.432671 0.265755 0.72578 0.95241 0.971477 0.58278 0.650876 0.456437 0.928248 0.311998 0.336095 0.548216 0.545565 0.523125 0.851071 0.974868 0.832594 0.524322 0.96028 0.355721 0.0253668 0.658686 0.031002 0.0961866 0.186275 0.466721 0.565473 0.450298 0.732827 0.151545 0.946499 0.165497 0.4173 0.672279 0.117907 0.388777 0.255059 0.768783 0.845215 0.183307 0.0807805 0.18131 0.731524 0.626346 0.704435 0.582595 0.601214 0.537029 0.106917 0.561494 0.89275 0.132284 0.22018 0.923752 0.228471 0.406455 0.390473 0.793943 0.856753 0.1233 0.945488 0.803251 0.288797 0.362788 0.47553 0.406704 0.751565 0.73059 0.175487 0.59678 0.913897 0.256267 0.77809 0.645421 0.882613 0.482525 0.228015 0.483826 0.0195541 0.334933 0.0453203 0.912304 0.467217 0.2655 0.836056 0.695687 0.671955 0.22653 0.489631 0.528708 0.34983 0.435118 0.331959 0.638627 0.797906 0.80749 0.0453306 0.549472 0.53808 0.220817 0.146252 0.451977 0.477084 0.924342 0.0973971 0.359697 0.406867 0.325413 0.843524 0.426421 0.660345 0.888844 0.338725 0.127562 0.154344 0.174781 0.823249 0.826299 0.401311 0.31288 0.355007 0.751141 0.747998 0.686966 
11 4 9 7 5 18 0 
0.241627 0.484512 0.133 0.165969 0.581909 0.492697 0.572836 0.907322 0.33622 0.999257 0.567667 0.225064 0.337983 0.695229 0.379408 0.512764 0.518478 0.205707 0.914075 0.831357 0.560714 0.665216 0.579355 0.247681 0.054983 0.12526 0.742137 0.490081 0.220635 0.774673 0.145996 0.462263 0.259185 0.278996 0.628232 0.841094 0.771693 0.201069 0.748416 0.107913 0.200326 0.316084 0.332978 0.538309 0.0113125 0.712386 0.0510728 0.52979 0.918093 0.965148 0.361148 0.478808 0.630364 0.940503 0.726489 0.685347 0.0657628 0.468626 0.175428 0.286398 0.243298 0.321424 0.748661 0.502483 0.60042 0.376893 0.343578 0.372113 0.577961 0.0919941 0.480026 0.778287 0.408078 0.813004 0.316596 0.41939 0.52539 0.367669 0.949181 0.443484 0.332817 0.310328 0.922291 0.96318 0.250832 0.64878 0.648527 0.316594 0.117406 0.823955 0.602993 0.360704 0.145379 0.351653 0.863187 0.745799 0.728546 0.206765 0.117911 0.306508 0.298759 0.597938 0.0847954 0.706837 0.410942 0.401392 0.126227 0.936332 0.769061 0.0754072 0.379815 0.101877 0.385736 0.302107 0.0650578 0.636567 0.950887 0.713585 0.953162 0.0682923 0.537539 0.556154 0.428996 0.682918 0.907808 0.292183 0.428716 0.636354 
12 4 9 7 3 13 2 
0.504543 0.555507 0.429049 0.63077 0.491839 0.19811 0.706177 0.871654 0.299987 0.0919128 0.17376 0.365045 0.72848 0.124647 0.0786296 0.681642 0.19294 0.616169 0.237796 0.621936 0.299087 0.145604 0.914119 0.727803 0.781958 0.413067 0.274431 0.72482 0.210773 0.418996 0.752477 0.715317 0.974503 0.181526 0.346087 0.466342 0.379636 0.052264 0.337996 0.679623 0.144177 0.511756 0.0446678 0.872657 0.636403 0.123297 0.554298 0.829343 0.739466 0.792094 0.451279 0.0385532 0.937698 0.365397 0.766356 0.719656 0.778464 0.0407872 0.444475 0.989238 0.459783 0.196953 0.704554 0.434287 0.378479 0.0506411 0.900628 0.758115 0.102905 0.238624 0.437738 0.247082 0.75038 0.482406 0.119739 0.386783 0.605703 0.674037 0.216126 0.34517 0.466131 0.667404 0.383723 0.403829 0.0328018 0.150079 0.123485 0.811266 0.190866 0.56796 0.800503 0.650649 0.764913 0.505058 0.084936 0.143392 0.555699 0.985564 0.901507 0.658604 0.224188 0.339245 0.905686 0.974568 0.821651 0.0254242 0.361351 0.427354 0.699461 0.577477 0.772523 0.165592 0.244882 0.156246 0.569422 0.277683 0.306325 0.692907 0.0889494 0.497191 0.260867 0.889453 0.147841 0.0257799 0.394511 0.232777 0.169172 0.950209 
13 10 1 15 2 18 0 
0.417097 0.231574 0.539923 0.778448 0.658928 0.239384 0.355925 0.431452 0.404977 0.600807 0.587698 0.974398 0.87849 0.894023 0.667305 0.96744 0.391214 0.928172 0.856892 0.539054 0.953952 0.251403 0.771831 0.123123 0.201612 0.990172 0.193802 0.810426 0.432701 0.603726 0.324925 0.849798 0.835301 0.864848 0.628246 0.494229 0.104232 0.984171 0.925681 0.509209 0.584978 0.513378 0.483607 0.463468 0.407401 0.150912 0.430908 0.798615 0.0790834 0.2878 0.337669 0.0330349 0.539203 0.1095 0.156158 0.740815 0.0996718 0.349961 0.551241 0.532373 0.953687 0.876166 0.38217 0.788988 0.741013 0.0104163 0.283217 0.845245 0.994587 0.208897 0.354454 0.579565 0.722275 0.838061 0.043033 0.129676 0.988973 0.473941 0.928291 0.0680561 0.76174 0.26596 0.101091 0.300943 0.37546 0.257249 0.0417586 0.475131 0.60721 0.592999 0.00750395 0.560897 0.469165 0.389674 0.349885 0.210178 0.400091 0.633102 0.0554236 0.394678 0.841999 0.409878 0.974243 0.564274 0.247939 0.0172761 0.69395 0.236911 0.491217 0.622241 0.304967 0.252957 0.888201 0.406058 0.5539 0.26366 0.663308 0.595659 0.738792 0.270518 0.188659 0.746296 0.831415 0.657824 0.13597 0.1813 0.868002 0.536061 
14 6 11 8 3 18 17 
0.581241 0.922258 0.914625 0.818153 0.413475 0.536866 0.12312 0.666432 0.425067 0.529178 0.220332 0.688727 0.192486 0.815991 0.427519 0.463004 0.00464986 0.173815 0.294418 0.662473 0.309785 0.475718 0.530475 0.845845 0.29012 0.453901 0.776584 0.94652 0.787204 0.681566 0.167195 0.368445 0.603824 0.0818198 0.186598 0.0172986 0.618686 0.309718 0.68373 0.0437531 0.838896 0.904063 0.732481 0.0313815 0.720054 0.16 0.494385 0.724704 0.333814 0.788803 0.387177 0.643599 0.264522 0.917652 0.489444 0.554642 0.371553 0.266029 0.501162 0.158757 0.947595 0.668356 0.527202 0.551419 0.750176 0.713799 0.568717 0.368862 0.0235169 0.252448 0.412615 0.862413 0.15651 0.145096 0.893794 0.876564 0.305096 0.388179 0.601268 0.63891 0.176983 0.988446 0.282509 0.441504 0.906098 0.771953 0.996146 0.277651 0.037982 0.497308 0.436408 0.985577 0.165664 0.96361 0.536995 0.91584 0.677409 0.105712 0.284703 0.700926 0.35816 0.697318 0.563338 0.51467 0.842414 0.457133 0.391235 0.14751 0.845312 0.992503 0.786419 0.0222943 0.980949 0.0689283 0.463799 0.887047 0.840882 0.459945 0.164698 0.878864 0.957252 0.601106 0.86444 0.122917 0.564716 0.401435 0.0387571 0.242124 
15 9 1 2 4 16 10 
0.379978 0.863192 0.963521 0.771213 0.0107014 0.808833 0.763716 0.797121 0.831127 0.744665 0.866049 0.294926 0.631712 0.706931 0.754871 0.79641 0.585794 0.712123 0.397516 0.450235 0.83504 0.962232 0.85167 0.873797 0.204356 0.358818 0.197257 0.147406 0.224125 0.218035 0.653795 0.604104 0.0812264 0.617316 0.375317 0.0919279 0.426149 0.139033 0.889049 0.257277 0.883698 0.755098 0.552203 0.51541 0.462029 0.307073 0.31182 0.047823 0.0191965 0.709337 0.498058 0.854236 0.671568 0.349727 0.728033 0.875925 0.708545 0.92529 0.0233311 0.932671 0.143324 0.677126 0.536774 0.224551 0.294442 0.912091 0.316478 0.720592 0.0511238 0.205527 0.977868 0.934822 0.960625 0.530071 0.450232 0.422654 0.837144 0.762052 0.470477 0.85634 0.471389 0.968534 0.710577 0.142957 0.318262 0.43861 0.018882 0.0268069 0.363899 0.0422131 0.959477 0.507224 0.719339 0.496252 0.731774 0.0137816 0.408343 0.0482528 0.734373 0.459466 0.25378 0.712241 0.394288 0.214405 0.242312 0.84452 0.637059 0.0794561 0.606572 0.107536 0.935797 0.0779613 0.07607 0.646373 0.220919 0.394332 0.0849831 0.239801 0.421139 0.448883 0.282014 0.380616 0.956106 0.00135299 0.876868 0.687881 0.0151346 0.28521 
16 8 7 2 14 3 5 
0.590057 0.948913 0.719314 0.668019 0.024983 0.365687 0.888937 0.419315 0.45067 0.128738 0.840453 0.899553 0.410752 0.22107 0.855659 0.412105 0.0979373 0.54354 0.427239 0.383147 0.279673 0.176747 0.127824 0.269587 0.638496 0.266789 0.473905 0.342557 0.250274 0.315283 0.126075 0.840331 0.264196 0.845388 0.50835 0.289179 0.211075 0.397287 0.708493 0.661746 0.526025 0.548947 0.561298 0.936777 0.770016 0.416957 0.348881 0.867954 0.960497 0.776121 0.251101 0.24017 0.952868 0.378925 0.509756 0.591364 0.645714 0.983662 0.933921 0.895988 0.298944 0.0599956 0.736319 0.56314 0.905384 0.244669 0.852318 0.116459 0.641956 0.560812 0.778205 0.167981 0.109759 0.339503 0.104758 0.879775 0.75646 0.453639 0.747729 0.716957 0.22976 0.99883 0.957127 0.182627 0.377755 0.466883 0.773991 0.0234692 0.450545 0.707912 0.919457 0.749489 0.767908 0.655776 0.312629 0.673291 0.900445 0.164947 0.789751 0.542401 0.725759 0.567956 0.710382 0.835517 0.907459 0.815139 0.715292 0.663919 0.268778 0.463021 0.380876 0.498538 0.461851 0.338003 0.681165 0.839606 0.804886 0.455156 0.863075 0.255431 0.163068 0.782532 0.00491988 0.930976 0.438308 0.317548 0.604267 0.338753 
17 13 2 15 4 9 8 
0.222084 0.914227 0.173991 0.683934 0.252229 0.855156 0.52354 0.0571153 0.310313 0.386615 0.312546 0.473381 0.169146 0.317466 0.404356 0.607454 0.635015 0.0086233 0.946207 0.11751 0.402641 0.82736 0.325764 0.364614 0.418896 0.369535 0.234046 0.82557 0.128598 0.767397 0.501023 0.350681 0.681623 0.675015 0.0346155 0.933853 0.530171 0.558155 0.990968 0.840484 0.94477 0.303514 0.313864 0.113916 0.620981 0.718221 0.721371 0.255995 0.726844 0.667578 0.373505 0.129485 0.494938 0.699269 0.494099 0.913833 0.0688038 0.728146 0.739404 0.197402 0.495543 0.240427 0.548083 0.177166 0.915442 0.582698 0.111019 0.445613 0.140854 0.101987 0.286096 0.0856237 0.405501 0.599961 0.19954 0.0264817 0.318181 0.920911 0.282477 0.045025 0.588488 0.655982 0.17451 0.0834261 0.355251 0.668609 0.997259 0.424055 0.396755 0.736663 0.621456 0.892297 0.97709 0.169539 0.0694634 0.892531 0.752238 0.180482 0.338144 0.893091 0.282469 0.62424 0.978715 0.68797 0.224201 0.178255 0.714452 0.542382 0.099166 0.996929 0.587407 0.687654 0.652911 0.761917 0.77108 0.00816191 0.430526 0.76834 0.432217 0.827281 0.505003 0.0536732 0.719578 0.482093 0.223213 0.789042 0.374624 0.97545 
18 0 10 16 8 3 12 
0.939963 0.561209 0.0255118 0.654415 0.10359 0.124678 0.651343 0.690997 0.812332 0.304254 0.452914 0.583413 0.312416 0.88344 0.351752 0.744633 0.71072 0.856755 0.798306 0.430298 0.338848 0.0215188 0.21934 0.713471 0.996969 0.188864 0.426239 0.86551 0.440856 0.763247 0.712767 0.380819 0.324456 0.738279 0.0352339 0.428046 0.862957 0.686577 0.119043 0.675289 0.990832 0.571957 0.258701 0.303248 0.455397 0.610454 0.0478808 0.166117 0.467209 0.846187 0.596416 0.806057 0.867706 0.815756 0.519528 0.864675 0.00461937 0.945767 0.730185 0.445476 0.709014 0.442952 0.826295 0.0334701 0.181231 0.861529 0.461516 0.0441881 0.548106 0.58056 0.719477 0.538938 0.152517 0.978178 0.842186 0.607914 0.588632 0.890066 0.774031 0.0558413 0.736254 0.370446 0.861898 0.603959 0.186202 0.381426 0.468634 0.190822 0.327193 0.19882 0.636297 0.0362076 0.641772 0.462592 0.0696777 0.823003 0.324121 0.531194 0.867191 0.872227 0.111753 0.586668 0.411165 0.26427 0.564847 0.25335 0.872184 0.153479 0.143417 0.646214 0.20932 0.87967 0.0166608 0.0712183 0.48363 0.202863 0.452644 0.952264 0.393684 0.779837 0.151084 0.0299817 0.816045 0.792856 0.492574 0.885723 0.615859 0.816695 
