35 5
1 1 0 0 1 1 1 0 1 1 1 0 1 1 1 0 0 0 1 0 0 0 0 1 1 0 1 1 0 1 1 0 1 0 0 
0 25 7 3 32 
0.367305 0.763194 0.218402 0.220274 0.580154 0.236946 0.630794 0.929347 0.839391 0.696436 0.5041 0.345342 0.206665 0.878671 0.806695 0.122444 0.0982641 0.638202 0.937565 0.0105391 0.720036 0.0273058 0.327878 0.539645 0.303423 0.56022 0.419452 0.999134 0.319285 0.0527566 0.993243 0.68659 
1 13 29 0 11 
0.537657 0.325452 0.287982 0.234093 0.829552 0.633324 0.440758 0.708223 0.440019 0.563202 0.806487 0.0782211 0.500767 0.817026 0.798257 0.528073 0.144904 0.337902 0.831496 0.705124 0.757354 0.83063 0.024409 0.810111 0.823873 0.710999 0.626062 0.0355185 0.617862 0.0221666 0.48411 0.15552 
2 1 28 6 13 
0.405416 0.830371 0.885394 0.845435 0.393573 0.691881 0.923656 0.894341 0.508907 0.721913 0.422414 0.653812 0.0598157 0.25391 0.358936 0.81717 0.0845395 0.383345 0.627281 0.908412 0.0943436 0.253343 0.943931 0.712206 0.275509 0.428041 0.867726 0.623128 0.200133 0.257339 0.800299 0.605549 
3 28 33 27 29 
0.377574 0.37464 0.375624 0.886481 0.0965533 0.798038 0.540293 0.156369 0.051948 0.899229 0.973539 0.136487 0.282573 0.60082 0.0448999 0.376917 0.854163 0.988831 0.0891232 0.129672 0.416872 0.956849 0.7528 0.617005 0.214188 0.553099 0.222554 0.301899 0.238792 0.673538 0.783183 0.616366 
4 27 1 23 16 
0.0431397 0.3011 0.00879325 0.942368 0.274639 0.145281 0.224942 0.875459 0.190181 0.601859 0.729621 0.179011 0.690982 0.859293 0.595883 0.647831 0.612093 0.212888 0.86202 0.165192 0.435442 0.163919 0.403983 0.108979 0.947101 0.0203492 0.157157 0.105908 0.523196 0.301888 0.0627536 0.566336 
5 7 31 17 28 
0.216828 0.733646 0.753085 0.407008 0.335505 0.482707 0.58602 0.0264872 0.342 0.181903 0.674319 0.954093 0.394791 0.536338 0.119284 0.830233 0.700257 0.523268 0.939212 0.647358 0.543617 0.0963688 0.753266 0.066813 0.398256 0.81602 0.633149 0.00124404 0.887567 0.141853 0.878871 0.104394 
6 10 34 8 18 
0.097422 0.237491 0.456662 0.279325 0.91181 0.410755 0.674116 0.448148 0.530039 0.504348 0.148405 0.0533067 0.44356 0.795763 0.596924 0.539929 0.54903 0.663737 0.938186 0.36505 0.296885 0.93943 0.252616 0.438738 0.8183 0.357011 0.314237 0.450256 0.868413 0.525241 0.564919 0.965835 
7 25 4 0 5 
0.432335 0.919276 0.12269 0.962374 0.423624 0.271095 0.015681 0.867185 0.0668581 0.612605 0.407114 0.615888 0.276341 0.3453 0.980937 0.573226 0.284729 0.233553 0.0119647 0.10303 0.590564 0.326202 0.553286 0.458977 0.851443 0.118204 0.424812 0.614176 0.139785 0.669972 0.288718 0.57212 
8 19 34 11 27 
0.682503 0.550175 0.880057 0.749361 0.16278 0.28717 0.365248 0.439121 0.63247 0.346186 0.0123476 0.917199 0.579739 0.0243123 0.0202289 0.170303 0.350514 0.573515 0.62928 0.201958 0.691719 0.0540922 0.816133 0.831504 0.724064 0.104851 0.403624 0.313312 0.516258 0.938118 0.326184 0.198761 
9 26 8 33 14 
0.493411 0.31337 0.090195 0.125881 0.659556 0.102543 0.0430807 0.239295 0.126855 0.0633096 0.409598 0.477369 0.636824 0.0388777 0.679327 0.328543 0.0929699 0.49546 0.160046 0.817034 0.600311 0.56367 0.130346 0.116569 0.501789 0.456531 0.31533 0.990082 0.662772 0.263452 0.641156 0.156183 
10 27 25 20 18 
0.833894 0.325145 0.475672 0.960749 0.388455 0.88527 0.438118 0.0252789 0.924147 0.117445 0.353822 0.0171173 0.612905 0.513868 0.834152 0.213215 0.0775383 0.964498 0.329784 0.579327 0.421029 0.645114 0.569409 0.0838005 0.908566 0.210565 0.239984 0.485388 0.941917 0.522048 0.721766 0.77581 
11 7 17 3 0 
0.174677 0.260927 0.00685503 0.292122 0.614749 0.0239723 0.905026 0.128617 0.858124 0.118241 0.206156 0.822622 0.448026 0.785482 0.243651 0.0931401 0.354892 0.327451 0.0017063 0.565457 0.567435 0.487094 0.507374 0.0894833 0.20886 0.283184 0.936677 0.406298 0.0197434 0.172325 0.489006 0.19442 
12 19 22 25 28 
0.391568 0.176619 0.377957 0.509809 0.382775 0.200579 0.957835 0.168257 0.444229 0.0509752 0.523149 0.771681 0.0526815 0.0886061 0.339116 0.539776 0.59598 0.428599 0.748636 0.879164 0.365276 0.154934 0.898908 0.537601 0.64394 0.093328 0.970854 0.1398 0.57987 0.0188561 0.659633 0.971438 
13 6 22 23 18 
0.238169 0.439082 0.746508 0.682398 0.490058 0.269657 0.454079 0.542739 0.358263 0.793195 0.0825151 0.954243 0.221793 0.831151 0.833407 0.587069 0.986085 0.732315 0.12467 0.630025 0.825643 0.0955245 0.769825 0.405513 0.114381 0.429458 0.376951 0.309856 0.467048 0.858198 0.888106 0.705217 
14 25 9 5 22 
0.330078 0.262534 0.634889 0.412593 0.216777 0.856682 0.243744 0.0501842 0.443752 0.229829 0.782499 0.568422 0.859854 0.608142 0.663947 0.629679 0.0136548 0.778327 0.0591371 0.390606 0.0881832 0.526186 0.248804 0.97629 0.231403 0.546085 0.610904 0.619018 0.333423 0.515175 0.460713 0.6635 
15 8 5 19 16 
0.319837 0.0446701 0.396036 0.549666 0.827169 0.964458 0.40952 0.435311 0.628405 0.0391983 0.448966 0.406732 0.0983355 0.839571 0.494915 0.624521 0.0883752 0.471205 0.855924 0.63446 0.0821085 0.474942 0.967883 0.597283 0.935655 0.631383 0.374992 0.0312565 0.707476 0.369478 0.983541 0.027313 
16 27 4 1 20 
0.986498 0.676628 0.97244 0.0256966 0.125594 0.379171 0.124032 0.965166 0.874086 0.748553 0.0535408 0.345291 0.604477 0.688001 0.4274 0.0794188 0.655883 0.024683 0.0150736 0.287266 0.399675 0.0463301 0.994743 0.769154 0.0298708 0.0220556 0.183302 0.409448 0.599034 0.424619 0.753482 0.585533 
17 22 9 10 7 
0.105093 0.735261 0.192008 0.97918 0.483814 0.245548 0.324471 0.0882913 0.933549 0.75187 0.16771 0.589432 0.776553 0.182784 0.876699 0.176229 0.229114 0.871441 0.945382 0.258985 0.893497 0.128684 0.668432 0.492531 0.553304 0.421915 0.0780642 0.654552 0.147837 0.689294 0.881394 0.25293 
18 12 33 27 20 
0.31895 0.55658 0.996661 0.252499 0.30845 0.164371 0.841931 0.0850038 0.347155 0.71863 0.261233 0.576268 0.590072 0.206615 0.835253 0.483569 0.335299 0.503685 0.9761 0.888603 0.9256 0.0541642 0.543155 0.0734361 0.743458 0.424549 0.326366 0.168013 0.49795 0.558475 0.0763821 0.8169 
19 28 0 25 10 
0.237414 0.911331 0.50851 0.584568 0.629961 0.769742 0.160837 0.220033 0.976357 0.996089 0.703601 0.311657 0.499774 0.679701 0.20026 0.425374 0.733866 0.743415 0.49881 0.477323 0.167964 0.825176 0.645336 0.665914 0.383652 0.721718 0.482814 0.498707 0.794761 0.552214 0.922213 0.0321749 
20 3 21 12 2 
0.200465 0.77758 0.313539 0.176823 0.773669 0.0171402 0.488479 0.273443 0.696842 0.688739 0.698817 0.430707 0.432154 0.197628 0.908031 0.600117 0.0228038 0.553367 0.266031 0.406455 0.275085 0.748846 0.905162 0.0698464 0.30106 0.827376 0.102021 0.764605 0.258099 0.718764 0.858111 0.458564 
21 27 25 32 11 
0.18879 0.123866 0.543456 0.885631 0.812605 0.242274 0.316339 0.244758 0.439902 0.22437 0.844876 0.462705 0.777737 0.110907 0.869161 0.0528219 0.859753 0.774323 0.122668 0.160813 0.601699 0.22469 0.925418 0.859797 0.943454 0.783529 0.318361 0.439798 0.955178 0.953748 0.709811 0.143968 
22 29 2 13 31 
0.495541 0.345938 0.134977 0.935443 0.570308 0.979852 0.398148 0.348045 0.0907596 0.267309 0.400867 0.950513 0.0416316 0.523535 0.111326 0.64333 0.748225 0.0367435 0.503128 0.691679 0.820272 0.821489 0.131476 0.77545 0.775237 0.841287 0.919418 0.85285 0.0945546 0.949018 0.743068 0.590096 
23 11 2 28 19 
0.857897 0.923686 0.213309 0.948657 0.190995 0.614176 0.89917 0.232626 0.137711 0.0104955 0.875957 0.885936 0.047239 0.379084 0.577614 0.867511 0.200573 0.709091 0.642961 0.97581 0.550378 0.56238 0.82866 0.644932 0.511398 0.571729 0.235028 0.806354 0.449774 0.760566 0.671618 0.307671 
24 10 22 15 7 
0.499103 0.155498 0.107874 0.636814 0.165993 0.983831 0.522749 0.213232 0.362915 0.100364 0.0807432 0.563489 0.809454 0.723705 0.539299 0.359832 0.286084 0.367959 0.00476437 0.797482 0.939688 0.239793 0.603836 0.389461 0.000359001 0.275454 0.697132 0.684612 0.160381 0.95346 0.559859 0.659484 
25 26 8 28 2 
0.651564 0.819048 0.488183 0.0144793 0.919411 0.568926 0.577968 0.728865 0.292631 0.117266 0.0886973 0.578715 0.485225 0.0934617 0.376197 0.424913 0.333254 0.980033 0.814374 0.333613 0.255487 0.511506 0.018225 0.415868 0.464966 0.578084 0.0753528 0.573923 0.245818 0.371651 0.848874 0.897382 
26 27 8 23 31 
0.905982 0.489829 0.838976 0.198613 0.607095 0.927673 0.777328 0.0923204 0.0211349 0.153525 0.517233 0.354389 0.133558 0.331607 0.688002 0.389045 0.843113 0.706227 0.804913 0.308079 0.284312 0.880266 0.882002 0.530129 0.251917 0.730876 0.427511 0.442616 0.0679319 0.339372 0.552727 0.973914 
27 33 11 2 0 
0.319376 0.949855 0.528616 0.340511 0.10338 0.045849 0.6949 0.236938 0.377456 0.382902 0.625983 0.220569 0.0891293 0.430896 0.528647 0.373441 0.311162 0.410649 0.90357 0.563079 0.141525 0.331081 0.00569545 0.209456 0.670452 0.558422 0.183371 0.499653 0.950125 0.355898 0.935948 0.2695 
28 16 4 18 19 
0.510413 0.304911 0.64607 0.887869 0.687813 0.272053 0.108438 0.776942 0.702949 0.637085 0.150383 0.0141104 0.0477341 0.0539525 0.57719 0.189259 0.385033 0.582885 0.398715 0.0554856 0.141307 0.582086 0.555138 0.0914318 0.937984 0.491087 0.360932 0.243736 0.955651 0.970943 0.652869 0.466064 
29 32 23 16 30 
0.570992 0.462371 0.740608 0.27394 0.0994558 0.89099 0.288051 0.14719 0.944943 0.86524 0.336449 0.329976 0.448125 0.735164 0.385462 0.589432 0.31725 0.9406 0.680864 0.255233 0.431687 0.0417963 0.498969 0.387337 0.0127394 0.151838 0.853401 0.288593 0.450777 0.207334 0.252259 0.0217688 
30 3 16 27 31 
0.883858 0.58376 0.916351 0.828801 0.449 0.252799 0.158777 0.897125 0.987963 0.544239 0.486557 0.305212 0.484839 0.167421 0.560446 0.916525 0.209218 0.059415 0.303863 0.221957 0.211253 0.157264 0.51055 0.66203 0.364598 0.762809 0.683799 0.0343031 0.755676 0.979508 0.803464 0.639534 
31 21 10 15 3 
0.627111 0.909392 0.960576 0.17135 0.395949 0.265789 0.656189 0.56337 0.826234 0.572714 0.772588 0.885649 0.876577 0.994545 0.0969024 0.0338409 0.505095 0.758933 0.398439 0.267904 0.442732 0.432742 0.0235804 0.42224 0.236206 0.663114 0.985507 0.95602 0.131449 0.997774 0.928634 0.75856 
32 17 21 26 6 
0.154999 0.586099 0.866486 0.981233 0.158813 0.639073 0.866882 0.0353895 0.633618 0.963784 0.0692304 0.138713 0.722717 0.46767 0.406617 0.165449 0.900412 0.430198 0.587688 0.136618 0.0933121 0.573196 0.092638 0.224761 0.57097 0.0212717 0.983321 0.478136 0.910482 0.913231 0.781252 0.0654801 
33 32 26 13 23 
0.913595 0.693531 0.920429 0.877379 0.762762 0.0591423 0.600096 0.230431 0.46576 0.765544 0.130843 0.895957 0.353233 0.267461 0.98927 0.926429 0.360099 0.21403 0.497399 0.381371 0.197351 0.975535 0.291852 0.110582 0.756787 0.357332 0.609911 0.404524 0.404045 0.268053 0.691335 0.31764 
34 25 10 27 33 
0.670906 0.795115 0.954777 0.136666 0.560659 0.0856205 0.0326233 0.913892 0.353081 0.0218929 0.84032 0.71318 0.235923 0.337719 0.0945509 0.433274 0.313254 0.386403 0.543856 0.0700407 0.743735 0.153767 0.474565 0.147781 0.42182 0.165899 0.46542 0.383404 0.777663 0.660439 0.10775 0.448569 
