95 3
0 0 1 0 1 0 0 1 0 1 1 1 1 1 0 1 0 1 0 0 0 1 1 0 0 0 1 0 0 0 0 0 1 0 1 1 1 0 0 1 1 0 1 1 1 1 1 0 1 0 1 0 0 0 0 0 1 0 1 1 1 0 0 1 0 0 0 0 0 1 0 0 0 1 0 0 1 1 0 1 0 0 0 0 1 1 1 0 0 1 0 0 1 1 1 
0 19 24 
0.173705 0.417817 0.785333 0.558676 0.154507 0.179637 0.277393 0.900683 
1 69 82 
0.496577 0.0184673 0.236477 0.902856 0.901325 0.404466 0.426149 0.755638 
2 10 65 
0.291657 0.527995 0.970063 0.305521 0.475577 0.230378 0.930677 0.906276 
3 53 79 
0.226784 0.574156 0.733702 0.0121164 0.132832 0.888209 0.191754 0.410225 
4 38 11 
0.585069 0.285468 0.823238 0.821546 0.188324 0.724563 0.226013 0.614473 
5 49 9 
0.146637 0.771858 0.634192 0.1167 0.0773786 0.109769 0.347077 0.00805518 
6 59 92 
0.32394 0.242829 0.321683 0.0576417 0.254945 0.454515 0.94585 0.446699 
7 14 61 
0.251469 0.449809 0.0202103 0.0747069 0.271355 0.208534 0.79927 0.497368 
8 93 39 
0.603566 0.969645 0.0513289 0.237758 0.0863448 0.128707 0.347527 0.433422 
9 68 7 
0.18095 0.460702 0.606401 0.502634 0.518344 0.861346 0.957149 0.464194 
10 56 48 
0.198936 0.559514 0.271698 0.219147 0.634221 0.543053 0.427681 0.433491 
11 41 87 
0.712962 0.643987 0.220334 0.764291 0.881745 0.306678 0.892998 0.229272 
12 87 13 
0.592844 0.921051 0.490463 0.199245 0.423685 0.0088072 0.0605913 0.380834 
13 68 94 
0.202723 0.671938 0.92815 0.474421 0.891084 0.562371 0.0174741 0.318766 
14 62 93 
0.569455 0.708824 0.701883 0.789788 0.473115 0.583628 0.0964667 0.366113 
15 55 12 
0.395874 0.405744 0.757618 0.886337 0.604989 0.181303 0.895144 0.665581 
16 2 42 
0.034217 0.764859 0.0400838 0.962367 0.23928 0.931168 0.524739 0.256754 
17 74 5 
0.31465 0.819388 0.229425 0.0165325 0.609177 0.70254 0.60016 0.705643 
18 28 81 
0.542211 0.464527 0.818805 0.299829 0.350864 0.423794 0.481132 0.246008 
19 3 48 
0.614154 0.123592 0.808128 0.654238 0.0859595 0.0474079 0.585406 0.610698 
20 57 52 
0.131299 0.618811 0.654729 0.360725 0.635344 0.263905 0.0632648 0.235504 
21 40 28 
0.648565 0.511759 0.596445 0.46737 0.811588 0.947309 0.891164 0.292721 
22 45 1 
0.335989 0.807472 0.104131 0.144118 0.46171 0.190091 0.191525 0.0471164 
23 68 8 
0.882457 0.932089 0.114499 0.537185 0.292813 0.749842 0.80109 0.356078 
24 35 84 
0.487996 0.633912 0.282398 0.084441 0.101282 0.0939861 0.0317502 0.992446 
25 77 19 
0.972985 0.722696 0.0325396 0.0771159 0.866814 0.49425 0.267207 0.0583391 
26 27 78 
0.554026 0.423823 8.44658e-05 0.668525 0.961008 0.292898 0.418367 0.762098 
27 42 25 
0.532737 0.136972 0.0376259 0.815134 0.221413 0.138907 0.90912 0.253163 
28 13 67 
0.478231 0.104338 0.0185234 0.51077 0.181454 0.885337 0.00502001 0.44866 
29 43 11 
0.516656 0.497702 0.970209 0.516741 0.166227 0.931216 0.809638 0.584594 
30 8 68 
0.988309 0.226051 0.595586 0.0259345 0.0411853 0.816999 0.164842 0.950306 
31 85 93 
0.246133 0.548392 0.400532 0.264656 0.0591627 0.581986 0.149994 0.0641827 
32 12 50 
0.610569 0.547302 0.591372 0.580777 0.0640428 0.757599 0.511994 0.873681 
33 61 47 
0.332295 0.330502 0.431359 0.927881 0.356437 0.472545 0.74488 0.521279 
34 30 46 
0.817474 0.668983 0.363434 0.218006 0.93364 0.422596 0.799992 0.0836333 
35 44 56 
0.177303 0.0973476 0.37794 0.768675 0.678125 0.441983 0.526275 0.190119 
36 11 13 
0.395427 0.64796 0.198971 0.826786 0.575841 0.555408 0.299331 0.32072 
37 15 53 
0.135761 0.89416 0.391164 0.499195 0.112166 0.324804 0.921791 0.912158 
38 57 1 
0.742797 0.58574 0.505917 0.120737 0.354415 0.184042 0.56272 0.88069 
39 60 46 
0.749158 0.769588 0.526344 0.948129 0.596374 0.102185 0.503537 0.895705 
40 93 68 
0.617886 0.558666 0.474384 0.00905035 0.0578609 0.586551 0.333854 0.979652 
41 68 63 
0.388222 0.241506 0.328032 0.894139 0.362243 0.682448 0.0781817 0.924963 
42 56 44 
0.803348 0.312296 0.221931 0.329692 0.260425 0.818305 0.431876 0.763962 
43 48 28 
0.344186 0.331896 0.413447 0.81857 0.340947 0.471308 0.405121 0.674801 
44 36 60 
0.417093 0.839182 0.145335 0.745125 0.733321 0.507578 0.427573 0.811503 
45 29 15 
0.263846 0.235888 0.303006 0.485777 0.56558 0.563431 0.304082 0.997456 
46 19 13 
0.852238 0.67158 0.349989 0.265685 0.49015 0.690935 0.736993 0.895271 
47 74 75 
0.7991 0.782829 0.0271351 0.944436 0.527954 0.760456 0.452013 0.955527 
48 90 6 
0.835805 0.120443 0.249243 0.321581 0.686023 0.812675 0.625664 0.683479 
49 87 58 
0.535717 0.811648 0.993744 0.801402 0.301798 0.68468 0.538395 0.197069 
50 28 46 
0.996169 0.833245 0.753483 0.940605 0.361199 0.513939 0.392618 0.316726 
51 3 30 
0.262963 0.921703 0.397615 0.512206 0.243285 0.083638 0.32488 0.868948 
52 4 47 
0.512704 0.302834 0.276597 0.506448 0.104236 0.578395 0.191128 0.642631 
53 5 8 
0.368979 0.771633 0.0747888 0.122462 0.712237 0.435988 0.636401 0.104855 
54 48 39 
0.382028 0.0156766 0.644003 0.779643 0.527883 0.887287 0.863281 0.852763 
55 74 82 
0.317712 0.268939 0.933232 0.594309 0.775388 0.0374683 0.172703 0.966516 
56 1 31 
0.208059 0.0490783 0.7198 0.282848 0.17154 0.432037 0.718836 0.807942 
57 9 58 
0.530241 0.918919 0.487227 0.174244 0.698562 0.0151092 0.0615315 0.561842 
58 5 6 
0.19224 0.185584 0.0867064 0.125473 0.779893 0.862094 0.162941 0.952596 
59 45 91 
0.900763 0.0366693 0.892119 0.620563 0.319518 0.0636588 0.0525993 0.0383537 
60 94 85 
0.509904 0.401842 0.50841 0.99713 0.576086 0.206972 0.0122396 0.637617 
61 94 37 
0.455384 0.961055 0.065696 0.542091 0.0865278 0.845589 0.404185 0.249469 
62 61 46 
0.0925089 0.698948 0.269464 0.984627 0.319511 0.588982 0.0482862 0.37211 
63 68 5 
0.961601 0.137239 0.321728 0.470012 0.134369 0.897814 0.676984 0.146609 
64 18 73 
0.0267209 0.990816 0.406854 0.0924169 0.532907 0.493382 0.938006 0.937091 
65 50 62 
0.169886 0.835359 0.435138 0.43935 0.819987 0.754649 0.0283318 0.868273 
66 56 20 
0.78816 0.0883598 0.792906 0.109888 0.558371 0.927276 0.00770231 0.235355 
67 53 65 
0.681154 0.100606 0.53395 0.0880078 0.193023 0.0668562 0.581389 0.131028 
68 59 76 
0.867219 0.173834 0.159599 0.302357 0.613184 0.979585 0.0570056 0.641516 
69 85 35 
0.297183 0.636018 0.272124 0.0900892 0.745906 0.830496 0.0173649 0.753608 
70 0 41 
0.296742 0.747005 0.191855 0.830692 0.835012 0.384878 0.897548 0.416402 
71 34 87 
0.740642 0.383125 0.0753293 0.90024 0.685481 0.688513 0.879826 0.742487 
72 66 90 
0.926251 0.627212 0.363702 0.198376 0.717301 0.109608 0.0288711 0.734666 
73 12 13 
0.825916 0.159958 0.841727 0.0177709 0.99065 0.676739 0.402649 0.888198 
74 20 90 
0.789693 0.833782 0.30168 0.865023 0.734023 0.987161 0.553536 0.613849 
75 15 37 
0.655899 0.510777 0.705235 0.854275 0.228078 0.814843 0.883146 0.962744 
76 18 26 
0.788659 0.838017 0.819594 0.80643 0.828667 0.496333 0.209079 0.716865 
77 85 63 
0.506558 0.423257 0.429314 0.371581 0.15728 0.416475 0.925117 0.771128 
78 11 86 
0.112661 0.802022 0.319458 0.817896 0.656297 0.547536 0.632739 0.539443 
79 35 70 
0.51731 0.298939 0.148815 0.336905 0.10537 0.977482 0.833238 0.314449 
80 36 92 
0.442083 0.200905 0.845969 0.871397 0.572486 0.00324863 0.287872 0.497603 
81 11 47 
0.306284 0.887038 0.236016 0.625743 0.704934 0.892313 0.173279 0.337673 
82 14 33 
0.648471 0.949066 0.982498 0.797286 0.28597 0.0878678 0.774768 0.119208 
83 62 52 
0.541921 0.8444 0.670019 0.38789 0.715797 0.242505 0.391138 0.00366841 
84 55 8 
0.437663 0.0463919 0.0525533 0.673679 0.672134 0.757488 0.565991 0.845413 
85 45 86 
0.528972 0.743632 0.946812 0.51147 0.540918 0.232782 0.599338 0.315686 
86 72 10 
0.7848 0.893911 0.846054 0.45482 0.281801 0.561851 0.697325 0.672939 
87 14 45 
0.838454 0.00318231 0.483824 0.891008 0.676861 0.155959 0.648495 0.242853 
88 13 50 
0.530344 0.487288 0.187411 0.0418138 0.0282059 0.420194 0.641152 0.343892 
89 41 55 
0.128692 0.666096 0.488861 0.583511 0.947896 0.0507119 0.280836 0.620835 
90 18 53 
0.45929 0.619414 0.202093 0.350297 0.296275 0.358051 0.998793 0.539127 
91 73 88 
0.779727 0.889767 0.229737 0.967138 0.931581 0.257942 0.387332 0.572732 
92 15 36 
0.215539 0.730526 0.825612 0.704399 0.314037 0.773508 0.755111 0.594873 
93 72 12 
0.313142 0.853634 0.990757 0.515234 0.203931 0.287032 0.873286 0.202724 
94 11 56 
0.945172 0.605886 0.122476 0.174909 0.573024 0.0540565 0.432851 0.960356 
