40 5
0 1 1 0 0 0 1 1 1 1 1 1 0 0 0 0 0 1 1 0 0 1 1 0 0 1 0 1 1 1 0 0 1 1 1 0 0 1 0 1 
0 20 36 26 5 
0.558446 0.509534 0.396601 0.609436 0.0973022 0.642811 0.188217 0.483484 0.799067 0.000762981 0.45158 0.883307 0.936613 0.75309 0.013377 0.773693 0.306232 0.539329 0.156894 0.393537 0.731006 0.681411 0.146099 0.145559 0.81783 0.801356 0.973326 0.191925 0.85932 0.730907 0.00696929 0.417766 
1 17 12 13 25 
0.0463811 0.215419 0.821227 0.845448 0.216182 0.272807 0.728755 0.152796 0.0258979 0.742132 0.926489 0.33213 0.281461 0.0833834 0.725667 0.0124678 0.764794 0.871765 0.158027 0.582624 0.673121 0.131353 0.774549 0.532442 0.86226 0.781518 0.950208 0.102701 0.185088 0.977409 0.440445 0.231469 
2 24 10 11 9 
0.534479 0.805673 0.561807 0.560377 0.547805 0.488296 0.892507 0.829266 0.571679 0.618174 0.841734 0.336474 0.489939 0.999761 0.919097 0.16306 0.131114 0.693646 0.695502 0.993374 0.475164 0.645709 0.0960755 0.660253 0.623119 0.53652 0.891722 0.815948 0.798192 0.96864 0.224959 0.332672 
3 34 8 16 12 
0.275062 0.785556 0.151385 0.846741 0.40373 0.993119 0.183215 0.893669 0.99288 0.102312 0.0567292 0.123993 0.795958 0.752231 0.117367 0.271123 0.39794 0.213443 0.931376 0.0210592 0.749963 0.823098 0.837007 0.548155 0.791738 0.0619656 0.880827 0.566051 0.848731 0.773876 0.88817 0.123793 
4 24 29 13 20 
0.0326729 0.153749 0.856831 0.0255524 0.256061 0.91356 0.149546 0.0520191 0.665791 0.266913 0.323142 0.0637312 0.480356 0.254518 0.0847904 0.230319 0.0776159 0.921797 0.778474 0.869354 0.983763 0.659301 0.435405 0.832494 0.433177 0.323575 0.956287 0.992609 0.363129 0.926821 0.955771 0.395802 
5 9 21 35 26 
0.726161 0.5709 0.388649 0.391952 0.837813 0.711791 0.455683 0.318169 0.966309 0.540474 0.548487 0.043925 0.462271 0.326962 0.913279 0.446034 0.986263 0.348685 0.278528 0.41944 0.67226 0.234815 0.412049 0.035389 0.161636 0.36782 0.431191 0.242205 0.180421 0.852546 0.578835 0.906583 
6 31 21 32 35 
0.679276 0.754218 0.579428 0.645585 0.294692 0.127915 0.68951 0.756964 0.454877 0.602789 0.202997 0.44114 0.951473 0.481525 0.86058 0.623733 0.71634 0.272629 0.659122 0.877976 0.640449 0.0903133 0.120181 0.82087 0.942859 0.699016 0.727453 0.366305 0.6665 0.0259879 0.627564 0.345776 
7 15 6 23 25 
0.334907 0.68087 0.831862 0.789784 0.283659 0.0348597 0.230923 0.235133 0.516385 0.0915029 0.858866 0.232725 0.364132 0.517988 0.110701 0.00458007 0.608301 0.230882 0.82545 0.55116 0.929898 0.552903 0.917465 0.596399 0.578891 0.54503 0.942175 0.359097 0.752021 0.933535 0.433996 0.0869285 
8 39 22 21 0 
0.300718 0.107636 0.133198 0.817103 0.199139 0.992064 0.0498286 0.56327 0.510052 0.16053 0.56785 0.118354 0.391412 0.3933 0.669514 0.321311 0.946203 0.586979 0.917709 0.525094 0.132009 0.859884 0.884191 0.884031 0.793419 0.318187 0.970959 0.407825 0.584046 0.847671 0.30589 0.884764 
9 30 11 4 8 
0.431152 0.751695 0.717716 0.941205 0.912225 0.285566 0.0595581 0.303638 0.678867 0.729072 0.624948 0.62507 0.316052 0.542657 0.150164 0.448061 0.402541 0.0343554 0.332091 0.195961 0.352543 0.30305 0.603786 0.936588 0.150722 0.909676 0.821352 0.106029 0.348765 0.523219 0.260474 0.779917 
10 39 15 31 17 
0.78068 0.490778 0.942623 0.509752 0.115726 0.567693 0.825803 0.658383 0.717857 0.273864 0.0609241 0.752212 0.605955 0.256885 0.104755 0.909005 0.860671 0.0413436 0.0597269 0.770347 0.862696 0.165755 0.119112 0.385915 0.42623 0.899029 0.660829 0.40442 0.620151 0.847969 0.668177 0.40083 
11 10 12 2 25 
0.178493 0.736386 0.112855 0.89635 0.0102495 0.173779 0.648562 0.616205 0.430664 0.753317 0.52521 0.291335 0.794661 0.584937 0.0616817 0.657357 0.750692 0.180793 0.0432715 0.176922 0.0798222 0.704101 0.581342 0.699973 0.55207 0.249519 0.100803 0.890817 0.860319 0.0113852 0.34529 0.0388119 
12 10 14 20 19 
0.631924 0.583724 0.374225 0.0625887 0.337041 0.899435 0.353923 0.131702 0.484372 0.415605 0.789058 0.235064 0.596399 0.83233 0.411987 0.676221 0.536431 0.993329 0.376194 0.0885012 0.242848 0.476997 0.979318 0.103168 0.488382 0.324608 0.141979 0.236153 0.782753 0.077141 0.994173 0.414678 
13 11 33 4 12 
0.129607 0.752205 0.246795 0.918666 0.987269 0.843193 0.750995 0.399256 0.519414 0.287426 0.392585 0.895608 0.375927 0.635434 0.372604 0.355246 0.738601 0.860986 0.679854 0.880581 0.0971391 0.462607 0.957722 0.0913121 0.877285 0.618586 0.45971 0.354551 0.616492 0.727543 0.185741 0.746099 
14 26 31 4 23 
0.275729 0.41576 0.866274 0.795143 0.703186 0.258859 0.690751 0.0791138 0.894293 0.0633552 0.43436 0.632894 0.924342 0.114214 0.513474 0.0214807 0.576821 0.471196 0.112793 0.454105 0.0897819 0.572503 0.808656 0.706274 0.300046 0.994396 0.452373 0.779794 0.426932 0.117137 0.246812 0.702661 
15 38 9 27 22 
0.371945 0.188554 0.315197 0.266238 0.251909 0.749557 0.899131 0.176251 0.863771 0.412605 0.197732 0.440591 0.883801 0.310524 0.894696 0.973583 0.883027 0.703352 0.679857 0.183073 0.697749 0.132229 0.962868 0.124681 0.249367 0.20968 0.827341 0.782264 0.322766 0.325145 0.0183473 0.694711 
16 17 31 34 19 
0.0831014 0.86008 0.94186 0.946872 0.272685 0.139591 0.387463 0.156487 0.450116 0.282159 0.13007 0.333143 0.985512 0.809927 0.516217 0.683261 0.942156 0.479085 0.807941 0.191523 0.688765 0.635283 0.973786 0.011531 0.960428 0.992134 0.706242 0.474127 0.325678 0.667191 0.239736 0.40878 
17 7 38 9 34 
0.321187 0.743115 0.956443 0.771303 0.0252742 0.0865128 0.104446 0.010786 0.896439 0.620663 0.694047 0.838595 0.0997473 0.501988 0.0301179 0.788512 0.137271 0.0039043 0.800043 0.0976983 0.996038 0.506285 0.571825 0.321716 0.173476 0.811561 0.730496 0.700747 0.993156 0.0861473 0.500704 0.314343 
18 33 14 6 25 
0.54366 0.190091 0.865322 0.440099 0.810754 0.559369 0.278694 0.910501 0.0613569 0.308812 0.699013 0.198628 0.312716 0.499056 0.296326 0.308754 0.00534175 0.868151 0.63047 0.178818 0.679712 0.360966 0.879565 0.672868 0.447113 0.380269 0.98721 0.276375 0.837416 0.0728558 0.130912 0.381075 
19 16 14 4 32 
0.555603 0.0998682 0.984202 0.61696 0.40868 0.683215 0.815587 0.721397 0.182272 0.111913 0.030151 0.187613 0.980064 0.660621 0.366431 0.659776 0.0215876 0.245997 0.332644 0.468701 0.626266 0.319854 0.745077 0.463681 0.39271 0.875988 0.844756 0.655657 0.872222 0.66593 0.729358 0.427825 
20 36 26 31 25 
0.396775 0.860372 0.895875 0.579047 0.972286 0.926026 0.76666 0.95235 0.586648 0.133092 0.612126 0.608235 0.379089 0.94477 0.0769364 0.00535411 0.264625 0.822013 0.469035 0.657335 0.698001 0.313791 0.312992 0.570223 0.979722 0.04235 0.998048 0.74552 0.75591 0.0428334 0.919999 0.152685 
21 9 3 0 35 
0.7419 0.498393 0.827842 0.328548 0.631485 0.439968 0.936783 0.0105731 0.384738 0.0137198 0.0159272 0.649363 0.835733 0.484962 0.306698 0.533734 0.798754 0.61969 0.103957 0.778475 0.66204 0.102006 0.523995 0.41795 0.144839 0.443994 0.570635 0.048045 0.259868 0.302367 0.923536 0.00176808 
22 39 37 3 18 
0.191346 0.267099 0.442818 0.576085 0.280819 0.458745 0.225448 0.116552 0.943707 0.532146 0.650286 0.742461 0.151836 0.754243 0.520937 0.813876 0.856249 0.0449322 0.231825 0.00108841 0.488926 0.802461 0.0491334 0.748794 0.104828 0.97267 0.750562 0.905588 0.724048 0.0808782 0.337833 0.915394 
23 2 19 30 29 
0.239395 0.716926 0.745349 0.183103 0.249072 0.395635 0.925564 0.400907 0.149878 0.446501 0.214783 0.00612705 0.491433 0.446608 0.00721546 0.980359 0.249069 0.0563489 0.729153 0.353897 0.0290187 0.479715 0.259485 0.753067 0.560594 0.597318 0.668461 0.908571 0.377968 0.159939 0.537368 0.617364 
24 34 5 23 36 
0.678351 0.72603 0.526845 0.828229 0.172531 0.741628 0.834356 0.663964 0.188236 0.841572 0.644323 0.437305 0.897921 0.373476 0.791202 0.926939 0.853192 0.0506876 0.680006 0.413786 0.648005 0.348467 0.322357 0.0259736 0.508406 0.859725 0.643337 0.385271 0.142442 0.443803 0.511209 0.820793 
25 38 10 37 5 
0.483379 0.00632852 0.967917 0.324951 0.650652 0.405222 0.222872 0.0241279 0.196425 0.149811 0.87732 0.247112 0.829817 0.291105 0.895118 0.178283 0.613462 0.921091 0.686689 0.473187 0.564428 0.0719605 0.615629 0.00823185 0.583169 0.436423 0.178066 0.621222 0.0854451 0.52043 0.400903 0.568824 
26 21 15 35 9 
0.774043 0.116646 0.201538 0.970467 0.266457 0.0788579 0.217579 0.0962741 0.369963 0.112697 0.274558 0.983425 0.0337882 0.961247 0.456613 0.598217 0.0332073 0.0722419 0.606448 0.616376 0.508664 0.784514 0.237599 0.59411 0.304944 0.638502 0.162934 0.831703 0.00732235 0.0567086 0.00911303 0.781365 
27 20 12 28 14 
0.289509 0.969412 0.536087 0.659472 0.0821086 0.810644 0.642898 0.115897 0.771891 0.0995103 0.714113 0.805098 0.171752 0.320562 0.421474 0.680417 0.105076 0.659073 0.274526 0.41002 0.297575 0.43746 0.241723 0.304897 0.494168 0.250836 0.0862624 0.667523 0.461487 0.838095 0.107336 0.750996 
28 20 8 15 32 
0.454067 0.0533658 0.00551162 0.225957 0.152876 0.719625 0.0310554 0.324628 0.0401869 0.45253 0.0050448 0.145263 0.111603 0.279571 0.555283 0.409178 0.717031 0.797006 0.714075 0.211199 0.0478414 0.800338 0.878722 0.509328 0.638433 0.986058 0.260324 0.445939 0.629481 0.670793 0.335554 0.0835472 
29 10 3 1 16 
0.0606903 0.34056 0.201663 0.100877 0.79309 0.206708 0.24614 0.904693 0.486278 0.801423 0.313871 0.203309 0.598428 0.0279463 0.414508 0.64627 0.828284 0.29323 0.155598 0.466717 0.279289 0.415922 0.912655 0.908769 0.0867149 0.248209 0.992317 0.810873 0.589274 0.301821 0.687908 0.649965 
30 36 37 18 14 
0.096278 0.996982 0.340164 0.582556 0.798404 0.654035 0.785865 0.396832 0.681981 0.200373 0.0431019 0.510265 0.493604 0.1987 0.976982 0.772893 0.614622 0.889637 0.681662 0.701337 0.137847 0.673979 0.51221 0.727121 0.9758 0.200118 0.377085 0.618181 0.0896885 0.127927 0.0536525 0.185967 
31 37 35 2 21 
0.554388 0.320145 0.729832 0.754762 0.363247 0.240097 0.248366 0.561947 0.217079 0.0212586 0.176569 0.106717 0.702921 0.877906 0.244563 0.3769 0.390116 0.971684 0.3527 0.590234 0.348769 0.970881 0.679923 0.476697 0.0245338 0.865889 0.601605 0.41835 0.634412 0.524918 0.466201 0.188801 
32 20 10 37 28 
0.436131 0.191929 0.770258 0.65321 0.213187 0.946827 0.759927 0.916108 0.824733 0.00449023 0.293008 0.214849 0.976174 0.645708 0.805083 0.324944 0.616589 0.485006 0.80164 0.641123 0.350895 0.403246 0.0594729 0.985307 0.928164 0.525674 0.174108 0.773227 0.721708 0.117671 0.981538 0.157839 
33 28 7 10 24 
0.698622 0.570976 0.438895 0.523355 0.575466 0.731903 0.738204 0.551641 0.377611 0.543287 0.876584 0.9942 0.0282925 0.678225 0.635322 0.379188 0.0814701 0.694795 0.364495 0.00963388 0.22047 0.538603 0.782861 0.942177 0.656275 0.764399 0.100016 0.965874 0.516194 0.911065 0.488662 0.214817 
34 19 16 36 10 
0.65946 0.476375 0.609148 0.0370713 0.0196615 0.485732 0.0312711 0.047954 0.163957 0.666594 0.427142 0.245427 0.361389 0.791637 0.255061 0.581859 0.33024 0.037922 0.524036 0.986515 0.802321 0.624052 0.952389 0.318515 0.535118 0.441051 0.533332 0.017159 0.368608 0.271503 0.0746665 0.0280683 
35 33 34 32 18 
0.169547 0.0964106 0.815494 0.333504 0.763004 0.242635 0.578931 0.124393 0.0342719 0.833992 0.706252 0.364512 0.871914 0.230288 0.351027 0.674235 0.85434 0.303416 0.99275 0.389458 0.744467 0.526082 0.406617 0.113075 0.797586 0.481283 0.141143 0.545464 0.165098 0.206283 0.313003 0.334645 
36 39 38 37 19 
0.371132 0.24708 0.190091 0.405404 0.0810717 0.896342 0.769916 0.952986 0.12663 0.120943 0.62722 0.980971 0.424359 0.619971 0.370429 0.168826 0.146053 0.777046 0.281901 0.943639 0.258329 0.423044 0.489102 0.423427 0.629326 0.802106 0.758072 0.932019 0.930603 0.426221 0.997717 0.301735 
37 22 36 17 31 
0.0841498 0.477055 0.707358 0.21078 0.597998 0.334579 0.191751 0.022357 0.95455 0.56218 0.191183 0.100603 0.339225 0.473083 0.0442414 0.597555 0.896127 0.533344 0.0209817 0.525453 0.33545 0.779054 0.457472 0.266052 0.205275 0.455189 0.567787 0.878576 0.642997 0.274926 0.632949 0.727146 
38 33 28 10 37 
0.674886 0.129678 0.372336 0.629435 0.691857 0.563519 0.730038 0.0310827 0.0366022 0.774279 0.628637 0.932729 0.307623 0.649619 0.458182 0.643073 0.428673 0.915655 0.909125 0.633948 0.370844 0.476912 0.512524 0.0138405 0.751838 0.145473 0.740987 0.503819 0.48578 0.678914 0.853798 0.160665 
39 14 26 21 11 
0.520139 0.531531 0.826255 0.294418 0.160169 0.758985 0.602041 0.809788 0.217167 0.245114 0.23846 0.132821 0.154239 0.872408 0.503665 0.631151 0.384932 0.517506 0.382989 0.530405 0.258493 0.886809 0.0161849 0.937407 0.740607 0.17685 0.745998 0.966741 0.966951 0.246447 0.756394 0.48709 
