400 3
0 1 1 1 1 0 1 0 1 0 0 0 1 1 1 1 0 0 0 1 0 0 1 1 1 1 0 0 1 0 0 0 0 0 1 0 1 1 1 1 0 0 1 1 1 1 1 0 0 1 0 1 0 0 0 1 0 1 0 1 1 1 0 0 0 0 0 0 1 0 1 0 0 1 0 0 1 1 1 0 1 0 0 0 1 1 0 1 0 1 1 0 1 0 1 0 0 0 0 0 0 0 1 1 0 1 0 0 1 0 1 1 1 0 0 1 1 0 1 0 0 1 1 1 1 1 0 0 1 1 1 0 0 1 0 1 1 1 0 1 0 0 1 0 0 1 0 0 0 1 1 1 1 1 1 1 1 1 0 1 1 0 0 1 1 1 1 1 1 1 0 0 0 0 1 1 0 1 0 1 1 0 0 1 0 0 0 1 0 1 1 1 1 1 1 1 1 1 1 0 1 0 1 1 0 0 1 1 0 1 0 0 0 1 0 0 0 1 0 0 0 0 0 0 0 0 0 1 0 0 0 1 0 0 1 1 1 1 1 0 1 0 1 1 0 1 0 0 1 1 1 0 0 0 1 0 1 0 0 0 0 1 0 1 0 0 1 1 1 1 0 1 1 1 1 0 1 0 1 1 0 1 1 0 0 1 1 0 1 0 0 0 0 1 0 1 1 0 1 1 0 1 1 0 1 0 0 1 1 0 1 1 1 1 0 0 0 0 0 0 1 1 1 0 1 0 0 1 1 1 1 0 1 0 0 1 1 1 1 1 0 1 1 0 0 0 0 1 1 1 0 1 1 0 0 1 1 0 0 1 0 0 0 0 1 1 0 1 1 0 0 1 0 0 0 1 0 1 1 0 1 0 1 1 1 0 0 1 1 1 1 0 0 1 1 1 1 0 1 0 
0 124 233 
0.016901 0.429531 0.823979 0.396237 0.480445 0.774461 0.999655 0.151053 
1 261 51 
0.604154 0.620509 0.0358653 0.980182 0.7239 0.456679 0.338569 0.750113 
2 45 148 
0.822074 0.757273 0.933799 0.105371 0.886423 0.00976734 0.716827 0.926598 
3 277 193 
0.687195 0.126927 0.7466 0.511174 0.523163 0.227046 0.285635 0.522818 
4 377 205 
0.0662289 0.982252 0.0604622 0.102094 0.962435 0.784362 0.558774 0.301004 
5 225 275 
0.875349 0.356549 0.455507 0.809148 0.46192 0.34193 0.818915 0.178747 
6 97 364 
0.495816 0.955723 0.0558676 0.242416 0.466897 0.579031 0.469462 0.752532 
7 21 216 
0.192485 0.168078 0.829813 0.252947 0.270173 0.792247 0.0373084 0.828946 
8 252 247 
0.52718 0.9686 0.928331 0.982687 0.777748 0.390251 0.324618 0.596664 
9 35 50 
0.525605 0.064814 0.548869 0.581472 0.30723 0.0157657 0.160503 0.776692 
10 81 100 
0.624252 0.960782 0.430431 0.454065 0.213728 0.700604 0.246312 0.251037 
11 57 349 
0.82282 0.0567305 0.308163 0.751151 0.039418 0.0859119 0.141402 0.364036 
12 159 127 
0.957182 0.20818 0.775215 0.506051 0.789653 0.0824446 0.521817 0.950156 
13 134 53 
0.212509 0.483388 0.250896 0.64294 0.937453 0.464624 0.343544 0.183765 
14 207 240 
0.523328 0.53848 0.929825 0.831491 0.289631 0.969243 0.917403 0.431034 
15 320 312 
0.141434 0.290461 0.808159 0.916649 0.796512 0.597812 0.999094 0.318328 
16 69 161 
0.608442 0.760477 0.341618 0.859338 0.403418 0.279071 0.323962 0.746962 
17 44 337 
0.620056 0.986163 0.578103 0.549881 0.817654 0.867734 0.519124 0.735057 
18 379 392 
0.335035 0.440202 0.142863 0.143194 0.356852 0.939375 0.741006 0.355945 
19 344 291 
0.214175 0.866145 0.049452 0.555793 0.725483 0.45287 0.834863 0.0494448 
20 379 314 
0.0890673 0.819889 0.283861 0.66717 0.36977 0.101515 0.534905 0.888894 
21 202 340 
0.741297 0.171607 0.273875 0.88416 0.314801 0.630727 0.823535 0.0558076 
22 322 144 
0.344782 0.200847 0.947383 0.394234 0.75664 0.672866 0.847104 0.591503 
23 79 331 
0.889202 0.811378 0.866825 0.173063 0.478548 0.236595 0.274578 0.0134528 
24 300 205 
0.847125 0.866785 0.282756 0.121001 0.750945 0.597557 0.751727 0.574479 
25 174 137 
0.655717 0.998147 0.939246 0.6031 0.392382 0.695885 0.275966 0.239486 
26 168 199 
0.286422 0.17659 0.809655 0.153247 0.349653 0.288203 0.389841 0.624231 
27 328 263 
0.73538 0.148781 0.382115 0.0181363 0.269782 0.133059 0.615694 0.0215089 
28 22 81 
0.759908 0.363256 0.267206 0.699154 0.966356 0.659588 0.395039 0.242322 
29 40 264 
0.240598 0.185496 0.859018 0.0502527 0.338743 0.208671 0.338456 0.728584 
30 350 193 
0.243914 0.568282 0.788892 0.626029 0.586418 0.0586742 0.759088 0.202112 
31 89 338 
0.471171 0.840091 0.829883 0.738377 0.539245 0.796239 0.397965 0.934284 
32 275 328 
0.616712 0.279158 0.482535 0.475729 0.329411 0.821278 0.6844 0.667867 
33 246 159 
0.307978 0.793777 0.0855833 0.0968704 0.419806 0.672001 0.155545 0.178894 
34 161 171 
0.645522 0.345283 0.075819 0.475405 0.0836604 0.615064 0.271643 0.481625 
35 140 304 
0.778665 0.166059 0.589362 0.2612 0.641789 0.918773 0.0824784 0.326189 
36 62 86 
0.843491 0.894618 0.426118 0.929074 0.991488 0.845924 0.601075 0.147033 
37 392 3 
0.382761 0.67034 0.820471 0.45858 0.145745 0.904132 0.0736433 0.417388 
38 209 5 
0.727592 0.164422 0.78905 0.316954 0.425622 0.430839 0.235727 0.5081 
39 392 299 
0.140442 0.600519 0.716984 0.56656 0.529593 0.708472 0.412484 0.130668 
40 260 2 
0.605856 0.238265 0.107643 0.426328 0.696844 0.253388 0.330459 0.770488 
41 97 378 
0.393479 0.398368 0.880639 0.182529 0.715321 0.30626 0.613369 0.951048 
42 51 158 
0.773414 0.954802 0.970916 0.490398 0.521362 0.500509 0.19887 0.933846 
43 328 113 
0.371149 0.237034 0.292639 0.478792 0.663361 0.989483 0.73218 0.993821 
44 183 348 
0.710037 0.153449 0.801323 0.590676 0.335979 0.516645 0.896936 0.949347 
45 247 189 
0.319744 0.241107 0.666099 0.29066 0.731505 0.187462 0.791169 0.930375 
46 317 6 
0.984749 0.492457 0.65938 0.277387 0.971249 0.322742 0.26687 0.703428 
47 76 211 
0.106384 0.0265997 0.18029 0.907708 0.617276 0.516269 0.424352 0.514212 
48 209 272 
0.225509 0.785361 0.133153 0.891609 0.0760208 0.864658 0.0790702 0.86719 
49 132 354 
0.289537 0.779781 0.692835 0.948917 0.0571682 0.664084 0.271659 0.324038 
50 232 338 
0.350879 0.473896 0.614821 0.531169 0.381604 0.232097 0.0474384 0.805956 
51 109 228 
0.698002 0.971818 0.298415 0.831154 0.863426 0.374436 0.695812 0.942497 
52 171 329 
0.142875 0.531163 0.270626 0.83571 0.480081 0.327794 0.499793 0.75174 
53 86 12 
0.339961 0.00271149 0.341202 0.954782 0.533881 0.722805 0.186879 0.581319 
54 353 393 
0.094374 0.226763 0.905006 0.392789 0.0579179 0.768432 0.767225 0.75373 
55 5 198 
0.244575 0.853803 0.540015 0.515201 0.689513 0.0200958 0.842995 0.189307 
56 372 191 
0.056612 0.111797 0.497539 0.397814 0.0665793 0.0314194 0.120619 0.253458 
57 98 140 
0.186646 0.707113 0.876144 0.0916519 0.0999022 0.934062 0.860084 0.867128 
58 77 30 
0.875979 0.932367 0.424816 0.415994 0.447568 0.114329 0.43609 0.290563 
59 254 115 
0.78539 0.360248 0.319723 0.282928 0.758061 0.386302 0.314348 0.87868 
60 275 300 
0.528061 0.826407 0.634199 0.404206 0.918059 0.734101 0.338268 0.778142 
61 376 294 
0.349155 0.477208 0.958428 0.773971 0.893203 0.405996 0.8883 0.329293 
62 87 360 
0.537219 0.481948 0.552183 0.856942 0.764876 0.310244 0.243244 0.0792241 
63 387 269 
0.0063106 0.716986 0.709411 0.64051 0.121192 0.627469 0.374611 0.45946 
64 98 237 
0.48552 0.754767 0.453049 0.443948 0.528738 0.346252 0.849944 0.417037 
65 384 244 
0.608973 0.212764 0.02845 0.161155 0.0697051 0.793326 0.4714 0.312949 
66 241 56 
0.195953 0.878861 0.37731 0.905363 0.519371 0.498502 0.532833 0.893982 
67 21 279 
0.869823 0.443482 0.693211 0.322872 0.88743 0.221948 0.669123 0.737373 
68 18 285 
0.283875 0.247958 0.557432 0.312325 0.409114 0.627137 0.105651 0.880514 
69 49 334 
0.540838 0.136038 0.857063 0.918148 0.0414015 0.376434 0.41665 0.574234 
70 34 48 
0.512678 0.140239 0.818093 0.205889 0.463111 0.705522 0.427838 0.132234 
71 217 192 
0.476902 0.726771 0.314782 0.0343339 0.0390955 0.723896 0.661471 0.144747 
72 64 220 
0.122949 0.145247 0.737594 0.980011 0.0633951 0.778996 0.356445 0.480045 
73 339 166 
0.854656 0.865908 0.767101 0.672749 0.0717977 0.230211 0.378271 0.499636 
74 136 68 
0.566459 0.839348 0.547937 0.881242 0.873682 0.587033 0.605138 0.535153 
75 122 205 
0.136709 0.854728 0.354795 0.874303 0.83474 0.41819 0.653298 0.191185 
76 351 348 
0.818047 0.752891 0.872436 0.585147 0.425639 0.944234 0.815359 0.80391 
77 173 318 
0.625077 0.0103292 0.0171525 0.173014 0.891571 0.890834 0.760047 0.496709 
78 290 371 
0.706256 0.562695 0.346555 0.0610515 0.436998 0.181295 0.479242 0.0902967 
79 234 117 
0.0968249 0.190527 0.130367 0.969261 0.775674 0.556007 0.913495 0.591033 
80 204 8 
0.768838 0.984994 0.367694 0.78599 0.158009 0.259265 0.676825 0.918056 
81 233 278 
0.409883 0.46223 0.665507 0.756438 0.523282 0.102505 0.937733 0.00252355 
82 70 340 
0.38 0.289627 0.500741 0.510368 0.258888 0.276415 0.0663742 0.172383 
83 40 122 
0.529749 0.636287 0.411286 0.897443 0.422277 0.569294 0.156708 0.0991017 
84 102 86 
0.201913 0.897234 0.374912 0.86742 0.653672 0.898194 0.969926 0.591405 
85 374 367 
0.901619 0.280717 0.452355 0.40236 0.791085 0.711243 0.678776 0.857459 
86 233 231 
0.283751 0.413375 0.182511 0.695036 0.310818 0.604788 0.264331 0.467526 
87 122 336 
0.380207 0.905803 0.648915 0.755119 0.773224 0.302587 0.653313 0.743149 
88 197 159 
0.905877 0.795611 0.834748 0.358232 0.197971 0.625832 0.0694752 0.876747 
89 149 374 
0.422971 0.767042 0.366477 0.605482 0.462078 0.677295 0.21027 0.726409 
90 45 336 
0.47809 0.525027 0.819963 0.127005 0.280146 0.593187 0.429592 0.933459 
91 348 310 
0.487489 0.242214 0.119195 0.322237 0.600446 0.317167 0.948069 0.669921 
92 242 98 
0.623023 0.616885 0.198403 0.9895 0.222368 0.660482 0.666794 0.432638 
93 54 135 
0.346798 0.864981 0.336642 0.166761 0.991986 0.616788 0.759948 0.421578 
94 244 144 
0.745162 0.0377369 0.338498 0.864357 0.359974 0.938944 0.181524 0.308043 
95 11 111 
0.739404 0.231888 0.992323 0.937808 0.221388 0.21469 0.598289 0.888182 
96 10 163 
0.699797 0.994126 0.850161 0.0364382 0.160888 0.842147 0.653226 0.920836 
97 128 1 
0.0171203 0.00888738 0.241211 0.355618 0.873245 0.601185 0.294563 0.0547683 
98 164 4 
0.430206 0.648632 0.135316 0.422529 0.58644 0.356704 0.637219 0.184729 
99 39 190 
0.169909 0.944683 0.278674 0.0200703 0.981121 0.439561 0.862218 0.634348 
100 151 275 
0.837821 0.377517 0.134831 0.0790322 0.733136 0.00807514 0.680217 0.0276983 
101 153 93 
0.931126 0.493049 0.238077 0.0664425 0.915578 0.824516 0.423147 0.552797 
102 235 360 
0.837344 0.179154 0.612716 0.116018 0.199225 0.593837 0.555579 0.0614426 
103 37 120 
0.187386 0.0660065 0.293493 0.322216 0.145039 0.026629 0.330292 0.825256 
104 7 399 
0.4147 0.985453 0.886185 0.652777 0.051896 0.801763 0.477293 0.475043 
105 243 365 
0.143076 0.191904 0.665693 0.755792 0.307922 0.864918 0.349629 0.863501 
106 244 59 
0.779478 0.113746 0.643821 0.0729708 0.435963 0.78886 0.0995998 0.766254 
107 236 109 
0.159389 0.0288154 0.13938 0.0455738 0.681592 0.191276 0.847336 0.158885 
108 172 213 
0.645423 0.809395 0.393801 0.311116 0.565187 0.701723 0.176034 0.914817 
109 149 81 
0.492631 0.344702 0.21614 0.136452 0.417673 0.652103 0.925312 0.517272 
110 226 127 
0.671199 0.577746 0.568243 0.81058 0.62332 0.249835 0.00185618 0.470656 
111 325 289 
0.672553 0.0541432 0.47757 0.0663533 0.365259 0.0427574 0.768076 0.541293 
112 336 219 
0.643687 0.450205 0.678002 0.859828 0.586657 0.0956746 0.51193 0.511969 
113 355 17 
0.0513965 0.284146 0.508034 0.619639 0.0947261 0.131353 0.869474 0.0965822 
114 112 93 
0.764758 0.274563 0.332337 0.242328 0.340916 0.697596 0.285085 0.108992 
115 13 387 
0.442292 0.882577 0.692864 0.120295 0.742405 0.279521 0.215969 0.254335 
116 374 201 
0.184623 0.842887 0.113062 0.692656 0.462526 0.207788 0.82401 0.332 
117 315 273 
0.610194 0.0691282 0.700582 0.942531 0.311456 0.0414984 0.640127 0.596541 
118 388 218 
0.8392 0.592783 0.761594 0.532064 0.713078 0.503999 0.811586 0.929047 
119 179 383 
0.757963 0.942957 0.445963 0.871025 0.635614 0.908489 0.0788137 0.459623 
120 271 278 
0.885643 0.850683 0.452313 0.586225 0.793213 0.763769 0.627724 0.433341 
121 344 256 
0.312358 0.19951 0.370997 0.0739519 0.731574 0.084075 0.577951 0.54316 
122 295 121 
0.146236 0.771085 0.279243 0.592199 0.64211 0.914857 0.500688 0.720924 
123 172 330 
0.104108 0.260123 0.59186 0.556421 0.846349 0.385073 0.320189 0.474073 
124 347 42 
0.252287 0.130772 0.880009 0.623285 0.204724 0.611584 0.70736 0.782675 
125 274 112 
0.118961 0.30098 0.491566 0.398204 0.893179 0.133676 0.313061 0.393867 
126 248 111 
0.135044 0.958707 0.947665 0.726904 0.515128 0.794014 0.111978 0.835317 
127 61 211 
0.515816 0.520374 0.0611635 0.395826 0.143658 0.265887 0.00740933 0.851018 
128 214 91 
0.571499 0.167523 0.463133 0.0630649 0.565727 0.356312 0.196741 0.878788 
129 386 193 
0.566329 0.885224 0.010047 0.513994 0.612129 0.525175 0.308008 0.724106 
130 107 276 
0.654498 0.876308 0.0964684 0.715662 0.272134 0.240127 0.981549 0.279543 
131 241 364 
0.662644 0.197633 0.904829 0.725709 0.76336 0.261142 0.922449 0.642148 
132 384 235 
0.208477 0.896545 0.983836 0.722471 0.508674 0.509011 0.030479 0.23278 
133 357 337 
0.887279 0.745811 0.703042 0.602941 0.0179447 0.943169 0.58449 0.297488 
134 323 290 
0.739184 0.696957 0.812234 0.644014 0.422666 0.575594 0.905155 0.345115 
135 288 159 
0.318904 0.426218 0.813022 0.30274 0.148689 0.321696 0.81175 0.179168 
136 146 181 
0.785742 0.441755 0.427064 0.488784 0.0446957 0.445009 0.431953 0.629185 
137 395 266 
0.243786 0.48168 0.163224 0.0560194 0.125694 0.585889 0.631613 0.0308492 
138 302 95 
0.947326 0.249908 0.275573 0.760348 0.552647 0.424262 0.0820439 0.364398 
139 267 90 
0.0456508 0.389173 0.0782754 0.472715 0.877957 0.122971 0.917723 0.30991 
140 31 111 
0.776177 0.995942 0.1419 0.939401 0.0519612 0.267594 0.52529 0.683574 
141 100 173 
0.532929 0.245769 0.706202 0.808502 0.00611708 0.258849 0.232765 0.088161 
142 195 12 
0.724681 0.668898 0.225368 0.802957 0.141612 0.103326 0.925928 0.0593355 
143 191 61 
0.719555 0.189413 0.674026 0.861455 0.128814 0.725987 0.129049 0.654104 
144 75 201 
0.110398 0.942491 0.673262 0.816599 0.750993 0.679379 0.0754483 0.983757 
145 61 203 
0.819953 0.492221 0.367593 0.0453212 0.295178 0.509205 0.148647 0.221105 
146 314 54 
0.899189 0.288096 0.751296 0.573215 0.149551 0.88011 0.299202 0.2786 
147 93 243 
0.706093 0.644611 0.651254 0.379355 0.461211 0.402247 0.0587334 0.536659 
148 109 250 
0.235354 0.205957 0.318494 0.602946 0.251278 0.613672 0.112151 0.399925 
149 73 338 
0.733967 0.968787 0.713104 0.307182 0.118338 0.593214 0.606384 0.396938 
150 258 397 
0.103031 0.772038 0.966401 0.482385 0.233249 0.368648 0.541119 0.769908 
151 325 302 
0.00526161 0.960609 0.685886 0.608208 0.211886 0.299558 0.720359 0.611811 
152 359 20 
0.573619 0.868302 0.369838 0.286723 0.175484 0.488176 0.879936 0.781868 
153 355 349 
0.0970149 0.988145 0.779402 0.063416 0.47053 0.0126509 0.432064 0.0116492 
154 344 47 
0.379041 0.78782 0.147324 0.0649276 0.396028 0.35921 0.364486 0.116388 
155 323 361 
0.517439 0.544641 0.367124 0.887277 0.831363 0.542608 0.375453 0.7113 
156 272 201 
0.718663 0.421491 0.248712 0.498065 0.484907 0.719243 0.510716 0.916971 
157 203 24 
0.103686 0.109933 0.0810951 0.25101 0.174861 0.477123 0.610221 0.539347 
158 248 283 
0.0381685 0.11095 0.125883 0.405293 0.998227 0.957246 0.947901 0.37368 
159 296 51 
0.634247 0.387209 0.693869 0.882959 0.885274 0.178776 0.602202 0.39599 
160 291 384 
0.689265 0.199433 0.443027 0.77036 0.450443 0.617888 0.247484 0.0606641 
161 268 36 
0.641907 0.195403 0.951945 0.76779 0.600696 0.950171 0.725036 0.548597 
162 267 277 
0.820974 0.958098 0.780791 0.514843 0.841057 0.666065 0.693619 0.443259 
163 27 297 
0.776353 0.751321 0.988798 0.21938 0.521682 0.439242 0.837267 0.769165 
164 189 84 
0.61016 0.141812 0.189905 0.562105 0.909602 0.790601 0.512276 0.634638 
165 130 137 
0.0282198 0.160172 0.794225 0.809011 0.675015 0.635282 0.475076 0.368634 
166 13 116 
0.157999 0.854893 0.288453 0.146797 0.0742729 0.810135 0.586039 0.91154 
167 92 66 
0.906042 0.18946 0.227757 0.0959475 0.751565 0.137359 0.886548 0.263842 
168 318 182 
0.0999691 0.800217 0.385918 0.894194 0.609228 0.0609334 0.529476 0.0843038 
169 118 110 
0.621436 0.587566 0.46291 0.909889 0.734364 0.537183 0.720024 0.320403 
170 210 119 
0.406347 0.354766 0.488785 0.634104 0.450713 0.24035 0.771463 0.337261 
171 340 115 
0.563008 0.604161 0.343677 0.948926 0.498355 0.952905 0.00985933 0.0278313 
172 255 72 
0.635848 0.658644 0.0269928 0.0987581 0.568534 0.761356 0.635941 0.288558 
173 3 223 
0.587882 0.488106 0.43943 0.0766668 0.122211 0.890143 0.317017 0.893674 
174 80 309 
0.437135 0.790412 0.42537 0.780812 0.739338 0.923725 0.733716 0.749197 
175 119 52 
0.188624 0.587404 0.429569 0.215617 0.686163 0.998102 0.976973 0.322103 
176 306 187 
0.406768 0.874542 0.546839 0.846198 0.951209 0.66905 0.736341 0.268226 
177 126 93 
0.0894346 0.999859 0.754157 0.514805 0.78067 0.493495 0.43853 0.514386 
178 99 55 
0.285311 0.431316 0.97749 0.714879 0.646933 0.663653 0.712982 0.623906 
179 177 106 
0.682638 0.392524 0.874184 0.229477 0.238722 0.825392 0.898527 0.975062 
180 16 59 
0.938807 0.183053 0.461109 0.692964 0.697857 0.241779 0.186459 0.136387 
181 170 346 
0.526473 0.0414764 0.860467 0.503963 0.756356 0.5074 0.167616 0.469338 
182 199 187 
0.468979 0.813944 0.545897 0.343163 0.0434212 0.784618 0.168555 0.941948 
183 338 374 
0.403198 0.698488 0.445226 0.864308 0.391452 0.143083 0.106087 0.577911 
184 322 59 
0.00706226 0.805943 0.903729 0.86753 0.309906 0.660085 0.37493 0.477522 
185 288 219 
0.630895 0.598402 0.32018 0.176791 0.941565 0.363602 0.96141 0.11012 
186 241 394 
0.372293 0.708748 0.419578 0.817519 0.573056 0.81103 0.960602 0.679142 
187 100 78 
0.541395 0.396003 0.0460148 0.445124 0.263532 0.355921 0.105209 0.638462 
188 370 117 
0.144699 0.464337 0.833033 0.464879 0.641129 0.774598 0.828481 0.602538 
189 173 226 
0.323628 0.257011 0.842778 0.743206 0.0745297 0.415834 0.554236 0.0351319 
190 216 366 
0.275204 0.636371 0.339179 0.321219 0.0814951 0.602711 0.67714 0.186704 
191 232 19 
0.421335 0.385872 0.97492 0.254368 0.850751 0.616048 0.0289661 0.679232 
192 344 396 
0.813262 0.542215 0.170694 0.656041 0.285421 0.245224 0.0718744 0.839656 
193 391 52 
0.782832 0.55556 0.803222 0.122011 0.876779 0.884717 0.724722 0.553918 
194 239 52 
0.0645007 0.492756 0.351768 0.0394204 0.747124 0.20252 0.655469 0.776091 
195 124 147 
0.689774 0.695014 0.41627 0.860469 0.351055 0.70169 0.105693 0.422929 
196 189 336 
0.58978 0.324179 0.941609 0.393002 0.44619 0.818388 0.277718 0.170912 
197 162 339 
0.136808 0.436807 0.841895 0.488577 0.476227 0.58902 0.691097 0.131696 
198 385 10 
0.00575071 0.0548845 0.267863 0.42202 0.915353 0.618918 0.123711 0.021046 
199 206 271 
0.407095 0.631627 0.989236 0.348704 0.0246282 0.435426 0.167091 0.302347 
200 23 292 
0.651486 0.743147 0.976204 0.493381 0.231724 0.452431 0.0824008 0.922821 
201 132 341 
0.495669 0.589877 0.502396 0.763532 0.0118976 0.417749 0.38245 0.135608 
202 234 342 
0.800666 0.84589 0.055923 0.789902 0.194593 0.0805512 0.225328 0.361684 
203 167 369 
0.901082 0.0343835 0.574814 0.877286 0.527765 0.806538 0.329716 0.610165 
204 44 285 
0.0576764 0.225028 0.50372 0.560072 0.98856 0.515618 0.977821 0.37101 
205 23 8 
0.795306 0.451892 0.262505 0.851229 0.241794 0.457098 0.93178 0.467123 
206 80 372 
0.29879 0.719865 0.349061 0.873604 0.59715 0.876826 0.680142 0.926867 
207 287 89 
0.840709 0.544668 0.634529 0.34443 0.10474 0.623089 0.860047 0.0825603 
208 285 294 
0.499176 0.789405 0.963166 0.761681 0.640634 0.20496 0.21878 0.572414 
209 85 399 
0.887092 0.970872 0.757427 0.236153 0.844476 0.354577 0.112979 0.524618 
210 77 114 
0.93412 0.122153 0.144638 0.568649 0.466583 0.249377 0.191738 0.32663 
211 58 245 
0.837903 0.831114 0.975243 0.801069 0.592795 0.615877 0.00602862 0.811574 
212 230 39 
0.849137 0.0753829 0.648983 0.606564 0.311536 0.493459 0.961141 0.424515 
213 97 67 
0.0244858 0.952197 0.364738 0.169124 0.520846 0.83132 0.418501 0.712584 
214 216 291 
0.898422 0.995854 0.581553 0.873664 0.796923 0.174347 0.489541 0.802951 
215 93 226 
0.481062 0.835059 0.753215 0.130045 0.441623 0.0647509 0.623504 0.402764 
216 337 289 
0.645349 0.513752 0.593778 0.0100864 0.682876 0.114624 0.841407 0.101377 
217 77 75 
0.851816 0.72563 0.995211 0.433368 0.599294 0.792134 0.607716 0.0888351 
218 126 286 
0.766667 0.0761472 0.428696 0.519881 0.206192 0.870319 0.584632 0.829696 
219 166 359 
0.471277 0.918431 0.587651 0.0650554 0.928517 0.270527 0.179679 0.769924 
220 192 155 
0.769281 0.22372 0.732517 0.764492 0.657088 0.331811 0.556626 0.264804 
221 48 32 
0.858441 0.187313 0.227858 0.287137 0.707195 0.434051 0.157456 0.291827 
222 288 81 
0.365726 0.735024 0.348969 0.953377 0.80008 0.277487 0.223903 0.979759 
223 65 31 
0.986646 0.816693 0.819527 0.719163 0.581185 0.476615 0.0509744 0.137811 
224 399 241 
0.289522 0.599859 0.658934 0.517381 0.886997 0.366128 0.951431 0.0444525 
225 147 332 
0.474991 0.0236807 0.950203 0.82396 0.977057 0.750283 0.101447 0.200961 
226 89 262 
0.796768 0.716688 0.965551 0.616295 0.435851 0.546736 0.0929099 0.486825 
227 141 99 
0.958446 0.974069 0.434188 0.61738 0.49145 0.321184 0.983508 0.442881 
228 150 232 
0.658059 0.840628 0.665144 0.608262 0.664588 0.642201 0.358545 0.766035 
229 133 253 
0.914893 0.63993 0.805274 0.880444 0.256225 0.241125 0.427179 0.349135 
230 248 227 
0.183463 0.686397 0.0857951 0.617651 0.303777 0.577245 0.938835 0.287284 
231 58 356 
0.928747 0.678185 0.1451 0.593891 0.286447 0.809688 0.236092 0.644992 
232 257 245 
0.733579 0.490616 0.719184 0.538853 0.37106 0.975408 0.779978 0.798239 
233 244 184 
0.909965 0.508007 0.194326 0.99576 0.125658 0.498103 0.573005 0.064493 
234 149 240 
0.368965 0.714134 0.271316 0.514066 0.308025 0.557764 0.323754 0.544117 
235 51 55 
0.623371 0.936335 0.390093 0.342554 0.475188 0.761153 0.317963 0.255166 
236 110 96 
0.763095 0.469358 0.150513 0.957422 0.465119 0.27617 0.455524 0.0381238 
237 173 167 
0.631255 0.709629 0.955046 0.902571 0.223694 0.263071 0.460335 0.547448 
238 340 391 
0.446925 0.430559 0.599426 0.837019 0.773114 0.0746143 0.598172 0.0910765 
239 165 108 
0.733583 0.0928759 0.626923 0.884095 0.0502975 0.0920418 0.160265 0.505822 
240 220 61 
0.746734 0.761421 0.210557 0.70178 0.663992 0.434251 0.964851 0.124327 
241 138 281 
0.787419 0.428625 0.202599 0.386846 0.265644 0.975713 0.46146 0.863816 
242 221 9 
0.0213811 0.800372 0.884116 0.648304 0.684467 0.934414 0.740346 0.844732 
243 246 22 
0.345661 0.186969 0.631932 0.556218 0.888749 0.295925 0.990469 0.8536 
244 309 210 
0.62564 0.207671 0.400794 0.828239 0.594517 0.666437 0.803952 0.0559764 
245 50 51 
0.847217 0.551634 0.671113 0.731333 0.199939 0.35558 0.665747 0.940285 
246 267 378 
0.810797 0.545973 0.292952 0.442729 0.102191 0.181701 0.738654 0.0926605 
247 197 70 
0.0648293 0.660941 0.366577 0.465623 0.48918 0.961094 0.13206 0.293132 
248 241 272 
0.163873 0.864287 0.213948 0.834986 0.59562 0.413887 0.190566 0.261367 
249 97 189 
0.367349 0.164969 0.936852 0.660301 0.607699 0.0390431 0.842002 0.346353 
250 170 52 
0.505259 0.196533 0.538243 0.871836 0.662156 0.0274231 0.832929 0.794216 
251 100 52 
0.45653 0.484428 0.714286 0.670478 0.319413 0.309906 0.0843652 0.50998 
252 150 137 
0.900858 0.938622 0.603506 0.83771 0.598923 0.211205 0.876753 0.440924 
253 189 127 
0.318227 0.0628162 0.20499 0.85647 0.934652 0.867146 0.883893 0.767581 
254 32 160 
0.617581 0.117892 0.688875 0.331867 0.78837 0.00828897 0.641773 0.872735 
255 358 304 
0.311272 0.419127 0.151668 0.914779 0.256837 0.75059 0.125984 0.13359 
256 158 258 
0.142047 0.509741 0.746358 0.347037 0.366211 0.681009 0.214182 0.250105 
257 182 229 
0.454552 0.0661713 0.993436 0.143428 0.398038 0.781805 0.151717 0.0398118 
258 65 314 
0.252858 0.965813 0.0891121 0.404526 0.880592 0.345949 0.155116 0.00657527 
259 14 50 
0.690117 0.621586 0.856372 0.436474 0.968622 0.222584 0.117484 0.182804 
260 286 92 
0.0583481 0.927241 0.632245 0.0517837 0.0706686 0.0302839 0.833589 0.222386 
261 307 252 
0.892371 0.322954 0.453942 0.981483 0.72748 0.334534 0.327432 0.882596 
262 194 46 
0.229227 0.0312257 0.428556 0.0855994 0.4677 0.397178 0.308183 0.585183 
263 143 102 
0.151257 0.63833 0.708112 0.783503 0.690114 0.778781 0.813787 0.523703 
264 28 217 
0.0118328 0.893537 0.206836 0.465775 0.87502 0.934316 0.800309 0.202452 
265 363 101 
0.00942249 0.046139 0.172644 0.437979 0.131738 0.640344 0.835157 0.439922 
266 160 273 
0.220793 0.376784 0.0534694 0.928905 0.160287 0.743584 0.707686 0.974074 
267 0 285 
0.857957 0.27912 0.602389 0.064793 0.744895 0.477409 0.999109 0.545204 
268 325 176 
0.686622 0.689284 0.86216 0.859265 0.127262 0.993898 0.499609 0.962419 
269 292 257 
0.377558 0.654613 0.10192 0.431027 0.583518 0.262208 0.174611 0.291204 
270 124 135 
5.56083e-05 0.0942383 0.721017 0.602445 0.159031 0.465912 0.0798539 0.15814 
271 301 24 
0.974161 0.697737 0.448999 0.836321 0.557003 0.576261 0.83022 0.0566117 
272 171 351 
0.781748 0.916238 0.918653 0.883668 0.347265 0.502171 0.145875 0.521876 
273 369 292 
0.963774 0.79343 0.476395 0.684791 0.395875 0.635427 0.150703 0.475729 
274 202 162 
0.235444 0.767728 0.859556 0.684443 0.60405 0.416559 0.260703 0.43427 
275 200 255 
0.69831 0.254918 0.715621 0.616963 0.138586 0.0628864 0.119134 0.284461 
276 326 39 
0.666618 0.548536 0.705939 0.143014 0.233328 0.101814 0.77844 0.384031 
277 253 193 
0.54585 0.812986 0.339736 0.405406 0.497429 0.943786 0.821965 0.758132 
278 128 11 
0.557516 0.0763651 0.550054 0.273137 0.693328 0.68864 0.336023 0.812462 
279 344 62 
0.72497 0.63972 0.469322 0.430909 0.782733 0.70265 0.532722 0.561174 
280 176 63 
0.133181 0.63253 0.923251 0.472917 0.037936 0.42068 0.416703 0.859901 
281 51 97 
0.155036 0.736328 0.871123 0.70509 0.00946518 0.564451 0.393729 0.345488 
282 310 104 
0.266274 0.101882 0.00655005 0.735596 0.532791 0.789283 0.438246 0.065513 
283 381 363 
0.175778 0.483638 0.157457 0.0990288 0.956555 0.195393 0.519709 0.373258 
284 338 329 
0.168016 0.21033 0.43485 0.0391387 0.915419 0.444315 0.60359 0.309149 
285 343 159 
0.675979 0.0560775 0.0823841 0.682529 0.791674 0.615175 0.471813 0.22992 
286 294 226 
0.754847 0.856466 0.305908 0.912304 0.955495 0.262463 0.107697 0.475203 
287 65 280 
0.173725 0.803736 0.37332 0.608574 0.842875 0.288739 0.0528891 0.446464 
288 214 365 
0.426966 0.273867 0.89877 0.50935 0.956396 0.690444 0.124525 0.428209 
289 362 228 
0.250478 0.675211 0.661679 0.556386 0.587515 0.617174 0.818849 0.695211 
290 292 157 
0.858202 0.266102 0.258306 0.231521 0.874676 0.101181 0.52026 0.927565 
291 348 117 
0.770258 0.974612 0.392015 0.669027 0.483962 0.348411 0.359471 0.608488 
292 394 67 
0.413701 0.0270987 0.955046 0.0753804 0.583485 0.542561 0.692554 0.402334 
293 185 117 
0.856904 0.0959741 0.051033 0.11521 0.327495 0.925709 0.216391 0.847756 
294 3 358 
0.965904 0.623532 0.738649 0.357919 0.292559 0.222611 0.706331 0.652031 
295 369 183 
0.931866 0.244801 0.510049 0.886912 0.320181 0.0935345 0.429473 0.0127351 
296 260 315 
0.797666 0.352773 0.76322 0.848699 0.467983 0.0907152 0.774408 0.684374 
297 40 245 
0.448411 0.904375 0.251215 0.18706 0.262294 0.543774 0.409671 0.968625 
298 326 74 
0.451576 0.12767 0.485571 0.961625 0.0145824 0.805752 0.0551597 0.444056 
299 19 72 
0.111301 0.616153 0.903801 0.874521 0.464853 0.371784 0.965236 0.239261 
300 375 374 
0.866944 0.50457 0.808082 0.118159 0.69163 0.0703766 0.661933 0.101301 
301 47 65 
0.342072 0.490577 0.985408 0.827643 0.452203 0.99999 0.633395 0.507362 
302 324 199 
0.0583907 0.555347 0.068035 0.962192 0.429868 0.532888 0.333976 0.395104 
303 349 299 
0.298811 0.639093 0.894704 0.106893 0.757251 0.586333 0.17727 0.419184 
304 37 367 
0.276921 0.0297059 0.706849 0.262329 0.857349 0.159051 0.262319 0.490743 
305 361 352 
0.942625 0.724805 0.261712 0.0106599 0.686996 0.691579 0.543548 0.0209724 
306 319 271 
0.411107 0.385494 0.954789 0.305811 0.492388 0.71204 0.892144 0.669657 
307 14 329 
0.885929 0.408146 0.609484 0.592778 0.670475 0.466833 0.751829 0.932794 
308 164 0 
0.639159 0.900201 0.143048 0.90087 0.910861 0.830044 0.592449 0.454408 
309 43 222 
0.770105 0.262123 0.0646269 0.724894 0.567934 0.557014 0.436934 0.460078 
310 204 221 
0.0398563 0.112601 0.976304 0.649341 0.705379 0.646779 0.116174 0.457208 
311 335 139 
0.875451 0.218731 0.973951 0.0184991 0.119601 0.884812 0.848543 0.712051 
312 202 340 
0.391183 0.109325 0.961683 0.45581 0.834219 0.529617 0.0128245 0.271153 
313 222 157 
0.839311 0.0295509 0.352097 0.815615 0.678892 0.0574761 0.462393 0.795065 
314 188 141 
0.868815 0.390136 0.260697 0.842765 0.408635 0.380298 0.727577 0.257178 
315 221 393 
0.956738 0.483532 0.176122 0.918421 0.939342 0.0103402 0.448038 0.952166 
316 370 368 
0.191663 0.120804 0.467283 0.54376 0.936418 0.146175 0.601236 0.398812 
317 336 130 
0.440778 0.810055 0.506056 0.701474 0.65282 0.914691 0.0817724 0.380397 
318 70 395 
0.447194 0.128607 0.657653 0.623315 0.0470277 0.596995 0.633656 0.495065 
319 157 286 
0.932798 0.740824 0.0359521 0.400081 0.284584 0.97237 0.546255 0.88582 
320 207 326 
0.00174029 0.81196 0.29755 0.507796 0.513434 0.95037 0.422488 0.595207 
321 218 278 
0.769328 0.77796 0.722964 0.426981 0.401276 0.769991 0.0239752 0.0349313 
322 266 46 
0.95008 0.197854 0.31396 0.986032 0.597935 0.598543 0.958402 0.14419 
323 155 144 
0.631685 0.486104 0.141544 0.929235 0.9939 0.654979 0.879605 0.416388 
324 66 327 
0.0107441 0.0195133 0.988332 0.733708 0.446494 0.389607 0.503699 0.470469 
325 296 225 
0.0436051 0.374618 0.96661 0.357565 0.36065 0.564544 0.956108 0.319053 
326 111 296 
0.648637 0.34042 0.926575 0.790181 0.269655 0.920475 0.44516 0.14926 
327 229 150 
0.359631 0.347607 0.714859 0.347963 0.0813144 0.161353 0.73757 0.585013 
328 378 20 
0.353769 0.675427 0.536727 0.320378 0.0329917 0.897377 0.884923 0.9891 
329 299 9 
0.429572 0.865067 0.934077 0.356147 0.655248 0.203732 0.276622 0.100409 
330 385 278 
0.795754 0.712623 0.961091 0.510613 0.0605854 0.0424057 0.671966 0.798155 
331 8 243 
0.960264 0.981188 0.979214 0.496992 0.301566 0.012206 0.394369 0.186489 
332 253 182 
0.780146 0.430878 0.475866 0.714223 0.787024 0.131115 0.917955 0.0636461 
333 366 241 
0.677131 0.0272772 0.983569 0.638222 0.53789 0.0441546 0.680628 0.209856 
334 362 37 
0.513644 0.802574 0.289234 0.492858 0.299566 0.5908 0.505064 0.693935 
335 295 157 
0.304734 0.557436 0.937247 0.7806 0.271659 0.724272 0.911715 0.189614 
336 28 185 
0.46056 0.465049 0.170515 0.44413 0.10327 0.708405 0.488284 0.783898 
337 200 98 
0.0919444 0.431905 0.133169 0.381179 0.924763 0.432735 0.971979 0.429826 
338 33 52 
0.936196 0.431404 0.306704 0.873444 0.212004 0.578363 0.597715 0.123719 
339 4 235 
0.266956 0.228537 0.850682 0.437471 0.672667 0.953952 0.145876 0.160951 
340 101 23 
0.491546 0.829795 0.496042 0.624715 0.210973 0.420805 0.0574493 0.182953 
341 218 198 
0.932221 0.786828 0.615523 0.238925 0.660271 0.827527 0.817288 0.257987 
342 229 326 
0.64362 0.218202 0.813802 0.494302 0.655673 0.486469 0.448255 0.801549 
343 262 173 
0.865687 0.138966 0.0158994 0.361729 0.763681 0.226873 0.782534 0.82113 
344 385 20 
0.00524906 0.342046 0.419993 0.620772 0.580972 0.0802645 0.448299 0.39826 
345 144 243 
0.983525 0.981872 0.617746 0.797327 0.476174 0.273418 0.283797 0.924428 
346 288 160 
0.110533 0.940654 0.0701835 0.126433 0.302383 0.833864 0.353305 0.0849173 
347 293 115 
0.718083 0.660243 0.105177 0.138076 0.281015 0.686149 0.21834 0.729314 
348 278 93 
0.128858 0.0679341 0.538463 0.746604 0.865262 0.0146374 0.0200219 0.149058 
349 194 242 
0.0802754 0.0495991 0.0356436 0.150459 0.176032 0.338027 0.984323 0.529337 
350 202 90 
0.292468 0.141027 0.299561 0.397645 0.279103 0.580576 0.0837944 0.497443 
351 225 161 
0.0540349 0.438748 0.236138 0.592498 0.185351 0.101399 0.607136 0.205373 
352 191 300 
0.300363 0.330733 0.595801 0.336006 0.481192 0.771833 0.674033 0.465515 
353 222 256 
0.104832 0.593638 0.238004 0.404393 0.991283 0.517107 0.984969 0.0750777 
354 387 386 
0.243281 0.0685854 0.733607 0.479419 0.661084 0.918958 0.580818 0.26822 
355 220 343 
0.814421 0.424694 0.162008 0.410222 0.7607 0.6432 0.182055 0.434733 
356 304 187 
0.531711 0.213547 0.0768624 0.769715 0.617939 0.0681458 0.286822 0.602908 
357 171 331 
0.897767 0.386505 0.369958 0.631374 0.865923 0.0310419 0.550332 0.446741 
358 228 242 
0.278017 0.113683 0.0993564 0.440025 0.523905 0.860057 0.0832242 0.705959 
359 297 33 
0.189184 0.826501 0.405485 0.266046 0.596216 0.0234245 0.334192 0.883038 
360 62 315 
0.184411 0.5241 0.86392 0.554369 0.155474 0.729843 0.585411 0.705805 
361 370 96 
0.380468 0.454602 0.998355 0.479824 0.894626 0.522259 0.339881 0.97785 
362 40 206 
0.169789 0.417402 0.461171 0.575274 0.683448 0.0573869 0.598698 0.0176399 
363 41 158 
0.495055 0.124836 0.749131 0.358975 0.679205 0.904605 0.0888186 0.264616 
364 191 123 
0.149288 0.990878 0.720005 0.147643 0.470703 0.614631 0.669902 0.810584 
365 69 264 
0.445254 0.76227 0.315523 0.906426 0.337544 0.998971 0.963813 0.936242 
366 91 5 
0.161274 0.511666 0.0290733 0.910405 0.870641 0.708278 0.81501 0.95946 
367 31 277 
0.224863 0.122182 0.416299 0.944868 0.269824 0.887001 0.5595 0.939727 
368 396 75 
0.837848 0.142839 0.914251 0.153371 0.0492647 0.251795 0.152342 0.0130772 
369 42 352 
0.349311 0.680619 0.946388 0.259716 0.55126 0.654666 0.0747258 0.51072 
370 159 383 
0.735583 0.749741 0.916445 0.680451 0.0195657 0.803446 0.239951 0.959292 
371 51 307 
0.79714 0.64387 0.306183 0.950511 0.693135 0.557978 0.102852 0.706212 
372 276 219 
0.623527 0.0953262 0.952423 0.569915 0.355042 0.503683 0.224581 0.429768 
373 211 372 
0.929914 0.749986 0.601881 0.846359 0.430437 0.621447 0.649805 0.670388 
374 3 269 
0.0623199 0.37788 0.794705 0.368503 0.32839 0.48784 0.926481 0.431242 
375 393 97 
0.703047 0.817578 0.767822 0.65547 0.387493 0.122864 0.159154 0.612073 
376 98 339 
0.464213 0.482546 0.923542 0.0660947 0.328905 0.353979 0.687542 0.978709 
377 59 199 
0.129544 0.0866874 0.646161 0.92425 0.45519 0.974551 0.412089 0.381671 
378 382 170 
0.0541665 0.108841 0.423719 0.821988 0.764311 0.811211 0.944853 0.923465 
379 148 157 
0.0970211 0.887498 0.98003 0.0205633 0.953592 0.308935 0.374543 0.641134 
380 236 100 
0.909416 0.417189 0.485598 0.555577 0.341438 0.940788 0.530128 0.753528 
381 12 397 
0.359668 0.376625 0.0447625 0.783387 0.198613 0.809074 0.594598 0.143466 
382 123 139 
0.64095 0.829559 0.90538 0.620981 0.850123 0.858973 0.929916 0.224666 
383 135 340 
0.623576 0.409523 0.634749 0.109174 0.9651 0.976187 0.0499613 0.495228 
384 387 191 
0.0893835 0.749045 0.475912 0.872771 0.947658 0.284986 0.467369 0.0911243 
385 200 22 
0.732075 0.847084 0.390632 0.353056 0.697206 0.249605 0.282972 0.921872 
386 16 68 
0.545448 0.159234 0.135281 0.654621 0.124334 0.111468 0.704583 0.619562 
387 121 228 
0.0507111 0.930567 0.826047 0.526623 0.803338 0.773706 0.811609 0.270707 
388 217 242 
0.755959 0.596905 0.676216 0.146591 0.94996 0.373423 0.396196 0.232932 
389 324 211 
0.733464 0.840742 0.305142 0.868745 0.495363 0.429475 0.980213 0.199946 
390 279 370 
0.276948 0.0997482 0.751964 0.102996 0.626371 0.555301 0.876701 0.43798 
391 33 35 
0.267113 0.581966 0.338436 0.94333 0.728557 0.288396 0.316752 0.124753 
392 313 238 
0.27066 0.254792 0.452789 0.575801 0.123537 0.948153 0.00527695 0.10375 
393 182 37 
0.925147 0.425047 0.154062 0.677111 0.528043 0.780434 0.232412 0.404744 
394 314 83 
0.146276 0.485527 0.640386 0.484712 0.428857 0.368943 0.773108 0.745609 
395 253 315 
0.357656 0.764356 0.549229 0.810446 0.340157 0.672766 0.758599 0.345434 
396 348 67 
0.399748 0.701664 0.331745 0.553811 0.378774 0.859788 0.334244 0.611186 
397 290 376 
0.669606 0.410808 0.0381853 0.309993 0.895519 0.467042 0.678936 0.668628 
398 79 161 
0.963064 0.570308 0.936988 0.512293 0.380754 0.277146 0.185059 0.139352 
399 315 3 
0.0460494 0.0223284 0.66324 0.377794 0.576139 0.0420143 0.237582 0.910383 
