37 3
0 1 0 0 0 1 0 0 1 1 1 0 0 0 0 1 1 1 0 0 0 1 0 1 0 0 1 1 1 0 1 0 1 0 0 0 1 
0 11 30 
0.946434 0.731912 0.924392 0.925424 0.349588 0.294514 0.268365 0.906406 
1 16 22 
0.822524 0.279051 0.676834 0.313869 0.142255 0.674494 0.625721 0.307879 
2 16 22 
0.512626 0.701306 0.997804 0.459215 0.53679 0.636032 0.201404 0.823747 
3 11 20 
0.966671 0.788217 0.949903 0.891064 0.71364 0.299491 0.185577 0.982005 
4 2 30 
0.655158 0.0284209 0.119995 0.331992 0.34229 0.262249 0.00648535 0.968011 
5 25 29 
0.357016 0.0827551 0.146278 0.35482 0.541971 0.683067 0.990851 0.743375 
6 30 10 
0.961366 0.473486 0.620851 0.911268 0.364549 0.334491 0.210759 0.550126 
7 33 22 
0.39107 0.971654 0.445076 0.511065 0.303646 0.787366 0.773314 0.310131 
8 23 29 
0.755102 0.112393 0.426198 0.90138 0.467212 0.968168 0.584447 0.458063 
9 19 36 
0.290698 0.672909 0.564747 0.911549 0.584177 0.929296 0.24604 0.794936 
10 25 20 
0.211591 0.870492 0.53419 0.656668 0.381557 0.837835 0.444034 0.154871 
11 31 26 
0.498314 0.903068 0.311803 0.924512 0.804448 0.779015 0.892681 0.388896 
12 11 8 
0.480157 0.527776 0.277133 0.044904 0.439325 0.86131 0.9742 0.685365 
13 7 16 
0.247901 0.867837 0.324115 0.782091 0.524504 0.705672 0.619926 0.968538 
14 1 34 
0.167948 0.358858 0.670961 0.479751 0.28337 0.475409 0.258767 0.176051 
15 2 29 
0.780275 0.344461 0.0236217 0.0574072 0.389365 0.462947 0.918717 0.363565 
16 4 17 
0.817188 0.396212 0.442799 0.141302 0.178303 0.967303 0.846974 0.798229 
17 6 11 
0.103789 0.0663748 0.237082 0.58354 0.349745 0.712491 0.842307 0.525795 
18 29 6 
0.30607 0.921256 0.361774 0.363477 0.310622 0.824721 0.282194 0.674187 
19 28 24 
0.491375 0.369245 0.299955 0.632677 0.547548 0.267258 0.479651 0.345776 
20 25 23 
0.911897 0.306887 0.253543 0.148979 0.890428 0.603288 0.86147 0.732735 
21 6 23 
0.0708871 0.435153 0.359521 0.432661 0.79863 0.670143 0.257382 0.0808241 
22 31 4 
0.93798 0.835705 0.599659 0.237935 0.468383 0.147207 0.505192 0.948034 
23 1 19 
0.135202 0.404881 0.0151776 0.388746 0.55386 0.905605 0.992033 0.41533 
24 17 33 
0.853594 0.709227 0.55627 0.213115 0.141888 0.3549 0.883258 0.39927 
25 34 7 
0.373704 0.063294 0.229344 0.611639 0.531677 0.376551 0.116831 0.47971 
26 18 23 
0.274415 0.840299 0.0036582 0.828275 0.745904 0.995692 0.243605 0.384244 
27 4 17 
0.093471 0.673078 0.310314 0.235359 0.0279776 0.193573 0.634629 0.463702 
28 4 5 
0.837406 0.484456 0.493658 0.449045 0.0161321 0.870209 0.565876 0.495842 
29 0 24 
0.110755 0.0141583 0.231297 0.114413 0.842433 0.977201 0.110105 0.086038 
30 9 2 
0.183237 0.454917 0.899991 0.493551 0.690276 0.927968 0.687124 0.324905 
31 28 29 
0.589219 0.229076 0.592741 0.0828776 0.67812 0.608873 0.953087 0.243996 
32 15 23 
0.634994 0.215471 0.706988 0.866291 0.329884 0.549422 0.843492 0.439989 
33 24 17 
0.666902 0.818696 0.659855 0.566893 0.312248 0.35013 0.494861 0.999372 
34 13 24 
0.264255 0.115607 0.700399 0.347133 0.793727 0.309272 0.300219 0.0377229 
35 2 7 
0.672717 0.629458 0.700037 0.539007 0.959342 0.249459 0.3825 0.399331 
36 9 34 
0.0662337 0.703615 0.247292 0.633127 0.0158626 0.597423 0.127988 0.0152344 
