27 4
1 0 0 1 0 0 0 1 0 1 0 0 0 0 0 1 1 1 0 0 1 0 0 0 1 1 0 
0 15 5 21 
0.750487 0.881951 0.760214 0.00473577 0.897883 0.62657 0.670108 0.206783 0.929081 0.553337 0.471384 0.938863 0.339135 0.956517 0.811112 0.427416 
1 7 6 16 
0.00849166 0.344914 0.577834 0.182631 0.832382 0.815542 0.34165 0.605217 0.999425 0.941146 0.635431 0.164867 0.691633 0.517382 0.925081 0.696368 
2 9 25 24 
0.622048 0.480732 0.919814 0.0934323 0.419595 0.258949 0.0499493 0.230707 0.686365 0.73997 0.640328 0.856804 0.748461 0.985242 0.434638 0.931093 
3 16 21 19 
0.42284 0.249605 0.213889 0.0582713 0.414472 0.905521 0.575653 0.339553 0.60189 0.990918 0.891204 0.968367 0.612966 0.371936 0.88818 0.706398 
4 13 25 21 
0.833494 0.496317 0.662566 0.690298 0.244779 0.647808 0.124935 0.175871 0.465432 0.375115 0.448614 0.888272 0.62472 0.662503 0.946544 0.0391919 
5 24 9 4 
0.169915 0.513115 0.269949 0.138281 0.126081 0.641885 0.0264616 0.83248 0.433417 0.173591 0.588827 0.455655 0.00708483 0.0851447 0.118222 0.697383 
6 2 17 9 
0.505795 0.231462 0.197433 0.954409 0.119734 0.822153 0.616912 0.0662777 0.861345 0.184937 0.588475 0.24009 0.354852 0.10159 0.510039 0.493133 
7 15 23 24 
0.060151 0.585341 0.693185 0.648978 0.0409961 0.70027 0.734123 0.159218 0.397653 0.0640465 0.925248 0.219971 0.569841 0.156709 0.417404 0.524251 
8 26 10 12 
0.342721 0.100902 0.3261 0.931196 0.340992 0.680952 0.0327857 0.851031 0.174085 0.260457 0.00295573 0.693679 0.320608 0.588297 0.386864 0.969586 
9 21 15 18 
0.78851 0.484787 0.767756 0.713758 0.704758 0.337597 0.870467 0.122161 0.861848 0.14691 0.361718 0.00301072 0.489631 0.462621 0.329111 0.420827 
10 13 18 11 
0.654644 0.184147 0.71407 0.6576 0.877826 0.0346776 0.245897 0.26469 0.00426382 0.875189 0.351825 0.707973 0.6637 0.836611 0.475729 0.377458 
11 2 18 9 
0.66353 0.675173 0.394835 0.0252488 0.678184 0.884467 0.487869 0.00729506 0.305294 0.291482 0.0173577 0.758906 0.946126 0.201505 0.472976 0.603726 
12 15 5 9 
0.344021 0.511918 0.724812 0.695846 0.219891 0.388512 0.532458 0.695619 0.76597 0.0738265 0.508945 0.0138942 0.737357 0.184119 0.408729 0.762606 
13 8 6 11 
0.59849 0.541957 0.886956 0.357396 0.488084 0.0884606 0.830372 0.0918101 0.167792 0.338026 0.941433 0.511813 0.849943 0.666245 0.207659 0.0698341 
14 26 6 8 
0.820727 0.813943 0.274399 0.834621 0.5513 0.458517 0.24335 0.313906 0.32082 0.536546 0.564381 0.190418 0.135036 0.106338 0.0773735 0.492432 
15 19 18 22 
0.686232 0.333626 0.66083 0.627665 0.845439 0.510773 0.293911 0.0530983 0.580607 0.348668 0.793215 0.346061 0.169395 0.607158 0.620459 0.00401588 
16 26 21 12 
0.036746 0.590214 0.918948 0.143084 0.667588 0.41138 0.737507 0.833422 0.734184 0.423739 0.167048 0.395013 0.0514042 0.0124869 0.905787 0.345315 
17 0 25 20 
0.8588 0.832455 0.863378 0.465959 0.452914 0.867394 0.624418 0.53189 0.11476 0.0967824 0.931687 0.898672 0.133528 0.521901 0.817621 0.276613 
18 12 19 14 
0.0229115 0.963184 0.437858 0.189959 0.358198 0.489263 0.202446 0.263984 0.834578 0.268031 0.750378 0.52856 0.126832 0.582833 0.391938 0.592791 
19 9 13 8 
0.567637 0.374092 0.313991 0.499324 0.272764 0.447519 0.0212254 0.0903847 0.724132 0.210715 0.319385 0.738252 0.233626 0.28257 0.17611 0.423586 
20 7 13 16 
0.904752 0.49995 0.894064 0.655131 0.0285109 0.0208954 0.237963 0.420449 0.613686 0.27371 0.679781 0.830894 0.841347 0.0538724 0.144885 0.340671 
21 18 24 13 
0.417021 0.316536 0.572611 0.736406 0.0547877 0.806237 0.0189763 0.230898 0.229823 0.659744 0.896271 0.855855 0.564496 0.396221 0.749919 0.219627 
22 21 14 6 
0.845181 0.384501 0.7313 0.524962 0.215395 0.572647 0.578834 0.36028 0.913318 0.905471 0.952684 0.275214 0.322492 0.26922 0.847825 0.0588982 
23 5 2 4 
0.554905 0.883886 0.737619 0.451176 0.739741 0.302115 0.847397 0.48966 0.521742 0.272129 0.260475 0.979332 0.11731 0.644975 0.710632 0.642272 
24 8 14 1 
0.22065 0.196597 0.126577 0.173334 0.471812 0.449068 0.442553 0.319637 0.507967 0.766561 0.973699 0.585841 0.321466 0.857585 0.32346 0.772642 
25 12 7 8 
0.0869871 0.147317 0.892167 0.347462 0.126649 0.00947693 0.992437 0.837281 0.651749 0.852807 0.120561 0.872855 0.0734573 0.317158 0.999431 0.246791 
26 12 3 5 
0.108607 0.956466 0.455905 0.0823059 0.542307 0.777371 0.939891 0.865767 0.550012 0.537218 0.491342 0.170051 0.624205 0.638659 0.0622176 0.971667 
