81 2
1 0 1 0 1 1 1 0 0 1 1 1 0 0 0 0 0 1 0 1 0 0 0 1 1 0 0 0 0 0 0 1 1 0 0 1 0 1 1 0 1 1 0 0 0 1 1 1 1 0 1 0 0 0 0 0 1 1 1 1 0 0 1 0 0 0 1 1 0 1 0 0 1 1 0 0 1 0 0 0 0 
0 1 
0.78584 0.406337 0.0581381 0.775746 
1 17 
0.277241 0.840439 0.265892 0.143314 
2 33 
0.835807 0.571904 0.244537 0.392806 
3 24 
0.660266 0.831626 0.923244 0.665734 
4 13 
0.980289 0.518364 0.275689 0.709545 
5 3 
0.811832 0.414678 0.120685 0.466225 
6 72 
0.613456 0.252064 0.176835 0.671594 
7 38 
0.0567096 0.948836 0.868249 0.322602 
8 77 
0.44372 0.158408 0.664054 0.688257 
9 0 
0.190161 0.348523 0.38284 0.113405 
10 47 
0.0937744 0.0936939 0.532621 0.369463 
11 38 
0.0853402 0.181295 0.217917 0.206025 
12 69 
0.988415 0.819482 0.899584 0.16525 
13 7 
0.927395 0.221959 0.439911 0.795644 
14 75 
0.532061 0.239364 0.702969 0.196115 
15 47 
0.254183 0.386276 0.276144 0.637024 
16 32 
0.290401 0.730798 0.593375 0.823023 
17 25 
0.396614 0.908363 0.281557 0.614531 
18 6 
0.929077 0.602946 0.93387 0.828661 
19 37 
0.424946 0.756055 0.990155 0.864857 
20 24 
0.534716 0.396918 0.791063 0.237685 
21 58 
0.718684 0.491868 0.979309 0.994829 
22 1 
0.47899 0.28523 0.859689 0.0723651 
23 28 
0.959951 0.468979 0.0166154 0.241507 
24 47 
0.131004 0.170584 0.686457 0.0648735 
25 36 
0.454652 0.489819 0.7553 0.444807 
26 58 
0.306999 0.979523 0.751595 0.0980625 
27 33 
0.344628 0.816747 0.709075 0.323937 
28 18 
0.837967 0.802927 0.0968055 0.697656 
29 6 
0.205058 0.657607 0.344271 0.221674 
30 1 
0.427782 0.352677 0.0696976 0.114238 
31 62 
0.0689421 0.568891 0.90737 0.824242 
32 56 
0.262046 0.131241 0.99322 0.013641 
33 73 
0.210427 0.358269 0.0460503 0.919503 
34 19 
0.857626 0.757469 0.485132 0.954431 
35 31 
0.360424 0.159489 0.112732 0.704696 
36 68 
0.0118453 0.132477 0.73384 0.0815428 
37 53 
0.151391 0.150485 0.815606 0.058761 
38 77 
0.829304 0.320807 0.105968 0.822524 
39 2 
0.335271 0.0329518 0.692717 0.381321 
40 30 
0.374922 0.238947 0.709923 0.860055 
41 32 
0.165048 0.220479 0.352868 0.27778 
42 55 
0.734031 0.289625 0.057652 0.467871 
43 69 
0.304368 0.619262 0.521653 0.119974 
44 24 
0.49638 0.949278 0.998831 0.602347 
45 62 
0.333279 0.937618 0.804754 0.0259962 
46 9 
0.757209 0.400919 0.557887 0.467132 
47 17 
0.751266 0.632181 0.481452 0.104134 
48 23 
0.406627 0.838165 0.199586 0.464279 
49 77 
0.570754 0.768647 0.925299 0.0924067 
50 45 
0.603322 0.588786 0.837899 0.602153 
51 14 
0.609702 0.935432 0.128752 0.414456 
52 23 
0.447692 0.171665 0.362347 0.0055787 
53 5 
0.62332 0.756844 0.270978 0.104772 
54 37 
0.180939 0.511399 0.699143 0.380525 
55 46 
0.00517936 0.951278 0.744325 0.930478 
56 64 
0.632946 0.5338 0.632471 0.470845 
57 51 
0.823605 0.0805472 0.071385 0.952357 
58 29 
0.0328133 0.400049 0.666669 0.39516 
59 5 
0.305467 0.0184801 0.162472 0.576445 
60 50 
0.0234499 0.757384 0.634652 0.722593 
61 74 
0.61033 0.727772 0.0891865 0.354655 
62 4 
0.132872 0.987601 0.19205 0.765343 
63 58 
0.328004 0.588948 0.538993 0.399389 
64 72 
0.0339969 0.432202 0.941354 0.700666 
65 6 
0.346981 0.0061325 0.845842 0.509453 
66 31 
0.969095 0.532903 0.339961 0.603746 
67 60 
0.477869 0.214076 0.983268 0.567056 
68 71 
0.641519 0.699927 0.556332 0.833569 
69 23 
0.0147777 0.161573 0.0542185 0.553771 
70 79 
0.595524 0.587768 0.993163 0.536878 
71 65 
0.820525 0.883859 0.294566 0.666367 
72 39 
0.877143 0.635461 0.926215 0.217104 
73 30 
0.181711 0.694973 0.453284 0.16498 
74 78 
0.0220152 0.806498 0.961956 0.578347 
75 61 
0.427226 0.593125 0.80164 0.481445 
76 23 
0.362601 0.0769685 0.734663 0.355764 
77 5 
0.176289 0.497705 0.317663 0.842656 
78 63 
0.194807 0.478118 0.817233 0.411911 
79 58 
0.998944 0.106884 0.170609 0.163924 
80 17 
0.192625 0.970422 0.330869 0.770972 
