85 4
1 1 1 1 0 0 0 0 1 0 0 0 1 0 1 0 1 0 1 0 0 1 1 0 1 0 1 1 0 0 1 0 0 0 0 1 1 1 0 1 0 0 1 1 1 1 0 0 0 1 1 0 1 1 1 0 1 1 0 0 0 0 1 1 1 0 0 0 0 1 0 0 0 0 0 1 0 1 0 0 1 0 1 0 1 
0 5 49 33 
0.768324 0.354823 0.142493 0.155364 0.715301 0.548141 0.0637437 0.655297 0.197948 0.341236 0.812443 0.66037 0.024251 0.567527 0.220901 0.428348 
1 58 10 76 
0.995858 0.234337 0.921396 0.43398 0.806024 0.330169 0.527603 0.309686 0.499571 0.387314 0.927165 0.819533 0.155637 0.281989 0.962026 0.311001 
2 11 20 34 
0.652587 0.708115 0.715981 0.46503 0.368485 0.740232 0.0325571 0.589386 0.16858 0.403615 0.546198 0.651193 0.399473 0.780535 0.572589 0.833453 
3 56 68 82 
0.896246 0.402329 0.74837 0.823411 0.221862 0.904007 0.105399 0.183888 0.215009 0.102689 0.694055 0.589754 0.755277 0.402171 0.305735 0.220307 
4 35 68 38 
0.360043 0.214548 0.656479 0.90624 0.865741 0.0559528 0.686776 0.43833 0.889406 0.273335 0.341089 0.250462 0.16958 0.743418 0.998832 0.992991 
5 36 16 83 
0.149168 0.117848 0.20108 0.843223 0.707602 0.956357 0.245394 0.0133372 0.176664 0.0160498 0.0593048 0.429528 0.376092 0.273853 0.086007 0.282333 
6 69 40 31 
0.577924 0.031366 0.242443 0.919013 0.281828 0.412023 0.662431 0.28066 0.405015 0.62771 0.1835 0.503406 0.776878 0.301348 0.704486 0.620101 
7 35 62 66 
0.837506 0.881544 0.0815916 0.267033 0.257637 0.355444 0.35304 0.539969 0.495038 0.495 0.509078 0.0729625 0.526366 0.751521 0.991976 0.808194 
8 29 49 68 
0.568559 0.282116 0.272354 0.0719644 0.0589941 0.573702 0.77645 0.679095 0.582651 0.437292 0.54459 0.604938 0.274798 0.426134 0.68653 0.541832 
9 45 80 19 
0.22374 0.537012 0.389872 0.732817 0.609975 0.916239 0.484338 0.60195 0.724433 0.647882 0.256356 0.813288 0.216441 0.538473 0.0856419 0.288405 
10 38 81 11 
0.276562 0.241995 0.502148 0.821151 0.846933 0.776946 0.247285 0.533463 0.318778 0.931056 0.575437 0.21365 0.154796 0.112449 0.603523 0.887613 
11 24 49 68 
0.324374 0.244194 0.0198334 0.580731 0.0574822 0.236274 0.119203 0.143124 0.52468 0.71667 0.802468 0.589535 0.993232 0.0444627 0.091683 0.814383 
12 19 33 31 
0.424859 0.187407 0.992724 0.000295613 0.401057 0.14752 0.112745 0.00457976 0.0351332 0.835169 0.524341 0.407085 0.159543 0.768536 0.426918 0.740273 
13 70 76 4 
0.969142 0.187872 0.576146 0.771609 0.777407 0.569378 0.816072 0.86909 0.383762 0.707468 0.737719 0.44543 0.132327 0.925126 0.438154 0.132622 
14 11 57 49 
0.330763 0.620808 0.0805355 0.855104 0.0278921 0.240078 0.62364 0.45481 0.980351 0.449658 0.118002 0.839828 0.418799 0.305874 0.415974 0.190409 
15 0 22 24 
0.952371 0.369114 0.713949 0.69009 0.814544 0.846276 0.615216 0.252698 0.978898 0.9414 0.838373 0.224265 0.272163 0.45918 0.3048 0.127267 
16 22 26 73 
0.52523 0.200565 0.0598845 0.365057 0.619364 0.365758 0.781032 0.809773 0.449039 0.766384 0.816254 0.40141 0.135498 0.530203 0.0915 0.950042 
17 72 77 75 
0.355376 0.648116 0.0411131 0.579641 0.920279 0.500293 0.884441 0.0475463 0.987366 0.429319 0.798454 0.929248 0.954549 0.999018 0.989133 0.319606 
18 32 50 48 
0.428155 0.80393 0.867022 0.244409 0.20534 0.00252018 0.774611 0.29684 0.952562 0.151089 0.00355659 0.155303 0.506465 0.651673 0.196416 0.0861059 
19 61 81 42 
0.619498 0.684075 0.399866 0.417951 0.613323 0.354415 0.41697 0.602455 0.674022 0.035352 0.957346 0.77466 0.463507 0.761277 0.641682 0.707916 
20 75 3 55 
0.263457 0.596764 0.633617 0.267014 0.752067 0.140082 0.918687 0.948483 0.226188 0.490638 0.645192 0.196735 0.110136 0.329266 0.596601 0.528088 
21 24 67 23 
0.625038 0.980409 0.502391 0.399698 0.443917 0.263668 0.0413799 0.151833 0.230285 0.685582 0.63436 0.493742 0.282346 0.267977 0.760756 0.0344132 
22 16 51 81 
0.634248 0.170081 0.628087 0.830983 0.280217 0.957354 0.427584 0.808305 0.899943 0.3786 0.753362 0.444988 0.00363854 0.733771 0.947379 0.403336 
23 52 30 15 
0.441331 0.130298 0.963881 0.935074 0.412645 0.231858 0.69583 0.447058 0.639917 0.375273 0.429954 0.274165 0.545353 0.058041 0.105148 0.82557 
24 5 80 79 
0.915338 0.911332 0.387237 0.360325 0.914971 0.121008 0.307704 0.318307 0.298696 0.51875 0.763023 0.628217 0.960082 0.893322 0.592098 0.895155 
25 56 33 49 
0.753024 0.463873 0.966258 0.182978 0.738038 0.511611 0.241019 0.843185 0.337182 0.256413 0.375917 0.971057 0.171751 0.287249 0.358294 0.532076 
26 40 71 13 
0.520527 0.777999 0.35853 0.28355 0.406216 0.318612 0.176872 0.998313 0.213767 0.482838 0.822269 0.804752 0.235862 0.286141 0.77101 0.41884 
27 45 52 67 
0.867364 0.619803 0.916272 0.243281 0.59086 0.0880229 0.53053 0.949154 0.620099 0.73275 0.428456 0.459878 0.253277 0.206455 0.818408 0.536827 
28 70 26 53 
0.610984 0.350787 0.196537 0.433253 0.155539 0.4324 0.719395 0.926549 0.85124 0.743574 0.20917 0.511098 0.610938 0.828973 0.42737 0.854219 
29 59 55 60 
0.368987 0.135492 0.117499 0.797443 0.59537 0.370776 0.00389806 0.413778 0.907603 0.616569 0.550798 0.621302 0.227553 0.901584 0.817839 0.660806 
30 38 14 24 
0.983672 0.101478 0.123775 0.192842 0.612577 0.734712 0.0218146 0.0399469 0.588931 0.441647 0.55534 0.973681 0.810634 0.690832 0.09118 0.608077 
31 78 34 47 
0.699981 0.369559 0.228544 0.250779 0.990861 0.456097 0.152363 0.8087 0.116904 0.209486 0.058939 0.497105 0.193158 0.160417 0.620879 0.386 
32 1 70 73 
0.812941 0.944523 0.849462 0.368281 0.918204 0.660095 0.059113 0.00938368 0.268172 0.345315 0.47134 0.880147 0.0452958 0.840899 0.10869 0.296074 
33 15 71 19 
0.64046 0.681691 0.657924 0.699399 0.178796 0.851082 0.859817 0.799675 0.237081 0.63281 0.155267 0.644896 0.445751 0.0997896 0.494357 0.814032 
34 22 0 2 
0.027377 0.422624 0.21846 0.498717 0.302771 0.263756 0.339616 0.411462 0.55983 0.171375 0.976249 0.0082678 0.811836 0.65794 0.666191 0.511235 
35 29 14 46 
0.636411 0.754354 0.00386196 0.791678 0.39925 0.449613 0.891467 0.893607 0.263645 0.909461 0.0480595 0.13679 0.936838 0.470684 0.355251 0.435554 
36 17 80 27 
0.184917 0.178837 0.946545 0.161166 0.187105 0.758381 0.819106 0.853296 0.269616 0.655843 0.370569 0.640668 0.292254 0.124924 0.64453 0.0839313 
37 32 9 73 
0.41778 0.357788 0.884859 0.46584 0.494578 0.821697 0.936524 0.849829 0.257251 0.709979 0.468836 0.0324211 0.894896 0.647673 0.978966 0.0560618 
38 45 4 16 
0.688075 0.00696348 0.531011 0.0586442 0.647631 0.823264 0.183568 0.292161 0.907196 0.707741 0.386303 0.882594 0.125521 0.744091 0.767454 0.591361 
39 81 24 15 
0.0884987 0.846402 0.237864 0.557335 0.878823 0.13276 0.205008 0.857789 0.188822 0.0397863 0.595137 0.0639896 0.727861 0.6021 0.595 0.786505 
40 65 56 49 
0.541892 0.32546 0.677814 0.928195 0.208054 0.803335 0.672286 0.975508 0.394697 0.910956 0.564659 0.922582 0.999455 0.41106 0.160446 0.556789 
41 57 83 67 
0.147673 0.482027 0.801583 0.742809 0.546017 0.529444 0.34491 0.141017 0.31595 0.594641 0.559282 0.286023 0.136533 0.884742 0.963837 0.0647278 
42 54 3 67 
0.161869 0.64797 0.632963 0.0844508 0.647424 0.0440232 0.244897 0.204214 0.333907 0.538102 0.966011 0.481579 0.0201293 0.767594 0.224389 0.566146 
43 3 20 37 
0.612988 0.163939 0.266445 0.899011 0.300472 0.151186 0.862848 0.3652 0.243983 0.63002 0.102214 0.312287 0.791889 0.750184 0.94525 0.87634 
44 2 7 42 
0.601822 0.32318 0.659339 0.567832 0.804759 0.679468 0.335426 0.0291472 0.245614 0.632465 0.598445 0.952777 0.245453 0.762385 0.219222 0.144464 
45 2 56 72 
0.428056 0.614391 0.637332 0.53027 0.926678 0.429221 0.280454 0.871928 0.305561 0.678062 0.861201 0.426798 0.279884 0.18438 0.0861366 0.847717 
46 75 63 69 
0.0112189 0.815608 0.616731 0.963996 0.0610613 0.379116 0.183218 0.205526 0.441973 0.553626 0.212838 0.870029 0.168017 0.85017 0.400299 0.0946948 
47 16 64 55 
0.584952 0.358816 0.827823 0.0117501 0.6387 0.0122031 0.0978867 0.486417 0.00134188 0.863491 0.66956 0.0196279 0.87471 0.485168 0.636359 0.838706 
48 5 23 54 
0.751755 0.457448 0.57555 0.964592 0.327477 0.743567 0.814762 0.727776 0.838262 0.0941535 0.40853 0.804885 0.679106 0.767345 0.632707 0.690856 
49 13 29 37 
0.892462 0.646252 0.652234 0.562022 0.66588 0.526944 0.0471893 0.30224 0.365651 0.593418 0.317715 0.387575 0.345173 0.775163 0.963126 0.309765 
50 61 24 78 
0.830415 0.544955 0.218681 0.238945 0.34984 0.897787 0.00629054 0.982548 0.588643 0.412336 0.627458 0.377386 0.304798 0.273711 0.0296201 0.86682 
51 48 35 62 
0.922215 0.507427 0.559545 0.309791 0.8526 0.334708 0.272916 0.162366 0.437347 0.97961 0.286894 0.267763 0.524565 0.505575 0.506708 0.874405 
52 66 56 8 
0.992005 0.925334 0.484411 0.369391 0.230132 0.758121 0.399011 0.096952 0.697712 0.955576 0.0109611 0.939542 0.877791 0.518388 0.499088 0.187582 
53 8 80 60 
0.271142 0.440108 0.820248 0.538905 0.964673 0.325823 0.0456128 0.839078 0.729185 0.558611 0.696031 0.72119 0.483945 0.180441 0.0905812 0.714078 
54 47 61 79 
0.636275 0.445168 0.821991 0.575817 0.322959 0.340379 0.0749047 0.510541 0.711368 0.9087 0.971039 0.244723 0.179843 0.411146 0.064971 0.718748 
55 40 32 10 
0.214897 0.119979 0.322972 0.910928 0.841169 0.806917 0.0913696 0.931751 0.520994 0.0299323 0.421343 0.332024 0.666207 0.866511 0.154014 0.242024 
56 29 74 8 
0.70001 0.205762 0.225629 0.671049 0.450484 0.405472 0.0821951 0.515455 0.124219 0.458015 0.90625 0.88858 0.672912 0.0262288 0.211551 0.58384 
57 51 56 70 
0.799149 0.539462 0.705142 0.220492 0.871486 0.371349 0.0870023 0.0255008 0.613373 0.276472 0.519894 0.930302 0.976482 0.725656 0.155931 0.64753 
58 67 44 38 
0.691596 0.685622 0.18774 0.597845 0.574202 0.860652 0.624074 0.785753 0.444492 0.491472 0.804221 0.119702 0.290621 0.343683 0.824844 0.511113 
59 20 31 53 
0.24067 0.809566 0.874587 0.760565 0.739869 0.851068 0.486221 0.8958 0.498599 0.662361 0.457202 0.228324 0.353957 0.142824 0.416064 0.951802 
60 8 20 11 
0.502779 0.721208 0.0673484 0.307 0.84091 0.35797 0.650683 0.665754 0.869082 0.865853 0.861947 0.467197 0.106523 0.671514 0.341784 0.867088 
61 78 17 66 
0.307182 0.691452 0.0156702 0.764384 0.919776 0.369627 0.907208 0.33584 0.321429 0.624234 0.612556 0.897305 0.127013 0.333764 0.964654 0.434013 
62 11 38 50 
0.840428 0.191706 0.950549 0.702375 0.658903 0.0570725 0.373889 0.000687361 0.924161 0.785271 0.19354 0.27747 0.0924526 0.884992 0.29314 0.856837 
63 83 28 81 
0.140607 0.984196 0.388279 0.753163 0.881502 0.515292 0.0869268 0.846155 0.949305 0.261601 0.168779 0.0340015 0.102029 0.360484 0.984551 0.804404 
64 72 79 11 
0.0200747 0.965784 0.963564 0.213615 0.243254 0.0560163 0.0986065 0.536394 0.912853 0.903374 0.199161 0.676898 0.0439808 0.183357 0.0651772 0.797144 
65 8 75 64 
0.911015 0.529775 0.145671 0.0797934 0.563776 0.2477 0.440278 0.548327 0.0521043 0.459665 0.58995 0.230397 0.47974 0.555734 0.193961 0.693355 
66 15 67 56 
0.335382 0.16283 0.695335 0.534543 0.839728 0.739316 0.7179 0.904905 0.536459 0.782759 0.485375 0.42053 0.693774 0.0151498 0.566201 0.773567 
67 66 77 30 
0.127253 0.866006 0.67351 0.717204 0.0964031 0.15325 0.272938 0.290364 0.846605 0.0719259 0.540341 0.638566 0.407308 0.703171 0.333901 0.941851 
68 65 17 74 
0.447805 0.609676 0.442511 0.93318 0.030206 0.136285 0.94833 0.596407 0.909852 0.527256 0.410309 0.123697 0.654509 0.276315 0.797207 0.371713 
69 83 16 24 
0.663082 0.797062 0.716577 0.203423 0.435628 0.123884 0.906594 0.769529 0.0657351 0.449494 0.842745 0.725486 0.897299 0.452421 0.167997 0.830479 
70 44 43 51 
0.0790346 0.214133 0.306064 0.489343 0.337831 0.960573 0.765658 0.135038 0.332286 0.138375 0.0854954 0.976937 0.801457 0.882557 0.693513 0.00487997 
71 4 17 76 
0.0877141 0.883133 0.360968 0.930459 0.608619 0.258267 0.382881 0.776615 0.0887461 0.865508 0.0808966 0.867554 0.944543 0.29503 0.173619 0.433886 
72 52 31 47 
0.767898 0.466478 0.337919 0.853394 0.443414 0.139376 0.735951 0.136928 0.144256 0.0541366 0.954325 0.0557306 0.141851 0.837458 0.416699 0.0723102 
73 44 46 25 
0.222692 0.763712 0.320699 0.303589 0.631267 0.265242 0.598618 0.804885 0.699128 0.231479 0.939077 0.898671 0.999377 0.405555 0.236591 0.852771 
74 19 78 43 
0.985897 0.520223 0.642859 0.940222 0.575954 0.78471 0.77768 0.992653 0.85702 0.223757 0.667619 0.312211 0.446449 0.431331 0.63291 0.750037 
75 27 9 15 
0.867483 0.597279 0.580135 0.80656 0.49595 0.579512 0.212116 0.732541 0.432283 0.0610851 0.108508 0.0210054 0.0469824 0.628731 0.663864 0.987205 
76 60 40 4 
0.197338 0.305594 0.988642 0.864957 0.617805 0.435091 0.296288 0.250715 0.185128 0.358886 0.148866 0.533784 0.226369 0.746145 0.113919 0.0329296 
77 15 69 62 
0.974637 0.125714 0.30613 0.0831447 0.146719 0.353113 0.711876 0.810583 0.340318 0.916561 0.259158 0.105203 0.113898 0.564751 0.0938447 0.978855 
78 58 79 80 
0.433271 0.714064 0.634029 0.582137 0.247847 0.860398 0.328282 0.361766 0.893327 0.570378 0.0551966 0.138372 0.545014 0.18091 0.444503 0.628159 
79 78 59 80 
0.137933 0.256596 0.39737 0.243136 0.370494 0.962122 0.33698 0.349349 0.144678 0.865916 0.624492 0.577949 0.579979 0.25852 0.160086 0.827827 
80 2 42 21 
0.0122452 0.0587456 0.244789 0.150618 0.60376 0.4257 0.59512 0.231919 0.753329 0.392736 0.571954 0.891541 0.530669 0.82855 0.288912 0.773804 
81 3 15 22 
0.548393 0.395711 0.9767 0.172885 0.97366 0.55668 0.431405 0.133746 0.384507 0.550323 0.622113 0.5741 0.562568 0.680859 0.818889 0.713186 
82 54 72 28 
0.516538 0.997918 0.701042 0.0884924 0.889459 0.23171 0.917042 0.17837 0.00551431 0.116086 0.429404 0.116299 0.664479 0.825115 0.0929991 0.837364 
83 66 38 43 
0.93252 0.0341854 0.819091 0.554633 0.608285 0.38166 0.235492 0.427174 0.0948451 0.520111 0.671763 0.403151 0.0366498 0.66968 0.104193 0.125142 
84 12 78 72 
0.73751 0.341417 0.158271 0.166913 0.457716 0.82275 0.992028 0.550715 0.660113 0.790802 0.200394 0.928882 0.723322 0.234579 0.747973 0.277956 
