94 3
0 0 0 0 1 0 1 1 1 1 1 0 0 0 1 1 1 1 0 0 0 0 1 1 0 1 0 0 1 1 0 0 0 1 1 1 0 1 1 1 1 1 0 0 0 0 1 1 0 0 0 0 1 1 0 0 1 0 1 1 0 0 0 0 0 0 0 0 0 0 0 1 0 1 0 1 1 0 1 0 1 1 1 1 1 1 0 1 0 1 0 1 0 1 
0 75 42 
0.378215 0.448983 0.930373 0.383941 0.858092 0.337881 0.864244 0.233194 
1 83 9 
0.571183 0.714908 0.855898 0.808001 0.715418 0.76208 0.870834 0.245036 
2 41 37 
0.147261 0.0394283 0.957546 0.498101 0.525556 0.757452 0.219721 0.806872 
3 46 59 
0.63344 0.212534 0.947387 0.563813 0.596475 0.805479 0.901694 0.460719 
4 56 71 
0.138404 0.609856 0.649687 0.994302 0.417857 0.365105 0.756382 0.288691 
5 70 76 
0.457132 0.757401 0.535117 0.414678 0.255502 0.0606729 0.172129 0.475223 
6 73 47 
0.973627 0.500984 0.218982 0.921014 0.064797 0.815457 0.726493 0.966491 
7 88 0 
0.90127 0.41458 0.375022 0.550957 0.408882 0.792879 0.916062 0.165264 
8 48 75 
0.660952 0.538702 0.283604 0.196069 0.953379 0.539106 0.256742 0.125509 
9 70 10 
0.131957 0.987957 0.625271 0.350939 0.908971 0.690068 0.166396 0.635465 
10 70 68 
0.400631 0.557829 0.857151 0.775653 0.108787 0.266032 0.568532 0.0248489 
11 50 58 
0.551052 0.0922484 0.188803 0.834656 0.288318 0.142183 0.373762 0.54506 
12 89 64 
0.669347 0.399648 0.376049 0.294618 0.750587 0.28502 0.984686 0.916982 
13 60 14 
0.359554 0.321115 0.199074 0.216704 0.096768 0.307861 0.482737 0.6653 
14 42 40 
0.315402 0.883761 0.00628096 0.504205 0.718417 0.294599 0.646388 0.0921794 
15 53 0 
0.480271 0.509006 0.313727 0.85632 0.803623 0.0643141 0.14134 0.788309 
16 57 15 
0.34085 0.382939 0.628628 0.557554 0.479707 0.936488 0.0402911 0.145007 
17 45 83 
0.460408 0.152959 0.960605 0.964613 0.871376 0.255203 0.611001 0.963556 
18 36 32 
0.603868 0.838807 0.300147 0.407491 0.903121 0.441486 0.1958 0.884418 
19 72 36 
0.225268 0.886249 0.253981 0.782822 0.365956 0.19047 0.823113 0.510963 
20 24 82 
0.971371 0.612627 0.738042 0.935985 0.484003 0.993245 0.546985 0.447559 
21 29 23 
0.891385 0.691975 0.910872 0.191532 0.0994662 0.813994 0.633018 0.295266 
22 9 78 
0.92062 0.923679 0.0225778 0.174602 0.706501 0.388534 0.365071 0.529615 
23 45 7 
0.307052 0.870868 0.437365 0.0450935 0.806853 0.921368 0.0383386 0.353839 
24 36 35 
0.425904 0.260312 0.818421 0.336776 0.451844 0.917887 0.15077 0.0848627 
25 56 27 
0.221191 0.133773 0.77286 0.243769 0.308375 0.479362 0.632303 0.673446 
26 40 11 
0.498185 0.316028 0.402668 0.935551 0.361122 0.209522 0.856919 0.39946 
27 15 93 
0.525906 0.989264 0.486158 0.344327 0.326041 0.938003 0.262214 0.47681 
28 23 86 
0.325992 0.244056 0.60914 0.0988517 0.487825 0.917516 0.578213 0.120128 
29 70 21 
0.651928 0.0891473 0.903218 0.0545968 0.0246981 0.26434 0.264118 0.881617 
30 38 57 
0.107463 0.189707 0.816743 0.593622 0.534033 0.142784 0.531624 0.796247 
31 13 28 
0.271614 0.945586 0.798546 0.880755 0.0444375 0.286371 0.79827 0.622651 
32 85 12 
0.209841 0.058428 0.478379 0.113059 0.113025 0.503078 0.377399 0.377143 
33 64 65 
0.204622 0.492158 0.230906 0.0213651 0.0857796 0.764939 0.164149 0.617404 
34 30 24 
0.171893 0.832801 0.729329 0.970439 0.713555 0.773766 0.25681 0.511826 
35 10 6 
0.901058 0.606258 0.721738 0.379437 0.719317 0.834762 0.882515 0.0967158 
36 13 16 
0.137915 0.416527 0.759368 0.368821 0.437893 0.845147 0.13376 0.602041 
37 69 11 
0.385785 0.634444 0.527747 0.115114 0.604883 0.241303 0.88888 0.861693 
38 63 18 
0.525002 0.654186 0.891555 0.24674 0.0336236 0.610872 0.0815019 0.916139 
39 6 13 
0.183348 0.845503 0.709935 0.942716 0.214324 0.147827 0.787864 0.348084 
40 29 1 
0.0430307 0.135653 0.884859 0.570778 0.250767 0.489742 0.81208 0.139647 
41 51 74 
0.424944 0.876436 0.219395 0.3165 0.123176 0.253018 0.927372 0.204678 
42 59 70 
0.498085 0.352505 0.480464 0.20802 0.295221 0.694788 0.355847 0.0830851 
43 26 75 
0.3335 0.085903 0.241369 0.218359 0.656681 0.492136 0.7081 0.468761 
44 69 62 
0.0339699 0.0567278 0.935971 0.253365 0.373228 0.0591467 0.506383 0.3006 
45 34 4 
0.93556 0.76191 0.0280453 0.416024 0.96993 0.323267 0.110812 0.325777 
46 10 83 
0.431493 0.739852 0.239587 0.672863 0.95821 0.896268 0.164999 0.666311 
47 77 51 
0.725845 0.398999 0.85351 0.661816 0.652364 0.226738 0.720962 0.158747 
48 13 50 
0.834287 0.462898 0.746697 0.862333 0.878922 0.716627 0.185599 0.989734 
49 67 59 
0.143419 0.473897 0.331803 0.383006 0.14676 0.290013 0.279274 0.311759 
50 47 16 
0.108541 0.682169 0.0433033 0.962051 0.343985 0.695667 0.188789 0.0649471 
51 39 56 
0.0497339 0.688702 0.179025 0.796431 0.551034 0.0579466 0.513057 0.736634 
52 18 26 
0.328585 0.191099 0.0293581 0.660388 0.574105 0.176118 0.950401 0.85338 
53 17 58 
0.497683 0.596417 0.588895 0.540987 0.558468 0.932879 0.236654 0.747257 
54 45 37 
0.463384 0.0475604 0.779771 0.642408 0.843991 0.330805 0.700355 0.357048 
55 88 85 
0.91251 0.396024 0.939135 0.941868 0.0564119 0.51324 0.117985 0.00681324 
56 36 52 
0.913539 0.864303 0.202278 0.502433 0.40529 0.760747 0.435313 0.641944 
57 29 79 
0.733013 0.971388 0.4807 0.512784 0.613796 0.324691 0.843589 0.314151 
58 25 11 
0.0621867 0.594249 0.307052 0.0013218 0.536116 0.363464 0.514562 0.654101 
59 1 93 
0.259963 0.283816 0.745485 0.462241 0.786249 0.150775 0.222988 0.221562 
60 25 30 
0.654701 0.525732 0.702379 0.135401 0.0385163 0.316175 0.460091 0.882105 
61 18 48 
0.793134 0.692513 0.736079 0.100186 0.693835 0.272195 0.46365 0.208397 
62 60 3 
0.0895791 0.18626 0.117743 0.835064 0.648501 0.903992 0.98584 0.871489 
63 37 36 
0.602481 0.780255 0.304292 0.30486 0.915656 0.342808 0.621036 0.375748 
64 25 8 
0.0180471 0.943876 0.253657 0.118233 0.637711 0.525853 0.581883 0.846108 
65 42 2 
0.935687 0.638409 0.533552 0.770751 0.286911 0.437544 0.756591 0.1584 
66 78 74 
0.760881 0.343354 0.839442 0.0657412 0.25901 0.18225 0.686777 0.634758 
67 51 49 
0.152336 0.42521 0.882015 0.405994 0.543443 0.519726 0.931846 0.125326 
68 9 27 
0.541135 0.30152 0.0224054 0.0746875 0.0722714 0.309316 0.512232 0.828862 
69 16 3 
0.364012 0.228596 0.418685 0.203454 0.294338 0.677695 0.385704 0.981115 
70 59 10 
0.919254 0.464789 0.218078 0.801269 0.870783 0.761521 0.320995 0.802629 
71 62 54 
0.186625 0.427982 0.988349 0.209031 0.502669 0.06062 0.518347 0.014901 
72 61 16 
0.0902316 0.253495 0.214659 0.508916 0.456949 0.508996 0.186611 0.842653 
73 41 40 
0.63552 0.409365 0.963853 0.853598 0.210634 0.834636 0.615119 0.531629 
74 89 32 
0.218458 0.82389 0.929947 0.206806 0.032921 0.432616 0.267427 0.551268 
75 61 57 
0.53733 0.537749 0.410404 0.751988 0.0466649 0.867353 0.260984 0.233276 
76 19 66 
0.73234 0.345527 0.16046 0.696193 0.199125 0.371094 0.530829 0.814244 
77 70 69 
0.316209 0.121182 0.991985 0.246156 0.327988 0.0249058 0.678772 0.595415 
78 64 17 
0.752324 0.113503 0.664038 0.162728 0.865491 0.710703 0.0300806 0.126476 
79 86 10 
0.877571 0.676319 0.0856136 0.0380308 0.372512 0.284738 0.409125 0.903342 
80 60 33 
0.071436 0.415191 0.433031 0.0634208 0.661347 0.761019 0.0883266 0.340119 
81 48 27 
0.466409 0.108757 0.778003 0.130447 0.271485 0.643495 0.84115 0.301565 
82 31 22 
0.0416521 0.647541 0.461448 0.127266 0.685572 0.833961 0.412004 0.0946972 
83 42 77 
0.406546 0.808738 0.926177 0.839577 0.872159 0.587524 0.600596 0.960485 
84 40 75 
0.624985 0.394052 0.0657864 0.402989 0.524499 0.337271 0.0464833 0.365649 
85 69 22 
0.150779 0.680488 0.463995 0.612227 0.807754 0.149567 0.446187 0.219758 
86 88 33 
0.730744 0.65081 0.992227 0.656921 0.490387 0.864386 0.244446 0.0909828 
87 35 16 
0.048012 0.449857 0.566141 0.113798 0.852846 0.0906407 0.45107 0.899329 
88 51 19 
0.715783 0.607069 0.770394 0.179778 0.219295 0.578149 0.329345 0.665483 
89 53 3 
0.848972 0.528651 0.224419 0.8412 0.185572 0.714806 0.705586 0.430018 
90 49 36 
0.853801 0.980315 0.168248 0.967599 0.833161 0.258889 0.418669 0.73249 
91 18 81 
0.448273 0.322248 0.278969 0.62805 0.541543 0.857118 0.957395 0.207026 
92 39 74 
0.0559977 0.183675 0.755423 0.897197 0.369247 0.470229 0.602783 0.799265 
93 59 32 
0.401372 0.129818 0.113555 0.56962 0.0974177 0.946716 0.82851 0.516086 
