15 6
0 1 0 1 1 1 0 1 1 0 0 0 0 0 1 
0 14 10 7 3 4 
0.833695 0.0558788 0.516598 0.64082 0.906483 0.56906 0.858578 0.514817 0.148975 0.257976 0.174388 0.954354 0.510064 0.728343 0.643629 0.318227 0.720442 0.526649 0.0557871 0.559643 0.396824 0.313688 0.999453 0.634653 0.769238 0.827935 0.119232 0.603567 0.348125 0.222456 0.79363 0.18182 0.278335 0.310227 0.822641 0.184818 0.879287 0.681219 0.699635 0.0282622 0.939195 0.874023 0.982616 0.449259 0.602366 0.626245 0.767485 0.322808 0.152894 0.823272 0.882451 0.549718 0.13696 0.881904 0.184371 0.906198 0.709839 0.303603 0.509765 0.0579645 0.526059 0.303395 0.239785 0.804394 
1 8 2 0 12 6 
0.688848 0.521171 0.682839 0.562871 0.503787 0.132097 0.165237 0.130032 0.899583 0.488045 0.282926 0.722855 0.370496 0.832644 0.859815 0.2524 0.0170155 0.766013 0.96224 0.320619 0.275778 0.0202041 0.846678 0.579173 0.259989 0.651072 0.192795 0.322414 0.640285 0.685703 0.066058 0.329133 0.206874 0.748897 0.892003 0.710661 0.880994 0.0572405 0.840694 0.780577 0.545286 0.12362 0.503432 0.915782 0.956264 0.363248 0.168182 0.97328 0.129261 0.130422 0.293898 0.405039 0.150626 0.140576 0.984212 0.410615 0.791649 0.177007 0.733029 0.431933 0.86271 0.799087 0.761066 0.0695845 
2 7 5 9 1 10 
0.62094 0.209555 0.255596 0.74456 0.712987 0.171377 0.700824 0.0762351 0.33956 0.674104 0.205496 0.469982 0.968002 0.610535 0.620608 0.108579 0.594747 0.0312226 0.900227 0.771754 0.764252 0.33216 0.634464 0.563339 0.0932264 0.704049 0.111322 0.746296 0.484295 0.540301 0.456606 0.105234 0.749856 0.712201 0.849794 0.462843 0.883579 0.550618 0.539078 0.223138 0.224722 0.744574 0.69312 0.192724 0.35511 0.313728 0.301303 0.949857 0.34495 0.20153 0.721611 0.109202 0.53369 0.356076 0.672541 0.626917 0.0601243 0.783863 0.373212 0.544419 0.324164 0.829818 0.649653 0.0740192 
3 7 13 8 9 11 
0.0759406 0.648736 0.274787 0.820515 0.341856 0.467512 0.175625 0.655584 0.768814 0.125482 0.000534316 0.970344 0.847094 0.109736 0.504034 0.203169 0.782277 0.130951 0.263294 0.56614 0.504163 0.807713 0.890304 0.333981 0.457366 0.964323 0.876 0.956813 0.501185 0.301598 0.00687885 0.577126 0.950334 0.281666 0.397641 0.29219 0.749178 0.573266 0.947774 0.517992 0.698748 0.948308 0.488336 0.545841 0.0580446 0.99237 0.749011 0.840322 0.123321 0.0123044 0.406461 0.627484 0.820017 0.296765 0.961466 0.277383 0.261088 0.837466 0.234196 0.762273 0.139064 0.241075 0.339399 0.0893978 
4 5 0 14 1 11 
0.27767 0.278248 0.554894 0.335715 0.270618 0.303905 0.176036 0.393939 0.316209 0.582498 0.0214234 0.136226 0.879263 0.982889 0.413609 0.14035 0.820355 0.647805 0.902623 0.959419 0.88888 0.242022 0.0488164 0.411622 0.979061 0.430404 0.683541 0.289366 0.759766 0.473453 0.298418 0.0374362 0.7517 0.853312 0.373151 0.0223179 0.157217 0.549187 0.416257 0.473426 0.131685 0.43768 0.609652 0.0109476 0.420569 0.0232615 0.151298 0.240924 0.671067 0.0539212 0.200343 0.559947 0.295943 0.249159 0.971569 0.275004 0.679563 0.65511 0.56437 0.439329 0.128563 0.862788 0.476766 0.880263 
5 0 13 10 9 3 
0.530789 0.756518 0.956396 0.541736 0.177087 0.979658 0.693034 0.418011 0.650724 0.746956 0.618353 0.210672 0.0428987 0.867512 0.182241 0.317903 0.547076 0.837351 0.882273 0.986405 0.965914 0.745061 0.463171 0.846176 0.461161 0.313088 0.748757 0.334479 0.712191 0.0675947 0.681222 0.24298 0.824112 0.637618 0.784717 0.00119922 0.617276 0.477751 0.41921 0.268 0.224707 0.0375634 0.478672 0.267605 0.905076 0.660913 0.585508 0.452152 0.498263 0.46778 0.438557 0.464177 0.212841 0.901728 0.310354 0.674002 0.214815 0.0591107 0.0084807 0.927007 0.126705 0.689703 0.169987 0.950818 
6 5 10 13 2 12 
0.657161 0.40879 0.69127 0.924766 0.313866 0.352182 0.510274 0.766018 0.850446 0.978054 0.204575 0.314623 0.190895 0.106303 0.624976 0.864897 0.321118 0.684087 0.873378 0.248124 0.810792 0.563081 0.418111 0.76161 0.890402 0.372815 0.713627 0.835 0.805269 0.0848541 0.0475975 0.46243 0.493645 0.738867 0.387196 0.807511 0.0910492 0.897469 0.573529 0.941495 0.875524 0.778104 0.256117 0.0664189 0.884407 0.881094 0.931316 0.205524 0.565181 0.804694 0.453649 0.375973 0.367776 0.87176 0.137583 0.258178 0.244575 0.85121 0.0931778 0.0498434 0.936064 0.140775 0.512273 0.429709 
7 3 4 2 14 12 
0.810749 0.912186 0.672462 0.588853 0.168304 0.73888 0.473259 0.0493972 0.670197 0.678784 0.614578 0.474891 0.132432 0.990551 0.842667 0.0041924 0.128134 0.100845 0.248767 0.979344 0.194023 0.29861 0.915408 0.334798 0.810883 0.345117 0.21444 0.710352 0.582337 0.185132 0.50729 0.393086 0.0973178 0.179751 0.981938 0.265621 0.918632 0.455197 0.315019 0.588829 0.133981 0.929596 0.0637199 0.266413 0.920147 0.906387 0.270606 0.048281 0.00723141 0.519373 0.0276249 0.201254 0.817983 0.943033 0.536052 0.628867 0.28815 0.750492 0.339218 0.870487 0.935624 0.846508 0.263573 0.0329415 
8 14 1 11 4 7 
0.613582 0.53372 0.834689 0.543178 0.59744 0.101102 0.463325 0.503827 0.371708 0.511606 0.511058 0.891081 0.539231 0.712312 0.709064 0.482264 0.248364 0.33793 0.770414 0.998856 0.677149 0.640901 0.93448 0.523657 0.904474 0.967421 0.549917 0.149985 0.265984 0.494808 0.850693 0.879566 0.0285285 0.685382 0.422744 0.625969 0.786485 0.886069 0.129796 0.158193 0.397675 0.640854 0.0492734 0.936906 0.353166 0.758337 0.41917 0.60153 0.0962677 0.189585 0.600386 0.773416 0.830486 0.534866 0.297074 0.73496 0.502287 0.84699 0.884945 0.768271 0.341799 0.735638 0.647836 0.370327 
9 0 6 7 5 11 
0.126091 0.365697 0.354324 0.766945 0.41497 0.29123 0.120111 0.173308 0.7104 0.721641 0.269575 0.899985 0.322027 0.0429919 0.730471 0.856893 0.340065 0.465431 0.359179 0.187056 0.350376 0.12745 0.528854 0.0860139 0.775286 0.899182 0.507034 0.845866 0.895477 0.714538 0.802515 0.0215688 0.0802353 0.156839 0.788514 0.495206 0.448069 0.908625 0.668514 0.158469 0.630266 0.938089 0.0584543 0.952293 0.981081 0.788926 0.809186 0.321146 0.254357 0.168365 0.508202 0.604733 0.295815 0.0370565 0.690747 0.0711013 0.936238 0.197781 0.916967 0.831715 0.912319 0.719482 0.853284 0.992554 
10 13 12 5 14 6 
0.180689 0.0943627 0.541313 0.132982 0.0754435 0.330239 0.942168 0.39659 0.584596 0.110533 0.904792 0.189329 0.406348 0.941848 0.880076 0.477449 0.878086 0.0778567 0.394417 0.709802 0.990176 0.113899 0.563086 0.98273 0.99022 0.204884 0.470491 0.31461 0.755307 0.626764 0.797468 0.935996 0.721127 0.338781 0.0689781 0.796571 0.66902 0.0111458 0.19316 0.253615 0.121678 0.0979519 0.442944 0.528026 0.0398001 0.32302 0.00547521 0.917886 0.400876 0.399892 0.627688 0.391052 0.513791 0.190774 0.373783 0.504011 0.395658 0.844273 0.81862 0.150965 0.471038 0.616089 0.0869609 0.192165 
11 8 5 13 10 0 
0.279847 0.320449 0.816789 0.319648 0.643469 0.822264 0.237534 0.0443451 0.222156 0.865222 0.435397 0.735947 0.0559958 0.80918 0.239958 0.451654 0.653453 0.0585778 0.602618 0.124491 0.674666 0.689579 0.316656 0.629536 0.845518 0.305391 0.253426 0.012603 0.487287 0.13093 0.301366 0.767134 0.451379 0.118155 0.0867817 0.0948479 0.94042 0.324316 0.139193 0.162576 0.189537 0.574591 0.898523 0.245533 0.383771 0.138481 0.697187 0.0372242 0.197058 0.299805 0.161715 0.871725 0.989385 0.478371 0.501261 0.834903 0.783763 0.754686 0.847506 0.271049 0.885617 0.148872 0.0381833 0.336996 
12 11 3 5 10 1 
0.638818 0.145627 0.268546 0.884351 0.529398 0.407027 0.581538 0.566622 0.604085 0.881343 0.728337 0.47581 0.870728 0.206709 0.977071 0.705631 0.990471 0.731757 0.553137 0.26152 0.617373 0.702009 0.299704 0.954369 0.969036 0.424669 0.386213 0.176484 0.873949 0.95725 0.546507 0.512767 0.102877 0.815053 0.397118 0.632275 0.22208 0.978657 0.198897 0.826166 0.86 0.927235 0.301975 0.730728 0.133943 0.279046 0.436359 0.124415 0.0108028 0.989496 0.385935 0.628176 0.691506 0.685639 0.582545 0.660542 0.110308 0.968758 0.837026 0.984257 0.926008 0.383533 0.497024 0.0288852 
13 3 8 14 6 12 
0.246832 0.732799 0.787292 0.548808 0.463527 0.921235 0.827854 0.899887 0.0456499 0.838656 0.889383 0.431585 0.466833 0.580889 0.117224 0.0493779 0.241431 0.227531 0.0181363 0.0784565 0.211788 0.944145 0.461989 0.708812 0.97303 0.660575 0.602955 0.63419 0.081242 0.475754 0.494247 0.328074 0.208553 0.281539 0.876882 0.672081 0.202775 0.704735 0.571967 0.248425 0.543392 0.461351 0.68001 0.0102241 0.0422394 0.797233 0.0596021 0.28367 0.0247647 0.0777384 0.362127 0.236553 0.0218829 0.824116 0.945365 0.994913 0.484691 0.54832 0.629103 0.565933 0.0240739 0.12335 0.894007 0.232627 
14 6 1 11 7 0 
0.476675 0.856089 0.0190157 0.938026 0.536098 0.0292398 0.980265 0.333332 0.0888418 0.263935 0.358096 0.16658 0.626062 0.594649 0.188463 0.450178 0.540014 0.183376 0.934869 0.0883342 0.812479 0.500802 0.112408 0.935829 0.39481 0.345035 0.340718 0.165699 0.249743 0.948383 0.641323 0.726418 0.804471 0.660338 0.664444 0.34057 0.689578 0.644709 0.673902 0.77842 0.908645 0.0319981 0.945 0.534707 0.626647 0.133463 0.984885 0.166662 0.316839 0.919754 0.254996 0.129318 0.420556 0.367404 0.0651467 0.815366 0.712439 0.405865 0.981064 0.962182 0.354248 0.622387 0.6886 0.158719 
