59 1
1 1 1 1 0 0 1 1 1 0 1 0 0 0 1 0 1 0 0 0 0 0 1 0 0 1 0 1 1 1 0 1 1 0 1 0 0 1 0 0 0 1 1 0 0 1 1 1 0 0 0 1 1 0 1 0 0 0 0 
0 
0.980558 0.0791401 
1 
0.574859 0.175562 
2 
0.487323 0.84827 
3 
0.142831 0.906796 
4 
0.958455 0.598494 
5 
0.450218 0.417372 
6 
0.111729 0.492917 
7 
0.0850757 0.115875 
8 
0.0404551 0.0302161 
9 
0.017703 0.205037 
10 
0.71788 0.582581 
11 
0.723369 0.185727 
12 
0.102469 0.584429 
13 
0.67193 0.851855 
14 
0.486837 0.792737 
15 
0.924681 0.467395 
16 
0.871877 0.499541 
17 
0.642957 0.3592 
18 
0.347811 0.785788 
19 
0.265996 0.306266 
20 
0.384282 0.716213 
21 
0.723637 0.496011 
22 
0.209131 0.808713 
23 
0.611885 0.249586 
24 
0.838929 0.629588 
25 
0.454623 0.556809 
26 
0.212169 0.177992 
27 
0.742536 0.314638 
28 
0.762421 0.414466 
29 
0.166493 0.249258 
30 
0.207203 0.0911739 
31 
0.716653 0.0790803 
32 
0.590715 0.359611 
33 
0.438281 0.938525 
34 
0.145399 0.704276 
35 
0.244791 0.529681 
36 
0.42049 0.968428 
37 
0.0256921 0.629621 
38 
0.777142 0.637578 
39 
0.879207 0.616071 
40 
0.267166 0.33383 
41 
0.17288 0.479335 
42 
0.511822 0.915416 
43 
0.793973 0.274244 
44 
0.329883 0.960466 
45 
0.523502 0.537086 
46 
0.0516399 0.240155 
47 
0.616166 0.642354 
48 
0.599765 0.0544469 
49 
0.58088 0.745164 
50 
0.758723 0.825671 
51 
0.274846 0.179213 
52 
0.7941 0.300538 
53 
0.808834 0.571241 
54 
0.938115 0.68804 
55 
0.187312 0.205281 
56 
0.0218701 0.360191 
57 
0.684617 0.533692 
58 
0.275608 0.47859 
