58 2
0 1 0 1 1 0 0 1 0 1 0 0 1 0 1 0 0 0 1 1 1 0 0 0 1 1 1 0 1 1 1 0 1 0 0 1 0 1 0 1 1 1 0 0 0 0 1 1 0 1 1 0 0 1 1 0 1 1 
0 34 
0.795356 0.83202 0.582482 0.368115 
1 8 
0.492459 0.650714 0.00224122 0.46903 
2 56 
0.362741 0.845789 0.290977 0.640471 
3 47 
0.328141 0.00163815 0.751934 0.0828617 
4 21 
0.9927 0.950762 0.585461 0.423271 
5 32 
0.361678 0.38913 0.103815 0.832689 
6 2 
0.123734 0.628045 0.626308 0.706216 
7 24 
0.526302 0.198675 0.646874 0.528543 
8 36 
0.178651 0.891284 0.513494 0.469629 
9 38 
0.143769 0.797769 0.533393 0.895702 
10 21 
0.55214 0.888402 0.831393 0.137601 
11 49 
0.665811 0.499278 0.700804 0.769626 
12 23 
0.495092 0.89336 0.960012 0.1214 
13 36 
0.956172 0.647702 0.798251 0.603046 
14 4 
0.465957 0.781697 0.0675281 0.979451 
15 9 
0.599283 0.12322 0.0490952 0.132675 
16 18 
0.929726 0.684815 0.907325 0.761119 
17 36 
0.218998 0.42693 0.321694 0.919802 
18 28 
0.653662 0.414894 0.0899159 0.613674 
19 21 
0.689492 0.569846 0.183996 0.487744 
20 30 
0.360241 0.953701 0.954588 0.427769 
21 32 
0.0270514 0.056372 0.255009 0.159727 
22 40 
0.184736 0.844542 0.982619 0.945855 
23 25 
0.201617 0.372785 0.988652 0.121419 
24 36 
0.642313 0.536313 0.659257 0.255987 
25 42 
0.348749 0.825833 0.256604 0.836493 
26 41 
0.616844 0.790194 0.953312 0.044613 
27 28 
0.159226 0.0716643 0.779717 0.414236 
28 8 
0.855012 0.598971 0.0759329 0.837631 
29 27 
0.74289 0.0392478 0.917611 0.731542 
30 42 
0.486952 0.373856 0.696981 0.146209 
31 48 
0.769588 0.494959 0.455676 0.0261919 
32 48 
0.4544 0.643036 0.121645 0.407712 
33 40 
0.84499 0.566939 0.759313 0.624708 
34 12 
0.990705 0.47972 0.580145 0.0666375 
35 26 
0.124971 0.809528 0.356598 0.0425828 
36 22 
0.517265 0.529535 0.914926 0.214246 
37 49 
0.544769 0.983834 0.170703 0.000444712 
38 53 
0.502155 0.454845 0.653062 0.6238 
39 35 
0.340711 0.46879 0.429495 0.100024 
40 20 
0.410669 0.090729 0.573218 0.990815 
41 57 
0.890568 0.115786 0.966894 0.247166 
42 49 
0.507965 0.764431 0.687904 0.422891 
43 31 
0.363649 0.967659 0.962511 0.534352 
44 2 
0.972537 0.0365065 0.422949 0.625598 
45 3 
0.285506 0.966309 0.129096 0.715001 
46 6 
0.222595 0.12567 0.157063 0.795812 
47 9 
0.314429 0.68638 0.232271 0.281324 
48 22 
0.390639 0.789288 0.697977 0.0785434 
49 39 
0.676654 0.442192 0.179838 0.639165 
50 38 
0.147943 0.611701 0.0130502 0.570891 
51 27 
0.673356 0.856397 0.203609 0.802453 
52 16 
0.269943 0.0250473 0.697068 0.427006 
53 51 
0.813553 0.741435 0.50724 0.0458234 
54 4 
0.440786 0.436463 0.812048 0.138764 
55 36 
0.0242267 0.815418 0.957198 0.204065 
56 48 
0.933742 0.352008 0.0662843 0.946792 
57 33 
0.303584 0.620149 0.779296 0.507193 
