51 7
0 0 1 0 1 1 0 1 0 1 0 0 0 0 0 0 1 0 0 1 1 1 0 1 1 0 0 0 0 1 1 1 0 1 0 0 1 0 0 0 0 0 1 1 1 1 0 0 0 0 0 
0 50 17 43 15 33 18 
0.670664 0.455632 0.847898 0.720218 0.207273 0.334663 0.97851 0.298661 0.351445 0.289139 0.405288 0.499427 0.749833 0.465365 0.967004 0.929151 0.0312171 0.699692 0.851034 0.684991 0.34814 0.730735 0.809873 0.580681 0.419493 0.0183427 0.80779 0.518761 0.972654 0.504904 0.59863 0.643318 0.960536 0.446528 0.363536 0.167809 0.781191 0.342046 0.46647 0.132636 0.631185 0.871758 0.632063 0.381018 0.337123 0.599067 0.310169 0.36834 0.298759 0.161203 0.053331 0.646899 0.891938 0.863204 0.22758 0.311431 0.881547 0.0353698 0.830192 0.854201 0.540274 0.428822 0.497518 0.50081 0.875351 0.861054 0.66862 0.656541 0.2031 0.13509 0.789178 0.834285 0.00684796 0.42124 0.215303 0.343971 0.0203074 0.525472 0.712311 0.319067 0.686674 0.765642 0.965966 0.578612 0.628847 0.193546 0.890043 0.510394 0.228916 0.720235 0.364595 0.76919 0.149057 0.862113 0.27 0.0244075 0.723167 0.93862 0.680949 0.926267 0.0737097 0.470127 0.760552 0.0805577 0.891367 0.975854 0.424529 0.911674 0.501326 0.13684 0.230741 0.188 0.902483 0.196707 0.766612 0.531329 0.390253 0.656655 0.0417232 0.619169 0.37689 0.406318 0.388359 0.525947 0.268431 0.658359 0.550354 0.991598 
1 11 40 49 6 28 2 
0.751247 0.592797 0.654272 0.175775 0.504471 0.155598 0.312615 0.735212 0.343598 0.215098 0.931919 0.11021 0.746427 0.322172 0.766865 0.78815 0.941341 0.143755 0.194468 0.3297 0.669702 0.462899 0.98806 0.220056 0.454498 0.585039 0.451359 0.372363 0.255727 0.152788 0.0507806 0.00697398 0.745585 0.705052 0.182749 0.250056 0.86065 0.495365 0.985268 0.204248 0.710463 0.917187 0.314459 0.45689 0.239359 0.0813241 0.24504 0.180701 0.225079 0.439509 0.510401 0.894781 0.902408 0.498461 0.114837 0.356906 0.0834993 0.566195 0.729269 0.339227 0.718984 0.78005 0.346201 0.464569 0.485102 0.52895 0.714625 0.345752 0.0243148 0.699893 0.550001 0.734778 0.61708 0.864459 0.191668 0.856439 0.945783 0.436708 0.0371395 0.170862 0.876217 0.54754 0.0656433 0.778625 0.0460011 0.18048 0.135531 0.1295 0.746675 0.8648 0.468727 0.465659 0.644849 0.814928 0.930228 0.129951 0.343878 0.644853 0.475703 0.368193 0.344745 0.0257038 0.10297 0.961825 0.890163 0.294638 0.818263 0.835946 0.731346 0.855403 0.00680847 0.607563 0.402943 0.0724517 0.386187 0.448944 0.252932 0.521718 0.578445 0.999607 0.386518 0.047172 0.465266 0.0313666 0.8621 0.395494 0.161318 0.205978 
2 9 48 24 50 25 32 
0.971779 0.16518 0.388834 0.703124 0.0205827 0.395642 0.310687 0.423526 0.468094 0.696874 0.87247 0.721026 0.218592 0.450915 0.720633 0.60511 0.498087 0.185899 0.636477 0.360187 0.581393 0.797794 0.566165 0.62174 0.434815 0.140336 0.00683168 0.09754 0.817477 0.353748 0.650428 0.789255 0.518928 0.0392615 0.49238 0.539511 0.434904 0.803067 0.963037 0.902998 0.499941 0.835507 0.624023 0.718534 0.286422 0.344656 0.323644 0.78451 0.530555 0.960121 0.144697 0.111948 0.757915 0.710862 0.733688 0.19273 0.851198 0.740519 0.29027 0.668675 0.0942676 0.940698 0.457931 0.613196 0.979959 0.950311 0.152706 0.414863 0.753377 0.115743 0.317861 0.253319 0.95125 0.941884 0.971853 0.237673 0.28654 0.295497 0.0221825 0.817095 0.255617 0.16688 0.929043 0.013532 0.877742 0.662731 0.206262 0.728941 0.403251 0.496532 0.397616 0.497518 0.43723 0.855546 0.110714 0.41719 0.805857 0.26342 0.832053 0.559234 0.379163 0.149914 0.812553 0.330413 0.0917985 0.784406 0.568086 0.378339 0.0799022 0.590268 0.195434 0.335519 0.757148 0.124478 0.349051 0.63489 0.787209 0.555314 0.363831 0.19046 0.051846 0.761446 0.687978 0.489076 0.616993 0.798692 0.906266 0.42285 
3 34 11 49 28 47 20 
0.980032 0.579043 0.339774 0.358371 0.658945 0.930043 0.553805 0.994464 0.687191 0.678283 0.343516 0.322081 0.465492 0.898829 0.685912 0.655951 0.950675 0.447358 0.343929 0.439752 0.0643511 0.142621 0.346018 0.487201 0.204733 0.0843371 0.469285 0.646008 0.972571 0.263922 0.417697 0.952602 0.842965 0.757471 0.310973 0.50191 0.687514 0.864779 0.496374 0.374705 0.543062 0.83989 0.696786 0.00855342 0.738719 0.382698 0.664505 0.689394 0.830056 0.00843394 0.129146 0.894407 0.151055 0.475164 0.381608 0.355788 0.559501 0.850893 0.0017959 0.532072 0.114814 0.419492 0.484674 0.957779 0.176963 0.795647 0.459689 0.864477 0.660426 0.956063 0.239182 0.203488 0.795953 0.935967 0.212041 0.534672 0.318665 0.876546 0.224066 0.148721 0.88498 0.353212 0.0431277 0.0360348 0.828376 0.424735 0.391823 0.387877 0.275628 0.393618 0.919949 0.390442 0.813111 0.404623 0.348221 0.990074 0.20027 0.80791 0.854551 0.860697 0.763973 0.093733 0.0641843 0.559926 0.0297002 0.276226 0.0945978 0.348365 0.152771 0.318664 0.497086 0.0377513 0.671876 0.540213 0.0737861 0.500253 0.964949 0.465609 0.88813 0.240577 0.859227 0.808079 0.631019 0.672338 0.212702 0.979241 0.662412 0.412972 
4 40 18 47 25 24 34 
0.205648 0.988762 0.76685 0.524312 0.485848 0.804602 0.196188 0.0260611 0.878388 0.696441 0.99101 0.343996 0.584571 0.231587 0.203223 0.39265 0.862606 0.875562 0.605352 0.841847 0.537974 0.0183243 0.628998 0.0549378 0.291993 0.180122 0.665635 0.629846 0.291172 0.306032 0.243925 0.49682 0.294794 0.0107753 0.0211316 0.780641 0.815377 0.21732 0.806702 0.693764 0.913761 0.797712 0.0377607 0.498333 0.029299 0.240984 0.890983 0.891905 0.116546 0.496335 0.733751 0.65452 0.514659 0.362749 0.709458 0.806652 0.542871 0.375092 0.436499 0.834042 0.681124 0.680424 0.330862 0.975917 0.691199 0.351994 0.756559 0.506576 0.569314 0.563261 0.20034 0.483075 0.360974 0.238101 0.981408 0.390273 0.479085 0.872391 0.282177 0.595631 0.368725 0.0159288 0.25015 0.883384 0.378678 0.959608 0.690037 0.921548 0.3347 0.126535 0.755591 0.0158238 0.806959 0.0864528 0.991741 0.498158 0.438447 0.7483 0.00473331 0.00776029 0.311561 0.205073 0.490835 0.672535 0.443174 0.472243 0.0628078 0.922259 0.344634 0.344985 0.51789 0.713359 0.360914 0.76804 0.596743 0.739592 0.727648 0.28678 0.66114 0.062348 0.413315 0.416731 0.0781718 0.220274 0.503184 0.069913 0.718431 0.94163 
5 34 16 2 39 13 3 
0.80231 0.371412 0.912469 0.865118 0.293671 0.257103 0.210103 0.811561 0.970462 0.571017 0.579601 0.567205 0.310609 0.307249 0.853985 0.971749 0.369597 0.2673 0.38848 0.447769 0.487573 0.891664 0.517682 0.206005 0.833295 0.335895 0.929169 0.782685 0.46567 0.857407 0.222911 0.267979 0.228819 0.135381 0.133097 0.52249 0.392484 0.3432 0.334051 0.362946 0.914217 0.913652 0.930151 0.224826 0.220901 0.784136 0.196575 0.590498 0.0514355 0.585055 0.0382673 0.539009 0.476719 0.555949 0.745014 0.310014 0.891844 0.674183 0.092699 0.357514 0.53159 0.31561 0.625493 0.760409 0.450991 0.75859 0.2829 0.843475 0.10179 0.616951 0.20642 0.0160071 0.530603 0.136571 0.240833 0.751505 0.920707 0.437408 0.342003 0.972142 0.0224628 0.38027 0.511151 0.499182 0.93622 0.256165 0.809196 0.828064 0.930347 0.901895 0.185578 0.461937 0.217505 0.811071 0.222346 0.668496 0.569661 0.505246 0.511971 0.671451 0.122197 0.718391 0.687458 0.6528 0.854962 0.928291 0.404305 0.775668 0.365699 0.746308 0.74781 0.388161 0.126578 0.258961 0.887343 0.0627978 0.515126 0.696539 0.890862 0.445473 0.598434 0.0764391 0.907411 0.815939 0.88751 0.129757 0.484435 0.457171 
6 8 5 39 27 11 47 
0.41 0.569758 0.744371 0.814305 0.345426 0.11007 0.560613 0.0932368 0.498231 0.687191 0.352198 0.385574 0.749989 0.867324 0.0821135 0.64085 0.312797 0.680547 0.717289 0.220208 0.496486 0.604799 0.349965 0.98092 0.0619701 0.984968 0.977326 0.190592 0.742168 0.692122 0.00667201 0.152168 0.26188 0.751043 0.966473 0.607306 0.861113 0.527086 0.700543 0.359344 0.214277 0.0527412 0.744918 0.964266 0.920065 0.827032 0.605116 0.232863 0.507579 0.322406 0.453071 0.00406478 0.927205 0.803036 0.984985 0.989175 0.788004 0.962311 0.179767 0.530172 0.654433 0.186439 0.682341 0.916313 0.937482 0.648814 0.523619 0.798595 0.1759 0.224162 0.157938 0.390177 0.276903 0.902857 0.354443 0.196969 0.729888 0.959559 0.429831 0.237467 0.281965 0.882902 0.241532 0.20917 0.685938 0.226517 0.198345 0.473942 0.188828 0.378112 0.00411381 0.843261 0.564551 0.686454 0.759574 0.502033 0.335268 0.283193 0.300627 0.511169 0.507355 0.458566 0.901346 0.784258 0.361422 0.255789 0.981227 0.0913107 0.215348 0.411058 0.328778 0.497312 0.29396 0.57031 0.706482 0.979898 0.796828 0.904826 0.45384 0.985656 0.282938 0.457953 0.828917 0.847488 0.144408 0.588491 0.349521 0.479676 
7 46 12 34 26 19 10 
0.163298 0.470136 0.147979 0.144525 0.561447 0.363326 0.555583 0.890225 0.860639 0.849543 0.460535 0.56712 0.829441 0.257363 0.471946 0.283281 0.243019 0.754884 0.741234 0.0719358 0.602372 0.885642 0.660427 0.951893 0.365318 0.532111 0.602041 0.356163 0.91115 0.710755 0.248354 0.0744478 0.180891 0.396333 0.218972 0.742338 0.759659 0.774555 0.632563 0.620298 0.624099 0.0930981 0.187418 0.45354 0.350461 0.659364 0.736821 0.59348 0.414248 0.478055 0.665415 0.0166209 0.363697 0.325842 0.968514 0.729016 0.857953 0.570555 0.0851792 0.769104 0.28131 0.333533 0.843551 0.462202 0.729866 0.0625238 0.20454 0.489525 0.837079 0.837103 0.109823 0.461178 0.930201 0.297241 0.914718 0.280662 0.956605 0.651539 0.874141 0.370854 0.129594 0.539557 0.387474 0.493292 0.865399 0.355988 0.222308 0.723352 0.926544 0.307487 0.492456 0.207854 0.64102 0.336007 0.670056 0.370886 0.398531 0.874596 0.86041 0.23561 0.711699 0.970233 0.696788 0.641899 0.267474 0.611506 0.922561 0.224079 0.263045 0.796703 0.594932 0.392639 0.336259 0.982407 0.885931 0.201658 0.338395 0.108239 0.925011 0.264939 0.415726 0.417466 0.472793 0.0567454 0.753474 0.142849 0.427631 0.152005 
8 12 18 33 15 25 39 
0.371043 0.525748 0.695909 0.293605 0.749827 0.958955 0.0903073 0.344759 0.351594 0.426567 0.327166 0.237525 0.628225 0.665561 0.345764 0.553235 0.9305 0.76149 0.970702 0.403294 0.818235 0.724176 0.546143 0.245866 0.87618 0.563588 0.533907 0.263795 0.292732 0.792182 0.348198 0.663776 0.31793 0.0441078 0.95738 0.0677568 0.00306245 0.0476877 0.412516 0.354657 0.474254 0.739682 0.592182 0.102479 0.405243 0.937946 0.655715 0.335743 0.699436 0.626417 0.739037 0.517671 0.350592 0.28518 0.763537 0.226772 0.848768 0.297444 0.490568 0.1415 0.0896262 0.838766 0.805276 0.407556 0.882874 0.762656 0.475313 0.885936 0.810344 0.887829 0.240593 0.284598 0.627511 0.832775 0.387077 0.0327537 0.770721 0.0427921 0.368497 0.470156 0.669209 0.107533 0.987827 0.0198008 0.392713 0.751364 0.246573 0.241481 0.0488084 0.737141 0.382981 0.138435 0.575907 0.188257 0.545991 0.458781 0.950913 0.0213039 0.344717 0.761258 0.909133 0.58531 0.0458559 0.536644 0.418084 0.432933 0.569397 0.188805 0.475725 0.937894 0.658961 0.144934 0.0454275 0.646789 0.164735 0.43814 0.398153 0.411308 0.679621 0.446961 0.148449 0.0626021 0.585396 0.724356 0.250859 0.131387 0.183136 0.201772 
9 24 22 2 15 38 0 
0.441819 0.167864 0.720052 0.917545 0.105759 0.379013 0.0624788 0.151186 0.0258015 0.227214 0.589326 0.423954 0.638522 0.268947 0.870915 0.78697 0.33155 0.456311 0.511326 0.582409 0.587698 0.694462 0.784181 0.740388 0.222315 0.747211 0.802211 0.335477 0.756097 0.400678 0.866724 0.197916 0.568543 0.586776 0.115461 0.674301 0.965789 0.17794 0.825487 0.99159 0.405154 0.414814 0.415544 0.0436753 0.683761 0.28646 0.830646 0.0153105 0.742771 0.341972 0.597719 0.330468 0.036434 0.3819 0.070856 0.258749 0.129111 0.873067 0.594226 0.885208 0.273745 0.46095 0.0831245 0.842288 0.0477261 0.198586 0.516589 0.0135147 0.376526 0.342076 0.00510489 0.781679 0.75689 0.420649 0.825354 0.440651 0.707109 0.656 0.455962 0.449879 0.997972 0.0536807 0.780348 0.0344059 0.435581 0.851204 0.293155 0.564692 0.724271 0.887381 0.4499 0.998016 0.348332 0.533025 0.840304 0.396058 0.73161 0.356893 0.409572 0.108136 0.69897 0.414677 0.889815 0.45586 0.835327 0.715169 0.896511 0.542435 0.371169 0.352473 0.992315 0.369141 0.406153 0.772662 0.403547 0.841734 0.623866 0.696702 0.406426 0.348137 0.584084 0.856326 0.346153 0.932415 0.389351 0.186457 0.328473 0.120961 
10 9 45 41 18 25 34 
0.698181 0.988049 0.834081 0.594692 0.530485 0.20525 0.947164 0.5228 0.574392 0.353318 0.295462 0.977939 0.195052 0.919328 0.674641 0.601478 0.267465 0.258725 0.457804 0.613618 0.19114 0.847155 0.800075 0.519613 0.968116 0.343426 0.257658 0.197213 0.585746 0.410381 0.316124 0.283927 0.39843 0.150205 0.878619 0.928915 0.355456 0.825783 0.451714 0.929847 0.179101 0.747176 0.907786 0.374153 0.666504 0.582428 0.97563 0.933969 0.841153 0.433435 0.547587 0.0322927 0.280589 0.347662 0.551906 0.248705 0.691087 0.809564 0.445918 0.276834 0.219945 0.762042 0.560761 0.618375 0.912248 0.439379 0.54729 0.267703 0.265162 0.999004 0.197551 0.444263 0.74618 0.105337 0.818416 0.412685 0.687765 0.794046 0.346654 0.528917 0.227481 0.89424 0.56121 0.50807 0.241902 0.113116 0.756776 0.93299 0.92268 0.202694 0.209823 0.142624 0.964736 0.770584 0.760999 0.876984 0.209963 0.308289 0.144687 0.475126 0.307293 0.342238 0.919389 0.053473 0.447575 0.737805 0.466158 0.13534 0.531851 0.812811 0.664257 0.759332 0.707052 0.225467 0.267402 0.948954 0.338583 0.0241775 0.881944 0.261262 0.226871 0.0917669 0.403887 0.191608 0.862351 0.164886 0.0685915 0.0723143 
11 45 24 39 42 2 50 
0.00309149 0.204634 0.300098 0.138431 0.736485 0.112909 0.802688 0.495817 0.819961 0.0281556 0.763219 0.768915 0.366738 0.787396 0.650859 0.628001 0.0142676 0.742625 0.0318877 0.205875 0.604976 0.196774 0.274467 0.677291 0.669948 0.487745 0.224731 0.450416 0.0432619 0.69156 0.284356 0.0463534 0.896194 0.584455 0.184785 0.632679 0.697364 0.987473 0.128496 0.517325 0.0156285 0.891715 0.28624 0.382367 0.679111 0.937099 0.0103678 0.693378 0.679724 0.0422556 0.899253 0.284701 0.239029 0.17372 0.961991 0.908978 0.661465 0.186722 0.359394 0.704727 0.878282 0.64375 0.751081 0.774476 0.228205 0.935865 0.407155 0.925569 0.923338 0.535651 0.442894 0.938966 0.427366 0.729134 0.321333 0.106477 0.666233 0.331701 0.799855 0.345957 0.373957 0.699108 0.630657 0.612986 0.872828 0.592648 0.521964 0.534294 0.77937 0.881357 0.239021 0.657653 0.525107 0.990101 0.432129 0.753312 0.925966 0.839284 0.67888 0.849304 0.374935 0.121774 0.788271 0.802301 0.850908 0.109604 0.908777 0.51714 0.441305 0.708632 0.863097 0.815262 0.40774 0.493754 0.428248 0.280569 0.0864027 0.950212 0.814863 0.865773 0.831569 0.0538834 0.523426 0.356676 0.0439848 0.955554 0.109988 0.969951 
12 8 23 48 0 40 26 
0.761551 0.717131 0.880851 0.278691 0.158436 0.589483 0.141788 0.973699 0.997224 0.635542 0.401947 0.277793 0.721945 0.352159 0.0926553 0.587718 0.183728 0.146539 0.111144 0.540404 0.190524 0.0666985 0.650392 0.160475 0.861537 0.439261 0.979731 0.0313101 0.349904 0.587257 0.00338409 0.111454 0.304388 0.884235 0.390145 0.462824 0.473719 0.531934 0.436523 0.470942 0.167476 0.83847 0.748735 0.889421 0.190628 0.84139 0.47714 0.374356 0.987929 0.588284 0.91476 0.178453 0.654982 0.565152 0.338927 0.516519 0.00441273 0.318658 0.547829 0.354316 0.905915 0.551213 0.465771 0.210303 0.435449 0.855916 0.673128 0.909167 0.38785 0.109651 0.38011 0.555326 0.94812 0.128845 0.444747 0.138749 0.970235 0.921887 0.513105 0.958164 0.510171 0.427864 0.136617 0.165153 0.993016 0.475544 0.681672 0.997429 0.794202 0.229502 0.351745 0.700117 0.780715 0.817516 0.910421 0.216164 0.673432 0.583548 0.125331 0.0612817 0.693199 0.505441 0.616607 0.64132 0.634286 0.0613546 0.780068 0.604521 0.983241 0.293173 0.562685 0.493412 0.721037 0.699302 0.658565 0.714053 0.174846 0.340238 0.711482 0.969048 0.569739 0.0632277 0.669166 0.350454 0.880744 0.579586 0.566618 0.554176 
13 11 6 16 22 29 37 
0.831675 0.293419 0.277722 0.436196 0.276661 0.570894 0.998881 0.770073 0.291931 0.698183 0.428639 0.00598485 0.873029 0.768876 0.717467 0.842078 0.338615 0.780695 0.511243 0.68907 0.661438 0.0908298 0.255688 0.215614 0.253965 0.947637 0.831071 0.110299 0.145026 0.0631362 0.607952 0.976701 0.356556 0.885674 0.412897 0.633217 0.456568 0.411778 0.40329 0.7485 0.109961 0.831928 0.754484 0.982991 0.600804 0.471952 0.825068 0.93942 0.252646 0.336311 0.62849 0.914085 0.427141 0.884177 0.129699 0.681106 0.831814 0.96077 0.791404 0.97684 0.0239067 0.399356 0.953542 0.380462 0.28503 0.366439 0.0136789 0.741598 0.778218 0.416969 0.490098 0.888179 0.248897 0.244582 0.87117 0.849701 0.716534 0.696238 0.789121 0.96918 0.0325493 0.417611 0.883265 0.45969 0.301788 0.0129642 0.140796 0.133602 0.973735 0.932201 0.110443 0.997641 0.331557 0.0639844 0.378104 0.616587 0.430424 0.391783 0.358186 0.208642 0.808751 0.848283 0.0968207 0.057648 0.0928656 0.96799 0.907349 0.809399 0.664228 0.69647 0.77858 0.696778 0.114081 0.661845 0.156468 0.415869 0.674809 0.297264 0.549472 0.648543 0.229465 0.659914 0.646185 0.561023 0.723899 0.0242884 0.17761 0.154322 
14 37 50 31 47 16 24 
0.28247 0.476944 0.427775 0.189819 0.286344 0.0920033 0.88629 0.0649233 0.788781 0.000370723 0.726768 0.945249 0.41624 0.401577 0.242514 0.965712 0.0501204 0.471979 0.625626 0.696305 0.0330015 0.349524 0.720594 0.210611 0.503846 0.136664 0.746407 0.86681 0.361487 0.130486 0.326595 0.643957 0.60743 0.75437 0.833776 0.893774 0.846373 0.720065 0.958697 0.635154 0.720436 0.685465 0.580403 0.136676 0.0870423 0.822917 0.102388 0.137163 0.294896 0.728013 0.833468 0.327897 0.0775375 0.554061 0.538508 0.581384 0.690726 0.284915 0.448194 0.0522123 0.415401 0.774789 0.696169 0.0228313 0.529158 0.529945 0.916605 0.375531 0.25001 0.875303 0.0106851 0.970446 0.560768 0.591088 0.107123 0.64781 0.414005 0.20951 0.784973 0.7089 0.937524 0.618441 0.0367974 0.0150612 0.172502 0.575306 0.596445 0.863228 0.860221 0.0446391 0.91544 0.275622 0.819428 0.611609 0.298453 0.348586 0.141554 0.215059 0.724117 0.391564 0.0903615 0.734802 0.362011 0.65113 0.32589 0.469133 0.29894 0.739895 0.678644 0.083913 0.448795 0.616167 0.702354 0.485593 0.631229 0.874856 0.0608986 0.227674 0.738084 0.92112 0.272313 0.653524 0.196742 0.0917404 0.265134 0.495195 0.440326 0.406687 
15 39 25 36 26 20 3 
0.451745 0.225136 0.629395 0.750685 0.965031 0.308039 0.834598 0.413827 0.924206 0.536952 0.899419 0.555435 0.411808 0.960318 0.783108 0.149892 0.881438 0.0554209 0.803417 0.0781796 0.147161 0.0685502 0.573375 0.587488 0.475238 0.283629 0.751931 0.273489 0.0842448 0.651177 0.433751 0.53599 0.876313 0.0631465 0.286675 0.841344 0.371185 0.121273 0.255171 0.295391 0.658226 0.15459 0.850826 0.0700337 0.114908 0.633934 0.219926 0.996346 0.689355 0.0233428 0.0745258 0.836516 0.091893 0.647901 0.424004 0.567131 0.93153 0.175935 0.84062 0.0157748 0.827112 0.274371 0.551765 0.703425 0.337518 0.83844 0.544769 0.708703 0.959714 0.79994 0.00409422 0.617939 0.95453 0.85492 0.687973 0.0694383 0.488854 0.907899 0.0657844 0.17821 0.931242 0.14031 0.0147261 0.0231346 0.788211 0.43873 0.590265 0.719741 0.614666 0.430885 0.735516 0.441778 0.705256 0.28728 0.145203 0.0427737 0.125721 0.689972 0.751477 0.0854341 0.489912 0.755571 0.703373 0.444442 0.610491 0.391346 0.51388 0.0993455 0.299245 0.579664 0.277555 0.230486 0.719975 0.292281 0.253621 0.508186 0.731011 0.843886 0.227926 0.345677 0.274771 0.963442 0.787455 0.980028 0.250723 0.932657 0.0228013 0.376443 
16 48 24 46 7 22 18 
0.14034 0.556596 0.0708621 0.239685 0.855841 0.650526 0.51724 0.0863277 0.370501 0.809521 0.339949 0.878686 0.540533 0.183835 0.106613 0.88621 0.458606 0.0700549 0.673664 0.438634 0.320777 0.606322 0.461435 0.69722 0.228951 0.235713 0.159098 0.341491 0.765562 0.324348 0.898474 0.905901 0.880945 0.969336 0.145586 0.736786 0.619862 0.662827 0.823114 0.990363 0.472348 0.163062 0.86905 0.0128808 0.346897 0.975662 0.899091 0.805504 0.0457172 0.572755 0.244138 0.366495 0.179077 0.705573 0.0637151 0.408028 0.941286 0.222813 0.749519 0.706847 0.547161 0.647993 0.612749 0.428106 0.617328 0.758335 0.164892 0.23719 0.421161 0.988005 0.227553 0.893509 0.151067 0.0966028 0.90639 0.497965 0.0722652 0.805481 0.303468 0.117982 0.378236 0.547606 0.484477 0.557312 0.253178 0.548192 0.96534 0.194464 0.771005 0.714859 0.901312 0.318166 0.362852 0.51406 0.746272 0.98018 0.272395 0.911163 0.21737 0.693557 0.899168 0.444923 0.587066 0.0502357 0.541526 0.493456 0.5482 0.613791 0.298937 0.851669 0.731774 0.677173 0.399274 0.216251 0.234485 0.652453 0.764443 0.199825 0.846917 0.535448 0.914684 0.748229 0.853614 0.277536 0.262289 0.599885 0.257715 0.534684 
17 34 35 2 0 20 14 
0.461535 0.308763 0.00865267 0.0753263 0.6077 0.860321 0.8071 0.284872 0.259596 0.0233508 0.519357 0.912049 0.787794 0.719182 0.758966 0.323241 0.633867 0.507195 0.176855 0.911402 0.769484 0.77674 0.169117 0.304168 0.287788 0.644203 0.532409 0.698005 0.564212 0.347716 0.158457 0.0257466 0.656479 0.16711 0.101073 0.264179 0.027431 0.908173 0.549052 0.287027 0.931524 0.068409 0.199076 0.719317 0.787591 0.958042 0.0425588 0.421458 0.465237 0.219414 0.33286 0.234721 0.996154 0.501978 0.538889 0.283942 0.14618 0.0712983 0.981947 0.710392 0.419014 0.140403 0.736139 0.0754937 0.307513 0.837212 0.339673 0.334944 0.745385 0.888724 0.621971 0.676909 0.957133 0.821047 0.396226 0.744725 0.779089 0.438785 0.166183 0.244325 0.658198 0.499043 0.479046 0.654352 0.00102041 0.0179352 0.938294 0.147201 0.0892335 0.92024 0.857593 0.508248 0.0606438 0.593732 0.583742 0.368157 0.430943 0.923415 0.703101 0.176328 0.812139 0.325072 0.853236 0.769272 0.146119 0.249462 0.513997 0.925207 0.688247 0.68018 0.169532 0.346446 0.179223 0.648579 0.000797517 0.180243 0.666514 0.939091 0.327444 0.755747 0.859332 0.185037 0.263995 0.919975 0.778769 0.847737 0.288132 0.209712 
18 4 7 13 32 11 9 
0.352563 0.462424 0.488739 0.86656 0.387631 0.176986 0.546741 0.557163 0.523432 0.725964 0.205742 0.524229 0.906207 0.872255 0.46332 0.233651 0.628003 0.322652 0.418688 0.891998 0.242627 0.197457 0.739735 0.530759 0.407169 0.510886 0.521993 0.793209 0.0941767 0.838298 0.0324857 0.44674 0.300721 0.521225 0.3133 0.688352 0.698211 0.860041 0.245515 0.221642 0.586004 0.451257 0.745871 0.492211 0.323512 0.209192 0.725862 0.951514 0.531843 0.144551 0.843512 0.774471 0.342008 0.583247 0.30523 0.749177 0.0941329 0.827223 0.542386 0.18831 0.66552 0.574872 0.635049 0.966242 0.0960967 0.94835 0.654593 0.794307 0.80839 0.900108 0.0159494 0.394394 0.351365 0.761821 0.886605 0.674877 0.971012 0.612468 0.626391 0.502856 0.757018 0.469903 0.277326 0.0990264 0.0531501 0.582557 0.848204 0.147283 0.409779 0.39059 0.335593 0.0752997 0.965462 0.970642 0.0415412 0.0615589 0.918992 0.696135 0.855866 0.727382 0.596243 0.871816 0.121776 0.947608 0.633636 0.00838152 0.622484 0.604648 0.620849 0.248876 0.107504 0.377868 0.718779 0.38483 0.476894 0.771929 0.967387 0.325098 0.919212 0.377166 0.715688 0.254805 0.452466 0.68115 0.225447 0.494007 0.742709 0.144439 
19 16 6 18 0 14 20 
0.733992 0.104027 0.00197824 0.356477 0.708675 0.622828 0.605352 0.816179 0.000695236 0.324131 0.20101 0.477589 0.0960606 0.168396 0.802687 0.0152729 0.545563 0.518375 0.270078 0.998028 0.199525 0.495525 0.492035 0.942233 0.639964 0.682177 0.540809 0.511784 0.468562 0.0111993 0.505381 0.202554 0.115226 0.507359 0.559031 0.823902 0.130187 0.164383 0.640081 0.130882 0.488514 0.841091 0.608472 0.584575 0.00948705 0.411159 0.599848 0.55505 0.929533 0.869926 0.553078 0.129058 0.365451 0.0451134 0.0712912 0.00541457 0.727291 0.6121 0.517199 0.195852 0.623299 0.0225803 0.398406 0.738525 0.52994 0.957437 0.562427 0.660127 0.121819 0.202508 0.791009 0.610334 0.0435989 0.39948 0.194909 0.0530859 0.810639 0.794756 0.608135 0.740172 0.664682 0.161213 0.86923 0.0301326 0.206327 0.940521 0.0355472 0.933617 0.552621 0.552746 0.12947 0.17592 0.575327 0.527876 0.914445 0.105266 0.485312 0.476873 0.765393 0.607132 0.679381 0.556402 0.217466 0.72298 0.955882 0.412374 0.776065 0.766521 0.20713 0.384201 0.506694 0.871812 0.545414 0.375924 0.901945 0.751741 0.316445 0.937492 0.685359 0.869066 0.490239 0.814828 0.0449864 0.0655651 0.342704 0.959432 0.170831 0.828017 
20 29 38 16 37 48 32 
0.838665 0.448509 0.0649882 0.61473 0.21503 0.272119 0.998931 0.721724 0.143931 0.544346 0.0976477 0.0458762 0.296087 0.414093 0.983369 0.981445 0.283159 0.473607 0.796274 0.328145 0.539172 0.138978 0.287577 0.710004 0.966995 0.723882 0.646228 0.402143 0.839567 0.138854 0.0547572 0.678231 0.587363 0.119745 0.292962 0.802393 0.391864 0.291893 0.524117 0.535795 0.836238 0.621765 0.581671 0.132325 0.0358574 0.56504 0.113771 0.319016 0.038647 0.910045 0.647162 0.577819 0.0490227 0.934739 0.287823 0.0160173 0.658621 0.934051 0.41816 0.498188 0.0729049 0.472918 0.176419 0.660268 0.592663 0.469381 0.462661 0.984527 0.761274 0.986778 0.520322 0.597512 0.608543 0.101994 0.729837 0.6444 0.667034 0.843608 0.963416 0.705681 0.753652 0.610578 0.2835 0.802675 0.545317 0.571323 0.818692 0.203938 0.505373 0.236853 0.702126 0.578278 0.709771 0.878545 0.238546 0.302434 0.347925 0.701207 0.286961 0.109199 0.687985 0.807283 0.706711 0.296528 0.909277 0.436548 0.940928 0.576311 0.280156 0.904344 0.281992 0.0338083 0.514922 0.565492 0.836483 0.0602398 0.136815 0.655176 0.264178 0.642188 0.892029 0.966304 0.220466 0.601799 0.844849 0.459013 0.904233 0.192774 
21 50 14 24 25 12 41 
0.144732 0.907753 0.445232 0.08566 0.484064 0.725388 0.990004 0.766056 0.759196 0.504926 0.331548 0.59568 0.565166 0.468362 0.250855 0.829344 0.11055 0.142884 0.795648 0.331017 0.744683 0.640497 0.790029 0.648916 0.833271 0.950249 0.840109 0.135244 0.798454 0.838586 0.143929 0.943186 0.746339 0.589161 0.028846 0.230403 0.314549 0.0188501 0.996459 0.0737454 0.523777 0.328007 0.669425 0.0889428 0.796369 0.920281 0.918287 0.90692 0.0631645 0.713935 0.237936 0.807848 0.354432 0.0279651 0.456763 0.187704 0.978214 0.296873 0.322948 0.776667 0.135458 0.466877 0.719853 0.881797 0.0560378 0.748699 0.112201 0.370587 0.76755 0.10866 0.444332 0.291326 0.436667 0.113757 0.380269 0.233036 0.0340379 0.298556 0.139956 0.0972024 0.0124915 0.377892 0.90505 0.366924 0.405857 0.361814 0.554628 0.384071 0.658686 0.877576 0.160738 0.794145 0.344453 0.880592 0.675942 0.40049 0.629291 0.788143 0.771077 0.396841 0.896803 0.21541 0.688167 0.33347 0.329167 0.0684358 0.566506 0.363205 0.366992 0.706461 0.460407 0.379483 0.0843532 0.365457 0.746407 0.49021 0.727271 0.301035 0.874281 0.385957 0.178611 0.0350192 0.180102 0.523063 0.915611 0.856044 0.923554 0.544902 
22 45 50 5 30 6 25 
0.874459 0.239208 0.698346 0.440964 0.602412 0.0653375 0.147426 0.0628198 0.444821 0.231779 0.428277 0.191228 0.721989 0.155548 0.492263 0.59627 0.541506 0.670874 0.631289 0.721608 0.193937 0.5469 0.577651 0.117491 0.0918024 0.221838 0.812122 0.0335453 0.762827 0.722162 0.663455 0.637285 0.96137 0.361801 0.0782499 0.563782 0.427138 0.225676 0.626602 0.871959 0.457455 0.0548795 0.0631873 0.179444 0.210428 0.55545 0.775714 0.751933 0.226324 0.407004 0.473541 0.420261 0.953904 0.0511923 0.537751 0.0457062 0.27303 0.349873 0.0792515 0.0358569 0.0720352 0.742707 0.673142 0.0334051 0.104507 0.751392 0.597187 0.531646 0.977068 0.22379 0.403605 0.434523 0.278669 0.466792 0.613967 0.489097 0.0222426 0.389681 0.24103 0.248566 0.796685 0.714571 0.668827 0.750588 0.765764 0.206579 0.796295 0.0387936 0.556452 0.875546 0.0746505 0.628487 0.618253 0.747793 0.661892 0.72276 0.499185 0.259079 0.254406 0.476253 0.482869 0.658011 0.910776 0.761538 0.124803 0.524743 0.250635 0.147046 0.914424 0.491665 0.395612 0.711109 0.206236 0.0644395 0.461697 0.972 0.271018 0.257991 0.0107934 0.82747 0.133538 0.0854439 0.455956 0.75179 0.833237 0.117848 0.47455 0.332422 
23 47 27 45 15 11 4 
0.621334 0.511771 0.244195 0.871969 0.658816 0.158619 0.363634 0.0544287 0.869727 0.56987 0.118868 0.331424 0.54187 0.389886 0.589416 0.552663 0.217356 0.722953 0.638107 0.673312 0.474743 0.471344 0.79116 0.949294 0.803766 0.168087 0.67825 0.612441 0.0278835 0.0652176 0.331893 0.649217 0.576988 0.576088 0.521186 0.235805 0.734706 0.88482 0.290233 0.604433 0.45469 0.409102 0.935858 0.99656 0.798988 0.525273 0.549223 0.0163437 0.248227 0.18733 0.689656 0.72297 0.658674 0.480816 0.672264 0.462439 0.648903 0.350514 0.0748808 0.676787 0.415732 0.406774 0.326004 0.99272 0.982861 0.847191 0.228525 0.717567 0.73201 0.518758 0.322001 0.1867 0.92786 0.257858 0.18326 0.726847 0.783132 0.732483 0.743191 0.0313582 0.919812 0.432847 0.754328 0.578486 0.913663 0.426592 0.0409252 0.562566 0.777106 0.115806 0.239353 0.192838 0.52258 0.565358 0.185558 0.505441 0.412548 0.414082 0.223008 0.144559 0.93284 0.545009 0.331259 0.8607 0.802868 0.514519 0.587547 0.585999 0.247002 0.330738 0.617357 0.166814 0.763585 0.371686 0.745299 0.677248 0.798278 0.786225 0.239814 0.575384 0.902031 0.479168 0.768222 0.42461 0.0445254 0.953779 0.930051 0.457074 
24 38 47 3 50 32 7 
0.161401 0.500936 0.447411 0.748948 0.0869353 0.694412 0.0796862 0.704293 0.861226 0.843271 0.0759784 0.606526 0.520519 0.874256 0.39275 0.760334 0.44964 0.294781 0.239501 0.217861 0.719391 0.284027 0.171641 0.649442 0.7411 0.539502 0.802502 0.342733 0.840203 0.50057 0.275625 0.0016043 0.00150634 0.723035 0.750552 0.0884417 0.417448 0.830239 0.792734 0.278674 0.67351 0.868713 0.885199 0.194029 0.742969 0.27795 0.954363 0.192609 0.57273 0.193864 0.41047 0.292121 0.477891 0.582111 0.941564 0.218991 0.121613 0.744065 0.561724 0.961816 0.244636 0.837349 0.96342 0.246142 0.560385 0.713972 0.334584 0.977832 0.544211 0.127318 0.256506 0.217721 0.996031 0.141706 0.41175 0.739 0.419655 0.366113 0.931609 0.992386 0.559977 0.342079 0.284507 0.0378677 0.92419 0.226071 0.256859 0.045802 0.970136 0.818583 0.00761785 0.214772 0.655932 0.971038 0.460914 0.216317 0.68501 0.795497 0.194149 0.229221 0.922815 0.450656 0.446942 0.918846 0.592361 0.858692 0.657846 0.0120163 0.224805 0.589455 0.0044018 0.784782 0.931534 0.288909 0.822649 0.855723 0.514979 0.0795083 0.901525 0.485115 0.898092 0.909143 0.699887 0.554024 0.880181 0.1608 0.770341 0.565191 
25 28 50 7 49 33 21 
0.797959 0.00750692 0.100047 0.455805 0.0195232 0.324852 0.04526 0.023925 0.109633 0.976794 0.312834 0.932283 0.832517 0.827813 0.0117911 0.734042 0.312928 0.909883 0.643185 0.0128152 0.463907 0.523366 0.173616 0.234248 0.0885579 0.129913 0.198738 0.882971 0.00902597 0.613884 0.124326 0.806985 0.621391 0.224373 0.26279 0.640914 0.549225 0.30805 0.664839 0.658858 0.284844 0.977673 0.591141 0.117361 0.805486 0.602932 0.851403 0.118414 0.512815 0.494588 0.131229 0.976721 0.0179547 0.304845 0.210969 0.106513 0.434758 0.409707 0.989483 0.443784 0.023591 0.113809 0.250769 0.644982 0.338182 0.513559 0.285896 0.887406 0.821609 0.950735 0.546264 0.106453 0.928407 0.137405 0.223814 0.733893 0.740337 0.0752167 0.852307 0.253152 0.569805 0.983536 0.229873 0.58776 0.288381 0.440842 0.694272 0.723139 0.850549 0.683755 0.166923 0.87414 0.797564 0.417692 0.519122 0.135746 0.931251 0.805018 0.0231524 0.75286 0.755753 0.569417 0.859313 0.68416 0.706822 0.0831272 0.418053 0.447159 0.158344 0.27036 0.700311 0.728149 0.253897 0.930184 0.315908 0.542278 0.371026 0.0101805 0.265417 0.221575 0.693936 0.432341 0.0957153 0.4915 0.850033 0.614837 0.627246 0.781284 
26 3 5 50 39 38 14 
0.926638 0.476585 0.277821 0.373797 0.634929 0.548181 0.0741071 0.363078 0.802078 0.00429077 0.678986 0.344356 0.375317 0.689166 0.609773 0.596892 0.383102 0.0421134 0.692607 0.874603 0.892146 0.307444 0.501849 0.67343 0.727299 0.152248 0.207574 0.902907 0.372064 0.601032 0.762675 0.298701 0.0776173 0.0404953 0.672498 0.712546 0.588676 0.746605 0.0756237 0.390754 0.750896 0.75461 0.735109 0.126212 0.443776 0.344882 0.723104 0.826878 0.386996 0.415711 0.701481 0.279142 0.723155 0.20333 0.952572 0.450455 0.355578 0.160146 0.353362 0.727642 0.761179 0.116036 0.0263434 0.838796 0.156532 0.698841 0.551342 0.745208 0.445446 0.626966 0.135962 0.196342 0.381576 0.871071 0.322555 0.825352 0.215953 0.0456585 0.65223 0.602949 0.461369 0.353711 0.882091 0.184524 0.557041 0.834663 0.634979 0.912619 0.994809 0.988341 0.640261 0.755988 0.104377 0.666605 0.594784 0.260909 0.365446 0.146127 0.00611663 0.810893 0.773093 0.142078 0.00723471 0.154668 0.0131493 0.329789 0.98002 0.229103 0.375448 0.63225 0.832052 0.836817 0.985961 0.714143 0.0213415 0.543002 0.548806 0.65632 0.455621 0.543615 0.644661 0.0958823 0.299603 0.749038 0.762487 0.894388 0.00994701 0.127933 
27 13 2 40 39 21 16 
0.968275 0.171291 0.27585 0.948295 0.400394 0.651297 0.580545 0.232445 0.488114 0.566505 0.946588 0.509456 0.109507 0.495394 0.165776 0.565128 0.0390085 0.810438 0.66101 0.338612 0.559476 0.423497 0.232999 0.569423 0.55143 0.273514 0.585486 0.490256 0.0871208 0.743628 0.436317 0.055396 0.91492 0.712166 0.00369104 0.315313 0.363464 0.584236 0.547759 0.851578 0.150741 0.494347 0.361034 0.260248 0.98974 0.526811 0.825375 0.0287487 0.337248 0.486385 0.36736 0.896724 0.909882 0.60036 0.466147 0.461313 0.873874 0.0516333 0.951569 0.960995 0.795262 0.387886 0.0163906 0.710181 0.100052 0.0200816 0.0254944 0.463516 0.604317 0.573253 0.315094 0.755058 0.0675996 0.676129 0.0153059 0.0573397 0.202939 0.840681 0.0860883 0.540188 0.327067 0.453449 0.436912 0.236949 0.0538088 0.903059 0.698262 0.927683 0.954692 0.649831 0.888677 0.749954 0.0377168 0.905068 0.460135 0.137769 0.925149 0.485629 0.601285 0.529467 0.0588823 0.916379 0.284525 0.126482 0.592508 0.299831 0.183822 0.795447 0.140512 0.26991 0.335635 0.467579 0.723359 0.772546 0.704528 0.777167 0.675605 0.40279 0.70485 0.630297 0.0526207 0.593527 0.380251 0.0903374 0.498595 0.840385 0.228106 0.423744 
28 43 48 45 26 27 30 
0.511379 0.338278 0.537566 0.6952 0.133725 0.678078 0.96511 0.46936 0.145656 0.688469 0.241907 0.850184 0.465637 0.917512 0.252974 0.170486 0.547809 0.305594 0.764014 0.928059 0.395932 0.262608 0.768445 0.624038 0.686352 0.0944594 0.453429 0.639563 0.479356 0.1992 0.877298 0.990735 0.537478 0.414864 0.685936 0.671203 0.0929415 0.651046 0.140563 0.238598 0.339515 0.38247 0.0887817 0.805152 0.299981 0.341755 0.975638 0.84779 0.64735 0.739652 0.775849 0.0432812 0.00225976 0.544294 0.667319 0.688612 0.638753 0.120748 0.328174 0.11811 0.319948 0.205472 0.108845 0.857426 0.620336 0.794781 0.528629 0.713277 0.445827 0.669192 0.951875 0.785342 0.0516615 0.0406568 0.590493 0.351643 0.382412 0.566131 0.199433 0.0297616 0.305783 0.975282 0.0730428 0.308042 0.519576 0.740362 0.996654 0.158329 0.86111 0.324829 0.276438 0.181058 0.530301 0.385283 0.0384842 0.150637 0.180064 0.567113 0.863914 0.62589 0.236305 0.815789 0.411232 0.287966 0.856446 0.00172502 0.639609 0.238858 0.567856 0.839042 0.26862 0.873639 0.814324 0.341662 0.181681 0.333899 0.0820244 0.178336 0.492228 0.943135 0.503164 0.768666 0.124193 0.0334654 0.15395 0.162678 0.184102 0.334013 
29 10 15 38 17 39 48 
0.254062 0.720251 0.372861 0.893671 0.959109 0.940717 0.732712 0.227729 0.814356 0.547036 0.569391 0.996037 0.880935 0.651415 0.174373 0.373163 0.59455 0.677537 0.141829 0.718744 0.711003 0.295779 0.881421 0.895105 0.629793 0.611212 0.943121 0.589696 0.577307 0.806926 0.960832 0.831368 0.527177 0.333693 0.725039 0.486286 0.27441 0.457752 0.714015 0.0887655 0.00478772 0.283406 0.0848027 0.885723 0.934821 0.259176 0.258886 0.529371 0.936713 0.400715 0.248115 0.647716 0.696495 0.129536 0.542821 0.326287 0.740748 0.485942 0.915983 0.318055 0.292869 0.876815 0.149423 0.820046 0.210508 0.874462 0.306332 0.484918 0.332214 0.0203472 0.573683 0.337002 0.303753 0.658486 0.222725 0.238574 0.917662 0.481611 0.767945 0.854375 0.882326 0.0160604 0.502091 0.578821 0.145597 0.0449122 0.905108 0.886344 0.530854 0.821091 0.204399 0.823723 0.697907 0.353823 0.643769 0.908415 0.228285 0.950101 0.393333 0.560499 0.970448 0.967016 0.897501 0.274201 0.625503 0.120226 0.512775 0.543164 0.601836 0.280721 0.397539 0.484163 0.296781 0.89963 0.0629835 0.442378 0.944543 0.968091 0.328722 0.475397 0.789183 0.533122 0.29912 0.48709 0.886944 0.942889 0.395505 0.115229 
30 27 2 10 40 50 49 
0.381357 0.693455 0.650416 0.924521 0.295291 0.931136 0.32206 0.779454 0.227918 0.221691 0.842438 0.670295 0.166233 0.810529 0.999018 0.64163 0.599712 0.532139 0.94075 0.0868015 0.419083 0.883639 0.482306 0.534313 0.77663 0.271144 0.210041 0.640068 0.0269985 0.78327 0.777709 0.408355 0.476725 0.428124 0.332877 0.772016 0.35926 0.654937 0.55147 0.587178 0.876628 0.393908 0.257473 0.0428613 0.204437 0.256491 0.684492 0.804148 0.78863 0.625242 0.89095 0.207714 0.508881 0.373256 0.742026 0.285511 0.6444 0.952067 0.92558 0.671399 0.735337 0.703288 0.0797544 0.212062 0.131412 0.412631 0.984078 0.490673 0.0675679 0.535548 0.0778505 0.944196 0.929456 0.335324 0.987057 0.133892 0.591815 0.671549 0.938041 0.380445 0.296791 0.828991 0.588159 0.805672 0.202247 0.330185 0.0911834 0.846648 0.282252 0.0167629 0.518047 0.0175892 0.720051 0.597801 0.229651 0.851463 0.010432 0.213729 0.342136 0.0779999 0.749277 0.419986 0.0221957 0.678733 0.75531 0.00925271 0.812625 0.347125 0.680801 0.750666 0.72757 0.977592 0.579657 0.315729 0.783265 0.781904 0.645914 0.874448 0.628552 0.928166 0.891211 0.146599 0.945756 0.611262 0.7444 0.175407 0.462725 0.754832 
31 17 35 13 42 46 28 
0.980156 0.86428 0.629771 0.327281 0.545081 0.380437 0.0548515 0.522674 0.960095 0.370581 0.305938 0.741999 0.0164949 0.180386 0.370551 0.944661 0.0715969 0.517149 0.890417 0.682859 0.261549 0.0658237 0.145584 0.0163807 0.454959 0.950444 0.849212 0.593372 0.17529 0.70424 0.410518 0.155447 0.568519 0.040289 0.482728 0.113601 0.420726 0.53758 0.636274 0.380821 0.90816 0.942213 0.12282 0.924655 0.122599 0.493371 0.869317 0.194195 0.0105205 0.759734 0.877054 0.27207 0.825558 0.0226376 0.28845 0.280517 0.973082 0.137663 0.873889 0.148372 0.841902 0.284407 0.303819 0.410422 0.324696 0.786547 0.524022 0.745422 0.324127 0.160297 0.126244 0.232288 0.102509 0.249064 0.156943 0.225108 0.742435 0.0262598 0.419303 0.752955 0.785994 0.296357 0.0250248 0.611551 0.318995 0.313475 0.892068 0.292076 0.451138 0.765957 0.440448 0.29304 0.0503643 0.744267 0.703461 0.37506 0.530815 0.227484 0.120483 0.854942 0.387781 0.246726 0.0872296 0.49029 0.49579 0.244173 0.715398 0.238225 0.270433 0.134701 0.99118 0.0564262 0.431058 0.0162049 0.667977 0.750053 0.32968 0.560046 0.0421296 0.780818 0.326003 0.482578 0.0738574 0.376367 0.226845 0.777319 0.751427 0.75766 
32 16 24 31 19 17 10 
0.882873 0.614427 0.944004 0.598271 0.852652 0.214437 0.732971 0.843832 0.270863 0.16403 0.860037 0.938841 0.914083 0.189717 0.498886 0.956213 0.970534 0.824889 0.438791 0.0443919 0.201256 0.665636 0.821711 0.952684 0.423296 0.826513 0.824594 0.0358985 0.219096 0.943231 0.73573 0.101969 0.557658 0.679735 0.700239 0.410309 0.894172 0.433211 0.254141 0.165035 0.59724 0.114178 0.103876 0.511323 0.303895 0.602762 0.467536 0.274429 0.427651 0.906327 0.318821 0.628907 0.571963 0.140532 0.581591 0.995259 0.967045 0.406185 0.0311577 0.186141 0.349416 0.766888 0.288109 0.907074 0.446623 0.988349 0.317383 0.340795 0.421559 0.571525 0.50583 0.0187997 0.685703 0.609705 0.530123 0.989598 0.212467 0.997659 0.264027 0.640118 0.903986 0.582849 0.269026 0.475949 0.723381 0.850617 0.471208 0.690425 0.256802 0.502366 0.876566 0.606219 0.269254 0.164675 0.513293 0.715877 0.153024 0.830676 0.0566711 0.574583 0.402201 0.562501 0.593383 0.0879036 0.172206 0.123506 0.0775016 0.384673 0.121165 0.341529 0.0247914 0.0251509 0.924378 0.293817 0.5011 0.647758 0.144434 0.972308 0.338183 0.401237 0.474673 0.214749 0.00745523 0.743927 0.379425 0.520748 0.459804 0.532449 
33 49 19 27 42 0 50 
0.841528 0.251182 0.82392 0.91903 0.635855 0.945085 0.260559 0.660646 0.970236 0.184936 0.954463 0.471336 0.832694 0.0988973 0.443644 0.170878 0.500134 0.918317 0.385627 0.507589 0.662244 0.765052 0.0283369 0.122048 0.297501 0.379761 0.638523 0.404533 0.133385 0.717499 0.104947 0.974913 0.968681 0.928868 0.893943 0.604535 0.873953 0.154502 0.265181 0.844189 0.339438 0.219645 0.315525 0.172132 0.318542 0.759169 0.34301 0.818676 0.677486 0.728638 0.326265 0.339731 0.49369 0.354602 0.461779 0.79119 0.734362 0.100302 0.195723 0.867748 0.817801 0.30067 0.842661 0.786482 0.229538 0.736604 0.391018 0.103491 0.891106 0.656199 0.94768 0.230544 0.875844 0.263206 0.402676 0.194386 0.0223747 0.745687 0.0130614 0.699861 0.474324 0.339326 0.0395918 0.968014 0.693928 0.501371 0.759204 0.42829 0.601673 0.954927 0.296038 0.419475 0.255597 0.138699 0.205957 0.485135 0.875303 0.596975 0.588626 0.766409 0.253174 0.536306 0.996952 0.129017 0.799512 0.399629 0.323403 0.821887 0.145315 0.336464 0.521748 0.619639 0.675791 0.56134 0.587653 0.369718 0.0627105 0.346857 0.798009 0.664384 0.301784 0.0940464 0.0838588 0.557381 0.232745 0.289816 0.0425165 0.108048 
34 18 16 38 0 35 49 
0.268981 0.966961 0.271038 0.592384 0.788847 0.416353 0.928849 0.310595 0.0359922 0.604639 0.871935 0.623645 0.974358 0.934645 0.970502 0.772366 0.599029 0.272286 0.866413 0.682888 0.829667 0.0991578 0.972704 0.872184 0.207206 0.859494 0.503326 0.0816621 0.999458 0.670775 0.953071 0.268439 0.637736 0.224109 0.860823 0.426584 0.640462 0.789672 0.737179 0.676454 0.394311 0.609113 0.300099 0.368669 0.543759 0.270601 0.141035 0.142788 0.542887 0.00744768 0.825675 0.372554 0.106605 0.798379 0.244738 0.313811 0.657873 0.748064 0.395473 0.657331 0.41884 0.348544 0.92577 0.0565759 0.572653 0.786593 0.483159 0.213115 0.576265 0.220338 0.889568 0.970576 0.829452 0.189667 0.339245 0.37321 0.460268 0.48028 0.515998 0.00315463 0.487728 0.341674 0.375709 0.594333 0.140053 0.620447 0.908144 0.797926 0.368511 0.303618 0.455257 0.787351 0.652162 0.381027 0.843927 0.224815 0.16762 0.327086 0.43793 0.743885 0.547424 0.327498 0.714462 0.376876 0.517165 0.0537067 0.750086 0.977433 0.533987 0.266085 0.980588 0.0217146 0.607758 0.356296 0.616048 0.747811 0.976743 0.524192 0.545736 0.345254 0.82781 0.000992827 0.132605 0.479972 0.382019 0.976532 0.704787 0.549639 
35 23 30 11 5 45 38 
0.227918 0.98738 0.0616927 0.978005 0.964813 0.595679 0.244089 0.945401 0.617394 0.851847 0.301697 0.233442 0.599658 0.27844 0.757634 0.145394 0.623694 0.585445 0.146387 0.756299 0.0654168 0.528406 0.732831 0.770204 0.0780456 0.0364487 0.912921 0.37157 0.887491 0.383136 0.379556 0.115409 0.370517 0.441249 0.0934136 0.33533 0.0369281 0.337503 0.280731 0.654322 0.18935 0.582428 0.887764 0.789008 0.860869 0.645399 0.934402 0.484563 0.230843 0.080789 0.240863 0.29626 0.609195 0.973694 0.0664642 0.687241 0.0101424 0.979386 0.0588109 0.897633 0.362522 0.438367 0.0130422 0.733039 0.879615 0.106456 0.068369 0.916543 0.443958 0.3491 0.570866 0.633308 0.931528 0.45863 0.422316 0.792397 0.104028 0.356718 0.27696 0.334872 0.437507 0.517823 0.631132 0.0467024 0.491517 0.697596 0.733943 0.501659 0.676981 0.792754 0.399292 0.0395033 0.231121 0.412335 0.772542 0.110736 0.51879 0.840911 0.0272796 0.962749 0.190011 0.598145 0.596057 0.12154 0.0567749 0.0183733 0.913937 0.160803 0.375091 0.190897 0.495675 0.812598 0.70872 0.126806 0.859301 0.200237 0.824402 0.593244 0.701896 0.501383 0.385998 0.101189 0.540887 0.617119 0.513523 0.313429 0.727855 0.0323138 
36 28 8 21 33 23 43 
0.465891 0.410055 0.609493 0.379827 0.570858 0.984585 0.570724 0.0665329 0.797183 0.279444 0.193339 0.656484 0.479681 0.0177416 0.249728 0.181577 0.519125 0.635726 0.282766 0.0600118 0.252845 0.796289 0.373441 0.9807 0.828603 0.527781 0.735835 0.823666 0.872132 0.0891146 0.414786 0.338022 0.499169 0.024279 0.717849 0.0700273 0.00886359 0.288573 0.13656 0.806047 0.568018 0.3299 0.46253 0.0476992 0.347641 0.712258 0.229277 0.866766 0.347984 0.512043 0.926778 0.600829 0.308332 0.300219 0.581529 0.136935 0.827999 0.317364 0.960601 0.700131 0.406478 0.375387 0.038153 0.905648 0.399666 0.756002 0.975675 0.408529 0.0445757 0.112235 0.214576 0.612594 0.442135 0.677106 0.660293 0.789776 0.389365 0.889569 0.656542 0.737349 0.401612 0.58332 0.338178 0.709944 0.883539 0.919706 0.846879 0.711538 0.23707 0.807481 0.411669 0.643549 0.182867 0.449822 0.549196 0.582533 0.205824 0.524871 0.991063 0.2504 0.637107 0.205639 0.862994 0.0792415 0.882745 0.523286 0.869018 0.272109 0.412856 0.52556 0.00945804 0.814468 0.10888 0.347636 0.524412 0.992419 0.267342 0.371291 0.703958 0.504412 0.178772 0.115627 0.147961 0.361639 0.565449 0.697157 0.944173 0.771274 
37 46 13 25 28 19 2 
0.938376 0.0236187 0.407954 0.807394 0.295728 0.820809 0.332954 0.305186 0.635277 0.441834 0.652822 0.159689 0.434253 0.920164 0.530981 0.138211 0.424576 0.709753 0.253838 0.572537 0.0713923 0.819287 0.269694 0.0155649 0.590561 0.491723 0.9508 0.612235 0.350858 0.0916739 0.496902 0.289234 0.115293 0.904856 0.096628 0.411021 0.725665 0.429582 0.716207 0.360942 0.871416 0.369029 0.520632 0.305669 0.289193 0.0516125 0.443881 0.713769 0.761365 0.697719 0.286306 0.832758 0.517006 0.556 0.848322 0.107567 0.0477224 0.799123 0.719801 0.39858 0.890796 0.216703 0.687814 0.00608898 0.121559 0.784442 0.41711 0.847224 0.214024 0.133317 0.208166 0.0854396 0.502345 0.728798 0.391109 0.791538 0.78041 0.834989 0.505307 0.541776 0.532708 0.791612 0.374533 0.0497139 0.347612 0.222856 0.157281 0.395335 0.0219784 0.877082 0.793914 0.912775 0.0937848 0.481728 0.918864 0.215343 0.26617 0.335973 0.0625673 0.480194 0.46929 0.270734 0.565633 0.971636 0.999532 0.956742 0.763174 0.779942 0.791732 0.26848 0.321718 0.32444 0.0600926 0.696251 0.374153 0.407705 0.919107 0.531434 0.803039 0.941085 0.408516 0.596954 0.85386 0.5023 0.078682 0.772724 0.717644 0.344852 
38 37 3 19 25 5 20 
0.549623 0.0504764 0.347421 0.312797 0.830419 0.139153 0.581277 0.152136 0.463593 0.64137 0.848388 0.837746 0.0490746 0.767495 0.36918 0.852114 0.70858 0.777696 0.449068 0.56244 0.279996 0.52775 0.335164 0.99764 0.872602 0.443862 0.777852 0.697648 0.0218493 0.828796 0.0883268 0.571473 0.879273 0.435748 0.884269 0.709691 0.574901 0.465547 0.861828 0.038494 0.106916 0.710215 0.87624 0.155991 0.47771 0.24542 0.00810493 0.18629 0.0231162 0.457173 0.74873 0.303113 0.984922 0.0838946 0.300753 0.857524 0.527756 0.0786045 0.555172 0.549606 0.907401 0.643498 0.121078 0.786674 0.0792466 0.00534766 0.496365 0.654148 0.470894 0.358193 0.692642 0.577811 0.0684084 0.568882 0.733802 0.546118 0.814302 0.741907 0.732408 0.837419 0.199079 0.481139 0.140531 0.184001 0.565033 0.441284 0.0415253 0.0927896 0.519889 0.596697 0.642395 0.42729 0.240195 0.763473 0.213963 0.319442 0.768821 0.710329 0.97359 0.239715 0.0685218 0.666232 0.817526 0.13693 0.235114 0.551328 0.683049 0.049416 0.293235 0.415457 0.886835 0.492314 0.896596 0.0273657 0.676315 0.461629 0.46865 0.717841 0.554419 0.988538 0.314537 0.196814 0.415828 0.554732 0.960288 0.629791 0.874174 0.729109 
39 29 14 26 2 23 33 
0.545572 0.749109 0.337678 0.228621 0.798525 0.630913 0.644078 0.685359 0.123227 0.540674 0.712725 0.799542 0.0023035 0.181375 0.517382 0.556722 0.169913 0.83192 0.753537 0.585741 0.386652 0.713824 0.215533 0.260826 0.442933 0.555653 0.10859 0.411757 0.964295 0.622585 0.198108 0.509867 0.371694 0.535786 0.738488 0.170219 0.166699 0.382566 0.855578 0.289925 0.92324 0.568304 0.089467 0.925543 0.749678 0.606849 0.482266 0.919592 0.438769 0.235803 0.505333 0.825421 0.949627 0.720865 0.0862474 0.39256 0.276518 0.194837 0.804318 0.240813 0.817423 0.00242508 0.750679 0.189117 0.538211 0.489167 0.359336 0.704909 0.871733 0.214914 0.994834 0.794973 0.783218 0.0843015 0.720516 0.532896 0.691151 0.202782 0.452488 0.12992 0.438585 0.957821 0.955341 0.388212 0.678687 0.0415885 0.780772 0.955205 0.236426 0.58509 0.196017 0.0538487 0.587515 0.946697 0.242966 0.125725 0.435864 0.602302 0.830635 0.307597 0.817216 0.825469 0.102569 0.600434 0.909771 0.823086 0.133331 0.600922 0.0258679 0.585819 0.730841 0.464453 0.54364 0.686182 0.852664 0.222326 0.727771 0.633437 0.177531 0.964197 0.218526 0.373548 0.0180455 0.806041 0.320245 0.261011 0.931766 0.756109 
40 8 29 2 12 16 4 
0.280963 0.497641 0.989361 0.414294 0.0985624 0.0152284 0.000112875 0.829404 0.479681 0.543753 0.515586 0.332346 0.766079 0.243357 0.965782 0.94361 0.207554 0.184308 0.317158 0.225599 0.990349 0.637403 0.486611 0.922115 0.393512 0.349924 0.684516 0.457217 0.0304529 0.272386 0.623492 0.311416 0.770027 0.612852 0.72571 0.86859 0.628081 0.725823 0.697993 0.107762 0.269576 0.21358 0.440107 0.0356551 0.456937 0.405889 0.979265 0.664491 0.590198 0.296423 0.89009 0.580546 0.933826 0.376701 0.502661 0.327338 0.726624 0.187177 0.784555 0.757077 0.459563 0.408047 0.0684938 0.22959 0.0208997 0.794204 0.0981799 0.648981 0.520028 0.796173 0.756742 0.789604 0.00975287 0.19685 0.825259 0.46669 0.602739 0.804524 0.13118 0.192937 0.100947 0.0212703 0.773483 0.0347737 0.397971 0.276144 0.362112 0.124596 0.463322 0.146667 0.881673 0.922885 0.554714 0.950167 0.152475 0.575614 0.744371 0.250655 0.224595 0.264399 0.0468287 0.981337 0.0540023 0.0565815 0.178187 0.879261 0.523271 0.780926 0.683785 0.654451 0.973863 0.784732 0.675722 0.747346 0.819506 0.0736928 0.0234906 0.181618 0.198288 0.486812 0.328285 0.0799613 0.409697 0.883 0.0301281 0.562173 0.458614 0.774499 
41 8 39 46 40 24 44 
0.916238 0.842733 0.972161 0.439509 0.623659 0.655946 0.0939608 0.597522 0.440679 0.769683 0.344868 0.260185 0.843375 0.368359 0.441803 0.0416636 0.855171 0.770088 0.121625 0.264868 0.653088 0.151753 0.827041 0.111702 0.926252 0.639869 0.79491 0.96515 0.499526 0.459456 0.0580498 0.415764 0.302188 0.0302111 0.855274 0.925847 0.686157 0.949235 0.523369 0.126836 0.718917 0.868237 0.387021 0.562293 0.236596 0.828824 0.603956 0.091767 0.598912 0.725581 0.356635 0.252 0.877334 0.183676 0.363702 0.803586 0.823546 0.158613 0.768736 0.323072 0.618069 0.826786 0.738836 0.920257 0.856997 0.59411 0.846104 0.543154 0.543345 0.369473 0.669991 0.262262 0.237711 0.0570117 0.824555 0.474307 0.885836 0.428511 0.566074 0.484748 0.154092 0.922709 0.736749 0.0314264 0.106385 0.100451 0.835012 0.929931 0.259064 0.603748 0.253003 0.877132 0.430534 0.991839 0.797389 0.287531 0.58595 0.643494 0.830685 0.129295 0.0129672 0.500676 0.391557 0.250678 0.557688 0.216112 0.724984 0.443523 0.644623 0.291058 0.928272 0.798716 0.213767 0.665021 0.830142 0.320152 0.765472 0.665154 0.250083 0.0245354 0.268903 0.503087 0.901668 0.699437 0.494926 0.699057 0.986968 0.0808758 
42 31 36 45 6 33 34 
0.606196 0.876017 0.81784 0.33118 0.31954 0.462464 0.622238 0.247812 0.261179 0.836005 0.912833 0.0913212 0.156158 0.678304 0.756476 0.406241 0.70284 0.0253785 0.909328 0.604508 0.724816 0.404254 0.303565 0.711784 0.48513 0.646116 0.529437 0.6953 0.0016337 0.847767 0.297028 0.60783 0.723784 0.114868 0.93901 0.043324 0.577332 0.561249 0.291136 0.838511 0.397254 0.203969 0.929832 0.553412 0.882273 0.686308 0.959653 0.585113 0.711686 0.868981 0.18962 0.436502 0.273234 0.493185 0.148286 0.758364 0.139301 0.677723 0.453664 0.140934 0.52549 0.750692 0.748764 0.249273 0.865561 0.687774 0.292597 0.442893 0.249023 0.583733 0.281404 0.646277 0.787702 0.211236 0.199688 0.669975 0.897544 0.159341 0.255088 0.60923 0.0283218 0.444709 0.0457325 0.301556 0.937894 0.194018 0.0599198 0.0771947 0.871741 0.513584 0.218129 0.397231 0.264276 0.966893 0.646504 0.129836 0.654668 0.939101 0.572729 0.90369 0.522834 0.854133 0.549967 0.310536 0.0653688 0.749656 0.980512 0.962913 0.908997 0.2356 0.572143 0.937319 0.680309 0.617876 0.238875 0.618202 0.811894 0.298794 0.695397 0.683635 0.812378 0.913526 0.0808663 0.0766541 0.880419 0.72737 0.206491 0.535087 
43 14 46 17 39 0 29 
0.499842 0.698721 0.7384 0.480354 0.661634 0.647397 0.715954 0.233777 0.584716 0.396263 0.851653 0.82359 0.0144649 0.663547 0.122385 0.709862 0.347183 0.934763 0.623388 0.428049 0.0114171 0.503808 0.15542 0.217908 0.0388947 0.821891 0.997127 0.477672 0.0111971 0.63048 0.466417 0.51104 0.329201 0.204817 0.991394 0.990835 0.852214 0.707348 0.224613 0.436929 0.10361 0.0762661 0.26052 0.118075 0.739814 0.382904 0.827937 0.0869965 0.317667 0.451325 0.515046 0.329084 0.955133 0.670465 0.546992 0.994027 0.492357 0.54412 0.4717 0.503554 0.1746 0.938116 0.0145933 0.503801 0.142933 0.00598687 0.494636 0.995146 0.713334 0.719249 0.432076 0.816944 0.795515 0.692595 0.935019 0.535329 0.0754996 0.762956 0.622325 0.393167 0.214281 0.137371 0.722251 0.169414 0.807836 0.269244 0.163442 0.300193 0.813363 0.635141 0.803747 0.987963 0.573257 0.81834 0.491764 0.71619 0.824327 0.9864 0.711337 0.537661 0.705648 0.143412 0.354606 0.501163 0.836008 0.289625 0.0364919 0.911507 0.0525814 0.658817 0.304674 0.266863 0.796188 0.0269255 0.436277 0.604024 0.296169 0.599719 0.904217 0.109532 0.23486 0.707964 0.0974953 0.808117 0.526304 0.589259 0.524307 0.350631 
44 38 45 0 17 22 33 
0.78247 0.215064 0.532523 0.818962 0.126571 0.585104 0.477779 0.431245 0.851967 0.273967 0.45817 0.288244 0.877991 0.75434 0.887963 0.782208 0.863872 0.122823 0.490172 0.961367 0.93094 0.0164754 0.550626 0.455247 0.367106 0.126284 0.690891 0.255398 0.407591 0.0699476 0.498295 0.190061 0.285011 0.0308181 0.00902299 0.411582 0.615922 0.486802 0.842827 0.467889 0.760769 0.300998 0.756133 0.638759 0.0553371 0.644096 0.420967 0.919209 0.766919 0.911139 0.880576 0.697859 0.927614 0.431202 0.153106 0.29472 0.557487 0.843997 0.550118 0.965078 0.913945 0.0484133 0.155139 0.198956 0.0792314 0.164162 0.610538 0.695154 0.650964 0.453366 0.163043 0.411732 0.754363 0.919176 0.0504915 0.8097 0.563272 0.471459 0.728909 0.330191 0.382597 0.609486 0.0280499 0.310211 0.0406881 0.181156 0.604931 0.598175 0.0251531 0.155049 0.563252 0.939098 0.203463 0.718391 0.138054 0.282694 0.882553 0.748593 0.977848 0.533517 0.201958 0.140891 0.945249 0.956321 0.0600671 0.99574 0.766022 0.62334 0.467199 0.494931 0.953531 0.849796 0.104417 0.981581 0.160008 0.145105 0.162737 0.764939 0.74328 0.18789 0.919988 0.306532 0.126988 0.123451 0.0249235 0.265042 0.406145 0.907476 
45 22 15 5 10 40 38 
0.171914 0.584951 0.381982 0.937936 0.20829 0.849181 0.432867 0.161821 0.698977 0.537284 0.143402 0.858985 0.682389 0.306138 0.623924 0.425669 0.494028 0.543912 0.732201 0.621015 0.667363 0.757125 0.886057 0.0735077 0.664601 0.899692 0.4575 0.105594 0.115284 0.982384 0.491836 0.287199 0.567334 0.873818 0.225135 0.775625 0.722999 0.658002 0.937445 0.421976 0.195286 0.080847 0.280961 0.877675 0.386985 0.904884 0.303344 0.881013 0.448796 0.0355454 0.502028 0.116159 0.79267 0.388085 0.189666 0.457271 0.287777 0.647167 0.562865 0.403061 0.629551 0.0547013 0.69026 0.196885 0.928519 0.915395 0.97251 0.651518 0.573397 0.909955 0.0734944 0.768683 0.990802 0.354455 0.646358 0.377787 0.259339 0.949702 0.2588 0.708135 0.985248 0.760828 0.824294 0.777918 0.148913 0.0139602 0.235189 0.43669 0.661127 0.798054 0.839751 0.290678 0.852756 0.530011 0.487563 0.781275 0.445406 0.460073 0.432793 0.0188021 0.370028 0.506288 0.787485 0.360831 0.860743 0.433843 0.738618 0.120082 0.383545 0.997418 0.828217 0.368793 0.758246 0.652511 0.146711 0.907159 0.666471 0.3819 0.343849 0.327598 0.179954 0.1836 0.618276 0.0327099 0.713611 0.105839 0.813985 0.159016 
46 18 41 22 43 48 9 
0.296771 0.613808 0.399146 0.0353892 0.73389 0.782692 0.0328073 0.562107 0.151485 0.791053 0.214618 0.298196 0.698212 0.881088 0.680096 0.0420614 0.208686 0.860051 0.225661 0.826962 0.892761 0.939272 0.932801 0.706745 0.0982883 0.498713 0.953524 0.276107 0.434653 0.706589 0.24141 0.731424 0.320398 0.640556 0.766813 0.0542879 0.423248 0.799621 0.616395 0.574733 0.590674 0.831012 0.872929 0.288886 0.712101 0.553025 0.330948 0.920787 0.413076 0.556609 0.747749 0.305837 0.495881 0.68055 0.012582 0.594169 0.179262 0.966106 0.870276 0.613915 0.672695 0.111686 0.34534 0.993093 0.752242 0.112153 0.0473805 0.17549 0.911773 0.663775 0.750223 0.502447 0.494788 0.623152 0.791334 0.206889 0.176178 0.122282 0.127676 0.589254 0.678891 0.875425 0.89509 0.174772 0.555974 0.907672 0.768942 0.735237 0.873778 0.639218 0.349152 0.546473 0.750904 0.694492 0.539566 0.503146 0.806644 0.586946 0.678636 0.718418 0.250721 0.428859 0.220865 0.745509 0.0520117 0.0121992 0.952398 0.228189 0.134481 0.0800734 0.817443 0.813372 0.955498 0.712534 0.988144 0.511472 0.620206 0.757085 0.246709 0.493984 0.396303 0.595861 0.0404569 0.147207 0.290353 0.580022 0.650352 0.096997 
47 8 28 6 4 18 7 
0.809859 0.0484793 0.115597 0.0380488 0.18296 0.19567 0.855492 0.996332 0.151168 0.568026 0.984476 0.66264 0.188232 0.741562 0.909349 0.682216 0.137865 0.50521 0.722673 0.285071 0.795562 0.302695 0.935424 0.892559 0.469663 0.264412 0.707974 0.887353 0.0222597 0.744254 0.0505523 0.832119 0.792734 0.166149 0.870168 0.975694 0.361819 0.72566 0.972026 0.512987 0.293686 0.956502 0.175627 0.481917 0.698064 0.0849764 0.164133 0.835928 0.590186 0.886805 0.120999 0.385749 0.1895 0.0564228 0.278308 0.659164 0.320835 0.986282 0.546517 0.343094 0.730536 0.597069 0.175214 0.52327 0.763219 0.0453816 0.498964 0.125038 0.771041 0.47099 0.638025 0.064727 0.427492 0.813653 0.546644 0.125555 0.898629 0.710777 0.961483 0.488815 0.597582 0.0824827 0.874564 0.787082 0.138905 0.152872 0.446246 0.45974 0.139154 0.992763 0.802835 0.869691 0.589833 0.978048 0.392961 0.353051 0.0234299 0.891925 0.478089 0.794471 0.362914 0.116115 0.859198 0.790406 0.929767 0.405842 0.915962 0.828396 0.116619 0.877445 0.317212 0.714201 0.959928 0.191776 0.501284 0.0988332 0.344648 0.94753 0.558573 0.483802 0.940294 0.361408 0.353492 0.530126 0.339456 0.746453 0.883178 0.362886 
48 16 41 47 7 24 20 
0.791698 0.407149 0.422398 0.70766 0.235545 0.539018 0.585105 0.552757 0.253219 0.545033 0.744533 0.754503 0.643866 0.0891805 0.702033 0.202439 0.572982 0.642326 0.563847 0.926475 0.172453 0.903304 0.672928 0.0556307 0.26619 0.311305 0.416898 0.423548 0.312597 0.89428 0.440104 0.104295 0.301429 0.862502 0.811955 0.536974 0.40152 0.39706 0.089731 0.654739 0.942093 0.834264 0.409242 0.585958 0.923444 0.111275 0.788398 0.496427 0.753601 0.352245 0.422901 0.926054 0.255549 0.095829 0.981685 0.521739 0.407134 0.398583 0.945287 0.719731 0.292862 0.38539 0.824027 0.594291 0.247892 0.635982 0.131265 0.649412 0.0330418 0.220996 0.304151 0.975134 0.0552596 0.713392 0.561093 0.978704 0.824667 0.349491 0.47513 0.578268 0.701736 0.898032 0.504322 0.957285 0.993861 0.486007 0.479024 0.400995 0.884589 0.42431 0.120726 0.177451 0.809701 0.944753 0.771742 0.0575927 0.580735 0.903007 0.707005 0.613777 0.124003 0.0111552 0.588911 0.179263 0.724547 0.150004 0.157967 0.549214 0.499495 0.633097 0.127482 0.201231 0.531129 0.631804 0.158515 0.52499 0.11781 0.637539 0.925985 0.0023995 0.0618495 0.0467109 0.179851 0.87155 0.991464 0.951593 0.929143 0.572199 
49 35 5 27 7 17 28 
0.157867 0.37185 0.924891 0.315834 0.921064 0.424386 0.948931 0.048546 0.625616 0.48006 0.68035 0.784132 0.00504939 0.79816 0.421671 0.931034 0.80056 0.48352 0.977745 0.980411 0.35507 0.969209 0.932004 0.284213 0.541408 0.786605 0.920361 0.727384 0.765209 0.567663 0.50227 0.923076 0.939513 0.427161 0.23891 0.860577 0.851547 0.18784 0.909123 0.477163 0.6679 0.589473 0.261295 0.67295 0.387633 0.682965 0.603984 0.188193 0.166486 0.581728 0.168603 0.521556 0.550937 0.100607 0.80577 0.0923452 0.887212 0.72613 0.819729 0.652421 0.293794 0.321999 0.575497 0.233307 0.74916 0.814407 0.0938842 0.600707 0.00224702 0.00300756 0.0778704 0.670147 0.592481 0.339165 0.343097 0.980114 0.0221306 0.94708 0.168307 0.188616 0.528809 0.33691 0.710173 0.079746 0.437518 0.515942 0.172091 0.32473 0.242072 0.99182 0.977151 0.535866 0.313819 0.552648 0.769173 0.0629796 0.367055 0.863057 0.663687 0.369302 0.866065 0.741557 0.0394492 0.458545 0.0807225 0.382546 0.438659 0.102853 0.329626 0.606966 0.29147 0.858435 0.943876 0.00164225 0.938181 0.381394 0.517584 0.110272 0.706124 0.759657 0.102092 0.683275 0.295523 0.415911 0.235924 0.0646959 0.478891 0.602979 
50 1 35 44 34 12 47 
0.252363 0.964858 0.394276 0.691023 0.0677111 0.723902 0.297989 0.359181 0.582337 0.241865 0.360823 0.520518 0.623259 0.878407 0.630791 0.329383 0.638064 0.732883 0.0126585 0.933587 0.148794 0.248582 0.998283 0.627685 0.851561 0.926036 0.770263 0.823842 0.719854 0.654399 0.835572 0.972217 0.619257 0.229848 0.66324 0.686968 0.95375 0.961228 0.0461485 0.536087 0.203093 0.406971 0.0566057 0.826352 0.285379 0.687396 0.155735 0.923443 0.420279 0.168394 0.85703 0.569073 0.416976 0.855313 0.196759 0.268537 0.78135 0.967022 0.0923792 0.501203 0.621421 0.927951 0.47342 0.240678 0.157799 0.13666 0.927645 0.111549 0.0978884 0.973794 0.647636 0.300982 0.380765 0.704242 0.127334 0.666144 0.391638 0.283069 0.589587 0.811917 0.451463 0.446618 0.380991 0.86844 0.301931 0.57775 0.136977 0.0832807 0.544772 0.229356 0.584484 0.166192 0.157307 0.0579046 0.40687 0.315106 0.194565 0.334516 0.426655 0.292453 0.30831 0.0742916 0.593435 0.689075 0.778534 0.720769 0.355219 0.170172 0.00383815 0.944807 0.98209 0.455302 0.391425 0.36308 0.323741 0.693356 0.94083 0.460718 0.776637 0.485601 0.690074 0.361121 0.651794 0.847382 0.419025 0.058664 0.162488 0.61359 
