84 1
1 1 1 0 0 0 0 0 0 0 1 0 0 1 0 0 0 1 0 0 1 1 1 1 1 0 1 1 0 1 0 0 1 0 0 0 0 1 1 1 1 1 0 0 1 0 1 1 0 0 0 0 0 1 0 1 0 0 1 1 0 0 0 1 0 1 0 1 0 1 1 0 1 0 1 0 1 1 0 0 1 1 1 0 
0 
0.918087 0.230677 
1 
0.064158 0.520545 
2 
0.527807 0.945928 
3 
0.339607 0.810206 
4 
0.621683 0.0575395 
5 
0.517155 0.711412 
6 
0.719855 0.0586175 
7 
0.326676 0.12608 
8 
0.758532 0.968818 
9 
0.715769 0.29038 
10 
0.507948 0.655691 
11 
0.265982 0.363 
12 
0.970304 0.527031 
13 
0.811742 0.834709 
14 
0.0848306 0.0552109 
15 
0.535299 0.00291782 
16 
0.285888 0.599457 
17 
0.523463 0.813695 
18 
0.545385 0.86307 
19 
0.623901 0.167068 
20 
0.920609 0.141056 
21 
0.87848 0.640464 
22 
0.199674 0.205156 
23 
0.766544 0.958205 
24 
0.173974 0.482312 
25 
0.248585 0.681922 
26 
0.138004 0.514567 
27 
0.0449221 0.108307 
28 
0.0415973 0.856664 
29 
0.943017 0.126428 
30 
0.911875 0.478315 
31 
0.129346 0.197763 
32 
0.0777716 0.652808 
33 
0.0114574 0.623156 
34 
0.515878 0.635358 
35 
0.790225 0.436487 
36 
0.776414 0.668705 
37 
0.0769512 0.976088 
38 
0.873861 0.843495 
39 
0.934293 0.0478352 
40 
0.325807 0.182878 
41 
0.729757 0.463811 
42 
0.697444 0.774679 
43 
0.572118 0.739041 
44 
0.631344 0.515135 
45 
0.865469 0.543219 
46 
0.99345 0.994815 
47 
0.740982 0.0712213 
48 
0.647623 0.752439 
49 
0.694378 0.163501 
50 
0.387797 0.484602 
51 
0.599989 0.164211 
52 
0.153307 0.67694 
53 
0.140299 0.0271687 
54 
0.520435 0.074592 
55 
0.0750039 0.846242 
56 
0.25747 0.804761 
57 
0.310053 0.954914 
58 
0.579441 0.882171 
59 
0.693955 0.210785 
60 
0.397305 0.559425 
61 
0.754004 0.390755 
62 
0.55424 0.494986 
63 
0.461976 0.201863 
64 
0.247425 0.156354 
65 
0.365365 0.635222 
66 
0.640956 0.965353 
67 
0.799434 0.794264 
68 
0.642293 0.939733 
69 
0.821432 0.162728 
70 
0.014325 0.896436 
71 
0.00896984 0.271795 
72 
0.701198 0.319023 
73 
0.226708 0.280638 
74 
0.201193 0.920663 
75 
0.491423 0.598499 
76 
0.480088 0.245426 
77 
0.989254 0.0343277 
78 
0.740412 0.45123 
79 
0.236191 0.987837 
80 
0.607584 0.601555 
81 
0.623059 0.24854 
82 
0.566909 0.422493 
83 
0.0428035 0.209202 
