44 3
0 0 0 0 0 1 0 0 0 0 0 0 0 1 1 1 1 1 1 1 1 1 1 0 0 1 0 0 1 1 1 0 0 1 0 1 1 1 0 0 0 1 0 1 
0 42 21 
0.252319 0.145994 0.0634308 0.467035 0.631531 0.24047 0.0884142 0.587378 
1 17 3 
0.642059 0.937251 0.92534 0.134142 0.121759 0.520135 0.620328 0.773022 
2 23 42 
0.898875 0.618694 0.497877 0.734177 0.919364 0.245791 0.638344 0.55633 
3 2 31 
0.785317 0.403746 0.61601 0.848747 0.870781 0.247541 0.0892179 0.959195 
4 8 7 
0.251422 0.476978 0.401819 0.176763 0.61112 0.523578 0.696898 0.231448 
5 0 9 
0.737647 0.195475 0.539022 0.235524 0.929653 0.458386 0.481315 0.567997 
6 8 30 
0.0380131 0.800033 0.0364879 0.654023 0.64878 0.907269 0.901564 0.737998 
7 9 0 
0.202567 0.117887 0.213461 0.604386 0.29465 0.824581 0.127964 0.991547 
8 39 41 
0.911876 0.793677 0.620039 0.450897 0.029201 0.549692 0.909283 0.510516 
9 40 18 
0.143258 0.155702 0.724032 0.179746 0.809725 0.372812 0.087015 0.711289 
10 8 14 
0.447772 0.313377 0.0713666 0.661233 0.917763 0.366016 0.485815 0.0457271 
11 6 14 
0.269439 0.335522 0.0903304 0.720337 0.364723 0.640022 0.62962 0.875239 
12 20 29 
0.0184967 0.913413 0.277652 0.198243 0.723138 0.650464 0.285258 0.434428 
13 28 39 
0.8822 0.0746511 0.310104 0.543434 0.992414 0.67612 0.0292488 0.0381412 
14 31 7 
0.508432 0.303123 0.906615 0.598763 0.0234601 0.271338 0.238785 0.65308 
15 16 9 
0.2067 0.165073 0.909909 0.484351 0.363316 0.633048 0.134815 0.648574 
16 17 2 
0.887311 0.949676 0.97074 0.197415 0.493109 0.963154 0.873535 0.522358 
17 39 22 
0.0934516 0.509728 0.210342 6.68447e-05 0.108491 0.233802 0.271405 0.347276 
18 14 3 
0.343772 0.0935819 0.583055 0.253681 0.577933 0.946371 0.886729 0.712748 
19 39 0 
0.608838 0.482255 0.90388 0.579578 0.67967 0.396989 0.542732 0.553205 
20 22 13 
0.460423 0.0127991 0.0537562 0.670765 0.012866 0.162247 0.904567 0.284271 
21 6 8 
0.702252 0.853295 0.885032 0.285307 0.106976 0.462965 0.231678 0.993705 
22 32 36 
0.947909 0.784551 0.308877 0.851789 0.364129 0.988547 0.248778 0.906861 
23 41 7 
0.450889 0.00217487 0.180925 0.504646 0.67294 0.193791 0.666893 0.577508 
24 0 2 
0.368957 0.180314 0.0297101 0.253989 0.465621 0.136686 0.716954 0.697299 
25 28 29 
0.523921 0.0783002 0.677218 0.832798 0.930089 0.0413469 0.821345 0.178867 
26 11 4 
0.346993 0.399097 0.365272 0.527918 0.903743 0.0382118 0.721709 0.570635 
27 8 29 
0.747051 0.984677 0.380084 0.776761 0.238666 0.845705 0.913447 0.95562 
28 35 19 
0.848288 0.0669244 0.122138 0.525506 0.899723 0.0522273 0.566853 0.721068 
29 25 42 
0.0841643 0.578088 0.914158 0.449436 0.106006 0.817901 0.487648 0.827715 
30 5 13 
0.0274851 0.135587 0.0880441 0.407569 0.912348 0.32671 0.253274 0.825795 
31 19 18 
0.869633 0.130618 0.863202 0.991771 0.656124 0.762925 0.0439988 0.222977 
32 18 22 
0.738038 0.568157 0.853181 0.652196 0.0175927 0.959187 0.470097 0.50524 
33 43 17 
0.608608 0.814387 0.994221 0.696652 0.221956 0.90657 0.0233619 0.475231 
34 5 26 
0.271508 0.601998 0.436311 0.134711 0.593769 0.0924352 0.897635 0.637768 
35 42 25 
0.912862 0.0534501 0.949785 0.766043 0.705646 0.967377 0.725231 0.175743 
36 30 24 
0.0343773 0.0812252 0.32652 0.0285986 0.777877 0.548476 0.935168 0.801239 
37 3 41 
0.295215 0.269531 0.543242 0.429925 0.8633 0.635678 0.327561 0.501069 
38 42 4 
0.413931 0.00453985 0.658973 0.179974 0.710186 0.62635 0.905204 0.885929 
39 3 2 
0.920307 0.180193 0.743857 0.948905 0.95807 0.292333 0.884074 0.759309 
40 2 15 
0.86624 0.611254 0.821137 0.409483 0.0411791 0.684438 0.0451602 0.36874 
41 3 24 
0.0779283 0.599437 0.00078983 0.736901 0.779411 0.710976 0.363252 0.684615 
42 36 4 
0.101952 0.517212 0.642413 0.845808 0.466118 0.600483 0.138141 0.350191 
43 20 22 
0.226033 0.0654338 0.722935 0.635515 0.106613 0.407372 0.680675 0.475353 
