22 1
0 1 0 1 0 0 0 1 0 1 0 0 0 0 1 0 1 0 1 1 0 0 
0 
0.4667 0.537163 
1 
0.867547 0.987938 
2 
0.0991293 0.150152 
3 
0.614043 0.542613 
4 
0.0975908 0.883347 
5 
0.00977169 0.327852 
6 
0.19977 0.539479 
7 
0.288117 0.900297 
8 
0.39594 0.120315 
9 
0.320328 0.815837 
10 
0.791924 0.294898 
11 
0.175766 0.470031 
12 
0.43506 0.464254 
13 
0.0775698 0.324589 
14 
0.78783 0.270122 
15 
0.960143 0.25453 
16 
0.807285 0.82769 
17 
0.242468 0.906414 
18 
0.977842 0.856511 
19 
0.449028 0.0754329 
20 
0.739858 0.4588 
21 
0.403285 0.939628 
