15 5
0 1 0 0 1 1 1 1 0 1 0 0 1 0 0 
0 14 8 12 13 
0.393892 0.135878 0.695465 0.797041 0.167421 0.209032 0.886016 0.773125 0.215095 0.548337 0.315671 0.463611 0.0546092 0.249608 0.0858008 0.0272773 0.699256 0.785418 0.609793 0.855343 0.61802 0.823938 0.716002 0.50931 0.0770284 0.217065 0.159901 0.305337 0.864623 0.0225359 0.845472 0.258515 
1 12 13 4 3 
0.0989598 0.965064 0.489908 0.41463 0.428675 0.544517 0.664238 0.514476 0.571794 0.363494 0.299894 0.181587 0.218837 0.917914 0.00552473 0.934839 0.427224 0.0825531 0.151905 0.587125 0.38789 0.016528 0.609661 0.233362 0.275043 0.768075 0.774299 0.330599 0.0939101 0.524268 0.27217 0.19287 
2 12 5 6 10 
0.306595 0.271738 0.432482 0.87839 0.635232 0.732377 0.059977 0.854069 0.65029 0.0655017 0.788908 0.0775141 0.148055 0.940813 0.664639 0.535944 0.957341 0.2743 0.769306 0.232384 0.0423749 0.543605 0.562983 0.136285 0.0678727 0.835153 0.329155 0.557204 0.597231 0.936655 0.475211 0.903827 
3 5 11 1 14 
0.842194 0.697695 0.29036 0.907695 0.486604 0.367874 0.0557502 0.427417 0.0325134 0.591695 0.384758 0.306813 0.361001 0.617142 0.349188 0.904606 0.180125 0.485473 0.972478 0.0152777 0.814628 0.529683 0.612509 0.751283 0.00489383 0.516336 0.959677 0.912587 0.298553 0.803303 0.552657 0.140746 
4 9 8 2 6 
0.210892 0.104192 0.415018 0.243406 0.695887 0.799775 0.550219 0.0568874 0.416917 0.899407 0.961493 0.597041 0.38488 0.933972 0.612319 0.199508 0.463654 0.224828 0.950791 0.468548 0.741164 0.910468 0.381136 0.039717 0.713771 0.933793 0.180463 0.214769 0.776811 0.228905 0.20237 0.987703 
5 0 10 6 3 
0.085871 0.83408 0.680735 0.0473642 0.431122 0.0656147 0.981336 0.0434407 0.265123 0.44499 0.268269 0.215914 0.913539 0.00943334 0.126383 0.294674 0.0491503 0.840154 0.228467 0.229614 0.0549228 0.00527822 0.458519 0.257293 0.992981 0.791616 0.874681 0.22409 0.820599 0.291844 0.00541803 0.90647 
6 4 10 11 3 
0.751767 0.93517 0.600487 0.0168902 0.380161 0.868756 0.232804 0.293699 0.878189 0.359187 0.588374 0.927339 0.199341 0.816841 0.156953 0.254264 0.822119 0.615472 0.511557 0.815101 0.407087 0.386238 0.039191 0.227687 0.678082 0.044609 0.134157 0.804007 0.730762 0.0879912 0.361053 0.482529 
7 11 6 14 0 
0.697022 0.708484 0.091411 0.285395 0.635824 0.290752 0.102236 0.792777 0.545016 0.924356 0.408249 0.0565727 0.739456 0.815336 0.442811 0.778647 0.0430227 0.120893 0.823256 0.17718 0.924899 0.554018 0.265171 0.285952 0.0365473 0.288332 0.247491 0.535967 0.691654 0.0777861 0.26819 0.388676 
8 11 10 14 1 
0.776308 0.214871 0.195369 0.700664 0.62312 0.251942 0.44012 0.438456 0.694752 0.218768 0.481478 0.815645 0.042024 0.658658 0.740544 0.596042 0.923829 0.0264958 0.632589 0.212161 0.273987 0.168556 0.903816 0.351773 0.436746 0.292492 0.138043 0.796348 0.966563 0.560137 0.446701 0.742871 
9 1 4 6 14 
0.894012 0.883654 0.836584 0.588765 0.102422 0.318062 0.40441 0.144446 0.97672 0.144954 0.740488 0.900549 0.17145 0.373078 0.11271 0.445437 0.541634 0.0165254 0.79721 0.97838 0.309017 0.935253 0.774728 0.27558 0.49539 0.221429 0.0184508 0.270399 0.863499 0.461985 0.668527 0.757512 
10 11 6 14 9 
0.750687 0.592508 0.799892 0.895641 0.332996 0.700441 0.0670904 0.706073 0.813151 0.512527 0.247707 0.829677 0.309737 0.226087 0.138694 0.24499 0.000814745 0.414274 0.74038 0.222244 0.432725 0.0107784 0.0857433 0.89471 0.679305 0.843255 0.24035 0.184415 0.189532 0.688411 0.00758773 0.940218 
11 3 14 7 12 
0.319988 0.321073 0.415477 0.567695 0.15075 0.725213 0.793782 0.289443 0.970203 0.794597 0.703717 0.710583 0.0168404 0.136442 0.721361 0.102584 0.0311515 0.400666 0.945839 0.271501 0.585081 0.135371 0.959912 0.592669 0.075589 0.240831 0.400149 0.911448 0.854746 0.908071 0.814397 0.174734 
12 4 7 13 2 
0.92529 0.330808 0.373054 0.635872 0.347648 0.509495 0.357233 0.450232 0.540647 0.7579 0.396071 0.812148 0.342981 0.531442 0.77206 0.93565 0.607031 0.0128916 0.335799 0.518479 0.867638 0.24387 0.332876 0.0423722 0.473014 0.56275 0.784802 0.852907 0.517837 0.321013 0.522244 0.443127 
13 0 5 1 12 
0.404793 0.436233 0.449701 0.945439 0.194132 0.845772 0.757587 0.537113 0.377214 0.529647 0.472763 0.984244 0.542539 0.808562 0.502723 0.410177 0.0524327 0.835599 0.452549 0.525447 0.398348 0.237351 0.378354 0.916185 0.558364 0.900598 0.359312 0.210184 0.795895 0.438312 0.209653 0.200688 
14 9 6 3 2 
0.505126 0.903715 0.60579 0.88234 0.433362 0.0785527 0.866584 0.975901 0.887115 0.369307 0.386078 0.939548 0.204905 0.838627 0.464995 0.603254 0.075978 0.843349 0.519439 0.634342 0.743946 0.878752 0.844526 0.539842 0.317063 0.0541793 0.74053 0.191607 0.713534 0.886658 0.260284 0.21866 
