69 5
1 0 0 1 1 1 1 0 1 1 0 1 0 0 0 0 1 1 0 1 1 1 0 1 1 0 0 0 0 0 1 0 0 0 0 0 0 0 1 0 0 0 0 1 1 0 1 0 0 0 0 0 0 1 0 1 0 1 0 1 0 0 0 1 0 1 1 1 1 
0 20 38 43 54 
0.710147 0.860072 0.571957 0.815099 0.996897 0.731737 0.237492 0.26977 0.801932 0.168033 0.298021 0.0848447 0.129808 0.417908 0.995717 0.733391 0.554382 0.603634 0.481554 0.995469 0.354979 0.74014 0.15657 0.792135 0.885252 0.908527 0.978265 0.978461 0.00818521 0.845152 0.400328 0.718332 
1 27 51 62 53 
0.704022 0.770924 0.971892 0.505954 0.938957 0.269913 0.590799 0.0687643 0.687821 0.586516 0.802156 0.242203 0.19015 0.28371 0.237672 0.545129 0.02385 0.394242 0.337264 0.909102 0.302769 0.315529 0.887563 0.310954 0.16068 0.287892 0.0292865 0.865905 0.260177 0.562718 0.568026 0.964199 
2 56 52 29 49 
0.0609527 0.341363 0.497652 0.647469 0.143519 0.739855 0.837619 0.427228 0.977527 0.382748 0.451078 0.371769 0.720012 0.36018 0.674538 0.0355409 0.247744 0.985492 0.196221 0.535636 0.0147782 0.0621257 0.795812 0.577496 0.630152 0.760012 0.911139 0.17007 0.230165 0.183737 0.9799 0.291118 
3 35 22 20 8 
0.217406 0.776205 0.0958476 0.194933 0.158954 0.546926 0.566701 0.878966 0.907106 0.241239 0.914507 0.15485 0.226731 0.110728 0.690486 0.241509 0.172854 0.486298 0.819005 0.803006 0.24631 0.730144 0.973075 0.476475 0.913881 0.952975 0.767593 0.438982 0.430527 0.706179 0.107601 0.647934 
4 22 34 54 41 
0.750375 0.409568 0.520304 0.657481 0.650807 0.434811 0.812331 0.877538 0.545539 0.502817 0.119046 0.718393 0.989115 0.938052 0.521399 0.235425 0.668196 0.494474 0.7119 0.582077 0.447449 0.479492 0.021059 0.877976 0.185671 0.12866 0.52591 0.668056 0.332109 0.368776 0.309394 0.0824837 
5 13 40 56 31 
0.552296 0.306689 0.810048 0.0551131 0.425735 0.528441 0.0442283 0.363787 0.04984 0.279653 0.0319827 0.544314 0.991553 0.61406 0.991763 0.471045 0.635119 0.869739 0.656716 0.763779 0.395649 0.324772 0.095888 0.764426 0.634165 0.178372 0.54277 0.463863 0.918336 0.971921 0.728372 0.470633 
6 1 13 20 25 
0.0668612 0.569974 0.0681326 0.116701 0.849627 0.100115 0.661015 0.84118 0.714175 0.652778 0.312225 0.349294 0.522518 0.968941 0.113073 0.918167 0.293713 0.208961 0.682593 0.927879 0.387332 0.225363 0.391742 0.305669 0.197284 0.120114 0.776301 0.475894 0.658534 0.302047 0.18024 0.725395 
7 30 40 51 57 
0.348488 0.503111 0.562828 0.0626629 0.155889 0.875053 0.411957 0.678407 0.843995 0.525029 0.596574 0.137708 0.73399 0.279167 0.0655865 0.121323 0.50453 0.457328 0.426991 0.701814 0.577442 0.203293 0.177708 0.235976 0.50534 0.357948 0.961371 0.377361 0.606321 0.803467 0.0990087 0.954809 
8 67 6 64 59 
0.53689 0.429428 0.140874 0.380885 0.954458 0.737448 0.518592 0.688448 0.0166148 0.584179 0.80977 0.521144 0.0415072 0.236762 0.222958 0.618949 0.440054 0.400666 0.854925 0.945394 0.758615 0.816296 0.322755 0.364935 0.619763 0.421763 0.319744 0.926341 0.0836002 0.337215 0.388809 0.62049 
9 10 31 56 0 
0.519967 0.409549 0.283746 0.104146 0.219319 0.80489 0.145653 0.45608 0.0278481 0.764602 0.896135 0.428514 0.619528 0.841529 0.187129 0.435824 0.164283 0.552064 0.0555869 0.586047 0.871808 0.981928 0.669647 0.209023 0.370737 0.290137 0.975667 0.900419 0.291512 0.696768 0.16755 0.811479 
10 64 47 44 41 
0.256186 0.0612776 0.781715 0.284034 0.82588 0.67785 0.712549 0.445408 0.519378 0.899678 0.881231 0.683662 0.451742 0.936818 0.269709 0.32355 0.918746 0.939356 0.532573 0.289483 0.229493 0.50824 0.189903 0.521005 0.205007 0.357453 0.332483 0.311323 0.808749 0.248108 0.636958 0.0649353 
11 58 23 20 31 
0.0965228 0.0615184 0.580673 0.615901 0.961196 0.461905 0.299563 0.412938 0.398723 0.569271 0.736488 0.317469 0.508627 0.269061 0.606952 0.73812 0.777301 0.796855 0.259125 0.982308 0.154308 0.591608 0.293632 0.963057 0.839716 0.93059 0.027992 0.149102 0.349263 0.376962 0.284367 0.445786 
12 0 47 66 49 
0.36125 0.812614 0.725668 0.930521 0.549102 0.0431367 0.439148 0.818163 0.650089 0.177268 0.595464 0.446944 0.436393 0.577773 0.601251 0.028001 0.871404 0.564308 0.867717 0.801994 0.5923 0.0168185 0.151257 0.969262 0.301186 0.597043 0.407742 0.166226 0.65873 0.807418 0.493171 0.0199798 
13 47 8 64 16 
0.987297 0.912064 0.566918 0.582761 0.359007 0.00331078 0.160534 0.960259 0.0313118 0.0319383 0.524567 0.899029 0.833932 0.116867 0.915847 0.98519 0.0861282 0.217033 0.582233 0.49387 0.383259 0.240963 0.301287 0.87643 0.260942 0.921319 0.0952679 0.211443 0.0904526 0.357243 0.601093 0.0777496 
14 40 41 16 17 
0.171322 0.821045 0.588573 0.202633 0.852983 0.113139 0.101662 0.686916 0.230006 0.0175092 0.672105 0.316134 0.234542 0.254338 0.810004 0.617801 0.495301 0.111291 0.494231 0.756243 0.03261 0.589498 0.967687 0.123063 0.946741 0.56878 0.200812 0.216048 0.73679 0.861323 0.844362 0.908112 
15 45 5 59 13 
0.546074 0.212407 0.222266 0.77608 0.229916 0.894372 0.0922138 0.464458 0.14871 0.902218 0.0822593 0.64401 0.0135087 0.57649 0.400253 0.0461187 0.165988 0.36794 0.169181 0.11273 0.93672 0.369994 0.328777 0.67351 0.231317 0.173139 0.581622 0.913684 0.606074 0.692367 0.449035 0.152148 
16 10 33 53 30 
0.565673 0.0204414 0.599148 0.714383 0.922659 0.681408 0.358393 0.936168 0.257897 0.758646 0.982286 0.423886 0.126586 0.151468 0.536615 0.0633058 0.521461 0.865393 0.736816 0.752778 0.0385319 0.318437 0.666462 0.644606 0.010804 0.115498 0.796754 0.915578 0.786799 0.724981 0.0502677 0.352472 
17 38 46 57 33 
0.425248 0.604249 0.588721 0.183894 0.586535 0.0126067 0.31048 0.738003 0.549222 0.373786 0.259464 0.414614 0.110602 0.0122422 0.453146 0.429039 0.678704 0.0977521 0.439843 0.794202 0.894506 0.355421 0.581001 0.619487 0.405689 0.933473 0.364909 0.0551047 0.000328463 0.0329904 0.385928 0.425576 
18 5 43 20 15 
0.919951 0.961778 0.536478 0.293737 0.221242 0.951092 0.404339 0.233485 0.404238 0.833379 0.912189 0.501991 0.273222 0.706391 0.396496 0.628643 0.287392 0.0159828 0.034332 0.220865 0.380892 0.0894367 0.221194 0.413882 0.475365 0.64677 0.0511217 0.450014 0.256241 0.274897 0.43727 0.176192 
19 0 61 16 31 
0.92484 0.874269 0.691401 0.329078 0.707648 0.60359 0.831069 0.98087 0.309981 0.227565 0.609513 0.597373 0.243548 0.643845 0.818239 0.62444 0.733282 0.0394328 0.0383219 0.208647 0.686203 0.0894436 0.658661 0.942444 0.36434 0.0959311 0.118636 0.601015 0.0696788 0.588566 0.0589315 0.994519 
20 9 5 45 40 
0.353923 0.154666 0.151353 0.663905 0.382231 0.760866 0.261278 0.625778 0.404712 0.0795167 0.250218 0.137994 0.118949 0.28854 0.346641 0.805153 0.377984 0.00530222 0.747597 0.742324 0.101233 0.866233 0.343338 0.170912 0.454799 0.40227 0.165431 0.917633 0.152603 0.489027 0.0881161 0.506526 
21 56 22 28 2 
0.000335076 0.431708 0.651702 0.405047 0.511225 0.90192 0.543041 0.630175 0.19046 0.889682 0.435327 0.568444 0.894984 0.182924 0.310767 0.996217 0.049157 0.654106 0.167129 0.503956 0.0563756 0.33256 0.421589 0.208978 0.821587 0.509705 0.715505 0.46528 0.749174 0.885935 0.491204 0.749509 
22 40 66 3 17 
0.0448261 0.697596 0.459044 0.235286 0.587278 0.894371 0.80373 0.482262 0.0772949 0.114497 0.478479 0.126452 0.768603 0.645608 0.630407 0.824978 0.978168 0.0519965 0.0339569 0.799756 0.561702 0.749462 0.265036 0.310876 0.635397 0.75624 0.0603849 0.95304 0.899147 0.214941 0.781909 0.943973 
23 68 29 43 17 
0.135324 0.982989 0.982077 0.212619 0.0974858 0.460556 0.33907 0.866089 0.106165 0.969478 0.691067 0.0843333 0.0214743 0.725024 0.884089 0.583176 0.474486 0.149126 0.894052 0.109882 0.905366 0.954437 0.0629228 0.804513 0.169377 0.844832 0.748485 0.0819146 0.0857849 0.927744 0.58173 0.221109 
24 59 37 23 7 
0.874307 0.130528 0.742275 0.565375 0.214862 0.76375 0.290399 0.0989509 0.346926 0.764884 0.248076 0.240977 0.874767 0.153443 0.195414 0.937689 0.957955 0.364791 0.782521 0.70644 0.446706 0.868306 0.634185 0.0284357 0.089415 0.544918 0.592243 0.523142 0.553136 0.616606 0.29594 0.427444 
25 38 52 67 27 
0.801965 0.283217 0.0609473 0.14889 0.0481013 0.309024 0.389868 0.922868 0.462466 0.585282 0.860557 0.420421 0.950073 0.643079 0.126862 0.396779 0.511385 0.761047 0.425215 0.6008 0.305964 0.0174576 0.123942 0.8591 0.634064 0.419882 0.286544 0.381199 0.458097 0.279363 0.343195 0.260062 
26 67 36 31 14 
0.713166 0.79882 0.533549 0.175633 0.384102 0.394106 0.596054 0.334175 0.0371845 0.722916 0.730954 0.54857 0.483963 0.156169 0.14937 0.789927 0.173626 0.273312 0.649027 0.80769 0.693194 0.935571 0.188889 0.151291 0.214934 0.532084 0.411353 0.777513 0.936227 0.820305 0.388194 0.649393 
27 40 7 24 67 
0.315849 0.42108 0.337403 0.353033 0.143995 0.0683566 0.901603 0.627958 0.224525 0.0509725 0.417885 0.398151 0.324284 0.0669119 0.205842 0.0174782 0.00248332 0.394731 0.168769 0.217417 0.926815 0.580122 0.994931 0.863041 0.400427 0.383125 0.512434 0.0195529 0.304868 0.33746 0.0227805 0.620717 
28 50 18 5 48 
0.42854 0.875353 0.530493 0.653065 0.926326 0.948377 0.0512162 0.25061 0.0152893 0.257058 0.268088 0.0177726 0.651788 0.436857 0.23519 0.578603 0.0169795 0.230121 0.441645 0.417407 0.613246 0.954079 0.43696 0.918114 0.291539 0.45974 0.538831 0.0500781 0.819923 0.512581 0.952613 0.248463 
29 59 52 42 5 
0.431483 0.952744 0.564869 0.446772 0.209802 0.832957 0.464545 0.86159 0.269815 0.699735 0.440193 0.286794 0.929856 0.881838 0.704201 0.543101 0.835917 0.141161 0.461215 0.127456 0.600901 4.55207e-05 0.177534 0.420825 0.512626 0.130147 0.669288 0.90056 0.613252 0.570815 0.214819 0.044735 
30 20 60 32 29 
0.956052 0.594952 0.882461 0.655787 0.035145 0.169255 0.585643 0.916983 0.873456 0.128744 0.7529 0.0146174 0.589959 0.880356 0.615519 0.590004 0.0578893 0.0363435 0.102631 0.188036 0.705631 0.0031904 0.801288 0.276446 0.21801 0.846023 0.800006 0.997698 0.33753 0.533367 0.610344 0.293582 
31 52 68 58 56 
0.66206 0.535012 0.0804467 0.535516 0.663756 0.833347 0.550134 0.253715 0.713702 0.165652 0.843719 0.771591 0.201996 0.94635 0.959627 0.907627 0.94954 0.760915 0.184074 0.16755 0.606938 0.984079 0.165248 0.944468 0.517447 0.775592 0.238051 0.645765 0.268396 0.18742 0.809229 0.930456 
32 37 59 44 51 
0.723022 0.0161062 0.639903 0.436724 0.181759 0.483622 0.208316 0.383755 0.429972 0.167943 0.291382 0.379512 0.928858 0.475455 0.547062 0.535797 0.459535 0.712309 0.480265 0.976981 0.487901 0.718316 0.622747 0.756297 0.905736 0.431976 0.686753 0.628168 0.321651 0.152726 0.0143567 0.0446736 
33 3 26 17 41 
0.137882 0.689714 0.734345 0.567854 0.857657 0.025727 0.947366 0.786516 0.501182 0.494427 0.322312 0.960717 0.206736 0.802577 0.937699 0.694637 0.520893 0.560445 0.450934 0.426629 0.992421 0.137688 0.0547974 0.314072 0.290413 0.0691541 0.358746 0.459245 0.723414 0.840144 0.809836 0.861296 
34 51 18 50 40 
0.569908 0.376515 0.174031 0.0710909 0.870942 0.496344 0.0318081 0.0776779 0.298921 0.969507 0.772315 0.819814 0.529952 0.223249 0.246443 0.522373 0.360937 0.30124 0.836445 0.65135 0.370395 0.195191 0.110595 0.0938083 0.0353355 0.920432 0.955104 0.565194 0.464613 0.384253 0.952709 0.0345215 
35 53 10 34 51 
0.623084 0.13742 0.709388 0.922005 0.106927 0.481702 0.741819 0.636879 0.704951 0.988262 0.159252 0.065888 0.289502 0.995698 0.717238 0.659897 0.190889 0.827833 0.753705 0.226225 0.748265 0.708809 0.791418 0.212878 0.0930623 0.744128 0.247399 0.85383 0.870868 0.353012 0.48554 0.493952 
36 25 8 46 20 
0.67663 0.157776 0.234238 0.381581 0.146038 0.393491 0.447469 0.435541 0.389189 0.164707 0.0954377 0.580078 0.992541 0.849143 0.806303 0.740806 0.557952 0.597721 0.953684 0.651014 0.341848 0.201083 0.504845 0.212716 0.554095 0.990384 0.706668 0.0445271 0.185311 0.122626 0.641886 0.861941 
37 62 61 42 14 
0.269616 0.690991 0.861981 0.658804 0.855698 0.957418 0.238882 0.848239 0.806561 0.0451847 0.589044 0.364514 0.642906 0.542728 0.0155281 0.984754 0.743811 0.520373 0.19747 0.297906 0.510757 0.904139 0.342433 0.696068 0.0267645 0.98432 0.55801 0.307166 0.860445 0.801532 0.733606 0.13006 
38 60 12 53 13 
0.553006 0.0277468 0.19646 0.359567 0.0729314 0.785504 0.724081 0.715837 0.328232 0.739609 0.700591 0.0720433 0.259982 0.898062 0.369949 0.770738 0.802201 0.712382 0.466807 0.828965 0.696702 0.0248164 0.136131 0.557147 0.826348 0.869738 0.687207 0.318871 0.465325 0.476071 0.667092 0.0183304 
39 44 68 15 60 
0.101978 0.292587 0.977289 0.841587 0.993178 0.0493318 0.101569 0.89124 0.419281 0.872307 0.69344 0.131664 0.339114 0.522405 0.828365 0.36393 0.658537 0.385512 0.190278 0.528275 0.0727188 0.509149 0.993599 0.54879 0.176241 0.0119299 0.0526086 0.0397933 0.389827 0.629358 0.68885 0.491806 
40 65 3 14 1 
0.71547 0.434961 0.806363 0.134751 0.307268 0.499803 0.266415 0.646382 0.022208 0.09478 0.0103125 0.680745 0.480292 0.200591 0.209019 0.553011 0.70974 0.202619 0.101801 0.885981 0.214549 0.15441 0.925775 0.604376 0.783768 0.614624 0.0961816 0.705713 0.280762 0.429574 0.620836 0.996232 
41 68 13 17 67 
0.927001 0.397398 0.818186 0.949209 0.492178 0.828499 0.629954 0.97247 0.0290896 0.838973 0.525481 0.73883 0.0415921 0.627282 0.624811 0.256141 0.781692 0.550586 0.860517 0.56546 0.16521 0.956698 0.271173 0.445973 0.386272 0.892009 0.442205 0.250808 0.319207 0.573188 0.422612 0.246208 
42 24 67 61 29 
0.0692968 0.825372 0.435234 0.0983864 0.664345 0.960715 0.837216 0.705937 0.587997 0.462027 0.962078 0.369688 0.0126133 0.822594 0.935148 0.177823 0.779293 0.206321 0.623796 0.165565 0.0983296 0.0660008 0.416373 0.417537 0.639189 0.838985 0.663745 0.609775 0.0797832 0.859163 0.0725388 0.14908 
43 64 65 61 18 
0.468487 0.0846825 0.054817 0.0564837 0.54671 0.0168949 0.426172 0.559323 0.839489 0.36132 0.737147 0.618782 0.567641 0.360943 0.784347 0.66597 0.426943 0.20072 0.0835073 0.0661323 0.0397053 0.747253 0.675907 0.119489 0.606416 0.748446 0.268569 0.29095 0.256219 0.516035 0.63983 0.724706 
44 59 38 49 34 
0.711542 0.207361 0.706751 0.551031 0.568682 0.443897 0.169813 0.136322 0.80484 0.95416 0.802293 0.231783 0.154881 0.8858 0.297915 0.194586 0.633053 0.973823 0.314075 0.239468 0.722269 0.582643 0.530419 0.978487 0.098678 0.170249 0.703193 0.699395 0.864896 0.484383 0.846823 0.576438 
45 25 64 55 7 
0.99747 0.297283 0.396748 0.80231 0.251443 0.199041 0.0340933 0.406324 0.0848414 0.332009 0.60091 0.717894 0.305831 0.914984 0.957363 0.0281002 0.497627 0.487781 0.00658756 0.596305 0.65803 0.709781 0.295701 0.522925 0.194163 0.142524 0.0993633 0.885907 0.696097 0.226832 0.146333 0.693567 
46 47 49 16 39 
0.742122 0.529971 0.181882 0.826963 0.86198 0.782791 0.544858 0.167811 0.697776 0.50222 0.195911 0.195403 0.990001 0.202499 0.791708 0.648031 0.912279 0.0874091 0.170956 0.106443 0.229933 0.27032 0.99235 0.92603 0.497152 0.138683 0.619597 0.0212671 0.681764 0.115475 0.796825 0.423886 
47 29 25 13 1 
0.761498 0.795707 0.675236 0.459274 0.297927 0.871147 0.654677 0.287928 0.073646 0.446385 0.935959 0.985925 0.533794 0.106916 0.0923681 0.763727 0.377235 0.084718 0.689757 0.874388 0.223401 0.309354 0.895655 0.905165 0.424828 0.69248 0.329051 0.0702736 0.671187 0.5799 0.577698 0.432685 
48 15 66 42 41 
0.124082 0.546636 0.961463 0.197727 0.993022 0.897422 0.183653 0.526816 0.00433751 0.276021 0.290543 0.381573 0.360739 0.9803 0.25596 0.58414 0.289654 0.151615 0.489305 0.714482 0.844095 0.818355 0.784756 0.515282 0.398255 0.362454 0.947967 0.773862 0.615388 0.839926 0.447396 0.73947 
49 32 0 27 25 
0.306281 0.12085 0.9064 0.310618 0.396871 0.196943 0.692191 0.75761 0.177243 0.948152 0.34175 0.466897 0.0997667 0.831055 0.181379 0.943862 0.64941 0.966135 0.459144 0.0476653 0.328589 0.407111 0.821527 0.943977 0.247037 0.268924 0.683447 0.633599 0.677783 0.620644 0.0131832 0.984063 
50 32 39 51 16 
0.986872 0.895976 0.29377 0.935024 0.237727 0.760667 0.0347906 0.0687816 0.942046 0.978652 0.718192 0.908181 0.437796 0.765857 0.23677 0.844906 0.587384 0.180747 0.0919432 0.856308 0.864194 0.725542 0.534091 0.484838 0.738726 0.518154 0.226332 0.658309 0.812835 0.364698 0.774836 0.799708 
51 10 68 24 56 
0.829273 0.769522 0.567183 0.77132 0.748174 0.285374 0.679501 0.18597 0.0512314 0.91627 0.0308766 0.638616 0.097017 0.12282 0.494924 0.961211 0.848362 0.0290147 0.446048 0.587088 0.547169 0.672381 0.245396 0.360004 0.0370788 0.0202321 0.159711 0.297753 0.0888379 0.894443 0.796154 0.918111 
52 43 37 34 6 
0.648712 0.368931 0.598109 0.699943 0.285202 0.628985 0.338559 0.382219 0.751805 0.833483 0.343429 0.600167 0.862498 0.789477 0.187255 0.409666 0.461858 0.432651 0.76967 0.498937 0.452883 0.929381 0.79669 0.541721 0.823824 0.592845 0.459832 0.487788 0.956182 0.149263 0.899927 0.604893 
53 68 30 56 22 
0.127021 0.643395 0.185614 0.878826 0.476878 0.529043 0.478993 0.339376 0.31852 0.666248 0.749042 0.780378 0.0988992 0.518712 0.279315 0.551782 0.448093 0.0760051 0.0935036 0.271916 0.66885 0.553336 0.759704 0.625031 0.702599 0.659631 0.229925 0.220793 0.157667 0.534761 0.0241882 0.284688 
54 29 22 26 46 
0.738845 0.642507 0.994411 0.0573658 0.308755 0.743452 0.837744 0.407654 0.262164 0.117059 0.959437 0.710256 0.193064 0.0529406 0.982173 0.861914 0.606276 0.741877 0.486945 0.308875 0.401508 0.71687 0.529668 0.559174 0.251632 0.553856 0.843862 0.429789 0.763658 0.00737591 0.0848234 0.502504 
55 65 13 64 59 
0.822686 0.397614 0.366293 0.0848503 0.514673 0.32573 0.795107 0.707737 0.37867 0.777279 0.569651 0.984947 0.519156 0.0565963 0.293822 0.920664 0.773467 0.823489 0.479838 0.0250984 0.377345 0.3237 0.454887 0.141003 0.331076 0.53971 0.643507 0.980959 0.618944 0.203377 0.939598 0.441631 
56 3 15 18 2 
0.63162 0.321588 0.8234 0.0102904 0.0988669 0.39305 0.995237 0.618023 0.449647 0.289059 0.538687 0.223113 0.112548 0.0185252 0.248212 0.489893 0.342226 0.703099 0.630897 0.673302 0.242809 0.274404 0.654261 0.861753 0.47778 0.593859 0.303384 0.0787703 0.899749 0.829865 0.194433 0.53137 
57 54 42 63 5 
0.410883 0.536897 0.868343 0.86053 0.825956 0.407029 0.083643 0.938503 0.425555 0.331855 0.428397 0.76778 0.0349536 0.0592932 0.441082 0.277763 0.333697 0.0953436 0.139516 0.811477 0.689203 0.4429 0.890247 0.588952 0.272765 0.0846804 0.120322 0.424218 0.102513 0.661982 0.674538 0.513396 
58 54 15 6 41 
0.94991 0.457569 0.963338 0.375464 0.789423 0.391734 0.143245 0.824377 0.451027 0.584327 0.10214 0.784724 0.679671 0.241656 0.596201 0.368873 0.684556 0.486449 0.957826 0.957321 0.571129 0.0781473 0.381539 0.673642 0.740129 0.0560767 0.187038 0.939008 0.598957 0.560964 0.963842 0.548867 
59 20 13 2 4 
0.318914 0.0675758 0.632333 0.769941 0.651903 0.734473 0.554666 0.331574 0.976128 0.150867 0.700447 0.660684 0.637316 0.658272 0.618005 0.208445 0.73642 0.999544 0.882087 0.476549 0.0556211 0.0691252 0.415556 0.654578 0.630089 0.379398 0.203445 0.648621 0.306578 0.127776 0.456577 0.625492 
60 47 26 64 37 
0.950099 0.178828 0.799511 0.100966 0.879275 0.460195 0.738281 0.537547 0.0782001 0.946726 0.273967 0.0777445 0.828813 0.750516 0.133366 0.897939 0.166072 0.787944 0.528027 0.54547 0.991388 0.176649 0.852048 0.119164 0.633226 0.47754 0.314516 0.722135 0.872973 0.16177 0.545518 0.823072 
61 37 12 32 66 
0.805223 0.662319 0.757421 0.883423 0.609045 0.0313877 0.961168 0.437858 0.781903 0.0945335 0.335797 0.947975 0.882477 0.863824 0.493446 0.873866 0.0404725 0.345494 0.99303 0.673698 0.823034 0.307546 0.395833 0.696007 0.469316 0.941351 0.519079 0.809915 0.28638 0.443116 0.029788 0.0916029 
62 29 7 31 49 
0.818596 0.936194 0.152337 0.6005 0.0307275 0.488134 0.548475 0.913205 0.351958 0.0419206 0.78707 0.39243 0.387414 0.7801 0.0661286 0.210448 0.0876454 0.461962 0.906456 0.556961 0.403313 0.425534 0.366876 0.689693 0.868651 0.396664 0.781296 0.974085 0.183873 0.756322 0.688564 0.00246908 
63 25 43 51 61 
0.151444 0.636448 0.680994 0.193364 0.423518 0.0734242 0.580779 0.203618 0.139553 0.791227 0.291263 0.601515 0.697683 0.848225 0.0048282 0.123217 0.215101 0.694521 0.991868 0.611765 0.475817 0.965953 0.795638 0.232139 0.654517 0.798107 0.924655 0.495419 0.401075 0.647898 0.824455 0.552519 
64 3 7 67 59 
0.578873 0.326662 0.911483 0.718426 0.117889 0.202746 0.319941 0.815572 0.0509709 0.324769 0.938789 0.266072 0.0192899 0.930656 0.877837 0.495107 0.896609 0.673474 0.727246 0.551126 0.471581 0.651901 0.0465452 0.872657 0.299799 0.871 0.425176 0.584146 0.376449 0.171059 0.292011 0.955321 
65 63 11 44 32 
0.406239 0.993688 0.431182 0.45721 0.318456 0.36997 0.723282 0.337746 0.300627 0.601119 0.832853 0.197236 0.274593 0.560099 0.748362 0.746174 0.212 0.794907 0.618831 0.511799 0.665907 0.0440066 0.0959454 0.0423558 0.215066 0.387956 0.997677 0.712787 0.591449 0.671424 0.328396 0.997689 
66 65 24 67 59 
0.129549 0.178181 0.321315 0.430175 0.7793 0.154168 0.627411 0.0538936 0.714267 0.375773 0.800068 0.926267 0.17068 0.418899 0.438066 0.836587 0.462906 0.534012 0.878943 0.677971 0.921968 0.87662 0.390758 0.513417 0.548045 0.719154 0.511106 0.213157 0.478732 0.966005 0.196725 0.608281 
67 33 62 41 9 
0.672208 0.665868 0.97738 0.386475 0.0416406 0.777448 0.312742 0.212321 0.196347 0.750808 0.0489081 0.659253 0.28482 0.927851 0.337224 0.206788 0.804472 0.727982 0.720205 0.352516 0.447136 0.231311 0.565673 0.925869 0.197317 0.762398 0.53415 0.341503 0.280438 0.572606 0.26499 0.952646 
68 36 54 43 29 
0.0198185 0.651863 0.492435 0.216166 0.402671 0.541343 0.875419 0.687492 0.469195 0.212643 0.89428 0.273666 0.940626 0.614485 0.626183 0.387762 0.845797 0.191856 0.313631 0.0431133 0.954254 0.847781 0.384616 0.234693 0.420387 0.649606 0.187339 0.658861 0.891976 0.52646 0.938976 0.911795 
