90 2
0 0 1 1 1 1 1 1 1 1 0 1 1 0 1 1 0 1 1 1 0 1 1 0 0 0 0 0 1 1 1 0 1 1 0 1 1 0 1 0 1 1 0 1 0 0 1 1 0 1 0 0 1 0 1 0 0 0 0 0 0 0 0 0 0 1 0 0 1 1 1 1 1 0 1 0 0 0 0 1 0 1 0 1 1 0 0 0 1 1 
0 74 
0.390098 0.535106 0.0245497 0.0550205 
1 50 
0.824292 0.152196 0.130672 0.175802 
2 27 
0.402235 0.730058 0.0465332 0.437001 
3 62 
0.0629255 0.335613 0.330353 0.624181 
4 69 
0.903491 0.439164 0.161446 0.100988 
5 46 
0.98908 0.229664 0.780074 0.138463 
6 83 
0.739697 0.528561 0.816912 0.764246 
7 38 
0.868738 0.588539 0.735778 0.99941 
8 49 
0.35563 0.401645 0.494398 0.402163 
9 49 
0.573488 0.465089 0.174259 0.90384 
10 73 
0.179654 0.807331 0.528433 0.3411 
11 39 
0.773695 0.33018 0.137984 0.553769 
12 30 
0.419789 0.293465 0.997204 0.236701 
13 40 
0.580785 0.10544 0.64625 0.316563 
14 41 
0.410591 0.672193 0.506494 0.904989 
15 13 
0.34514 0.478476 0.539445 0.519399 
16 24 
0.628714 0.699053 0.189648 0.157147 
17 71 
0.0979669 0.930842 0.370333 0.235951 
18 56 
0.838976 0.65574 0.778076 0.83618 
19 8 
0.835787 0.416965 0.997881 0.482037 
20 56 
0.10273 0.892628 0.405721 0.609225 
21 53 
0.480077 0.954365 0.276093 0.0195212 
22 8 
0.65841 0.648235 0.172817 0.848058 
23 36 
0.21297 0.946025 0.736224 0.583303 
24 86 
0.220834 0.422279 0.837715 0.99891 
25 3 
0.730156 0.834697 0.675424 0.728037 
26 61 
0.408952 0.830767 0.209362 0.814673 
27 21 
0.00697888 0.29475 0.394356 0.283072 
28 4 
0.86812 0.941483 0.962506 0.0409363 
29 70 
0.767888 0.253906 0.735566 0.504112 
30 54 
0.917541 0.724946 0.259489 0.755256 
31 3 
0.517948 0.485412 0.558553 0.193372 
32 2 
0.875287 0.602325 0.0442158 0.0846487 
33 63 
0.484207 0.0916276 0.711747 0.878563 
34 50 
0.0260184 0.746683 0.316182 0.988525 
35 67 
0.105723 0.756413 0.0415256 0.841289 
36 84 
0.878735 0.758829 0.985472 0.138224 
37 3 
0.709328 0.656172 0.999498 0.267881 
38 78 
0.212947 0.143167 0.451869 0.257162 
39 45 
0.868867 0.74137 0.319444 0.580615 
40 20 
0.694144 0.606633 0.366616 0.0103261 
41 69 
0.154235 0.116049 0.351571 0.195761 
42 6 
0.612096 0.0744958 0.716167 0.597568 
43 49 
0.230253 0.306896 0.868892 0.22975 
44 84 
0.718437 0.442697 0.717944 0.170307 
45 12 
0.94576 0.0391737 0.441229 0.265203 
46 2 
0.0611618 0.959347 0.226421 0.427777 
47 19 
0.821579 0.582012 0.0857223 0.173149 
48 78 
0.0430601 0.785245 0.852269 0.759227 
49 3 
0.0649886 0.98948 0.689708 0.933881 
50 0 
0.264485 0.652318 0.661928 0.982428 
51 1 
0.361787 0.928188 0.861798 0.803016 
52 64 
0.481587 0.864178 0.152739 0.708008 
53 87 
0.122412 0.529587 0.873967 0.208134 
54 36 
0.65174 0.251194 0.487981 0.504009 
55 77 
0.870794 0.568998 0.999902 0.560503 
56 86 
0.219132 0.824987 0.155197 0.88106 
57 75 
0.977821 0.242847 0.735604 0.83962 
58 64 
0.928995 0.321206 0.91004 0.081734 
59 74 
0.201995 0.204146 0.558801 0.0759624 
60 26 
0.261537 0.727703 0.663474 0.749518 
61 88 
0.673896 0.620312 0.800709 0.673797 
62 46 
0.303588 0.89293 0.00580144 0.458784 
63 21 
0.813217 0.436606 0.0168361 0.548821 
64 53 
0.0626986 0.477816 0.597432 0.972739 
65 61 
0.626646 0.174734 0.763696 0.185446 
66 12 
0.175976 0.446983 0.978399 0.83945 
67 87 
0.21011 0.513346 0.816812 0.0108196 
68 20 
0.997627 0.314407 0.0800725 0.00342798 
69 88 
0.854062 0.816645 0.209797 0.870898 
70 10 
0.486023 0.933597 0.843282 0.0834541 
71 44 
0.402832 0.7101 0.0810689 0.166528 
72 86 
0.331765 0.342503 0.342529 0.310164 
73 48 
0.53903 0.520274 0.695299 0.355842 
74 29 
0.882442 0.353468 0.845501 0.962514 
75 6 
0.618693 0.816576 0.173541 0.82849 
76 78 
0.539007 0.314513 0.621071 0.382289 
77 58 
0.527406 0.785121 0.108067 0.608475 
78 13 
0.00361271 0.94024 0.294152 0.346142 
79 80 
0.476105 0.885171 0.770678 0.171404 
80 70 
0.301772 0.0538453 0.594482 0.147273 
81 62 
0.951378 0.765966 0.832936 0.12492 
82 40 
0.52041 0.663927 0.908969 0.141481 
83 65 
0.306936 0.668887 0.831336 0.415003 
84 6 
0.782984 0.418615 0.217601 0.0771359 
85 81 
0.468005 0.553241 0.649928 0.238683 
86 80 
0.890942 0.540455 0.77849 0.485423 
87 35 
0.794849 0.436801 0.453694 0.627785 
88 29 
0.0481502 0.148195 0.225648 0.957119 
89 64 
0.271863 0.264055 0.958562 0.103199 
