50 7
1 0 1 0 0 1 1 1 1 1 0 0 1 0 1 1 1 0 0 0 0 0 1 0 1 0 0 1 1 0 1 1 1 1 0 0 0 0 1 0 1 0 1 1 1 1 0 1 0 1 
0 25 9 21 4 24 7 
0.288141 0.721287 0.721672 0.9683 0.116267 0.822182 0.83599 0.0291651 0.330966 0.497426 0.181532 0.551098 0.551993 0.0836881 0.0767007 0.757001 0.388181 0.958807 0.782946 0.39472 0.665917 0.805891 0.907944 0.214123 0.141801 0.431472 0.424843 0.97851 0.834224 0.417926 0.368469 0.122365 0.139212 0.0901405 0.0906648 0.255479 0.912322 0.926655 0.284644 0.243289 0.424081 0.466176 0.794387 0.976074 0.549864 0.871087 0.733075 0.938045 0.829894 0.516021 0.332764 0.495812 0.321912 0.240708 0.709935 0.463713 0.67218 0.134777 0.442224 0.506404 0.552703 0.810692 0.628769 0.691915 0.900833 0.719434 0.947394 0.813155 0.646089 0.232038 0.0564435 0.0701706 0.698213 0.85083 0.0462446 0.248077 0.721918 0.779319 0.186122 0.551812 0.29534 0.518886 0.0476238 0.617253 0.759594 0.757558 0.0809661 0.431774 0.892335 0.52319 0.938178 0.445038 0.333882 0.566948 0.136953 0.234715 0.286382 0.0843472 0.0478697 0.932471 0.316385 0.104313 0.00264181 0.0145985 0.955144 0.0488865 0.262676 0.677061 0.828206 0.448797 0.228873 0.123546 0.967683 0.276497 0.740799 0.727277 0.0340556 0.821765 0.159051 0.926391 0.344955 0.0972297 0.371429 0.678837 0.664177 0.508383 0.913551 0.95056 
1 44 15 33 43 31 39 
0.0208779 0.934559 0.186389 0.697939 0.762765 0.635186 0.926813 0.886311 0.60287 0.20331 0.627109 0.330147 0.237365 0.448874 0.489198 0.163757 0.793829 0.586428 0.535186 0.472666 0.250606 0.0435686 0.386217 0.201165 0.636299 0.347638 0.0841958 0.545413 0.413372 0.969868 0.469127 0.43425 0.904427 0.655516 0.13219 0.667192 0.290702 0.0590022 0.553503 0.893572 0.262312 0.180612 0.223719 0.499677 0.629487 0.712917 0.663434 0.423316 0.299345 0.19862 0.895981 0.549951 0.242188 0.282198 0.751116 0.878487 0.629836 0.835312 0.4239 0.0432087 0.80518 0.893027 0.477459 0.709608 0.548543 0.609649 0.3768 0.839246 0.668651 0.930303 0.732818 0.930963 0.110915 0.956537 0.43064 0.740402 0.669454 0.0940743 0.163717 0.9688 0.292694 0.0596985 0.518751 0.534883 0.341897 0.269867 0.41337 0.971733 0.105179 0.83727 0.0149415 0.910359 0.730298 0.492401 0.619967 0.278841 0.102049 0.996767 0.118087 0.7707 0.92707 0.850905 0.701663 0.0379846 0.807441 0.132303 0.778386 0.476896 0.226377 0.942104 0.445695 0.519071 0.00180207 0.964446 0.053954 0.343699 0.234313 0.467324 0.315431 0.339492 0.304594 0.330373 0.249851 0.0348912 0.822774 0.869818 0.313732 0.924823 
2 29 26 31 0 10 32 
0.529488 0.610025 0.567061 0.755865 0.552129 0.0127562 0.274936 0.553931 0.977202 0.32889 0.897629 0.211515 0.796214 0.213061 0.551007 0.100808 0.543434 0.800858 0.135699 0.366208 0.670676 0.449431 0.29103 0.537261 0.88125 0.986553 0.330915 0.163974 0.383738 0.162554 0.254139 0.913226 0.772579 0.8212 0.669091 0.324708 0.833956 0.944027 0.878639 0.811158 0.272918 0.776268 0.0226737 0.069132 0.989329 0.573681 0.16994 0.532763 0.374539 0.305639 0.898971 0.0452153 0.75507 0.190001 0.582476 0.63632 0.176554 0.913391 0.800294 0.560292 0.0759456 0.0544328 0.473517 0.848525 0.875633 0.142608 0.173233 0.709588 0.0866358 0.0518716 0.520747 0.359554 0.82814 0.54342 0.428686 0.817469 0.117101 0.598626 0.350232 0.49164 0.904264 0.249203 0.536856 0.659334 0.439204 0.119332 0.295654 0.615758 0.0327235 0.0959482 0.17605 0.108669 0.150381 0.649567 0.957194 0.0260135 0.792175 0.130427 0.735602 0.878811 0.182298 0.256349 0.238365 0.0104383 0.799769 0.667051 0.827907 0.91687 0.265676 0.17814 0.408511 0.169941 0.427343 0.945367 0.829275 0.866548 0.0646987 0.124929 0.482306 0.0974222 0.220877 0.658355 0.206091 0.371258 0.307922 0.163285 0.397272 0.100097 
3 42 29 27 45 41 32 
0.486448 0.188992 0.884324 0.314356 0.105862 0.15 0.492496 0.514373 0.319941 0.919839 0.45974 0.149215 0.786387 0.524438 0.274144 0.268692 0.62186 0.495022 0.927047 0.827952 0.86628 0.234969 0.991237 0.263552 0.335066 0.284949 0.396425 0.313975 0.760959 0.785648 0.531248 0.247407 0.974639 0.415572 0.561763 0.0805013 0.565572 0.0542589 0.594874 0.885512 0.974098 0.0546138 0.0347274 0.760485 0.579052 0.308872 0.029177 0.200912 0.803893 0.956224 0.028864 0.670173 0.191194 0.0201008 0.933725 0.52626 0.305049 0.33015 0.840235 0.0660082 0.115798 0.371483 0.313415 0.0904369 0.787054 0.875178 0.170938 0.352626 0.929437 0.765812 0.238138 0.903535 0.820426 0.272866 0.66402 0.399478 0.581737 0.693197 0.600391 0.385631 0.649421 0.629255 0.0558036 0.840615 0.649355 0.989528 0.366875 0.954405 0.319678 0.20711 0.0204131 0.435476 0.578593 0.333828 0.525913 0.365647 0.209007 0.696851 0.718273 0.138444 0.462663 0.956412 0.0419795 0.28309 0.229277 0.706 0.682568 0.811015 0.399197 0.282958 0.196645 0.0486183 0.912213 0.252449 0.889233 0.561568 0.241977 0.256109 0.515973 0.561655 0.463219 0.536386 0.997131 0.0418119 0.870215 0.523043 0.407459 0.0792217 
4 24 11 37 49 19 7 
0.965647 0.311422 0.965645 0.648215 0.122437 0.364842 0.931173 0.319082 0.41346 0.843386 0.571531 0.302693 0.404954 0.813508 0.558802 0.920928 0.375163 0.0220211 0.457314 0.372294 0.063833 0.327529 0.895337 0.471292 0.406751 0.115231 0.597025 0.624416 0.797789 0.67917 0.884062 0.763436 0.990592 0.849707 0.41165 0.113028 0.214548 0.342823 0.43211 0.628008 0.186209 0.0036413 0.930702 0.591164 0.817149 0.489504 0.512091 0.192313 0.511525 0.969405 0.564607 0.575358 0.296934 0.459944 0.0466503 0.703685 0.575175 0.643675 0.328101 0.372964 0.322845 0.212163 0.136399 0.313437 0.0618697 0.54805 0.426465 0.276418 0.890873 0.858575 0.904427 0.0770819 0.862216 0.835128 0.668245 0.679366 0.324632 0.180337 0.871678 0.836157 0.149742 0.436285 0.411515 0.446676 0.896229 0.458166 0.150361 0.471404 0.101841 0.478462 0.844368 0.424686 0.690625 0.980767 0.738123 0.752495 0.528817 0.164587 0.0289132 0.41969 0.0231625 0.93334 0.496772 0.885379 0.768468 0.165017 0.564745 0.0931003 0.345354 0.436423 0.929258 0.495096 0.872708 0.340773 0.941772 0.768937 0.798938 0.0921334 0.240341 0.900779 0.570596 0.0847093 0.325465 0.261221 0.0654767 0.0635877 0.0137164 0.594294 
5 14 4 25 42 23 24 
0.136716 0.744437 0.675772 0.701461 0.837538 0.021126 0.137884 0.766795 0.516222 0.0105926 0.107568 0.457994 0.77953 0.906506 0.550127 0.0198712 0.807286 0.120723 0.104581 0.132751 0.381945 0.170057 0.196339 0.395661 0.764351 0.424514 0.438291 0.778334 0.675851 0.41426 0.28909 0.812568 0.158697 0.964862 0.514029 0.996235 0.985988 0.651913 0.76303 0.50221 0.662506 0.870598 0.960204 0.442036 0.777105 0.510331 0.461907 0.58439 0.631055 0.566487 0.717141 0.0129992 0.736545 0.91348 0.40866 0.500896 0.337993 0.846951 0.27923 0.0138444 0.261211 0.56832 0.826412 0.419908 0.533182 0.340441 0.416143 0.51917 0.992354 0.179173 0.0213792 0.65486 0.0497718 0.981583 0.0968954 0.826877 0.491914 0.558802 0.411267 0.122969 0.12529 0.128408 0.135968 0.861835 0.0418878 0.544628 0.36273 0.379881 0.391579 0.641961 0.393725 0.65279 0.210281 0.220138 0.0726975 0.743462 0.560578 0.488841 0.262632 0.552932 0.668014 0.284011 0.207792 0.717786 0.265594 0.304687 0.544662 0.757509 0.86349 0.955929 0.880478 0.988779 0.0843375 0.0164459 0.850614 0.126225 0.561074 0.213344 0.506106 0.952653 0.855305 0.899832 0.605443 0.0655858 0.119969 0.67814 0.809048 0.680548 
6 46 32 29 40 21 38 
0.552781 0.621285 0.745959 0.0974429 0.378794 0.609449 0.0533723 0.259271 0.598228 0.13771 0.275717 0.448842 0.263935 0.836791 0.662187 0.770042 0.789445 0.517492 0.669873 0.394887 0.583078 0.789843 0.0730277 0.392126 0.470391 0.240009 0.463806 0.703871 0.0750033 0.819497 0.145143 0.627784 0.440782 0.891102 0.725227 0.819576 0.500551 0.778599 0.0788474 0.0987792 0.916309 0.354565 0.547622 0.180244 0.191356 0.209808 0.950285 0.980801 0.7273 0.620159 0.375688 0.310378 0.410002 0.448716 0.702504 0.880392 0.688725 0.16631 0.584263 0.763728 0.985807 0.729406 0.391512 0.426589 0.620507 0.116738 0.246165 0.121058 0.895337 0.325013 0.219838 0.811646 0.679577 0.767459 0.99189 0.870933 0.977267 0.942176 0.851734 0.704568 0.562334 0.227423 0.0149457 0.972336 0.676139 0.71745 0.852729 0.364863 0.88376 0.436992 0.128591 0.869566 0.166397 0.520103 0.296156 0.786905 0.636841 0.542321 0.907963 0.532179 0.867333 0.127801 0.343825 0.546911 0.89526 0.335715 0.417844 0.872527 0.27789 0.269578 0.577095 0.840225 0.497001 0.592041 0.812561 0.17314 0.30949 0.66529 0.538003 0.19325 0.102281 0.666594 0.0628161 0.268679 0.186697 0.358972 0.0555834 0.823538 
7 13 30 1 16 6 39 
0.315536 0.986607 0.0352561 0.733381 0.859134 0.313146 0.00295904 0.436229 0.153371 0.49996 0.0282694 0.965932 0.6731 0.33776 0.631222 0.211103 0.531009 0.733503 0.877697 0.593825 0.00218193 0.0643937 0.952797 0.0577654 0.887932 0.85409 0.0213119 0.243649 0.622715 0.112659 0.94319 0.938252 0.099266 0.978446 0.671633 0.9584 0.291592 0.674592 0.394629 0.444964 0.174552 0.422898 0.410896 0.847651 0.760658 0.0421176 0.0587542 0.291667 0.775621 0.936451 0.885493 0.777803 0.000844766 0.83829 0.835568 0.888777 0.69238 0.85688 0.132425 0.315095 0.969539 0.075615 0.253347 0.0688052 0.0540609 0.92498 0.0272053 0.345653 0.599571 0.421834 0.790617 0.774123 0.844733 0.201512 0.621775 0.605391 0.24363 0.680529 0.897058 0.019251 0.61698 0.782551 0.797054 0.617825 0.620841 0.632622 0.506601 0.313221 0.489502 0.639026 0.628316 0.459041 0.714641 0.881663 0.527846 0.768702 0.806643 0.555052 0.114355 0.406214 0.976886 0.904972 0.180337 0.821619 0.106485 0.802112 0.42701 0.350115 0.482641 0.324068 0.369366 0.0996205 0.106619 0.166419 0.717445 0.72746 0.799041 0.224046 0.0406807 0.288543 0.863073 0.668997 0.747585 0.577714 0.55066 0.275431 0.346416 0.357302 
8 3 43 17 23 14 36 
0.472228 0.745965 0.055997 0.822343 0.228606 0.380065 0.191709 0.328226 0.486684 0.358128 0.0456714 0.214144 0.157169 0.269718 0.254825 0.445713 0.13279 0.923821 0.193297 0.710504 0.474481 0.468728 0.0569204 0.831783 0.299211 0.517692 0.595299 0.106579 0.883436 0.539153 0.735567 0.355664 0.285118 0.791564 0.178007 0.513724 0.171629 0.369715 0.84195 0.658312 0.727843 0.887622 0.872456 0.885013 0.15734 0.127281 0.330725 0.29013 0.0511023 0.524023 0.000634166 0.525583 0.992751 0.0575546 0.357366 0.291961 0.575246 0.952665 0.398541 0.458682 0.491818 0.134107 0.814346 0.776936 0.925671 0.992353 0.290661 0.0972995 0.362068 0.132611 0.755612 0.089911 0.0202327 0.628068 0.974924 0.177572 0.755349 0.305649 0.467702 0.806452 0.829671 0.468336 0.332035 0.822422 0.525891 0.689401 0.114383 0.101137 0.642066 0.512924 0.559819 0.133885 0.647032 0.374165 0.910821 0.572703 0.366518 0.201482 0.670002 0.728586 0.334093 0.425614 0.818497 0.354325 0.0536823 0.79342 0.531898 0.809032 0.0990688 0.9996 0.615483 0.92874 0.467936 0.947518 0.751162 0.993827 0.636919 0.865546 0.0949642 0.278985 0.37847 0.654784 0.412869 0.0255015 0.0289488 0.323691 0.598204 0.395466 
9 17 42 31 40 2 3 
0.21359 0.747502 0.735969 0.745488 0.556534 0.835038 0.745087 0.172017 0.763778 0.213023 0.119535 0.51494 0.20685 0.756454 0.380485 0.301814 0.0354384 0.758955 0.956598 0.448308 0.784457 0.985547 0.771998 0.382661 0.381013 0.297171 0.650867 0.505065 0.156435 0.344687 0.447614 0.370025 0.0921896 0.183582 0.115513 0.648724 0.01862 0.8606 0.820741 0.782398 0.0736232 0.940276 0.297337 0.280473 0.696729 0.677823 0.582288 0.732168 0.436778 0.538886 0.180475 0.221235 0.524432 0.952474 0.603896 0.905445 0.249644 0.254763 0.410511 0.406079 0.59945 0.858124 0.776105 0.691639 0.0417069 0.891617 0.340363 0.0603269 0.752217 0.161104 0.842725 0.82584 0.101379 0.140062 0.106314 0.798109 0.817885 0.688601 0.530276 0.254663 0.227487 0.710752 0.475898 0.751919 0.663225 0.0797931 0.657364 0.912869 0.334556 0.0678751 0.318949 0.934005 0.925999 0.0950535 0.625645 0.967706 0.986671 0.966008 0.0280333 0.738888 0.127111 0.870758 0.564728 0.228491 0.0108198 0.671042 0.0265992 0.828705 0.359643 0.556875 0.0833674 0.58713 0.267627 0.559265 0.339049 0.930852 0.639058 0.996414 0.843722 0.973614 0.064289 0.16267 0.907619 0.990289 0.257724 0.533264 0.957995 0.244395 
10 45 38 48 28 49 27 
0.854873 0.867606 0.219053 0.881472 0.696311 0.578697 0.438347 0.779678 0.165827 0.705974 0.338943 0.504876 0.636826 0.978001 0.50129 0.480548 0.951615 0.565579 0.643218 0.859233 0.555868 0.900942 0.392497 0.513863 0.145337 0.891768 0.499891 0.128619 0.51815 0.356677 0.676631 0.373023 0.224283 0.895684 0.254495 0.920594 0.474381 0.692843 0.700271 0.640208 0.398817 0.0392143 0.145084 0.0356434 0.0172152 0.646375 0.516191 0.96883 0.211954 0.159409 0.828063 0.767822 0.0603515 0.22056 0.281685 0.205688 0.112328 0.781576 0.334308 0.630479 0.138253 0.0109384 0.00350218 0.362536 0.906622 0.257998 0.28313 0.381003 0.95084 0.983401 0.0212106 0.349658 0.0226153 0.166295 0.385301 0.0398305 0.812669 0.901492 0.00866032 0.0246234 0.0609014 0.836724 0.792445 0.121253 0.0572839 0.0741302 0.326941 0.169612 0.855706 0.661249 0.800091 0.993959 0.672187 0.803593 0.356495 0.57881 0.0615909 0.639625 0.959812 0.0124314 0.623026 0.981023 0.362089 0.645641 0.147318 0.74739 0.685471 0.959987 0.648882 0.694132 0.984611 0.709783 0.530855 0.777056 0.831036 0.588139 0.851186 0.157977 0.757752 0.706892 0.819226 0.557843 0.700852 0.491414 0.361436 0.0573467 0.0702231 0.423027 
11 45 4 0 36 46 41 
0.544937 0.651109 0.118364 0.193819 0.345241 0.102974 0.903602 0.876097 0.88003 0.734639 0.464236 0.731217 0.892616 0.221988 0.438109 0.711842 0.77983 0.138961 0.203256 0.141266 0.196307 0.273479 0.564293 0.893279 0.303514 0.999752 0.213276 0.314573 0.797299 0.178913 0.47295 0.342236 0.830023 0.591313 0.536055 0.175264 0.694287 0.439657 0.0513609 0.574318 0.174296 0.515597 0.305534 0.066912 0.737584 0.743643 0.778754 0.517415 0.882604 0.98201 0.658681 0.0789112 0.255489 0.222974 0.97219 0.559003 0.222726 0.185465 0.873576 0.0200253 0.364379 0.346526 0.362261 0.194402 0.937839 0.898317 0.369666 0.632127 0.337974 0.421027 0.206444 0.51227 0.936624 0.511979 0.579182 0.674208 0.255622 0.357936 0.191623 0.138226 0.339946 0.850304 0.217138 0.595435 0.0732784 0.189327 0.154438 0.296005 0.374793 0.0280146 0.31603 0.739171 0.37454 0.678291 0.933573 0.312379 0.576608 0.303239 0.944506 0.914582 0.724265 0.15095 0.426852 0.660889 0.662929 0.00603401 0.335097 0.918551 0.36397 0.52672 0.0567777 0.703916 0.377024 0.273915 0.299351 0.450302 0.463243 0.45379 0.746307 0.838035 0.481804 0.0623366 0.577206 0.856345 0.740628 0.510779 0.168724 0.317236 
12 40 41 6 7 34 33 
0.199172 0.92711 0.664704 0.534269 0.845661 0.028674 0.0609893 0.902439 0.73259 0.438013 0.176354 0.0319418 0.888315 0.639597 0.485731 0.634622 0.477632 0.967536 0.696958 0.0548381 0.823881 0.437586 0.565617 0.992605 0.754822 0.379635 0.105835 0.98664 0.917919 0.370016 0.64531 0.117091 0.297126 0.310013 0.651361 0.142787 0.338687 0.71235 0.0452261 0.0712778 0.150363 0.22158 0.10322 0.0386779 0.861177 0.588951 0.6733 0.338809 0.556487 0.370258 0.393647 0.380367 0.807845 0.959264 0.372972 0.562667 0.3389 0.478808 0.549307 0.256818 0.848824 0.194617 0.373909 0.14595 0.50463 0.0252698 0.288737 0.843318 0.73762 0.333963 0.914595 0.887982 0.555543 0.0178148 0.92666 0.41672 0.606766 0.59996 0.755529 0.163253 0.970219 0.149176 0.54362 0.778063 0.108441 0.916593 0.34073 0.44734 0.3954 0.890037 0.704158 0.244224 0.0846538 0.0780677 0.390174 0.589284 0.103338 0.678911 0.432601 0.840957 0.0128735 0.347197 0.72894 0.568417 0.365012 0.6556 0.985137 0.971777 0.25556 0.740666 0.13503 0.225779 0.889843 0.67865 0.00384205 0.998283 0.595243 0.344572 0.445623 0.990643 0.234609 0.149782 0.234867 0.319263 0.227849 0.625041 0.908547 0.331187 
13 34 6 19 35 40 20 
0.0533572 0.556684 0.870379 0.0251346 0.812244 0.611045 0.160165 0.0380228 0.500888 0.838815 0.0418649 0.499171 0.434057 0.386437 0.944795 0.4247 0.621047 0.0945765 0.659567 0.94031 0.322426 0.284609 0.848857 0.653613 0.58856 0.190006 0.825757 0.905385 0.878352 0.726841 0.790627 0.931709 0.283525 0.661006 0.956843 0.0957686 0.272052 0.117008 0.133791 0.77294 0.955823 0.175656 0.272111 0.38988 0.562093 0.216906 0.81458 0.18314 0.311482 0.474148 0.12345 0.633908 0.758756 0.972307 0.287521 0.347316 0.162313 0.113278 0.252702 0.0406649 0.840119 0.043329 0.972374 0.123643 0.704335 0.929217 0.219412 0.976387 0.0462248 0.353203 0.749327 0.00204734 0.52886 0.0214375 0.391927 0.0909531 0.238343 0.206507 0.274093 0.549825 0.680655 0.397543 0.183733 0.439411 0.369851 0.471254 0.786727 0.532164 0.584532 0.0394292 0.572829 0.424651 0.0827582 0.545202 0.548294 0.787094 0.474419 0.767706 0.76348 0.520644 0.120909 0.512807 0.522691 0.649769 0.534245 0.914619 0.740722 0.772588 0.121126 0.0148148 0.322413 0.801781 0.412358 0.506146 0.241192 0.782209 0.9774 0.0279196 0.314373 0.561932 0.0673488 0.887201 0.986583 0.150107 0.432404 0.534876 0.937201 0.906823 
14 38 17 26 9 30 25 
0.747733 0.864777 0.813981 0.52032 0.985903 0.828796 0.842733 0.787684 0.241154 0.348879 0.0288762 0.0233627 0.32628 0.0567957 0.337735 0.888212 0.124144 0.224937 0.874794 0.274252 0.65734 0.409671 0.211452 0.564163 0.712253 0.912133 0.99163 0.135744 0.125621 0.941789 0.209003 0.873354 0.806566 0.0229845 0.393674 0.792469 0.851781 0.236407 0.580153 0.0929346 0.585287 0.60903 0.116297 0.911566 0.665825 0.454032 0.799778 0.78997 0.678969 0.674572 0.0642212 0.336309 0.0842427 0.275673 0.900472 0.796495 0.187806 0.892103 0.932239 0.313427 0.833892 0.141243 0.186781 0.640458 0.164227 0.580455 0.432927 0.0160076 0.816863 0.0130802 0.108942 0.402149 0.62211 0.225239 0.313716 0.287935 0.679272 0.113493 0.0779046 0.358241 0.788065 0.142126 0.69455 0.872308 0.417799 0.595022 0.668804 0.605605 0.487125 0.601043 0.919033 0.321017 0.742285 0.105814 0.961474 0.906513 0.686269 0.394401 0.92252 0.503132 0.407481 0.0314622 0.905281 0.0295908 0.256702 0.218997 0.317526 0.935973 0.33249 0.39543 0.294214 0.120555 0.537556 0.988764 0.992864 0.955355 0.583787 0.661667 0.560961 0.0709117 0.26271 0.479994 0.391928 0.00499556 0.585808 0.353402 0.911508 0.272077 
15 30 32 5 6 8 49 
0.184875 0.122192 0.899486 0.502401 0.0581655 0.231976 0.897831 0.35238 0.352531 0.435388 0.341144 0.345395 0.390743 0.924931 0.00706235 0.951704 0.995843 0.269772 0.431698 0.387771 0.274768 0.0175056 0.741173 0.186276 0.289583 0.488977 0.0203043 0.0647912 0.644261 0.885795 0.745281 0.829137 0.00798669 0.644767 0.331538 0.0661522 0.876743 0.229369 0.418532 0.229275 0.664757 0.759676 0.57467 0.0554999 0.684607 0.581732 0.00720394 0.68045 0.851504 0.438902 0.0682207 0.126273 0.456407 0.809394 0.312549 0.74599 0.298371 0.332853 0.810781 0.942632 0.218648 0.556062 0.771769 0.226634 0.200829 0.103306 0.292786 0.0775719 0.332675 0.711319 0.306846 0.997432 0.470995 0.881516 0.0529321 0.155602 0.463248 0.060136 0.836052 0.314753 0.499038 0.904272 0.441025 0.955445 0.713666 0.753574 0.701435 0.0120371 0.0864267 0.512216 0.954669 0.305074 0.0682779 0.726438 0.531709 0.269107 0.829744 0.824495 0.346679 0.162419 0.535814 0.653525 0.159851 0.00680837 0.535041 0.212783 0.16241 0.998289 0.272919 0.998462 0.313042 0.771957 0.902734 0.754067 0.727402 0.616401 0.507641 0.428837 0.628438 0.594067 0.941053 0.583107 0.899142 0.00933114 0.309544 0.43085 0.278438 0.139288 
16 34 19 23 18 11 22 
0.813683 0.674343 0.960378 0.811972 0.947262 0.95884 0.125014 0.719219 0.861574 0.879081 0.446622 0.477974 0.386722 0.875459 0.106412 0.980789 0.816512 0.689519 0.879931 0.825843 0.999063 0.310781 0.104281 0.138352 0.566127 0.729398 0.440059 0.357286 0.00803923 0.901618 0.155253 0.821722 0.575961 0.115631 0.633694 0.523223 0.0744707 0.758708 0.242442 0.936044 0.637789 0.689064 0.414019 0.0245112 0.564523 0.520431 0.00530053 0.381035 0.209949 0.885232 0.206878 0.209013 0.196013 0.311159 0.347364 0.76214 0.0405563 0.787424 0.119426 0.0485955 0.689042 0.274679 0.870318 0.265003 0.390311 0.504012 0.788226 0.464781 0.26272 0.0306684 0.400826 0.90051 0.719732 0.814845 0.925021 0.284255 0.335275 0.930321 0.665289 0.545225 0.815553 0.872167 0.754237 0.0115661 0.183326 0.101601 0.773706 0.223882 0.889025 0.893132 0.272478 0.578067 0.167812 0.142795 0.84307 0.558122 0.646807 0.631296 0.0229035 0.909527 0.661964 0.423729 0.810037 0.381696 0.238574 0.735058 0.665951 0.573849 0.665379 0.331241 0.119074 0.480933 0.203408 0.873311 0.492499 0.386733 0.974912 0.266205 0.610615 0.863937 0.159337 0.883093 0.442004 0.327148 0.025888 0.285073 0.88527 0.672695 
17 9 2 47 48 4 25 
0.96003 0.570477 0.127318 0.625981 0.144326 0.792697 0.957221 0.2634 0.27363 0.160629 0.136711 0.766128 0.547362 0.111623 0.0323329 0.157978 0.975559 0.19167 0.0410705 0.417563 0.518818 0.0669585 0.702636 0.404089 0.739654 0.619005 0.312263 0.321876 0.197339 0.644166 0.714136 0.157368 0.214643 0.841453 0.783349 0.358969 0.63415 0.740571 0.622369 0.90778 0.9012 0.75908 0.673908 0.448562 0.870703 0.706241 0.60654 0.846262 0.89791 0.64761 0.263825 0.416729 0.714569 0.966461 0.820817 0.454222 0.585467 0.13308 0.776099 0.782805 0.777246 0.490234 0.940174 0.991889 0.331687 0.723523 0.350858 0.965837 0.464094 0.973227 0.873617 0.365293 0.732307 0.547525 0.813855 0.60301 0.253765 0.420395 0.449271 0.151676 0.0680053 0.713096 0.568404 0.782574 0.679558 0.389222 0.236796 0.265024 0.522301 0.012895 0.0478297 0.299547 0.503129 0.988003 0.291435 0.834816 0.711526 0.642293 0.800654 0.17562 0.61552 0.674271 0.540913 0.347827 0.221795 0.354769 0.950837 0.475561 0.775164 0.400108 0.627237 0.843169 0.113205 0.195641 0.625743 0.792763 0.584863 0.86254 0.0577869 0.107164 0.875435 0.105617 0.406711 0.378564 0.0936199 0.698146 0.21338 0.805146 
18 26 19 41 0 39 42 
0.9101 0.876449 0.254623 0.38566 0.651613 0.654732 0.012897 0.494782 0.767937 0.208538 0.120525 0.560699 0.793401 0.983065 0.618486 0.900565 0.8585 0.724102 0.307275 0.237064 0.817722 0.00542106 0.450444 0.622869 0.34586 0.464478 0.603635 0.301819 0.152782 0.125314 0.605606 0.0628815 0.00176299 0.860229 0.448542 0.653375 0.514961 0.461439 0.148157 0.282898 0.669977 0.268682 0.843597 0.463378 0.251747 0.462083 0.363942 0.110247 0.186185 0.671218 0.347311 0.00390724 0.676639 0.797754 0.626776 0.0224987 0.262232 0.230411 0.324318 0.415014 0.355725 0.929924 0.477895 0.357488 0.790153 0.926437 0.0108634 0.305114 0.387876 0.159021 0.588012 0.0578527 0.427703 0.431609 0.52123 0.679451 0.893691 0.885173 0.789698 0.0798763 0.55639 0.137008 0.0837835 0.233029 0.934763 0.710559 0.255528 0.196995 0.94097 0.579846 0.612008 0.296695 0.50977 0.0899037 0.654183 0.299923 0.0163408 0.665046 0.605037 0.404217 0.824067 0.19305 0.462069 0.25177 0.624658 0.9833 0.931221 0.51835 0.868473 0.720918 0.598226 0.424863 0.857926 0.682009 0.657892 0.792689 0.392569 0.91342 0.989684 0.333538 0.493265 0.601692 0.630233 0.00303512 0.691596 0.284416 0.302958 0.707937 
19 21 10 37 9 40 36 
0.725704 0.557523 0.956519 0.244053 0.425995 0.677438 0.842279 0.850858 0.535364 0.524288 0.50875 0.328053 0.916857 0.42217 0.317737 0.250395 0.915435 0.919429 0.880629 0.91847 0.611025 0.165044 0.221429 0.318962 0.114506 0.129424 0.431115 0.888035 0.23047 0.00533826 0.913334 0.956173 0.562861 0.869853 0.200226 0.988856 0.547291 0.0425053 0.839715 0.0826546 0.566794 0.348465 0.410708 0.483651 0.770635 0.728445 0.734046 0.68607 0.647874 0.614675 0.604541 0.258899 0.779719 0.825969 0.577861 0.894225 0.955393 0.00897617 0.78226 0.185863 0.0143144 0.695594 0.142036 0.577175 0.565447 0.342262 0.566032 0.112738 0.384768 0.405746 0.195393 0.951561 0.754211 0.6061 0.435212 0.524846 0.334545 0.169258 0.210916 0.982419 0.783933 0.815456 0.241317 0.563652 0.641425 0.819178 0.457877 0.596819 0.828154 0.240137 0.782682 0.842469 0.935731 0.924718 0.419644 0.501178 0.26698 0.985676 0.613916 0.651748 0.391422 0.809309 0.60331 0.145633 0.415409 0.0385217 0.670478 0.749954 0.20778 0.881394 0.732373 0.991713 0.69685 0.97369 0.555365 0.338275 0.792868 0.0132415 0.935094 0.621022 0.253379 0.717776 0.463491 0.18911 0.642494 0.883135 0.690288 0.909474 
20 35 7 30 19 22 27 
0.405865 0.528923 0.203053 0.0763435 0.278877 0.410833 0.957737 0.0112494 0.402546 0.654587 0.984939 0.957911 0.992863 0.777807 0.971152 0.927957 0.39883 0.224531 0.645732 0.862321 0.413641 0.288226 0.745456 0.103929 0.1977 0.614267 0.408134 0.758922 0.8745 0.521647 0.923454 0.280365 0.0505701 0.126508 0.356708 0.329447 0.537341 0.314446 0.340696 0.939887 0.969033 0.325636 0.897798 0.961896 0.103443 0.86895 0.889852 0.502273 0.0934815 0.535585 0.364594 0.507122 0.823811 0.11005 0.611051 0.0215112 0.724317 0.0191852 0.780434 0.598817 0.540833 0.703888 0.879181 0.591403 0.830396 0.23589 0.92085 0.367737 0.550336 0.261546 0.307624 0.519369 0.587182 0.205422 0.481264 0.690625 0.0743723 0.371117 0.192898 0.167854 0.906702 0.557492 0.674976 0.730513 0.667542 0.286028 0.752024 0.391859 0.305213 0.532458 0.990675 0.846045 0.236345 0.869857 0.437448 0.0667409 0.105747 0.358297 0.434477 0.656082 0.619843 0.742101 0.175451 0.207025 0.947523 0.656715 0.89765 0.0218955 0.027832 0.0905476 0.189749 0.934534 0.648039 0.864725 0.665046 0.315581 0.150753 0.41707 0.70744 0.455966 0.949528 0.698115 0.302011 0.185873 0.567972 0.739459 0.252614 0.673719 
21 2 29 46 9 20 38 
0.924624 0.376716 0.161967 0.822274 0.398611 0.189799 0.912821 0.58836 0.124333 0.560861 0.453086 0.789379 0.876442 0.603839 0.206449 0.583882 0.0598043 0.155977 0.281998 0.361815 0.34185 0.84997 0.101274 0.594464 0.523689 0.19903 0.281555 0.85349 0.916629 0.710748 0.358741 0.841253 0.0874634 0.520708 0.663527 0.486075 0.710507 0.576348 0.0744351 0.83484 0.137209 0.527521 0.624219 0.0136511 0.13136 0.830668 0.597533 0.191164 0.986644 0.879531 0.552979 0.328494 0.7295 0.654253 0.922957 0.253189 0.853283 0.204512 0.106679 0.769912 0.91526 0.46542 0.611165 0.00272322 0.986128 0.274692 0.488798 0.696635 0.85104 0.563233 0.531475 0.988249 0.0907537 0.155694 0.00190037 0.222113 0.986361 0.599434 0.413277 0.973005 0.478964 0.966256 0.301499 0.208465 0.620509 0.224456 0.461654 0.473791 0.428969 0.568332 0.243703 0.344228 0.0337523 0.854868 0.346952 0.0198805 0.12956 0.835749 0.716516 0.9806 0.398982 0.247991 0.968849 0.489736 0.403685 0.97075 0.711849 0.390046 0.570183 0.125126 0.363051 0.0491474 0.0913825 0.66455 0.257612 0.711891 0.889007 0.719266 0.185683 0.317975 0.287598 0.429386 0.662204 0.32135 0.284254 0.00915542 0.341231 0.413814 
22 15 13 38 46 0 26 
0.334013 0.445473 0.0994688 0.904196 0.570599 0.46252 0.953343 0.661981 0.127071 0.210955 0.373873 0.0160774 0.930221 0.559555 0.334053 0.217819 0.988941 0.996257 0.539169 0.273195 0.00541198 0.8804 0.687009 0.850317 0.938147 0.0814222 0.0942041 0.243885 0.444685 0.827827 0.953308 0.778698 0.2733 0.0527768 0.682894 0.843899 0.515297 0.636237 0.50588 0.642368 0.847192 0.879753 0.658445 0.777413 0.439308 0.992498 0.995232 0.42825 0.988754 0.534402 0.701445 0.994166 0.414802 0.388453 0.844483 0.352949 0.469876 0.938687 0.596834 0.914561 0.766515 0.550142 0.693258 0.0398146 0.602919 0.376152 0.883713 0.118216 0.0123889 0.389594 0.760584 0.859581 0.269347 0.419029 0.636994 0.708655 0.411527 0.632226 0.136905 0.400281 0.166628 0.83835 0.394448 0.58143 0.226803 0.238931 0.934379 0.696679 0.177618 0.531213 0.611239 0.944133 0.0813555 0.304498 0.983948 0.684275 0.68065 0.867661 0.802491 0.693039 0.257255 0.563075 0.55262 0.526602 0.982104 0.189614 0.235257 0.39363 0.82184 0.372162 0.793912 0.988468 0.210512 0.188359 0.569897 0.437315 0.42729 0.504276 0.133994 0.604908 0.0354892 0.745233 0.549041 0.116845 0.0497307 0.532989 0.801119 0.730381 
23 6 38 21 15 30 1 
0.184506 0.148788 0.165653 0.419763 0.542419 0.987493 0.791925 0.33633 0.975961 0.0024369 0.524689 0.545858 0.439752 0.951979 0.0501345 0.573745 0.556888 0.0856238 0.318978 0.105929 0.202469 0.368709 0.638918 0.0035879 0.0990897 0.0395675 0.607198 0.522509 0.697472 0.773883 0.498549 0.881978 0.922671 0.664202 0.301741 0.46509 0.651695 0.0936666 0.80142 0.627656 0.0961035 0.326109 0.173515 0.535855 0.278089 0.223649 0.109601 0.834976 0.309273 0.428579 0.940905 0.511742 0.797288 0.579823 0.515329 0.896378 0.61939 0.122528 0.418887 0.316862 0.89641 0.917435 0.198841 0.819082 0.581637 0.500582 0.284172 0.233332 0.594249 0.0855917 0.860989 0.690352 0.411701 0.0345034 0.226207 0.68979 0.258153 0.335808 0.524766 0.567426 0.764387 0.465671 0.0791673 0.561675 0.0454939 0.594497 0.458053 0.664884 0.717024 0.87694 0.981747 0.613435 0.794375 0.180587 0.432517 0.376012 0.681169 0.716688 0.609344 0.275418 0.80228 0.470333 0.96577 0.213981 0.504837 0.191978 0.903771 0.762989 0.527786 0.428537 0.330415 0.292173 0.894208 0.409582 0.853848 0.939702 0.00407912 0.311901 0.604586 0.721103 0.18884 0.586332 0.334538 0.983215 0.76692 0.767055 0.359227 0.448089 
24 20 8 1 29 48 12 
0.943741 0.881255 0.403775 0.706731 0.40904 0.832312 0.0371456 0.701213 0.72652 0.446728 0.555061 0.666221 0.450807 0.866962 0.270807 0.171911 0.055802 0.857139 0.506449 0.0390171 0.624059 0.273504 0.398244 0.0721478 0.757247 0.366816 0.795655 0.0432705 0.805721 0.484932 0.543275 0.749462 0.366186 0.94705 0.456193 0.775227 0.779362 0.493338 0.47644 0.505882 0.940066 0.0315011 0.172103 0.390873 0.898463 0.44291 0.562784 0.954265 0.30005 0.0692329 0.993282 0.924109 0.342737 0.391526 0.996256 0.0999839 0.758342 0.791911 0.143254 0.564063 0.276843 0.686529 0.313526 0.643029 0.633579 0.769719 0.418256 0.412941 0.263057 0.894696 0.918823 0.203123 0.926197 0.0909262 0.593997 0.824659 0.533836 0.156781 0.778924 0.833886 0.226014 0.772206 0.757995 0.56875 0.163733 0.754251 0.668734 0.922075 0.546162 0.811989 0.486139 0.823005 0.498518 0.799664 0.466034 0.132098 0.569383 0.884289 0.545039 0.83244 0.778985 0.463862 0.0355633 0.705182 0.554788 0.62956 0.529841 0.0886247 0.786341 0.308766 0.922511 0.0123548 0.0809719 0.680505 0.581105 0.244705 0.434756 0.24984 0.16678 0.980919 0.0618284 0.652918 0.803923 0.560346 0.452583 0.269957 0.692444 0.0219653 
25 1 3 43 10 44 27 
0.638414 0.256134 0.519529 0.168255 0.344758 0.30587 0.47702 0.267269 0.318224 0.557992 0.947774 0.89933 0.802697 0.382531 0.149169 0.969476 0.363449 0.210998 0.622395 0.167373 0.771344 0.0749772 0.43733 0.463788 0.0969425 0.591577 0.701271 0.951348 0.524809 0.402616 0.841316 0.163222 0.65875 0.360845 0.331477 0.00350835 0.666715 0.808497 0.270777 0.984939 0.366489 0.218552 0.884269 0.169186 0.601082 0.0334379 0.138662 0.964532 0.244436 0.761057 0.131904 0.0157796 0.836034 0.569234 0.479568 0.932977 0.160811 0.180839 0.884324 0.68562 0.583455 0.725641 0.848842 0.242206 0.0864855 0.180319 0.245714 0.7532 0.988816 0.516491 0.738139 0.355306 0.735043 0.622408 0.524492 0.336125 0.655846 0.663154 0.300657 0.900281 0.424211 0.432561 0.916061 0.260245 0.00179542 0.395628 0.193222 0.162607 0.576467 0.0775464 0.848227 0.159923 0.803187 0.697069 0.402128 0.889673 0.877388 0.647842 0.642872 0.866204 0.164334 0.381011 0.22151 0.899376 0.00341906 0.746002 0.235501 0.659265 0.409156 0.536158 0.559546 0.833367 0.968719 0.475606 0.0936117 0.970515 0.871235 0.286834 0.133121 0.447702 0.36438 0.981348 0.607625 0.167567 0.678417 0.00975355 0.0572395 0.555805 
26 11 36 49 12 16 31 
0.721306 0.0845425 0.389521 0.956807 0.743807 0.798676 0.492965 0.303353 0.632043 0.461685 0.778959 0.725655 0.432199 0.650194 0.0124884 0.565321 0.0978959 0.376868 0.546669 0.705521 0.544435 0.225086 0.715275 0.601675 0.78089 0.37287 0.301787 0.202899 0.1948 0.38291 0.846419 0.916106 0.467453 0.235939 0.872913 0.21126 0.034616 0.365878 0.514613 0.666659 0.827563 0.293572 0.392314 0.259762 0.943765 0.404802 0.825083 0.0416613 0.781671 0.371752 0.747182 0.326106 0.596838 0.462457 0.927781 0.377728 0.835327 0.229568 0.580627 0.0301271 0.612478 0.427046 0.946233 0.0799311 0.662985 0.819145 0.291191 0.697601 0.185024 0.805804 0.36426 0.0125867 0.0993755 0.756574 0.272349 0.0431409 0.161377 0.0974325 0.0848022 0.943047 0.469185 0.831985 0.269153 0.0660222 0.294441 0.196934 0.44375 0.129769 0.426502 0.0243775 0.159896 0.03898 0.451423 0.106128 0.118911 0.114409 0.925274 0.410102 0.81201 0.110298 0.215906 0.176271 0.122884 0.315281 0.932845 0.395233 0.358422 0.0942217 0.492666 0.443225 0.0372688 0.96185 0.275209 0.306422 0.0278725 0.569651 0.503356 0.471623 0.699419 0.929858 0.496 0.859315 0.968838 0.947424 0.965444 0.0877487 0.0618326 0.890717 
27 39 25 33 21 45 14 
0.0290383 0.982959 0.519133 0.387461 0.0771807 0.0117983 0.830685 0.114449 0.973649 0.105894 0.420871 0.00152121 0.675545 0.924227 0.473144 0.374964 0.854085 0.969144 0.234279 0.822922 0.916568 0.199723 0.910671 0.9784 0.0904402 0.408522 0.852243 0.0914551 0.122279 0.902357 0.215354 0.151317 0.885316 0.734487 0.538778 0.962497 0.746285 0.369463 0.0769465 0.719934 0.475357 0.497818 0.721455 0.150902 0.422045 0.194599 0.525866 0.27613 0.163743 0.760145 0.0990522 0.0803107 0.959868 0.00972325 0.058711 0.0503084 0.418245 0.910954 0.141764 0.540524 0.813312 0.357118 0.691841 0.698628 0.0916047 0.230618 0.661125 0.83789 0.600081 0.738071 0.557824 0.0754381 0.235889 0.279279 0.22634 0.657934 0.473878 0.752206 0.934064 0.63762 0.512352 0.0331161 0.717931 0.47222 0.0428393 0.776642 0.522528 0.461084 0.687596 0.664292 0.00160825 0.500908 0.0214099 0.693449 0.199536 0.113015 0.924067 0.860661 0.950904 0.524148 0.598732 0.508728 0.599586 0.834621 0.788007 0.825926 0.492555 0.261884 0.578133 0.426619 0.899505 0.0904845 0.459735 0.617436 0.562705 0.502575 0.394078 0.085233 0.963659 0.0816744 0.749525 0.965267 0.582582 0.770935 0.658716 0.782118 0.88395 0.582783 
28 11 46 7 9 24 45 
0.131589 0.532444 0.568687 0.393473 0.110577 0.995307 0.292978 0.201062 0.455042 0.910414 0.763766 0.957616 0.304492 0.848999 0.921276 0.386166 0.598524 0.886543 0.968748 0.369459 0.545259 0.750867 0.253408 0.128043 0.393646 0.0882625 0.234974 0.635157 0.431845 0.941492 0.711289 0.563433 0.473936 0.279976 0.956906 0.584513 0.275283 0.249884 0.785575 0.730325 0.160298 0.549341 0.687941 0.464789 0.39834 0.609217 0.850955 0.996864 0.49576 0.819704 0.366323 0.0410189 0.570571 0.619731 0.169061 0.964216 0.707994 0.404036 0.599373 0.139838 0.345528 0.310662 0.703272 0.819464 0.590639 0.660178 0.403978 0.865922 0.910062 0.189553 0.596247 0.0703599 0.738894 0.284188 0.535149 0.137233 0.893405 0.386104 0.134097 0.389165 0.205808 0.50042 0.430183 0.776379 0.120152 0.599245 0.740595 0.828146 0.00328072 0.339968 0.967984 0.348809 0.65063 0.671256 0.168273 0.241269 0.331434 0.57225 0.107191 0.241496 0.761803 0.703438 0.311856 0.500697 0.987626 0.847005 0.63793 0.88103 0.233109 0.772027 0.270195 0.438918 0.272448 0.700379 0.215296 0.392599 0.299624 0.955891 0.220745 0.302904 0.295859 0.188729 0.651713 0.94649 0.859985 0.819986 0.187759 0.191419 
29 19 46 3 4 30 23 
0.654736 0.986013 0.591776 0.292666 0.867044 0.824885 0.0646933 0.137239 0.263803 0.337141 0.837617 0.479099 0.729741 0.137241 0.43499 0.950486 0.440145 0.730849 0.139215 0.091858 0.677339 0.999199 0.911844 0.865098 0.190618 0.30408 0.160048 0.623533 0.458119 0.158435 0.368303 0.112855 0.144448 0.960079 0.405521 0.0114917 0.784964 0.470214 0.14873 0.0487664 0.807355 0.986348 0.527865 0.537095 0.123589 0.962855 0.487581 0.563734 0.693704 0.626796 0.655592 0.371043 0.625995 0.567435 0.23614 0.816613 0.871515 0.396188 0.440146 0.329634 0.554623 0.808449 0.442489 0.699071 0.768528 0.84801 0.710563 0.553492 0.318224 0.859293 0.602258 0.125579 0.845641 0.130123 0.662674 0.96923 0.0929784 0.150255 0.532963 0.786682 0.777051 0.188555 0.157725 0.403046 0.75599 0.393866 0.219659 0.627506 0.790054 0.659805 0.95714 0.344677 0.468254 0.399629 0.043748 0.236783 0.247639 0.754311 0.790275 0.565862 0.613604 0.392533 0.691441 0.459245 0.522656 0.354115 0.428475 0.615635 0.50437 0.961438 0.402317 0.281421 0.149993 0.560042 0.684467 0.905984 0.953908 0.904126 0.533489 0.743962 0.563931 0.490629 0.0886385 0.0321856 0.890258 0.132386 0.268968 0.137897 
30 14 36 45 27 11 29 
0.974432 0.749315 0.388022 0.590067 0.253685 0.34946 0.992384 0.535106 0.499453 0.552426 0.219573 0.405437 0.506334 0.123699 0.938926 0.250296 0.68763 0.429555 0.338935 0.719816 0.319813 0.471321 0.988784 0.45771 0.358018 0.0480265 0.16147 0.85832 0.499802 0.556671 0.817867 0.474234 0.305986 0.205889 0.0643012 0.559671 0.555349 0.0566853 0.0947775 0.0548021 0.609112 0.31435 0.460239 0.115446 0.438049 0.399165 0.365742 0.125679 0.82872 0.704677 0.845494 0.148533 0.175998 0.834278 0.606243 0.534017 0.882305 0.767713 0.392337 0.382107 0.324384 0.210204 0.856341 0.63037 0.416093 0.920642 0.190041 0.971442 0.977328 0.284819 0.0262436 0.586439 0.599169 0.486482 0.701886 0.0372182 0.885647 0.067628 0.162897 0.714366 0.772305 0.00839154 0.862899 0.948303 0.84267 0.469143 0.48232 0.724974 0.236856 0.874656 0.107081 0.56124 0.0848599 0.963423 0.19161 0.500952 0.884065 0.381652 0.472394 0.861392 0.66647 0.498638 0.447832 0.26564 0.98512 0.149717 0.302858 0.870767 0.217345 0.465755 0.585133 0.98965 0.474146 0.448033 0.937954 0.316816 0.917175 0.420273 0.0417907 0.154031 0.294929 0.148872 0.715272 0.379789 0.112295 0.906882 0.880742 0.996359 
31 32 24 41 1 26 15 
0.836893 0.455301 0.523501 0.70766 0.672647 0.989256 0.292793 0.662297 0.463402 0.740825 0.600251 0.780219 0.658001 0.0205238 0.822009 0.812032 0.315453 0.970881 0.527304 0.695242 0.0831759 0.434185 0.575984 0.0795353 0.722719 0.92912 0.937287 0.677722 0.780893 0.242871 0.898365 0.617786 0.698172 0.421867 0.325446 0.370819 0.411123 0.618239 0.0331158 0.874525 0.359064 0.633366 0.654744 0.0170648 0.65389 0.476753 0.829097 0.969343 0.447634 0.356401 0.664586 0.53081 0.790586 0.24057 0.610346 0.513305 0.169689 0.547633 0.191027 0.950582 0.790504 0.0893923 0.568368 0.488676 0.511259 0.893814 0.859494 0.922381 0.512052 0.89261 0.796907 0.871116 0.525976 0.45165 0.888181 0.179867 0.928403 0.717278 0.14921 0.376038 0.0736789 0.813796 0.906848 0.864265 0.0543654 0.517194 0.377569 0.224055 0.0648264 0.568596 0.174637 0.85533 0.657989 0.743005 0.344005 0.169247 0.636819 0.2035 0.0916288 0.148871 0.0961096 0.888535 0.0199878 0.622086 0.340186 0.908169 0.801953 0.268589 0.625447 0.951163 0.644627 0.699126 0.764958 0.551475 0.563391 0.819324 0.0686684 0.940961 0.0433786 0.133495 0.509557 0.218016 0.988825 0.167545 0.961021 0.33283 0.336793 0.59784 
32 22 14 17 6 34 38 
0.254525 0.657142 0.674868 0.0564779 0.925731 0.300315 0.00764054 0.570358 0.999442 0.772599 0.121833 0.562833 0.591923 0.190501 0.503793 0.635301 0.323996 0.0133502 0.853317 0.31282 0.180896 0.814338 0.645651 0.517688 0.412177 0.18198 0.94611 0.158888 0.81442 0.263067 0.925587 0.0689448 0.920209 0.600455 0.125423 0.84594 0.900771 0.133063 0.416298 0.900212 0.905662 0.538131 0.463045 0.497585 0.728632 0.966838 0.132886 0.0526276 0.980188 0.986203 0.365448 0.161084 0.80054 0.0110986 0.678772 0.212718 0.193079 0.624882 0.371606 0.00749838 0.887949 0.297193 0.0764432 0.808157 0.897648 0.201866 0.654098 0.798419 0.334929 0.0703958 0.698631 0.240591 0.608527 0.161676 0.738176 0.337158 0.128514 0.871062 0.389786 0.108703 0.857265 0.755234 0.269787 0.657805 0.766333 0.948559 0.870523 0.959411 0.573441 0.242129 0.96691 0.461389 0.539322 0.043353 0.269547 0.43697 0.245219 0.923645 0.235389 0.580148 0.99404 0.93402 0.82074 0.602567 0.0956961 0.558916 0.939725 0.22421 0.429978 0.329511 0.332913 0.287243 0.0847453 0.6027 0.945048 0.851078 0.551259 0.815571 0.810489 0.1247 0.0576997 0.777399 0.586089 0.597021 0.820752 0.855636 0.0339912 0.0659711 
33 1 17 28 37 31 41 
0.375889 0.299096 0.0257748 0.315614 0.523306 0.455753 0.645125 0.85622 0.742996 0.72987 0.45892 0.688044 0.580948 0.0101788 0.503615 0.391437 0.134879 0.561315 0.168837 0.720968 0.158336 0.989589 0.576605 0.192327 0.0555597 0.355886 0.461707 0.701679 0.129207 0.665107 0.168538 0.505096 0.964203 0.194313 0.82071 0.48751 0.650066 0.465835 0.343729 0.393061 0.195705 0.802649 0.0811056 0.776653 0.812828 0.584721 0.168091 0.947707 0.146036 0.336927 0.668675 0.304372 0.326516 0.24528 0.496699 0.382076 0.601165 0.958407 0.0837547 0.730373 0.623514 0.252293 0.235468 0.587717 0.446605 0.0561781 0.0752266 0.096671 0.522013 0.418956 0.489732 0.717718 0.221605 0.570838 0.494371 0.0344333 0.155559 0.662462 0.98214 0.301595 0.999389 0.650815 0.605966 0.325905 0.896095 0.102666 0.707981 0.49726 0.0610723 0.791736 0.227633 0.684586 0.0440285 0.463102 0.272303 0.490634 0.51928 0.34753 0.587305 0.0412924 0.766486 0.0770373 0.75901 0.988091 0.647875 0.253382 0.0225242 0.803434 0.915844 0.00466429 0.105029 0.915233 0.65548 0.710995 0.241138 0.551574 0.813661 0.94912 0.0488349 0.874733 0.740855 0.276468 0.559319 0.784884 0.73957 0.831622 0.275518 0.258849 
34 13 28 18 22 40 42 
0.587736 0.312534 0.956253 0.39117 0.228377 0.960917 0.496199 0.14361 0.616397 0.207194 0.384749 0.167971 0.0208548 0.333868 0.216806 0.895588 0.0747239 0.493274 0.454907 0.859608 0.232843 0.28653 0.135126 0.491692 0.465682 0.997949 0.791834 0.411319 0.937809 0.850986 0.345048 0.525544 0.16352 0.301301 0.916714 0.391897 0.262218 0.412913 0.535507 0.878614 0.620106 0.920256 0.0465852 0.640961 0.254125 0.263391 0.536549 0.328849 0.756665 0.991457 0.188456 0.989508 0.277986 0.323582 0.481201 0.743668 0.321531 0.273035 0.154987 0.25934 0.124021 0.500035 0.784884 0.28754 0.801335 0.701598 0.679437 0.0635531 0.114511 0.214945 0.942167 0.734617 0.135201 0.988752 0.375578 0.389325 0.252144 0.912127 0.718174 0.00880838 0.903584 0.90663 0.998317 0.18157 0.230212 0.479517 0.925238 0.551743 0.752552 0.0802247 0.811083 0.876573 0.58026 0.595967 0.164113 0.381595 0.297565 0.843551 0.445148 0.412075 0.0584955 0.387316 0.146692 0.193696 0.376068 0.52227 0.583022 0.628212 0.434397 0.301196 0.63702 0.337981 0.207826 0.635336 0.519551 0.438038 0.114854 0.444789 0.989782 0.867406 0.525014 0.800865 0.743979 0.105273 0.396831 0.908092 0.486868 0.694396 
35 13 14 19 20 18 34 
0.00383496 0.6954 0.775433 0.586857 0.323612 0.209831 0.888052 0.960632 0.547812 0.0958783 0.595968 0.0673631 0.533917 0.710822 0.512152 0.523698 0.578228 0.0371657 0.324563 0.322207 0.142439 0.721394 0.230299 0.629307 0.41579 0.981942 0.561324 0.522261 0.792081 0.880656 0.775424 0.795915 0.576057 0.550857 0.382772 0.899668 0.760688 0.270825 0.8603 0.3085 0.366703 0.456268 0.375863 0.90062 0.16709 0.888015 0.424318 0.745318 0.92518 0.748881 0.0675246 0.0676194 0.470275 0.297823 0.696927 0.886066 0.279765 0.258251 0.408327 0.0718459 0.138907 0.183751 0.867761 0.714964 0.734608 0.250534 0.614632 0.495296 0.521358 0.474932 0.803796 0.888061 0.931201 0.179659 0.788681 0.0982909 0.0676733 0.212999 0.843609 0.992854 0.96188 0.911134 0.0604731 0.432155 0.208957 0.7574 0.318221 0.488722 0.0156509 0.726548 0.560568 0.154558 0.910299 0.42833 0.869522 0.644907 0.678863 0.484155 0.140203 0.200221 0.959087 0.943999 0.0882823 0.890288 0.123658 0.876963 0.988579 0.191331 0.0899614 0.832188 0.184185 0.0518411 0.743321 0.244658 0.483996 0.952278 0.00205763 0.802217 0.441 0.0177086 0.528765 0.00156869 0.172267 0.439063 0.429898 0.0417891 0.0839704 0.108762 
36 18 20 22 41 42 25 
0.375319 0.29183 0.274228 0.363897 0.483161 0.364189 0.196085 0.667345 0.416031 0.939406 0.912003 0.900027 0.891684 0.914061 0.702244 0.332685 0.931769 0.231009 0.334253 0.104036 0.670072 0.764152 0.145825 0.754042 0.872913 0.671769 0.978216 0.181896 0.1568 0.146388 0.579161 0.532118 0.438218 0.853389 0.896016 0.921379 0.217579 0.0921007 0.588724 0.633609 0.0315068 0.500727 0.533636 0.923191 0.414788 0.23588 0.255876 0.346557 0.466889 0.590129 0.450593 0.136961 0.35428 0.596418 0.891003 0.227194 0.268187 0.869219 0.40909 0.424986 0.0156077 0.988251 0.957105 0.453826 0.84164 0.853121 0.375205 0.0592193 0.945221 0.963929 0.692829 0.976728 0.464656 0.226465 0.899919 0.879443 0.462345 0.155794 0.226 0.929234 0.745923 0.676593 0.0661953 0.100204 0.273011 0.957199 0.327397 0.541197 0.826418 0.736487 0.966184 0.842026 0.724738 0.923288 0.295852 0.566378 0.776409 0.671056 0.625598 0.72163 0.634985 0.318426 0.698358 0.099641 0.544891 0.598277 0.979084 0.00723668 0.754072 0.205085 0.936471 0.499995 0.881677 0.00266617 0.600199 0.154688 0.959865 0.927596 0.695885 0.786283 0.664083 0.662069 0.628309 0.388821 0.585358 0.92416 0.955199 0.361767 
37 40 13 18 29 26 25 
0.444115 0.380032 0.308927 0.451352 0.134104 0.514012 0.387822 0.634099 0.395689 0.390489 0.234297 0.550377 0.350354 0.161893 0.246263 0.136637 0.825976 0.908332 0.764945 0.214797 0.49369 0.689106 0.169997 0.855456 0.284323 0.750794 0.938853 0.514524 0.650017 0.720608 0.844367 0.0941322 0.10064 0.153294 0.545484 0.234744 0.667306 0.933306 0.868843 0.0629956 0.323795 0.10314 0.613373 0.674148 0.265033 0.859636 0.810785 0.0910097 0.767968 0.57573 0.305807 0.261658 0.264836 0.475804 0.117114 0.549159 0.226598 0.055967 0.0636833 0.876615 0.776575 0.908051 0.970747 0.877215 0.061345 0.516231 0.111959 0.728651 0.449537 0.980802 0.791647 0.773332 0.083942 0.40502 0.44748 0.348975 0.264656 0.258265 0.439985 0.0326237 0.833996 0.745792 0.294281 0.0988318 0.221596 0.411395 0.647991 0.448193 0.467362 0.711674 0.324808 0.243937 0.619725 0.295555 0.121153 0.68107 0.811786 0.233112 0.409721 0.261323 0.213914 0.201368 0.0346546 0.297856 0.606388 0.482135 0.646831 0.871043 0.7404 0.0868164 0.903667 0.574395 0.832609 0.197948 0.673227 0.0542045 0.609344 0.321218 0.502398 0.0767061 0.0328918 0.827206 0.320644 0.652616 0.122761 0.441796 0.333686 0.934547 
38 39 4 5 26 41 47 
0.712659 0.833509 0.422206 0.453059 0.920326 0.325873 0.0274544 0.752934 0.523822 0.700682 0.807139 0.133166 0.0218993 0.309537 0.209872 0.0547912 0.136743 0.530515 0.707408 0.259504 0.972312 0.0410938 0.194051 0.64722 0.784501 0.389921 0.536042 0.729276 0.620446 0.72272 0.280439 0.333106 0.556229 0.702645 0.786165 0.476555 0.0285183 0.813619 0.229489 0.55234 0.514301 0.0366273 0.685506 0.5362 0.346164 0.895378 0.590991 0.482907 0.425893 0.298399 0.742411 0.398205 0.339493 0.936462 0.0454244 0.123993 0.326383 0.581466 0.853269 0.94683 0.304186 0.133708 0.279935 0.860415 0.836353 0.0660999 0.336969 0.864871 0.879719 0.566458 0.417212 0.39402 0.603085 0.102717 0.93022 0.949249 0.998095 0.521211 0.432156 0.423988 0.819609 0.174566 0.822193 0.159102 0.111028 0.867617 0.283095 0.437412 0.449083 0.136365 0.384241 0.753269 0.270073 0.664177 0.613684 0.106426 0.730276 0.950654 0.971298 0.609995 0.517112 0.388509 0.00401508 0.120197 0.491227 0.934235 0.0694465 0.489322 0.455445 0.501602 0.91331 0.275055 0.676169 0.735502 0.434157 0.787197 0.60312 0.717252 0.224609 0.0522029 0.853617 0.608851 0.805472 0.12369 0.273027 0.419157 0.230116 0.00330375 
39 6 0 16 34 21 38 
0.0071194 0.0811496 0.551549 0.0765659 0.570471 0.00699431 0.578168 0.483781 0.282049 0.254337 0.219283 0.716206 0.0415345 0.822403 0.433458 0.266144 0.874606 0.287076 0.874994 0.680078 0.410766 0.148022 0.0992346 0.640882 0.151325 0.469045 0.842296 0.764625 0.355967 0.432219 0.381939 0.363086 0.513369 0.933488 0.439652 0.0838403 0.940482 0.0178207 0.567621 0.222531 0.272158 0.786904 0.938737 0.313692 0.609307 0.372195 0.579836 0.483913 0.659271 0.454831 0.163991 0.0700369 0.602852 0.263225 0.710919 0.754177 0.73227 0.553216 0.518802 0.0882372 0.985435 0.900741 0.451324 0.498804 0.834229 0.890976 0.582644 0.774711 0.908797 0.150265 0.997242 0.180955 0.93717 0.935979 0.494647 0.546477 0.308175 0.0744834 0.0303895 0.967446 0.529314 0.19438 0.0374827 0.132166 0.457605 0.748402 0.886344 0.189876 0.301617 0.405146 0.278113 0.287052 0.305887 0.729436 0.785857 0.140115 0.620412 0.368501 0.914826 0.529209 0.518766 0.912068 0.710164 0.455936 0.848048 0.204811 0.00241291 0.156222 0.279295 0.0328024 0.123668 0.808609 0.227183 0.161151 0.940775 0.684788 0.909553 0.827118 0.874664 0.21117 0.232264 0.152776 0.498222 0.538151 0.882213 0.284079 0.678266 0.502625 
40 26 34 33 2 7 27 
0.627282 0.353208 0.94681 0.629695 0.50943 0.226105 0.662498 0.633098 0.0347132 0.88968 0.794249 0.975488 0.574468 0.703801 0.802606 0.449132 0.914971 0.0348702 0.601908 0.413194 0.573021 0.484121 0.697273 0.251287 0.986746 0.349853 0.844378 0.0185807 0.521199 0.349539 0.760579 0.148482 0.702746 0.707389 0.778177 0.212176 0.933494 0.440675 0.845274 0.968207 0.330355 0.639523 0.943695 0.904823 0.343324 0.746301 0.353955 0.258296 0.781171 0.955863 0.671489 0.354192 0.439984 0.368762 0.605479 0.426731 0.718615 0.449857 0.445311 0.239814 0.799396 0.20589 0.388296 0.502142 0.91328 0.166473 0.714318 0.846773 0.607147 0.559592 0.81498 0.937502 0.199115 0.758675 0.842325 0.542439 0.504976 0.19628 0.800735 0.286147 0.152144 0.472224 0.640339 0.592128 0.840987 0.245818 0.0188587 0.559602 0.695675 0.46417 0.799416 0.49507 0.67006 0.187712 0.997212 0.58334 0.354184 0.71153 0.430113 0.961331 0.271123 0.245093 0.898833 0.470238 0.00376845 0.741159 0.0126771 0.508744 0.937439 0.813412 0.794892 0.0895828 0.285636 0.435231 0.681711 0.126623 0.681049 0.70057 0.686224 0.376724 0.16474 0.48564 0.871794 0.8348 0.673352 0.869007 0.41814 0.0275364 
41 26 28 42 22 9 31 
0.321898 0.0971154 0.62886 0.334575 0.60586 0.566299 0.147987 0.400752 0.655882 0.433623 0.835983 0.337593 0.560246 0.517032 0.0381625 0.24647 0.893756 0.202902 0.732111 0.76555 0.0377022 0.405463 0.634557 0.455842 0.432999 0.215094 0.304096 0.421867 0.0667533 0.397443 0.309568 0.388651 0.494558 0.938428 0.723226 0.100418 0.504727 0.871212 0.50117 0.160609 0.304835 0.337153 0.498202 0.865081 0.854184 0.536364 0.111551 0.74794 0.739267 0.843662 0.51349 0.776969 0.249125 0.148046 0.232811 0.682124 0.36314 0.536907 0.103991 0.429893 0.93435 0.41356 0.818544 0.428908 0.351988 0.54177 0.529326 0.856715 0.412982 0.0304961 0.0173242 0.717817 0.367649 0.515526 0.582898 0.221833 0.0518905 0.694449 0.969773 0.791157 0.538111 0.483263 0.568126 0.787236 0.63131 0.800937 0.46936 0.99445 0.337844 0.573351 0.424343 0.272194 0.986911 0.242887 0.701102 0.338899 0.784657 0.230428 0.195614 0.197639 0.260924 0.212938 0.915456 0.628573 0.728464 0.498354 0.850406 0.780355 0.192803 0.820179 0.571512 0.730914 0.303442 0.139637 0.51815 0.934752 0.940574 0.98751 0.929201 0.278418 0.560862 0.353544 0.550612 0.547772 0.596431 0.251714 0.886671 0.381088 
42 34 22 33 19 2 10 
0.37164 0.0236868 0.992536 0.222046 0.804041 0.185339 0.0422253 0.375553 0.916253 0.345668 0.515191 0.434404 0.280419 0.455765 0.421914 0.209621 0.734183 0.982776 0.563165 0.284796 0.530548 0.159596 0.53651 0.417219 0.540684 0.0186529 0.499504 0.119411 0.76172 0.794727 0.613594 0.13336 0.818414 0.60613 0.355406 0.622455 0.791469 0.397631 0.998008 0.707722 0.743299 0.513199 0.142126 0.0237181 0.968964 0.564041 0.233339 0.703147 0.546816 0.796504 0.987943 0.0773648 0.9561 0.524453 0.494584 0.496785 0.543106 0.994088 0.616196 0.304826 0.788815 0.229789 0.438186 0.607229 0.835919 0.793591 0.229684 0.627388 0.191223 0.227692 0.335111 0.934521 0.740891 0.477237 0.958239 0.709854 0.0412776 0.191578 0.413001 0.588094 0.988082 0.400944 0.665459 0.944182 0.925397 0.160043 0.440967 0.468503 0.154131 0.0571626 0.773329 0.942947 0.286952 0.211515 0.550176 0.122871 0.00510604 0.77986 0.75026 0.196329 0.0075517 0.0853705 0.13085 0.748442 0.562608 0.0890893 0.458297 0.603885 0.280667 0.871298 0.191979 0.268749 0.272242 0.857438 0.212932 0.19764 0.0174811 0.653898 0.666143 0.171613 0.711061 0.439472 0.114559 0.998013 0.650986 0.664735 0.120884 0.656092 
43 28 26 10 32 19 6 
0.519122 0.0723603 0.658885 0.123007 0.353028 0.530183 0.314986 0.621777 0.802426 0.172424 0.834709 6.5404e-05 0.189905 0.488607 0.666208 0.361518 0.199668 0.10568 0.476077 0.197681 0.756666 0.140812 0.318565 0.412759 0.585406 0.189709 0.26518 0.0375522 0.146223 0.248451 0.238141 0.665345 0.320811 0.897026 0.788352 0.673839 0.427209 0.103339 0.295616 0.229635 0.275763 0.130325 0.229701 0.465668 0.618932 0.895909 0.827186 0.818599 0.0015888 0.303263 0.0162802 0.758255 0.444075 0.334845 0.171014 0.0294808 0.524554 0.436193 0.0670329 0.670778 0.684644 0.305174 0.336123 0.00545473 0.2022 0.124475 0.679293 0.629409 0.227814 0.974909 0.859044 0.503577 0.105234 0.088745 0.969245 0.724165 0.984654 0.796431 0.542765 0.986243 0.0996936 0.559045 0.744498 0.543768 0.89389 0.915511 0.573249 0.418444 0.351705 0.640282 0.0892217 0.0363486 0.945456 0.425345 0.0418034 0.147655 0.54982 0.721097 0.777064 0.777634 0.696006 0.636109 0.28121 0.801239 0.724854 0.250455 0.525405 0.709508 0.0468858 0.0681693 0.69575 0.146579 0.627214 0.440248 0.690348 0.521104 0.355759 0.263597 0.939548 0.707464 0.903879 0.0287699 0.743813 0.849334 0.454114 0.785616 0.996989 0.00393424 
44 29 8 45 36 1 34 
0.00395813 0.135016 0.313233 0.529363 0.844524 0.360119 0.597532 0.540274 0.506699 0.224746 0.980522 0.197046 0.74585 0.336282 0.460643 0.685399 0.0437458 0.364522 0.714168 0.787559 0.213856 0.168283 0.573175 0.210845 0.172217 0.0798878 0.984899 0.953785 0.282607 0.395062 0.0165632 0.286565 0.530078 0.329796 0.815927 0.374602 0.689916 0.413459 0.914876 0.196614 0.638206 0.895398 0.393661 0.384056 0.231679 0.854304 0.0694544 0.275425 0.218825 0.783623 0.062984 0.432681 0.951906 0.636159 0.643527 0.124123 0.716047 0.628426 0.0779081 0.998653 0.0234876 0.0944713 0.285218 0.553565 0.424268 0.101145 0.928167 0.114183 0.514605 0.843043 0.310798 0.15281 0.738441 0.704458 0.536866 0.97012 0.558762 0.606321 0.245546 0.777587 0.389944 0.30853 0.210268 0.34185 0.944688 0.853795 0.465973 0.660735 0.482221 0.543881 0.659388 0.505708 0.638352 0.944606 0.0592738 0.0626198 0.0457516 0.987441 0.176803 0.560356 0.830484 0.487601 0.713167 0.568925 0.192059 0.250033 0.539045 0.750821 0.856354 0.78459 0.528408 0.246298 0.09312 0.738676 0.588147 0.0378085 0.592471 0.0541198 0.698544 0.0746916 0.598 0.357932 0.5804 0.236352 0.302538 0.639674 0.298972 0.34829 
45 36 31 14 11 43 26 
0.155435 0.871846 0.565568 0.906256 0.7282 0.350159 0.434664 0.974498 0.443279 0.17334 0.562645 0.481087 0.765811 0.616765 0.179631 0.840502 0.214765 0.537563 0.420902 0.451118 0.840101 0.0605761 0.75009 0.188391 0.687691 0.225865 0.0970373 0.145289 0.189242 0.71885 0.171813 0.344677 0.590697 0.737381 0.250933 0.318897 0.0875393 0.685597 0.293394 0.530818 0.858937 0.856039 0.0119048 0.624747 0.472804 0.191535 0.465249 0.687569 0.729098 0.886152 0.138687 0.569199 0.946728 0.888776 0.75759 0.634419 0.114642 0.854628 0.779708 0.303883 0.573478 0.951521 0.64856 0.164175 0.688902 0.899493 0.483071 0.776441 0.58509 0.776466 0.307259 0.444026 0.632505 0.319164 0.0687734 0.105309 0.510699 0.534023 0.792878 0.239797 0.420175 0.931565 0.808997 0.366903 0.820341 0.566587 0.00132126 0.934983 0.421214 0.781029 0.238866 0.994692 0.73255 0.887426 0.158867 0.421452 0.786919 0.641938 0.197893 0.372009 0.418404 0.505152 0.816035 0.0509091 0.824315 0.884809 0.156218 0.335015 0.418832 0.949096 0.574812 0.839006 0.880661 0.383809 0.205909 0.701003 0.950396 0.20723 0.635986 0.37161 0.988259 0.874852 0.366302 0.72081 0.762279 0.525169 0.142262 0.549198 
46 39 45 44 7 36 19 
0.636421 0.669622 0.622051 0.792639 0.00463668 0.0408828 0.741735 0.579449 0.879889 0.622397 0.963257 0.0857976 0.323399 0.913653 0.293028 0.959385 0.285263 0.281287 0.834238 0.651565 0.00209671 0.596516 0.176735 0.144359 0.145714 0.343842 0.484513 0.0669217 0.929354 0.32982 0.804164 0.565775 0.999442 0.426215 0.358413 0.00407862 0.467098 0.100149 0.583527 0.346987 0.722545 0.546785 0.432785 0.0459447 0.460437 0.725812 0.00533 0.7457 0.00709919 0.839568 0.397266 0.0091959 0.436084 0.574 0.153554 0.581798 0.917843 0.638068 0.64872 0.847197 0.967888 0.452884 0.412971 0.96733 0.8791 0.771385 0.971408 0.346198 0.871534 0.554935 0.693185 0.594079 0.10172 0.12597 0.640024 0.562158 0.851782 0.645354 0.307858 0.858881 0.484921 0.705124 0.868077 0.921005 0.279124 0.0216314 0.502803 0.196967 0.659699 0.151523 0.0441638 0.627587 0.604407 0.457135 0.594916 0.483507 0.22852 0.566324 0.829705 0.100054 0.12126 0.52289 0.694132 0.22298 0.648859 0.334156 0.785137 0.500641 0.97951 0.0929954 0.359522 0.464431 0.798119 0.227599 0.385436 0.0772432 0.249231 0.888239 0.27421 0.90893 0.0397622 0.318374 0.536517 0.64417 0.775509 0.131433 0.127677 0.00402913 
47 32 43 18 16 37 49 
0.132371 0.827135 0.629772 0.111881 0.92013 0.989294 0.576312 0.718249 0.216894 0.961747 0.795492 0.466125 0.849986 0.0697024 0.375054 0.889749 0.388076 0.911571 0.533918 0.163585 0.0430039 0.661595 0.167615 0.740761 0.618976 0.271697 0.559778 0.0992476 0.0699124 0.601776 0.228378 0.202284 0.42891 0.85815 0.314164 0.34904 0.847445 0.890476 0.0672894 0.0643384 0.852223 0.862782 0.530463 0.70221 0.932484 0.905517 0.591958 0.32056 0.817088 0.125876 0.484146 0.860092 0.787471 0.65176 0.600853 0.406447 0.923458 0.160632 0.505695 0.99337 0.762407 0.734073 0.195654 0.191318 0.592223 0.509818 0.540358 0.439668 0.400294 0.607647 0.504006 0.252517 0.470429 0.0344693 0.954727 0.402913 0.939987 0.546685 0.723473 0.757075 0.672561 0.207619 0.617167 0.460032 0.859379 0.218021 0.86648 0.782837 0.378653 0.372175 0.776207 0.14106 0.106248 0.971861 0.332378 0.698472 0.481679 0.872735 0.13814 0.881973 0.480383 0.642146 0.13449 0.950811 0.676615 0.0892171 0.353724 0.616602 0.635902 0.0771976 0.373677 0.308463 0.284817 0.990844 0.768496 0.144196 0.208865 0.634975 0.927033 0.587518 0.00715019 0.70324 0.728578 0.113398 0.675101 0.0609554 0.81187 0.156779 
48 23 19 1 11 24 6 
0.364885 0.268771 0.262459 0.718609 0.885373 0.898361 0.795807 0.25905 0.206825 0.0806233 0.249894 0.97532 0.224819 0.45876 0.610296 0.151852 0.0462774 0.617446 0.855092 0.774855 0.730844 0.530193 0.835811 0.542714 0.686972 0.769501 0.492723 0.725724 0.183575 0.0848788 0.898966 0.54846 0.35365 0.161426 0.267069 0.239023 0.0597873 0.0628754 0.498073 0.266612 0.143499 0.747967 0.241932 0.368318 0.206727 0.852228 0.52017 0.253004 0.469674 0.375263 0.0278593 0.200518 0.905455 0.86367 0.743232 0.592427 0.633171 0.235955 0.318152 0.816746 0.320834 0.217118 0.365205 0.674484 0.378544 0.632274 0.913507 0.438331 0.69515 0.41158 0.704943 0.838648 0.159547 0.946875 0.206966 0.366274 0.799103 0.727137 0.619278 0.268777 0.102399 0.647137 0.469296 0.00785457 0.510807 0.212528 0.600282 0.143978 0.448483 0.918433 0.960724 0.769318 0.135551 0.325929 0.443802 0.514095 0.958204 0.357309 0.952426 0.653353 0.768888 0.657369 0.492001 0.928435 0.604245 0.698968 0.294709 0.403348 0.426104 0.913986 0.672126 0.528504 0.561124 0.141422 0.536358 0.0719306 0.353949 0.13664 0.215909 0.802433 0.0550736 0.176633 0.57175 0.190625 0.502562 0.015552 0.70472 0.460766 
49 23 39 7 33 41 46 
0.322109 0.731193 0.278879 0.994235 0.259696 0.840002 0.135657 0.796055 0.911933 0.489606 0.932695 0.127842 0.292039 0.987768 0.304475 0.863789 0.178394 0.807037 0.879341 0.883114 0.267803 0.252202 0.540261 0.381922 0.393951 0.854777 0.988042 0.464134 0.773538 0.293131 0.829026 0.0956476 0.0243233 0.107905 0.0898829 0.28402 0.947907 0.22554 0.0800743 0.85984 0.715146 0.0127691 0.987682 0.00718501 0.000537572 0.292156 0.870974 0.178931 0.0991931 0.750316 0.0620451 0.366996 0.00251746 0.602306 0.748918 0.396468 0.457083 0.73696 0.860602 0.230621 0.030091 0.689628 0.326268 0.0544142 0.797533 0.416151 0.338434 0.745441 0.641691 0.418508 0.605281 0.356837 0.431277 0.592962 0.364022 0.431815 0.885119 0.234996 0.610746 0.984312 0.985312 0.672791 0.351308 0.98783 0.275097 0.100226 0.384298 0.73218 0.837186 0.2449 0.9628 0.867277 0.934528 0.289069 0.921691 0.732062 0.70522 0.260125 0.477502 0.346911 0.678633 0.0827829 0.703749 0.10991 0.675745 0.0677708 0.541725 0.560864 0.302767 0.152471 0.545176 0.288079 0.825262 0.896483 0.275909 0.100359 0.996709 0.660206 0.832539 0.833895 0.905106 0.795339 0.701172 0.839634 0.0844081 0.622863 0.571696 0.789628 
