73 4
0 0 1 1 1 0 0 1 1 1 1 1 0 1 1 0 1 1 1 0 1 1 0 0 1 1 0 1 1 1 0 1 0 0 1 1 0 0 1 0 0 1 0 0 0 0 1 0 0 1 0 0 1 1 0 1 1 1 1 0 1 1 0 1 0 0 1 1 1 1 0 0 1 
0 21 37 51 
0.740491 0.713342 0.485261 0.247212 0.512398 0.534752 0.968566 0.97875 0.242429 0.57708 0.17111 0.193947 0.0883432 0.521209 0.445597 0.589605 
1 13 16 29 
0.643943 0.183686 0.125185 0.680097 0.807558 0.421826 0.993187 0.30633 0.619859 0.0651959 0.291053 0.36035 0.778538 0.776315 0.607562 0.290936 
2 71 47 28 
0.553496 0.153207 0.440796 0.747443 0.241551 0.962006 0.19304 0.831156 0.789767 0.910783 0.959111 0.120104 0.554726 0.142798 0.24529 0.234824 
3 49 54 39 
0.256686 0.286975 0.293206 0.547739 0.647325 0.0717447 0.324054 0.254887 0.362681 0.635121 0.831014 0.632367 0.188617 0.984222 0.073163 0.93606 
4 45 5 16 
0.0569279 0.824936 0.0398833 0.0160392 0.945041 0.59461 0.158837 0.19033 0.829433 0.109193 0.857446 0.0574438 0.365878 0.144421 0.35065 0.913618 
5 54 23 7 
0.0466327 0.785076 0.872793 0.877647 0.417442 0.06141 0.861868 0.490605 0.99747 0.0876404 0.525774 0.12657 0.144568 0.35071 0.166453 0.160608 
6 11 60 58 
0.486081 0.590496 0.428637 0.343527 0.64794 0.794515 0.487948 0.99859 0.708133 0.279694 0.420985 0.945805 0.326327 0.206061 0.818598 0.203973 
7 66 8 57 
0.114108 0.877478 0.153482 0.639882 0.00404745 0.29805 0.990592 0.170501 0.458658 0.286343 0.931563 0.778102 0.772425 0.522059 0.206739 0.115952 
8 32 53 9 
0.168589 0.709388 0.883594 0.589574 0.655193 0.20992 0.795635 0.473791 0.413894 0.419138 0.353799 0.479735 0.533246 0.231276 0.633218 0.173128 
9 10 43 72 
0.405824 0.389926 0.450064 0.337388 0.168028 0.222489 0.859447 0.374767 0.33844 0.0294458 0.376022 0.94234 0.198035 0.08541 0.825934 0.787609 
10 64 59 8 
0.214394 0.449748 0.00238192 0.568193 0.929483 0.535628 0.799469 0.562701 0.708756 0.0347929 0.493969 0.872477 0.440617 0.883894 0.322541 0.778005 
11 47 14 31 
0.42669 0.88347 0.666898 0.802712 0.82581 0.864932 0.888122 0.651743 0.652542 0.628725 0.687597 0.235786 0.843119 0.137345 0.238168 0.411311 
12 17 40 3 
0.629529 0.482552 0.245573 0.123497 0.355028 0.68619 0.00739186 0.677569 0.464195 0.0593144 0.222598 0.101647 0.486004 0.106068 0.768545 0.288716 
13 50 64 19 
0.583621 0.286019 0.805564 0.271218 0.521804 0.648682 0.408563 0.759972 0.0599939 0.475391 0.533767 0.270774 0.10492 0.0163189 0.516348 0.228417 
14 24 54 12 
0.0489161 0.666733 0.295123 0.271514 0.768381 0.781128 0.377582 0.536925 0.0698441 0.30946 0.170402 0.246683 0.893081 0.456421 0.0522462 0.164299 
15 48 52 60 
0.738197 0.760923 0.0482525 0.271965 0.0316968 0.153172 0.288284 0.548044 0.381589 0.659631 0.750582 0.617399 0.708547 0.417316 0.912522 0.980061 
16 69 39 64 
0.722621 0.763494 0.667104 0.893024 0.0101763 0.560184 0.349444 0.0624225 0.724483 0.32767 0.763351 0.297345 0.0658669 0.524274 0.345597 0.337832 
17 35 44 71 
0.104015 0.880359 0.285746 0.854597 0.497757 0.994293 0.271913 0.410279 0.974354 0.457609 0.103929 0.331997 0.180231 0.867423 0.999101 0.0732543 
18 5 34 45 
0.940021 0.283768 0.750369 0.703373 0.581113 0.816235 0.227646 0.92671 0.154067 0.783617 0.425479 0.780182 0.887631 0.305838 0.0659278 0.742228 
19 44 71 28 
0.213874 0.034574 0.471751 0.317803 0.366571 0.651981 0.185226 0.365672 0.725236 0.0628247 0.924957 0.147935 0.00284607 0.208725 0.898303 0.706219 
20 53 63 26 
0.868605 0.717481 0.142026 0.648787 0.605113 0.447864 0.714715 0.347341 0.251459 0.774936 0.361482 0.465333 0.80951 0.833233 0.783136 0.176081 
21 12 2 61 
0.21045 0.0311865 0.46671 0.358385 0.0340326 0.675434 0.256688 0.740251 0.465272 0.971226 0.674116 0.181819 0.839832 0.391597 0.323846 0.488619 
22 3 34 59 
0.344051 0.0231684 0.97827 0.705533 0.488501 0.78778 0.538766 0.271638 0.96386 0.0239804 0.239999 0.505613 0.23443 0.271186 0.972322 0.592815 
23 41 39 19 
0.0454696 0.113029 0.820729 0.719586 0.294848 0.66056 0.111183 0.618694 0.149179 0.107892 0.390403 0.352514 0.451943 0.413572 0.330784 0.157476 
24 38 32 48 
0.173711 0.0824237 0.720222 0.41371 0.588037 0.954653 0.684896 0.560359 0.547468 0.990115 0.208116 0.39697 0.0355842 0.321145 0.217699 0.75517 
25 66 29 40 
0.0274388 0.974245 0.62509 0.379953 0.426187 0.0386618 0.710737 0.583663 0.940735 0.8293 0.279905 0.114446 0.911724 0.000127488 0.528156 0.49976 
26 45 44 33 
0.502248 0.203166 0.268235 0.899218 0.238751 0.58938 0.116917 0.99392 0.205373 0.995176 0.860272 0.44006 0.0226151 0.834517 0.0651501 0.402568 
27 52 69 13 
0.844368 0.0445469 0.942604 0.124273 0.158993 0.854328 0.124401 0.687148 0.354088 0.0791807 0.9002 0.414207 0.581428 0.103366 0.682442 0.480646 
28 26 50 65 
0.336037 0.477195 0.59274 0.19631 0.917255 0.615355 0.0308267 0.982405 0.0179227 0.291531 0.0862173 0.131227 0.135899 0.130764 0.0738313 0.260172 
29 32 43 14 
0.976905 0.282247 0.463753 0.877105 0.696455 0.0451816 0.980471 0.378897 0.525828 0.322588 0.65072 0.123392 0.658626 0.127915 0.716131 0.854935 
30 64 19 13 
0.0275755 0.349409 0.177293 0.113793 0.480636 0.313192 0.244557 0.554467 0.573364 0.534314 0.482627 0.957936 0.511218 0.764874 0.42169 0.388323 
31 26 29 32 
0.840226 0.992699 0.691383 0.490945 0.116091 0.350009 0.61886 0.832222 0.204944 0.664031 0.163708 0.090706 0.691606 0.513117 0.267999 0.805399 
32 22 53 54 
0.548221 0.154555 0.584269 0.0308475 0.112491 0.0954877 0.795721 0.534181 0.483811 0.25705 0.00105181 0.852606 0.0972759 0.993751 0.54399 0.588221 
33 21 9 43 
0.942064 0.0989426 0.871112 0.105772 0.189649 0.562718 0.61889 0.457648 0.368117 0.612643 0.0388385 0.418073 0.160864 0.193393 0.00234203 0.191712 
34 70 36 10 
0.840065 0.581641 0.244483 0.841117 0.434247 0.341759 0.834868 0.978237 0.92998 0.94471 0.872235 0.137062 0.886774 0.971178 0.00817421 0.992546 
35 34 66 12 
0.618474 0.939009 0.224079 0.657312 0.357082 0.384943 0.850706 0.359424 0.576655 0.15659 0.457254 0.564088 0.996655 0.038895 0.808571 0.837772 
36 31 40 7 
0.451379 0.0803107 0.61735 0.323614 0.217373 0.504124 0.294792 0.225547 0.496669 0.455618 0.796439 0.108105 0.0740921 0.735449 0.332184 0.731404 
37 28 72 13 
0.451955 0.293782 0.7387 0.909209 0.85787 0.735356 0.948104 0.666442 0.573128 0.421247 0.816772 0.245768 0.872626 0.897083 0.863118 0.19624 
38 59 13 61 
0.340003 0.863911 0.94665 0.136442 0.972016 0.0207417 0.871891 0.3042 0.752146 0.964422 0.0213278 0.334256 0.416377 0.31511 0.0729566 0.325587 
39 57 56 5 
0.839422 0.38144 0.694938 0.656194 0.627208 0.567563 0.553277 0.490326 0.763803 0.667732 0.857567 0.254834 0.0077349 0.721478 0.201484 0.144177 
40 30 55 52 
0.997695 0.974372 0.98049 0.0190228 0.308628 0.396867 0.334133 0.381585 0.722453 0.507113 0.189897 0.996144 0.346536 0.571337 0.691082 0.00272973 
41 49 43 2 
0.688871 0.022448 0.223739 0.546438 0.277282 0.231474 0.267917 0.478766 0.375651 0.961411 0.700992 0.391718 0.959107 0.675363 0.372208 0.978129 
42 63 15 6 
0.365576 0.491528 0.819376 0.555473 0.487672 0.165911 0.12681 0.178755 0.168641 0.325355 0.4374 0.724648 0.0142257 0.459848 0.948387 0.560664 
43 53 56 24 
0.215896 0.555511 0.789992 0.916887 0.94723 0.749099 0.592251 0.319437 0.727228 0.576242 0.088512 0.0394904 0.941818 0.58004 0.858866 0.497291 
44 54 53 5 
0.246467 0.193418 0.949456 0.683867 0.918066 0.963682 0.143715 0.866452 0.524346 0.880845 0.0463128 0.352927 0.0967404 0.601824 0.142919 0.0136278 
45 29 36 38 
0.868491 0.619246 0.18212 0.957003 0.658736 0.123938 0.537043 0.517602 0.62123 0.604756 0.54238 0.245331 0.851223 0.735798 0.194786 0.53509 
46 65 17 15 
0.520316 0.682814 0.559649 0.566629 0.0357401 0.656389 0.168453 0.178659 0.670017 0.717506 0.0706768 0.275896 0.585997 0.689923 0.458016 0.543 
47 15 1 69 
0.866262 0.203184 0.684799 0.408641 0.448515 0.536021 0.144439 0.643301 0.071111 0.798303 0.801769 0.749915 0.318619 0.484583 0.309564 0.885248 
48 4 16 20 
0.698982 0.635971 0.771207 0.769659 0.911867 0.357204 0.459581 0.369883 0.900204 0.808241 0.951837 0.980247 0.674502 0.155021 0.665046 0.0831437 
49 65 67 45 
0.246837 0.272178 0.0258862 0.0486064 0.0220933 0.344505 0.533189 0.331658 0.229753 0.053512 0.297611 0.283454 0.752494 0.933582 0.0546613 0.522152 
50 61 34 4 
0.215332 0.31207 0.789975 0.167169 0.292317 0.464477 0.32219 0.957362 0.547621 0.925727 0.158429 0.775204 0.172564 0.430607 0.80109 0.22117 
51 26 40 2 
0.784358 0.375349 0.807871 0.0819694 0.658803 0.560365 0.0155518 0.713464 0.0825177 0.861001 0.125329 0.0642516 0.0763325 0.437399 0.854226 0.243502 
52 0 9 53 
0.687078 0.866324 0.491419 0.845507 0.641527 0.663983 0.276115 0.442617 0.885153 0.728815 0.588212 0.639512 0.513173 0.963561 0.447384 0.595142 
53 10 9 1 
0.335828 0.0902664 0.471695 0.461157 0.154518 0.548028 0.898556 0.00874429 0.791529 0.628271 0.327447 0.357221 0.315349 0.193771 0.84864 0.160857 
54 3 68 38 
0.277916 0.397775 0.165786 0.866128 0.0372873 0.678959 0.829689 0.484671 0.274102 0.452052 0.49242 0.884796 0.78788 0.582686 0.356491 0.249037 
55 32 70 65 
0.745948 0.696048 0.775864 0.0733958 0.053269 0.0912135 0.267167 0.901909 0.25207 0.102465 0.414531 0.689042 0.380381 0.812306 0.854828 0.246509 
56 3 39 60 
0.334265 0.807889 0.52825 0.826684 0.692685 0.31613 0.40937 0.0491761 0.565167 0.146574 0.953695 0.71276 0.892523 0.649743 0.488624 0.965919 
57 3 4 71 
0.60492 0.831907 0.335551 0.0194517 0.520949 0.715932 0.831758 0.375777 0.962441 0.681352 0.909564 0.038639 0.0156164 0.717453 0.566889 0.842301 
58 63 0 2 
0.459314 0.448186 0.398245 0.413009 0.160946 0.290768 0.0627514 0.64957 0.256686 0.765763 0.229407 0.489772 0.370683 0.0613142 0.825323 0.390135 
59 69 0 30 
0.95804 0.503696 0.903245 0.867604 0.542335 0.918861 0.585057 0.109224 0.761162 0.995195 0.992244 0.0128326 0.454509 0.44043 0.411078 0.867518 
60 62 68 16 
0.250946 0.958532 0.696033 0.480353 0.448304 0.066716 0.541667 0.273626 0.456851 0.12393 0.814881 0.678744 0.0819702 0.318577 0.581989 0.949574 
61 3 56 0 
0.970136 0.262012 0.529826 0.96238 0.274845 0.984336 0.40281 0.685922 0.851854 0.00418614 0.387768 0.782123 0.255132 0.3463 0.478156 0.735485 
62 28 57 63 
0.0682299 0.00172308 0.401082 0.883111 0.680467 0.483052 0.201688 0.262456 0.432626 0.0625997 0.763306 0.967257 0.0327357 0.0253183 0.497084 0.995115 
63 56 3 10 
0.986085 0.333273 0.402111 0.373853 0.115397 0.657243 0.720153 0.593553 0.392728 0.514757 0.138425 0.66988 0.582986 0.140148 0.0709616 0.466097 
64 14 19 29 
0.0830713 0.98664 0.730385 0.846378 0.953897 0.763121 0.871696 0.450981 0.758236 0.171859 0.9324 0.156161 0.157944 0.265674 0.558273 0.531797 
65 29 15 24 
0.974623 0.608244 0.766707 0.113048 0.278124 0.349693 0.253196 0.349086 0.815791 0.0738109 0.903099 0.483576 0.156882 0.889739 0.213961 0.00325975 
66 20 53 1 
0.294617 0.735318 0.0468145 0.227017 0.891479 0.204759 0.492691 0.449752 0.736556 0.873761 0.665268 0.988506 0.848384 0.273512 0.755213 0.961432 
67 70 33 51 
0.900722 0.920697 0.288439 0.803822 0.404273 0.445321 0.693561 0.618234 0.448581 0.537197 0.595316 0.323536 0.831814 0.330633 0.370351 0.0588316 
68 70 9 6 
0.671864 0.311666 0.425283 0.337132 0.300172 0.273668 0.610644 0.0553852 0.235099 0.16228 0.160292 0.449727 0.0630029 0.0809891 0.738166 0.866825 
69 5 30 26 
0.103496 0.632067 0.0975831 0.698812 0.955604 0.929397 0.029445 0.325954 0.988229 0.251557 0.901064 0.539752 0.923421 0.212729 0.965035 0.260552 
70 62 35 0 
0.568286 0.473802 0.0334764 0.728578 0.923529 0.0964793 0.809567 0.661695 0.963304 0.29483 0.845182 0.52369 0.398326 0.477249 0.621273 0.0971378 
71 55 72 30 
0.758807 0.5389 0.37814 0.659871 0.0786511 0.30156 0.8726 0.0436861 0.562112 0.385502 0.282389 0.433308 0.953788 0.756191 0.466785 0.682366 
72 47 23 15 
0.341415 0.526568 0.786763 0.186597 0.0502581 0.185089 0.663846 0.671531 0.282227 0.0966991 0.222202 0.40881 0.855506 0.761101 0.78695 0.515377 
