81 6
0 1 1 0 1 1 1 1 1 0 1 1 1 1 1 1 1 1 0 0 1 0 1 1 0 1 0 0 0 0 1 1 1 1 0 1 1 1 1 1 0 1 1 0 0 1 1 0 0 0 1 0 1 1 0 1 1 1 0 0 1 0 1 1 0 0 1 0 0 0 0 1 0 0 1 1 0 1 0 1 0 
0 78 2 4 55 35 
0.49713 0.300417 0.887237 0.294263 0.733867 0.391274 0.375646 0.664065 0.546427 0.84478 0.370361 0.0972269 0.814604 0.626495 0.179069 0.646329 0.72865 0.555401 0.243477 0.0839866 0.108196 0.879814 0.948233 0.86543 0.962143 0.680611 0.873202 0.571033 0.474964 0.966196 0.930248 0.972094 0.266614 0.817485 0.266357 0.000480335 0.208759 0.642003 0.664545 0.755186 0.486783 0.0349064 0.852413 0.301387 0.661402 0.0314823 0.947716 0.390051 0.586884 0.191193 0.474038 0.695079 0.0710067 0.422271 0.560509 0.0331498 0.102882 0.433711 0.604183 0.577846 0.399907 0.534431 0.54994 0.666521 
1 79 2 17 56 40 
0.331546 0.315862 0.945083 0.366453 0.168275 0.24647 0.0278543 0.199757 0.194186 0.417906 0.786641 0.385379 0.891944 0.48172 0.456386 0.314215 0.0422296 0.489536 0.417097 0.47594 0.0937186 0.994942 0.875848 0.628149 0.544882 0.542369 0.980065 0.361179 0.20937 0.54074 0.819479 0.540916 0.856602 0.764562 0.907369 0.0248766 0.0110318 0.935223 0.224634 0.205218 0.353129 0.0112748 0.590597 0.245073 0.492995 0.0469831 0.559288 0.535225 0.536519 0.976385 0.0111651 0.630237 0.971327 0.887013 0.258387 0.516209 0.429382 0.238452 0.877387 0.638752 0.779192 0.696866 0.179668 0.635793 
2 36 64 38 58 29 
0.885304 0.677678 0.37539 0.896578 0.268275 0.620463 0.389574 0.315258 0.179751 0.924798 0.851777 0.156136 0.935963 0.482014 0.127462 0.822976 0.740401 0.643671 0.252358 0.978852 0.521058 0.89111 0.758044 0.217924 0.0707778 0.393837 0.679352 0.157815 0.0545069 0.151812 0.180076 0.93981 0.829489 0.555466 0.836389 0.0977641 0.175929 0.225962 0.413022 0.35568 0.150761 0.264799 0.511816 0.0867241 0.746813 0.639278 0.9097 0.487214 0.282949 0.162058 0.466066 0.804007 0.0531678 0.22411 0.0219319 0.123946 0.617947 0.701284 0.281761 0.672454 0.853095 0.461837 0.612264 0.682585 
3 50 11 69 49 52 
0.193371 0.548913 0.825376 0.45817 0.0607288 0.9121 0.204983 0.700007 0.821801 0.692196 0.982956 0.983859 0.158262 0.786964 0.0370267 0.382372 0.808896 0.160972 0.000318804 0.51018 0.442733 0.672773 0.363275 0.90457 0.285037 0.0458597 0.921873 0.73369 0.826208 0.115105 0.408306 0.0195792 0.664018 0.233682 0.477749 0.724747 0.145782 0.682731 0.424754 0.967583 0.374928 0.407711 0.951442 0.53319 0.194674 0.988469 0.915562 0.00357014 0.149441 0.91588 0.51375 0.592174 0.588653 0.877025 0.496744 0.87369 0.922885 0.418617 0.60738 0.749093 0.533723 0.0156854 0.768672 0.197741 
4 72 26 67 29 31 
0.362733 0.30408 0.754953 0.314175 0.837269 0.949627 0.302644 0.752831 0.953197 0.452085 0.668712 0.466947 0.0442596 0.257364 0.343972 0.541004 0.131054 0.266856 0.959621 0.738434 0.0159494 0.493344 0.754119 0.784622 0.691085 0.00348678 0.0310425 0.613573 0.398637 0.960195 0.960815 0.76137 0.264275 0.715768 0.0755447 0.101544 0.665395 0.378189 0.854375 0.618592 0.830274 0.523087 0.085539 0.874534 0.780451 0.429511 0.415538 0.911505 0.696367 0.375159 0.649939 0.712317 0.868503 0.404059 0.496938 0.559588 0.407546 0.527981 0.173161 0.806182 0.488175 0.133976 0.567552 0.75245 
5 72 48 61 60 45 
0.13373 0.851559 0.231456 0.21927 0.726093 0.0119068 0.64878 0.141631 0.923412 0.345148 0.51679 0.573352 0.0574646 0.385293 0.97741 0.554403 0.944881 0.384956 0.0823836 0.118042 0.191138 0.570559 0.252018 0.75869 0.323009 0.101761 0.401787 0.177003 0.6169 0.423072 0.885372 0.75063 0.274631 0.116828 0.9699 0.000724408 0.128735 0.61868 0.142355 0.0521469 0.963828 0.659145 0.625499 0.0212925 0.044438 0.602909 0.575695 0.989319 0.987865 0.658079 0.107361 0.179003 0.228638 0.359378 0.937694 0.551647 0.46114 0.33948 0.72865 0.0780393 0.762552 0.614022 0.82867 0.0371833 
6 28 74 21 19 9 
0.180263 0.911732 0.381077 0.839408 0.53723 0.40237 0.883846 0.140139 0.978065 0.873165 0.128005 0.636144 0.980525 0.307008 0.864783 0.339904 0.244702 0.41643 0.801043 0.584182 0.14508 0.879082 0.346734 0.759102 0.707752 0.383917 0.489952 0.506321 0.421825 0.349537 0.923571 0.602088 0.261269 0.304648 0.441496 0.7985 0.707018 0.325342 0.938639 0.685084 0.198507 0.0666435 0.321228 0.179032 0.373652 0.186011 0.518936 0.618353 0.60244 0.319979 0.202535 0.74752 0.199061 0.549269 0.506623 0.906813 0.933186 0.996575 0.413135 0.35501 0.346112 0.336706 0.957098 0.607382 
7 35 75 4 72 49 
0.34452 0.0334564 0.922442 0.411164 0.354685 0.101474 0.784815 0.540695 0.62041 0.403168 0.143136 0.940389 0.605703 0.890656 0.13945 0.154972 0.397279 0.0462633 0.0881574 0.393854 0.459398 0.443168 0.739966 0.796104 0.400266 0.347348 0.437458 0.79886 0.753229 0.78583 0.522795 0.097749 0.819287 0.445238 0.508913 0.173971 0.546712 0.293728 0.714667 0.167122 0.696896 0.857803 0.107511 0.302599 0.748459 0.246961 0.457571 0.145738 0.293224 0.545728 0.539592 0.752622 0.988896 0.279558 0.548726 0.389162 0.626906 0.986184 0.188022 0.380135 0.772014 0.710817 0.477884 0.591301 
8 4 39 55 16 3 
0.479939 0.869889 0.97742 0.337742 0.977399 0.280019 0.0862008 0.22436 0.73759 0.231939 0.517584 0.283318 0.771531 0.270206 0.272215 0.0510887 0.818932 0.661377 0.677995 0.805115 0.849399 0.0581295 0.577129 0.560216 0.536013 0.16843 0.716271 0.52281 0.933702 0.419038 0.803334 0.413641 0.288927 0.780754 0.751382 0.266327 0.0607736 0.837583 0.490687 0.798364 0.069522 0.00827041 0.0816823 0.841053 0.278476 0.353897 0.892141 0.0974077 0.0152736 0.570136 0.902523 0.864672 0.628266 0.479652 0.424888 0.164279 0.648082 0.141159 0.687089 0.581783 0.560198 0.490423 0.995424 0.849125 
9 47 8 78 55 22 
0.606138 0.130314 0.653912 0.614409 0.211997 0.494964 0.892885 0.565894 0.387106 0.990292 0.581167 0.957242 0.892815 0.445839 0.585507 0.372467 0.870728 0.749786 0.0205486 0.0118869 0.436875 0.602332 0.572085 0.927298 0.597756 0.421209 0.198475 0.344563 0.536661 0.530425 0.928952 0.142799 0.66074 0.582864 0.757208 0.872736 0.0778285 0.650092 0.43863 0.464934 0.640385 0.0197968 0.422176 0.5332 0.465636 0.00768375 0.905667 0.336364 0.75747 0.926215 0.348251 0.194345 0.528548 0.920335 0.121642 0.126304 0.341545 0.320117 0.470866 0.878205 0.850542 0.399819 0.0210045 0.511282 
10 57 37 25 73 26 
0.822648 0.525446 0.068689 0.842444 0.947622 0.601889 0.30808 0.955306 0.507556 0.644444 0.712776 0.433771 0.992695 0.907121 0.962319 0.91303 0.028763 0.0886223 0.254574 0.34888 0.559489 0.13278 0.199422 0.959307 0.153784 0.710704 0.94199 0.931996 0.0947214 0.00250095 0.3603 0.917369 0.527947 0.428989 0.759813 0.475568 0.0308782 0.0678937 0.430874 0.538434 0.712338 0.14365 0.972205 0.705032 0.0507702 0.934524 0.618062 0.0795332 0.023146 0.872636 0.428413 0.582635 0.00541578 0.627835 0.541942 0.1592 0.338539 0.483931 0.091196 0.43326 0.486432 0.451496 0.350629 0.0143789 
11 44 80 38 54 7 
0.449798 0.890674 0.064471 0.422003 0.595706 0.115241 0.356526 0.213768 0.194774 0.379672 0.0864042 0.623188 0.962307 0.09182 0.251023 0.504248 0.25102 0.589562 0.98818 0.342216 0.0228218 0.474612 0.793712 0.373451 0.488991 0.674198 0.483893 0.978938 0.585562 0.662229 0.89976 0.0353597 0.552903 0.964231 0.457362 0.148609 0.0794719 0.813889 0.362377 0.274246 0.193561 0.448781 0.897434 0.155868 0.540601 0.148457 0.660116 0.791621 0.738018 0.648296 0.133836 0.76084 0.122909 0.927549 0.134291 0.6119 0.601747 0.618184 0.590838 0.187308 0.280413 0.490598 0.222668 0.833316 
12 59 24 43 21 45 
0.344301 0.808547 0.68748 0.793082 0.705981 0.843348 0.333682 0.854438 0.503465 0.125303 0.592456 0.151761 0.259139 0.353296 0.27467 0.186688 0.487587 0.88657 0.788434 0.105771 0.477408 0.975743 0.386184 0.968006 0.198411 0.2195 0.422834 0.878441 0.201424 0.957135 0.372361 0.545725 0.765682 0.0598413 0.338806 0.471662 0.90319 0.672489 0.3261 0.406655 0.797792 0.918556 0.558416 0.0569312 0.271852 0.833086 0.243619 0.75944 0.719656 0.0320535 0.865211 0.197064 0.00779636 0.251395 0.165069 0.206207 0.470894 0.587904 0.0846488 0.672318 0.545038 0.45701 0.218043 0.31072 
13 34 8 18 57 51 
0.108483 0.826696 0.0271302 0.0270388 0.385112 0.0840614 0.298891 0.218198 0.327681 0.0583308 0.937854 0.359734 0.923541 0.134917 0.36753 0.174936 0.299987 0.573738 0.645831 0.887891 0.658387 0.318149 0.432929 0.115396 0.536192 0.743649 0.632247 0.0930415 0.526031 0.0522879 0.32238 0.634514 0.878984 0.34951 0.661553 0.264095 0.433572 0.960444 0.482293 0.761252 0.0187749 0.420147 0.120986 0.942316 0.555064 0.488516 0.117252 0.855051 0.0622542 0.763083 0.742941 0.720641 0.0812317 0.17587 0.836037 0.617424 0.919519 0.468284 0.710465 0.445551 0.520572 0.032845 0.0800649 0.399556 
14 6 29 11 80 44 
0.577179 0.720837 0.56609 0.698165 0.663153 0.121155 0.186681 0.780406 0.976206 0.248935 0.543488 0.719147 0.969576 0.62472 0.895017 0.805613 0.242144 0.814537 0.273897 0.952609 0.260087 0.794469 0.985454 0.340152 0.194025 0.367809 0.0817701 0.857675 0.183736 0.783832 0.00361911 0.760914 0.504669 0.56971 0.459079 0.167822 0.690864 0.64576 0.948228 0.66707 0.894696 0.491716 0.386217 0.864272 0.116436 0.281234 0.669885 0.35858 0.0957706 0.943782 0.311189 0.355858 0.738251 0.296643 0.69601 0.932276 0.664452 0.777781 0.789951 0.848187 0.561613 0.793571 0.609102 0.0662815 
15 60 21 8 71 62 
0.182331 0.721214 0.608637 0.674047 0.10743 0.472909 0.790483 0.388664 0.142794 0.149063 0.484435 0.0865766 0.460252 0.840293 0.824828 0.756895 0.536304 0.757104 0.421347 0.314084 0.547056 0.269534 0.875697 0.340626 0.878636 0.941978 0.703906 0.946817 0.176082 0.758051 0.660758 0.358413 0.479264 0.269395 0.0324596 0.586695 0.742304 0.822943 0.975359 0.885099 0.972006 0.459794 0.971675 0.432258 0.300087 0.796503 0.189153 0.836391 0.553608 0.610499 0.150475 0.100663 0.880033 0.0261715 0.441289 0.758669 0.96815 0.145196 0.705485 0.144231 0.903246 0.366243 0.502644 0.382511 
16 50 19 0 71 61 
0.944565 0.263041 0.330052 0.404359 0.234717 0.76231 0.704446 0.0312198 0.951462 0.540837 0.584827 0.561961 0.691312 0.68549 0.441994 0.717484 0.12678 0.200663 0.685633 0.271975 0.906148 0.829864 0.175222 0.272392 0.332508 0.557732 0.90803 0.867611 0.526937 0.285973 0.225657 0.471502 0.549014 0.555709 0.875861 0.783731 0.318019 0.580307 0.81495 0.269481 0.121144 0.399778 0.831442 0.812456 0.0852682 0.273436 0.52994 0.212048 0.474099 0.215573 0.484023 0.380248 0.0454374 0.659245 0.652639 0.377945 0.216977 0.56067 0.245557 0.743914 0.846642 0.471214 0.215417 0.395657 
17 45 56 63 20 27 
0.614423 0.792729 0.394115 0.445865 0.605186 0.479384 0.719301 0.135125 0.691432 0.1934 0.350699 0.175455 0.573648 0.396136 0.8347 0.226287 0.774081 0.0516768 0.786957 0.0196381 0.795591 0.633599 0.490852 0.0110077 0.0292559 0.517776 0.102285 0.208643 0.862718 0.77387 0.202981 0.477141 0.566599 0.597096 0.923006 0.171785 0.0764797 0.642307 0.30691 0.767911 0.835707 0.657609 0.943366 0.409355 0.0537446 0.778066 0.635642 0.827826 0.829743 0.422599 0.847464 0.625334 0.0561985 0.338316 0.636342 0.0854544 0.856092 0.738627 0.294098 0.71881 0.512497 0.497078 0.19595 0.0790962 
18 70 52 41 47 28 
0.557791 0.938565 0.59697 0.2154 0.881931 0.00632472 0.269144 0.659998 0.641967 0.0969702 0.48974 0.0645661 0.944434 0.115075 0.120765 0.28275 0.751416 0.206219 0.138842 0.490043 0.500317 0.857652 0.00254038 0.997395 0.0536019 0.0816366 0.091569 0.172558 0.332517 0.262223 0.933821 0.890309 0.200788 0.53079 0.105708 0.0827196 0.537115 0.374853 0.742717 0.179082 0.471823 0.232458 0.243648 0.416257 0.347532 0.364413 0.699007 0.0989484 0.570632 0.837849 0.588992 0.0709482 0.695501 0.591532 0.068343 0.749103 0.673169 0.159912 0.921661 0.00568614 0.422135 0.855481 0.895995 0.622923 
19 10 76 56 49 74 
0.44836 0.102469 0.848378 0.680817 0.346117 0.264635 0.0283494 0.710529 0.963643 0.127298 0.281161 0.801492 0.71629 0.352109 0.496993 0.307822 0.420452 0.246095 0.98099 0.580364 0.167756 0.986676 0.00249936 0.0232371 0.882671 0.625423 0.409509 0.884374 0.331065 0.332895 0.26093 0.779425 0.435364 0.109308 0.460242 0.781481 0.373944 0.488592 0.49201 0.337586 0.61589 0.773171 0.139078 0.332179 0.125281 0.636071 0.640001 0.545733 0.882166 0.620991 0.126097 0.0499221 0.607667 0.128597 0.0731592 0.490339 0.754019 0.482668 0.374713 0.0850844 0.815563 0.635642 0.864509 0.250927 
20 11 41 8 76 54 
0.524418 0.45648 0.429234 0.297589 0.595558 0.761413 0.422869 0.231629 0.401414 0.968602 0.113795 0.0224046 0.0946996 0.163717 0.630072 0.223296 0.236876 0.120411 0.977315 0.719544 0.495123 0.0623997 0.535107 0.130765 0.926909 0.786034 0.875716 0.251661 0.818442 0.99461 0.065005 0.34286 0.45109 0.494239 0.640448 0.0466478 0.255651 0.0633179 0.278276 0.657065 0.0319203 0.392071 0.67947 0.12662 0.555788 0.309542 0.349916 0.792664 0.429952 0.327231 0.512208 0.925075 0.389631 0.0473153 0.0558408 0.31654 0.833349 0.931557 0.568202 0.651791 0.926166 0.633207 0.994651 0.377256 
21 36 30 50 77 45 
0.70218 0.0401615 0.730337 0.0942517 0.719631 0.856957 0.65004 0.0291728 0.206873 0.442704 0.459125 0.534105 0.954912 0.3842 0.923736 0.00222749 0.440041 0.240276 0.835577 0.371598 0.808478 0.487368 0.297764 0.441684 0.482019 0.67502 0.56913 0.117118 0.0989241 0.952226 0.815535 0.801104 0.992388 0.545872 0.895356 0.712019 0.40283 0.545396 0.741191 0.609703 0.9881 0.200317 0.143808 0.943012 0.584517 0.0675438 0.94524 0.0245582 0.30782 0.780817 0.396156 0.116298 0.268185 0.69392 0.557982 0.750203 0.36894 0.127112 0.867321 0.467864 0.079338 0.682856 0.268969 0.0717255 
22 23 52 58 77 7 
0.524936 0.241261 0.697821 0.725252 0.385069 0.640833 0.309769 0.452613 0.586073 0.334327 0.760433 0.366889 0.730483 0.876731 0.635074 0.424403 0.434713 0.385277 0.793344 0.561825 0.252598 0.261208 0.641163 0.935455 0.530177 0.712889 0.164183 0.694502 0.496633 0.795741 0.404223 0.0215685 0.0370022 0.102043 0.746821 0.422071 0.742876 0.0565897 0.874684 0.328949 0.390917 0.635117 0.695839 0.1214 0.511847 0.330913 0.545804 0.946561 0.71619 0.339147 0.508386 0.968788 0.600355 0.149549 0.904243 0.130532 0.862438 0.0684257 0.825034 0.359071 0.864167 0.229256 0.380639 0.901169 
23 26 0 46 79 25 
0.197924 0.403125 0.574966 0.83304 0.098964 0.696366 0.344888 0.429876 0.24217 0.291448 0.146066 0.581317 0.799834 0.114854 0.181672 0.949384 0.0190971 0.312204 0.811821 0.0875228 0.137238 0.170892 0.95169 0.366494 0.551531 0.852858 0.697794 0.678991 0.176098 0.77197 0.86304 0.374022 0.175096 0.438007 0.207062 0.27406 0.134373 0.55195 0.703936 0.376543 0.843399 0.850002 0.95786 0.643233 0.964857 0.139533 0.592616 0.983954 0.451737 0.404438 0.0714766 0.588975 0.57533 0.0231662 0.95547 0.126861 0.876025 0.653264 0.805852 0.0521231 0.425234 0.668892 0.426145 0.60033 
24 26 22 79 13 23 
0.578326 0.617815 0.0285563 0.428328 0.575675 0.671789 0.393185 0.715208 0.264406 0.377138 0.166945 0.668844 0.448615 0.755921 0.244173 0.471781 0.71139 0.371034 0.347806 0.364655 0.176886 0.399929 0.789889 0.845778 0.826074 0.390219 0.952677 0.459282 0.264608 0.193949 0.64444 0.842934 0.811763 0.672996 0.271262 0.387438 0.344785 0.664446 0.102646 0.609191 0.0415846 0.269591 0.278034 0.4902 0.0255118 0.522208 0.961981 0.736902 0.893242 0.309787 0.101557 0.0701284 0.709716 0.891446 0.915907 0.53579 0.281664 0.868584 0.995072 0.546272 0.0625323 0.639512 0.389206 0.874296 
25 16 36 2 59 6 
0.266483 0.366498 0.633971 0.544518 0.856698 0.659483 0.0667255 0.818679 0.396386 0.959968 0.128466 0.497942 0.030096 0.838182 0.389388 0.946003 0.373972 0.671052 0.814587 0.369044 0.217325 0.877119 0.00855599 0.606531 0.751415 0.321064 0.266998 0.0131485 0.978356 0.591912 0.377529 0.24484 0.95841 0.0115001 0.789357 0.815108 0.670983 0.856083 0.633787 0.0673689 0.81605 0.762253 0.565311 0.846146 0.600435 0.954699 0.792149 0.974408 0.625751 0.606736 0.343452 0.843076 0.483855 0.352008 0.449607 0.235269 0.673071 0.716605 0.248418 0.651428 0.308517 0.625946 0.896267 0.266927 
26 38 68 65 31 52 
0.715823 0.375799 0.357757 0.478076 0.94111 0.203904 0.0785116 0.895809 0.996053 0.0529192 0.52156 0.602788 0.396371 0.364636 0.0866429 0.748379 0.814243 0.321912 0.42145 0.530848 0.57033 0.0728779 0.839365 0.196276 0.969145 0.106292 0.833722 0.654769 0.188328 0.142152 0.196476 0.904151 0.51795 0.554233 0.382227 0.45906 0.758137 0.460738 0.354869 0.75419 0.513658 0.876429 0.356978 0.910029 0.241066 0.443621 0.658408 0.0553085 0.765533 0.079858 0.586156 0.335862 0.152736 0.425521 0.532138 0.121881 0.531814 0.36586 0.77665 0.720141 0.508012 0.973126 0.624292 0.0259623 
27 22 80 73 69 10 
0.839891 0.0396864 0.980914 0.716321 0.396665 0.890943 0.957386 0.840285 0.549351 0.0126945 0.605818 0.629209 0.598851 0.941681 0.781945 0.0243724 0.473819 0.903826 0.556186 0.839679 0.680476 0.276327 0.347691 0.653602 0.900619 0.373654 0.180962 0.907138 0.858676 0.466458 0.374395 0.698567 0.506145 0.355309 0.414888 0.902809 0.246252 0.372274 0.743095 0.795603 0.384968 0.348913 0.424812 0.983819 0.290594 0.206756 0.00819193 0.764413 0.110582 0.564378 0.604093 0.791057 0.840705 0.951784 0.444659 0.741324 0.325438 0.625621 0.648462 0.184114 0.0920794 0.0228571 0.882681 0.598224 
28 68 11 21 25 8 
0.244128 0.420022 0.0548117 0.593041 0.844833 0.0386312 0.883635 0.0515897 0.0468231 0.648049 0.162172 0.611201 0.252141 0.953229 0.451906 0.203925 0.397888 0.193231 0.529363 0.0235095 0.841693 0.713477 0.115589 0.86455 0.596159 0.713813 0.242716 0.893728 0.214846 0.867135 0.563571 0.458975 0.287157 0.618383 0.052016 0.13199 0.657014 0.935651 0.18358 0.703838 0.5837 0.345751 0.315039 0.835841 0.29898 0.766945 0.0397668 0.696869 0.960176 0.56913 0.720378 0.801869 0.282608 0.835967 0.666419 0.878766 0.54978 0.909136 0.772494 0.764627 0.776271 0.336066 0.223601 0.0634274 
29 61 39 41 8 19 
0.794969 0.724749 0.63034 0.630811 0.0237291 0.397285 0.670577 0.720598 0.35746 0.239708 0.440976 0.159329 0.522315 0.276944 0.825748 0.401081 0.826724 0.734884 0.173576 0.591351 0.511154 0.509642 0.814952 0.574582 0.464091 0.0905697 0.769999 0.0755543 0.301839 0.148997 0.390855 0.0968077 0.873746 0.0211949 0.727618 0.897475 0.418479 0.398196 0.618073 0.77594 0.637903 0.0590491 0.935269 0.160218 0.335993 0.761017 0.5613 0.162717 0.495901 0.734876 0.754067 0.00705577 0.244517 0.569019 0.581638 0.708608 0.659589 0.351637 0.784163 0.961428 0.500634 0.175018 0.0582354 0.37438 
30 15 38 63 79 62 
0.390632 0.821952 0.948976 0.325901 0.982171 0.284969 0.0869186 0.54347 0.447685 0.58282 0.278346 0.201753 0.589876 0.522863 0.770772 0.171513 0.231471 0.430361 0.52315 0.0156341 0.391789 0.0237844 0.190652 0.450024 0.398164 0.386865 0.235878 0.670018 0.00155707 0.419927 0.559945 0.392189 0.241879 0.508921 0.71809 0.22405 0.79389 0.805009 0.76752 0.241575 0.387829 0.0458658 0.443328 0.977705 0.568729 0.2141 0.149218 0.8002 0.644461 0.672368 0.815834 0.0362497 0.696153 0.00648642 0.486274 0.0943167 0.393351 0.722152 0.764335 0.394908 0.142079 0.32428 0.787097 0.383958 
31 8 52 16 5 48 
0.375528 0.868666 0.698026 0.421394 0.311994 0.67573 0.990123 0.526094 0.824948 0.790323 0.170554 0.497317 0.606158 0.206804 0.19347 0.612644 0.693078 0.287786 0.00599542 0.41523 0.0521211 0.400904 0.557309 0.376401 0.188001 0.941267 0.209602 0.693189 0.549276 0.836693 0.00338579 0.924804 0.705359 0.701411 0.346198 0.0173528 0.377142 0.336321 0.543446 0.20209 0.126644 0.714001 0.699407 0.732802 0.920805 0.892877 0.345446 0.613883 0.180663 0.351442 0.0291128 0.232784 0.752345 0.586422 0.609185 0.940347 0.527689 0.818787 0.633536 0.0769645 0.65548 0.636921 0.00176844 0.360839 
32 45 42 41 0 72 
0.921638 0.917565 0.810932 0.635639 0.616972 0.543734 0.556444 0.509848 0.88918 0.170327 0.690511 0.240622 0.199439 0.923295 0.992968 0.785861 0.53248 0.933314 0.31355 0.351267 0.56685 0.390515 0.00674751 0.203771 0.392283 0.367587 0.542104 0.740249 0.745779 0.257579 0.424537 0.667417 0.175144 0.235469 0.303056 0.792116 0.779203 0.859499 0.301965 0.668383 0.0298258 0.992476 0.909006 0.229265 0.915771 0.901973 0.0151261 0.448251 0.835287 0.328676 0.799519 0.402137 0.719191 0.806266 0.605909 0.111474 0.173853 0.148013 0.851723 0.919632 0.405593 0.27626 0.587048 0.580737 
33 30 43 49 26 9 
0.674817 0.959315 0.779429 0.667293 0.868321 0.00869429 0.583065 0.770294 0.0238204 0.0313161 0.605582 0.352497 0.830835 0.00771893 0.0716872 0.637101 0.613628 0.183161 0.810954 0.761641 0.0348837 0.730586 0.167234 0.311144 0.317634 0.74797 0.822873 0.207738 0.120823 0.113805 0.957342 0.795641 0.0731199 0.736771 0.462934 0.941441 0.745465 0.0459986 0.711735 0.769286 0.0773146 0.317316 0.121782 0.90815 0.325035 0.193469 0.545251 0.938663 0.37663 0.356205 0.700304 0.411514 0.0867914 0.867538 0.722657 0.404426 0.615508 0.54553 0.612164 0.736331 0.659335 0.569506 0.531972 0.732454 
34 79 80 39 30 56 
0.38563 0.821027 0.118219 0.702947 0.94281 0.0263687 0.0279821 0.136279 0.57162 0.966645 0.512909 0.927825 0.66695 0.924423 0.0146165 0.534487 0.64708 0.419042 0.149996 0.19261 0.0312064 0.886327 0.851945 0.600712 0.418299 0.584399 0.906989 0.413205 0.258294 0.958731 0.454109 0.643925 0.779758 0.572328 0.346871 0.722568 0.598697 0.374853 0.858847 0.170317 0.341499 0.371756 0.0981417 0.00844833 0.296178 0.112758 0.542936 0.943258 0.5318 0.692931 0.135868 0.563007 0.579258 0.987813 0.163719 0.997557 0.572212 0.0707083 0.410761 0.830506 0.0294392 0.864871 0.474431 0.809198 
35 69 47 44 59 19 
0.390612 0.206213 0.537655 0.762368 0.304354 0.546103 0.0585465 0.417113 0.0890388 0.00180486 0.948913 0.78197 0.137673 0.51192 0.361228 0.125486 0.675639 0.358785 0.697698 0.746347 0.769546 0.528205 0.775787 0.634417 0.00263592 0.584984 0.0716158 0.823938 0.11675 0.107512 0.0200944 0.507362 0.313724 0.557749 0.269731 0.618078 0.103852 0.328277 0.035191 0.192891 0.330082 0.984104 0.974861 0.467755 0.496024 0.336089 0.593241 0.171663 0.694874 0.29094 0.918011 0.46442 0.819145 0.693797 0.0988369 0.821781 0.278782 0.170453 0.645719 0.395531 0.277964 0.665813 0.902894 0.591688 
36 49 28 38 6 30 
0.520306 0.830984 0.229062 0.495167 0.298739 0.725086 0.831256 0.89198 0.896749 0.526129 0.18292 0.81476 0.990549 0.00206469 0.508557 0.0893863 0.823845 0.787338 0.259839 0.469564 0.18287 0.537803 0.135377 0.0857638 0.129492 0.35894 0.258388 0.339259 0.686354 0.75929 0.584217 0.20666 0.590273 0.813279 0.701827 0.889012 0.538364 0.533082 0.780993 0.435114 0.0592115 0.963913 0.249873 0.0497609 0.965977 0.75843 0.139147 0.789823 0.545768 0.398986 0.259387 0.728638 0.936789 0.394764 0.814402 0.0662811 0.753704 0.0727904 0.40554 0.440058 0.83208 0.989756 0.646718 0.422354 
37 65 25 57 22 24 
0.776513 0.940839 0.0562713 0.0263861 0.990599 0.0222487 0.784816 0.129747 0.812071 0.330584 0.528733 0.071458 0.0592227 0.465522 0.466222 0.873625 0.531803 0.219926 0.946415 0.937343 0.659984 0.778495 0.927099 0.306703 0.200849 0.730134 0.655248 0.512215 0.0715339 0.536875 0.604574 0.848047 0.477713 0.660845 0.874433 0.468312 0.683094 0.659249 0.598059 0.495165 0.989833 0.126792 0.566623 0.0490561 0.592314 0.0328451 0.922681 0.124117 0.252771 0.869096 0.0614603 0.912755 0.647591 0.98856 0.219458 0.848441 0.718694 0.874706 0.360656 0.790228 0.41158 0.96523 0.638275 0.889293 
38 0 48 6 44 66 
0.955665 0.804334 0.16179 0.0824563 0.370957 0.210847 0.67477 0.403802 0.133527 0.798887 0.656573 0.00262352 0.860348 0.569328 0.650215 0.848907 0.788786 0.498656 0.567602 0.663492 0.859311 0.35783 0.0750718 0.824541 0.996105 0.964365 0.450616 0.508813 0.32197 0.759784 0.68077 0.277635 0.564118 0.84256 0.360091 0.935074 0.0534065 0.0348617 0.338876 0.186934 0.833749 0.995449 0.189558 0.694097 0.564777 0.839772 0.543004 0.353563 0.338428 0.110606 0.017055 0.197739 0.468436 0.0921268 0.0222803 0.46454 0.0564918 0.472896 0.973353 0.378462 0.23268 0.654122 0.656097 0.796798 
39 55 22 71 77 28 
0.0707484 0.737023 0.8848 0.0661973 0.92658 0.578896 0.630974 0.766353 0.121901 0.984538 0.104781 0.232507 0.00159276 0.30252 0.700942 0.0937196 0.3248 0.165482 0.150211 0.797696 0.138835 0.528674 0.0303765 0.792958 0.184771 0.827174 0.28964 0.20096 0.559047 0.839729 0.25201 0.629795 0.576752 0.13681 0.695992 0.503332 0.715706 0.326967 0.269685 0.837607 0.311505 0.374465 0.0701135 0.313097 0.676986 0.771056 0.406817 0.00178615 0.936538 0.557028 0.799483 0.0753734 0.0857018 0.829859 0.868331 0.270473 0.657033 0.157971 0.471432 0.21608 0.9977 0.723442 0.845875 0.574451 
40 28 61 2 31 60 
0.347468 0.413565 0.180339 0.721933 0.483678 0.493436 0.398919 0.254734 0.900253 0.400705 0.191272 0.457281 0.200188 0.266646 0.542983 0.0300466 0.134977 0.813456 0.68708 0.292948 0.284888 0.90316 0.290647 0.00833053 0.749035 0.865099 0.868583 0.290902 0.942882 0.444541 0.159737 0.290349 0.858106 0.340075 0.0122824 0.341784 0.833511 0.411201 0.596519 0.733764 0.811906 0.787791 0.191045 0.0120939 0.0544367 0.734028 0.0421405 0.189413 0.547484 0.72922 0.482361 0.832372 0.63238 0.773008 0.840703 0.381415 0.638107 0.709285 0.672318 0.580989 0.153826 0.832054 0.871338 0.011932 
41 2 29 7 40 30 
0.950235 0.739405 0.106728 0.738026 0.93045 0.118822 0.792462 0.664479 0.160962 0.981876 0.211963 0.890183 0.464237 0.0443351 0.522563 0.237246 0.885038 0.903978 0.875353 0.594323 0.576296 0.456341 0.748149 0.40835 0.327679 0.760081 0.58048 0.211299 0.113798 0.58612 0.506121 0.0640324 0.325525 0.612848 0.802058 0.255976 0.73167 0.594521 0.920455 0.892632 0.576397 0.132417 0.782815 0.0406337 0.176752 0.305378 0.277879 0.0617902 0.209356 0.153232 0.656113 0.785652 0.609573 0.404263 0.194002 0.937252 0.164344 0.774482 0.148551 0.278141 0.360602 0.654672 0.342174 0.686128 
42 12 15 41 38 43 
0.862558 0.891823 0.315149 0.994975 0.674638 0.355783 0.171728 0.980016 0.633662 0.233518 0.189372 0.786894 0.889631 0.975024 0.396467 0.293894 0.169026 0.333719 0.458238 0.943508 0.48227 0.736379 0.30411 0.136942 0.0785531 0.990238 0.404462 0.222785 0.932342 0.403652 0.961538 0.7949 0.295475 0.276687 0.789875 0.970113 0.63247 0.961603 0.950128 0.266132 0.195121 0.1395 0.0530262 0.0847524 0.114524 0.449493 0.378646 0.28355 0.783212 0.836884 0.227058 0.265482 0.573264 0.531169 0.402424 0.651817 0.521407 0.806886 0.874602 0.453748 0.210538 0.83614 0.248648 0.506014 
43 39 31 27 18 9 
0.426255 0.0114288 0.195246 0.565755 0.064455 0.279999 0.680279 0.513948 0.658645 0.963829 0.297161 0.49553 0.190887 0.562643 0.0687931 0.722056 0.965067 0.72061 0.243463 0.771953 0.595212 0.697211 0.982491 0.431351 0.945858 0.488505 0.544178 0.984381 0.964631 0.289474 0.984507 0.390886 0.300903 0.179753 0.956642 0.365358 0.459752 0.636921 0.879306 0.118397 0.60075 0.176467 0.613927 0.791638 0.73911 0.68272 0.513694 0.704176 0.40333 0.757156 0.476129 0.998541 0.454367 0.45862 0.429892 0.400226 0.947125 0.97407 0.384607 0.911756 0.263544 0.369113 0.302643 0.564447 
44 60 16 5 6 66 
0.809111 0.127015 0.496956 0.985578 0.740941 0.288593 0.724688 0.423661 0.802287 0.428864 0.826991 0.559443 0.904993 0.825532 0.0138106 0.363613 0.255424 0.414036 0.310738 0.229493 0.798643 0.222494 0.493037 0.167756 0.525137 0.0574841 0.716622 0.784422 0.987289 0.72524 0.680627 0.7964 0.852255 0.177583 0.781978 0.593196 0.466176 0.506666 0.016857 0.268463 0.93553 0.843848 0.827907 0.840523 0.669379 0.841717 0.204136 0.924803 0.255753 0.514873 0.154296 0.0543962 0.737368 0.647333 0.222152 0.262505 0.704818 0.938774 0.0469266 0.692107 0.664014 0.727554 0.488507 0.516268 
45 56 48 59 31 22 
0.639776 0.712681 0.970169 0.467682 0.553203 0.639548 0.3094 0.757339 0.564351 0.565153 0.272212 0.718647 0.619549 0.00957991 0.365981 0.841701 0.272085 0.0707982 0.780476 0.319011 0.762905 0.444489 0.0465651 0.251412 0.960758 0.951701 0.521897 0.070222 0.323014 0.299048 0.196543 0.96279 0.0117285 0.166712 0.430472 0.564932 0.80626 0.739872 0.32227 0.370611 0.305025 0.594483 0.089258 0.924574 0.604062 0.455239 0.766276 0.876147 0.526037 0.546751 0.195159 0.288942 0.991241 0.241724 0.540353 0.951998 0.193425 0.0622503 0.0222204 0.516439 0.361298 0.218764 0.479229 0.373027 
46 57 33 38 76 48 
0.260229 0.562346 0.954597 0.854711 0.651604 0.879172 0.458774 0.106843 0.645447 0.334921 0.63288 0.192199 0.53008 0.921821 0.183439 0.771804 0.462175 0.135438 0.965229 0.524425 0.157658 0.481668 0.885723 0.376422 0.960897 0.25875 0.761897 0.870597 0.196708 0.953633 0.52017 0.456937 0.515979 0.474767 0.311649 0.167583 0.353939 0.770422 0.274426 0.999386 0.105344 0.907306 0.191584 0.635423 0.829127 0.375024 0.407227 0.291302 0.510461 0.372456 0.815727 0.668119 0.854124 0.70145 0.0445409 0.81502 0.9602 0.806438 0.685618 0.156909 0.760071 0.205788 0.613846 0.27605 
47 75 31 66 18 34 
0.718059 0.0338791 0.801261 0.625365 0.225464 0.436684 0.454492 0.600487 0.843911 0.745793 0.110948 0.216367 0.56152 0.779068 0.0704906 0.262971 0.823609 0.885511 0.223171 0.630047 0.571129 0.38008 0.390117 0.776916 0.993925 0.666167 0.457471 0.91942 0.1098 0.491964 0.615337 0.827859 0.525843 0.416598 0.453223 0.751307 0.853282 0.907715 0.351794 0.697193 0.653508 0.462743 0.913559 0.215028 0.24181 0.98405 0.477999 0.065419 0.869561 0.70117 0.695466 0.44069 0.0812493 0.0855831 0.217606 0.0751747 0.75175 0.675077 0.994595 0.86155 0.167042 0.609932 0.689408 0.692885 
48 52 17 40 53 7 
0.795986 0.577003 0.703854 0.258729 0.490563 0.918882 0.500539 0.474613 0.396881 0.565958 0.344174 0.0980508 0.261424 0.784864 0.1793 0.347007 0.00247004 0.254475 0.098757 0.677547 0.249069 0.960307 0.844589 0.859001 0.649715 0.537474 0.88553 0.792346 0.981666 0.765341 0.842692 0.777652 0.342344 0.546546 0.0363807 0.832907 0.465428 0.53692 0.30752 0.862309 0.102878 0.651694 0.96036 0.364301 0.436557 0.13966 0.711308 0.439027 0.394135 0.810065 0.116575 0.643204 0.770372 0.961164 0.502205 0.420087 0.498638 0.387736 0.212433 0.480304 0.153077 0.0551254 0.257956 0.495421 
49 22 0 17 37 62 
0.635848 0.929409 0.934134 0.287541 0.889769 0.298435 0.724099 0.0294288 0.00974383 0.163126 0.423564 0.819809 0.279701 0.0667679 0.590181 0.240865 0.568973 0.0102682 0.739502 0.956709 0.222701 0.219806 0.109785 0.277827 0.477762 0.605206 0.879498 0.772099 0.933534 0.946598 0.603355 0.569382 0.876006 0.537489 0.856923 0.765775 0.835924 0.581021 0.795204 0.845668 0.744147 0.218768 0.665477 0.0238483 0.285536 0.255659 0.264713 0.854509 0.265927 0.00421534 0.811218 0.488628 0.224022 0.921003 0.766455 0.701784 0.526209 0.645953 0.473882 0.459743 0.592551 0.0772374 0.0291247 0.468557 
50 21 76 34 0 53 
0.0295364 0.296319 0.211216 0.248304 0.961796 0.235065 0.53384 0.217455 0.499778 0.388349 0.483382 0.503993 0.199566 0.97201 0.728015 0.120569 0.738465 0.429798 0.646778 0.384418 0.903681 0.106522 0.976969 0.980918 0.135646 0.445527 0.595644 0.0216939 0.679859 0.046295 0.488763 0.709395 0.342614 0.699979 0.957699 0.30441 0.935044 0.491539 0.521865 0.434822 0.879888 0.00524683 0.938815 0.0794538 0.977257 0.666829 0.200023 0.715722 0.0966276 0.846801 0.10014 0.000308223 0.953323 0.0771094 0.981226 0.0889693 0.522636 0.576871 0.110663 0.202495 0.623166 0.599426 0.91189 0.96578 
51 31 11 73 76 23 
0.792055 0.669271 0.241017 0.797302 0.608086 0.32047 0.774559 0.274915 0.520493 0.49028 0.371542 0.367295 0.590421 0.371851 0.320618 0.66753 0.353077 0.409587 0.190166 0.929948 0.52025 0.392661 0.553113 0.119676 0.304551 0.518893 0.419081 0.174141 0.789083 0.653531 0.53527 0.581137 0.322802 0.776286 0.378439 0.930887 0.0967568 0.152998 0.205802 0.61725 0.643278 0.577345 0.984545 0.233699 0.949195 0.305163 0.901229 0.302272 0.71475 0.0913945 0.23222 0.235 0.484055 0.785333 0.354676 0.788606 0.304226 0.773758 0.962747 0.0933081 0.427288 0.498017 0.674446 0.75009 
52 46 76 67 48 79 
0.886779 0.988311 0.849161 0.464123 0.972856 0.0828594 0.413319 0.278019 0.984088 0.715591 0.992768 0.0754825 0.947811 0.227768 0.559538 0.733143 0.582445 0.348144 0.0373689 0.356202 0.310892 0.130677 0.78349 0.808909 0.805123 0.53358 0.0832126 0.858007 0.214557 0.454273 0.0638899 0.101335 0.442584 0.913051 0.565459 0.41544 0.99591 0.978777 0.693458 0.979998 0.694368 0.686227 0.0554807 0.642179 0.913995 0.615019 0.375322 0.49644 0.963163 0.412691 0.852642 0.274054 0.543368 0.636132 0.0829633 0.348491 0.169711 0.166176 0.206498 0.384268 0.620449 0.270388 0.485603 0.063033 
53 80 33 52 77 55 
0.171931 0.159347 0.724208 0.858158 0.214828 0.366387 0.772153 0.829846 0.741709 0.268592 0.793009 0.1544 0.121234 0.0670634 0.697768 0.757365 0.150027 0.0462589 0.927077 0.316203 0.252757 0.311345 0.936652 0.523145 0.796948 0.999685 0.706584 0.84801 0.478157 0.885933 0.87785 0.650088 0.0452796 0.602058 0.508246 0.260107 0.968445 0.280398 0.0899535 0.710154 0.54899 0.882962 0.864554 0.670224 0.950026 0.562322 0.427589 0.100053 0.608581 0.354665 0.416255 0.861338 0.66601 0.352907 0.384483 0.462958 0.352591 0.091067 0.310969 0.830748 0.977 0.188819 0.480837 0.0222792 
54 2 37 68 5 50 
0.37234 0.469476 0.81847 0.255302 0.33403 0.488694 0.205328 0.896353 0.916283 0.305381 0.504934 0.270948 0.721636 0.366272 0.936958 0.0745426 0.750755 0.399917 0.427134 0.841822 0.710885 0.257882 0.818822 0.899704 0.738719 0.841101 0.690582 0.727801 0.123487 0.449904 0.997281 0.495827 0.91938 0.815752 0.75113 0.253411 0.304446 0.956458 0.149763 0.220729 0.261839 0.654697 0.491677 0.983475 0.0209691 0.428635 0.0580175 0.771724 0.828552 0.485151 0.613546 0.539437 0.743034 0.432368 0.439142 0.481753 0.273469 0.129723 0.209554 0.396956 0.579627 0.206835 0.892784 0.499007 
55 15 68 71 44 61 
0.547761 0.862211 0.556878 0.0394379 0.845685 0.577847 0.468073 0.903703 0.349572 0.296625 0.388854 0.963118 0.836063 0.131888 0.395486 0.275204 0.613641 0.668955 0.404928 0.823194 0.0659116 0.984555 0.0300292 0.958695 0.483562 0.0526159 0.602609 0.23598 0.379648 0.20298 0.138161 0.927409 0.065191 0.695039 0.966847 0.910876 0.272887 0.43492 0.814579 0.622458 0.731546 0.203434 0.585576 0.567608 0.335322 0.981063 0.842813 0.948962 0.650018 0.24774 0.772157 0.71593 0.232295 0.802186 0.674625 0.715857 0.854802 0.277234 0.951836 0.23445 0.480214 0.0899972 0.161859 0.545405 
56 38 36 6 5 72 
0.270861 0.680381 0.295172 0.474295 0.265958 0.862781 0.809616 0.24702 0.705593 0.758579 0.897038 0.953333 0.530735 0.612968 0.185628 0.332921 0.287593 0.901485 0.187722 0.564826 0.853321 0.422172 0.0450407 0.943318 0.584032 0.590446 0.728355 0.712738 0.0467276 0.786278 0.276365 0.317589 0.466659 0.571537 0.791883 0.732617 0.434318 0.601499 0.979637 0.139911 0.360078 0.876675 0.0932442 0.890813 0.489643 0.278872 0.223734 0.777236 0.180357 0.411456 0.342063 0.0336779 0.833629 0.387103 0.976996 0.417661 0.977549 0.705351 0.130399 0.0242768 0.491628 0.406764 0.341865 0.958287 
57 22 27 35 11 5 
0.55253 0.0953261 0.547216 0.645774 0.986139 0.0368593 0.924646 0.209873 0.814095 0.105003 0.621329 0.156158 0.138681 0.454958 0.543261 0.115677 0.872619 0.52081 0.821028 0.00301749 0.545087 0.312656 0.409781 0.886952 0.270943 0.388082 0.020701 0.961846 0.800701 0.755949 0.632387 0.353231 0.851275 0.179603 0.999005 0.837414 0.216462 0.923651 0.0472872 0.0305578 0.0286544 0.668617 0.186716 0.167335 0.123575 0.729977 0.283013 0.996193 0.250787 0.10404 0.999211 0.795874 0.416696 0.408992 0.682827 0.687639 0.797074 0.703528 0.649485 0.597776 0.459477 0.281872 0.951007 0.310752 
58 31 37 67 26 72 
0.195454 0.708496 0.902318 0.86407 0.895211 0.069653 0.987645 0.625188 0.352666 0.983838 0.875976 0.456706 0.983049 0.67185 0.873402 0.392041 0.354677 0.561041 0.189115 0.058205 0.210526 0.786891 0.517682 0.492399 0.737898 0.828434 0.953874 0.68791 0.976601 0.631812 0.561573 0.172055 0.340308 0.463891 0.036125 0.235519 0.533544 0.0237699 0.860707 0.886209 0.00760815 0.736683 0.342915 0.990657 0.408533 0.216317 0.382698 0.76321 0.777358 0.571814 0.821415 0.987884 0.358705 0.339097 0.480283 0.0966029 0.167532 0.434157 0.784513 0.144133 0.0659692 0.346086 0.316187 0.406277 
59 26 45 64 69 48 
0.502503 0.22973 0.38369 0.239186 0.572646 0.374348 0.647719 0.788963 0.757046 0.410929 0.566321 0.328859 0.232345 0.554205 0.687564 0.571442 0.0344883 0.784167 0.738974 0.468646 0.56868 0.883106 0.534615 0.914766 0.199294 0.940891 0.724743 0.551606 0.582687 0.0682638 0.927688 0.0851902 0.297994 0.311378 0.324376 0.87064 0.685726 0.972095 0.659603 0.442772 0.383025 0.225923 0.771631 0.615369 0.780129 0.459195 0.186811 0.814617 0.243362 0.925785 0.283263 0.812042 0.808891 0.817877 0.726808 0.00818482 0.758769 0.451551 0.559791 0.341456 0.519815 0.487479 0.426646 0.817809 
60 63 59 80 39 64 
0.348051 0.927355 0.106143 0.573975 0.698986 0.721512 0.354103 0.158181 0.908323 0.16872 0.401544 0.834109 0.451983 0.213586 0.643 0.26986 0.940394 0.651185 0.0286287 0.391945 0.210975 0.370084 0.91176 0.698454 0.79673 0.729569 0.497311 0.547753 0.418018 0.981894 0.27087 0.766069 0.909249 0.377013 0.340044 0.608235 0.098525 0.694147 0.766417 0.00684847 0.862868 0.16796 0.840957 0.314851 0.381546 0.483957 0.584711 0.32194 0.135142 0.61334 0.713886 0.346117 0.983424 0.625646 0.0445709 0.780154 0.355215 0.541882 0.327907 0.773233 0.523777 0.598777 0.539302 0.433026 
61 12 53 51 76 70 
0.807678 0.0811637 0.436361 0.975638 0.922121 0.751212 0.357184 0.406078 0.335923 0.679125 0.541219 0.949262 0.39301 0.887336 0.932686 0.018656 0.931907 0.712841 0.373871 0.473789 0.0407476 0.147104 0.997565 0.639525 0.686406 0.430591 0.615315 0.565752 0.471853 0.68963 0.139245 0.27953 0.770794 0.575606 0.255169 0.692915 0.326818 0.612353 0.0989925 0.662741 0.291478 0.640212 0.612003 0.684488 0.527548 0.54469 0.703144 0.459455 0.25753 0.0770149 0.933243 0.298278 0.224119 0.930809 0.937803 0.910524 0.3614 0.553118 0.476276 0.833253 0.242748 0.615521 0.112783 0.0135425 
62 56 72 22 73 15 
0.80545 0.180686 0.271783 0.445662 0.792689 0.956271 0.973209 0.337379 0.659415 0.432664 0.594909 0.73643 0.365907 0.893187 0.960549 0.296716 0.830989 0.871073 0.658116 0.384107 0.347348 0.491369 0.626856 0.962869 0.604152 0.640398 0.153996 0.972104 0.346855 0.671941 0.952409 0.152305 0.852627 0.224192 0.597967 0.645316 0.180463 0.571176 0.982695 0.839878 0.00384011 0.577604 0.576308 0.369747 0.470791 0.536857 0.666464 0.301781 0.40793 0.32458 0.685888 0.755278 0.815949 0.312743 0.718147 0.420102 0.953141 0.872143 0.392206 0.299997 0.544084 0.344615 0.452302 0.396711 
63 77 17 14 10 21 
0.0247221 0.589149 0.625285 0.602326 0.165458 0.995033 0.0731175 0.702315 0.661496 0.374898 0.110244 0.986076 0.0607858 0.865523 0.802025 0.373529 0.583669 0.222127 0.32667 0.455812 0.614333 0.626667 0.999896 0.958948 0.0789692 0.396606 0.527756 0.129238 0.438633 0.277027 0.750684 0.463355 0.866176 0.375969 0.0656818 0.0316336 0.371002 0.138799 0.733948 0.0324983 0.513697 0.844193 0.0185746 0.574483 0.709715 0.8206 0.948012 0.293385 0.0427272 0.274683 0.749197 0.65706 0.90135 0.749093 0.616009 0.980319 0.145699 0.143765 0.109558 0.584333 0.420792 0.860241 0.0476882 0.286968 
64 38 30 2 18 41 
0.63971 0.765867 0.896742 0.658285 0.34035 0.606458 0.478885 0.288363 0.899843 0.521612 0.563046 0.64904 0.178673 0.464396 0.398133 0.794681 0.444715 0.543832 0.938446 0.554273 0.128165 0.359238 0.414514 0.175853 0.646205 0.650724 0.289223 0.964807 0.257936 0.541393 0.0173562 0.897647 0.30726 0.914099 0.555932 0.64761 0.520556 0.0348169 0.935972 0.420399 0.556429 0.499018 0.0694386 0.735102 0.963413 0.467571 0.529783 0.408128 0.0114035 0.46823 0.962401 0.139568 0.827467 0.376915 0.315422 0.473673 0.0276387 0.604645 0.438479 0.285575 0.146037 0.455835 0.183222 0.453297 
65 79 2 35 23 63 
0.310889 0.3304 0.535897 0.380328 0.0655015 0.49931 0.847899 0.595285 0.907438 0.859303 0.0635143 0.869839 0.998871 0.890982 0.246754 0.314293 0.364654 0.274392 0.918937 0.803133 0.559967 0.0649749 0.258969 0.743189 0.518272 0.628903 0.482342 0.619178 0.519393 0.256313 0.656057 0.830282 0.586712 0.191954 0.21061 0.652214 0.691264 0.0585097 0.247498 0.598702 0.917812 0.311013 0.468541 0.916684 0.201994 0.715295 0.230976 0.566649 0.989687 0.149914 0.369782 0.549655 0.214889 0.628751 0.292844 0.73316 0.257654 0.775186 0.352339 0.777047 0.0314986 0.0083962 0.607329 0.618211 
66 51 6 74 62 33 
0.517923 0.490316 0.794262 0.828935 0.958858 0.710945 0.0309298 0.674153 0.941922 0.597578 0.66384 0.0918353 0.96736 0.213495 0.306724 0.596111 0.506339 0.0398843 0.853765 0.281525 0.392223 0.630811 0.313023 0.400619 0.238141 0.931234 0.60097 0.0560802 0.201659 0.492584 0.93253 0.719581 0.9829 0.726791 0.548517 0.941758 0.437737 0.579447 0.615911 0.379658 0.177025 0.279751 0.471493 0.144385 0.493246 0.778217 0.740496 0.999585 0.818102 0.594261 0.281109 0.210325 0.225072 0.594133 0.610944 0.463213 0.525367 0.211914 0.519293 0.727025 0.704498 0.451822 0.446607 0.687397 
67 33 23 39 63 71 
0.245066 0.996008 0.751595 0.524816 0.467502 0.89598 0.0180624 0.245719 0.636476 0.017647 0.0638204 0.230737 0.298756 0.274145 0.455809 0.892889 0.88509 0.919021 0.418256 0.0970034 0.438314 0.145282 0.801501 0.890136 0.591888 0.488898 0.0687496 0.587012 0.118054 0.6851 0.161582 0.363119 0.681108 0.913176 0.887936 0.148609 0.809156 0.905998 0.394328 0.445632 0.923645 0.458149 0.676369 0.222402 0.732294 0.132177 0.115291 0.617383 0.0511984 0.533547 0.714387 0.489512 0.678828 0.515888 0.379648 0.270717 0.00478616 0.448398 0.857728 0.12284 0.133497 0.0193102 0.485959 0.814605 
68 66 76 65 4 17 
0.357543 0.187275 0.203538 0.815691 0.863644 0.42594 0.547985 0.995821 0.541231 0.165368 0.0470194 0.0747774 0.879755 0.536532 0.753606 0.395643 0.91618 0.0243227 0.400429 0.364578 0.882051 0.523269 0.498075 0.901361 0.00922778 0.31268 0.833848 0.383123 0.275895 0.575491 0.663016 0.633438 0.762766 0.866554 0.449129 0.62641 0.292493 0.997113 0.622231 0.833724 0.162482 0.66925 0.908501 0.0422368 0.205782 0.662107 0.43788 0.121962 0.68643 0.838309 0.48654 0.568481 0.361577 0.984615 0.469842 0.370805 0.297295 0.30369 0.753928 0.57319 0.879181 0.416943 0.206628 0.641947 
69 2 55 9 37 49 
0.409714 0.815352 0.559838 0.318215 0.857588 0.76562 0.980323 0.295468 0.887582 0.666753 0.133777 0.374122 0.235234 0.495354 0.358737 0.705076 0.866159 0.656032 0.00876638 0.620087 0.229223 0.887948 0.03703 0.435851 0.529895 0.320527 0.0916071 0.798252 0.896517 0.744477 0.688839 0.306231 0.559829 0.248678 0.624447 0.417417 0.0142978 0.604769 0.712885 0.90188 0.271522 0.846662 0.276002 0.506756 0.342016 0.634738 0.211832 0.208175 0.290771 0.220598 0.828262 0.519993 0.108546 0.865292 0.955844 0.63844 0.185819 0.0474509 0.436692 0.0823359 0.791928 0.125532 0.388567 0.351757 
70 43 59 68 40 34 
0.482059 0.290387 0.889305 0.328721 0.566388 0.396061 0.670737 0.201127 0.607893 0.878912 0.491898 0.828491 0.707174 0.0118909 0.937036 0.572466 0.967735 0.575477 0.758285 0.0151857 0.0121689 0.84062 0.807114 0.1377 0.229188 0.15887 0.51191 0.242201 0.928044 0.900417 0.859985 0.410103 0.190804 0.74929 0.738825 0.757192 0.145351 0.409562 0.958319 0.753243 0.288474 0.450217 0.581734 0.995648 0.462107 0.51877 0.568114 0.429842 0.0942473 0.326398 0.445028 0.106416 0.167019 0.252141 0.244117 0.396206 0.411012 0.756026 0.638408 0.339056 0.656443 0.498392 0.749159 0.847247 
71 41 67 73 59 37 
0.146276 0.186019 0.012974 0.72801 0.181667 0.475081 0.24678 0.749781 0.904923 0.341028 0.0761794 0.349951 0.447444 0.243198 0.602093 0.69156 0.639405 0.0131045 0.447587 0.277812 0.35216 0.10403 0.776205 0.10132 0.951276 0.0238869 0.589304 0.555715 0.41692 0.486849 0.118472 0.563196 0.672869 0.131446 0.291205 0.854536 0.606528 0.537986 0.604317 0.511451 0.879013 0.680497 0.861402 0.326457 0.923695 0.463495 0.0180175 0.5631 0.4766 0.465604 0.840912 0.82876 0.569634 0.617117 0.93008 0.52091 0.641004 0.519384 0.0766248 0.0579234 0.00623326 0.195097 0.621119 0.679102 
72 56 45 64 32 57 
0.444522 0.329324 0.818453 0.305924 0.655781 0.742148 0.769419 0.673798 0.305247 0.246019 0.139402 0.146159 0.074779 0.709036 0.763276 0.00485899 0.229946 0.40428 0.524243 0.306571 0.462203 0.530476 0.501668 0.0833223 0.209578 0.828211 0.995647 0.743217 0.761282 0.445957 0.881173 0.205804 0.77528 0.699625 0.511728 0.431061 0.441773 0.281147 0.104859 0.74702 0.527166 0.244261 0.89318 0.601945 0.953297 0.656456 0.606804 0.183243 0.0607359 0.131047 0.489814 0.522939 0.661523 0.991482 0.606262 0.871101 0.819693 0.601908 0.614318 0.580975 0.0478651 0.495491 0.786778 0.823145 
73 60 24 61 80 45 
0.359065 0.383909 0.10682 0.603327 0.277089 0.708765 0.556624 0.933545 0.31557 0.739867 0.994281 0.446617 0.229681 0.51722 0.10814 0.221163 0.123482 0.979241 0.0408558 0.72539 0.59356 0.62183 0.773255 0.0890504 0.408609 0.596401 0.284166 0.707115 0.850607 0.921055 0.286769 0.209672 0.304965 0.393589 0.812999 0.582053 0.102354 0.369623 0.515598 0.417924 0.10949 0.509879 0.86454 0.339171 0.027099 0.97268 0.560335 0.150581 0.951922 0.60119 0.875971 0.545481 0.223021 0.649226 0.634532 0.631629 0.245626 0.918698 0.338744 0.0962333 0.839754 0.625513 0.305906 0.144718 
74 30 71 53 52 48 
0.24237 0.539379 0.598018 0.752249 0.40392 0.93719 0.779348 0.3766 0.497524 0.929929 0.328522 0.0987144 0.805899 0.874003 0.321735 0.455125 0.508535 0.953365 0.700751 0.427234 0.292109 0.796985 0.266987 0.917622 0.10289 0.411706 0.936724 0.221795 0.138478 0.0581794 0.710323 0.380848 0.597558 0.308341 0.133097 0.00147801 0.24553 0.912445 0.378078 0.743054 0.842374 0.7066 0.841769 0.648273 0.580603 0.163504 0.103398 0.0891382 0.116869 0.804149 0.516372 0.408978 0.601134 0.783359 0.3266 0.704024 0.195065 0.263324 0.925819 0.333542 0.321503 0.636142 0.71439 0.919062 
75 78 53 46 19 61 
0.933067 0.602306 0.00521737 0.774836 0.250579 0.58582 0.93834 0.353977 0.674959 0.0552087 0.158126 0.19133 0.464186 0.75926 0.974689 0.790786 0.463284 0.169754 0.0541102 0.389103 0.503296 0.375613 0.0252451 0.217686 0.294675 0.969728 0.0651735 0.215215 0.159741 0.825105 0.513832 0.0928082 0.427411 0.51905 0.867644 0.67799 0.10487 0.805984 0.0319664 0.779829 0.861193 0.190092 0.971159 0.32538 0.949352 0.945848 0.116166 0.412636 0.115602 0.170276 0.801739 0.618898 0.54589 0.826984 0.836585 0.840565 0.796712 0.901758 0.0557795 0.956453 0.726864 0.569612 0.0492613 0.154275 
76 66 1 6 78 54 
0.864231 0.973361 0.584083 0.0543233 0.94452 0.909463 0.00367552 0.890368 0.0256285 0.416312 0.00596959 0.195905 0.218051 0.624868 0.741794 0.0450355 0.461452 0.582359 0.841748 0.36321 0.638138 0.798201 0.090074 0.20775 0.847462 0.244349 0.296412 0.764368 0.0766132 0.489944 0.487258 0.940844 0.463305 0.0713407 0.995167 0.407824 0.980803 0.998843 0.298192 0.00643175 0.415155 0.304161 0.202336 0.633206 0.929029 0.944131 0.678241 0.390481 0.52649 0.519989 0.753692 0.164628 0.31819 0.843766 0.372378 0.165652 0.0881145 0.66879 0.93002 0.164728 0.158734 0.417277 0.105572 0.622039 
77 18 0 78 47 39 
0.328055 0.475853 0.514737 0.632216 0.67819 0.147942 0.561245 0.62232 0.826184 0.951726 0.14881 0.346173 0.705418 0.313438 0.664362 0.549184 0.685816 0.830014 0.637298 0.354607 0.760034 0.802026 0.513341 0.177312 0.907598 0.13538 0.66593 0.00833696 0.165243 0.135351 0.107919 0.493298 0.611204 0.622656 0.125513 0.289394 0.770598 0.686758 0.911714 0.596782 0.638484 0.060524 0.942955 0.343902 0.373962 0.607317 0.893086 0.0597783 0.437332 0.530385 0.414385 0.197366 0.332411 0.927726 0.374677 0.240009 0.0631064 0.0406071 0.248346 0.228349 0.175958 0.356265 0.721647 0.787162 
78 28 65 37 33 57 
0.98827 0.3463 0.172403 0.0487943 0.289255 0.516305 0.422756 0.896572 0.409392 0.482534 0.333904 0.939776 0.89692 0.531269 0.272187 0.824646 0.905947 0.512196 0.887752 0.946554 0.760541 0.116102 0.122512 0.116806 0.837749 0.909674 0.0957262 0.684909 0.986231 0.845245 0.218828 0.974501 0.191545 0.39123 0.0232953 0.4808 0.907536 0.446052 0.377372 0.316927 0.928586 0.711276 0.256704 0.825506 0.242545 0.528891 0.650151 0.148492 0.0410865 0.537904 0.0950458 0.801628 0.654005 0.217558 0.918434 0.491754 0.127232 0.0141598 0.176663 0.113463 0.859405 0.395491 0.0879638 0.0509499 
79 16 27 39 52 15 
0.0111838 0.485897 0.620399 0.267887 0.311402 0.862944 0.796778 0.961554 0.0114361 0.837865 0.499457 0.106482 0.639492 0.153463 0.32404 0.557926 0.645217 0.451272 0.572086 0.82188 0.564734 0.43149 0.217371 0.652698 0.48244 0.00409165 0.763957 0.0141904 0.698348 0.321268 0.923313 0.709532 0.807165 0.543712 0.97742 0.118567 0.406656 0.774198 0.0801208 0.418092 0.612062 0.579578 0.524574 0.251555 0.733041 0.848613 0.809481 0.378258 0.299885 0.381567 0.200138 0.86462 0.813057 0.417509 0.517318 0.295497 0.421601 0.281275 0.309688 0.119949 0.602543 0.233001 0.829481 0.409708 
80 27 50 14 65 53 
0.608395 0.60146 0.193161 0.187974 0.126034 0.444715 0.921015 0.974647 0.254196 0.299273 0.274532 0.635763 0.499411 0.139152 0.44882 0.91692 0.65647 0.744317 0.338521 0.937745 0.0540042 0.45847 0.540288 0.287005 0.287951 0.949995 0.0637171 0.0948511 0.47827 0.247085 0.675949 0.0866656 0.848545 0.86911 0.274639 0.974579 0.313825 0.195654 0.949226 0.568021 0.494927 0.223758 0.203784 0.994339 0.36291 0.652604 0.911259 0.0193793 0.39692 0.24978 0.957124 0.450925 0.708249 0.497412 0.737929 0.9962 0.447407 0.801646 0.0910509 0.925677 0.0487315 0.767 0.0123429 0.897276 
