36 4
0 1 0 0 1 0 1 1 0 1 1 1 1 0 0 0 1 1 0 1 0 0 1 0 1 1 0 1 1 0 0 0 0 1 1 1 
0 29 28 10 
0.644016 0.618048 0.567875 0.143782 0.0386263 0.790451 0.519656 0.724637 0.615697 0.64093 0.0705942 0.26476 0.43867 0.660446 0.532416 0.336342 
1 23 12 13 
0.720657 0.327664 0.268931 0.836075 0.505535 0.173767 0.790861 0.837405 0.488172 0.94184 0.645669 0.132188 0.559888 0.213544 0.27597 0.598515 
2 16 4 26 
0.619692 0.436556 0.393746 0.884452 0.875226 0.0541918 0.416869 0.211568 0.350971 0.19226 0.198658 0.340321 0.912917 0.526322 0.609252 0.748992 
3 31 32 4 
0.271191 0.481693 0.514931 0.40338 0.0415814 0.728474 0.67935 0.640096 0.732469 0.474976 0.963248 0.352161 0.911532 0.356994 0.236614 0.786758 
4 22 9 27 
0.762157 0.845742 0.196984 0.102478 0.758659 0.723306 0.71173 0.50765 0.755163 0.494749 0.0475034 0.624425 0.765941 0.529196 0.139356 0.16932 
5 30 16 27 
0.210874 0.600299 0.323646 0.174122 0.95246 0.235177 0.531116 0.189074 0.0219352 0.942302 0.842557 0.020261 0.704459 0.688299 0.217245 0.806936 
6 15 22 34 
0.954608 0.695713 0.0134156 0.00211122 0.320138 0.779357 0.531308 0.459494 0.948677 0.102086 0.327324 0.797347 0.31296 0.927623 0.120993 0.487081 
7 8 22 4 
0.0691573 0.378105 0.960499 0.911714 0.398366 0.664958 0.600013 0.615611 0.471894 0.0469704 0.556162 0.99056 0.00157824 0.251875 0.00397591 0.00368946 
8 6 26 35 
0.0315066 0.732009 0.637083 0.35883 0.529356 0.950042 0.286453 0.650349 0.437124 0.166536 0.00651907 0.455321 0.235693 0.384624 0.415821 0.147407 
9 35 25 0 
0.398602 0.552673 0.79439 0.954763 0.543233 0.795968 0.206638 0.547209 0.799658 0.778651 0.330541 0.334655 0.810157 0.0625508 0.971738 0.168988 
10 22 33 28 
0.358904 0.621976 0.248775 0.814225 0.857669 0.6334 0.230046 0.00507583 0.41639 0.310824 0.752496 0.814992 0.863497 0.546886 0.769755 0.40673 
11 27 6 0 
0.142512 0.755044 0.284481 0.477167 0.565201 0.347031 0.448905 0.734189 0.938939 0.370685 0.189629 0.181195 0.729589 0.811605 0.42997 0.543814 
12 18 27 24 
0.67435 0.479759 0.0846837 0.426845 0.294751 0.948181 0.973731 0.0645056 0.354911 0.316585 0.0408983 0.30885 0.459098 0.795942 0.593331 0.936265 
13 14 18 7 
0.0953314 0.879301 0.755855 0.28496 0.0604953 0.485444 0.0965651 0.490465 0.0292573 0.765839 0.553835 0.803117 0.440188 0.033594 0.8878 0.867033 
14 18 26 3 
0.392851 0.190892 0.15735 0.433749 0.499742 0.616448 0.229691 0.0930731 0.552712 0.590833 0.0334353 0.937882 0.686165 0.912736 0.693737 0.971125 
15 27 2 3 
0.463696 0.208438 0.833529 0.0175309 0.0115548 0.273717 0.0511249 0.899355 0.140751 0.37947 0.735336 0.981515 0.772321 0.926229 0.138865 0.206069 
16 24 30 10 
0.519044 0.308025 0.0265935 0.552479 0.245907 0.712758 0.465215 0.939645 0.683883 0.438446 0.118825 0.751573 0.902143 0.327263 0.585102 0.919674 
17 9 10 30 
0.97351 0.981086 0.122589 0.899739 0.119951 0.328659 0.32571 0.875263 0.764419 0.844754 0.183289 0.791012 0.397233 0.429196 0.50377 0.862449 
18 33 9 4 
0.487666 0.939227 0.203038 0.814929 0.52433 0.122712 0.153747 0.383149 0.0935102 0.391921 0.382719 0.443779 0.365431 0.363805 0.566368 0.265169 
19 30 21 24 
0.359019 0.659445 0.435633 0.542308 0.450457 0.832866 0.971503 0.954228 0.695315 0.340344 0.141881 0.99621 0.82801 0.0811085 0.199248 0.642939 
20 26 12 6 
0.988587 0.415469 0.188607 0.371307 0.859248 0.554037 0.735112 0.425616 0.819207 0.218868 0.320643 0.410086 0.577887 0.980088 0.845718 0.120194 
21 20 34 7 
0.373899 0.432042 0.526653 0.370109 0.260051 0.607762 0.569356 0.90299 0.2132 0.891316 0.699676 0.201787 0.306785 0.888283 0.573094 0.166033 
22 30 9 5 
0.261527 0.527074 0.912292 0.671613 0.10496 0.89238 0.517331 0.225154 0.322924 0.195916 0.316852 0.707697 0.569815 0.748894 0.23435 0.939923 
23 4 21 28 
0.911935 0.0553121 0.400596 0.611611 0.2571 0.707381 0.499893 0.830194 0.873414 0.942214 0.1384 0.465064 0.203741 0.665474 0.377356 0.875353 
24 29 17 25 
0.59266 0.5886 0.312441 0.300357 0.158415 0.0613343 0.534707 0.098338 0.0702791 0.376819 0.607618 0.982214 0.432131 0.0082135 0.593825 0.68923 
25 34 21 28 
0.589008 0.0359316 0.657824 0.0540723 0.239672 0.323298 0.431428 0.115026 0.0937322 0.701164 0.50771 0.0893207 0.293824 0.0963099 0.401761 0.594181 
26 22 2 23 
0.353062 0.533375 0.505706 0.96068 0.515589 0.937837 0.968894 0.109413 0.627067 0.684488 0.203131 0.146491 0.273497 0.239063 0.804315 0.327569 
27 5 29 22 
0.59376 0.221346 0.460161 0.10147 0.310666 0.753985 0.19778 0.712428 0.348166 0.452505 0.175523 0.477053 0.805567 0.708898 0.982759 0.766248 
28 32 7 20 
0.3339 0.547662 0.41963 0.537031 0.694153 0.693126 0.776094 0.498469 0.0206952 0.254829 0.626082 0.779692 0.848589 0.847428 0.239853 0.950059 
29 5 4 11 
0.870522 0.342004 0.600345 0.0460457 0.819057 0.405912 0.754944 0.801816 0.17216 0.979431 0.722411 0.907301 0.313331 0.270073 0.326931 0.850362 
30 26 31 33 
0.462694 0.0407525 0.881284 0.0887765 0.820445 0.729873 0.936204 0.0602984 0.679932 0.0942989 0.0541369 0.827772 0.964821 0.396141 0.428117 0.0108668 
31 4 3 8 
0.0170136 0.00618842 0.745241 0.739424 0.91349 0.0585719 0.00949691 0.240421 0.908933 0.973723 0.260478 0.535389 0.436417 0.301231 0.416672 0.525193 
32 17 11 28 
0.181974 0.826477 0.555697 0.236111 0.654249 0.520518 0.632252 0.0823662 0.531385 0.84745 0.916395 0.297195 0.864463 0.922583 0.0424366 0.603888 
33 6 15 21 
0.0764937 0.00994195 0.587107 0.336972 0.545331 0.0235241 0.638202 0.962003 0.548718 0.759878 0.108548 0.0101154 0.941851 0.935026 0.565812 0.177962 
34 26 35 10 
0.671642 0.617715 0.657664 0.588036 0.91491 0.522127 0.51062 0.957347 0.126015 0.346693 0.0583552 0.739399 0.423186 0.0682972 0.326506 0.760158 
35 34 28 21 
0.575631 0.898748 0.158238 0.684179 0.908863 0.100089 0.619205 0.474675 0.278051 0.208481 0.561005 0.0882652 0.880122 0.17872 0.745929 0.468159 
