74 7
0 1 0 0 1 0 0 0 1 1 1 0 0 1 0 1 1 0 1 1 0 0 0 1 0 0 1 1 0 0 0 0 0 1 1 0 1 0 0 1 0 0 0 1 0 0 1 0 1 1 0 0 0 1 0 0 0 0 0 0 1 0 1 1 0 1 0 0 0 1 0 1 1 0 
0 59 37 50 65 15 10 
0.0491999 0.139526 0.939448 0.315119 0.507129 0.631977 0.545222 0.849371 0.726867 0.759368 0.577074 0.0564746 0.299176 0.705907 0.120122 0.0316251 0.704529 0.100734 0.697705 0.353791 0.0824008 0.166788 0.828188 0.477032 0.274117 0.915447 0.00674899 0.0515749 0.00200773 0.353167 0.124573 0.0512076 0.492693 0.0640206 0.366326 0.999822 0.695998 0.911548 0.849193 0.422865 0.670916 0.426267 0.47934 0.970093 0.132174 0.599461 0.00171763 0.836702 0.700196 0.699422 0.190493 0.782597 0.86621 0.0186814 0.259629 0.140328 0.934129 0.266378 0.191903 0.936137 0.619545 0.316475 0.987344 0.112239 0.380496 0.353671 0.11206 0.0764938 0.265219 0.961253 0.499359 0.936135 0.38752 0.978698 0.906228 0.519693 0.578159 0.907945 0.356396 0.278355 0.607368 0.546889 0.0609519 0.473578 0.56557 0.320581 0.613906 0.499699 0.586959 0.805808 0.435835 0.206504 0.122284 0.423179 0.318743 0.50278 0.77685 0.430803 0.579273 0.0420688 0.392056 0.0786319 0.978204 0.779576 0.0573301 0.884432 0.29927 0.63549 0.792377 0.655665 0.913845 0.399744 0.202554 0.974797 0.873323 0.768124 0.295378 0.487228 0.267823 0.882337 0.293037 0.703658 0.0888408 0.41532 0.126837 0.407584 0.9181 0.903687 
1 65 71 42 57 59 38 
0.808391 0.309289 0.268825 0.600768 0.964954 0.18267 0.000512737 0.167508 0.157466 0.873835 0.935632 0.452844 0.361064 0.203454 0.335181 0.6541 0.907112 0.424021 0.0694203 0.0339496 0.831605 0.98752 0.937637 0.669992 0.484893 0.883393 0.900435 0.0608981 0.807353 0.910454 0.694233 0.615744 0.219743 0.963058 0.216513 0.184697 0.145727 0.217026 0.352205 0.303194 0.0908608 0.287837 0.756038 0.451924 0.491291 0.0912184 0.106024 0.398404 0.51524 0.175445 0.432353 0.346845 0.162965 0.36999 0.0168362 0.647858 0.253383 0.917271 0.708756 0.0607363 0.827725 0.402989 0.676481 0.0474685 0.366047 0.892994 0.232166 0.511774 0.110019 0.584371 0.814968 0.20088 0.872208 0.571006 0.652804 0.363499 0.662224 0.758829 0.761903 0.177464 0.934273 0.194256 0.524309 0.0972381 0.564246 0.541145 0.745096 0.81763 0.458416 0.453852 0.878366 0.286141 0.856841 0.554847 0.33361 0.222888 0.44784 0.565776 0.734663 0.557859 0.150147 0.549631 0.758739 0.0223545 0.120637 0.411543 0.385854 0.782861 0.170372 0.147757 0.960326 0.104645 0.342013 0.484634 0.201883 0.90626 0.025779 0.94698 0.723889 0.484195 0.400832 0.602255 0.770336 0.257673 0.157102 0.103946 0.480561 0.604943 
2 4 40 19 13 35 38 
0.885492 0.333085 0.228077 0.668354 0.503457 0.375833 0.628679 0.608102 0.717847 0.113314 0.809986 0.624106 0.139093 0.756965 0.347995 0.623288 0.157797 0.950251 0.393624 0.41547 0.107353 0.49757 0.896031 0.712295 0.167292 0.111255 0.875097 0.98716 0.876111 0.796639 0.829383 0.761603 0.129724 0.0574598 0.429957 0.633181 0.433293 0.0586361 0.241283 0.15114 0.17195 0.0512686 0.775246 0.311042 0.808234 0.123241 0.93433 0.966031 0.0734918 0.327954 0.381501 0.180845 0.825524 0.277532 0.89314 0.992816 0.388787 0.768237 0.979976 0.264898 0.564876 0.809359 0.0265007 0.6946 0.866819 0.456458 0.32778 0.300112 0.515094 0.569063 0.451252 0.687043 0.620332 0.226498 0.998086 0.428566 0.349739 0.932415 0.394597 0.423231 0.260369 0.776097 0.604075 0.0858929 0.0536292 0.497215 0.0787086 0.442416 0.265452 0.0586844 0.707314 0.830328 0.868043 0.733815 0.524928 0.734862 0.190273 0.852708 0.0349739 0.705366 0.421771 0.486226 0.39241 0.0421032 0.712723 0.390495 0.470669 0.062462 0.322911 0.865265 0.485693 0.58328 0.641363 0.0897676 0.669173 0.694992 0.586983 0.747881 0.137408 0.852435 0.806566 0.844723 0.682763 0.674609 0.578538 0.207691 0.409471 0.76881 
3 51 39 60 23 42 16 
0.524274 0.643394 0.257081 0.994943 0.705856 0.579992 0.860208 0.191548 0.163271 0.501571 0.281316 0.832444 0.196563 0.868299 0.580325 0.333971 0.720733 0.386891 0.178694 0.403497 0.0614998 0.757232 0.611188 0.470971 0.526042 0.671587 0.915416 0.000218642 0.153758 0.846086 0.866805 0.678031 0.48948 0.123886 0.672974 0.195336 0.703877 0.533182 0.386884 0.867149 0.0347533 0.6682 0.699593 0.231316 0.536499 0.279918 0.565288 0.257233 0.666809 0.743982 0.660729 0.728309 0.501214 0.271917 0.19928 0.0272559 0.943503 0.114695 0.0274746 0.097261 0.960781 0.894279 0.775292 0.450261 0.0181648 0.448267 0.645597 0.722042 0.981449 0.0324817 0.589191 0.0162021 0.700682 0.288784 0.247518 0.237181 0.568702 0.812806 0.494414 0.235511 0.556788 0.155143 0.963819 0.0580015 0.427059 0.163099 0.0852575 0.370563 0.277794 0.112732 0.467824 0.238575 0.00701118 0.243116 0.688837 0.025176 0.691383 0.334434 0.747218 0.672832 0.366916 0.336409 0.689034 0.0675977 0.625193 0.936552 0.304779 0.193894 0.749358 0.799193 0.429405 0.306146 0.954336 0.393224 0.364148 0.381395 0.556323 0.449405 0.751958 0.834117 0.562137 0.219782 0.0726921 0.569148 0.462898 0.761529 0.594324 0.154281 
4 5 31 45 29 59 17 
0.303144 0.452699 0.835255 0.497038 0.202057 0.634448 0.926443 0.508203 0.588783 0.319667 0.87235 0.970178 0.87599 0.321755 0.722136 0.710107 0.883892 0.941918 0.782799 0.453041 0.404816 0.544328 0.0473649 0.559097 0.64029 0.388907 0.38621 0.103168 0.0668587 0.902356 0.633644 0.370003 0.355055 0.468899 0.867041 0.557112 0.103347 0.793484 0.0653151 0.69213 0.113151 0.937666 0.662309 0.989141 0.259421 0.384445 0.699248 0.143314 0.326363 0.482047 0.596354 0.731179 0.0263744 0.643719 0.290277 0.666665 0.0326263 0.676486 0.769833 0.099485 0.578843 0.403477 0.469488 0.933898 0.872376 0.336529 0.49101 0.975723 0.130013 0.556325 0.667853 0.243164 0.493991 0.330162 0.232306 0.753412 0.714607 0.931554 0.896725 0.04097 0.4136 0.49308 0.772149 0.439975 0.136799 0.0624259 0.106639 0.169425 0.738912 0.876472 0.26891 0.317755 0.279949 0.738398 0.251653 0.152325 0.0749267 0.742664 0.128048 0.20494 0.298989 0.795902 0.448104 0.79298 0.126064 0.68041 0.546391 0.84067 0.611963 0.443117 0.88164 0.0255637 0.936196 0.65379 0.465538 0.072995 0.716216 0.572178 0.24242 0.455128 0.44865 0.51133 0.772883 0.728599 0.249728 0.0245368 0.880924 0.324654 
5 61 0 52 8 64 6 
0.859169 0.930938 0.658108 0.40556 0.771608 0.270072 0.848677 0.653249 0.295635 0.784873 0.307038 0.761174 0.857869 0.0232542 0.333352 0.100288 0.478382 0.782001 0.611618 0.251266 0.5106 0.861346 0.275803 0.391524 0.186 0.0430028 0.400497 0.715595 0.109192 0.205371 0.693293 0.968361 0.136309 0.351401 0.373921 0.907917 0.621473 0.222598 0.561166 0.917109 0.00747141 0.868204 0.678282 0.86534 0.891459 0.0116339 0.965628 0.369841 0.793635 0.577247 0.621107 0.304235 0.438593 0.896909 0.69576 0.624593 0.939912 0.0962565 0.340188 0.0491039 0.301628 0.0334806 0.0174645 0.437936 0.384882 0.391385 0.345854 0.00635522 0.613983 0.90702 0.923464 0.621455 0.775224 0.601746 0.486795 0.666683 0.61338 0.452423 0.0365234 0.407015 0.0296696 0.65763 0.711251 0.468262 0.554539 0.40701 0.0928551 0.494451 0.503267 0.433043 0.543555 0.804894 0.466523 0.56102 0.242831 0.851405 0.952405 0.588684 0.857761 0.566388 0.495704 0.781224 0.187843 0.270928 0.382971 0.674637 0.93761 0.996351 0.12706 0.974134 0.403366 0.15673 0.631764 0.114617 0.624992 0.186303 0.521627 0.717847 0.680754 0.0248936 0.15089 0.224309 0.829788 0.617413 0.785329 0.0726188 0.468818 0.737734 
6 70 3 15 23 4 69 
0.490774 0.166602 0.365545 0.487124 0.293662 0.339679 0.89049 0.450392 0.971443 0.00510692 0.0753845 0.157746 0.526734 0.793232 0.8385 0.551627 0.944122 0.0628096 0.381415 0.561535 0.848138 0.454034 0.0303531 0.585872 0.115337 0.356932 0.889994 0.272345 0.464735 0.381958 0.70028 0.955509 0.54856 0.0658252 0.442633 0.842223 0.405504 0.333124 0.292615 0.376948 0.338231 0.368 0.534694 0.864964 0.161231 0.373194 0.416592 0.105353 0.436004 0.798007 0.666887 0.284142 0.252042 0.697241 0.870014 0.367379 0.0541725 0.760008 0.639724 0.518908 0.141966 0.340003 0.474417 0.690526 0.405828 0.91705 0.532749 0.811333 0.250174 0.825364 0.18828 0.588405 0.193364 0.722974 0.453369 0.354595 0.0961683 0.869961 0.459948 0.532172 0.667968 0.126835 0.816314 0.92001 0.824076 0.686328 0.287389 0.878248 0.446336 0.927112 0.397156 0.588302 0.267116 0.871573 0.278828 0.672944 0.788623 0.811577 0.484277 0.038797 0.636941 0.672557 0.627202 0.830305 0.395531 0.0805707 0.1849 0.4917 0.950532 0.644847 0.0238716 0.6185 0.771682 0.840186 0.53851 0.595758 0.526514 0.825899 0.474006 0.97285 0.753011 0.871162 0.561152 0.0201264 0.742735 0.83998 0.69307 0.531358 
7 43 4 62 50 15 66 
0.118804 0.245436 0.277927 0.303703 0.737135 0.228459 0.94855 0.761007 0.846959 0.720233 0.601193 0.385469 0.315991 0.127707 0.211367 0.789997 0.100557 0.964378 0.661159 0.661709 0.984504 0.403894 0.501689 0.677575 0.935252 0.153246 0.854922 0.505407 0.441745 0.704826 0.702763 0.560549 0.950262 0.98069 0.864252 0.687397 0.209149 0.812802 0.448404 0.0561081 0.533035 0.049597 0.441577 0.849026 0.177304 0.652944 0.639023 0.27786 0.617322 0.300181 0.939569 0.601827 0.704075 0.441258 0.279401 0.639327 0.594504 0.134324 0.144733 0.0362496 0.83915 0.847496 0.596798 0.789412 0.828187 0.46105 0.476809 0.0373358 0.273853 0.925214 0.0934439 0.806888 0.974811 0.535021 0.655914 0.152114 0.187965 0.294936 0.429975 0.805287 0.595118 0.369544 0.407113 0.299193 0.810802 0.686515 0.93852 0.405306 0.820838 0.0832527 0.441555 0.659988 0.930749 0.0383539 0.4494 0.758935 0.499404 0.92621 0.796271 0.773257 0.851423 0.889715 0.580145 0.826234 0.424736 0.236059 0.978348 0.6127 0.530996 0.408323 0.417987 0.126114 0.777866 0.8251 0.425307 0.588668 0.511615 0.363826 0.993974 0.332453 0.447079 0.435529 0.992441 0.377828 0.473883 0.441841 0.136763 0.973288 
8 5 73 67 3 29 69 
0.247485 0.56275 0.0240557 0.860185 0.0937458 0.432378 0.278172 0.21986 0.210245 0.103273 0.645166 0.798912 0.614887 0.00899251 0.792886 0.947341 0.456071 0.228416 0.939782 0.833899 0.702299 0.381623 0.970662 0.675586 0.749674 0.903696 0.422131 0.969148 0.726446 0.748822 0.0148555 0.973931 0.311572 0.0389111 0.834116 0.405317 0.471289 0.112288 0.625177 0.681534 0.215561 0.270343 0.480446 0.830448 0.279336 0.273333 0.777788 0.735407 0.501748 0.71757 0.569306 0.204047 0.0991932 0.539969 0.879633 0.848867 0.443665 0.301764 0.818015 0.170111 0.0505862 0.83287 0.144041 0.362158 0.871781 0.978157 0.767475 0.343071 0.090445 0.392652 0.0246047 0.306006 0.662996 0.505051 0.136454 0.942332 0.778384 0.914242 0.677739 0.280132 0.631812 0.247045 0.484179 0.731005 0.787014 0.363812 0.579872 0.230679 0.665576 0.397887 0.40079 0.716163 0.230757 0.544831 0.0783205 0.102539 0.522988 0.845796 0.44561 0.613433 0.238448 0.470214 0.919438 0.901444 0.975265 0.0558921 0.843776 0.753649 0.970134 0.521515 0.0337812 0.601946 0.76856 0.51796 0.332952 0.555574 0.881772 0.912824 0.786253 0.547348 0.310711 0.187043 0.263511 0.541469 0.731874 0.341831 0.644008 0.254862 
9 67 60 3 68 66 19 
0.32752 0.535097 0.843625 0.171296 0.288746 0.813759 0.69281 0.322528 0.415706 0.461371 0.840487 0.748657 0.0169449 0.722259 0.661482 0.803198 0.269608 0.972193 0.990241 0.533119 0.513662 0.722115 0.87495 0.157669 0.976977 0.0625773 0.247287 0.845271 0.488653 0.807118 0.633004 0.816172 0.342215 0.476629 0.987468 0.630962 0.290389 0.680278 0.953489 0.706094 0.141649 0.793977 0.454752 0.158594 0.516236 0.116233 0.961792 0.785844 0.0884263 0.952033 0.318962 0.602088 0.674148 0.193912 0.759757 0.651125 0.25649 0.0070441 0.496396 0.745142 0.814162 0.1294 0.561315 0.156378 0.60603 0.548783 0.787339 0.896419 0.229061 0.740828 0.602513 0.37071 0.534805 0.0572649 0.529304 0.0510409 0.173498 0.491096 0.836885 0.261925 0.443129 0.155847 0.864013 0.117278 0.349759 0.62377 0.768402 0.606249 0.630814 0.264799 0.351391 0.444976 0.394199 0.912706 0.601354 0.000228887 0.461489 0.388693 0.896648 0.69055 0.129522 0.499161 0.0612598 0.664326 0.556426 0.590564 0.715367 0.729924 0.08166 0.552252 0.991848 0.524789 0.708099 0.855861 0.642067 0.0578578 0.479631 0.41047 0.664106 0.110445 0.675268 0.0154974 0.555422 0.0694672 0.928203 0.156776 0.0696961 0.389692 
10 12 64 13 72 39 26 
0.339317 0.0219298 0.732065 0.0546843 0.751854 0.813725 0.606936 0.743702 0.338514 0.315035 0.599563 0.980581 0.372893 0.0791939 0.391051 0.0369991 0.189639 0.0663193 0.0524965 0.745061 0.135786 0.9807 0.901836 0.205483 0.370391 0.447305 0.171826 0.450633 0.122296 0.63733 0.592134 0.461613 0.65926 0.324198 0.516297 0.411114 0.137923 0.123233 0.154816 0.476438 0.438268 0.754379 0.457019 0.811161 0.833573 0.84807 0.84816 0.0232118 0.914389 0.900656 0.768272 0.0501759 0.881356 0.670109 0.255658 0.251747 0.117414 0.427485 0.70238 0.239709 0.064815 0.294513 0.701322 0.724075 0.618712 0.217619 0.135189 0.756635 0.340852 0.290005 0.233073 0.77912 0.044384 0.690092 0.59028 0.877957 0.538162 0.43844 0.901169 0.452551 0.339096 0.669441 0.502727 0.220452 0.33955 0.758386 0.472199 0.456963 0.18587 0.174579 0.696672 0.250685 0.469092 0.397994 0.974761 0.087804 0.615613 0.10995 0.844439 0.956464 0.399955 0.0775118 0.735584 0.444339 0.767604 0.325865 0.322296 0.305766 0.764305 0.223464 0.758317 0.103401 0.892905 0.261045 0.323854 0.232455 0.0194303 0.796053 0.689418 0.205301 0.970632 0.38609 0.455986 0.439724 0.784084 0.430747 0.527528 0.399697 
11 22 40 72 52 56 7 
0.38499 0.217083 0.41761 0.707286 0.522848 0.181915 0.93075 0.281166 0.285316 0.823656 0.54221 0.60917 0.0561103 0.56164 0.405222 0.745528 0.766941 0.375854 0.131618 0.222927 0.815579 0.915703 0.653674 0.343107 0.3154 0.19437 0.715074 0.671561 0.135021 0.164554 0.763307 0.520012 0.381636 0.180917 0.227298 0.904485 0.362832 0.158048 0.18565 0.648148 0.981704 0.72786 0.257317 0.0378138 0.289501 0.66254 0.783342 0.0564419 0.0383945 0.914961 0.279369 0.853973 0.830663 0.933043 0.19708 0.146063 0.127413 0.912155 0.817625 0.262434 0.0767085 0.580931 0.782446 0.458345 0.761849 0.00974383 0.36283 0.12468 0.167792 0.54848 0.772828 0.149495 0.27634 0.0301458 0.187309 0.565841 0.692686 0.970651 0.622283 0.73108 0.885612 0.901652 0.585053 0.716275 0.834695 0.782134 0.862338 0.962107 0.694289 0.679963 0.224542 0.770997 0.260894 0.00698798 0.229342 0.022743 0.0167318 0.592172 0.147423 0.184524 0.140652 0.920252 0.334019 0.416992 0.950397 0.521328 0.982833 0.643083 0.491979 0.605116 0.374163 0.377591 0.506767 0.959217 0.0938664 0.341462 0.741351 0.956205 0.303569 0.435639 0.636168 0.528111 0.206637 0.897062 0.535099 0.435979 0.919805 0.551831 
12 29 68 32 64 9 40 
0.585794 0.937878 0.591702 0.568626 0.580961 0.0836812 0.173742 0.955124 0.461272 0.680509 0.914341 0.555139 0.0219711 0.655692 0.511344 0.32554 0.0913315 0.147512 0.853652 0.297968 0.0445738 0.388751 0.733947 0.964379 0.940582 0.762097 0.0316077 0.676936 0.930899 0.019088 0.74731 0.516693 0.956966 0.339012 0.0853192 0.537927 0.422693 0.259061 0.493051 0.883966 0.93957 0.407392 0.439105 0.961542 0.0630842 0.950448 0.287082 0.154416 0.0979598 0.140734 0.452384 0.142534 0.529485 0.186331 0.106913 0.470066 0.948428 0.138521 0.147003 0.879327 0.157609 0.894313 0.39602 0.114574 0.233325 0.481339 0.652501 0.656018 0.7404 0.145552 0.539984 0.679971 0.552944 0.979088 0.641512 0.616028 0.929536 0.928594 0.770444 0.0274963 0.069328 0.222828 0.17003 0.598813 0.409158 0.276943 0.0688791 0.357586 0.415463 0.215882 0.236914 0.573072 0.110195 0.632934 0.687646 0.34352 0.114273 0.340147 0.999538 0.854673 0.485699 0.539522 0.534644 0.0386425 0.51861 0.176156 0.654671 0.448146 0.104751 0.425115 0.475643 0.174079 0.647942 0.645673 0.772891 0.0571006 0.922615 0.84177 0.414687 0.338078 0.0576523 0.651601 0.91115 0.167847 0.284534 0.598796 0.511367 0.398807 
13 34 18 70 3 56 44 
0.569037 0.964281 0.117955 0.0171833 0.0690312 0.543069 0.492826 0.24311 0.191011 0.138498 0.0160011 0.248112 0.0611136 0.857771 0.662799 0.399192 0.915424 0.314399 0.310342 0.0832712 0.598933 0.909138 0.594638 0.99774 0.848081 0.105544 0.251221 0.272722 0.155971 0.0393449 0.736006 0.725008 0.0036254 0.85396 0.742191 0.0726566 0.397029 0.235017 0.315766 0.588041 0.373515 0.331768 0.836152 0.434629 0.189539 0.498951 0.833821 0.104963 0.813351 0.144163 0.188234 0.412284 0.0533009 0.782872 0.410024 0.901382 0.888416 0.661245 0.174104 0.0443872 0.70059 0.91011 0.769395 0.704215 0.76407 0.511586 0.776872 0.1611 0.746603 0.0926383 0.74914 0.120118 0.424406 0.585293 0.554747 0.613945 0.0842441 0.388568 0.718908 0.897595 0.532731 0.907142 0.309879 0.586032 0.690014 0.719903 0.487414 0.578431 0.381148 0.661518 0.622818 0.0817379 0.571627 0.392213 0.785953 0.335698 0.903799 0.562825 0.496798 0.650402 0.655463 0.245938 0.77052 0.0798692 0.831231 0.325267 0.693814 0.915475 0.713835 0.412722 0.81307 0.246566 0.319864 0.122948 0.832598 0.00987778 0.842851 0.320011 0.588308 0.223999 0.981529 0.211126 0.305737 0.553156 0.603339 0.0916902 0.888854 0.507137 
14 30 45 2 10 31 5 
0.389848 0.46282 0.253326 0.0836617 0.378295 0.967161 0.496384 0.191365 0.213727 0.816247 0.314313 0.0463249 0.826125 0.157165 0.366336 0.414433 0.381164 0.347865 0.625559 0.686901 0.901022 0.228898 0.778591 0.789876 0.736035 0.433106 0.175527 0.893574 0.743085 0.807117 0.821633 0.132932 0.269937 0.0749595 0.216594 0.648233 0.0421206 0.712977 0.839598 0.255848 0.529225 0.153911 0.302173 0.355349 0.311076 0.668509 0.769782 0.69224 0.0163743 0.395342 0.37914 0.917396 0.62424 0.157731 0.707272 0.360275 0.590838 0.882799 0.253849 0.333922 0.689915 0.0754827 0.466855 0.959852 0.150442 0.683448 0.608085 0.192563 0.396426 0.447683 0.448411 0.92565 0.601594 0.750583 0.281 0.91267 0.419092 0.0507823 0.604909 0.435467 0.446124 0.98405 0.352862 0.0703636 0.141781 0.060134 0.430638 0.732619 0.942933 0.684488 0.0665412 0.632848 0.75997 0.533396 0.5927 0.910413 0.216844 0.200786 0.102975 0.61327 0.648468 0.551386 0.538921 0.250062 0.301969 0.81992 0.162732 0.721061 0.870703 0.767642 0.156528 0.316827 0.751691 0.509391 0.38719 0.893473 0.569525 0.817829 0.626092 0.512457 0.502316 0.692633 0.145305 0.262287 0.226029 0.738006 0.172699 0.442873 
15 38 24 4 5 17 72 
0.837322 0.12903 0.414984 5.40032e-05 0.850092 0.285687 0.767696 0.00661973 0.602513 0.519387 0.51601 0.989704 0.41286 0.0855348 0.807532 0.0389516 0.597992 0.309849 0.731584 0.743297 0.572136 0.957613 0.481302 0.744835 0.400486 0.420094 0.0205102 0.456629 0.00735288 0.847571 0.0516925 0.844675 0.976601 0.466676 0.844729 0.826693 0.752363 0.612424 0.833313 0.354877 0.131811 0.349323 0.34458 0.544671 0.434858 0.152113 0.583623 0.0328496 0.461962 0.315207 0.776147 0.0340976 0.27282 0.257449 0.778933 0.673306 0.677543 0.799443 0.129935 0.684895 0.647014 0.181628 0.52957 0.623615 0.648304 0.374299 0.450308 0.400667 0.986723 0.283621 0.755544 0.118535 0.632944 0.100125 0.663206 0.0678018 0.252238 0.246829 0.100651 0.714199 0.562036 0.876798 0.748297 0.834857 0.134247 0.52723 0.508163 0.81179 0.326673 0.638098 0.496685 0.973687 0.819726 0.0262552 0.597302 0.46803 0.400554 0.0476108 0.868697 0.387277 0.331232 0.624242 0.505812 0.964176 0.724366 0.169017 0.0319778 0.976604 0.415846 0.132629 0.690803 0.977882 0.00942719 0.4391 0.812739 0.143674 0.96633 0.320902 0.955464 0.293003 0.959 0.452149 0.266689 0.778726 0.478404 0.863992 0.246756 0.878958 
16 66 73 7 8 34 61 
0.20701 0.464061 0.941064 0.238988 0.440665 0.356911 0.371617 0.131468 0.334793 0.381045 0.570568 0.147532 0.524719 0.536898 0.468434 0.480183 0.8299 0.427433 0.932332 0.0965899 0.206159 0.410736 0.960582 0.452915 0.289694 0.872184 0.568368 0.555929 0.115019 0.308063 0.327976 0.322029 0.772124 0.269041 0.561017 0.212789 0.625951 0.932635 0.344257 0.960744 0.31368 0.914825 0.108276 0.838399 0.451723 0.576709 0.318581 0.281623 0.00414293 0.250913 0.378213 0.210302 0.661649 0.338795 0.663217 0.951343 0.210979 0.231585 0.507273 0.325998 0.539648 0.835249 0.648027 0.311772 0.10429 0.209044 0.524561 0.730241 0.141679 0.868818 0.690985 0.455359 0.783643 0.799261 0.293757 0.235366 0.375971 0.612339 0.51699 0.380113 0.863252 0.895203 0.590416 0.524901 0.233998 0.253633 0.476244 0.444977 0.485218 0.983517 0.770975 0.0248663 0.818766 0.419002 0.336639 0.923056 0.628046 0.8612 0.653297 0.769725 0.730018 0.344283 0.225084 0.513661 0.143544 0.518842 0.749027 0.519514 0.13118 0.266016 0.899628 0.994432 0.161219 0.490043 0.519333 0.395217 0.743676 0.995577 0.840194 0.228894 0.979095 0.611169 0.253761 0.797861 0.0301707 0.590399 0.720917 0.658217 
17 19 59 24 53 40 49 
0.171868 0.444304 0.381554 0.303049 0.710321 0.281182 0.297481 0.87154 0.771226 0.816814 0.266757 0.514902 0.812392 0.106951 0.743796 0.791486 0.71812 0.997557 0.589347 0.748291 0.587956 0.310264 0.406508 0.0395546 0.684478 0.83445 0.221171 0.402975 0.487477 0.916449 0.265015 0.659345 0.360753 0.64657 0.962394 0.0710742 0.927752 0.259875 0.942614 0.698977 0.0766895 0.209372 0.213879 0.889081 0.316323 0.957675 0.680568 0.0344431 0.955231 0.269915 0.782734 0.543187 0.580179 0.189242 0.582742 0.264657 0.0236916 0.803913 0.667631 0.511168 0.720362 0.932646 0.170514 0.0811151 0.579216 0.132908 0.152189 0.506968 0.392783 0.0948037 0.205945 0.469472 0.304175 0.419824 0.358554 0.620498 0.377499 0.0391214 0.654941 0.33273 0.309036 0.437675 0.875917 0.889215 0.626917 0.458659 0.153871 0.650609 0.262572 0.821503 0.161777 0.982933 0.754149 0.332291 0.0640485 0.333365 0.465198 0.216238 0.840333 0.857981 0.311041 0.0462774 0.327454 0.615217 0.466101 0.686007 0.235715 0.8436 0.725129 0.890657 0.17633 0.0341647 0.328332 0.0522467 0.923379 0.955249 0.510905 0.0772507 0.605857 0.773477 0.898753 0.767634 0.75641 0.652902 0.0999248 0.820459 0.986268 0.565123 
18 24 27 21 59 42 26 
0.962955 0.338979 0.436565 0.19867 0.182578 0.161694 0.0893266 0.358908 0.195858 0.417658 0.411155 0.119238 0.372907 0.92206 0.196488 0.978765 0.695537 0.0952417 0.746399 0.451948 0.748144 0.846324 0.272406 0.734412 0.411446 0.309103 0.561012 0.834551 0.656841 0.433889 0.585108 0.619796 0.772868 0.0216731 0.818466 0.955446 0.183367 0.907793 0.314355 0.379225 0.325451 0.725509 0.498463 0.698359 0.647569 0.694951 0.677123 0.343106 0.790193 0.423522 0.795054 0.538337 0.269845 0.0674604 0.272749 0.681292 0.376563 0.833761 0.515842 0.0334047 0.26765 0.100951 0.653201 0.040518 0.122624 0.471667 0.995964 0.30599 0.37946 0.310319 0.685216 0.704911 0.0358282 0.183678 0.40327 0.683398 0.878629 0.0803929 0.026504 0.668822 0.503915 0.821558 0.207159 0.77376 0.889018 0.479908 0.455052 0.265582 0.313668 0.970894 0.298986 0.581318 0.0718447 0.952187 0.621836 0.194468 0.423854 0.617801 0.500459 0.803314 0.92812 0.185674 0.508226 0.963948 0.369353 0.911496 0.647346 0.247982 0.991888 0.67385 0.916804 0.495803 0.495408 0.123964 0.269563 0.384426 0.603872 0.724615 0.650008 0.91754 0.695509 0.948994 0.498859 0.767354 0.901181 0.120695 0.961822 0.325036 
19 12 9 60 13 57 52 
0.0173083 0.548071 0.27791 0.26529 0.53996 0.951759 0.182095 0.0357628 0.447167 0.306059 0.305326 0.831593 0.90993 0.0299406 0.4816 0.82747 0.725449 0.430594 0.326329 0.492803 0.331775 0.447024 0.454625 0.656811 0.18552 0.916906 0.785161 0.852135 0.564862 0.421737 0.482699 0.58217 0.969808 0.760609 0.847461 0.509768 0.712368 0.0295555 0.545531 0.159535 0.335614 0.850857 0.991127 0.245544 0.880797 0.472728 0.0730145 0.606247 0.903322 0.399343 0.0990497 0.235097 0.846367 0.553675 0.891908 0.0318865 0.470581 0.677069 0.884022 0.035443 0.0988055 0.366721 0.617613 0.0686136 0.12733 0.465074 0.578381 0.839698 0.494629 0.123912 0.999232 0.830243 0.974769 0.99036 0.0757873 0.855566 0.463087 0.148802 0.461812 0.366409 0.548145 0.560862 0.601506 0.394512 0.114537 0.493414 0.426398 0.585118 0.170483 0.31042 0.620561 0.269288 0.677141 0.238174 0.337902 0.80447 0.703248 0.916283 0.644168 0.197877 0.0401956 0.6434 0.0281199 0.0149643 0.63376 0.103907 0.87053 0.0968474 0.252709 0.332342 0.463257 0.800854 0.893205 0.0647627 0.195366 0.00774162 0.558177 0.621764 0.59286 0.72866 0.932184 0.213421 0.997948 0.609325 0.451595 0.33585 0.413795 0.154843 
20 8 19 34 24 43 39 
0.307293 0.335124 0.484747 0.177823 0.431971 0.737456 0.510166 0.895228 0.53831 0.40337 0.95999 0.733676 0.411112 0.518167 0.35544 0.00397185 0.246826 0.287624 0.217393 0.244774 0.896949 0.668988 0.580624 0.310744 0.823832 0.832757 0.368707 0.176552 0.125086 0.0700709 0.557392 0.43238 0.405194 0.0421387 0.610203 0.837165 0.779595 0.120369 0.732393 0.317905 0.523739 0.692383 0.0515801 0.934851 0.21055 0.40702 0.938823 0.457377 0.694644 0.156216 0.702151 0.591592 0.825204 0.282775 0.902336 0.649036 0.115532 0.271044 0.825587 0.240619 0.341115 0.382979 0.672999 0.746309 0.425118 0.283201 0.583474 0.204713 0.40357 0.315867 0.522617 0.927309 0.00825043 0.574197 0.86216 0.218801 0.981217 0.800983 0.676177 0.675861 0.957199 0.378328 0.267453 0.782403 0.661103 0.169789 0.431439 0.776636 0.440833 0.257027 0.0172544 0.781947 0.640006 0.690253 0.528256 0.0651234 0.973454 0.111731 0.269836 0.377025 0.427598 0.792453 0.304334 0.435848 0.36665 0.166494 0.654649 0.347867 0.967477 0.330826 0.023728 0.924676 0.709154 0.291181 0.70708 0.370257 0.46097 0.138519 0.146893 0.901803 0.395545 0.164147 0.68375 0.0355508 0.8544 0.212006 0.100674 0.827854 
21 31 1 66 5 51 4 
0.187183 0.529613 0.675707 0.841832 0.877481 0.643184 0.172658 0.901209 0.567861 0.881812 0.19239 0.27494 0.252069 0.653359 0.413459 0.398961 0.555162 0.809004 0.563108 0.238912 0.844555 0.417508 0.450918 0.945229 0.245362 0.774655 0.315739 0.450241 0.52599 0.478702 0.959453 0.713172 0.00831559 0.63516 0.555004 0.885796 0.278344 0.727662 0.787005 0.846205 0.609474 0.979395 0.121145 0.861542 0.632754 0.534604 0.260503 0.187916 0.343608 0.823611 0.426828 0.188162 0.241119 0.877746 0.133391 0.486481 0.652401 0.44913 0.936722 0.178391 0.927832 0.896175 0.891563 0.936148 0.531336 0.446567 0.821944 0.80968 0.174229 0.60895 0.655885 0.783703 0.588345 0.77703 0.645245 0.221099 0.311634 0.905748 0.409015 0.655241 0.72936 0.835844 0.843404 0.970479 0.71359 0.976795 0.45696 0.365991 0.425925 0.393682 0.544382 0.353757 0.289858 0.435945 0.289905 0.821194 0.882513 0.11185 0.630874 0.056742 0.720799 0.286759 0.840445 0.309144 0.0637885 0.48569 0.530243 0.375422 0.391438 0.939258 0.0306635 0.120798 0.775102 0.874067 0.0912776 0.488692 0.850862 0.548238 0.854683 0.276788 0.941921 0.399065 0.630545 0.231779 0.83501 0.92045 0.0529721 0.717523 
22 45 48 63 56 14 30 
0.0343928 0.100399 0.592487 0.409815 0.491838 0.531745 0.440479 0.612636 0.306846 0.314546 0.703914 0.795538 0.165408 0.252152 0.650221 0.442196 0.194073 0.0492856 0.0727407 0.425851 0.884296 0.993191 0.478823 0.601818 0.0254912 0.162669 0.376083 0.778591 0.133273 0.990792 0.840834 0.167666 0.0911918 0.433321 0.577481 0.58303 0.965066 0.0179598 0.195666 0.271912 0.332506 0.89958 0.0674502 0.497914 0.151732 0.717671 0.94011 0.345805 0.766957 0.0128502 0.771656 0.651252 0.00604128 0.250479 0.25307 0.0315325 0.413148 0.629153 0.810123 0.546422 0.619945 0.650958 0.714088 0.711137 0.0842786 0.291569 0.294167 0.0493443 0.309529 0.489833 0.321256 0.642034 0.389413 0.388707 0.139948 0.541146 0.106378 0.0800578 0.88695 0.873334 0.092908 0.658606 0.524586 0.0989493 0.909085 0.777657 0.130482 0.322234 0.40681 0.940605 0.868655 0.0267551 0.591563 0.582743 0.737892 0.675841 0.874312 0.0320594 0.725186 0.183841 0.521893 0.0464421 0.825875 0.911306 0.435149 0.965823 0.452451 0.541526 0.0458813 0.339402 0.41486 0.138789 0.998008 0.939447 0.237739 0.907093 0.717103 0.36822 0.229327 0.123913 0.308826 0.0979823 0.150668 0.900388 0.680725 0.88856 0.57623 0.555037 
23 26 18 72 66 42 52 
0.353818 0.783006 0.530577 0.806269 0.324532 0.576458 0.145671 0.739393 0.715247 0.143679 0.678839 0.952986 0.0507726 0.395942 0.321206 0.2801 0.519855 0.630032 0.378082 0.670523 0.53042 0.0588072 0.559083 0.10665 0.613844 0.479702 0.408065 0.352722 0.922214 0.755922 0.917475 0.276032 0.538928 0.448052 0.0823018 0.863461 0.0245097 0.227973 0.602853 0.739757 0.371652 0.281693 0.692742 0.422425 0.677635 0.0139486 0.702524 0.19749 0.64398 0.0806063 0.868012 0.1744 0.139414 0.427095 0.28105 0.753258 0.906797 0.689115 0.10598 0.829012 0.445037 0.0234555 0.105044 0.983966 0.471507 0.187346 0.847427 0.496017 0.415319 0.45028 0.235774 0.786971 0.731973 0.928516 0.209396 0.409607 0.942465 0.91192 0.607097 0.586445 0.992526 0.475109 0.760846 0.13194 0.902204 0.0418954 0.885198 0.809002 0.73101 0.991178 0.638013 0.176048 0.0146335 0.743057 0.160013 0.486141 0.930403 0.00744003 0.982158 0.345722 0.45772 0.217932 0.132693 0.189693 0.146448 0.342089 0.5993 0.0889131 0.254009 0.206397 0.675358 0.246535 0.681506 0.436204 0.378475 0.58371 0.478099 0.263673 0.392712 0.20911 0.254851 0.0307255 0.385157 0.269484 0.773783 0.545171 0.755625 0.704186 
24 43 61 38 41 7 46 
0.102163 0.52469 0.799323 0.191076 0.778699 0.00571989 0.866435 0.0252341 0.687226 0.302639 0.403709 0.270936 0.780738 0.667382 0.663649 0.989847 0.922233 0.694374 0.375005 0.191717 0.468157 0.920175 0.947343 0.172343 0.472786 0.685126 0.222252 0.483116 0.640842 0.404853 0.68314 0.743005 0.929543 0.482463 0.934081 0.708242 0.488183 0.800516 0.733476 0.175409 0.103155 0.137185 0.446345 0.883892 0.804568 0.109994 0.87374 0.726801 0.804368 0.248744 0.918518 0.272525 0.168919 0.865861 0.444868 0.641705 0.550987 0.66712 0.124822 0.191829 0.0719728 0.807961 0.934834 0.00151595 0.290424 0.868915 0.709758 0.778607 0.669431 0.443234 0.954015 0.772585 0.58042 0.40036 0.656478 0.384987 0.510354 0.530217 0.111788 0.314722 0.778962 0.0303061 0.587247 0.947881 0.896167 0.032115 0.589586 0.447154 0.699235 0.714408 0.638983 0.771208 0.522369 0.573816 0.772723 0.812793 0.442731 0.482482 0.5914 0.112162 0.925716 0.545415 0.884748 0.506136 0.945776 0.541225 0.891123 0.45613 0.0714429 0.00291139 0.770852 0.850405 0.0332175 0.358099 0.798286 0.929385 0.390214 0.387872 0.376539 0.0894484 0.102279 0.0155216 0.860656 0.624648 0.589338 0.633379 0.437441 0.0320693 
25 65 39 32 68 18 46 
0.547713 0.520032 0.570205 0.438836 0.976162 0.641647 0.441748 0.747013 0.492052 0.474965 0.105112 0.290338 0.40435 0.495326 0.678209 0.780888 0.584774 0.780489 0.79641 0.44543 0.405137 0.385748 0.0788093 0.842579 0.417817 0.19467 0.87142 0.562049 0.236247 0.445676 0.591028 0.78396 0.965708 0.161232 0.222796 0.941869 0.80288 0.664544 0.688883 0.294932 0.139509 0.793995 0.585269 0.543858 0.28932 0.263479 0.324747 0.874094 0.0439674 0.121156 0.319524 0.449104 0.506904 0.398334 0.291683 0.924722 0.593004 0.163103 0.48677 0.829251 0.608779 0.0777982 0.613211 0.574486 0.239031 0.836007 0.516356 0.0419105 0.500551 0.205238 0.336842 0.64006 0.999233 0.922112 0.183918 0.288553 0.185591 0.508665 0.162647 0.229558 0.629821 0.482172 0.678662 0.136726 0.880505 0.970345 0.0614473 0.473509 0.133448 0.548218 0.30276 0.742226 0.626016 0.915971 0.316713 0.865046 0.751979 0.833068 0.906957 0.25253 0.0383067 0.243799 0.89259 0.0375396 0.165911 0.076508 0.326093 0.351502 0.585173 0.48874 0.58106 0.214994 0.970912 0.259722 0.35172 0.851417 0.230067 0.413167 0.324926 0.363515 0.961385 0.627686 0.105741 0.587401 0.543657 0.422454 0.452447 0.295636 
26 43 37 54 55 5 4 
0.331369 0.769115 0.517263 0.657461 0.120616 0.102436 0.146202 0.701676 0.31743 0.117113 0.961398 0.66915 0.96853 0.191465 0.0823174 0.293456 0.55498 0.0437022 0.921142 0.660721 0.631103 0.464799 0.0831755 0.08355 0.760435 0.338698 0.442954 0.3086 0.632527 0.0461576 0.749356 0.963896 0.815272 0.266619 0.621357 0.935889 0.369055 0.767559 0.637565 0.686485 0.884672 0.598963 0.355636 0.853202 0.790428 0.437953 0.146658 0.345408 0.481655 0.0677999 0.00612916 0.112758 0.532599 0.0893047 0.196308 0.293033 0.428003 0.639262 0.601634 0.0605297 0.68542 0.350989 0.0244256 0.500692 0.617608 0.645783 0.436581 0.986663 0.413342 0.0741455 0.673148 0.298014 0.673108 0.0287838 0.151217 0.463536 0.466737 0.297875 0.808944 0.948392 0.365675 0.815073 0.06115 0.898273 0.904377 0.257458 0.191307 0.33238 0.89672 0.792941 0.39291 0.58214 0.14393 0.417335 0.0828321 0.761538 0.0631184 0.519413 0.748201 0.47646 0.593558 0.421349 0.774475 0.266667 0.450133 0.925691 0.730202 0.91687 0.223566 0.539146 0.865262 0.589241 0.354219 0.926412 0.487514 0.258596 0.18387 0.678821 0.590976 0.0805898 0.471762 0.983886 0.66273 0.615692 0.401222 0.745562 0.37723 0.46434 
27 51 32 4 73 43 66 
0.996913 0.640966 0.855402 0.913782 0.864532 0.394548 0.779044 0.453772 0.748767 0.705456 0.941286 0.00736351 0.889325 0.620107 0.59834 0.969915 0.0918691 0.582226 0.632645 0.707561 0.983448 0.378207 0.0847901 0.447788 0.643182 0.210221 0.388588 0.501715 0.757 0.103863 0.626915 0.753913 0.744829 0.482317 0.667695 0.609361 0.876865 0.446739 0.0631337 0.625632 0.152195 0.00442021 0.632996 0.0415208 0.624528 0.231336 0.0114361 0.716397 0.813562 0.644081 0.423957 0.79701 0.0222883 0.508748 0.244797 0.66547 0.718968 0.633386 0.167185 0.475968 0.737249 0.7941 0.229881 0.482078 0.276417 0.897577 0.0914392 0.153282 0.344316 0.154573 0.778914 0.496511 0.158993 0.41191 0.538032 0.783521 0.643246 0.549468 0.499918 0.456808 0.193549 0.923875 0.253817 0.215838 0.432622 0.498615 0.881308 0.151591 0.132 0.0484926 0.627559 0.869249 0.842592 0.85744 0.351327 0.119009 0.755017 0.442766 0.272291 0.0993326 0.597339 0.0512049 0.595844 0.756332 0.463115 0.133876 0.539853 0.106361 0.683344 0.0397704 0.563169 0.876893 0.963645 0.816986 0.092731 0.396268 0.315601 0.974039 0.547858 0.447601 0.0225313 0.175417 0.31685 0.865124 0.0328571 0.668177 0.984133 0.787874 
28 21 23 39 30 0 17 
0.464614 0.770743 0.616926 0.00446664 0.877104 0.30027 0.044237 0.440272 0.177163 0.00788228 0.257258 0.269894 0.40415 0.572859 0.243933 0.952008 0.0204598 0.266464 0.127425 0.33731 0.131588 0.160282 0.00548626 0.11572 0.948156 0.116429 0.372143 0.835362 0.824711 0.679772 0.318412 0.289324 0.450515 0.935338 0.293791 0.327619 0.235608 0.338028 0.767891 0.412771 0.34591 0.0251494 0.682665 0.75006 0.598008 0.926598 0.702068 0.618468 0.193062 0.829494 0.955778 0.32465 0.989776 0.961264 0.44037 0.937932 0.077693 0.812513 0.773294 0.902404 0.492285 0.0917057 0.191728 0.9428 0.0270436 0.485519 0.270418 0.262651 0.823547 0.0383096 0.675422 0.169458 0.063459 0.358087 0.919518 0.661467 0.284685 0.621586 0.279935 0.477747 0.45108 0.235713 0.802397 0.440856 0.196977 0.242767 0.378787 0.27467 0.0552799 0.152081 0.177074 0.547565 0.243787 0.368802 0.490365 0.27083 0.854321 0.760783 0.533482 0.677868 0.799093 0.208904 0.847326 0.862552 0.566991 0.766844 0.524019 0.851677 0.38843 0.803955 0.329424 0.83951 0.0396679 0.131821 0.280366 0.236645 0.374587 0.659153 0.511315 0.429867 0.811234 0.688389 0.977432 0.0550208 0.0571907 0.467797 0.325851 0.911512 
29 26 50 32 33 68 43 
0.890225 0.635228 0.20355 0.414244 0.486904 0.59198 0.218199 0.816328 0.43149 0.257866 0.948149 0.711856 0.494511 0.322736 0.371009 0.00582667 0.752604 0.182243 0.694216 0.730036 0.237264 0.751406 0.197833 0.563115 0.662918 0.426413 0.422448 0.252298 0.454085 0.490684 0.689004 0.34431 0.125912 0.892553 0.758554 0.612817 0.484533 0.976753 0.429145 0.916023 0.234619 0.377294 0.627879 0.729131 0.70003 0.998888 0.734957 0.452634 0.181132 0.429173 0.18267 0.418396 0.180579 0.380502 0.981511 0.843497 0.806915 0.403959 0.0957952 0.261 0.894644 0.784799 0.60531 0.0205559 0.677353 0.363864 0.633373 0.161886 0.340617 0.0625179 0.0779093 0.575236 0.439812 0.705789 0.304366 0.139843 0.704677 0.0393237 0.592476 0.885809 0.468496 0.775146 0.304205 0.649076 0.155648 0.285716 0.492573 0.962563 0.689675 0.588368 0.223563 0.584318 0.373167 0.828874 0.604874 0.0505196 0.192738 0.238247 0.212405 0.533355 0.300765 0.290315 0.108591 0.740577 0.996103 0.412957 0.880419 0.70078 0.452281 0.472896 0.586589 0.920778 0.248042 0.890794 0.569853 0.40369 0.176509 0.0624259 0.366254 0.866184 0.650794 0.589817 0.450502 0.0239609 0.418691 0.0553766 0.0744804 0.611429 
30 42 49 41 72 1 45 
0.573304 0.666332 0.215385 0.274084 0.118613 0.688281 0.860673 0.0393906 0.936323 0.751467 0.609244 0.340013 0.927976 0.67167 0.706267 0.79416 0.322464 0.296084 0.244663 0.346424 0.714774 0.300039 0.420905 0.326203 0.593663 0.707791 0.470986 0.188051 0.284991 0.724361 0.523017 0.858295 0.390693 0.738401 0.132379 0.509306 0.426682 0.993053 0.548697 0.363005 0.744519 0.15794 0.703019 0.672495 0.82961 0.409285 0.466656 0.152074 0.705369 0.711318 0.498498 0.420143 0.0113578 0.919403 0.746346 0.605021 0.627194 0.217333 0.793072 0.912185 0.941694 0.316089 0.77048 0.332387 0.0544901 0.902859 0.841693 0.481172 0.895912 0.390389 0.844177 0.640431 0.54833 0.547196 0.312927 0.37794 0.956481 0.779582 0.530013 0.661851 0.490901 0.0285113 0.0819941 0.502259 0.947914 0.82834 0.107279 0.575108 0.0456734 0.900351 0.487293 0.987367 0.21644 0.257773 0.319754 0.27093 0.160632 0.161447 0.752102 0.056544 0.551837 0.59628 0.696975 0.100166 0.143476 0.00990191 0.478106 0.0999573 0.789484 0.00811969 0.761808 0.280385 0.036631 0.843802 0.782644 0.984545 0.672142 0.889923 0.559653 0.717816 0.790274 0.0469453 0.705183 0.00671424 0.304718 0.0249374 0.277644 0.46535 
31 55 2 43 72 67 7 
0.838388 0.769502 0.228771 0.316494 0.86946 0.0182555 0.324614 0.631268 0.298641 0.361245 0.475069 0.0812842 0.34579 0.147212 0.971207 0.905442 0.865028 0.761481 0.952388 0.570211 0.768196 0.257106 0.595148 0.0458399 0.722456 0.781533 0.0755866 0.24435 0.519754 0.701613 0.463219 0.358142 0.471115 0.69199 0.674635 0.340575 0.710246 0.999249 0.971843 0.0088862 0.360494 0.446912 0.0901704 0.706283 0.594124 0.0613775 0.611726 0.459152 0.822859 0.564113 0.0293629 0.591055 0.821219 0.624511 0.636895 0.543675 0.406044 0.712481 0.788024 0.925798 0.414094 0.251243 0.28394 0.88521 0.943234 0.958575 0.225785 0.653479 0.957824 0.197627 0.662366 0.318318 0.64454 0.752536 0.0246011 0.238664 0.813913 0.636327 0.697815 0.636772 0.20044 0.727178 0.227827 0.0216594 0.35169 0.864722 0.565334 0.757734 0.577203 0.353359 0.683532 0.991297 0.604602 0.967472 0.876507 0.547836 0.926047 0.102291 0.201315 0.883871 0.299919 0.863681 0.202189 0.944459 0.616216 0.22679 0.183122 0.43013 0.863117 0.880938 0.0669022 0.0635572 0.608116 0.294729 0.0852166 0.959805 0.159451 0.650551 0.717539 0.736653 0.0039093 0.401071 0.72795 0.608511 0.368543 0.604457 0.156347 0.29459 
32 30 57 51 35 65 54 
0.951126 0.837559 0.607441 0.134248 0.267689 0.470558 0.0151856 0.334591 0.534115 0.623302 0.62932 0.619331 0.583107 0.788771 0.269882 0.300646 0.525424 0.273791 0.701718 0.253375 0.882303 0.0702605 0.857832 0.0386497 0.364851 0.56458 0.396312 0.543312 0.571248 0.617654 0.923962 0.522374 0.455213 0.531403 0.656622 0.722902 0.00196074 0.671807 0.057493 0.536076 0.295109 0.686813 0.155407 0.878216 0.475584 0.425289 0.178862 0.00100817 0.699081 0.88058 0.254383 0.581383 0.95084 0.112214 0.620033 0.315691 0.676794 0.0163447 0.859003 0.248042 0.633999 0.782965 0.770416 0.0892122 0.314368 0.427037 0.812114 0.316329 0.0988443 0.869607 0.852405 0.393953 0.55642 0.00781149 0.272169 0.0320041 0.433101 0.451031 0.0330123 0.132181 0.33161 0.287395 0.713564 0.282451 0.399609 0.333597 0.598141 0.0764039 0.349942 0.457144 0.324446 0.983941 0.240109 0.0948615 0.0731532 0.554477 0.521899 0.885267 0.870806 0.620743 0.754874 0.723211 0.0146961 0.311295 0.731022 0.286865 0.343299 0.164123 0.737896 0.376311 0.296304 0.0695063 0.663706 0.00986822 0.351957 0.0633155 0.343466 0.950098 0.139719 0.693408 0.407242 0.464165 0.677349 0.647351 0.559027 0.750502 0.201828 0.0809256 
33 35 57 46 10 68 30 
0.701938 0.526868 0.00322955 0.0452368 0.69099 0.741125 0.421548 0.987294 0.810632 0.0852538 0.997163 0.162589 0.148569 0.340628 0.112687 0.288289 0.0340356 0.519929 0.752454 0.711384 0.16728 0.311481 0.461886 0.369109 0.392407 0.0976549 0.441743 0.0940751 0.488298 0.237589 0.81044 0.190236 0.764456 0.813669 0.235473 0.455447 0.554795 0.657021 0.442741 0.365426 0.742275 0.439903 0.528015 0.890844 0.780531 0.640702 0.179133 0.814567 0.160631 0.931587 0.525951 0.327911 0.243068 0.987837 0.69702 0.635474 0.0854919 0.138763 0.729549 0.57379 0.376352 0.539989 0.764027 0.140808 0.353658 0.9995 0.596255 0.908453 0.656521 0.0389955 0.273879 0.398795 0.478899 0.801895 0.289639 0.25943 0.442597 0.468772 0.0739974 0.603228 0.400359 0.599949 0.931139 0.643427 0.587786 0.628159 0.278901 0.673277 0.766922 0.00845089 0.247068 0.143273 0.54844 0.0110941 0.284081 0.902098 0.0105938 0.880336 0.810551 0.667114 0.919331 0.0844308 0.0659098 0.39823 0.886325 0.355549 0.65766 0.328922 0.824322 0.731658 0.932149 0.224681 0.331607 0.863288 0.868108 0.919392 0.491447 0.147009 0.59267 0.258368 0.15546 0.839737 0.401642 0.7039 0.850831 0.685723 0.605999 0.861425 
34 26 0 38 22 4 50 
0.88362 0.387306 0.949999 0.54128 0.716228 0.77432 0.272938 0.648377 0.999001 0.604545 0.511665 0.867109 0.523937 0.00311217 0.0141181 0.116607 0.26148 0.169578 0.956344 0.663122 0.873479 0.807175 0.348845 0.479477 0.6686 0.914904 0.896027 0.19714 0.400293 0.397008 0.791589 0.283913 0.784314 0.741587 0.825194 0.500542 0.515907 0.098132 0.148919 0.514908 0.702677 0.660585 0.382017 0.226614 0.663697 0.396135 0.34322 0.925177 0.565714 0.299564 0.5883 0.439192 0.106739 0.937145 0.918669 0.775339 0.852048 0.814696 0.972479 0.252341 0.211704 0.764068 0.536255 0.996018 0.505655 0.361448 0.49656 0.0215623 0.45958 0.64548 0.536471 0.162257 0.306064 0.918488 0.388871 0.969761 0.314623 0.732091 0.894939 0.880337 0.0316555 0.483238 0.319529 0.138395 0.420383 0.238198 0.913734 0.272431 0.0528946 0.886212 0.524772 0.264599 0.65028 0.061027 0.260617 0.155935 0.422475 0.757177 0.177497 0.882056 0.402657 0.713968 0.044313 0.708721 0.632456 0.433184 0.678482 0.947079 0.165276 0.573421 0.827416 0.196931 0.0566596 0.146945 0.335326 0.477042 0.385143 0.249059 0.749473 0.438038 0.135272 0.274246 0.702637 0.785552 0.335273 0.963254 0.941487 0.757748 
35 48 66 40 13 55 70 
0.831809 0.465408 0.117301 0.510291 0.412487 0.282576 0.0837126 0.239903 0.479507 0.140372 0.386848 0.814833 0.617415 0.771991 0.0638926 0.366888 0.210028 0.199165 0.641134 0.912665 0.984716 0.976406 0.875919 0.926203 0.734154 0.59635 0.0451871 0.373958 0.719437 0.878139 0.0580745 0.551246 0.343547 0.175375 0.0615376 0.756033 0.457952 0.14525 0.995936 0.937459 0.285622 0.382784 0.752292 0.903037 0.154774 0.816185 0.269925 0.364803 0.0153494 0.911059 0.277468 6.58701e-05 0.887465 0.153387 0.926269 0.621619 0.749736 0.971456 0.995577 0.469174 0.849595 0.0536517 0.0204199 0.193142 0.229027 0.0819575 0.949175 0.686979 0.227208 0.945111 0.624438 0.51283 0.327895 0.37673 0.415867 0.482669 0.192915 0.685793 0.847472 0.208264 0.596852 0.12494 0.20833 0.484317 0.278327 0.134599 0.105936 0.0280635 0.106055 0.101513 0.497237 0.95565 0.155165 0.517657 0.148792 0.384192 0.599614 0.0979674 0.0711706 0.826822 0.0430787 0.695608 0.339652 0.370974 0.0723379 0.75552 0.853643 0.265253 0.441312 0.701116 0.473516 0.0381638 0.826056 0.681846 0.522481 0.104383 0.816445 0.628417 0.132447 0.9225 0.72993 0.629684 0.878151 0.885095 0.147341 0.0269429 0.269287 0.746955 
36 50 1 39 66 18 47 
0.538963 0.108404 0.668949 0.392606 0.373656 0.110262 0.0937215 0.847173 0.148426 0.919778 0.529019 0.670906 0.0241609 0.345464 0.299323 0.156608 0.267965 0.0292528 0.786292 0.146115 0.914348 0.933633 0.173058 0.183635 0.680588 0.297969 0.524092 0.254365 0.465958 0.560158 0.167795 0.00492027 0.668562 0.836745 0.397526 0.042218 0.947006 0.491248 0.889391 0.0954321 0.411025 0.41841 0.766338 0.435186 0.763874 0.0656612 0.591794 0.0318385 0.0949139 0.378085 0.177954 0.00926165 0.311718 0.351012 0.192896 0.992306 0.648981 0.716989 0.246671 0.114938 0.277147 0.414467 0.119859 0.945709 0.251211 0.517385 0.987927 0.198218 0.00863221 0.877317 0.29365 0.419657 0.295727 0.0599882 0.854843 0.0596008 0.125649 0.446637 0.0914393 0.220563 0.824723 0.269393 0.229825 0.136441 0.620405 0.422721 0.128747 0.269386 0.13971 0.375418 0.384324 0.416857 0.789884 0.504183 0.362565 0.0410957 0.0215673 0.350492 0.239313 0.0301995 0.227809 0.532963 0.449857 0.523536 0.592952 0.3047 0.583137 0.718601 0.751337 0.674576 0.939164 0.57606 0.943969 0.168989 0.712501 0.564374 0.591711 0.841247 0.83376 0.731421 0.216665 0.218084 0.148277 0.0065497 0.722267 0.510843 0.0476454 0.743834 
37 51 18 27 60 70 32 
0.61268 0.412874 0.528591 0.195818 0.131475 0.279928 0.870394 0.070639 0.855988 0.814363 0.239628 0.568489 0.378738 0.831339 0.409736 0.212498 0.562759 0.626402 0.430582 0.711037 0.632951 0.152849 0.22188 0.680597 0.896684 0.0832146 0.967556 0.670718 0.172359 0.787478 0.894608 0.785039 0.200352 0.423199 0.980857 0.331826 0.703128 0.851251 0.402465 0.559116 0.665614 0.642094 0.127605 0.0443516 0.473433 0.537342 0.25685 0.0361919 0.163743 0.687432 0.747229 0.796694 0.840281 0.969108 0.477291 0.736965 0.0523231 0.444847 0.407683 0.224682 0.232325 0.302291 0.00972129 0.432676 0.72549 0.990578 0.764503 0.428618 0.841829 0.166968 0.987734 0.507443 0.809062 0.115339 0.551794 0.282494 0.652681 0.808644 0.318686 0.816424 0.496076 0.0659151 0.613118 0.336357 0.0350236 0.0904096 0.0733221 0.0873467 0.535256 0.481005 0.312029 0.767581 0.783296 0.32175 0.200257 0.508786 0.312328 0.96476 0.937404 0.154157 0.131728 0.925137 0.6616 0.94079 0.0404766 0.213394 0.223285 0.693157 0.022038 0.541971 0.509581 0.518114 0.607886 0.1227 0.854471 0.64291 0.213109 0.927793 0.730257 0.748366 0.408798 0.0422854 0.515947 0.192093 0.364035 0.716204 0.700879 0.676363 
38 46 64 37 54 53 65 
0.753483 0.603897 0.705514 0.976768 0.297054 0.727552 0.518739 0.806635 0.245666 0.126625 0.929335 0.100137 0.769535 0.142444 0.0279296 0.499792 0.89081 0.436727 0.542078 0.406756 0.628821 0.906113 0.12296 0.3297 0.582476 0.803925 0.967982 0.412997 0.616617 0.531402 0.905117 0.3701 0.135299 0.610631 0.346868 0.432353 0.338183 0.865607 0.238988 0.583849 0.992232 0.168323 0.683986 0.761767 0.310767 0.711915 0.26156 0.201577 0.148643 0.803637 0.608334 0.777463 0.70975 0.731294 0.107163 0.292226 0.535218 0.0751451 0.705223 0.151836 0.606547 0.61034 0.521935 0.741846 0.220971 0.868803 0.1742 0.559154 0.73441 0.413188 0.143003 0.726642 0.581511 0.826988 0.488409 0.892279 0.538904 0.749969 0.0938557 0.687546 0.553606 0.702189 0.465009 0.263356 0.433483 0.572172 0.555582 0.968702 0.647317 0.260805 0.120537 0.253865 0.871145 0.642473 0.995711 0.0921155 0.511276 0.169911 0.651269 0.245685 0.583099 0.794272 0.972327 0.16461 0.62126 0.460736 0.0568883 0.160164 0.210705 0.150744 0.84771 0.764311 0.852933 0.312719 0.0276673 0.286416 0.884891 0.58325 0.255118 0.532209 0.844055 0.375655 0.786073 0.7152 0.0181277 0.781785 0.807315 0.529403 
39 47 65 35 27 30 63 
0.699404 0.874116 0.208152 0.756292 0.0342801 0.418858 0.907036 0.88199 0.183169 0.759969 0.194709 0.210836 0.0463854 0.0796005 0.794086 0.301503 0.611809 0.63814 0.677158 0.397883 0.35334 0.695286 0.179667 0.160655 0.22469 0.131362 0.61924 0.999778 0.666156 0.872096 0.747194 0.36556 0.746212 0.955346 0.121852 0.780492 0.374204 0.0288881 0.662482 0.557373 0.788857 0.857191 0.768209 0.835243 0.936792 0.562294 0.136746 0.548601 0.200435 0.813904 0.946483 0.553775 0.509191 0.126151 0.71443 0.73388 0.257513 0.333669 0.733658 0.923669 0.205765 0.480853 0.28923 0.951977 0.436199 0.411082 0.732469 0.810403 0.43997 0.394952 0.367776 0.228827 0.252143 0.135984 0.0640695 0.188935 0.698279 0.200815 0.737536 0.898713 0.0147199 0.684019 0.452488 0.523911 0.81017 0.166917 0.257791 0.0676829 0.500586 0.991449 0.991352 0.706351 0.472302 0.280582 0.658328 0.908501 0.691663 0.390798 0.718903 0.131633 0.785749 0.0866791 0.36046 0.0378924 0.222663 0.424529 0.226827 0.920942 0.625345 0.964363 0.819655 0.640065 0.648382 0.272143 0.163975 0.458552 0.43906 0.421766 0.526235 0.939646 0.413215 0.517587 0.645998 0.885517 0.798169 0.304326 0.794017 0.489833 
40 17 8 73 13 25 10 
0.518766 0.822263 0.406455 0.745593 0.743205 0.0318002 0.709956 0.56286 0.671865 0.358339 0.835003 0.83584 0.816891 0.274063 0.257606 0.343126 0.213709 0.670821 0.860713 0.859707 0.556338 0.658883 0.164033 0.350355 0.148715 0.859156 0.863276 0.770181 0.34003 0.462876 0.752107 0.858795 0.285139 0.158562 0.604388 0.028344 0.190362 0.314344 0.591204 0.862227 0.672683 0.426207 0.698068 0.489574 0.70027 0.955674 0.8327 0.913979 0.626496 0.693413 0.773685 0.182834 0.352296 0.937718 0.533189 0.501011 0.796875 0.396465 0.271192 0.136904 0.85934 0.0232992 0.995699 0.144479 0.181861 0.600088 0.172823 0.372224 0.914432 0.764028 0.234451 0.587115 0.190234 0.932519 0.0766883 0.890504 0.888193 0.909388 0.804483 0.514689 0.602801 0.578168 0.697522 0.955097 0.515887 0.230711 0.456108 0.312761 0.627176 0.7273 0.449665 0.486516 0.7506 0.445365 0.630996 0.932461 0.0454524 0.803819 0.304685 0.959884 0.567846 0.539136 0.546999 0.758081 0.471655 0.623687 0.648585 0.359848 0.533075 0.453068 0.874536 0.135876 0.0312367 0.572058 0.090973 0.547123 0.802769 0.547081 0.859884 0.429945 0.274381 0.30955 0.916461 0.0249808 0.754914 0.547457 0.957442 0.800367 
41 23 28 27 3 58 7 
0.677203 0.272916 0.930937 0.325788 0.632764 0.464012 0.778857 0.5073 0.599889 0.810093 0.0793584 0.690861 0.357216 0.882128 0.237942 0.217101 0.312073 0.512324 0.52665 0.228534 0.537305 0.281565 0.775991 0.494746 0.0819316 0.127266 0.756872 0.842183 0.0463885 0.558134 0.149433 0.723592 0.831051 0.0803699 0.0493801 0.463815 0.544382 0.828237 0.971115 0.144271 0.63833 0.0504734 0.835132 0.995546 0.932601 0.0730747 0.212647 0.244674 0.585398 0.739298 0.473207 0.122703 0.0208624 0.249198 0.617449 0.102794 0.376464 0.374322 0.944977 0.422853 0.932456 0.0944092 0.146445 0.763507 0.174779 0.195825 0.227322 0.719161 0.0240613 0.198437 0.863432 0.662391 0.24891 0.698564 0.657937 0.181511 0.771639 0.870584 0.426185 0.357038 0.609882 0.899392 0.479741 0.630744 0.14859 0.09719 0.733538 0.525055 0.471512 0.678515 0.947908 0.403968 0.772924 0.0943523 0.167475 0.947703 0.290177 0.394797 0.666865 0.314238 0.593233 0.530297 0.976629 0.842143 0.228861 0.634567 0.0236545 0.000500218 0.505151 0.449839 0.357538 0.115033 0.349231 0.837279 0.745777 0.497822 0.934469 0.479316 0.0228764 0.40598 0.15783 0.970784 0.809948 0.930755 0.0651363 0.977423 0.878458 0.355313 
42 43 59 38 53 45 28 
0.807596 0.30448 0.280748 0.831251 0.30498 0.785899 0.28109 0.662518 0.900932 0.630321 0.499797 0.646709 0.128143 0.434265 0.126025 0.15102 0.840245 0.283856 0.121804 0.650194 0.21461 0.18694 0.627617 0.0930678 0.542253 0.999836 0.63839 0.211805 0.965289 0.714009 0.857986 0.772886 0.018489 0.138733 0.604137 0.323469 0.924632 0.885227 0.985987 0.825564 0.515548 0.485784 0.472274 0.643691 0.920049 0.598299 0.794711 0.760294 0.882154 0.916515 0.410488 0.0967644 0.103454 0.0381049 0.189832 0.645707 0.0379414 0.828222 0.857512 0.0032308 0.542231 0.715498 0.776117 0.56072 0.854231 0.380253 0.884189 0.778863 0.26548 0.870177 0.604428 0.781028 0.355961 0.0767015 0.42472 0.27601 0.675 0.219431 0.0363041 0.557155 0.135945 0.446792 0.653919 0.239399 0.484897 0.843751 0.885107 0.522839 0.671974 0.742619 0.526069 0.214205 0.458116 0.302186 0.774925 0.312347 0.682439 0.659115 0.0912109 0.947919 0.529292 0.695639 0.728947 0.885252 0.77234 0.153667 0.161262 0.447341 0.373098 0.197566 0.00449521 0.509043 0.644358 0.658414 0.748442 0.129255 0.502166 0.633549 0.652094 0.174139 0.376168 0.178163 0.388344 0.834284 0.480349 0.16327 0.146631 0.162789 
43 71 18 5 8 16 6 
0.705821 0.993322 0.39819 0.153162 0.36642 0.595756 0.157657 0.875463 0.240114 0.816071 0.623905 0.369369 0.318237 0.257453 0.0214631 0.492376 0.633621 0.199626 0.880721 0.467905 0.679976 0.0439901 0.614536 0.842764 0.866375 0.852379 0.953472 0.218051 0.78586 0.793128 0.454979 0.491681 0.78645 0.853168 0.644843 0.15287 0.448924 0.8025 0.0283329 0.689038 0.618571 0.652238 0.0584072 0.936808 0.909691 0.0798703 0.429184 0.543312 0.279497 0.309904 0.0112172 0.959472 0.353895 0.625754 0.802237 0.220269 0.478132 0.755709 0.43832 0.263992 0.548837 0.893298 0.755673 0.335287 0.746467 0.400516 0.488157 0.195391 0.203015 0.51649 0.884429 0.821586 0.168728 0.942836 0.758394 0.078419 0.0227064 0.187578 0.621731 0.302203 0.497482 0.632948 0.261676 0.851377 0.258702 0.0639124 0.0716456 0.736834 0.819621 0.509965 0.000826365 0.368458 0.403264 0.756499 0.703745 0.149731 0.157015 0.191902 0.345122 0.36003 0.708393 0.229551 0.181616 0.87712 0.172387 0.94001 0.955539 0.195093 0.127588 0.57727 0.497296 0.62507 0.210219 0.758972 0.476446 0.468921 0.822884 0.548092 0.205755 0.642506 0.0580573 0.206581 0.0109639 0.461321 0.963081 0.714709 0.611051 0.120096 
44 33 41 37 26 64 29 
0.35811 0.601753 0.447664 0.553203 0.729341 0.0249345 0.0504995 0.354411 0.235153 0.809471 0.830857 0.704074 0.632355 0.378949 0.909829 0.274861 0.437006 0.11641 0.285825 0.898327 0.0794906 0.000534101 0.509379 0.199586 0.907146 0.465552 0.679713 0.52215 0.651275 0.341455 0.0142746 0.00938532 0.943208 0.461939 0.562589 0.672549 0.486873 0.613088 0.0269593 0.722026 0.422559 0.857816 0.4261 0.0549148 0.236765 0.335929 0.329776 0.673771 0.452339 0.615601 0.572098 0.531829 0.616135 0.0814769 0.731416 0.523281 0.547028 0.411128 0.0454306 0.198304 0.752584 0.0597052 0.207689 0.695792 0.521644 0.770278 0.368341 0.00851694 0.383366 0.3953 0.730543 0.805925 0.253116 0.156643 0.86084 0.489881 0.492572 0.190616 0.163652 0.944911 0.806217 0.73575 0.476741 0.422352 0.817227 0.208156 0.945632 0.364256 0.619285 0.991063 0.562559 0.371868 0.050768 0.770248 0.0676601 0.572412 0.540526 0.436001 0.580929 0.923891 0.8313 0.311472 0.729816 0.0844165 0.468115 0.590656 0.574297 0.960688 0.781272 0.73795 0.905599 0.587489 0.4737 0.382339 0.00984041 0.290927 0.590496 0.955473 0.655183 0.209781 0.946535 0.217742 0.581649 0.997303 0.987991 0.649309 0.569715 0.528516 
45 37 8 23 20 57 15 
0.00102655 0.930231 0.772881 0.575324 0.890919 0.554153 0.313274 0.796518 0.141642 0.786974 0.178857 0.151482 0.0779013 0.769353 0.106955 0.733084 0.979134 0.0534901 0.950827 0.560783 0.0507933 0.938818 0.210092 0.620508 0.467334 0.295401 0.771152 0.919742 0.212012 0.233268 0.101966 0.213038 0.1635 0.874846 0.788362 0.0544188 0.428999 0.101636 0.850937 0.570641 0.88861 0.0297942 0.722123 0.966511 0.799147 0.829078 0.699595 0.778281 0.882568 0.650422 0.339064 0.933361 0.58924 0.549156 0.55387 0.0565739 0.844557 0.325022 0.976316 0.0565689 0.558291 0.0782813 0.269607 0.72179 0.953128 0.0579692 0.776209 0.382127 0.159605 0.627146 0.952768 0.0482148 0.65694 0.674891 0.0147258 0.456087 0.503969 0.714321 0.234368 0.386537 0.364744 0.573432 0.319899 0.953984 0.122588 0.873769 0.0105575 0.967146 0.198791 0.986873 0.0237144 0.757082 0.0651543 0.293321 0.478872 0.018282 0.351291 0.255081 0.400409 0.510896 0.882226 0.353177 0.55911 0.539166 0.0280682 0.573836 0.995253 0.532037 0.288157 0.229622 0.918575 0.652901 0.803054 0.238474 0.606885 0.925642 0.112242 0.617442 0.892788 0.311034 0.604315 0.916502 0.0681151 0.66947 0.209824 0.546987 0.687752 0.561114 
46 64 72 70 31 44 42 
0.22346 0.469405 0.204957 0.218713 0.0014429 0.493114 0.448335 0.920018 0.146015 0.251389 0.158492 0.7529 0.177032 0.270734 0.370342 0.0698197 0.581768 0.974657 0.986322 0.649883 0.644127 0.196146 0.196869 0.331878 0.75726 0.998937 0.420039 0.82927 0.68323 0.861376 0.460391 0.90669 0.330782 0.665348 0.125404 0.332224 0.158462 0.573739 0.252242 0.304477 0.825128 0.410734 0.0573771 0.00215954 0.681468 0.427719 0.0719793 0.263235 0.402377 0.0583014 0.913118 0.0465037 0.254447 0.109987 0.378382 0.0117077 0.108924 0.798421 0.840978 0.792154 0.659797 0.301369 0.698845 0.990579 0.966717 0.824248 0.322803 0.125179 0.397987 0.575045 0.429656 0.223115 0.985779 0.487033 0.225274 0.667247 0.914752 0.297253 0.930482 0.317129 0.355555 0.8436 0.363633 0.610002 0.953587 0.742015 0.62171 0.062511 0.540436 0.462688 0.854665 0.200233 0.764057 0.55351 0.190811 0.730774 0.377758 0.513615 0.855953 0.775745 0.08866 0.285609 0.99886 0.0744391 0.772642 0.224134 0.741686 0.687394 0.521387 0.672168 0.00452311 0.876942 0.515768 0.368156 0.486944 0.469355 0.110171 0.108654 0.531866 0.650606 0.571342 0.386531 0.850839 0.335399 0.940041 0.0416506 0.0661733 0.317799 
47 8 33 13 27 73 70 
0.980377 0.316538 0.46005 0.667771 0.837925 0.132218 0.672294 0.714866 0.647986 0.0404496 0.20181 0.117341 0.15062 0.310464 0.649207 0.801226 0.881806 0.0357385 0.652066 0.217206 0.97578 0.693716 0.283379 0.293579 0.248981 0.205505 0.387124 0.892906 0.41324 0.479528 0.611271 0.393617 0.796065 0.0713207 0.0613874 0.63399 0.203539 0.733681 0.348856 0.851525 0.774131 0.550667 0.968866 0.924751 0.861131 0.618073 0.725978 0.742938 0.653812 0.378043 0.960143 0.629592 0.0717593 0.243522 0.923171 0.320741 0.449027 0.310295 0.213647 0.862267 0.789823 0.824918 0.255884 0.585888 0.896238 0.317271 0.219878 0.0997771 0.0509524 0.568734 0.951302 0.825083 0.119401 0.920168 0.749834 0.980532 0.538242 0.475812 0.72347 0.192054 0.853855 0.683613 0.821646 0.925615 0.927135 0.744817 0.246355 0.376162 0.0551116 0.460002 0.23843 0.844934 0.28492 0.494313 0.430822 0.181158 0.811584 0.6507 0.280935 0.862537 0.219434 0.232237 0.68762 0.338835 0.152406 0.437455 0.319368 0.690647 0.913267 0.0428376 0.882701 0.767122 0.726451 0.704347 0.692736 0.653586 0.449164 0.939092 0.0297485 0.504275 0.399094 0.268178 0.349209 0.684013 0.762491 0.780031 0.865171 0.574076 
48 40 20 27 73 41 38 
0.989001 0.530749 0.561688 0.308368 0.221397 0.474954 0.351206 0.104098 0.242076 0.0776569 0.808445 0.934813 0.731243 0.257608 0.873904 0.760991 0.761883 0.272998 0.0291695 0.111093 0.957011 0.791661 0.891124 0.822182 0.365737 0.321855 0.968289 0.802349 0.972021 0.346632 0.926582 0.961022 0.877381 0.48827 0.26939 0.098778 0.963224 0.620596 0.202876 0.2053 0.698253 0.0113207 0.140113 0.429496 0.268929 0.0140173 0.190487 0.0308125 0.287015 0.219657 0.141905 0.244026 0.0113178 0.0330294 0.0662084 0.377055 0.354885 0.0344971 0.179404 0.326906 0.381129 0.105986 0.287927 0.258511 0.594256 0.557317 0.357289 0.557481 0.177913 0.560165 0.762781 0.876166 0.571485 0.902894 0.305662 0.840414 0.916911 0.496149 0.871227 0.203926 0.715806 0.0131321 0.447953 0.727124 0.0461615 0.514161 0.104178 0.401046 0.548658 0.283582 0.727952 0.929787 0.389568 0.0158788 0.188298 0.983825 0.573196 0.545587 0.541305 0.751109 0.105751 0.304086 0.627275 0.677236 0.206981 0.932936 0.517651 0.123892 0.429085 0.388878 0.327818 0.144891 0.40201 0.775771 0.872015 0.448171 0.289932 0.976193 0.849218 0.83859 0.259775 0.577169 0.768377 0.649344 0.593048 0.956675 0.633168 0.166244 
49 23 2 59 24 0 12 
0.285249 0.685541 0.477564 0.8029 0.809433 0.906649 0.191778 0.137251 0.0515403 0.593787 0.913022 0.923555 0.0419588 0.202954 0.899748 0.891176 0.0415443 0.159523 0.468346 0.809922 0.808867 0.0613937 0.766597 0.442035 0.227638 0.268859 0.616509 0.14499 0.876871 0.095069 0.689618 0.162121 0.78061 0.167181 0.965021 0.590043 0.0738303 0.156798 0.727294 0.125371 0.750586 0.640316 0.0489257 0.792545 0.84327 0.948674 0.683721 0.884815 0.108197 0.152066 0.694736 0.917064 0.21346 0.461333 0.359099 0.441098 0.730192 0.975607 0.586088 0.607063 0.0706764 0.275705 0.769184 0.851286 0.442887 0.734204 0.441329 0.516717 0.891003 0.168623 0.642088 0.641588 0.808939 0.691013 0.434133 0.652209 0.639687 0.117854 0.537024 0.747884 0.26992 0.23176 0.664948 0.48338 0.693093 0.0240463 0.924478 0.423285 0.999654 0.510566 0.030348 0.0703302 0.786272 0.799532 0.921616 0.229158 0.533736 0.362945 0.745875 0.424739 0.531568 0.387963 0.0663272 0.340507 0.0789764 0.50046 0.992716 0.718664 0.618314 0.52974 0.466548 0.888234 0.7615 0.131495 0.371615 0.454594 0.155542 0.296093 0.877879 0.155195 0.806659 0.908227 0.225526 0.592931 0.707758 0.147142 0.822089 0.241495 
50 12 35 65 52 30 9 
0.382162 0.0349036 0.233021 0.374878 0.753567 0.851335 0.904619 0.220115 0.739569 0.666119 0.35161 0.111184 0.120713 0.507152 0.407277 0.998591 0.662347 0.213936 0.906818 0.887873 0.806867 0.614576 0.0350144 0.628956 0.856071 0.545102 0.19692 0.522304 0.586757 0.152847 0.254865 0.968919 0.187751 0.487885 0.343797 0.941318 0.33922 0.248416 0.161433 0.0787894 0.914535 0.513043 0.189974 0.0352474 0.0201944 0.597251 0.0338385 0.682541 0.811187 0.940656 0.570414 0.618054 0.555232 0.605428 0.24701 0.411303 0.15053 0.44393 0.933607 0.737287 0.596777 0.188472 0.706206 0.784528 0.676357 0.0500033 0.725846 0.0155771 0.298419 0.887279 0.0943664 0.212954 0.400322 0.28434 0.248201 0.420516 0.881591 0.28204 0.103058 0.692778 0.222696 0.673472 0.310832 0.777929 0.2789 0.557842 0.189232 0.42943 0.0017721 0.122839 0.166717 0.598549 0.311311 0.872923 0.383078 0.987668 0.922926 0.108924 0.00324483 0.221345 0.996203 0.0976113 0.434299 0.396525 0.381951 0.682501 0.817041 0.263542 0.964541 0.920098 0.95632 0.187237 0.59357 0.267152 0.965165 0.87247 0.824994 0.154397 0.3019 0.826766 0.277236 0.468616 0.425316 0.588547 0.341539 0.808393 0.576215 0.264465 
51 14 24 5 17 10 27 
0.310045 0.0590224 0.60261 0.127085 0.322564 0.567151 0.0471836 0.278884 0.754388 0.640753 0.546036 0.719553 0.513223 0.37103 0.873951 0.815123 0.197796 0.151187 0.283739 0.623112 0.739734 0.625278 0.431505 0.315949 0.889743 0.348822 0.895409 0.375554 0.262342 0.57248 0.295663 0.572387 0.631503 0.898274 0.699472 0.954067 0.465425 0.746656 0.232951 0.219812 0.387409 0.778988 0.939366 0.900632 0.150018 0.813316 0.715755 0.347814 0.964504 0.999494 0.970925 0.704238 0.624772 0.40243 0.0201874 0.514515 0.751252 0.915597 0.890069 0.0135947 0.488077 0.185732 0.585982 0.11958 0.0840053 0.285454 0.0736469 0.54943 0.03211 0.306598 0.769242 0.419519 0.0855859 0.708608 0.320152 0.235604 0.521924 0.0359064 0.583417 0.486428 0.0354002 0.554343 0.190666 0.660172 0.956773 0.210853 0.174687 0.708026 0.12645 0.0647557 0.72162 0.614527 0.250487 0.307602 0.734107 0.334493 0.593056 0.807754 0.883923 0.625166 0.114352 0.653165 0.0446852 0.199938 0.361773 0.364837 0.435541 0.883697 0.400743 0.0189587 0.370125 0.436143 0.573301 0.560791 0.0963153 0.530075 0.771644 0.271002 0.2381 0.898095 0.335758 0.95972 0.512622 0.586246 0.267322 0.246728 0.920738 0.860378 
52 5 54 50 51 46 21 
0.368772 0.819598 0.895066 0.804313 0.703296 0.295809 0.823272 0.0734208 0.731952 0.396573 0.634212 0.828268 0.926648 0.405856 0.0992701 0.164748 0.303951 0.435028 0.124469 0.816572 0.0212738 0.391791 0.0633008 0.942012 0.252169 0.117783 0.746673 0.737714 0.286617 0.204499 0.267943 0.655388 0.0240971 0.163009 0.459701 0.727393 0.458818 0.282973 0.800813 0.190771 0.679546 0.435025 0.0190385 0.606194 0.840882 0.118309 0.770942 0.144833 0.553337 0.895411 0.961405 0.574611 0.287202 0.0247061 0.516623 0.539371 0.142489 0.263296 0.277085 0.429106 0.467794 0.545028 0.084494 0.491891 0.708037 0.544195 0.219284 0.166855 0.827169 0.0200975 0.357626 0.506715 0.455123 0.376665 0.112909 0.296005 0.494973 0.883852 0.440838 0.0483103 0.779262 0.402243 0.622921 0.0664642 0.426949 0.139544 0.605835 0.569438 0.402839 0.88292 0.998543 0.870634 0.427948 0.0830375 0.362525 0.135985 0.627233 0.581809 0.302841 0.454402 0.601907 0.660467 0.961117 0.0570294 0.0371315 0.0740259 0.353034 0.532105 0.957877 0.793872 0.580415 0.73714 0.196115 0.203336 0.803604 0.623064 0.34288 0.409439 0.192501 0.745719 0.29236 0.191045 0.616353 0.720308 0.274082 0.978878 0.856293 0.901315 
53 28 37 36 47 34 39 
0.856732 0.39086 0.572657 0.388837 0.348737 0.366529 0.969252 0.085877 0.562644 0.172588 0.889481 0.185707 0.515468 0.298921 0.378209 0.261188 0.59128 0.569254 0.877541 0.311588 0.843336 0.856419 0.167881 0.744652 0.417106 0.327014 0.100369 0.5797 0.146614 0.417202 0.799323 0.00334576 0.808062 0.37198 0.392182 0.156799 0.738509 0.361434 0.242676 0.301153 0.534022 0.132157 0.48686 0.0494902 0.431078 0.865069 0.310678 0.0223581 0.434323 0.188218 0.333946 0.27766 0.0446372 0.501827 0.0223112 0.461743 0.828841 0.12268 0.0414429 0.975455 0.539882 0.840766 0.978801 0.347945 0.212746 0.370983 0.504744 0.951255 0.732417 0.74742 0.252408 0.266439 0.879578 0.739269 0.315929 0.310656 0.604338 0.626607 0.333014 0.0386611 0.814826 0.66696 0.316321 0.859463 0.168786 0.338632 0.321206 0.997627 0.461312 0.362649 0.973082 0.0011943 0.203415 0.951882 0.349139 0.41616 0.322865 0.853883 0.367415 0.0552825 0.601303 0.619823 0.321722 0.480881 0.359092 0.637651 0.791536 0.96343 0.264258 0.12455 0.00209102 0.0790838 0.791509 0.318412 0.938547 0.960296 0.657044 0.259753 0.957923 0.118355 0.622402 0.931004 0.11955 0.825816 0.882887 0.468689 0.241977 0.205752 
54 56 5 71 42 21 51 
0.404755 0.588307 0.220408 0.196291 0.551737 0.484666 0.320841 0.553828 0.56375 0.11235 0.87224 0.502296 0.0726461 0.529283 0.762049 0.0305687 0.647639 0.384451 0.961573 0.767188 0.210267 0.84446 0.235877 0.452243 0.0502124 0.558448 0.0616352 0.311247 0.482323 0.290851 0.894004 0.887078 0.879158 0.114411 0.0833693 0.430895 0.599077 0.40421 0.984724 0.162827 0.516561 0.856964 0.665123 0.589207 0.386247 0.427172 0.619776 0.0338858 0.811623 0.581349 0.801074 0.0218894 0.425809 0.0369512 0.474133 0.476021 0.5954 0.535768 0.787269 0.0777224 0.826618 0.681272 0.9648 0.705776 0.795683 0.0481697 0.136672 0.394761 0.45238 0.121395 0.557587 0.968941 0.978359 0.22271 0.558148 0.364606 0.649883 0.177924 0.398492 0.461505 0.759273 0.199566 0.483395 0.185082 0.236517 0.957527 0.661103 0.831917 0.493295 0.448372 0.909639 0.319914 0.129644 0.87444 0.0256901 0.925327 0.922609 0.162362 0.320088 0.374989 0.283757 0.877675 0.343931 0.262116 0.100386 0.902079 0.626722 0.750268 0.0800025 0.0252138 0.211774 0.839275 0.22478 0.695168 0.024357 0.461297 0.652696 0.68546 0.293214 0.145991 0.133832 0.202853 0.465904 0.263476 0.0772925 0.491595 0.188803 0.999902 
55 19 17 35 7 13 57 
0.19983 0.486952 0.6209 0.826552 0.237221 0.700903 0.851766 0.448994 0.540178 0.0765453 0.144163 0.564535 0.537842 0.796858 0.249995 0.831056 0.942849 0.383827 0.033909 0.408754 0.647303 0.111202 0.900348 0.836106 0.111103 0.554305 0.344997 0.485995 0.492018 0.731563 0.204816 0.691848 0.218516 0.825717 0.518399 0.455736 0.52662 0.370165 0.904731 0.0667979 0.44671 0.0488934 0.631333 0.984553 0.845752 0.881328 0.815609 0.788601 0.265156 0.849518 0.197354 0.912458 0.960719 0.0977026 0.748564 0.0718224 0.652007 0.0935613 0.557817 0.144025 0.825125 0.762633 0.835873 0.0436402 0.58835 0.354272 0.499376 0.11497 0.724437 0.404107 0.181768 0.171148 0.453 0.813101 0.1557 0.298752 0.694429 0.971309 0.0873531 0.959585 0.820826 0.284708 0.872043 0.781546 0.38241 0.620608 0.853368 0.0344173 0.714169 0.411185 0.178443 0.539294 0.173818 0.0143155 0.582934 0.762169 0.368588 0.0823103 0.877138 0.0930255 0.486417 0.058906 0.264173 0.939418 0.872007 0.419873 0.23817 0.566436 0.391182 0.325523 0.526021 0.212009 0.610231 0.398064 0.993554 0.992641 0.018672 0.846922 0.0270583 0.732841 0.258107 0.205501 0.272135 0.431926 0.219816 0.855068 0.194094 0.588404 
56 35 45 55 64 41 32 
0.363214 0.00214536 0.365477 0.601384 0.568581 0.756659 0.926907 0.0946023 0.968668 0.537138 0.492667 0.962222 0.529779 0.511339 0.809144 0.556837 0.244179 0.0672514 0.762338 0.516314 0.499177 0.982155 0.371382 0.693271 0.570559 0.308761 0.764504 0.251989 0.732557 0.894643 0.197592 0.0957707 0.896788 0.563069 0.697155 0.465369 0.319728 0.624062 0.559972 0.288395 0.1612 0.0526381 0.250617 0.690979 0.563977 0.0597611 0.247816 0.808156 0.127013 0.0101541 0.32447 0.62619 0.992309 0.695852 0.319461 0.562868 0.00461322 0.0839649 0.814857 0.73717 0.978608 0.012449 0.832941 0.875395 0.575518 0.530095 0.340765 0.895245 0.154157 0.900736 0.18364 0.315357 0.953374 0.434257 0.0063355 0.517351 0.494018 0.254151 0.325507 0.621031 0.264306 0.649977 0.24722 0.256614 0.34583 0.566681 0.819482 0.350443 0.650646 0.634339 0.0876129 0.629254 0.646788 0.920554 0.504649 0.222306 0.450649 0.845414 0.117551 0.604806 0.74615 0.301191 0.920163 0.699525 0.735448 0.926499 0.216876 0.229466 0.18065 0.542383 0.850497 0.444955 0.192361 0.0977178 0.70157 0.53819 0.664399 0.521052 0.888633 0.315046 0.155391 0.976246 0.9443 0.802179 0.8968 0.448949 0.0244841 0.347449 
57 38 45 34 50 39 0 
0.178674 0.798916 0.956914 0.40814 0.979566 0.499298 0.258638 0.424522 0.691658 0.356355 0.126091 0.229848 0.0207546 0.647143 0.118481 0.3358 0.802534 0.0947273 0.2801 0.604712 0.991527 0.729049 0.629196 0.338975 0.0234116 0.771231 0.29123 0.0639251 0.214457 0.163648 0.803963 0.393131 0.962564 0.760878 0.801271 0.942131 0.260175 0.0599086 0.366652 0.951833 0.416264 0.492744 0.181682 0.437019 0.139887 0.300163 0.772819 0.942421 0.39489 0.0529186 0.547133 0.386417 0.781967 0.17633 0.725393 0.805379 0.947561 0.0166228 0.869304 0.162018 0.180271 0.673267 0.555148 0.142835 0.434145 0.356419 0.0849658 0.69432 0.416328 0.451618 0.646154 0.832592 0.944362 0.827836 0.269611 0.0842486 0.127999 0.0424294 0.0266692 0.522889 0.0953479 0.573802 0.909306 0.877315 0.750132 0.634699 0.682694 0.697693 0.651322 0.551998 0.85971 0.831593 0.225265 0.414859 0.974428 0.65941 0.771278 0.0593937 0.353731 0.187606 0.511012 0.999885 0.0201981 0.455374 0.827721 0.289809 0.539622 0.95572 0.332238 0.566291 0.478609 0.427586 0.140094 0.387915 0.304901 0.890225 0.0226141 0.987595 0.587918 0.673936 0.539593 0.447628 0.505529 0.764858 0.862487 0.479957 0.424269 0.633765 
58 36 55 51 27 52 65 
0.505736 0.605606 0.131378 0.0453579 0.561325 0.463616 0.611649 0.0399339 0.891202 0.751743 0.427849 0.196103 0.641968 0.450463 0.183698 0.229886 0.124399 0.723291 0.677515 0.629928 0.48815 0.540002 0.109884 0.912419 0.173767 0.649235 0.690419 0.995138 0.699597 0.468304 0.836707 0.205333 0.0739091 0.968085 0.250691 0.635234 0.431701 0.86234 0.675168 0.322903 0.614083 0.103017 0.519006 0.256051 0.55348 0.702704 0.485938 0.677879 0.425996 0.163452 0.307807 0.914146 0.703454 0.417692 0.826565 0.87722 0.0669265 0.516983 0.872358 0.766523 0.985287 0.709065 0.971856 0.0591958 0.67715 0.222547 0.69443 0.108851 0.0848868 0.369598 0.431754 0.69897 0.472615 0.95076 0.955021 0.0260952 0.653464 0.440959 0.703974 0.0794601 0.604411 0.0117817 0.993606 0.307865 0.429473 0.82017 0.185085 0.4964 0.337153 0.0574434 0.262923 0.32244 0.766509 0.234779 0.381636 0.443659 0.457326 0.076066 0.55251 0.542213 0.445664 0.984264 0.241183 0.918279 0.935024 0.196204 0.944374 0.588488 0.637163 0.648349 0.667948 0.241574 0.66013 0.661554 0.549439 0.0896035 0.481724 0.734524 0.586003 0.818878 0.791967 0.848927 0.141318 0.558476 0.0837059 0.522954 0.00213459 0.541032 
59 14 26 7 67 24 2 
0.473931 0.520632 0.907337 0.0624194 0.157795 0.555685 0.730367 0.399369 0.215816 0.391921 0.948807 0.305419 0.873645 0.683331 0.891422 0.692523 0.475299 0.740349 0.833841 0.0337749 0.824055 0.356795 0.0359094 0.365087 0.955814 0.590554 0.448332 0.000498225 0.129462 0.77276 0.963461 0.603393 0.293393 0.870798 0.665812 0.451187 0.426483 0.39618 0.850556 0.642299 0.788101 0.799363 0.947718 0.661747 0.482695 0.83914 0.35427 0.957994 0.579489 0.18811 0.991769 0.403544 0.544905 0.027678 0.768632 0.500719 0.618232 0.216964 0.501218 0.747693 0.989724 0.464679 0.351086 0.283117 0.335476 0.0168988 0.734304 0.76196 0.413079 0.58486 0.404258 0.20118 0.384224 0.351976 0.862927 0.866918 0.191117 0.217196 0.824912 0.770606 0.405307 0.816681 0.174151 0.950212 0.844359 0.942782 0.450931 0.46259 0.159746 0.952149 0.210284 0.14947 0.416827 0.56137 0.432587 0.752304 0.578269 0.166891 0.514263 0.991348 0.751752 0.918522 0.192528 0.135975 0.270498 0.0554546 0.00289352 0.461615 0.272651 0.827806 0.232221 0.677958 0.644486 0.406372 0.62817 0.488845 0.349154 0.0791008 0.951436 0.508901 0.0312496 0.161719 0.658371 0.448077 0.723089 0.0909582 0.200381 0.301358 
60 40 72 59 8 4 35 
0.145576 0.903664 0.540689 0.14847 0.365279 0.81334 0.976276 0.5975 0.491298 0.620762 0.00387247 0.119467 0.109607 0.353027 0.198568 0.0610427 0.861927 0.229818 0.222762 0.520298 0.677895 0.945852 0.611257 0.878275 0.24721 0.869106 0.592919 0.539916 0.878708 0.226085 0.02515 0.0242839 0.129749 0.565839 0.172754 0.495028 0.379178 0.149029 0.0925286 0.870476 0.769791 0.0964011 0.989943 0.879398 0.449428 0.188511 0.940441 0.311355 0.418329 0.163203 0.831654 0.0962232 0.109055 0.44291 0.974499 0.356265 0.312016 0.567418 0.896181 0.190724 0.793503 0.921331 0.215008 0.923253 0.48717 0.387762 0.418281 0.866348 0.536791 0.510809 0.736824 0.306582 0.607211 0.726767 0.185981 0.0566385 0.915278 0.126422 0.367994 0.333607 0.289625 0.199647 0.42983 0.39868 0.642558 0.404328 0.754945 0.954574 0.971746 0.651126 0.145298 0.76525 0.572457 0.360306 0.688502 0.0596266 0.748067 0.106783 0.925975 0.284858 0.617592 0.662798 0.59144 0.224803 0.389565 0.777421 0.281441 0.304843 0.903843 0.649435 0.63845 0.193468 0.849082 0.0682796 0.592148 0.49164 0.472608 0.347093 0.446214 0.444354 0.998219 0.591512 0.209604 0.570676 0.951817 0.898106 0.630303 0.699884 
61 2 49 16 29 60 20 
0.847284 0.608641 0.353604 0.128725 0.913484 0.257447 0.77816 0.551934 0.450915 0.627242 0.620214 0.0430638 0.118882 0.0928219 0.390157 0.565096 0.537176 0.388376 0.156607 0.74678 0.959053 0.108425 0.644885 0.589356 0.808309 0.649774 0.145633 0.793051 0.272255 0.364709 0.369234 0.119538 0.97335 0.722838 0.248263 0.886834 0.980285 0.0264229 0.438769 0.431201 0.653665 0.0589829 0.474265 0.772547 0.151805 0.864422 0.337643 0.688981 0.252798 0.494251 0.435761 0.211851 0.602675 0.0806461 0.801207 0.410984 0.73042 0.94684 0.204035 0.00267491 0.311548 0.57327 0.122213 0.284898 0.296108 0.370476 0.171733 0.276393 0.396899 0.610502 0.707594 0.0505644 0.669485 0.181859 0.823112 0.821289 0.0462803 0.160755 0.51027 0.299079 0.655005 0.946031 0.51093 0.25768 0.0266769 0.312136 0.668664 0.757097 0.258976 0.8727 0.759772 0.570524 0.445969 0.881985 0.855422 0.742077 0.252462 0.027155 0.0184701 0.649361 0.637657 0.726064 0.699925 0.307141 0.907923 0.523037 0.128431 0.954203 0.683791 0.638701 0.253281 0.338797 0.584731 0.764211 0.596477 0.611408 0.076347 0.265141 0.368506 0.335323 0.137841 0.128278 0.905847 0.58381 0.0102627 0.761269 0.325887 0.262724 
62 55 9 25 59 50 56 
0.978344 0.135047 0.861652 0.932547 0.818839 0.500353 0.185828 0.157635 0.0850844 0.950039 0.754112 0.696493 0.026386 0.0192536 0.0649984 0.361709 0.157095 0.193276 0.267555 0.740905 0.203539 0.028824 0.0667917 0.466263 0.817248 0.411149 0.378348 0.243328 0.48157 0.990358 0.97655 0.459914 0.125405 0.838202 0.392461 0.944244 0.338555 0.578289 0.101879 0.42364 0.528328 0.855992 0.120132 0.554714 0.875245 0.185131 0.916422 0.0323397 0.378407 0.183977 0.773244 0.581945 0.212801 0.840036 0.0482083 0.0300493 0.251185 0.426556 0.273378 0.732755 0.416915 0.249928 0.192669 0.54232 0.08813 0.58513 0.486564 0.426685 0.163418 0.588443 0.850325 0.691746 0.444435 0.970457 0.246459 0.31968 0.155588 0.162881 0.35202 0.533995 0.346859 0.125264 0.11594 0.55966 0.9653 0.164149 0.58971 0.216485 0.590705 0.863087 0.94924 0.00761944 0.113015 0.141909 0.549939 0.201145 0.727038 0.0365032 0.62783 0.890456 0.624946 0.478155 0.582202 0.069381 0.448612 0.828661 0.389061 0.604201 0.991543 0.74108 0.138196 0.338402 0.866344 0.254136 0.898062 0.831644 0.418284 0.487772 0.0481287 0.00898939 0.350859 0.997368 0.0166088 0.463874 0.139277 0.566548 0.665019 0.866315 
63 40 23 67 26 60 13 
0.297379 0.219617 0.167635 0.68644 0.823817 0.159178 0.42752 0.962013 0.49758 0.293864 0.216148 0.395642 0.125508 0.634433 0.883413 0.173637 0.643422 0.234273 0.171005 0.660031 0.698147 0.310283 0.226579 0.363166 0.176598 0.829631 0.656015 0.93337 0.0576285 0.427019 0.272344 0.355007 0.646636 0.439979 0.041447 0.470453 0.599157 0.468967 0.432465 0.0967361 0.762831 0.648614 0.492378 0.88834 0.283047 0.375791 0.0619767 0.926469 0.610064 0.232982 0.5865 0.308211 0.543265 0.81308 0.671376 0.719863 0.64271 0.327391 0.653233 0.700339 0.75441 0.925576 0.0553463 0.401046 0.365555 0.0967934 0.871499 0.964712 0.565761 0.303964 0.0614477 0.328592 0.952578 0.553825 0.216932 0.235625 0.929617 0.278908 0.162094 0.53968 0.511891 0.748594 0.847891 0.0551555 0.561674 0.519267 0.775018 0.204385 0.846659 0.428251 0.904724 0.601069 0.353828 0.96007 0.00211541 0.719383 0.0568634 0.873614 0.684094 0.622624 0.177579 0.745542 0.951216 0.130157 0.299368 0.168147 0.365782 0.228984 0.447056 0.527876 0.768665 0.958946 0.276471 0.616556 0.0141019 0.838145 0.135823 0.78912 0.0425296 0.982482 0.217372 0.947253 0.583551 0.571199 0.907323 0.585666 0.290582 0.964187 
64 10 42 34 47 58 56 
0.767017 0.019586 0.706174 0.132799 0.24857 0.15323 0.660675 0.017235 0.112176 0.937146 0.633791 0.126278 0.775291 0.769614 0.915398 0.81782 0.752096 0.13277 0.765073 0.335647 0.703969 0.672397 0.921313 0.994551 0.636583 0.380594 0.969228 0.223394 0.0174539 0.689446 0.76142 0.784471 0.709032 0.467594 0.917269 0.957602 0.620823 0.577944 0.974837 0.732999 0.51509 0.608628 0.859277 0.290381 0.378242 0.774675 0.108201 0.130338 0.907445 0.873274 0.465984 0.611414 0.545671 0.387298 0.605966 0.182254 0.767892 0.575193 0.405648 0.785346 0.264639 0.167068 0.569816 0.973671 0.634661 0.487086 0.931273 0.255484 0.0650301 0.906111 0.988483 0.58012 0.514739 0.84776 0.870501 0.89298 0.622436 0.978702 0.0233181 0.529881 0.851977 0.489302 0.141295 0.397648 0.8766 0.747261 0.579902 0.644492 0.322454 0.98555 0.429838 0.587093 0.152617 0.999654 0.560764 0.787279 0.48674 0.492037 0.0427629 0.55177 0.398148 0.0312462 0.13189 0.912887 0.879006 0.00239134 0.805867 0.501442 0.981093 0.829185 0.0313228 0.83307 0.318488 0.172618 0.230718 0.195088 0.919879 0.81062 0.83958 0.242333 0.796169 0.269418 0.829425 0.948787 0.269072 0.390189 0.736065 0.755812 
65 24 4 50 49 51 72 
0.193262 0.689081 0.441863 0.999129 0.190523 0.422957 0.828314 0.221846 0.256027 0.146802 0.394464 0.486744 0.34189 0.314343 0.297364 0.18147 0.556675 0.0935332 0.450888 0.386101 0.0423199 0.719959 0.77629 0.778385 0.475771 0.658517 0.557214 0.783353 0.938892 0.367288 0.222825 0.132154 0.056369 0.664688 0.131283 0.246892 0.087645 0.959597 0.468738 0.343672 0.106399 0.863202 0.830416 0.448289 0.177544 0.12778 0.629759 0.73422 0.221313 0.0806468 0.12032 0.263633 0.800606 0.89661 0.0420184 0.276377 0.555127 0.599232 0.0597302 0.494019 0.96652 0.282555 0.626173 0.022889 0.947243 0.757455 0.269781 0.0348883 0.717053 0.738519 0.37856 0.823452 0.601721 0.208976 0.271741 0.779265 0.336756 0.9015 0.513485 0.558069 0.982147 0.633805 0.821702 0.782753 0.530415 0.863721 0.0591306 0.085542 0.462953 0.118861 0.579561 0.429473 0.401416 0.205734 0.452362 0.348659 0.963189 0.722143 0.383547 0.680242 0.460662 0.762107 0.503693 0.0623825 0.971084 0.775434 0.841648 0.30784 0.676935 0.355133 0.865909 0.659082 0.988938 0.687612 0.441835 0.519353 0.551332 0.500966 0.604895 0.0142852 0.619826 0.184456 0.443758 0.0212422 0.390189 0.89612 0.369901 0.353378 
66 2 65 41 39 29 12 
0.48664 0.312748 0.982954 0.79448 0.989682 0.338087 0.660389 0.648764 0.327025 0.348 0.0905991 0.846378 0.899333 0.591565 0.451272 0.913618 0.211391 0.635728 0.357376 0.232633 0.0259174 0.253495 0.602535 0.379296 0.871758 0.355983 0.412915 0.950682 0.87154 0.950229 0.0919883 0.35818 0.262976 0.0749427 0.15266 0.252659 0.41303 0.813048 0.901423 0.740055 0.161049 0.992022 0.586432 0.0603817 0.583587 0.0377045 0.974 0.794977 0.673433 0.331376 0.0276106 0.69935 0.584871 0.630145 0.0786456 0.456629 0.986129 0.491561 0.407311 0.857668 0.44179 0.499299 0.215848 0.704766 0.574242 0.368508 0.957425 0.987271 0.181556 0.858848 0.727326 0.342605 0.85087 0.313758 0.402987 0.434456 0.351463 0.376986 0.229434 0.0248952 0.708362 0.257044 0.724245 0.293233 0.887189 0.802891 0.749862 0.873318 0.294452 0.157173 0.730986 0.736242 0.656471 0.946834 0.441008 0.230713 0.315342 0.398433 0.217984 0.496898 0.25728 0.94531 0.839503 0.10815 0.259068 0.24249 0.542606 0.610531 0.619476 0.77204 0.635426 0.327838 0.0290837 0.359671 0.621071 0.916273 0.162562 0.370933 0.789591 0.457014 0.528106 0.520577 0.193256 0.184577 0.467411 0.634263 0.41529 0.782753 
67 73 28 35 69 66 42 
0.398126 0.837653 0.361643 0.940732 0.448184 0.981119 0.712772 0.0836097 0.308957 0.741855 0.443281 0.930028 0.658128 0.605843 0.300961 0.447719 0.0628566 0.829067 0.968295 0.256112 0.0136443 0.435706 0.890375 0.428934 0.218459 0.923071 0.062209 0.498109 0.213047 0.640794 0.617263 0.611173 0.478447 0.978905 0.551905 0.926631 0.960024 0.264677 0.0102403 0.268981 0.00653224 0.453521 0.199009 0.66466 0.0593638 0.49997 0.112379 0.12222 0.329037 0.0806744 0.378333 0.342682 0.516381 0.268708 0.771616 0.734839 0.191779 0.833825 0.232949 0.404827 0.474619 0.850211 0.0160001 0.953066 0.829117 0.567906 0.879696 0.789141 0.832583 0.889937 0.0581222 0.839115 0.343458 0.257131 0.503775 0.402821 0.757102 0.616154 0.525042 0.0861388 0.696829 0.903374 0.42882 0.213209 0.172082 0.200437 0.948049 0.363862 0.0342616 0.180997 0.768688 0.508881 0.0312087 0.784688 0.461946 0.860326 0.352594 0.341642 0.649467 0.185176 0.231579 0.707589 0.0242912 0.575037 0.96472 0.528066 0.977858 0.721822 0.14422 0.5029 0.80796 0.841049 0.406274 0.236781 0.0542583 0.578357 0.437217 0.00230698 0.942218 0.471479 0.183304 0.710907 0.98036 0.214513 0.495595 0.442306 0.0748387 0.848189 
68 65 49 41 19 25 36 
0.396614 0.585723 0.568422 0.118436 0.729943 0.0713218 0.926396 0.570992 0.477596 0.163177 0.625251 0.0559529 0.600394 0.627558 0.998171 0.0718734 0.810862 0.709078 0.052233 0.0253753 0.204673 0.494539 0.100214 0.052862 0.278487 0.824519 0.0862273 0.294014 0.256414 0.143884 0.884578 0.653028 0.729607 0.453 0.771464 0.45955 0.524322 0.69786 0.0305427 0.00191791 0.861037 0.655793 0.0578709 0.461432 0.283351 0.0560422 0.533305 0.0942135 0.76512 0.585538 0.119589 0.969793 0.0800768 0.219803 0.0226552 0.358564 0.044322 0.108883 0.652578 0.300736 0.252766 0.537156 0.953763 0.982373 0.990156 0.725227 0.441923 0.514478 0.423087 0.472466 0.516396 0.284124 0.12826 0.574267 0.745556 0.411611 0.630309 0.278861 0.505824 0.395429 0.864399 0.625413 0.365222 0.944476 0.845216 0.387877 0.303039 0.889538 0.49676 0.955617 0.190273 0.749526 0.492773 0.144037 0.7319 0.482929 0.869264 0.173823 0.997407 0.292351 0.646289 0.513803 0.576475 0.774549 0.0880693 0.322031 0.18616 0.718378 0.600891 0.691984 0.113807 0.46529 0.317397 0.479029 0.409766 0.162613 0.866906 0.712805 0.0521505 0.363666 0.668422 0.242424 0.113192 0.161196 0.38646 0.845092 0.644125 0.255724 
69 0 4 63 35 5 48 
0.439753 0.243404 0.44658 0.625913 0.961782 0.047471 0.317897 0.075589 0.512761 0.635294 0.554618 0.922527 0.797906 0.421524 0.635332 0.850057 0.78519 0.303754 0.0924806 0.898383 0.46495 0.478941 0.743475 0.109075 0.734665 0.76239 0.750607 0.282739 0.427594 0.905942 0.407288 0.867347 0.149346 0.853868 0.493259 0.111129 0.901339 0.811156 0.186718 0.4141 0.446449 0.741335 0.336627 0.244356 0.16286 0.971959 0.0944128 0.94805 0.275713 0.186893 0.846432 0.740663 0.665834 0.589907 0.849738 0.400499 0.352297 0.600345 0.683238 0.779891 0.506288 0.0905264 0.647237 0.655634 0.944394 0.140497 0.766763 0.845733 0.951653 0.95348 0.259834 0.398102 0.694816 0.596461 0.642458 0.857675 0.56842 0.736871 0.805725 0.844133 0.923764 0.652157 0.584796 0.589598 0.242064 0.434534 0.990097 0.594361 0.0348794 0.673335 0.374251 0.541167 0.763862 0.0214888 0.196801 0.708256 0.161986 0.963564 0.55399 0.113638 0.917044 0.813823 0.51174 0.611859 0.410284 0.154198 0.469534 0.978704 0.891069 0.275259 0.822836 0.814833 0.927416 0.407632 0.404432 0.16948 0.842166 0.394529 0.763841 0.877046 0.0678647 0.138092 0.418213 0.831727 0.159581 0.615014 0.539983 0.321567 
70 3 54 58 21 37 67 
0.31808 0.101144 0.577014 0.296783 0.992213 0.852273 0.11962 0.807047 0.779689 0.527252 0.211478 0.949169 0.369418 0.606008 0.71301 0.246464 0.673872 0.851103 0.664676 0.505599 0.0106839 0.27969 0.0455819 0.332251 0.858267 0.139554 0.767456 0.353888 0.0473501 0.714401 0.461368 0.36543 0.815545 0.0383822 0.662213 0.807758 0.890655 0.781833 0.614805 0.670345 0.309085 0.826283 0.619514 0.678503 0.432291 0.332525 0.924966 0.106164 0.183628 0.589643 0.611763 0.194311 0.869333 0.657345 0.526562 0.7276 0.796899 0.294018 0.0814877 0.844249 0.00841899 0.542856 0.209679 0.823964 0.581238 0.871892 0.631722 0.471893 0.653725 0.246527 0.142238 0.96281 0.0728108 0.761753 0.641312 0.505102 0.0942773 0.566279 0.611266 0.277905 0.155922 0.223028 0.472216 0.0252544 0.880373 0.998778 0.752854 0.677272 0.292796 0.834342 0.521521 0.301215 0.377198 0.7312 0.125179 0.958436 0.603092 0.756902 0.430329 0.256817 0.00342899 0.572567 0.219626 0.0762398 0.33432 0.860939 0.581342 0.428597 0.427218 0.192607 0.706502 0.583139 0.415636 0.178718 0.608394 0.296009 0.177496 0.361248 0.97328 0.470293 0.19559 0.494801 0.771508 0.572788 0.226001 0.896687 0.531223 0.829093 
71 39 50 20 6 32 64 
0.733257 0.868439 0.166475 0.314599 0.297036 0.593693 0.507206 0.00353818 0.176833 0.922842 0.182256 0.785226 0.218851 0.359753 0.146475 0.192131 0.830045 0.342065 0.686932 0.601553 0.914852 0.912934 0.49824 0.446075 0.742027 0.151828 0.407628 0.827937 0.808846 0.941747 0.133473 0.542103 0.810186 0.299949 0.856702 0.107223 0.893642 0.363908 0.110761 0.0704745 0.28675 0.293017 0.855701 0.505601 0.65277 0.00217551 0.697732 0.482815 0.34424 0.384665 0.0843681 0.259092 0.297598 0.582608 0.705168 0.0396253 0.734436 0.112795 0.867562 0.543282 0.0545425 0.00103576 0.0853855 0.864729 0.300985 0.942088 0.971951 0.194627 0.305996 0.0827122 0.265101 0.592747 0.375729 0.120802 0.0983476 0.028499 0.122978 0.79608 0.511314 0.467218 0.180744 0.595682 0.72631 0.478343 0.17829 0.431478 0.517968 0.912726 0.544273 0.38553 0.456009 0.598815 0.386566 0.541394 0.463544 0.687551 0.483482 0.435496 0.882177 0.789478 0.518208 0.147278 0.382225 0.893937 0.26808 0.480572 0.922436 0.391058 0.276652 0.43375 0.858275 0.457396 0.0294325 0.584585 0.935739 0.207723 0.0160629 0.453707 0.120449 0.560336 0.839237 0.576458 0.159151 0.225803 0.117852 0.622696 0.913353 0.601334 
72 38 12 0 22 50 3 
0.470336 0.210889 0.253609 0.392772 0.601946 0.530261 0.826523 0.460222 0.987657 0.855955 0.0448071 0.923396 0.0636777 0.06087 0.377103 0.184127 0.621206 0.21634 0.760585 0.780357 0.442143 0.878437 0.403053 0.355496 0.479771 0.461244 0.151026 0.870583 0.0376435 0.0938349 0.643619 0.50798 0.304724 0.897228 0.900752 0.90667 0.427489 0.727275 0.366892 0.415147 0.58323 0.411699 0.338543 0.646907 0.472569 0.715646 0.831034 0.0937747 0.931986 0.591619 0.874132 0.374128 0.470056 0.277185 0.729624 0.949826 0.738429 0.88065 0.820409 0.776073 0.974485 0.464028 0.284052 0.279209 0.361257 0.184804 0.185879 0.788746 0.912079 0.552771 0.203893 0.495309 0.96447 0.542436 0.142216 0.437038 0.258081 0.97325 0.530813 0.190067 0.564869 0.404945 0.564195 0.0349245 0.68213 0.293819 0.984751 0.420559 0.17447 0.80516 0.196632 0.148955 0.269188 0.480684 0.428164 0.630445 0.665489 0.614043 0.419191 0.577568 0.166813 0.623083 0.0728766 0.131283 0.165519 0.215093 0.568321 0.423601 0.188343 0.0991344 0.613668 0.753212 0.50408 0.177863 0.788136 0.18621 0.471682 0.772887 0.606769 0.646152 0.578047 0.803401 0.795107 0.847235 0.284085 0.223271 0.477679 0.949574 
73 37 7 23 22 29 36 
0.13541 0.685472 0.815111 0.703731 0.109073 0.0034539 0.802866 0.72274 0.756666 0.306945 0.900603 0.544802 0.493155 0.372285 0.317689 0.0999239 0.0184369 0.895736 0.903325 0.813544 0.74297 0.18741 0.0368146 0.220649 0.136984 0.874128 0.117519 0.664126 0.878255 0.637472 0.264144 0.0136655 0.322944 0.0792554 0.717397 0.432017 0.0827093 0.520263 0.154757 0.839375 0.827208 0.0553603 0.384177 0.320363 0.427645 0.701866 0.420287 0.446082 0.597602 0.323612 0.259626 0.340573 0.511022 0.296441 0.561222 0.648006 0.170569 0.678741 0.312132 0.0488243 0.316213 0.576277 0.0624898 0.639157 0.655532 0.779887 0.0711743 0.738241 0.30015 0.225932 0.577616 0.127358 0.281292 0.961794 0.447722 0.708937 0.66366 0.868009 0.155019 0.261262 0.191621 0.414645 0.601835 0.702643 0.711086 0.163057 0.350649 0.881655 0.841798 0.662782 0.930479 0.158011 0.239058 0.992969 0.797168 0.89459 0.772856 0.868343 0.632832 0.0730057 0.0942742 0.210448 0.200364 0.375566 0.172242 0.648085 0.0845032 0.835902 0.516094 0.239523 0.0971643 0.707715 0.654168 0.698999 0.410359 0.365254 0.862056 0.761008 0.246909 0.703854 0.42379 0.177389 0.861865 0.662848 0.170358 0.659034 0.557438 0.943214 
