40 1
0 1 1 0 0 0 1 1 1 1 1 1 0 0 0 0 0 1 1 0 0 1 1 0 0 1 0 1 1 1 0 0 1 1 1 0 0 1 0 1 
0 
0.374095 0.0579645 
1 
0.757581 0.815044 
2 
0.558446 0.509534 
3 
0.396601 0.609436 
4 
0.0973022 0.642811 
5 
0.188217 0.483484 
6 
0.799067 0.000762981 
7 
0.45158 0.883307 
8 
0.936613 0.75309 
9 
0.013377 0.773693 
10 
0.306232 0.539329 
11 
0.156894 0.393537 
12 
0.731006 0.681411 
13 
0.146099 0.145559 
14 
0.81783 0.801356 
15 
0.973326 0.191925 
16 
0.85932 0.730907 
17 
0.00696929 0.417766 
18 
0.240441 0.40357 
19 
0.0272019 0.337743 
20 
0.0463811 0.215419 
21 
0.821227 0.845448 
22 
0.216182 0.272807 
23 
0.728755 0.152796 
24 
0.0258979 0.742132 
25 
0.926489 0.33213 
26 
0.281461 0.0833834 
27 
0.725667 0.0124678 
28 
0.764794 0.871765 
29 
0.158027 0.582624 
30 
0.673121 0.131353 
31 
0.774549 0.532442 
32 
0.86226 0.781518 
33 
0.950208 0.102701 
34 
0.185088 0.977409 
35 
0.440445 0.231469 
36 
0.192829 0.261672 
37 
0.0769178 0.409011 
38 
0.534479 0.805673 
39 
0.561807 0.560377 
