44 5
0 0 0 0 0 1 0 0 0 0 0 0 0 1 1 1 1 1 1 1 1 1 1 0 0 1 0 0 1 1 1 0 0 1 0 1 1 1 0 0 0 1 0 1 
0 42 21 23 12 
0.0634308 0.467035 0.631531 0.24047 0.0884142 0.587378 0.375351 0.292227 0.642059 0.937251 0.92534 0.134142 0.121759 0.520135 0.620328 0.773022 0.223431 0.506199 0.898875 0.618694 0.497877 0.734177 0.919364 0.245791 0.638344 0.55633 0.151427 0.470016 0.785317 0.403746 0.61601 0.848747 
1 28 31 34 18 
0.834919 0.464569 0.251422 0.476978 0.401819 0.176763 0.61112 0.523578 0.696898 0.231448 0.2966 0.920328 0.737647 0.195475 0.539022 0.235524 0.929653 0.458386 0.481315 0.567997 0.0147162 0.632742 0.0380131 0.800033 0.0364879 0.654023 0.64878 0.907269 0.901564 0.737998 0.866465 0.736483 
2 34 26 36 1 
0.29465 0.824581 0.127964 0.991547 0.0560297 0.424564 0.911876 0.793677 0.620039 0.450897 0.029201 0.549692 0.909283 0.510516 0.117689 0.923999 0.143258 0.155702 0.724032 0.179746 0.809725 0.372812 0.087015 0.711289 0.11081 0.95348 0.447772 0.313377 0.0713666 0.661233 0.917763 0.366016 
3 10 16 11 6 
0.470291 0.269439 0.335522 0.0903304 0.720337 0.364723 0.640022 0.62962 0.875239 0.757711 0.553619 0.0184967 0.913413 0.277652 0.198243 0.723138 0.650464 0.285258 0.434428 0.761274 0.238737 0.8822 0.0746511 0.310104 0.543434 0.992414 0.67612 0.0292488 0.0381412 0.0336839 0.571093 0.508432 
4 6 25 33 31 
0.271338 0.238785 0.65308 0.146577 0.996496 0.2067 0.165073 0.909909 0.484351 0.363316 0.633048 0.134815 0.648574 0.0674754 0.896089 0.887311 0.949676 0.97074 0.197415 0.493109 0.963154 0.873535 0.522358 0.00129571 0.907219 0.0934516 0.509728 0.210342 6.68447e-05 0.108491 0.233802 0.271405 
5 1 14 3 30 
0.0935819 0.583055 0.253681 0.577933 0.946371 0.886729 0.712748 0.594944 0.954204 0.608838 0.482255 0.90388 0.579578 0.67967 0.396989 0.542732 0.553205 0.919347 0.544028 0.460423 0.0127991 0.0537562 0.670765 0.012866 0.162247 0.904567 0.284271 0.509523 0.79145 0.702252 0.853295 0.885032 
6 10 5 42 41 
0.993705 0.175713 0.826622 0.947909 0.784551 0.308877 0.851789 0.364129 0.988547 0.248778 0.906861 0.541752 0.168126 0.450889 0.00217487 0.180925 0.504646 0.67294 0.193791 0.666893 0.577508 0.478062 0.176415 0.368957 0.180314 0.0297101 0.253989 0.465621 0.136686 0.716954 0.697299 0.130391 
7 29 24 12 16 
0.0413469 0.821345 0.178867 0.948208 0.363097 0.346993 0.399097 0.365272 0.527918 0.903743 0.0382118 0.721709 0.570635 0.615719 0.19977 0.747051 0.984677 0.380084 0.776761 0.238666 0.845705 0.913447 0.95562 0.543004 0.043838 0.848288 0.0669244 0.122138 0.525506 0.899723 0.0522273 0.566853 
8 10 25 42 34 
0.578088 0.914158 0.449436 0.106006 0.817901 0.487648 0.827715 0.388537 0.103367 0.0274851 0.135587 0.0880441 0.407569 0.912348 0.32671 0.253274 0.825795 0.282331 0.796278 0.869633 0.130618 0.863202 0.991771 0.656124 0.762925 0.0439988 0.222977 0.483992 0.275094 0.738038 0.568157 0.853181 
9 28 18 13 12 
0.50524 0.786902 0.858634 0.608608 0.814387 0.994221 0.696652 0.221956 0.90657 0.0233619 0.475231 0.732365 0.305693 0.271508 0.601998 0.436311 0.134711 0.593769 0.0924352 0.897635 0.637768 0.315412 0.381628 0.912862 0.0534501 0.949785 0.766043 0.705646 0.967377 0.725231 0.175743 0.472618 
10 24 28 21 14 
0.0285986 0.777877 0.548476 0.935168 0.801239 0.0237065 0.667533 0.106931 0.295215 0.269531 0.543242 0.429925 0.8633 0.635678 0.327561 0.501069 0.95109 0.709188 0.413931 0.00453985 0.658973 0.179974 0.710186 0.62635 0.905204 0.885929 0.0989681 0.417337 0.920307 0.180193 0.743857 0.948905 
11 12 43 36 27 
0.316039 0.551606 0.86624 0.611254 0.821137 0.409483 0.0411791 0.684438 0.0451602 0.36874 0.185506 0.99625 0.0779283 0.599437 0.00078983 0.736901 0.779411 0.710976 0.363252 0.684615 0.596905 0.46222 0.101952 0.517212 0.642413 0.845808 0.466118 0.600483 0.138141 0.350191 0.359792 0.45418 
12 22 21 38 27 
0.635515 0.106613 0.407372 0.680675 0.475353 0.592878 0.676925 0.553281 0.192315 0.677715 0.290182 0.971726 0.388691 0.653434 0.656341 0.985596 0.115654 0.758293 0.502808 0.758067 0.604101 0.968926 0.35855 0.742242 0.319117 0.718342 0.196422 0.220914 0.944375 0.261856 0.943849 0.57989 
13 38 9 2 35 
0.9441 0.937491 0.397102 0.136415 0.615206 0.687285 0.10814 0.00389709 0.340719 0.764481 0.989493 0.456373 0.522774 0.492302 0.21444 0.126875 0.461228 0.57299 0.869117 0.780345 0.291332 0.0655386 0.00125919 0.235707 0.327394 0.945108 0.815597 0.695863 0.296329 0.0761626 0.539684 0.240429 
14 30 9 23 17 
0.624071 0.484984 0.632757 0.96479 0.249465 0.62225 0.421162 0.772238 0.114552 0.635602 0.899113 0.57578 0.208592 0.76823 0.356125 0.499924 0.833768 0.357384 0.735631 0.161162 0.302492 0.551228 0.857025 0.598821 0.627391 0.39671 0.83925 0.641044 0.333496 0.216093 0.269903 0.957567 
15 4 35 6 34 
0.52491 0.343519 0.72278 0.639462 0.979121 0.621893 0.215241 0.187713 0.390123 0.571366 0.687636 0.223891 0.92875 0.423267 0.385054 0.231242 0.974495 0.242079 0.830063 0.601886 0.638789 0.669313 0.24293 0.972284 0.885406 0.512833 0.929851 0.586483 0.415493 0.852208 0.537025 0.940403 
16 21 13 43 20 
0.881699 0.795106 0.36256 0.271822 0.366472 0.0501968 0.495713 0.295222 0.473464 0.880767 0.526464 0.447959 0.122846 0.356527 0.0498447 0.761634 0.0258394 0.292774 0.733919 0.911246 0.805607 0.66377 0.497729 0.2211 0.515978 0.0347542 0.161502 0.711705 0.29456 0.741367 0.886553 0.176259 
17 26 34 9 24 
0.943793 0.198166 0.772774 0.82456 0.72463 0.220733 0.947406 0.0811565 0.270578 0.70904 0.106996 0.563352 0.442958 0.0182416 0.368959 0.106728 0.515971 0.590059 0.622706 0.550725 0.751562 0.334412 0.845284 0.492928 0.220965 0.021543 0.029401 0.470079 0.469624 0.932345 0.769389 0.413417 
18 32 17 39 0 
0.762897 0.185383 0.936298 0.0334752 0.894422 0.0432942 0.596828 0.33738 0.0615358 0.965787 0.444108 0.577506 0.555846 0.0668148 0.128231 0.307408 0.401226 0.973515 0.800336 0.622191 0.995058 0.829737 0.0922697 0.464682 0.762083 0.861659 0.878099 0.892594 0.403822 0.116076 0.747736 0.166719 
19 3 29 35 40 
0.727329 0.797022 0.533261 0.788864 0.762809 0.97737 0.366371 0.318655 0.0441843 0.494602 0.626063 0.445411 0.468117 0.426399 0.0676019 0.463176 0.256136 0.159872 0.927858 0.0182189 0.0215304 0.805957 0.910813 0.425353 0.922033 0.65855 0.592072 0.223491 0.342584 0.792266 0.419372 0.0699126 
20 43 2 37 30 
0.930003 0.225148 0.670753 0.974187 0.71975 0.296815 0.419598 0.187867 0.723215 0.487199 0.651043 0.979351 0.647071 0.5789 0.99757 0.668601 0.384857 0.908383 0.0939541 0.30689 0.566933 0.686026 0.530381 0.909517 0.478293 0.949753 0.979429 0.067581 0.902386 0.838206 0.419678 0.832389 
21 34 16 31 1 
0.387246 0.226173 0.970971 0.110461 0.713372 0.622014 0.0898118 0.360443 0.200914 0.0873815 0.0290449 0.585771 0.995765 0.122999 0.892661 0.562697 0.809025 0.423042 0.472214 0.287318 0.372795 0.451643 0.354899 0.275181 0.289849 0.774577 0.10757 0.353204 0.865008 0.914145 0.136308 0.252254 
22 39 14 28 4 
0.729292 0.452527 0.214134 0.930207 0.539908 0.243179 0.515978 0.535673 0.366178 0.408639 0.0983702 0.175203 0.831681 0.570584 0.462521 0.204477 0.0222271 0.817419 0.479658 0.312076 0.591996 0.587228 0.66528 0.457004 0.501373 0.801588 0.709259 0.641691 0.908866 0.0719737 0.495382 0.638159 
23 2 7 19 9 
0.952695 0.0843433 0.600082 0.318873 0.492982 0.698452 0.494076 0.324664 0.269036 0.956596 0.529141 0.291263 0.774016 0.00879862 0.60334 0.366012 0.596026 0.26862 0.823017 0.0973993 0.0702077 0.532275 0.73909 0.979074 0.604249 0.234472 0.617233 0.128749 0.943987 0.185598 0.193158 0.896682 
24 35 9 17 32 
0.491693 0.70963 0.0875877 0.760729 0.666227 0.616728 0.0519924 0.440243 0.625527 0.655332 0.806255 0.221553 0.923952 0.629272 0.318953 0.99416 0.161547 0.0580429 0.973234 0.765795 0.292515 0.590467 0.894545 0.236502 0.776065 0.0877033 0.133184 0.0460064 0.880944 0.348739 0.80893 0.372636 
25 13 12 24 19 
0.513246 0.185358 0.164838 0.138773 0.84069 0.971093 0.360327 0.764643 0.600365 0.679279 0.758803 0.761912 0.737322 0.732037 0.527707 0.0298367 0.322504 0.422252 0.266339 0.0985688 0.509955 0.399523 0.144575 0.390899 0.748262 0.953505 0.763535 0.806631 0.850023 0.896901 0.531226 0.36327 
26 5 32 14 34 
0.667158 0.86237 0.687591 0.267523 0.541649 0.446394 0.0294343 0.278971 0.178431 0.557141 0.308807 0.500934 0.979393 0.575146 0.599503 0.489348 0.974669 0.744078 0.880247 0.722931 0.697584 0.643782 0.529561 0.547607 0.540683 0.0607876 0.910877 0.622942 0.756852 0.41292 0.54589 0.42401 
27 14 29 4 1 
0.679875 0.720967 0.0959087 0.858306 0.278109 0.404716 0.35924 0.257502 0.979862 0.958744 0.74685 0.954531 0.702822 0.627097 0.677462 0.400406 0.270879 0.207023 0.948013 0.811562 0.267811 0.85889 0.434504 0.0246634 0.27181 0.980394 0.448674 0.547099 0.213876 0.140207 0.364037 0.893751 
28 26 5 34 27 
0.864662 0.111298 0.396784 0.844524 0.0700414 0.143634 0.799055 0.772863 0.770731 0.476517 0.173269 0.0416109 0.683541 0.121282 0.853173 0.951352 0.980171 0.287677 0.976015 0.251981 0.268071 0.424689 0.79908 0.481947 0.564896 0.163117 0.375699 0.42607 0.623062 0.127756 0.565352 0.487724 
29 20 6 16 11 
0.105771 0.131303 0.0819584 0.876502 0.60782 0.255227 0.918113 0.291361 0.376509 0.771286 0.242713 0.35668 0.0589635 0.218728 0.608661 0.327035 0.643417 0.40774 0.808982 0.208313 0.570857 0.184681 0.634382 0.193919 0.312437 0.199734 0.681643 0.55149 0.161871 0.0138905 0.860586 0.267642 
30 22 34 33 9 
0.197771 0.0622569 0.0443748 0.57428 0.833543 0.287088 0.93096 0.892507 0.505816 0.53962 0.219542 0.149233 0.947361 0.0285237 0.357546 0.518218 0.213204 0.991928 0.712137 0.525641 0.191663 0.39378 0.0771313 0.353533 0.40767 0.937717 0.621175 0.552864 0.880261 0.765319 0.305877 0.078032 
31 15 16 7 11 
0.63734 0.583272 0.553626 0.143156 0.122892 0.773167 0.292389 0.0702528 0.801691 0.649935 0.588471 0.0148954 0.641863 0.300607 0.540536 0.833526 0.694387 0.617668 0.187059 0.102057 0.555385 0.808234 0.654921 0.435646 0.573553 0.960799 0.513677 0.401129 0.311051 0.165989 0.0622475 0.948391 
32 28 14 5 0 
0.389041 0.383936 0.942406 0.190732 0.0338711 0.530876 0.205627 0.675734 0.831484 0.746163 0.50926 0.525871 0.363831 0.69632 0.627928 0.919216 0.504554 0.28285 0.354861 0.0781067 0.243648 0.868539 0.479235 0.554699 0.034528 0.541483 0.50309 0.783789 0.157356 0.594637 0.655942 0.546397 
33 37 42 41 27 
0.688178 0.960707 0.688919 0.197439 0.486578 0.0527498 0.893758 0.114506 0.971966 0.398312 0.397356 0.326827 0.476419 0.641005 0.195366 0.955654 0.195704 0.229894 0.497137 0.698794 0.0136823 0.654493 0.29343 0.669624 0.200889 0.272003 0.267971 0.938018 0.284447 0.397194 0.880773 0.972625 
34 16 18 30 6 
0.622441 0.0638219 0.958986 0.594407 0.462134 0.356342 0.921234 0.938553 0.997347 0.116599 0.894207 0.19305 0.346493 0.391343 0.891844 0.360175 0.0458362 0.185275 0.0297988 0.246726 0.457278 0.29777 0.184743 0.741725 0.694964 0.0655161 0.71435 0.0528657 0.635208 0.884413 0.897345 0.257649 
35 16 30 33 28 
0.773289 0.348922 0.21002 0.889888 0.243128 0.403071 0.236381 0.634472 0.294915 0.596556 0.680308 0.480189 0.626355 0.927034 0.937467 0.924125 0.111777 0.679191 0.619089 0.177293 0.393541 0.671954 0.8125 0.277954 0.5693 0.0701494 0.22619 0.425631 0.922205 0.636559 0.638304 0.695494 
36 8 42 6 27 
0.821764 0.863081 0.546309 0.41832 0.543389 0.0264986 0.0446747 0.470423 0.963965 0.968799 0.582199 0.643157 0.587888 0.759492 0.036698 0.259843 0.571993 0.314652 0.829142 0.642142 0.540842 0.254773 0.564347 0.177401 0.893077 0.259842 0.162882 0.741402 0.845224 0.391491 0.992797 0.666988 
37 3 11 8 10 
0.565605 0.129983 0.268383 0.52957 0.0987823 0.850582 0.172727 0.68667 0.610075 0.209425 0.946513 0.182067 0.524078 0.775655 0.824209 0.0649198 0.0304285 0.388557 0.242321 0.923506 0.648398 0.405203 0.664908 0.493623 0.796694 0.657704 0.160611 0.0512652 0.196811 0.245919 0.849226 0.762415 
38 29 11 15 8 
0.968191 0.464713 0.161355 0.578266 0.674138 0.107868 0.760333 0.198215 0.883523 0.584543 0.263135 0.913952 0.973099 0.505456 0.837457 0.621497 0.910659 0.502365 0.11512 0.707352 0.160069 0.275731 0.758617 0.35688 0.52165 0.607843 0.119295 0.897552 0.725452 0.411281 0.372236 0.693643 
39 3 21 33 5 
0.641458 0.0322422 0.748347 0.524981 0.616785 0.011482 0.438933 0.589884 0.516938 0.27639 0.211381 0.427597 0.778755 0.326501 0.134949 0.938825 0.602232 0.893566 0.295705 0.123882 0.501409 0.415 0.0214334 0.226861 0.826281 0.393669 0.920505 0.702275 0.92726 0.192414 0.252406 0.568718 
40 27 12 7 37 
0.0122351 0.532633 0.431324 0.529173 0.809023 0.642706 0.95677 0.587779 0.969207 0.0917187 0.526603 0.571439 0.985285 0.822308 0.69532 0.486695 0.237308 0.716754 0.713556 0.0635896 0.110423 0.634061 0.765864 0.0376831 0.826474 0.0182708 0.606401 0.0511301 0.0190239 0.700101 0.892571 0.031259 
41 42 43 6 20 
0.517202 0.629536 0.935807 0.608921 0.156139 0.507246 0.594206 0.978448 0.202566 0.0809003 0.215756 0.91932 0.794456 0.279346 0.0297426 0.428517 0.04521 0.0674256 0.254991 0.0634808 0.673827 0.306121 0.0825047 0.373928 0.198692 0.113764 0.606663 0.522587 0.674196 0.64842 0.489188 0.191398 
42 41 40 6 34 
0.932241 0.394524 0.412543 0.134807 0.475425 0.628299 0.0541265 0.269881 0.907644 0.083869 0.698398 0.952854 0.151295 0.953389 0.0163351 0.825122 0.25951 0.0988398 0.19905 0.458202 0.212604 0.805713 0.980789 0.886799 0.454133 0.469977 0.0781973 0.732088 0.894972 0.878516 0.166183 0.827213 
43 24 31 35 29 
0.0161464 0.0183454 0.114669 0.100015 0.716743 0.0675234 0.25131 0.670132 0.0838585 0.0764318 0.929642 0.182698 0.275482 0.387844 0.395302 0.0811946 0.368634 0.282101 0.535327 0.838611 0.360299 0.267416 0.733583 0.238814 0.433599 0.560796 0.511854 0.0123253 0.522816 0.260319 0.21935 0.538962 
