58 3
0 1 0 1 1 0 0 1 0 1 0 0 1 0 1 0 0 0 1 1 1 0 0 0 1 1 1 0 1 1 1 0 1 0 0 1 0 1 0 1 1 1 0 0 0 0 1 1 0 1 1 0 0 1 1 0 1 1 
0 34 4 
0.83202 0.582482 0.368115 0.899993 0.492459 0.650714 0.00224122 0.46903 
1 56 37 
0.845789 0.290977 0.640471 0.630274 0.328141 0.00163815 0.751934 0.0828617 
2 21 27 
0.585461 0.423271 0.834418 0.361678 0.38913 0.103815 0.832689 0.794288 
3 2 5 
0.626308 0.706216 0.996159 0.526302 0.198675 0.646874 0.528543 0.667706 
4 35 32 
0.513494 0.469629 0.531755 0.143769 0.797769 0.533393 0.895702 0.880631 
5 30 40 
0.137601 0.311674 0.665811 0.499278 0.700804 0.769626 0.331967 0.495092 
6 35 28 
0.1214 0.599576 0.956172 0.647702 0.798251 0.603046 0.176245 0.465957 
7 1 28 
0.979451 0.251326 0.599283 0.12322 0.0490952 0.132675 0.0189222 0.929726 
8 40 48 
0.761119 0.822416 0.218998 0.42693 0.321694 0.919802 0.196556 0.653662 
9 31 55 
0.613674 0.536294 0.689492 0.569846 0.183996 0.487744 0.172891 0.360241 
10 55 31 
0.427769 0.933152 0.205914 0.0270514 0.056372 0.255009 0.159727 0.0752942 
11 7 55 
0.982619 0.945855 0.666958 0.201617 0.372785 0.988652 0.121419 0.569341 
12 26 28 
0.659257 0.255987 0.0726076 0.348749 0.825833 0.256604 0.836493 0.998724 
13 49 15 
0.953312 0.044613 0.723345 0.159226 0.0716643 0.779717 0.414236 0.231391 
14 33 22 
0.0759329 0.837631 0.544826 0.74289 0.0392478 0.917611 0.731542 0.160667 
15 5 52 
0.696981 0.146209 0.629843 0.769588 0.494959 0.455676 0.0261919 0.331451 
16 26 52 
0.121645 0.407712 0.687649 0.84499 0.566939 0.759313 0.624708 0.981174 
17 42 36 
0.580145 0.0666375 0.31735 0.124971 0.809528 0.356598 0.0425828 0.54107 
18 56 19 
0.914926 0.214246 0.675745 0.544769 0.983834 0.170703 0.000444712 0.0100258 
19 3 11 
0.653062 0.6238 0.862557 0.340711 0.46879 0.429495 0.100024 0.0934982 
20 28 25 
0.573218 0.990815 0.157367 0.890568 0.115786 0.966894 0.247166 0.158369 
21 10 28 
0.687904 0.422891 0.978677 0.363649 0.967659 0.962511 0.534352 0.968104 
22 19 3 
0.422949 0.625598 0.660306 0.285506 0.966309 0.129096 0.715001 0.0663338 
23 34 20 
0.157063 0.795812 0.116485 0.314429 0.68638 0.232271 0.281324 0.933546 
24 34 28 
0.697977 0.0785434 0.212179 0.676654 0.442192 0.179838 0.639165 0.976544 
25 44 34 
0.0130502 0.570891 0.2373 0.673356 0.856397 0.203609 0.802453 0.571398 
26 49 18 
0.697068 0.427006 0.82086 0.813553 0.741435 0.50724 0.0458234 0.0227592 
27 48 57 
0.812048 0.138764 0.515006 0.0242267 0.815418 0.957198 0.204065 0.454583 
28 39 41 
0.0662843 0.946792 0.922899 0.303584 0.620149 0.779296 0.507193 0.422601 
29 57 20 
0.447649 0.0477618 0.204143 0.268508 0.861315 0.945578 0.775748 0.907138 
30 32 49 
0.343601 0.780385 0.355298 0.858607 0.804611 0.170716 0.815805 0.00867651 
31 38 36 
0.691583 0.69634 0.283583 0.995168 0.316488 0.0628795 0.502361 0.73909 
32 44 11 
0.186738 0.461335 0.48364 0.455247 0.32265 0.429218 0.230995 0.229788 
33 32 56 
0.573389 0.17794 0.802828 0.431996 0.982551 0.973544 0.247801 0.991228 
34 21 54 
0.351912 0.290427 0.693688 0.635496 0.285594 0.0101762 0.698375 0.787955 
35 43 18 
0.0674528 0.936004 0.573284 0.551093 0.391251 0.895933 0.980311 0.622246 
36 35 52 
0.0697751 0.69911 0.555806 0.872603 0.131105 0.538358 0.846147 0.378906 
37 53 32 
0.376255 0.881498 0.735417 0.0699426 0.516993 0.021011 0.0801188 0.215368 
38 29 12 
0.327317 0.876419 0.765389 0.900601 0.427512 0.156639 0.796534 0.407823 
39 57 22 
0.78569 0.84866 0.621365 0.341496 0.721263 0.75247 0.879854 0.56741 
40 28 5 
0.0124002 0.507631 0.290937 0.747817 0.577574 0.80793 0.768828 0.657692 
41 19 15 
0.487077 0.350616 0.454213 0.252465 0.251216 0.881726 0.409105 0.0477502 
42 52 27 
0.970005 0.0752384 0.0366488 0.59137 0.416735 0.757912 0.34384 0.296588 
43 54 19 
0.706028 0.337722 0.982848 0.996965 0.0855389 0.560421 0.804895 0.854367 
44 40 25 
0.432161 0.705191 0.17881 0.886375 0.957656 0.430026 0.7681 0.366761 
45 5 10 
0.55475 0.447782 0.132888 0.591399 0.039152 0.549622 0.34931 0.382992 
46 24 7 
0.858209 0.552238 0.0123532 0.841057 0.549203 0.0978921 0.401478 0.354099 
47 54 26 
0.384421 0.324782 0.361103 0.270796 0.282439 0.791129 0.0388959 0.649199 
48 16 10 
0.203949 0.716687 0.229433 0.795347 0.755839 0.779055 0.144657 0.138831 
49 13 23 
0.99704 0.177504 0.831642 0.838097 0.726707 0.929534 0.239575 0.0808056 
50 28 46 
0.263098 0.266214 0.183949 0.624201 0.53701 0.466388 0.41533 0.575906 
51 15 14 
0.672451 0.319536 0.400922 0.901883 0.114883 0.156761 0.680938 0.259541 
52 14 28 
0.0788296 0.292632 0.483708 0.910472 0.130729 0.210415 0.840006 0.370303 
53 21 28 
0.22947 0.554318 0.988014 0.413419 0.178519 0.525024 0.879807 0.593849 
54 52 39 
0.278084 0.77338 0.31493 0.679006 0.675263 0.429813 0.835766 0.356202 
55 5 30 
0.662406 0.768183 0.42399 0.146113 0.678655 0.554718 0.356528 0.518661 
56 41 50 
0.154492 0.202066 0.228475 0.567911 0.380586 0.753498 0.447718 0.974435 
57 26 54 
0.627807 0.758042 0.931525 0.303071 0.187855 0.767291 0.659273 0.877209 
