51 5
0 0 1 0 1 1 0 1 0 1 0 0 0 0 0 0 1 0 0 1 1 1 0 1 1 0 0 0 0 1 1 1 0 1 0 0 1 0 0 0 0 0 1 1 1 1 0 0 0 0 0 
0 50 17 43 15 
0.954311 0.697115 0.0798693 0.670664 0.455632 0.847898 0.720218 0.207273 0.334663 0.97851 0.298661 0.351445 0.289139 0.405288 0.499427 0.749833 0.465365 0.967004 0.929151 0.0312171 0.699692 0.851034 0.684991 0.34814 0.730735 0.809873 0.580681 0.419493 0.0183427 0.80779 0.518761 0.972654 
1 36 22 29 42 
0.446528 0.363536 0.167809 0.781191 0.342046 0.46647 0.132636 0.631185 0.871758 0.632063 0.381018 0.337123 0.599067 0.310169 0.36834 0.298759 0.161203 0.053331 0.646899 0.891938 0.863204 0.22758 0.311431 0.881547 0.0353698 0.830192 0.854201 0.540274 0.428822 0.497518 0.50081 0.875351 
2 10 41 43 12 
0.13509 0.789178 0.834285 0.00684796 0.42124 0.215303 0.343971 0.0203074 0.525472 0.712311 0.319067 0.686674 0.765642 0.965966 0.578612 0.628847 0.193546 0.890043 0.510394 0.228916 0.720235 0.364595 0.76919 0.149057 0.862113 0.27 0.0244075 0.723167 0.93862 0.680949 0.926267 0.0737097 
3 38 30 28 19 
0.975854 0.424529 0.911674 0.501326 0.13684 0.230741 0.188 0.902483 0.196707 0.766612 0.531329 0.390253 0.656655 0.0417232 0.619169 0.37689 0.406318 0.388359 0.525947 0.268431 0.658359 0.550354 0.991598 0.596979 0.231303 0.917866 0.670689 0.70143 0.678417 0.751247 0.592797 0.654272 
4 7 24 10 32 
0.343598 0.215098 0.931919 0.11021 0.746427 0.322172 0.766865 0.78815 0.941341 0.143755 0.194468 0.3297 0.669702 0.462899 0.98806 0.220056 0.454498 0.585039 0.451359 0.372363 0.255727 0.152788 0.0507806 0.00697398 0.745585 0.705052 0.182749 0.250056 0.86065 0.495365 0.985268 0.204248 
5 8 36 6 33 
0.239359 0.0813241 0.24504 0.180701 0.225079 0.439509 0.510401 0.894781 0.902408 0.498461 0.114837 0.356906 0.0834993 0.566195 0.729269 0.339227 0.718984 0.78005 0.346201 0.464569 0.485102 0.52895 0.714625 0.345752 0.0243148 0.699893 0.550001 0.734778 0.61708 0.864459 0.191668 0.856439 
6 26 5 17 35 
0.876217 0.54754 0.0656433 0.778625 0.0460011 0.18048 0.135531 0.1295 0.746675 0.8648 0.468727 0.465659 0.644849 0.814928 0.930228 0.129951 0.343878 0.644853 0.475703 0.368193 0.344745 0.0257038 0.10297 0.961825 0.890163 0.294638 0.818263 0.835946 0.731346 0.855403 0.00680847 0.607563 
7 19 27 48 41 
0.252932 0.521718 0.578445 0.999607 0.386518 0.047172 0.465266 0.0313666 0.8621 0.395494 0.161318 0.205978 0.0403468 0.637021 0.574171 0.385092 0.662725 0.677141 0.346916 0.552888 0.971779 0.16518 0.388834 0.703124 0.0205827 0.395642 0.310687 0.423526 0.468094 0.696874 0.87247 0.721026 
8 31 47 19 36 
0.498087 0.185899 0.636477 0.360187 0.581393 0.797794 0.566165 0.62174 0.434815 0.140336 0.00683168 0.09754 0.817477 0.353748 0.650428 0.789255 0.518928 0.0392615 0.49238 0.539511 0.434904 0.803067 0.963037 0.902998 0.499941 0.835507 0.624023 0.718534 0.286422 0.344656 0.323644 0.78451 
9 10 41 19 16 
0.757915 0.710862 0.733688 0.19273 0.851198 0.740519 0.29027 0.668675 0.0942676 0.940698 0.457931 0.613196 0.979959 0.950311 0.152706 0.414863 0.753377 0.115743 0.317861 0.253319 0.95125 0.941884 0.971853 0.237673 0.28654 0.295497 0.0221825 0.817095 0.255617 0.16688 0.929043 0.013532 
10 0 30 12 24 
0.403251 0.496532 0.397616 0.497518 0.43723 0.855546 0.110714 0.41719 0.805857 0.26342 0.832053 0.559234 0.379163 0.149914 0.812553 0.330413 0.0917985 0.784406 0.568086 0.378339 0.0799022 0.590268 0.195434 0.335519 0.757148 0.124478 0.349051 0.63489 0.787209 0.555314 0.363831 0.19046 
11 35 0 12 41 
0.616993 0.798692 0.906266 0.42285 0.062112 0.738319 0.982084 0.441275 0.888233 0.794637 0.771688 0.980032 0.579043 0.339774 0.358371 0.658945 0.930043 0.553805 0.994464 0.687191 0.678283 0.343516 0.322081 0.465492 0.898829 0.685912 0.655951 0.950675 0.447358 0.343929 0.439752 0.0643511 
12 31 45 3 14 
0.0843371 0.469285 0.646008 0.972571 0.263922 0.417697 0.952602 0.842965 0.757471 0.310973 0.50191 0.687514 0.864779 0.496374 0.374705 0.543062 0.83989 0.696786 0.00855342 0.738719 0.382698 0.664505 0.689394 0.830056 0.00843394 0.129146 0.894407 0.151055 0.475164 0.381608 0.355788 0.559501 
13 29 0 12 6 
0.484674 0.957779 0.176963 0.795647 0.459689 0.864477 0.660426 0.956063 0.239182 0.203488 0.795953 0.935967 0.212041 0.534672 0.318665 0.876546 0.224066 0.148721 0.88498 0.353212 0.0431277 0.0360348 0.828376 0.424735 0.391823 0.387877 0.275628 0.393618 0.919949 0.390442 0.813111 0.404623 
14 12 40 46 48 
0.854551 0.860697 0.763973 0.093733 0.0641843 0.559926 0.0297002 0.276226 0.0945978 0.348365 0.152771 0.318664 0.497086 0.0377513 0.671876 0.540213 0.0737861 0.500253 0.964949 0.465609 0.88813 0.240577 0.859227 0.808079 0.631019 0.672338 0.212702 0.979241 0.662412 0.412972 0.787151 0.516964 
15 47 25 24 34 
0.205648 0.988762 0.76685 0.524312 0.485848 0.804602 0.196188 0.0260611 0.878388 0.696441 0.99101 0.343996 0.584571 0.231587 0.203223 0.39265 0.862606 0.875562 0.605352 0.841847 0.537974 0.0183243 0.628998 0.0549378 0.291993 0.180122 0.665635 0.629846 0.291172 0.306032 0.243925 0.49682 
16 27 25 50 32 
0.806702 0.693764 0.913761 0.797712 0.0377607 0.498333 0.029299 0.240984 0.890983 0.891905 0.116546 0.496335 0.733751 0.65452 0.514659 0.362749 0.709458 0.806652 0.542871 0.375092 0.436499 0.834042 0.681124 0.680424 0.330862 0.975917 0.691199 0.351994 0.756559 0.506576 0.569314 0.563261 
17 8 44 35 33 
0.981408 0.390273 0.479085 0.872391 0.282177 0.595631 0.368725 0.0159288 0.25015 0.883384 0.378678 0.959608 0.690037 0.921548 0.3347 0.126535 0.755591 0.0158238 0.806959 0.0864528 0.991741 0.498158 0.438447 0.7483 0.00473331 0.00776029 0.311561 0.205073 0.490835 0.672535 0.443174 0.472243 
18 37 16 35 50 
0.51789 0.713359 0.360914 0.76804 0.596743 0.739592 0.727648 0.28678 0.66114 0.062348 0.413315 0.416731 0.0781718 0.220274 0.503184 0.069913 0.718431 0.94163 0.818213 0.723165 0.949391 0.129775 0.928238 0.440226 0.80231 0.371412 0.912469 0.865118 0.293671 0.257103 0.210103 0.811561 
19 5 39 49 47 
0.310609 0.307249 0.853985 0.971749 0.369597 0.2673 0.38848 0.447769 0.487573 0.891664 0.517682 0.206005 0.833295 0.335895 0.929169 0.782685 0.46567 0.857407 0.222911 0.267979 0.228819 0.135381 0.133097 0.52249 0.392484 0.3432 0.334051 0.362946 0.914217 0.913652 0.930151 0.224826 
20 37 21 15 42 
0.0514355 0.585055 0.0382673 0.539009 0.476719 0.555949 0.745014 0.310014 0.891844 0.674183 0.092699 0.357514 0.53159 0.31561 0.625493 0.760409 0.450991 0.75859 0.2829 0.843475 0.10179 0.616951 0.20642 0.0160071 0.530603 0.136571 0.240833 0.751505 0.920707 0.437408 0.342003 0.972142 
21 41 42 12 33 
0.256165 0.809196 0.828064 0.930347 0.901895 0.185578 0.461937 0.217505 0.811071 0.222346 0.668496 0.569661 0.505246 0.511971 0.671451 0.122197 0.718391 0.687458 0.6528 0.854962 0.928291 0.404305 0.775668 0.365699 0.746308 0.74781 0.388161 0.126578 0.258961 0.887343 0.0627978 0.515126 
22 38 4 16 1 
0.0764391 0.907411 0.815939 0.88751 0.129757 0.484435 0.457171 0.635003 0.996405 0.128622 0.7572 0.714796 0.81608 0.41 0.569758 0.744371 0.814305 0.345426 0.11007 0.560613 0.0932368 0.498231 0.687191 0.352198 0.385574 0.749989 0.867324 0.0821135 0.64085 0.312797 0.680547 0.717289 
23 8 2 40 39 
0.98092 0.0619701 0.984968 0.977326 0.190592 0.742168 0.692122 0.00667201 0.152168 0.26188 0.751043 0.966473 0.607306 0.861113 0.527086 0.700543 0.359344 0.214277 0.0527412 0.744918 0.964266 0.920065 0.827032 0.605116 0.232863 0.507579 0.322406 0.453071 0.00406478 0.927205 0.803036 0.984985 
24 15 4 16 21 
0.530172 0.654433 0.186439 0.682341 0.916313 0.937482 0.648814 0.523619 0.798595 0.1759 0.224162 0.157938 0.390177 0.276903 0.902857 0.354443 0.196969 0.729888 0.959559 0.429831 0.237467 0.281965 0.882902 0.241532 0.20917 0.685938 0.226517 0.198345 0.473942 0.188828 0.378112 0.00411381 
25 45 26 0 46 
0.502033 0.335268 0.283193 0.300627 0.511169 0.507355 0.458566 0.901346 0.784258 0.361422 0.255789 0.981227 0.0913107 0.215348 0.411058 0.328778 0.497312 0.29396 0.57031 0.706482 0.979898 0.796828 0.904826 0.45384 0.985656 0.282938 0.457953 0.828917 0.847488 0.144408 0.588491 0.349521 
26 38 46 12 34 
0.379039 0.108714 0.89219 0.163298 0.470136 0.147979 0.144525 0.561447 0.363326 0.555583 0.890225 0.860639 0.849543 0.460535 0.56712 0.829441 0.257363 0.471946 0.283281 0.243019 0.754884 0.741234 0.0719358 0.602372 0.885642 0.660427 0.951893 0.365318 0.532111 0.602041 0.356163 0.91115 
27 41 10 11 12 
0.218972 0.742338 0.759659 0.774555 0.632563 0.620298 0.624099 0.0930981 0.187418 0.45354 0.350461 0.659364 0.736821 0.59348 0.414248 0.478055 0.665415 0.0166209 0.363697 0.325842 0.968514 0.729016 0.857953 0.570555 0.0851792 0.769104 0.28131 0.333533 0.843551 0.462202 0.729866 0.0625238 
28 10 24 21 0 
0.109823 0.461178 0.930201 0.297241 0.914718 0.280662 0.956605 0.651539 0.874141 0.370854 0.129594 0.539557 0.387474 0.493292 0.865399 0.355988 0.222308 0.723352 0.926544 0.307487 0.492456 0.207854 0.64102 0.336007 0.670056 0.370886 0.398531 0.874596 0.86041 0.23561 0.711699 0.970233 
29 32 4 28 9 
0.922561 0.224079 0.263045 0.796703 0.594932 0.392639 0.336259 0.982407 0.885931 0.201658 0.338395 0.108239 0.925011 0.264939 0.415726 0.417466 0.472793 0.0567454 0.753474 0.142849 0.427631 0.152005 0.0174453 0.288041 0.387615 0.729144 0.258274 0.0844032 0.371043 0.525748 0.695909 0.293605 
30 50 28 5 39 
0.351594 0.426567 0.327166 0.237525 0.628225 0.665561 0.345764 0.553235 0.9305 0.76149 0.970702 0.403294 0.818235 0.724176 0.546143 0.245866 0.87618 0.563588 0.533907 0.263795 0.292732 0.792182 0.348198 0.663776 0.31793 0.0441078 0.95738 0.0677568 0.00306245 0.0476877 0.412516 0.354657 
31 40 20 14 25 
0.937946 0.655715 0.335743 0.699436 0.626417 0.739037 0.517671 0.350592 0.28518 0.763537 0.226772 0.848768 0.297444 0.490568 0.1415 0.0896262 0.838766 0.805276 0.407556 0.882874 0.762656 0.475313 0.885936 0.810344 0.887829 0.240593 0.284598 0.627511 0.832775 0.387077 0.0327537 0.770721 
32 46 3 38 12 
0.107533 0.987827 0.0198008 0.392713 0.751364 0.246573 0.241481 0.0488084 0.737141 0.382981 0.138435 0.575907 0.188257 0.545991 0.458781 0.950913 0.0213039 0.344717 0.761258 0.909133 0.58531 0.0458559 0.536644 0.418084 0.432933 0.569397 0.188805 0.475725 0.937894 0.658961 0.144934 0.0454275 
33 48 41 47 31 
0.446961 0.148449 0.0626021 0.585396 0.724356 0.250859 0.131387 0.183136 0.201772 0.15269 0.527853 0.96303 0.0618233 0.113162 0.00888593 0.598467 0.531247 0.441819 0.167864 0.720052 0.917545 0.105759 0.379013 0.0624788 0.151186 0.0258015 0.227214 0.589326 0.423954 0.638522 0.268947 0.870915 
34 39 2 37 16 
0.582409 0.587698 0.694462 0.784181 0.740388 0.222315 0.747211 0.802211 0.335477 0.756097 0.400678 0.866724 0.197916 0.568543 0.586776 0.115461 0.674301 0.965789 0.17794 0.825487 0.99159 0.405154 0.414814 0.415544 0.0436753 0.683761 0.28646 0.830646 0.0153105 0.742771 0.341972 0.597719 
35 5 4 2 14 
0.258749 0.129111 0.873067 0.594226 0.885208 0.273745 0.46095 0.0831245 0.842288 0.0477261 0.198586 0.516589 0.0135147 0.376526 0.342076 0.00510489 0.781679 0.75689 0.420649 0.825354 0.440651 0.707109 0.656 0.455962 0.449879 0.997972 0.0536807 0.780348 0.0344059 0.435581 0.851204 0.293155 
36 43 10 11 9 
0.348332 0.533025 0.840304 0.396058 0.73161 0.356893 0.409572 0.108136 0.69897 0.414677 0.889815 0.45586 0.835327 0.715169 0.896511 0.542435 0.371169 0.352473 0.992315 0.369141 0.406153 0.772662 0.403547 0.841734 0.623866 0.696702 0.406426 0.348137 0.584084 0.856326 0.346153 0.932415 
37 3 47 8 20 
0.543351 0.738045 0.229097 0.242321 0.152723 0.118912 0.698181 0.988049 0.834081 0.594692 0.530485 0.20525 0.947164 0.5228 0.574392 0.353318 0.295462 0.977939 0.195052 0.919328 0.674641 0.601478 0.267465 0.258725 0.457804 0.613618 0.19114 0.847155 0.800075 0.519613 0.968116 0.343426 
38 9 49 7 34 
0.316124 0.283927 0.39843 0.150205 0.878619 0.928915 0.355456 0.825783 0.451714 0.929847 0.179101 0.747176 0.907786 0.374153 0.666504 0.582428 0.97563 0.933969 0.841153 0.433435 0.547587 0.0322927 0.280589 0.347662 0.551906 0.248705 0.691087 0.809564 0.445918 0.276834 0.219945 0.762042 
39 21 15 9 7 
0.54729 0.267703 0.265162 0.999004 0.197551 0.444263 0.74618 0.105337 0.818416 0.412685 0.687765 0.794046 0.346654 0.528917 0.227481 0.89424 0.56121 0.50807 0.241902 0.113116 0.756776 0.93299 0.92268 0.202694 0.209823 0.142624 0.964736 0.770584 0.760999 0.876984 0.209963 0.308289 
40 12 22 48 28 
0.919389 0.053473 0.447575 0.737805 0.466158 0.13534 0.531851 0.812811 0.664257 0.759332 0.707052 0.225467 0.267402 0.948954 0.338583 0.0241775 0.881944 0.261262 0.226871 0.0917669 0.403887 0.191608 0.862351 0.164886 0.0685915 0.0723143 0.473175 0.213279 0.54744 0.780468 0.555517 0.466829 
41 50 3 39 23 
0.138431 0.736485 0.112909 0.802688 0.495817 0.819961 0.0281556 0.763219 0.768915 0.366738 0.787396 0.650859 0.628001 0.0142676 0.742625 0.0318877 0.205875 0.604976 0.196774 0.274467 0.677291 0.669948 0.487745 0.224731 0.450416 0.0432619 0.69156 0.284356 0.0463534 0.896194 0.584455 0.184785 
42 16 40 17 45 
0.517325 0.0156285 0.891715 0.28624 0.382367 0.679111 0.937099 0.0103678 0.693378 0.679724 0.0422556 0.899253 0.284701 0.239029 0.17372 0.961991 0.908978 0.661465 0.186722 0.359394 0.704727 0.878282 0.64375 0.751081 0.774476 0.228205 0.935865 0.407155 0.925569 0.923338 0.535651 0.442894 
43 23 14 16 29 
0.106477 0.666233 0.331701 0.799855 0.345957 0.373957 0.699108 0.630657 0.612986 0.872828 0.592648 0.521964 0.534294 0.77937 0.881357 0.239021 0.657653 0.525107 0.990101 0.432129 0.753312 0.925966 0.839284 0.67888 0.849304 0.374935 0.121774 0.788271 0.802301 0.850908 0.109604 0.908777 
44 20 9 41 49 
0.815262 0.40774 0.493754 0.428248 0.280569 0.0864027 0.950212 0.814863 0.865773 0.831569 0.0538834 0.523426 0.356676 0.0439848 0.955554 0.109988 0.969951 0.794838 0.788869 0.819256 0.169773 0.910643 0.607527 0.972074 0.761551 0.717131 0.880851 0.278691 0.158436 0.589483 0.141788 0.973699 
45 47 3 34 38 
0.352159 0.0926553 0.587718 0.183728 0.146539 0.111144 0.540404 0.190524 0.0666985 0.650392 0.160475 0.861537 0.439261 0.979731 0.0313101 0.349904 0.587257 0.00338409 0.111454 0.304388 0.884235 0.390145 0.462824 0.473719 0.531934 0.436523 0.470942 0.167476 0.83847 0.748735 0.889421 0.190628 
46 48 31 13 20 
0.91476 0.178453 0.654982 0.565152 0.338927 0.516519 0.00441273 0.318658 0.547829 0.354316 0.905915 0.551213 0.465771 0.210303 0.435449 0.855916 0.673128 0.909167 0.38785 0.109651 0.38011 0.555326 0.94812 0.128845 0.444747 0.138749 0.970235 0.921887 0.513105 0.958164 0.510171 0.427864 
47 34 14 25 33 
0.681672 0.997429 0.794202 0.229502 0.351745 0.700117 0.780715 0.817516 0.910421 0.216164 0.673432 0.583548 0.125331 0.0612817 0.693199 0.505441 0.616607 0.64132 0.634286 0.0613546 0.780068 0.604521 0.983241 0.293173 0.562685 0.493412 0.721037 0.699302 0.658565 0.714053 0.174846 0.340238 
48 33 26 13 6 
0.669166 0.350454 0.880744 0.579586 0.566618 0.554176 0.163135 0.691949 0.615457 0.856334 0.19739 0.232065 0.497653 0.831675 0.293419 0.277722 0.436196 0.276661 0.570894 0.998881 0.770073 0.291931 0.698183 0.428639 0.00598485 0.873029 0.768876 0.717467 0.842078 0.338615 0.780695 0.511243 
49 3 4 33 46 
0.215614 0.253965 0.947637 0.831071 0.110299 0.145026 0.0631362 0.607952 0.976701 0.356556 0.885674 0.412897 0.633217 0.456568 0.411778 0.40329 0.7485 0.109961 0.831928 0.754484 0.982991 0.600804 0.471952 0.825068 0.93942 0.252646 0.336311 0.62849 0.914085 0.427141 0.884177 0.129699 
50 14 3 5 4 
0.97684 0.0239067 0.399356 0.953542 0.380462 0.28503 0.366439 0.0136789 0.741598 0.778218 0.416969 0.490098 0.888179 0.248897 0.244582 0.87117 0.849701 0.716534 0.696238 0.789121 0.96918 0.0325493 0.417611 0.883265 0.45969 0.301788 0.0129642 0.140796 0.133602 0.973735 0.932201 0.110443 
