49 4
0 0 0 0 0 0 0 0 1 0 0 1 0 0 1 0 0 0 0 0 0 0 1 0 1 1 0 0 1 0 1 1 1 0 0 1 1 0 0 1 1 1 1 0 0 1 1 0 0 
0 46 29 35 
0.725631 0.387989 0.290432 0.156449 0.901035 0.540098 0.602117 0.912484 0.225748 0.87043 0.0984925 0.0349412 0.92588 0.832403 0.0418045 0.64393 
1 33 23 46 
0.571018 0.746077 0.126313 0.219333 0.0958674 0.606031 0.137735 0.672109 0.0712252 0.00533606 0.114535 0.185495 0.730967 0.502525 0.475927 0.887416 
2 11 4 14 
0.316043 0.241773 0.359963 0.414536 0.276714 0.285843 0.246939 0.318519 0.929773 0.673271 0.0472763 0.955319 0.244289 0.793353 0.0816314 0.463622 
3 0 26 41 
0.56133 0.758888 0.606693 0.675865 0.944383 0.33766 0.17839 0.42031 0.225076 0.581949 0.436334 0.714609 0.897992 0.678107 0.0745716 0.312528 
4 48 15 8 
0.273339 0.290188 0.232737 0.320616 0.245506 0.477026 0.113969 0.327138 0.940648 0.00318896 0.0148007 0.542005 0.564519 0.773689 0.148698 0.240384 
5 27 29 18 
0.138382 0.711433 0.000722527 0.574716 0.426042 0.898715 0.252823 0.500614 0.211242 0.207644 0.861028 0.770709 0.480983 0.151216 0.00344637 0.801599 
6 35 33 3 
0.723861 0.42112 0.918757 0.738661 0.963125 0.483275 0.51235 0.111822 0.723659 0.230422 0.59818 0.142433 0.368804 0.309613 0.143155 0.943519 
7 26 10 37 
0.236269 0.253112 0.403986 0.0972975 0.023821 0.884969 0.248514 0.0272674 0.686568 0.645236 0.50774 0.602136 0.369097 0.92886 0.520893 0.107758 
8 14 12 28 
0.00380685 0.727827 0.85053 0.601987 0.87026 0.219334 0.9116 0.0134149 0.162853 0.647255 0.0552847 0.359195 0.883524 0.308397 0.763181 0.980821 
9 4 27 31 
0.359485 0.334719 0.874572 0.867225 0.936855 0.243669 0.796085 0.457747 0.351427 0.688069 0.461915 0.971535 0.691876 0.189742 0.822065 0.293863 
10 35 44 4 
0.0734171 0.204252 0.852717 0.128702 0.563447 0.736241 0.437099 0.326628 0.717062 0.769316 0.974778 0.946398 0.128801 0.309497 0.820969 0.996026 
11 6 42 29 
0.416065 0.48018 0.166014 0.3876 0.172056 0.355756 0.209665 0.465919 0.415759 0.251064 0.671381 0.489176 0.455316 0.524098 0.617878 0.0187624 
12 48 26 47 
0.977402 0.824292 0.320168 0.9238 0.953094 0.629665 0.744769 0.94912 0.876016 0.809407 0.741231 0.580115 0.225472 0.221412 0.746129 0.613073 
13 29 23 14 
0.859387 0.517644 0.0738023 0.530768 0.0068197 0.529118 0.0548666 0.624697 0.54788 0.315206 0.679673 0.893271 0.292608 0.503966 0.213439 0.216407 
14 11 46 19 
0.40618 0.71912 0.770584 0.147411 0.299235 0.996056 0.368823 0.0453645 0.609129 0.762291 0.14725 0.431867 0.621678 0.664894 0.505669 0.152446 
15 11 28 7 
0.522519 0.976084 0.475938 0.815126 0.48005 0.689377 0.0315338 0.93711 0.532481 0.99271 0.343289 0.251601 0.763294 0.490701 0.550836 0.759349 
16 1 12 2 
0.800345 0.243492 0.408345 0.306014 0.395938 0.0800581 0.340801 0.60325 0.376469 0.923468 0.125769 0.352553 0.399406 0.940895 0.832603 0.0887828 
17 13 1 6 
0.965139 0.113002 0.872864 0.728433 0.603702 0.423701 0.487782 0.463226 0.0199017 0.85626 0.0850396 0.763352 0.656605 0.328531 0.171697 0.962619 
18 20 0 6 
0.327719 0.628224 0.226888 0.453488 0.980777 0.626294 0.394383 0.81338 0.715077 0.366813 0.583092 0.33634 0.331952 0.696094 0.209205 0.0603844 
19 39 2 28 
0.763022 0.652807 0.404427 0.848062 0.41616 0.0610323 0.176593 0.587857 0.0236514 0.901062 0.839612 0.327071 0.228781 0.467836 0.55396 0.682269 
20 40 34 35 
0.261992 0.895331 0.443465 0.845085 0.231671 0.775417 0.541179 0.440876 0.835801 0.840975 0.0737816 0.383968 0.603997 0.726589 0.788395 0.452059 
21 41 42 9 
0.730605 0.873079 0.529714 0.570216 0.20015 0.758496 0.038052 0.75411 0.440765 0.486664 0.934364 0.517417 0.748657 0.829695 0.960883 0.593741 
22 2 35 24 
0.502242 0.572101 0.975895 0.576024 0.956069 0.579892 0.302613 0.744464 0.0319516 0.445361 0.593891 0.660604 0.175966 0.46697 0.190318 0.746182 
23 41 13 26 
0.42123 0.389579 0.270899 0.355593 0.906996 0.0195553 0.185288 0.867879 0.613297 0.246654 0.604178 0.748216 0.748897 0.176279 0.724111 0.32492 
24 10 13 4 
0.876812 0.335955 0.0728938 0.470703 0.996559 0.248859 0.937672 0.186878 0.995042 0.604792 0.135692 0.779276 0.0260221 0.525271 0.0501741 0.381616 
25 21 6 12 
0.300146 0.683026 0.813558 0.904324 0.431242 0.562455 0.0806034 0.155354 0.887375 0.212951 0.459358 0.514908 0.0897628 0.795313 0.587802 0.560465 
26 20 4 2 
0.97875 0.831703 0.10293 0.114442 0.610979 0.128952 0.639713 0.661153 0.510568 0.0719797 0.730882 0.0774714 0.372126 0.413908 0.89103 0.27645 
27 15 4 2 
0.000504558 0.34086 0.570005 0.459862 0.855768 0.659767 0.255175 0.44357 0.220233 0.0470478 0.280231 0.718371 0.025798 0.111934 0.821301 0.14024 
28 42 25 45 
0.384066 0.46082 0.851933 0.114948 0.538292 0.224058 0.528856 0.429321 0.500508 0.374007 0.882806 0.857562 0.374511 0.223665 0.427566 0.834374 
29 7 45 5 
0.523003 0.307566 0.136597 0.803234 0.025937 0.162395 0.915169 0.847238 0.302635 0.638082 0.79749 0.0825875 0.0221476 0.25831 0.93452 0.137096 
30 24 26 46 
0.225923 0.659087 0.0399584 0.108729 0.516648 0.41447 0.332394 0.944214 0.248843 0.411827 0.0315482 0.338392 0.93483 0.339115 0.474989 0.738065 
31 12 39 4 
0.212289 0.940018 0.291315 0.00977928 0.0226055 0.313463 0.26809 0.957126 0.450558 0.0646918 0.115704 0.11651 0.290615 0.77479 0.156468 0.399344 
32 44 39 7 
0.235653 0.819781 0.143566 0.267201 0.158173 0.0783961 0.606316 0.633162 0.816461 0.971368 0.270546 0.469694 0.183657 0.210564 0.761009 0.193436 
33 5 20 39 
0.52503 0.526217 0.305999 0.64154 0.816833 0.0807891 0.798009 0.216177 0.372228 0.368947 0.947915 0.607881 0.188728 0.0914812 0.875082 0.346901 
34 41 43 12 
0.986338 0.452766 0.250609 0.456032 0.636422 0.461173 0.217041 0.829858 0.694342 0.291513 0.291384 0.884636 0.816543 0.817601 0.190635 0.458083 
35 43 41 48 
0.850611 0.643652 0.625038 0.798526 0.251533 0.813766 0.890007 0.126615 0.160668 0.0598844 0.608013 0.140731 0.0462223 0.0607787 0.39134 0.502254 
36 44 21 30 
0.527059 0.546855 0.0108076 0.818443 0.431491 0.82735 0.636044 0.622127 0.285433 0.270478 0.893551 0.541525 0.121089 0.537203 0.166563 0.919615 
37 24 26 33 
0.915351 0.140997 0.869507 0.523364 0.281728 0.915729 0.584142 0.673069 0.417983 0.281343 0.525582 0.137278 0.808403 0.0724371 0.148086 0.626846 
38 34 21 7 
0.126055 0.26087 0.533369 0.0196059 0.802395 0.654458 0.556809 0.968958 0.574073 0.345544 0.949287 0.383695 0.260895 0.0902841 0.253202 0.784259 
39 3 33 13 
0.0450813 0.586914 0.649744 0.570663 0.724192 0.458147 0.6431 0.872278 0.0849925 0.147029 0.847714 0.347883 0.273084 0.108584 0.881251 0.29269 
40 24 16 47 
0.879936 0.109782 0.195043 0.829223 0.493477 0.455938 0.919507 0.746678 0.240196 0.291519 0.915609 0.608597 0.336601 0.502523 0.258342 0.907264 
41 13 46 7 
0.0989928 0.801481 0.697394 0.946707 0.149364 0.970478 0.0552904 0.0306149 0.263168 0.966269 0.566324 0.112667 0.846204 0.676105 0.30771 0.675427 
42 26 1 3 
0.00384396 0.886453 0.831869 0.612441 0.223054 0.334392 0.870783 0.130318 0.561107 0.587271 0.680683 0.6601 0.388752 0.378076 0.606807 0.538116 
43 6 16 11 
0.611722 0.628365 0.135054 0.724389 0.47457 0.811159 0.0320982 0.149997 0.980741 0.795746 0.744931 0.897001 0.79959 0.631384 0.72887 0.412031 
44 0 11 7 
0.984756 0.624369 0.870085 0.665439 0.284469 0.258837 0.0435149 0.891275 0.796952 0.392069 0.553372 0.365683 0.00379081 0.181738 0.500737 0.728179 
45 34 36 1 
0.806304 0.292637 0.556023 0.551235 0.189639 0.355613 0.182619 0.918509 0.767644 0.0370575 0.981771 0.0504575 0.0218136 0.60614 0.920542 0.687252 
46 7 35 17 
0.781884 0.976331 0.122836 0.335256 0.342014 0.126627 0.516994 0.84275 0.854806 0.173301 0.154647 0.615084 0.979605 0.447284 0.171107 0.530841 
47 32 9 23 
0.555431 0.294364 0.750517 0.537202 0.344821 0.772331 0.143342 0.265364 0.459583 0.0339512 0.444743 0.190351 0.815835 0.421074 0.313187 0.151091 
48 23 3 40 
0.605838 0.29462 0.841386 0.760484 0.909704 0.820992 0.207768 0.0808111 0.351832 0.844691 0.607531 0.0652922 0.400122 0.901895 0.81581 0.937325 
