700 3
1 1 0 1 1 1 0 1 0 0 1 0 0 0 0 0 0 1 1 1 0 0 0 1 1 1 0 0 1 0 1 0 1 1 0 1 1 1 1 0 0 1 1 1 1 1 0 0 1 0 0 0 0 0 0 0 0 0 0 0 1 0 1 1 0 1 0 1 1 0 0 1 1 1 1 1 1 1 0 1 0 1 1 1 0 0 1 1 1 0 1 0 1 1 0 1 1 1 1 0 1 0 0 1 0 0 1 0 0 0 1 0 0 1 0 0 0 0 0 1 1 0 0 0 1 1 0 1 0 0 0 0 1 1 0 1 1 0 0 0 1 0 1 0 0 1 1 0 0 1 0 1 0 1 0 0 1 1 1 0 0 0 1 0 1 0 0 1 1 0 0 1 1 1 1 1 1 1 0 0 1 1 0 1 1 1 0 1 1 0 1 0 0 1 0 0 1 1 0 1 0 1 0 1 1 0 1 1 0 0 1 1 0 0 1 0 1 0 0 1 0 0 1 1 1 0 0 1 0 1 1 0 1 0 0 0 1 0 0 1 1 0 1 0 0 1 1 0 0 0 0 1 0 0 1 0 1 0 0 1 0 0 0 1 0 1 0 0 0 1 0 0 1 0 1 0 0 1 1 0 0 0 0 1 0 1 0 0 0 1 0 0 1 1 0 0 1 1 1 0 1 1 1 1 0 1 0 0 1 0 1 1 0 0 1 1 0 1 0 0 1 0 1 1 0 0 0 1 0 1 0 0 1 1 1 0 1 0 1 0 0 1 0 1 1 0 1 0 0 0 1 1 1 1 1 1 0 1 1 1 1 0 1 1 0 1 0 1 0 1 0 1 1 1 1 1 0 1 1 0 1 1 0 1 0 0 1 1 0 1 0 0 1 0 0 0 0 0 0 1 0 1 0 0 1 0 1 1 1 1 0 1 1 1 1 0 0 0 1 0 0 0 1 0 1 1 0 0 0 1 0 1 0 1 0 0 1 0 0 1 0 1 1 1 1 1 0 1 0 0 0 0 1 0 1 1 0 0 0 1 1 0 1 0 0 1 1 0 0 1 0 0 1 0 0 0 1 1 0 0 1 1 1 1 0 0 0 0 1 1 0 1 0 1 0 0 1 1 1 0 1 1 1 1 0 0 0 0 1 1 0 1 1 0 1 1 1 0 0 0 1 1 0 0 1 0 1 1 0 0 1 0 0 1 0 1 1 0 1 1 0 0 1 1 1 1 1 0 1 0 1 1 0 0 0 1 1 1 1 0 0 1 1 1 0 1 1 0 0 1 0 1 0 0 1 1 0 1 0 0 0 0 0 0 1 0 0 0 0 0 1 1 1 0 1 0 0 1 1 1 0 0 1 1 1 0 1 0 0 0 0 0 1 1 1 0 0 0 1 1 1 1 1 1 0 1 0 1 0 0 1 1 1 0 1 1 1 0 1 0 1 0 1 0 0 1 1 0 0 1 0 1 1 1 1 1 1 1 1 0 0 0 0 1 1 1 1 1 0 1 0 0 0 1 1 0 1 1 1 1 1 0 1 0 0 1 0 1 1 0 0 1 1 0 1 1 0 1 1 1 
0 133 676 
0.0663616 0.341977 0.19679 0.932034 0.649758 0.573645 0.939688 0.096299 
1 668 331 
0.612819 0.97802 0.730233 0.962002 0.145635 0.00591106 0.269578 0.714584 
2 456 682 
0.522808 0.964365 0.882338 0.667481 0.77208 0.125538 0.525002 0.64079 
3 504 247 
0.0396386 0.0597178 0.921776 0.236428 0.991751 0.571534 0.810074 0.931439 
4 10 589 
0.825225 0.280652 0.235472 0.555458 0.242654 0.381107 0.561369 0.512231 
5 568 480 
0.331222 0.618499 0.746928 0.213559 0.28598 0.519008 0.339097 0.810982 
6 389 239 
0.390782 0.199437 0.392171 0.312558 0.435866 0.383923 0.884092 0.245939 
7 568 45 
0.503392 0.140586 0.832576 0.738864 0.696044 0.0752295 0.119971 0.257414 
8 405 594 
0.0399767 0.918682 0.834162 0.786905 0.132242 0.120142 0.305913 0.471339 
9 608 592 
0.803792 0.321906 0.665149 0.195963 0.634464 0.101014 0.579886 0.518555 
10 16 540 
0.0704794 0.850346 0.0358337 0.903055 0.58921 0.731878 0.978285 0.709181 
11 458 503 
0.924844 0.0292685 0.484428 0.759006 0.816173 0.61667 0.879148 0.122086 
12 122 438 
0.587798 0.891801 0.132178 0.252947 0.0877637 0.766642 0.353961 0.667649 
13 408 612 
0.562897 0.355677 0.55126 0.59873 0.258732 0.14047 0.330609 0.237017 
14 326 62 
0.802762 0.774495 0.349169 0.28719 0.5335 0.165342 0.903859 0.412649 
15 431 129 
0.222921 0.875226 0.883668 0.3551 0.128173 0.971432 0.121742 0.482134 
16 305 264 
0.183049 0.201978 0.762616 0.734309 0.800708 0.0213476 0.874779 0.131317 
17 228 306 
0.451217 0.0611261 0.498925 0.800386 0.348316 0.032425 0.965728 0.252175 
18 64 585 
0.244043 0.667995 0.128383 0.127711 0.0230947 0.256556 0.099143 0.144837 
19 387 392 
0.551776 0.921739 0.940202 0.314391 0.656049 0.740911 0.335739 0.530828 
20 238 308 
0.255258 0.323445 0.655229 0.754182 0.123832 0.00354505 0.786607 0.0895599 
21 5 684 
0.342717 0.499763 0.899676 0.4711 0.627474 0.92277 0.727656 0.726617 
22 137 292 
0.464841 0.619383 0.388086 0.405044 0.933774 0.0441345 0.145955 0.269513 
23 243 679 
0.863616 0.83022 0.341628 0.518845 0.584402 0.465459 0.52239 0.371009 
24 110 315 
0.60269 0.897736 0.277873 0.502365 0.368836 0.905347 0.425136 0.0964918 
25 515 561 
0.562838 0.0968057 0.112125 0.950924 0.501849 0.0458995 0.995059 0.647804 
26 622 699 
0.665987 0.179028 0.40024 0.00761441 0.697874 0.984642 0.473074 0.220264 
27 214 262 
0.998374 0.958341 0.925829 0.276248 0.460706 0.294665 0.181595 0.885842 
28 126 284 
0.378584 0.953995 0.910365 0.49071 0.904919 0.412215 0.536609 0.899978 
29 206 438 
0.469999 0.726005 0.03105 0.870239 0.73362 0.728924 0.854881 0.206693 
30 302 268 
0.234787 0.947562 0.168873 0.160616 0.223809 0.629579 0.455281 0.405405 
31 575 506 
0.218964 0.894005 0.800433 0.129329 0.384714 0.705352 0.541544 0.921323 
32 616 240 
0.773345 0.0753286 0.327568 0.804395 0.945568 0.0611875 0.533319 0.800449 
33 256 375 
0.0109815 0.502668 0.430068 0.179854 0.663284 0.653877 0.809433 0.118565 
34 104 464 
0.965003 0.278246 0.218858 0.765436 0.407575 0.603572 0.470788 0.949119 
35 518 511 
0.550682 0.298241 0.151446 0.87825 0.102636 0.0970141 0.939438 0.635954 
36 661 580 
0.11846 0.908445 0.709986 0.548528 0.0882991 0.37327 0.202406 0.897732 
37 50 675 
0.222586 0.456837 0.539934 0.441444 0.222273 0.947509 0.0450163 0.693061 
38 205 90 
0.769178 0.447311 0.868153 0.920625 0.325561 0.970788 0.017639 0.264998 
39 303 343 
0.472317 0.725203 0.823547 0.182303 0.273731 0.911846 0.555573 0.476137 
40 483 675 
0.737824 0.0321642 0.504245 0.277758 0.473608 0.726518 0.225267 0.518624 
41 180 556 
0.0885363 0.188757 0.569206 0.956689 0.109382 0.894767 0.927477 0.127021 
42 418 516 
0.0421231 0.632082 0.259423 0.86567 0.814385 0.533154 0.777516 0.369958 
43 267 419 
0.417366 0.747116 0.619258 0.921611 0.0248736 0.0928666 0.648129 0.250141 
44 456 72 
0.372037 0.700027 0.256464 0.941243 0.656716 0.365846 0.83601 0.584194 
45 375 292 
0.118413 0.53499 0.627858 0.377836 0.40066 0.442243 0.91099 0.178176 
46 619 358 
0.76527 0.229567 0.667397 0.384529 0.151178 0.692271 0.477395 0.799307 
47 405 533 
0.867014 0.314448 0.788914 0.123479 0.255691 0.44563 0.489325 0.0917009 
48 474 201 
0.0874763 0.148237 0.517182 0.715334 0.526073 0.917843 0.157577 0.437064 
49 540 4 
0.357345 0.861289 0.199345 0.024742 0.245818 0.350523 0.717013 0.723214 
50 392 233 
0.8121 0.016844 0.973872 0.601014 0.140323 0.229563 0.0466437 0.629648 
51 585 619 
0.61184 0.40874 0.224704 0.129022 0.124074 0.750777 0.0468649 0.281651 
52 53 330 
0.251428 0.545186 0.00417296 0.450773 0.569928 0.249991 0.801296 0.286941 
53 93 445 
0.946365 0.785305 0.96797 0.920237 0.386318 0.108292 0.1498 0.432962 
54 293 105 
0.509429 0.34978 0.879803 0.734134 0.478802 0.00387741 0.484911 0.525667 
55 468 357 
0.668551 0.536957 0.217938 0.672724 0.98773 0.787866 0.922715 0.789026 
56 319 649 
0.740152 0.0211718 0.681224 0.708121 0.941409 0.0675425 0.816414 0.0912081 
57 614 563 
0.562272 0.00993397 0.904134 0.442075 0.744068 0.382936 0.445952 0.228979 
58 699 335 
0.901731 0.577153 0.268437 0.119669 0.249877 0.256167 0.907535 0.172592 
59 21 184 
0.0685113 0.785344 0.00351387 0.749735 0.493465 0.944922 0.817278 0.309879 
60 339 611 
0.864232 0.598402 0.327716 0.768366 0.040477 0.071784 0.151302 0.486429 
61 531 233 
0.21791 0.202493 0.637058 0.486347 0.322162 0.886935 0.742514 0.229697 
62 697 148 
0.212039 0.128038 0.57305 0.215553 0.877773 0.0665152 0.160476 0.695051 
63 188 578 
0.0128339 0.240626 0.795008 0.34055 0.00899236 0.835485 0.412334 0.160294 
64 377 27 
0.220198 0.539825 0.91559 0.857256 0.0261714 0.237752 0.744191 0.768685 
65 462 240 
0.556391 0.679489 0.931755 0.129441 0.895042 0.809529 0.195956 0.0555176 
66 215 298 
0.252124 0.517414 0.812977 0.0471319 0.857964 0.821969 0.882617 0.270299 
67 383 127 
0.983396 0.202461 0.744356 0.898986 0.0597171 0.770528 0.136738 0.803908 
68 158 369 
0.607625 0.0956034 0.283677 0.539381 0.225044 0.178719 0.348909 0.421001 
69 694 343 
0.993351 0.48636 0.370904 0.806328 0.533492 0.228868 0.628297 0.416109 
70 296 268 
0.620641 0.482563 0.813021 0.364997 0.381549 0.872738 0.135525 0.518287 
71 283 224 
0.122475 0.284271 0.770341 0.406152 0.823651 0.995385 0.584871 0.172561 
72 694 689 
0.0260505 0.409737 0.305468 0.396954 0.216064 0.83896 0.625823 0.844361 
73 281 104 
0.45492 0.875711 0.607552 0.267941 0.240708 0.989101 0.140679 0.376232 
74 444 306 
0.0509695 0.629864 0.101596 0.82131 0.0360162 0.925247 0.816695 0.620888 
75 15 529 
0.439995 0.123858 0.642817 0.745464 0.520813 0.858881 0.584424 0.146635 
76 172 406 
0.271625 0.158163 0.715204 0.879177 0.426104 0.955912 0.868278 0.566783 
77 123 105 
0.384108 0.383114 0.00553064 0.485703 0.204424 0.0415469 0.41095 0.021119 
78 418 530 
0.2542 0.10243 0.632616 0.897017 0.847894 0.153429 0.755898 0.432318 
79 339 16 
0.271812 0.571689 0.617303 0.987016 0.450866 0.043407 0.942928 0.319144 
80 247 246 
0.694811 0.994298 0.658187 0.700341 0.480001 0.862611 0.741888 0.890951 
81 684 390 
0.399709 0.137929 0.506752 0.0323251 0.0349464 0.354646 0.185754 0.790845 
82 13 509 
0.249985 0.0587753 0.0575067 0.867289 0.0457914 0.508372 0.910696 0.98872 
83 440 274 
0.263792 0.522327 0.515183 0.921979 0.222668 0.995184 0.78459 0.964557 
84 434 669 
0.368879 0.285844 0.806249 0.875632 0.318169 0.841195 0.230278 0.503923 
85 586 90 
0.989741 0.882025 0.0760169 0.0472474 0.749314 0.121808 0.55562 0.66001 
86 625 66 
0.180895 0.37432 0.905463 0.696078 0.296299 0.128132 0.691262 0.0808887 
87 299 629 
0.749208 0.461568 0.863241 0.555457 0.337199 0.18141 0.396652 0.567477 
88 10 353 
0.584719 0.675074 0.910718 0.660735 0.722321 0.660032 0.782544 0.277941 
89 688 655 
0.661077 0.500937 0.267392 0.56654 0.197015 0.563691 0.694672 0.888277 
90 158 248 
0.465675 0.393787 0.248928 0.328916 0.949245 0.586127 0.510326 0.345897 
91 284 527 
0.374589 0.738323 0.870732 0.285307 0.399058 0.593053 0.945339 0.181602 
92 185 605 
0.0746736 0.532071 0.766317 0.342065 0.098611 0.963332 0.905756 0.793283 
93 394 416 
0.580643 0.317284 0.944123 0.829571 0.6462 0.893367 0.415698 0.156526 
94 145 244 
0.352184 0.613853 0.307625 0.222916 0.89916 0.706684 0.815969 0.844499 
95 241 631 
0.10988 0.962959 0.219034 0.876197 0.305025 0.317645 0.839529 0.21078 
96 241 470 
0.761115 0.691571 0.00842266 0.705238 0.521142 0.654623 0.598605 0.93684 
97 642 324 
0.506143 0.163333 0.451722 0.813768 0.386249 0.350883 0.520452 0.202219 
98 42 181 
0.889182 0.305262 0.371697 0.108216 0.181459 0.676722 0.425861 0.0209874 
99 70 249 
0.712126 0.648618 0.22836 0.720548 0.353856 0.749502 0.375171 0.952461 
100 65 659 
0.79033 0.192485 0.349653 0.242053 0.00625275 0.735902 0.592936 0.526705 
101 253 453 
0.935442 0.827302 0.0935795 0.307139 0.935518 0.275038 0.983861 0.361379 
102 31 552 
0.898167 0.00815128 0.519981 0.126527 0.7287 0.873837 0.876029 0.103871 
103 486 646 
0.290191 0.616628 0.754855 0.639843 0.85868 0.761108 0.375745 0.451616 
104 432 499 
0.239934 0.223255 0.141167 0.333513 0.530394 0.0766854 0.608551 0.514256 
105 552 27 
0.385619 0.336231 0.912728 0.9056 0.462758 0.641428 0.779436 0.338787 
106 170 296 
0.901158 0.0354892 0.222362 0.656013 0.675332 0.0810422 0.417121 0.0510774 
107 201 654 
0.364943 0.772592 0.928189 0.50611 0.106105 0.458584 0.582796 0.714656 
108 408 116 
0.619233 0.358458 0.357091 0.531961 0.264058 0.81985 0.173388 0.0434942 
109 58 644 
0.649228 0.0597946 0.954176 0.87159 0.715808 0.629509 0.952632 0.132929 
110 480 461 
0.837864 0.0455287 0.257882 0.766053 0.551639 0.363986 0.224636 0.134435 
111 563 486 
0.155294 0.697875 0.555933 0.512385 0.229836 0.819991 0.332235 0.403224 
112 638 564 
0.321911 0.512713 0.550666 0.276087 0.384303 0.266474 0.905596 0.336936 
113 19 221 
0.822226 0.237267 0.631711 0.0801075 0.00332001 0.183349 0.444094 0.227956 
114 482 292 
0.425432 0.473078 0.220611 0.981365 0.985464 0.450447 0.801356 0.317699 
115 211 157 
0.808571 0.175582 0.177555 0.359237 0.451669 0.561858 0.625711 0.357265 
116 691 656 
0.943447 0.721019 0.262382 0.575158 0.801127 0.265702 0.758507 0.245221 
117 553 220 
0.767957 0.91909 0.549369 0.988569 0.900455 0.534833 0.439016 0.701811 
118 534 632 
0.366652 0.661103 0.468269 0.544207 0.0203395 0.919939 0.106065 0.646051 
119 89 260 
0.671165 0.220651 0.725877 0.933547 0.795808 0.527004 0.199249 0.554315 
120 687 570 
0.630606 0.540182 0.611998 0.179976 0.528751 0.512453 0.714809 0.967767 
121 482 406 
0.260454 0.580916 0.228444 0.728723 0.125123 0.248783 0.648661 0.231188 
122 478 681 
0.236046 0.565999 0.146516 0.961924 0.499547 0.942324 0.488928 0.698796 
123 254 292 
0.391704 0.127246 0.801335 0.00370162 0.307222 0.330086 0.516155 0.0220309 
124 426 110 
0.589372 0.558306 0.311335 0.817816 0.287029 0.436458 0.0665992 0.93569 
125 484 78 
0.861555 0.903693 0.527432 0.00807096 0.865617 0.026979 0.950395 0.354545 
126 190 557 
0.615698 0.117479 0.57428 0.417033 0.12118 0.881502 0.74712 0.637335 
127 148 301 
0.367754 0.492905 0.603278 0.679089 0.310721 0.890307 0.115547 0.37732 
128 97 511 
0.338753 0.687553 0.686887 0.866186 0.695624 0.552504 0.893165 0.646019 
129 321 23 
0.0930533 0.522747 0.736419 0.667334 0.93978 0.857599 0.548836 0.6869 
130 232 13 
0.731872 0.862688 0.945274 0.33515 0.541777 0.255995 0.225458 0.657324 
131 601 407 
0.440518 0.972069 0.739008 0.127405 0.838255 0.434632 0.679909 0.73142 
132 187 565 
0.35036 0.173704 0.109704 0.0867787 0.841038 0.0494843 0.944378 0.389874 
133 490 171 
0.842243 0.468256 0.302 0.787517 0.803406 0.843777 0.0435121 0.0288643 
134 631 441 
0.0803197 0.94162 0.648897 0.819328 0.0690251 0.487152 0.253959 0.748934 
135 508 476 
0.335891 0.568931 0.508314 0.445595 0.65571 0.349351 0.49508 0.600088 
136 276 197 
0.0394003 0.581468 0.69972 0.341401 0.368984 0.503126 0.185178 0.412497 
137 59 424 
0.0893241 0.61231 0.6279 0.738221 0.431638 0.696925 0.225372 0.685597 
138 567 419 
0.0202072 0.78175 0.012875 0.528521 0.227346 0.668585 0.877872 0.722425 
139 366 697 
0.953889 0.308073 0.198565 0.653609 0.649474 0.567549 0.156735 0.834652 
140 7 451 
0.520932 0.0693701 0.301035 0.148832 0.807591 0.732673 0.845757 0.0329632 
141 641 500 
0.476907 0.438478 0.0733656 0.489782 0.966998 0.300711 0.158367 0.844871 
142 623 382 
0.461968 0.977026 0.735113 0.660533 0.630634 0.384586 0.228082 0.787369 
143 486 291 
0.476094 0.74017 0.277498 0.77713 0.889002 0.0850893 0.509803 0.734758 
144 356 302 
0.0263738 0.594959 0.366551 0.0997393 0.0847413 0.333549 0.400451 0.243108 
145 105 329 
0.670148 0.640388 0.400613 0.40526 0.300921 0.0312469 0.789847 0.529004 
146 675 555 
0.737132 0.294711 0.749255 0.0146307 0.0718403 0.638257 0.09972 0.581643 
147 595 29 
0.509716 0.399389 0.812732 0.876267 0.499128 0.897473 0.209816 0.899579 
148 473 116 
0.323166 0.810729 0.0286248 0.723778 0.21599 0.329546 0.755025 0.00583655 
149 152 117 
0.0149217 0.595682 0.868352 0.764177 0.610313 0.940192 0.402434 0.710033 
150 632 147 
0.927805 0.0315517 0.174838 0.740537 0.907819 0.673967 0.638011 0.117635 
151 126 446 
0.505872 0.896711 0.589322 0.534497 0.62049 0.805311 0.864043 0.375515 
152 332 537 
0.949156 0.826069 0.318275 0.817508 0.590246 0.928587 0.7577 0.99268 
153 430 309 
0.76813 0.566426 0.311087 0.942968 0.306963 0.218906 0.616934 0.944974 
154 111 300 
0.723566 0.842413 0.0871912 0.312888 0.37691 0.707681 0.118199 0.240953 
155 134 386 
0.963545 0.0323522 0.755416 0.28182 0.84986 0.345662 0.210407 0.607561 
156 185 477 
0.887096 0.106472 0.415453 0.198183 0.04944 0.722416 0.417089 0.666374 
157 377 562 
0.856854 0.390956 0.596044 0.944045 0.703843 0.972954 0.651726 0.822042 
158 640 689 
0.751388 0.177452 0.767274 0.506804 0.459272 0.617135 0.852467 0.669679 
159 337 595 
0.518706 0.111791 0.297282 0.934159 0.309974 0.346722 0.656575 0.727064 
160 565 670 
0.480694 0.86995 0.71492 0.0767385 0.813996 0.418763 0.0496925 0.465722 
161 291 116 
0.200644 0.992194 0.441051 0.967918 0.498998 0.900322 0.585053 0.351465 
162 174 35 
0.542274 0.0887069 0.921539 0.839556 0.0228658 0.231514 0.186278 0.679441 
163 578 270 
0.00340493 0.439272 0.0693244 0.718325 0.516011 0.88332 0.137088 0.565703 
164 502 363 
0.829302 0.549686 0.370087 0.270353 0.517604 0.869085 0.170675 0.102658 
165 616 541 
0.912406 0.762824 0.829383 0.833945 0.60238 0.852249 0.0654591 0.788658 
166 8 525 
0.988032 0.535094 0.463309 0.0573567 0.253419 0.979319 0.940677 0.390508 
167 226 658 
0.768401 0.374325 0.839405 0.138488 0.644678 0.357009 0.00757366 0.815353 
168 45 431 
0.556029 0.372072 0.990948 0.385412 0.206018 0.593329 0.237661 0.271477 
169 204 465 
0.295514 0.370019 0.304445 0.758822 0.427376 0.557865 0.738142 0.368053 
170 103 650 
0.657772 0.716774 0.657489 0.497176 0.855262 0.302166 0.854186 0.862836 
171 550 301 
0.0909595 0.673549 0.685925 0.0819076 0.0589609 0.891942 0.675236 0.296622 
172 667 576 
0.0659732 0.458933 0.427242 0.370419 0.217755 0.854618 0.928283 0.955897 
173 11 169 
0.239061 0.880443 0.59343 0.89655 0.377619 0.448692 0.198717 0.231804 
174 485 140 
0.545657 0.402487 0.989784 0.231581 0.484395 0.0487454 0.123524 0.159631 
175 507 210 
0.216854 0.411341 0.745876 0.644096 0.781759 0.963631 0.498715 0.710043 
176 507 316 
0.586699 0.158589 0.601828 0.180128 0.0551393 0.979447 0.62882 0.253856 
177 295 223 
0.570092 0.756908 0.342834 0.559876 0.98849 0.827229 0.608622 0.112014 
178 240 385 
0.398957 0.203714 0.36533 0.144832 0.84781 0.14709 0.108463 0.346525 
179 8 17 
0.0679104 0.443831 0.18658 0.669739 0.623959 0.24172 0.649186 0.252779 
180 629 378 
0.193126 0.0656671 0.617346 0.535961 0.625543 0.605836 0.36319 0.234165 
181 90 388 
0.188154 0.116806 0.553764 0.553484 0.261639 0.401574 0.700574 0.370102 
182 583 132 
0.398093 0.816009 0.00153768 0.584673 0.485748 0.625497 0.826393 0.134934 
183 150 665 
0.995372 0.0714021 0.387635 0.612718 0.607363 0.0131787 0.218554 0.970553 
184 67 556 
0.320602 0.435498 0.0532108 0.874366 0.988982 0.31485 0.27594 0.689556 
185 219 533 
0.247263 0.0830445 0.840047 0.248801 0.667718 0.325795 0.874297 0.494111 
186 265 579 
0.816079 0.456101 0.823975 0.203714 0.0688187 0.431338 0.216893 0.287373 
187 340 388 
0.223777 0.722493 0.899734 0.276988 0.596859 0.888717 0.591838 0.872799 
188 205 257 
0.896838 0.825536 0.359834 0.736885 0.0743366 0.0275516 0.06268 0.948634 
189 138 87 
0.701207 0.337741 0.979509 0.525183 0.541455 0.048328 0.956521 0.758348 
190 242 226 
0.222585 0.559479 0.0809053 0.122319 0.836467 0.677765 0.0110358 0.428305 
191 683 270 
0.705094 0.447402 0.414845 0.0649276 0.184287 0.489181 0.0924792 0.246967 
192 478 24 
0.770375 0.139023 0.951883 0.749885 0.664206 0.493338 0.798213 0.620727 
193 34 597 
0.979139 0.474271 0.693393 0.0600438 0.596591 0.529859 0.737809 0.607626 
194 603 153 
0.196935 0.663258 0.735774 0.61178 0.728185 0.920061 0.100961 0.820665 
195 372 391 
0.434806 0.937403 0.677799 0.386689 0.687288 0.342005 0.880027 0.485501 
196 320 214 
0.619415 0.94187 0.605985 0.312808 0.00191363 0.202575 0.842667 0.739722 
197 109 102 
0.0280948 0.00713651 0.464089 0.763869 0.618916 0.192274 0.68393 0.719877 
198 550 561 
0.258654 0.447745 0.788361 0.936453 0.834434 0.475649 0.278458 0.71446 
199 366 430 
0.846174 0.580565 0.183059 0.452158 0.893373 0.184972 0.654733 0.73604 
200 141 622 
0.536871 0.952789 0.472071 0.000959345 0.716658 0.0909874 0.193233 0.400589 
201 334 626 
0.251547 0.0695187 0.653917 0.0399081 0.00597172 0.488351 0.515558 0.284429 
202 68 324 
0.525618 0.0489845 0.0572731 0.708677 0.501143 0.950646 0.893649 0.155876 
203 227 347 
0.62081 0.223556 0.771133 0.0928814 0.224516 0.487792 0.183869 0.417749 
204 24 210 
0.623921 0.139927 0.0642523 0.277838 0.179835 0.070224 0.766189 0.695393 
205 507 340 
0.172101 0.880272 0.017984 0.229374 0.588949 0.519127 0.18002 0.482598 
206 289 172 
0.300942 0.295813 0.0902617 0.0720758 0.388694 0.314777 0.559868 0.572563 
207 664 200 
0.567297 0.356447 0.588176 0.631549 0.634286 0.768011 0.701773 0.400474 
208 420 261 
0.369474 0.635505 0.936698 0.387458 0.864879 0.525647 0.906585 0.0448986 
209 191 148 
0.911604 0.309188 0.8774 0.00186574 0.381264 0.266094 0.316643 0.941131 
210 214 197 
0.38938 0.405954 0.405617 0.977555 0.0375024 0.0399024 0.745566 0.739275 
211 373 273 
0.795702 0.809851 0.844475 0.7324 0.197308 0.709354 0.258047 0.103893 
212 446 31 
0.68548 0.665857 0.57548 0.56288 0.667722 0.956743 0.828974 0.984365 
213 249 662 
0.0335347 0.287254 0.0735843 0.439152 0.264809 0.111087 0.479054 0.0103755 
214 80 332 
0.219346 0.646063 0.729281 0.0638211 0.378463 0.92659 0.773175 0.63651 
215 533 391 
0.902801 0.715962 0.193284 0.478281 0.278842 0.861007 0.435024 0.107815 
216 237 24 
0.775446 0.878907 0.620152 0.84903 0.318058 0.884962 0.960117 0.797112 
217 102 693 
0.716543 0.114683 0.456543 0.445824 0.178504 0.835006 0.372414 0.951679 
218 630 159 
0.479107 0.374316 0.118858 0.672391 0.852597 0.3977 0.533398 0.287621 
219 478 578 
0.62052 0.280962 0.257677 0.240672 0.129992 0.575735 0.125634 0.0901092 
220 204 509 
0.900588 0.0893909 0.135654 0.357131 0.535215 0.314158 0.192136 0.907629 
221 569 140 
0.310525 0.744944 0.0379678 0.429383 0.417335 0.890565 0.827083 0.950733 
222 621 80 
0.329503 0.798706 0.613561 0.58718 0.0393786 0.743553 0.162915 0.165012 
223 169 240 
0.185983 0.73425 0.625154 0.321637 0.091381 0.160369 0.635794 0.283517 
224 145 54 
0.947169 0.378523 0.646575 0.985137 0.807906 0.0639092 0.875702 0.63499 
225 539 331 
0.967589 0.344145 0.852595 0.581149 0.931324 0.891973 0.324702 0.0942398 
226 557 247 
0.630003 0.242969 0.892614 0.255157 0.564606 0.983995 0.415526 0.2004 
227 440 615 
0.102031 0.214681 0.862048 0.748605 0.199818 0.669954 0.812515 0.0755194 
228 518 302 
0.129408 0.272533 0.171301 0.982002 0.853682 0.102626 0.873976 0.178384 
229 672 400 
0.336748 0.826868 0.17393 0.229362 0.0820252 0.738536 0.213357 0.497552 
230 37 554 
0.981076 0.0409667 0.695551 0.843124 0.789572 0.895369 0.513078 0.602087 
231 670 686 
0.429243 0.100296 0.090555 0.600544 0.0822982 0.944237 0.70317 0.956274 
232 418 361 
0.887236 0.459369 0.726903 0.0611662 0.688732 0.808928 0.799702 0.902089 
233 290 464 
0.382959 0.287556 0.779605 0.07851 0.13068 0.569177 0.973879 0.643758 
234 357 518 
0.46178 0.600506 0.0450623 0.552335 0.201051 0.12736 0.496572 0.90422 
235 607 99 
0.804255 0.97087 0.0785627 0.531158 0.0320365 0.767294 0.340087 0.831739 
236 285 263 
0.570377 0.0523425 0.934122 0.349981 0.130852 0.0648022 0.919158 0.104731 
237 495 15 
0.0494976 0.17034 0.690928 0.0945599 0.722675 0.891978 0.22192 0.219247 
238 506 330 
0.838441 0.600454 0.276425 0.917003 0.131612 0.308462 0.684298 0.471698 
239 31 651 
0.118265 0.710577 0.406024 0.0523872 0.0605583 0.536876 0.117189 0.979716 
240 158 210 
0.691105 0.99609 0.761066 0.785665 0.718765 0.653044 0.00758495 0.938012 
241 493 592 
0.776453 0.0496962 0.589565 0.693456 0.181308 0.898026 0.377753 0.653006 
242 200 409 
0.771271 0.748804 0.137458 0.823658 0.809362 0.674334 0.940848 0.789078 
243 78 379 
0.859216 0.00704633 0.762687 0.620282 0.792711 0.481452 0.273326 0.800296 
244 61 395 
0.113436 0.195916 0.772265 0.703001 0.889372 0.953573 0.601027 0.267126 
245 600 448 
0.99856 0.37785 0.388058 0.136018 0.201508 0.197419 0.810353 0.142356 
246 271 341 
0.908953 0.845714 0.13334 0.67164 0.465996 0.926051 0.153091 0.739322 
247 63 203 
0.461891 0.839783 0.768472 0.234156 0.542784 0.657844 0.187728 0.143811 
248 698 269 
0.783065 0.923529 0.172158 0.171122 0.0595477 0.373666 0.368542 0.8699 
249 577 427 
0.996194 0.424975 0.200754 0.129535 0.0966145 0.66675 0.0555864 0.249706 
250 311 628 
0.822261 0.867962 0.621717 0.590733 0.102118 0.164501 0.248576 0.289846 
251 495 368 
0.0841538 0.0913764 0.0970751 0.256311 0.262499 0.156623 0.629977 0.63104 
252 206 483 
0.98608 0.0227175 0.570974 0.186834 0.152252 0.667588 0.853583 0.207839 
253 509 659 
0.989773 0.739555 0.127618 0.61149 0.330288 0.229735 0.77599 0.578864 
254 483 585 
0.75241 0.603736 0.175678 0.849485 0.860047 0.438177 0.0061081 0.490024 
255 187 658 
0.636023 0.0552975 0.0553486 0.206997 0.242131 0.207601 0.874585 0.0957148 
256 233 25 
0.35537 0.405212 0.531435 0.482988 0.0167019 0.861723 0.712723 0.792692 
257 411 481 
0.876994 0.192997 0.836041 0.052672 0.0424825 0.696088 0.490849 0.0485906 
258 541 682 
0.0812218 0.822135 0.615364 0.13657 0.0291325 0.857495 0.344171 0.903718 
259 48 47 
0.695597 0.30858 0.164824 0.227032 0.791567 0.181526 0.0887541 0.50429 
260 633 238 
0.736595 0.851212 0.722338 0.572636 0.903884 0.764821 0.268723 0.394732 
261 598 109 
0.954799 0.894633 0.276971 0.570162 0.0312035 0.306103 0.427657 0.375375 
262 66 428 
0.134986 0.905418 0.689447 0.29981 0.13245 0.481014 0.481335 0.221204 
263 466 192 
0.750545 0.721899 0.306765 0.472883 0.294535 0.210648 0.237704 0.563258 
264 236 465 
0.0180937 0.560179 0.945748 0.295064 0.130342 0.976952 0.601168 0.557999 
265 565 505 
0.938866 0.487313 0.716407 0.628313 0.787123 0.848857 0.109327 0.268458 
266 125 292 
0.724011 0.820605 0.81653 0.0307761 0.293488 0.111065 0.241424 0.531192 
267 373 0 
0.582307 0.692417 0.406984 0.528055 0.987482 0.537326 0.505007 0.588649 
268 346 8 
0.399638 0.0341906 0.344647 0.116045 0.662503 0.131769 0.964901 0.77183 
269 476 488 
0.86646 0.124239 0.855567 0.682991 0.155015 0.149055 0.794056 0.396439 
270 196 461 
0.243244 0.262553 0.160796 0.650229 0.790609 0.148278 0.187555 0.295615 
271 549 491 
0.152949 0.136566 0.31707 0.497596 0.25261 0.979573 0.629365 0.217512 
272 212 581 
0.252474 0.617863 0.153831 0.10804 0.300853 0.308846 0.257095 0.0949092 
273 333 221 
0.563288 0.94853 0.199895 0.724085 0.598759 0.990504 0.872363 0.786313 
274 423 320 
0.0691926 0.439068 0.745856 0.386262 0.936664 0.998466 0.365835 0.566029 
275 176 652 
0.595621 0.468452 0.735101 0.749452 0.576492 0.0359545 0.0582989 0.833587 
276 60 612 
0.770929 0.694152 0.712115 0.970824 0.418237 0.310873 0.961328 0.2906 
277 577 657 
0.89989 0.166379 0.686515 0.645746 0.552642 0.623178 0.644212 0.918477 
278 94 495 
0.0357154 0.784828 0.328642 0.770816 0.53428 0.905135 0.806771 0.592579 
279 647 156 
0.356164 0.509651 0.631787 0.0682787 0.480475 0.0500237 0.379152 0.441802 
280 526 536 
0.689249 0.240514 0.642718 0.375763 0.88626 0.19536 0.998942 0.530472 
281 209 472 
0.390663 0.149553 0.972976 0.719305 0.920369 0.507257 0.62444 0.72714 
282 491 691 
0.664775 0.456 0.872813 0.296562 0.524279 0.353287 0.346585 0.903431 
283 523 569 
0.37977 0.484338 0.927723 0.0224883 0.860102 0.813983 0.217848 0.859044 
284 63 89 
0.0471923 0.735118 0.481239 0.0201688 0.454423 0.401608 0.527426 0.0788633 
285 362 55 
0.442025 0.793523 0.083262 0.314838 0.0900843 0.607541 0.668125 0.43667 
286 441 140 
0.123879 0.890742 0.947553 0.0516014 0.91323 0.807655 0.865584 0.131079 
287 500 571 
0.462764 0.713891 0.945157 0.944003 0.73406 0.399581 0.345611 0.261486 
288 478 439 
0.888747 0.920469 0.267882 0.972009 0.235307 0.357966 0.57955 0.903432 
289 403 241 
0.366646 0.918514 0.981264 0.314199 0.970116 0.894494 0.121854 0.8357 
290 182 542 
0.0457394 0.488337 0.502444 0.990897 0.43234 0.236504 0.390478 0.777951 
291 0 540 
0.25231 0.386737 0.789391 0.520192 0.358746 0.0246972 0.878158 0.938296 
292 690 691 
0.028818 0.294775 0.591308 0.0100818 0.608974 0.561424 0.904576 0.730828 
293 645 221 
0.519381 0.442864 0.418485 0.0218247 0.43376 0.850825 0.258328 0.824238 
294 579 234 
0.693159 0.881087 0.143054 0.48255 0.401279 0.5018 0.507247 0.279437 
295 325 36 
0.952231 0.468914 0.730151 0.543539 0.478996 0.339125 0.104963 0.383572 
296 541 334 
0.31372 0.589334 0.944951 0.732205 0.611159 0.378711 0.583031 0.869487 
297 516 632 
0.625805 0.896108 0.0928937 0.768859 0.378658 0.494172 0.270659 0.885905 
298 111 143 
0.321281 0.72584 0.179669 0.0514322 0.269379 0.658665 0.390557 0.374342 
299 497 234 
0.876429 0.355956 0.0498445 0.82138 0.0881613 0.661003 0.200091 0.671192 
300 417 583 
0.882999 0.156295 0.299149 0.975893 0.925154 0.677807 0.470065 0.195812 
301 146 513 
0.906567 0.884993 0.969514 0.0862358 0.936426 0.238893 0.7449 0.326983 
302 280 272 
0.787493 0.489664 0.143093 0.837338 0.311044 0.231254 0.498341 0.511136 
303 83 199 
0.914176 0.785445 0.185127 0.213325 0.761338 0.11028 0.891132 0.231403 
304 583 20 
0.475077 0.21266 0.339837 0.444591 0.298896 0.276263 0.683483 0.0437961 
305 90 91 
0.830933 0.390739 0.786382 0.974026 0.228076 0.0974267 0.20528 0.726417 
306 172 70 
0.755249 0.522738 0.89317 0.940376 0.736063 0.654508 0.050656 0.627195 
307 182 698 
0.0820385 0.360987 0.569409 0.421876 0.805578 0.868304 0.698138 0.489061 
308 606 134 
0.785779 0.743033 0.692123 0.572162 0.717059 0.920199 0.669588 0.922339 
309 509 447 
0.0300641 0.401866 0.800889 0.923234 0.342241 0.536953 0.577742 0.392897 
310 510 216 
0.749646 0.246186 0.82464 0.319055 0.668062 0.630218 0.187359 0.3662 
311 183 81 
0.667584 0.905059 0.842493 0.359707 0.477221 0.559552 0.279906 0.146809 
312 698 334 
0.42496 0.511955 0.328389 0.225849 0.435189 0.67063 0.762802 0.0129315 
313 493 96 
0.476585 0.813174 0.173135 0.301225 0.132228 0.841197 0.931443 0.319588 
314 603 156 
0.419048 0.874981 0.955781 0.261541 0.234688 0.433002 0.821093 0.514594 
315 202 662 
0.441117 0.00477086 0.814938 0.769506 0.23062 0.250127 0.440136 0.993422 
316 137 357 
0.920371 0.739643 0.316837 0.0935064 0.0408676 0.449065 0.934703 0.97231 
317 117 631 
0.0230326 0.187701 0.0170808 0.978814 0.449241 0.251769 0.411815 0.270334 
318 525 107 
0.573317 0.20748 0.996397 0.388255 0.976986 0.227017 0.638382 0.417122 
319 129 624 
0.920785 0.140811 0.641083 0.237622 0.234317 0.68195 0.686687 0.16902 
320 112 198 
0.31112 0.677293 0.643041 0.328201 0.656107 0.0922826 0.57997 0.0679222 
321 185 350 
0.0595483 0.935934 0.553812 0.0559453 0.324188 0.530798 0.282963 0.96257 
322 18 126 
0.86401 0.868705 0.644212 0.505093 0.106327 0.87853 0.187043 0.793014 
323 532 267 
0.248355 0.35867 0.518597 0.891396 0.686871 0.174704 0.983679 0.26684 
324 654 516 
0.613173 0.302175 0.282229 0.166985 0.35812 0.606417 0.697783 0.641082 
325 217 557 
0.144484 0.432997 0.514408 0.788697 0.93809 0.620734 0.667226 0.125133 
326 361 53 
0.966437 0.662103 0.0734459 0.485034 0.553499 0.760317 0.659738 0.537178 
327 536 100 
0.883473 0.64033 0.204539 0.165701 0.807316 0.562659 0.772119 0.505099 
328 180 2 
0.150802 0.348225 0.774103 0.66521 0.136922 0.712193 0.285944 0.804148 
329 10 545 
0.518925 0.803763 0.361796 0.59237 0.288798 0.915295 0.352687 0.948536 
330 279 167 
0.8509 0.335945 0.0201745 0.0554392 0.501647 0.82749 0.618098 0.273765 
331 356 277 
0.614871 0.483391 0.170065 0.388974 0.148601 0.306987 0.101167 0.434545 
332 2 279 
0.134238 0.63006 0.742257 0.496033 0.22243 0.0310545 0.411328 0.575117 
333 137 91 
0.954962 0.830491 0.199746 0.975136 0.88593 0.701393 0.802626 0.504028 
334 581 439 
0.325867 0.590029 0.618606 0.495932 0.979003 0.767207 0.802919 0.0801701 
335 653 391 
0.0186638 0.335989 0.544114 0.760921 0.832023 0.766545 0.791975 0.243351 
336 90 600 
0.107152 0.296624 0.602056 0.306898 0.27176 0.487986 0.00829027 0.0743862 
337 562 698 
0.209601 0.317881 0.573477 0.828207 0.813813 0.55248 0.595414 0.616731 
338 235 117 
0.530786 0.651314 0.133156 0.0748999 0.412234 0.965178 0.841444 0.20421 
339 159 627 
0.975775 0.315681 0.47973 0.577831 0.622579 0.75149 0.0658169 0.630869 
340 232 266 
0.614317 0.0354777 0.375711 0.187794 0.863685 0.189524 0.740273 0.4591 
341 675 305 
0.256266 0.337041 0.0242367 0.389421 0.411941 0.436471 0.354599 0.253385 
342 222 326 
0.436492 0.616456 0.87881 0.916222 0.194287 0.501389 0.667712 0.260104 
343 501 153 
0.317934 0.746575 0.529066 0.693645 0.934369 0.392751 0.883169 0.674642 
344 88 143 
0.0475653 0.108116 0.0264652 0.071802 0.497538 0.438406 0.508273 0.852137 
345 233 470 
0.415266 0.128283 0.765409 0.294076 0.0445044 0.959696 0.795464 0.712216 
346 58 607 
0.205804 0.537734 0.674297 0.73487 0.231379 0.608665 0.127621 0.114548 
347 166 287 
0.803972 0.330873 0.087588 0.830438 0.402675 0.585126 0.268843 0.910948 
348 578 209 
0.852528 0.0889174 0.82531 0.146604 0.133422 0.785006 0.942068 0.845638 
349 652 508 
0.0514421 0.542539 0.544087 0.786312 0.773918 0.152752 0.913933 0.888466 
350 118 566 
0.692438 0.766933 0.980993 0.522876 0.169607 0.566119 0.791719 0.0805552 
351 387 684 
0.140456 0.855909 0.841271 0.965767 0.00251331 0.974693 0.750773 0.944582 
352 136 125 
0.814372 0.871773 0.298118 0.358459 0.658085 0.072036 0.511211 0.572018 
353 500 518 
0.465423 0.65294 0.714204 0.446416 0.175816 0.883811 0.0125348 0.967536 
354 628 246 
0.71989 0.104823 0.871825 0.561161 0.0705895 0.874339 0.535854 0.821363 
355 549 335 
0.576941 0.633292 0.227958 0.875059 0.99175 0.886043 0.947096 0.502962 
356 327 398 
0.450232 0.923485 0.560538 0.164436 0.369901 0.736354 0.0482469 0.382436 
357 460 479 
0.398352 0.423779 0.117436 0.270178 0.98494 0.188025 0.144516 0.520794 
358 214 147 
0.876979 0.586329 0.596728 0.104937 0.461389 0.588479 0.990981 0.408484 
359 675 461 
0.316082 0.541673 0.372528 0.87662 0.706109 0.742429 0.612974 0.754355 
360 290 343 
0.766969 0.523218 0.740643 0.884404 0.793395 0.725583 0.0724293 0.937911 
361 396 279 
0.901348 0.123356 0.668146 0.498076 0.228294 0.129535 0.0865541 0.219274 
362 390 383 
0.668317 0.854101 0.719667 0.0408445 0.730721 0.425775 0.783274 0.343695 
363 234 554 
0.660559 0.947099 0.431357 0.401202 0.831503 0.224752 0.126785 0.903933 
364 557 137 
0.98575 0.0640108 0.496519 0.653896 0.562086 0.724813 0.783432 0.64864 
365 97 579 
0.826635 0.612404 0.175553 0.546301 0.653249 0.906274 0.972077 0.436522 
366 484 82 
0.344662 0.910529 0.0993068 0.776018 0.311731 0.93081 0.000770266 0.438516 
367 628 590 
0.811679 0.820493 0.227444 0.308198 0.474389 0.789531 0.0330112 0.257821 
368 699 79 
0.579272 0.264806 0.589503 0.754825 0.811107 0.242752 0.661099 0.783184 
369 156 76 
0.935391 0.0239357 0.821597 0.0346979 0.799954 0.133328 0.965508 0.800724 
370 283 366 
0.964158 0.383523 0.620744 0.191602 0.691722 0.0951335 0.981133 0.724733 
371 575 245 
0.701832 0.932227 0.684109 0.291334 0.687052 0.495217 0.534086 0.34815 
372 331 29 
0.259219 0.213791 0.237296 0.0808157 0.248489 0.0372501 0.214144 0.213997 
373 145 456 
0.0142484 0.802132 0.169511 0.634993 0.993734 0.861233 0.730126 0.974867 
374 20 318 
0.394171 0.287798 0.0153073 0.0782803 0.579132 0.702359 0.573497 0.113218 
375 273 328 
0.326579 0.309728 0.0656883 0.563875 0.390544 0.314177 0.601125 0.604688 
376 216 654 
0.390676 0.542423 0.241232 0.560187 0.177416 0.234966 0.42142 0.907542 
377 575 598 
0.990622 0.604004 0.295184 0.00592971 0.682284 0.874317 0.708289 0.255781 
378 651 147 
0.107678 0.314114 0.0685262 0.173366 0.877989 0.45907 0.487544 0.479114 
379 520 49 
0.918213 0.454433 0.558142 0.159445 0.0146203 0.735557 0.394411 0.436041 
380 485 538 
0.443427 0.633722 0.208248 0.738612 0.639651 0.890532 0.612928 0.34794 
381 43 522 
0.106738 0.253991 0.914578 0.175264 0.427358 0.792567 0.634334 0.914901 
382 506 530 
0.93062 0.189894 0.152525 0.488762 0.349339 0.167145 0.224319 0.74375 
383 603 43 
0.0466133 0.50114 0.556241 0.785225 0.140792 0.446773 0.398153 0.488732 
384 625 300 
0.59547 0.847077 0.913195 0.770734 0.274435 0.705762 0.405068 0.189336 
385 504 327 
0.119956 0.167336 0.255685 0.608718 0.516675 0.42283 0.833037 0.260424 
386 4 549 
0.608418 0.0726297 0.201596 0.164659 0.857855 0.342387 0.611432 0.256008 
387 127 560 
0.254625 0.426589 0.0515955 0.16782 0.197323 0.32603 0.873582 0.602391 
388 671 400 
0.705551 0.635323 0.0183597 0.961235 0.244041 0.535034 0.384066 0.077078 
389 114 90 
0.777534 0.403876 0.482712 0.97913 0.568535 0.340567 0.321517 0.179967 
390 550 332 
0.384485 0.8512 0.579225 0.43608 0.0190206 0.776547 0.762111 0.892602 
391 564 393 
0.743626 0.0844885 0.9128 0.761986 0.045724 0.156841 0.29702 0.42979 
392 146 378 
0.839872 0.0114526 0.496354 0.322584 0.990582 0.0648893 0.663151 0.312099 
393 555 128 
0.464735 0.629341 0.110926 0.0439604 0.0654216 0.129947 0.820508 0.827532 
394 253 412 
0.10501 0.766175 0.283934 0.01781 0.528161 0.329658 0.174651 0.825181 
395 363 147 
0.917659 0.59932 0.420022 0.414014 0.921904 0.410605 0.478903 0.585055 
396 177 55 
0.844781 0.187439 0.3531 0.955707 0.2314 0.418522 0.0856531 0.0519075 
397 547 604 
0.251353 0.351064 0.874377 0.535288 0.368874 0.402538 0.864946 0.543525 
398 580 75 
0.952095 0.145378 0.223714 0.372117 0.559392 0.145618 0.782722 0.0382954 
399 550 521 
0.762055 0.575454 0.692865 0.115155 0.53116 0.924265 0.533677 0.616813 
400 32 444 
0.725015 0.227526 0.130795 0.599392 0.762813 0.499669 0.00193045 0.627759 
401 532 88 
0.252153 0.995289 0.375028 0.475867 0.367407 0.93442 0.621486 0.150128 
402 509 422 
0.655554 0.73477 0.927612 0.348419 0.849925 0.458773 0.272684 0.383602 
403 134 259 
0.163333 0.800601 0.476381 0.294128 0.399994 0.239195 0.793798 0.401924 
404 589 662 
0.631574 0.119107 0.832282 0.00660131 0.594974 0.199688 0.941021 0.21646 
405 453 434 
0.568619 0.00537079 0.648506 0.496231 0.35379 0.498431 0.955004 0.626473 
406 655 28 
0.875329 0.0453656 0.831191 0.351711 0.339494 0.231185 0.590905 0.133291 
407 100 45 
0.970284 0.264683 0.576966 0.802565 0.271284 0.17194 0.00225352 0.212305 
408 655 44 
0.126042 0.957018 0.357441 0.774548 0.453249 0.711231 0.272979 0.408253 
409 375 366 
0.438843 0.213034 0.200377 0.270034 0.564744 0.539871 0.501219 0.155649 
410 470 384 
0.613508 0.643446 0.39901 0.190474 0.446011 0.670294 0.362414 0.448265 
411 335 30 
0.800335 0.00864074 0.707832 0.157776 0.783189 0.161082 0.869007 0.0561677 
412 183 440 
0.21118 0.0081775 0.419745 0.411557 0.278211 0.984489 0.951428 0.77943 
413 51 123 
0.913757 0.753647 0.268037 0.312767 0.944121 0.714048 0.983062 0.306535 
414 318 15 
0.0573486 0.962648 0.874301 0.765181 0.120424 0.65749 0.926262 0.989431 
415 313 472 
0.196142 0.924837 0.503775 0.615887 0.336394 0.781986 0.600376 0.287822 
416 147 645 
0.912413 0.475173 0.494161 0.18045 0.787941 0.438281 0.894498 0.771002 
417 253 482 
0.636663 0.802165 0.0194581 0.510964 0.567346 0.139882 0.168454 0.493608 
418 208 28 
0.989205 0.325455 0.806949 0.49298 0.941342 0.143344 0.274966 0.541717 
419 489 536 
0.282231 0.343579 0.311555 0.776392 0.524029 0.0994953 0.214673 0.418526 
420 307 583 
0.475337 0.50716 0.761655 0.494795 0.0181244 0.329 0.634677 0.186579 
421 535 148 
0.0686906 0.811814 0.0894445 0.87564 0.304794 0.0307862 0.0189836 0.579759 
422 501 168 
0.416141 0.854735 0.793729 0.727696 0.631127 0.317757 0.827191 0.8458 
423 15 352 
0.80529 0.21162 0.204849 0.566945 0.706415 0.222973 0.895945 0.341092 
424 499 646 
0.105082 0.478242 0.530367 0.194526 0.353882 0.835161 0.225312 0.372866 
425 324 286 
0.823016 0.831061 0.652551 0.616744 0.558757 0.283678 0.934502 0.385948 
426 342 630 
0.0836365 0.934768 0.882406 0.288485 0.501713 0.588821 0.511458 0.397658 
427 35 9 
0.116211 0.0349944 0.399253 0.646578 0.229521 0.753135 0.481738 0.454833 
428 464 603 
0.252649 0.949016 0.727719 0.905199 0.565761 0.286476 0.188877 0.500262 
429 373 315 
0.171048 0.756061 0.253124 0.0534534 0.0445459 0.754837 0.642274 0.556004 
430 155 634 
0.477014 0.268705 0.607182 0.876267 0.915283 0.836702 0.629402 0.397022 
431 617 547 
0.29368 0.544184 0.704419 0.0213994 0.449383 0.27018 0.307876 0.63826 
432 255 632 
0.956616 0.94149 0.73636 0.209739 0.994943 0.780906 0.964576 0.637217 
433 481 297 
0.209404 0.813925 0.385776 0.816586 0.690192 0.301059 0.653288 0.319594 
434 188 238 
0.0749964 0.991761 0.489007 0.779415 0.0131601 0.93839 0.0495953 0.321036 
435 563 253 
0.301336 0.533266 0.761527 0.037696 0.743006 0.75647 0.818602 0.707582 
436 272 634 
0.824652 0.603092 0.969438 0.210428 0.419678 0.65963 0.511487 0.0729664 
437 64 85 
0.0177895 0.0542199 0.201328 0.506796 0.833635 0.214488 0.445186 0.883231 
438 357 599 
0.703268 0.83686 0.555103 0.464795 0.874556 0.298109 0.221265 0.693158 
439 326 4 
0.848671 0.830343 0.218045 0.818109 0.0407709 0.637724 0.477739 0.552258 
440 318 152 
0.761825 0.728479 0.511182 0.963153 0.235276 0.344818 0.177642 0.680462 
441 587 174 
0.702299 0.931316 0.550025 0.257402 0.396111 0.424581 0.555511 0.617377 
442 304 160 
0.23233 0.96641 0.391545 0.450375 0.784518 0.432316 0.0880987 0.262257 
443 252 510 
0.719219 0.746399 0.527268 0.230401 0.709552 0.762544 0.575219 0.887194 
444 274 54 
0.600359 0.145305 0.734583 0.150384 0.402707 0.130695 0.574965 0.958218 
445 431 359 
0.51942 0.980401 0.659113 0.910965 0.430776 0.443631 0.343281 0.518875 
446 433 189 
0.317664 0.425108 0.0742535 0.844932 0.655509 0.783806 0.607476 0.230728 
447 671 544 
0.0339954 0.271359 0.195786 0.768579 0.421743 0.598493 0.899273 0.996708 
448 160 597 
0.689412 0.0761315 0.627746 0.348525 0.987097 0.0585224 0.792156 0.330377 
449 630 624 
0.658232 0.895061 0.923153 0.732485 0.739993 0.578662 0.516291 0.347469 
450 407 344 
0.39795 0.843386 0.458649 0.593737 0.611964 0.880393 0.19223 0.511238 
451 367 30 
0.158582 0.566513 0.825073 0.786328 0.915038 0.81217 0.844851 0.707194 
452 159 220 
0.205239 0.800779 0.31731 0.128391 0.533264 0.0573029 0.707053 0.0495554 
453 485 43 
0.236846 0.802722 0.359829 0.695495 0.396459 0.971793 0.575888 0.588689 
454 636 394 
0.33763 0.641613 0.0195015 0.162703 0.427941 0.934539 0.974873 0.272792 
455 597 471 
0.69504 0.846972 0.918199 0.0123499 0.975363 0.451463 0.0696529 0.682416 
456 34 71 
0.19886 0.737864 0.277147 0.558689 0.43336 0.673606 0.530483 0.00924783 
457 423 558 
0.462237 0.599925 0.655127 0.481738 0.762629 0.0830685 0.416277 0.737502 
458 663 225 
0.854921 0.0509008 0.904982 0.77312 0.0632507 0.880345 0.224583 0.132904 
459 139 645 
0.607328 0.761621 0.463466 0.884475 0.320311 0.896826 0.558081 0.850793 
460 614 150 
0.864307 0.36831 0.420301 0.519434 0.850048 0.182929 0.602502 0.266326 
461 271 197 
0.324336 0.775352 0.00926377 0.229317 0.548473 0.0725145 0.109662 0.773056 
462 376 553 
0.498657 0.812746 0.434045 0.962123 0.697222 0.754356 0.858949 0.255302 
463 101 497 
0.0756782 0.469456 0.133333 0.495979 0.98889 0.983381 0.678908 0.591392 
464 254 624 
0.549755 0.574042 0.374692 0.559019 0.80336 0.923165 0.631534 0.913022 
465 503 250 
0.585446 0.194878 0.649698 0.0194905 0.157001 0.346919 0.773846 0.0159501 
466 678 394 
0.780973 0.6779 0.848451 0.914305 0.173879 0.837341 0.897686 0.852788 
467 286 517 
0.452127 0.978488 0.721435 0.826819 0.537507 0.524795 0.749984 0.169041 
468 82 157 
0.00599229 0.0232623 0.641082 0.65569 0.0427528 0.798083 0.00260974 0.816599 
469 670 155 
0.195594 0.595006 0.282732 0.0440447 0.509311 0.456611 0.881385 0.406997 
470 527 382 
0.55439 0.761526 0.288607 0.275825 0.588345 0.826114 0.80062 0.338329 
471 275 566 
0.784533 0.00114672 0.261699 0.425615 0.656837 0.304452 0.223698 0.659447 
472 304 241 
0.264278 0.316645 0.632737 0.54701 0.36069 0.142048 0.00362141 0.242075 
473 545 440 
0.552193 0.103436 0.0745459 0.8408 0.379261 0.662891 0.666914 0.179881 
474 353 689 
0.418318 0.785752 0.663215 0.680017 0.211367 0.320052 0.984469 0.435065 
475 501 306 
0.472796 0.243777 0.422165 0.105533 0.790787 0.782855 0.247581 0.794409 
476 549 411 
0.107429 0.577124 0.900063 0.181975 0.417924 0.279324 0.844865 0.0848373 
477 474 198 
0.746905 0.877524 0.631837 0.41012 0.557541 0.843203 0.730172 0.54201 
478 158 246 
0.751064 0.953448 0.0696964 0.856597 0.744235 0.852552 0.104179 0.538644 
479 200 374 
0.646073 0.454605 0.800869 0.828047 0.872529 0.0801929 0.672913 0.957366 
480 20 645 
0.704272 0.416922 0.150834 0.114392 0.974463 0.994038 0.844564 0.516473 
481 277 512 
0.164004 0.0233697 0.507683 0.2337 0.879967 0.251918 0.086252 0.984146 
482 569 146 
0.884951 0.436634 0.418339 0.68582 0.264681 0.290868 0.766013 0.937594 
483 621 12 
0.456591 0.952507 0.722333 0.607426 0.0668987 0.696796 0.601463 0.911463 
484 31 71 
0.465698 0.377273 0.897138 0.973381 0.610973 0.777105 0.225298 0.697225 
485 175 304 
0.660959 0.646202 0.452493 0.0792984 0.332023 0.717175 0.370167 0.0980356 
486 102 677 
0.403447 0.11136 0.570908 0.12578 0.718785 0.637807 0.822576 0.320249 
487 192 223 
0.194017 0.0149677 0.413117 0.0911556 0.988348 0.0240903 0.868261 0.213646 
488 332 390 
0.229506 0.382275 0.275714 0.681999 0.461573 0.607737 0.399174 0.83174 
489 154 89 
0.450141 0.109219 0.165303 0.0210495 0.234999 0.884088 0.658856 0.0575747 
490 578 613 
0.093419 0.398354 0.223094 0.506536 0.489509 0.211442 0.530626 0.35777 
491 336 170 
0.987282 0.654594 0.634217 0.262996 0.336594 0.09579 0.870733 0.735768 
492 397 389 
0.789711 0.377671 0.685725 0.955013 0.398721 0.920724 0.839101 0.057577 
493 622 223 
0.265703 0.0717174 0.441792 0.488797 0.578253 0.931301 0.700239 0.10888 
494 425 151 
0.360822 0.276354 0.779921 0.995039 0.53935 0.116515 0.0908286 0.410083 
495 491 561 
0.986588 0.641994 0.39603 0.672313 0.597007 0.794751 0.593037 0.436108 
496 323 40 
0.479546 0.118031 0.643052 0.921338 0.606827 0.221306 0.852639 0.307066 
497 584 474 
0.432393 0.691008 0.418064 0.212314 0.686046 0.957414 0.328829 0.776875 
498 89 134 
0.795233 0.354086 0.823106 0.191263 0.0263988 0.420113 0.986014 0.619435 
499 637 472 
0.190771 0.335767 0.956372 0.833823 0.257105 0.563199 0.0551289 0.109744 
500 85 92 
0.251454 0.302658 0.0763221 0.669519 0.514972 0.762368 0.626933 0.843801 
501 674 319 
0.0249131 0.334476 0.348516 0.848019 0.525739 0.374915 0.268132 0.511753 
502 284 217 
0.350094 0.185121 0.460119 0.306466 0.0189442 0.717224 0.869665 0.0740731 
503 26 478 
0.459388 0.0784215 0.0425878 0.53571 0.74794 0.55756 0.298078 0.374873 
504 36 687 
0.369304 0.426274 0.171797 0.71782 0.274292 0.697537 0.0927351 0.542424 
505 570 280 
0.666776 0.559384 0.272207 0.126896 0.86585 0.291151 0.844119 0.735515 
506 640 413 
0.475445 0.824612 0.749508 0.518033 0.360322 0.497448 0.0755927 0.6584 
507 48 540 
0.495721 0.241625 0.903227 0.667518 0.959445 0.177519 0.365055 0.0521797 
508 71 281 
0.139265 0.38672 0.133728 0.411472 0.513615 0.999578 0.702623 0.357734 
509 512 354 
0.0288208 0.210539 0.892459 0.778329 0.728572 0.252781 0.275777 0.804165 
510 230 116 
0.281118 0.406901 0.389722 0.184344 0.0744195 0.349167 0.361863 0.439474 
511 635 208 
0.0138188 0.540612 0.468526 0.147547 0.952084 0.982142 0.147125 0.654708 
512 460 169 
0.722555 0.368697 0.0927579 0.615014 0.147025 0.82133 0.867795 0.422802 
513 122 61 
0.5709 0.906612 0.185877 0.960622 0.0909566 0.260296 0.309789 0.45282 
514 454 152 
0.534627 0.713589 0.251748 0.00315308 0.861136 0.203832 0.985295 0.00826196 
515 469 615 
0.890481 0.581094 0.693867 0.983239 0.196109 0.840892 0.804569 0.0639035 
516 293 207 
0.842879 0.834594 0.336675 0.0287556 0.795216 0.427632 0.289052 0.105005 
517 426 409 
0.816141 0.415079 0.702412 0.0678886 0.418232 0.563548 0.271721 0.403526 
518 258 460 
0.728697 0.462291 0.711355 0.422564 0.44553 0.907463 0.263456 0.250099 
519 492 629 
0.680162 0.814246 0.361745 0.0168371 0.843001 0.156961 0.444469 0.132053 
520 610 97 
0.120875 0.0781067 0.74 0.823287 0.145995 0.158232 0.386835 0.417716 
521 203 409 
0.547976 0.290455 0.420936 0.259331 0.713019 0.866466 0.166794 0.976476 
522 329 405 
0.503626 0.796727 0.952407 0.865371 0.813564 0.795408 0.022332 0.258033 
523 507 603 
0.582954 0.0483363 0.362405 0.322954 0.871623 0.5084 0.481186 0.258459 
524 34 261 
0.217104 0.474092 0.333399 0.63804 0.733423 0.0464187 0.504507 0.900217 
525 174 695 
0.0383781 0.526521 0.417798 0.990785 0.391892 0.231362 0.786192 0.414224 
526 149 327 
0.698522 0.0723481 0.761989 0.0609268 0.395302 0.633613 0.569327 0.876488 
527 654 267 
0.919432 0.109175 0.969535 0.252831 0.747216 0.702958 0.29925 0.251722 
528 673 141 
0.872794 0.641554 0.848665 0.290592 0.632338 0.240557 0.521953 0.418531 
529 480 428 
0.132184 0.353304 0.0836957 0.894173 0.41423 0.478998 0.527786 0.983557 
530 94 73 
0.479 0.274917 0.529033 0.448535 0.527748 0.276249 0.151493 0.826998 
531 365 332 
0.149143 0.400765 0.396222 0.997808 0.691357 0.0285605 0.238365 0.21331 
532 562 200 
0.224658 0.579275 0.24645 0.308353 0.473448 0.660681 0.787351 0.00123401 
533 195 620 
0.421092 0.123238 0.417754 0.950124 0.571773 0.945502 0.226373 0.723266 
534 158 479 
0.477935 0.921643 0.155109 0.874158 0.919451 0.846466 0.902718 0.157816 
535 653 544 
0.0509627 0.284434 0.929084 0.297413 0.592787 0.402532 0.958093 0.380138 
536 550 533 
0.522975 0.824857 0.725569 0.940729 0.774982 0.297342 0.886231 0.00135474 
537 583 621 
0.755699 0.498543 0.580375 0.910808 0.372701 0.499826 0.757274 0.275419 
538 519 553 
0.625228 0.708605 0.101484 0.554312 0.00601737 0.694271 0.956843 0.964111 
539 17 46 
0.566442 0.597385 0.185466 0.292011 0.538113 0.960448 0.589353 0.424344 
540 531 55 
0.0830759 0.717501 0.108505 0.663451 0.628309 0.481206 0.163276 0.385583 
541 201 150 
0.202634 0.381852 0.529523 0.304117 0.936164 0.53554 0.998388 0.893007 
542 253 69 
0.253616 0.0660926 0.670183 0.439082 0.358103 0.208296 0.39953 0.947456 
543 595 199 
0.557417 0.715716 0.0788336 0.665922 0.379167 0.707143 0.147127 0.542443 
544 292 156 
0.363361 0.29536 0.285604 0.892884 0.599477 0.221768 0.428424 0.597866 
545 96 372 
0.670664 0.368392 0.994167 0.340846 0.807474 0.35227 0.549142 0.207004 
546 604 635 
0.568337 0.857144 0.897498 0.64717 0.523065 0.276665 0.354313 0.670193 
547 564 58 
0.573944 0.182469 0.7424 0.859549 0.0753524 0.341877 0.0813171 0.503776 
548 521 241 
0.43185 0.610407 0.564485 0.426017 0.951253 0.371959 0.778287 0.500395 
549 56 141 
0.682177 0.1473 0.935157 0.579676 0.79447 0.458223 0.856341 0.148783 
550 562 68 
0.595823 0.70236 0.857917 0.338222 0.561908 0.93327 0.680099 0.643225 
551 696 592 
0.839318 0.868896 0.230249 0.403803 0.294913 0.181502 0.775763 0.0732004 
552 298 547 
0.151214 0.364074 0.502026 0.0863715 0.94375 0.296496 0.544594 0.800091 
553 98 259 
0.475539 0.0411026 0.375369 0.333457 0.379325 0.937277 0.266727 0.0594244 
554 184 472 
0.679267 0.419821 0.572669 0.909515 0.823624 0.867582 0.0910172 0.599387 
555 331 107 
0.954113 0.0919964 0.136989 0.456139 0.178368 0.0807386 0.752636 0.722962 
556 364 164 
0.395972 0.356369 0.239018 0.771341 0.689826 0.618343 0.708618 0.956553 
557 130 498 
0.660326 0.357034 0.708942 0.232994 0.266549 0.532567 0.100576 0.357566 
558 642 306 
0.130481 0.0860663 0.133355 0.267469 0.542205 0.311723 0.348208 0.294841 
559 530 157 
0.492756 0.430656 0.585406 0.731774 0.201997 0.275232 0.350117 0.910615 
560 29 142 
0.199737 0.892111 0.384918 0.908679 0.125105 0.651467 0.441245 0.225681 
561 656 346 
0.267039 0.139514 0.659265 0.400394 0.406983 0.20147 0.712117 0.755191 
562 34 606 
0.984228 0.989068 0.177457 0.569635 0.720842 0.379455 0.844867 0.0709589 
563 400 372 
0.0988432 0.489807 0.968763 0.483761 0.398485 0.0938675 0.135228 0.839731 
564 315 316 
0.41293 0.586588 0.283777 0.0721947 0.986982 0.69076 0.273665 0.699098 
565 674 101 
0.445899 0.43018 0.759044 0.623357 0.999814 0.479886 0.0028114 0.844681 
566 387 325 
0.921333 0.649688 0.782688 0.890096 0.13345 0.181174 0.983963 0.268678 
567 211 128 
0.41294 0.433834 0.890099 0.696717 0.506029 0.877081 0.387477 0.779694 
568 689 219 
0.54967 0.0220786 0.263607 0.308715 0.645435 0.263422 0.788601 0.648247 
569 510 568 
0.0294361 0.989135 0.723816 0.919532 0.122584 0.90499 0.903495 0.391262 
570 238 648 
0.804203 0.359728 0.097106 0.500919 0.865757 0.974187 0.888396 0.645451 
571 588 444 
0.195121 0.572445 0.985432 0.503836 0.21788 0.248853 0.292437 0.866127 
572 527 204 
0.807255 0.386392 0.621018 0.531071 0.305924 0.743602 0.436061 0.209419 
573 404 31 
0.416426 0.939067 0.721683 0.513532 0.439987 0.58744 0.487719 0.328383 
574 255 202 
0.0502074 0.428012 0.61053 0.035639 0.931849 0.82841 0.284492 0.224286 
575 500 251 
0.856169 0.501792 0.0278413 0.477187 0.0328628 0.333766 0.22079 0.468924 
576 465 170 
0.830879 0.959611 0.294722 0.552562 0.473143 0.734709 0.140002 0.960861 
577 61 406 
0.998946 0.113299 0.800906 0.609476 0.148938 0.732755 0.437886 0.433431 
578 465 256 
0.0748795 0.813209 0.634214 0.102721 0.290397 0.667077 0.436486 0.511186 
579 293 663 
0.866841 0.966879 0.939282 0.161562 0.519441 0.412424 0.896271 0.659444 
580 261 653 
0.0323373 0.372232 0.0726617 0.833243 0.981708 0.2216 0.565998 0.419594 
581 654 530 
0.552016 0.72991 0.336248 0.18623 0.832631 0.626644 0.853306 0.269117 
582 471 15 
0.248788 0.00467121 0.956186 0.18807 0.166233 0.475627 0.600494 0.0625042 
583 404 440 
0.0218668 0.167408 0.346012 0.0945285 0.000651484 0.32772 0.316128 0.56665 
584 5 300 
0.0896879 0.299329 0.701069 0.425936 0.485559 0.5337 0.0525802 0.338865 
585 595 639 
0.328171 0.051605 0.195082 0.284357 0.239675 0.361315 0.759984 0.840169 
586 275 475 
0.813949 0.445686 0.062463 0.159961 0.540215 0.0631145 0.48768 0.856343 
587 156 340 
0.827502 0.719452 0.534323 0.528572 0.145388 0.0198815 0.0622714 0.197968 
588 300 90 
0.388379 0.686918 0.916693 0.583461 0.971275 0.156368 0.944776 0.731259 
589 361 613 
0.626314 0.810486 0.814282 0.688777 0.970447 0.354497 0.751892 0.458127 
590 411 626 
0.693121 0.0383433 0.101107 0.227443 0.566915 0.246495 0.247325 0.629186 
591 546 241 
0.494275 0.832841 0.292989 0.410968 0.416302 0.264264 0.567336 0.361078 
592 6 218 
0.729674 0.621838 0.374359 0.543956 0.310615 0.344806 0.898454 0.0625065 
593 677 530 
0.444162 0.496054 0.147638 0.54527 0.723497 0.714553 0.791765 0.970822 
594 584 681 
0.576894 0.838013 0.0690686 0.869883 0.248981 0.485371 0.134147 0.816317 
595 193 486 
0.38019 0.576123 0.751509 0.75455 0.120079 0.0621235 0.0993557 0.0185331 
596 198 497 
0.127828 0.568792 0.398342 0.275466 0.114062 0.12184 0.990018 0.905826 
597 457 627 
0.142053 0.669555 0.171771 0.211122 0.539438 0.420752 0.696493 0.673585 
598 585 187 
0.803256 0.61726 0.119064 0.554765 0.371809 0.239144 0.616888 0.471165 
599 515 308 
0.373454 0.385505 0.310311 0.771796 0.66097 0.424372 0.893636 0.650989 
600 57 253 
0.984746 0.472252 0.655853 0.156517 0.683374 0.195291 0.577269 0.379867 
601 228 662 
0.922808 0.672132 0.431597 0.0418726 0.226897 0.803407 0.281016 0.843786 
602 584 695 
0.585304 0.648026 0.924198 0.895615 0.419822 0.585168 0.319987 0.313457 
603 353 667 
0.299755 0.220903 0.122437 0.955607 0.377419 0.805811 0.150898 0.954688 
604 443 537 
0.769026 0.108486 0.691906 0.200623 0.150359 0.918804 0.00402992 0.431375 
605 619 668 
0.970068 0.347893 0.926627 0.894266 0.243508 0.346449 0.479434 0.563495 
606 428 422 
0.21368 0.959661 0.936493 0.336118 0.915269 0.313913 0.141929 0.0661668 
607 217 30 
0.0859409 0.0376264 0.436094 0.777847 0.23825 0.586453 0.696651 0.242279 
608 484 278 
0.520881 0.987896 0.807133 0.447509 0.882162 0.0506414 0.793958 0.361596 
609 64 179 
0.077187 0.827817 0.413526 0.0136805 0.163935 0.328794 0.327593 0.305864 
610 42 13 
0.633471 0.480902 0.63382 0.0695649 0.258749 0.87207 0.656018 0.9554 
611 568 328 
0.41464 0.635231 0.661741 0.221774 0.0827392 0.543904 0.272415 0.876697 
612 6 493 
0.330561 0.982687 0.714368 0.744087 0.996367 0.878303 0.0728812 0.323961 
613 364 410 
0.920155 0.817638 0.948744 0.553975 0.887203 0.207494 0.426045 0.54322 
614 17 558 
0.217066 0.577535 0.175625 0.878807 0.799308 0.258364 0.422711 0.0717236 
615 515 159 
0.958275 0.465622 0.310897 0.672643 0.209709 0.307265 0.550946 0.28259 
616 434 565 
0.750433 0.55138 0.552751 0.699177 0.105355 0.439953 0.906671 0.5314 
617 208 694 
0.0717942 0.200239 0.6471 0.247419 0.0790463 0.446408 0.505783 0.501757 
618 569 216 
0.829967 0.476407 0.106466 0.140865 0.14905 0.316176 0.44813 0.699996 
619 436 625 
0.435109 0.349199 0.630735 0.98786 0.048376 0.73609 0.427813 0.955047 
620 618 0 
0.024612 0.339284 0.611226 0.671712 0.586703 0.690272 0.11812 0.0924864 
621 28 234 
0.0219967 0.112658 0.839797 0.162862 0.261708 0.155973 0.610991 0.961705 
622 453 69 
0.396814 0.103937 0.321081 0.384674 0.152313 0.0571712 0.812487 0.10736 
623 370 214 
0.131972 0.663945 0.834699 0.803684 0.250649 0.524972 0.921803 0.343135 
624 540 134 
0.738998 0.670713 0.916263 0.901859 0.932421 0.0722354 0.51285 0.894126 
625 489 48 
0.290939 0.930911 0.524278 0.675613 0.0832248 0.581449 0.4881 0.190585 
626 518 680 
0.322557 0.570055 0.546273 0.126241 0.820704 0.0712442 0.0480445 0.163839 
627 261 136 
0.240305 0.527243 0.276812 0.156568 0.429102 0.209233 0.228803 0.941953 
628 661 542 
0.145149 0.394298 0.986688 0.669427 0.0699107 0.0699132 0.250876 0.55801 
629 342 213 
0.269583 0.583056 0.727041 0.815856 0.709297 0.547745 0.8871 0.757341 
630 674 329 
0.36344 0.951889 0.202588 0.640252 0.108457 0.631691 0.849485 0.33726 
631 35 389 
0.393037 0.718792 0.347141 0.379726 0.388219 0.417051 0.449639 0.639095 
632 498 350 
0.79608 0.244645 0.293193 0.523121 0.0605009 0.00248937 0.0708658 0.947601 
633 537 266 
0.622946 0.123271 0.734339 0.825535 0.763523 0.842796 0.457225 0.613007 
634 666 672 
0.56585 0.573093 0.749661 0.912991 0.952819 0.13788 0.330042 0.402457 
635 696 527 
0.112594 0.573055 0.549748 0.405787 0.0961755 0.610249 0.408277 0.167041 
636 203 329 
0.949491 0.180797 0.291378 0.68383 0.00633173 0.0549005 0.526626 0.463557 
637 161 52 
0.494426 0.233758 0.279775 0.244087 0.146749 0.232594 0.381967 0.476791 
638 302 171 
0.781894 0.747646 0.731996 0.331643 0.153433 0.828172 0.941892 0.56171 
639 660 355 
0.729817 0.944704 0.680539 0.0211945 0.628535 0.686871 0.076095 0.155161 
640 386 678 
0.861843 0.644854 0.977761 0.141619 0.888941 0.12451 0.374213 0.270908 
641 402 258 
0.429849 0.383195 0.75691 0.161846 0.714837 0.910343 0.990017 0.656729 
642 115 287 
0.156472 0.20187 0.929934 0.837011 0.223064 0.558469 0.523882 0.299159 
643 285 469 
0.0431619 0.575473 0.319164 0.0209228 0.717092 0.208105 0.145432 0.0913045 
644 609 60 
0.100569 0.908862 0.129927 0.857479 0.0707074 0.844765 0.767822 0.0607246 
645 322 105 
0.0459548 0.657965 0.441745 0.975889 0.494976 0.664809 0.534358 0.0188578 
646 125 218 
0.00713037 0.823461 0.0123316 0.0280532 0.540552 0.220436 0.173486 0.631857 
647 691 6 
0.732426 0.608311 0.0501457 0.589905 0.679018 0.89491 0.357727 0.739743 
648 517 153 
0.785698 0.0543693 0.039348 0.761587 0.549345 0.704157 0.295945 0.568203 
649 567 333 
0.261371 0.675256 0.367393 0.273703 0.703309 0.907946 0.494139 0.876795 
650 408 143 
0.797013 0.272228 0.801899 0.847159 0.862133 0.480917 0.742069 0.219861 
651 112 625 
0.00635718 0.192843 0.856811 0.767944 0.742188 0.560969 0.0638887 0.310391 
652 2 200 
0.571762 0.904351 0.975214 0.845465 0.60766 0.88316 0.339604 0.484455 
653 555 221 
0.695191 0.33509 0.128627 0.557324 0.816007 0.870696 0.777185 0.0366664 
654 28 441 
0.0430236 0.202012 0.45146 0.810968 0.9442 0.0124284 0.874856 0.254592 
655 94 610 
0.826354 0.145874 0.457892 0.671819 0.753534 0.341052 0.0114224 0.237988 
656 686 539 
0.519457 0.459205 0.879704 0.648084 0.0165294 0.695711 0.51878 0.793714 
657 287 426 
0.388362 0.775401 0.729962 0.839822 0.586368 0.674162 0.85225 0.461224 
658 119 201 
0.943902 0.755108 0.239647 0.401794 0.426927 0.99318 0.742845 0.438349 
659 80 44 
0.982963 0.750625 0.966065 0.862667 0.398709 0.982594 0.558378 0.917489 
660 162 319 
0.445438 0.164671 0.0661556 0.1754 0.00449253 0.652524 0.849563 0.856743 
661 28 168 
0.950516 0.0576502 0.533425 0.190163 0.459444 0.960352 0.183343 0.202289 
662 237 222 
0.709149 0.381664 0.165137 0.675214 0.244331 0.563845 0.657808 0.802708 
663 122 356 
0.093463 0.926772 0.598787 0.159619 0.102173 0.603279 0.812143 0.951735 
664 453 172 
0.730052 0.410538 0.983541 0.263477 0.600701 0.442985 0.223828 0.784043 
665 470 76 
0.198555 0.354422 0.00419253 0.363691 0.0296359 0.248523 0.927537 0.687444 
666 117 399 
0.12156 0.144694 0.335644 0.720347 0.304313 0.437816 0.323626 0.116455 
667 215 498 
0.0423463 0.119603 0.194187 0.0258874 0.38308 0.794887 0.468872 0.606908 
668 438 461 
0.229437 0.777485 0.468568 0.23363 0.141177 0.498204 0.482153 0.0687138 
669 79 153 
0.477585 0.307208 0.678079 0.813228 0.0275549 0.982392 0.251045 0.351181 
670 278 406 
0.13483 0.141193 0.7602 0.329017 0.167081 0.14328 0.123904 0.635953 
671 32 596 
0.750099 0.979626 0.48032 0.218667 0.213255 0.621496 0.716871 0.695408 
672 251 204 
0.228793 0.167795 0.209727 0.906871 0.981024 0.237282 0.889263 0.232068 
673 224 655 
0.872664 0.723293 0.129303 0.632864 0.0523101 0.296384 0.776144 0.176214 
674 36 606 
0.879048 0.682436 0.505958 0.359368 0.901103 0.719213 0.980864 0.617974 
675 316 200 
0.520494 0.643414 0.83887 0.730221 0.550286 0.819893 0.967503 0.439548 
676 181 361 
0.427658 0.924626 0.27926 0.556962 0.55749 0.33157 0.853346 0.333634 
677 316 68 
0.859966 0.386832 0.468119 0.365924 0.7462 0.369222 0.0851373 0.727065 
678 108 449 
0.398139 0.50769 0.143173 0.237009 0.237911 0.693459 0.0569021 0.205414 
679 234 366 
0.761381 0.560666 0.0334895 0.0406408 0.117627 0.590979 0.372211 0.970973 
680 105 146 
0.756656 0.78458 0.266828 0.224774 0.150504 0.0130278 0.593996 0.235641 
681 242 94 
0.7354 0.138231 0.0888816 0.878573 0.37524 0.326792 0.572032 0.432142 
682 470 12 
0.541006 0.293587 0.265705 0.574496 0.334227 0.383332 0.165475 0.706438 
683 467 273 
0.586434 0.110961 0.874668 0.853261 0.335735 0.0251715 0.866289 0.929731 
684 46 622 
0.510923 0.996212 0.744613 0.599805 0.874786 0.119853 0.926597 0.446818 
685 258 1 
0.151857 0.0930019 0.752389 0.417562 0.667497 0.0866169 0.800895 0.832973 
686 61 513 
0.923061 0.379489 0.266161 0.797729 0.232751 0.601896 0.8229 0.0990397 
687 335 121 
0.705421 0.0425505 0.0799252 0.450034 0.642355 0.954711 0.569888 0.568952 
688 478 286 
0.0277549 0.553386 0.214885 0.780144 0.970948 0.882383 0.866761 0.771843 
689 330 532 
0.927043 0.638416 0.0393058 0.193204 0.436145 0.272056 0.7951 0.259046 
690 636 162 
0.342759 0.0765173 0.369278 0.422684 0.526552 0.011633 0.377395 0.0964394 
691 67 435 
0.218323 0.60834 0.332309 0.433208 0.388484 0.303257 0.315591 0.255245 
692 621 64 
0.915062 0.00214269 0.669363 0.954368 0.195346 0.105508 0.226424 0.990446 
693 484 300 
0.317174 0.707313 0.674037 0.686452 0.129997 0.200589 0.698085 0.507391 
694 224 551 
0.286314 0.515352 0.887009 0.618623 0.94856 0.275493 0.92188 0.264151 
695 531 450 
0.295098 0.445801 0.999123 0.964461 0.400169 0.194469 0.0699691 0.626593 
696 635 210 
0.224113 0.50209 0.141836 0.89815 0.188541 0.271833 0.0987396 0.886626 
697 629 63 
0.165295 0.0655389 0.91112 0.0523046 0.684162 0.85968 0.327798 0.606043 
698 116 633 
0.603023 0.418928 0.304338 0.602146 0.383389 0.704507 0.796615 0.453358 
699 505 549 
0.887882 0.555213 0.483621 0.0297179 0.453363 0.672162 0.301551 0.552103 
