47 6
0 1 1 0 1 1 1 0 0 0 1 0 1 1 1 0 0 0 0 1 0 0 1 1 1 1 1 0 0 0 1 1 0 1 0 0 1 1 0 0 0 0 1 1 0 0 0 
0 7 27 43 9 8 
0.841473 0.649818 0.8257 0.229999 0.384032 0.752855 0.00443763 0.869477 0.969483 0.971201 0.58534 0.764042 0.890967 0.325292 0.980038 0.0384001 0.450563 0.628764 0.482135 0.190637 0.00138008 0.356182 0.513978 0.134262 0.692338 0.0437128 0.492671 0.0965111 0.386959 0.932981 0.841842 0.228431 0.582799 0.667542 0.45843 0.966831 0.420398 0.462868 0.836308 0.389881 0.434069 0.421648 0.153923 0.325036 0.74694 0.133961 0.363436 0.197504 0.762725 0.84557 0.38814 0.764106 0.201753 0.902118 0.898367 0.89409 0.945831 0.391039 0.990601 0.33279 0.32402 0.832444 0.561221 0.906819 
1 16 11 13 44 25 
0.709957 0.310265 0.916588 0.131605 0.464189 0.241624 0.878545 0.59815 0.60506 0.0760493 0.360875 0.45063 0.46419 0.124981 0.652383 0.366308 0.023348 0.546473 0.312139 0.414387 0.537075 0.644929 0.738407 0.369518 0.20615 0.645225 0.869505 0.225801 0.518875 0.789889 0.70832 0.228832 0.100154 0.624908 0.360437 0.564342 0.866532 0.238982 0.162492 0.471591 0.315032 0.523367 0.922222 0.779222 0.648347 0.574604 0.14553 0.671695 0.121078 0.457669 0.0860821 0.658152 0.102598 0.824489 0.0276706 0.308748 0.469714 0.897175 0.534549 0.988589 0.687064 0.242869 0.217421 0.787218 
2 43 27 18 45 23 
0.514052 0.2059 0.131872 0.0374185 0.128122 0.911094 0.685766 0.702726 0.0566236 0.357461 0.823804 0.514293 0.443543 0.481956 0.616891 0.268032 0.509626 0.925639 0.737746 0.406802 0.460188 0.726335 0.0938657 0.703057 0.943756 0.881084 0.570833 0.521614 0.232644 0.305142 0.338455 0.746695 0.511042 0.470327 0.784114 0.639164 0.381421 0.46988 0.34189 0.438044 0.827341 0.165694 0.952337 0.270884 0.64765 0.569228 0.538916 0.157276 0.494866 0.276662 0.564078 0.955054 0.00299752 0.657944 0.658111 0.946754 0.539027 0.228944 0.468368 0.771671 0.534086 0.806823 0.518366 0.045128 
3 9 1 35 21 18 
0.5997 0.191875 0.0489516 0.870584 0.839525 0.618179 0.4095 0.996801 0.113046 0.686162 0.560879 0.0680998 0.689159 0.218822 0.72621 0.635913 0.757849 0.955154 0.104281 0.52952 0.48924 0.911104 0.0478859 0.534368 0.188254 0.350366 0.21866 0.846824 0.122725 0.244842 0.943438 0.722425 0.436717 0.99239 0.593008 0.276242 0.610569 0.00250796 0.273043 0.723615 0.68867 0.833922 0.791715 0.377829 0.0527447 0.517925 0.0137421 0.810594 0.47308 0.118023 0.340114 0.96232 0.0291274 0.388 0.496688 0.217381 0.738366 0.715348 0.0642049 0.86109 0.96019 0.00764325 0.583515 0.396907 
4 13 25 14 27 7 
0.946193 0.334218 0.867701 0.780115 0.125932 0.24553 0.83286 0.643858 0.259272 0.643454 0.116937 0.377296 0.983568 0.079257 0.406423 0.371568 0.575945 0.623804 0.109934 0.291293 0.688009 0.971024 0.251483 0.695652 0.554539 0.64839 0.695685 0.731063 0.321539 0.306288 0.910094 0.267732 0.640505 0.777795 0.0478472 0.766438 0.0233255 0.880707 0.410295 0.282598 0.524161 0.527232 0.659893 0.507729 0.606489 0.0663164 0.879298 0.182434 0.69012 0.989232 0.473728 0.378129 0.960256 0.725211 0.0737816 0.514795 0.373601 0.769467 0.245858 0.69514 0.0757549 0.155953 0.962872 0.71626 
5 28 0 33 13 29 
0.892993 0.239671 0.415587 0.420226 0.899565 0.923317 0.026715 0.965881 0.802614 0.209149 0.656002 0.791846 0.682877 0.034131 0.752102 0.408088 0.107913 0.266897 0.781689 0.87738 0.512755 0.476829 0.953134 0.668708 0.439701 0.669395 0.602456 0.450421 0.152093 0.55953 0.341847 0.0450858 0.799201 0.757435 0.465311 0.698766 0.680751 0.492026 0.664647 0.483365 0.701176 0.320648 0.275211 0.384053 0.354779 0.0273124 0.792141 0.462692 0.294209 0.573829 0.340072 0.806965 0.0506579 0.293206 0.475673 0.490359 0.962601 0.0781292 0.94078 0.114693 0.637659 0.282627 0.159779 0.43686 
6 9 12 4 29 20 
0.800273 0.204178 0.818293 0.120921 0.479389 0.202346 0.475701 0.506702 0.994486 0.938393 0.800911 0.568315 0.278464 0.607876 0.618973 0.57167 0.083549 0.109332 0.534271 0.161678 0.0501122 0.648964 0.799337 0.332739 0.808743 0.236197 0.372801 0.433833 0.371823 0.0936142 0.55095 0.172096 0.297793 0.369243 0.293017 0.777182 0.571589 0.768718 0.283883 0.566075 0.70711 0.0847944 0.13439 0.985574 0.69267 0.753363 0.557245 0.776219 0.862696 0.0915153 0.937898 0.912808 0.740479 0.737235 0.245547 0.549222 0.973432 0.618348 0.983055 0.345255 0.711963 0.534006 0.517351 0.00975508 
7 23 42 37 24 17 
0.0708201 0.0409118 0.286196 0.155615 0.175302 0.271771 0.848285 0.928665 0.829015 0.624504 0.791361 0.920531 0.562402 0.704169 0.66101 0.299637 0.949716 0.210232 0.273069 0.568064 0.193287 0.618324 0.280027 0.727293 0.135675 0.289782 0.630541 0.946044 0.0767186 0.105379 0.52513 0.147539 0.14629 0.811326 0.303153 0.321592 0.0830965 0.151438 0.250257 0.912112 0.775942 0.041618 0.832642 0.338344 0.745787 0.493652 0.637981 0.695502 0.703884 0.91105 0.263567 0.897171 0.529375 0.543593 0.624464 0.66505 0.833375 0.255006 0.611094 0.910094 0.360384 0.136223 0.0576324 0.506674 
8 32 0 45 46 10 
0.0785239 0.942757 0.288166 0.120142 0.7754 0.626511 0.865928 0.269052 0.264492 0.561431 0.972936 0.175542 0.824998 0.870107 0.704917 0.368591 0.494571 0.369967 0.201966 0.749577 0.98106 0.11206 0.109961 0.117283 0.169692 0.616636 0.0648321 0.530478 0.444902 0.0954775 0.0427014 0.523426 0.0382347 0.330868 0.643568 0.813634 0.957378 0.509497 0.0826861 0.22187 0.0709275 0.0556219 0.397412 0.895925 0.925729 0.102329 0.264516 0.4203 0.472295 0.466482 0.169878 0.453356 0.578542 0.279839 0.570639 0.748234 0.896475 0.635471 0.278711 0.341377 0.730948 0.321413 0.864803 0.769183 
9 41 23 22 34 3 
0.665503 0.831529 0.0887953 0.721125 0.228941 0.98472 0.646854 0.33127 0.249236 0.0671549 0.803565 0.715718 0.237032 0.256921 0.29426 0.516871 0.827559 0.0424933 0.413346 0.46303 0.321205 0.754723 0.193979 0.642617 0.619526 0.963162 0.294898 0.127897 0.545979 0.904556 0.145765 0.211482 0.736085 0.23456 0.932608 0.965026 0.21928 0.579462 0.296296 0.468517 0.646617 0.0998607 0.184235 0.883649 0.356781 0.478494 0.400521 0.184341 0.520988 0.813866 0.647371 0.842192 0.568589 0.84135 0.48481 0.188115 0.804512 0.779708 0.316012 0.350491 0.684264 0.461777 0.561973 0.420349 
10 40 45 34 42 26 
0.681671 0.384134 0.72066 0.781531 0.568369 0.604309 0.138313 0.0468631 0.00482962 0.322654 0.567851 0.818696 0.970025 0.410043 0.387285 0.811375 0.894853 0.5754 0.615886 0.67456 0.891412 0.966377 0.358824 0.353189 0.52835 0.779173 0.0495255 0.0229308 0.164548 0.965143 0.0969736 0.846219 0.349277 0.817633 0.62775 0.917646 0.421942 0.766063 0.964509 0.426772 0.088717 0.53236 0.245468 0.0587419 0.942403 0.632753 0.870117 0.837255 0.208153 0.486003 0.511815 0.0995646 0.45238 0.87064 0.452753 0.98073 0.649813 0.502279 0.00366095 0.814361 0.467422 0.100635 0.66058 0.816699 
11 12 9 21 32 25 
0.698853 0.766982 0.143111 0.231213 0.0124502 0.201853 0.173616 0.645203 0.0719696 0.0108708 0.853356 0.557973 0.522686 0.952921 0.0103527 0.393326 0.405674 0.991083 0.0431389 0.907952 0.994744 0.8575 0.375374 0.0953783 0.518081 0.192073 0.0136462 0.806411 0.926417 0.353856 0.860806 0.625271 0.120839 0.00391666 0.856484 0.133289 0.20577 0.0300995 0.778492 0.277739 0.0409704 0.631848 0.835712 0.563657 0.584769 0.846065 0.956983 0.990442 0.837147 0.000121377 0.898395 0.831891 0.857622 0.273769 0.927269 0.375702 0.465842 0.940916 0.182113 0.392259 0.294772 0.042919 0.01753 0.415611 
12 34 11 27 10 2 
0.327392 0.530345 0.945084 0.95924 0.366057 0.50874 0.544008 0.212121 0.465723 0.53445 0.0492684 0.465844 0.432845 0.88116 0.323466 0.706614 0.808429 0.699168 0.172456 0.749345 0.881281 0.564715 0.0441167 0.924201 0.582245 0.459727 0.971036 0.456259 0.00862701 0.223642 0.360373 0.336019 0.753986 0.305456 0.295258 0.120043 0.814197 0.839266 0.332164 0.27992 0.373717 0.381432 0.745764 0.806562 0.262592 0.0692302 0.513176 0.0710207 0.768398 0.685632 0.820365 0.64968 0.250348 0.864482 0.57388 0.832593 0.324209 0.544916 0.288852 0.332836 0.768558 0.649225 0.668855 0.522544 
13 3 24 42 1 31 
0.97475 0.0487978 0.177097 0.356183 0.794562 0.983659 0.618774 0.863792 0.496835 0.689795 0.63219 0.182467 0.51016 0.28187 0.432815 0.374642 0.85575 0.265408 0.698852 0.400667 0.55426 0.0316884 0.169225 0.203484 0.700543 0.691769 0.158165 0.664657 0.334355 0.927043 0.468037 0.309106 0.975841 0.645133 0.665288 0.770403 0.628792 0.284063 0.634195 0.125627 0.973858 0.266386 0.308095 0.484018 0.548256 0.74091 0.858661 0.404006 0.00631723 0.557513 0.804673 0.560577 0.589201 0.973897 0.764061 0.289744 0.665666 0.922226 0.954401 2.11857e-05 0.84927 0.422438 0.309127 0.825111 
14 21 45 30 26 16 
0.82199 0.232336 0.496095 0.130085 0.716354 0.0443509 0.870994 0.575014 0.448357 0.877311 0.132527 0.25303 0.437888 0.721728 0.226927 0.201949 0.011472 0.892593 0.124176 0.965873 0.892614 0.973446 0.388311 0.201741 0.798556 0.455882 0.176156 0.39407 0.152245 0.434634 0.623779 0.974235 0.66697 0.119874 0.10432 0.383323 0.164225 0.975314 0.958337 0.612582 0.852626 0.0908642 0.865612 0.290514 0.812592 0.092539 0.492463 0.824064 0.985132 0.616639 0.789937 0.877746 0.590085 0.178248 0.0794872 0.388641 0.63413 0.255643 0.782711 0.786375 0.690277 0.40649 0.76061 0.357247 
15 14 24 40 30 21 
0.698908 0.303172 0.69287 0.789772 0.168784 0.983384 0.602364 0.261323 0.475848 0.426428 0.246455 0.0924871 0.216365 0.124201 0.682572 0.394613 0.203688 0.0712132 0.0287431 0.459332 0.853924 0.815118 0.149609 0.260415 0.575729 0.506856 0.78678 0.440659 0.247427 0.477369 0.280904 0.946334 0.780542 0.973774 0.736106 0.949326 0.957158 0.33847 0.210649 0.433006 0.764898 0.457104 0.525493 0.981263 0.581305 0.208065 0.375876 0.784993 0.279279 0.404619 0.244325 0.133203 0.219737 0.393934 0.393618 0.795466 0.90079 0.180397 0.236125 0.148217 0.657767 0.517029 0.0945513 0.438308 
16 41 37 7 19 27 
0.598282 0.880968 0.934026 0.055386 0.406461 0.915289 0.636691 0.614527 0.291164 0.421684 0.893805 0.695783 0.666009 0.0270082 0.91552 0.0599426 0.420626 0.710986 0.960733 0.601023 0.947112 0.10895 0.25879 0.464141 0.203501 0.697098 0.954944 0.0341587 0.0847321 0.402906 0.203287 0.683014 0.283874 0.137312 0.738401 0.690336 0.0526009 0.375091 0.304862 0.343765 0.796775 0.198668 0.0395485 0.462784 0.225676 0.955069 0.522726 0.646302 0.666055 0.483459 0.247325 0.613167 0.592409 0.506115 0.0773082 0.79591 0.203214 0.0322526 0.830069 0.287946 0.435159 0.0333553 0.97096 0.719033 
17 7 6 1 27 9 
0.714231 0.567034 0.881227 0.912899 0.606582 0.344011 0.138575 0.561651 0.866737 0.784877 0.227707 0.350196 0.0322021 0.840874 0.942605 0.538317 0.918182 0.738515 0.741531 0.950435 0.568584 0.0294765 0.385594 0.601939 0.000436539 0.104627 0.772607 0.709797 0.513995 0.995876 0.794249 0.228227 0.562909 0.675476 0.141126 0.169492 0.0194867 0.279701 0.731143 0.886224 0.0645774 0.95885 0.23642 0.0967795 0.799724 0.179025 0.635097 0.717906 0.91754 0.376628 0.668341 0.486124 0.406104 0.0539342 0.0880634 0.406541 0.158561 0.86067 0.116338 0.672556 0.856546 0.910587 0.900783 0.419455 
18 9 4 46 26 27 
0.32009 0.491773 0.386187 0.27894 0.728193 0.482966 0.0786642 0.907218 0.118063 0.79657 0.824758 0.494691 0.464911 0.310882 0.900795 0.518845 0.398946 0.307335 0.677406 0.259616 0.423673 0.349962 0.116162 0.33426 0.250745 0.535617 0.920323 0.292654 0.124564 0.525872 0.614263 0.444654 0.0176454 0.000449882 0.723594 0.745838 0.483416 0.802259 0.653056 0.601479 0.598829 0.477814 0.0961696 0.0637398 0.788696 0.996964 0.582585 0.187642 0.3043 0.259991 0.447258 0.727973 0.609953 0.563419 0.0622332 0.860699 0.0990362 0.982556 0.153353 0.2236 0.508428 0.767616 0.668254 0.526074 
19 12 32 1 13 38 
0.792936 0.402782 0.949131 0.856676 0.191479 0.946095 0.439261 0.379121 0.250395 0.699252 0.826378 0.978368 0.309206 0.389798 0.0406014 0.169905 0.488834 0.0231575 0.323258 0.712434 0.531586 0.0908737 0.380689 0.0576596 0.85894 0.772537 0.329572 0.110422 0.966645 0.25454 0.963383 0.759581 0.657322 0.912514 0.616258 0.848801 0.858609 0.0555189 0.227921 0.109004 0.754771 0.0542996 0.0873718 0.063977 0.444097 0.127973 0.233882 0.932931 0.151131 0.557139 0.645365 0.682717 0.648013 0.0260539 0.740376 0.506953 0.798591 0.0699478 0.617375 0.765236 0.324488 0.580758 0.524818 0.98181 
20 43 40 15 46 38 
0.0585316 0.460883 0.951365 0.112831 0.548255 0.0153424 0.556928 0.676228 0.249224 0.48986 0.827359 0.806363 0.135225 0.510075 0.454376 0.161279 0.250452 0.961329 0.95987 0.320399 0.578703 0.725107 0.644887 0.159461 0.249924 0.626696 0.652732 0.391 0.457307 0.00461183 0.587594 0.515838 0.465495 0.538959 0.628669 0.0137505 0.554302 0.185598 0.689979 0.803526 0.675458 0.517338 0.609889 0.810683 0.0274133 0.0642649 0.971962 0.277865 0.0255938 0.931832 0.598264 0.604297 0.656939 0.243151 0.763758 0.906863 0.869848 0.41649 0.297863 0.327154 0.421102 0.885457 0.842993 0.886597 
21 29 3 10 30 14 
0.782243 0.332718 0.107664 0.392132 0.1434 0.135078 0.456397 0.115362 0.412943 0.481991 0.0471945 0.0112068 0.0862879 0.704133 0.254358 0.850046 0.610997 0.124205 0.266536 0.90886 0.45136 0.687638 0.794316 0.294352 0.574235 0.218732 0.766014 0.474583 0.19745 0.423274 0.0649097 0.979693 0.755992 0.172574 0.371825 0.899392 0.307652 0.828222 0.0147541 0.720594 0.310212 0.0619486 0.731801 0.3965 0.766082 0.986159 0.246546 0.377079 0.110364 0.513083 0.285938 0.561724 0.200721 0.0802548 0.856076 0.774956 0.298987 0.622091 0.249539 0.496437 0.0453648 0.314449 0.47613 0.801356 
22 36 40 14 15 35 
0.715503 0.515269 0.986388 0.777451 0.24707 0.382889 0.543533 0.233229 0.629435 0.920612 0.343593 0.142518 0.206551 0.905317 0.343238 0.286805 0.761394 0.118194 0.585792 0.383485 0.367734 0.082229 0.428849 0.682183 0.558359 0.230206 0.169206 0.406313 0.930954 0.963881 0.082489 0.646457 0.47915 0.0688775 0.423908 0.72622 0.451766 0.967441 0.959449 0.0812013 0.888053 0.303042 0.223719 0.0946038 0.20836 0.566957 0.381409 0.969754 0.685152 0.967201 0.353238 0.0528855 0.0494304 0.782088 0.735068 0.607789 0.0122938 0.904275 0.014102 0.943248 0.868156 0.096591 0.589705 0.347306 
23 30 34 33 36 45 
0.0329752 0.698436 0.869107 0.336018 0.922155 0.963711 0.544378 0.489112 0.34512 0.514131 0.174264 0.312321 0.86737 0.227149 0.361752 0.649458 0.962218 0.969541 0.661751 0.866492 0.983643 0.604999 0.734648 0.0802337 0.194704 0.0819541 0.245702 0.208317 0.15548 0.862937 0.189371 0.188455 0.561373 0.0584781 0.524473 0.483528 0.022189 0.0688506 0.97264 0.367309 0.582982 0.146904 0.67963 0.450352 0.374053 0.041382 0.0998095 0.336271 0.0109228 0.761561 0.202763 0.994566 0.36656 0.937412 0.0747992 0.561265 0.0193657 0.320501 0.769582 0.174846 0.183438 0.958953 0.363301 0.744811 
24 19 12 15 0 35 
0.20098 0.406929 0.539607 0.347883 0.0865591 0.989959 0.721937 0.127941 0.089768 0.0582075 0.138864 0.851329 0.260971 0.133429 0.217889 0.198382 0.208229 0.779154 0.217748 0.52873 0.548736 0.392594 0.712168 0.507689 0.755895 0.45698 0.525119 0.64367 0.685319 0.564739 0.600294 0.886299 0.971668 0.139901 0.234182 0.0582271 0.12986 0.956119 0.186168 0.219628 0.0143263 0.325032 0.0709567 0.275297 0.458462 0.288846 0.47368 0.66669 0.0680001 0.691428 0.19542 0.616736 0.0840218 0.907589 0.124424 0.839917 0.364568 0.649544 0.483587 0.0498876 0.214283 0.083881 0.936186 0.185951 
25 42 31 16 38 40 
0.57327 0.140814 0.755378 0.644226 0.416111 0.21384 0.933073 0.88979 0.88053 0.00107262 0.581218 0.0759504 0.617809 0.66524 0.983539 0.742233 0.505157 0.348107 0.391777 0.988744 0.397995 0.60606 0.0726249 0.334181 0.792011 0.296407 0.50455 0.0361892 0.650049 0.631037 0.466536 0.223319 0.771851 0.221914 0.867545 0.187962 0.435754 0.800618 0.077752 0.316284 0.801691 0.65897 0.392235 0.419499 0.324211 0.375774 0.161732 0.829368 0.723881 0.553509 0.818112 0.121876 0.159569 0.890737 0.456057 0.95158 0.187144 0.960607 0.987769 0.837193 0.591644 0.454305 0.0605118 0.363495 
26 41 32 35 39 33 
0.629208 0.428257 0.530366 0.288179 0.820492 0.949865 0.612389 0.196265 0.111597 0.441757 0.920146 0.665106 0.259869 0.0420218 0.824675 0.150605 0.498079 0.776255 0.337749 0.458686 0.764024 0.174942 0.0503295 0.218329 0.235454 0.413824 0.894548 0.163511 0.96528 0.00652104 0.892186 0.594488 0.434778 0.422552 0.882667 0.25527 0.372416 0.495056 0.451535 0.484013 0.936813 0.371681 0.149119 0.196682 0.413703 0.973794 0.347287 0.911782 0.750049 0.685036 0.370467 0.514073 0.859977 0.420797 0.732402 0.0954308 0.834621 0.626951 0.258942 0.799901 0.633472 0.151128 0.39439 0.0682498 
27 26 29 25 6 15 
0.430109 0.708926 0.146736 0.579228 0.905607 0.560439 0.553022 0.252894 0.472221 0.303071 0.93793 0.842688 0.817144 0.797907 0.263485 0.549546 0.893338 0.0981056 0.176497 0.152279 0.898007 0.809969 0.303407 0.292396 0.878218 0.877086 0.569453 0.201738 0.823181 0.341565 0.976793 0.25329 0.0504911 0.123529 0.832518 0.956098 0.683968 0.385539 0.208992 0.156189 0.68861 0.146922 0.998877 0.505754 0.944829 0.262362 0.0553002 0.838166 0.360467 0.231797 0.990446 0.258474 0.0417658 0.293852 0.55087 0.919984 0.170938 0.120323 0.121722 0.99412 0.461888 0.0985153 0.24741 0.512379 
28 41 15 1 39 4 
0.67747 0.0622011 0.154076 0.824392 0.0610779 0.65983 0.769221 0.323439 0.71513 0.607387 0.683907 0.946927 0.597833 0.94238 0.988693 0.891685 0.49325 0.908677 0.0626236 0.613573 0.0303998 0.0567432 0.0754611 0.128915 0.304153 0.58784 0.350959 0.38408 0.0563178 0.256972 0.849546 0.733788 0.319173 0.00362225 0.55818 0.380251 0.663452 0.3274 0.70369 0.378583 0.934787 0.387597 0.32551 0.53262 0.329977 0.314203 0.424305 0.823228 0.222881 0.486929 0.436801 0.25328 0.543672 0.512262 0.382195 0.847825 0.100102 0.733155 0.231905 0.15642 0.990127 0.0814506 0.890208 0.309299 
29 25 13 6 42 12 
0.39324 0.127108 0.710576 0.780837 0.452618 0.243196 0.110815 0.766821 0.667501 0.934043 0.989701 0.15443 0.370844 0.242982 0.698102 0.883106 0.625177 0.545927 0.983208 0.358332 0.777832 0.139629 0.348459 0.859282 0.0298366 0.657758 0.944355 0.478224 0.347308 0.69288 0.254012 0.740549 0.819988 0.964588 0.521386 0.272606 0.207784 0.632201 0.0394265 0.875285 0.566244 0.029128 0.029715 0.937088 0.27211 0.727817 0.820193 0.897287 0.273745 0.803402 0.255619 0.0515763 0.94303 0.604078 0.910859 0.972867 0.261836 0.855214 0.451091 0.609144 0.548094 0.705104 0.349693 0.368082 
30 13 7 42 8 12 
0.680115 0.75276 0.0695239 0.709243 0.782475 0.00661151 0.981352 0.510292 0.826805 0.87864 0.784037 0.630207 0.134259 0.835613 0.573237 0.738336 0.746472 0.546104 0.000172275 0.601686 0.997195 0.609316 0.14978 0.702298 0.959009 0.517862 0.37199 0.830088 0.158551 0.249465 0.333368 0.838665 0.00222485 0.402892 0.547908 0.7847 0.409504 0.52926 0.294992 0.236309 0.4079 0.079029 0.866515 0.542159 0.914642 0.439752 0.280495 0.661114 0.985856 0.280667 0.262799 0.983051 0.889984 0.412579 0.685349 0.848993 0.930442 0.057339 0.679081 0.0889924 0.306804 0.0124496 0.927658 0.309029 
31 25 8 33 5 44 
0.388721 0.0611546 0.412726 0.46775 0.92767 0.954884 0.382392 0.367422 0.235379 0.0435056 0.353278 0.516047 0.306305 0.336329 0.40603 0.718884 0.0216786 0.255023 0.649326 0.0790176 0.934104 0.738319 0.385822 0.946554 0.665976 0.69485 0.361896 0.141542 0.788579 0.186742 0.146368 0.1773 0.247896 0.559093 0.64505 0.175566 0.513978 0.0274413 0.542988 0.749357 0.070947 0.896267 0.265404 0.377252 0.232596 0.671434 0.0961365 0.254275 0.926457 0.745463 0.333292 0.860561 0.483781 0.719114 0.807115 0.149758 0.413964 0.169011 0.291299 0.202543 0.355753 0.437667 0.379843 0.603649 
32 14 4 18 23 1 
0.322203 0.260095 0.123281 0.21847 0.525499 0.500533 0.451066 0.196932 0.596669 0.705341 0.123389 0.342132 0.0386334 0.983951 0.825914 0.757747 0.791066 0.975671 0.171712 0.960077 0.266971 0.374255 0.31583 0.704637 0.754098 0.919478 0.701398 0.778991 0.698693 0.212136 0.831325 0.0208964 0.47223 0.954605 0.239367 0.997729 0.455138 0.690433 0.194661 0.0518077 0.395774 0.318051 0.39394 0.434407 0.302002 0.219853 0.192155 0.0930678 0.195525 0.363866 0.053145 0.462495 0.738121 0.368975 0.167133 0.492219 0.288453 0.86853 0.27121 0.987146 0.0806658 0.102534 0.00804282 0.552896 
33 26 39 6 17 43 
0.745287 0.564086 0.333616 0.0633374 0.958026 0.768023 0.365339 0.177879 0.960178 0.458407 0.373404 0.324044 0.511552 0.835899 0.0621653 0.880527 0.00303144 0.554385 0.16898 0.871562 0.825595 0.156126 0.952227 0.928129 0.164169 0.505124 0.985269 0.411578 0.055749 0.497547 0.34942 0.801036 0.061633 0.683036 0.864373 0.0196587 0.45106 0.229712 0.197538 0.411237 0.688119 0.570942 0.735281 0.199671 0.406841 0.797447 0.0801974 0.409872 0.351831 0.249177 0.281434 0.177426 0.405303 0.233661 0.105555 0.569472 0.738785 0.0908235 0.981051 0.794534 0.588371 0.330471 0.595569 0.650004 
34 36 21 16 40 23 
0.8672 0.875804 0.377773 0.438142 0.611085 0.577444 0.844982 0.408532 0.657642 0.254854 0.760363 0.906819 0.536288 0.937789 0.312122 0.769949 0.0433434 0.881594 0.508734 0.134167 0.862645 0.303268 0.722538 0.193116 0.898837 0.372541 0.206623 0.35878 0.0422035 0.67119 0.0484341 0.909404 0.546994 0.426207 0.347546 0.15808 0.00365166 0.192528 0.566612 0.661293 0.447382 0.326975 0.568112 0.983671 0.264764 0.880234 0.75362 0.308107 0.761828 0.262354 0.442274 0.624473 0.565622 0.164812 0.817589 0.464459 0.537353 0.0242129 0.823239 0.579556 0.695403 0.871673 0.48896 0.242398 
35 32 45 28 9 5 
0.967089 0.962825 0.476416 0.294064 0.530937 0.460086 0.558828 0.411171 0.213706 0.866935 0.173 0.47606 0.309209 0.797473 0.0416819 0.474021 0.615063 0.506141 0.011374 0.639276 0.32938 0.59093 0.334679 0.201053 0.0798903 0.577076 0.498933 0.916396 0.977554 0.800466 0.945429 0.944643 0.763291 0.421845 0.238708 0.294228 0.881932 0.797536 0.7054 0.0956381 0.664471 0.8784 0.571698 0.973681 0.675873 0.61338 0.447702 0.290936 0.119521 0.459076 0.930212 0.448901 0.050006 0.264891 0.649954 0.129896 0.841967 0.148888 0.0462922 0.819521 0.949353 0.991722 0.764164 0.712644 
36 19 11 10 8 46 
0.712273 0.391137 0.464879 0.590672 0.962835 0.43856 0.266546 0.576216 0.886261 0.557481 0.695737 0.345337 0.487693 0.144638 0.395343 0.752584 0.794592 0.525239 0.594551 0.94348 0.571532 0.414072 0.892833 0.563253 0.178236 0.605478 0.97682 0.181108 0.612351 0.272319 0.981516 0.324623 0.663456 0.446395 0.915296 0.626292 0.884955 0.181841 0.202507 0.771216 0.739323 0.898244 0.116553 0.227016 0.0428821 0.511896 0.979599 0.837474 0.0371356 0.57415 0.780955 0.608667 0.988222 0.673788 0.17192 0.166458 0.279266 0.148741 0.347566 0.891616 0.42106 0.329082 0.216239 0.0845161 
37 18 1 7 16 11 
0.913315 0.431648 0.0526986 0.811559 0.548201 0.279714 0.854441 0.0600973 0.259314 0.691916 0.097233 0.833464 0.47287 0.7059 0.821685 0.146658 0.877821 0.988143 0.425924 0.0265612 0.335708 0.31754 0.447621 0.66479 0.533779 0.532137 0.440267 0.665314 0.242945 0.100699 0.97869 0.15626 0.532346 0.031389 0.967819 0.0805475 0.311103 0.82226 0.140645 0.570417 0.514175 0.237878 0.40388 0.987045 0.943778 0.225565 0.133703 0.821599 0.213708 0.559627 0.84816 0.549417 0.877167 0.295781 0.214207 0.410947 0.827918 0.654474 0.0762611 0.070863 0.755172 0.0549516 0.227123 0.287519 
38 3 31 19 44 5 
0.508711 0.967861 0.531377 0.746589 0.371741 0.518423 0.690367 0.597306 0.652126 0.511966 0.811015 0.211753 0.360126 0.360431 0.0889206 0.655907 0.574638 0.499867 0.483825 0.229112 0.576128 0.554688 0.984284 0.63108 0.781811 0.271803 0.717421 0.976752 0.639869 0.114864 0.993954 0.148581 0.082725 0.525331 0.89517 0.454466 0.0437538 0.585537 0.0517723 0.69588 0.0975028 0.862787 0.907633 0.457628 0.223218 0.996554 0.113535 0.797856 0.496421 0.59736 0.0269678 0.0725494 0.152047 0.0112519 0.703629 0.933858 0.283055 0.42105 0.91061 0.922924 0.535914 0.904564 0.071505 0.618639 
39 45 35 4 24 23 
0.124878 0.169529 0.649715 0.987664 0.0771623 0.107343 0.210883 0.073716 0.220878 0.0087387 0.570137 0.818238 0.0357065 0.642686 0.970285 0.0469585 0.346316 0.904143 0.330013 0.767366 0.814753 0.252938 0.30328 0.719317 0.324443 0.921919 0.149213 0.291117 0.995025 0.622862 0.843329 0.119902 0.792391 0.493044 0.107567 0.869553 0.600387 0.318449 0.943269 0.821265 0.327188 0.513406 0.639503 0.362894 0.156093 0.609788 0.409853 0.502408 0.513931 0.739866 0.269774 0.328683 0.992804 0.573054 0.0480006 0.317247 0.494973 0.197213 0.608364 0.489998 0.820075 0.451693 0.6099 0.612466 
40 0 32 44 37 16 
0.425288 0.366389 0.363104 0.938694 0.00589205 0.725998 0.0947868 0.61568 0.135851 0.597195 0.12961 0.875717 0.866969 0.458294 0.868521 0.440023 0.506294 0.185767 0.934997 0.703508 0.794131 0.424995 0.523583 0.245825 0.034895 0.136048 0.190562 0.752362 0.618067 0.735686 0.788277 0.0433552 0.102075 0.151381 0.982049 0.107967 0.877379 0.0768362 0.723647 0.0132299 0.674031 0.853257 0.888947 0.541001 0.311551 0.757468 0.981024 0.817845 0.943235 0.916021 0.521353 0.737367 0.341016 0.0449355 0.983191 0.375911 0.180984 0.173753 0.128272 0.799051 0.909438 0.91655 0.842406 0.0115131 
41 25 20 21 15 2 
0.843127 0.95854 0.575323 0.696384 0.847487 0.116324 0.00793488 0.604955 0.0973477 0.82578 0.54819 0.0133686 0.347133 0.285556 0.354384 0.392069 0.268747 0.730295 0.573053 0.4425 0.858568 0.372104 0.351938 0.775118 0.21451 0.363451 0.843049 0.0389657 0.482931 0.788359 0.940257 0.326058 0.746899 0.515581 0.0224421 0.594386 0.631904 0.0303769 0.19934 0.729252 0.856157 0.74753 0.742621 0.20329 0.0330865 0.0970049 0.595359 0.301834 0.8273 0.168412 0.744334 0.685868 0.540516 0.096272 0.460985 0.755026 0.459723 0.304034 0.793991 0.942655 0.0923928 0.734249 0.268713 0.839292 
42 46 44 15 36 20 
0.633017 0.610986 0.177689 0.380548 0.353606 0.380979 0.413634 0.450611 0.976339 0.715468 0.277911 0.144751 0.459802 0.963779 0.685266 0.556074 0.424764 0.440292 0.0157968 0.728798 0.234283 0.958451 0.821191 0.968532 0.227164 0.660483 0.218361 0.518319 0.0941598 0.100095 0.839851 0.727177 0.711081 0.0175397 0.107725 0.0646873 0.398519 0.521359 0.515299 0.374858 0.236827 0.79321 0.519609 0.696628 0.756989 0.204875 0.252702 0.181753 0.645167 0.268499 0.910552 0.87945 0.22695 0.731743 0.847982 0.454114 0.392225 0.0663436 0.972433 0.486385 0.166439 0.812284 0.213562 0.87752 
43 22 7 28 44 16 
0.0794724 0.250715 0.122809 0.776101 0.00770438 0.327684 0.0288024 0.189458 0.972851 0.297301 0.100009 0.852301 0.524251 0.831752 0.700283 0.978365 0.223977 0.766627 0.950799 0.710362 0.933066 0.763083 0.923924 0.810586 0.592907 0.245211 0.752793 0.82125 0.0878571 0.210298 0.42445 0.16733 0.461014 0.54726 0.94343 0.468718 0.874944 0.972233 0.658176 0.847795 0.269534 0.758185 0.700097 0.793785 0.589937 0.40038 0.77215 0.813914 0.167007 0.722949 0.524276 0.100073 0.486031 0.4482 0.910658 0.078938 0.693412 0.663451 0.900188 0.781269 0.873749 0.324638 0.948598 0.334763 
44 35 27 26 13 5 
0.461656 0.594638 0.133795 0.219841 0.294734 0.927579 0.809778 0.695114 0.699729 0.623692 0.862121 0.422678 0.147968 0.962194 0.90871 0.596168 0.872852 0.987648 0.28958 0.536303 0.887835 0.0708492 0.410052 0.212473 0.0194477 0.744815 0.0843709 0.911476 0.548296 0.831213 0.775737 0.00995238 0.425851 0.909532 0.229794 0.720585 0.837111 0.0395718 0.415699 0.536841 0.663264 0.27782 0.959519 0.811232 0.240014 0.868228 0.4074 0.112867 0.855876 0.69698 0.64917 0.743711 0.76783 0.0592222 0.956184 0.787277 0.804037 0.040555 0.698753 0.352333 0.871768 0.474491 0.362286 0.297618 
45 16 26 32 1 9 
0.433902 0.757975 0.294915 0.711722 0.717493 0.106146 0.951736 0.585722 0.513547 0.064603 0.441598 0.210527 0.713773 0.185309 0.978357 0.772995 0.141493 0.765634 0.577032 0.182048 0.464387 0.929365 0.0538157 0.938878 0.291651 0.351434 0.322901 0.88373 0.369637 0.544035 0.515381 0.803539 0.302009 0.810296 0.515262 0.0195025 0.916443 0.466998 0.605224 0.429989 0.531601 0.0468218 0.640516 0.245374 0.232131 0.618873 0.0183687 0.373623 0.384507 0.595401 0.555671 0.848894 0.524766 0.609487 0.787772 0.816417 0.960921 0.110673 0.700148 0.330558 0.654707 0.215529 0.134097 0.956716 
46 29 6 2 36 13 
0.581443 0.372257 0.647958 0.628265 0.0127734 0.893332 0.860395 0.631646 0.9117 0.234019 0.0161529 0.507101 0.78969 0.865047 0.0318677 0.399176 0.652819 0.848285 0.360097 0.763491 0.548433 0.690655 0.418198 0.763962 0.824753 0.374915 0.789787 0.474112 0.351133 0.732055 0.590469 0.932576 0.104312 0.238427 0.560841 0.117086 0.131758 0.421237 0.748732 0.0434587 0.655255 0.764885 0.55056 0.444945 0.629931 0.582428 0.844121 0.28275 0.430713 0.204218 0.046241 0.979146 0.894873 0.464439 0.743107 0.719626 0.839354 0.532894 0.193738 0.190487 0.264949 0.784206 0.123064 0.369261 
