2000 2
1 0 0 1 1 1 1 1 1 1 1 0 1 0 0 1 0 0 1 0 1 1 1 1 1 0 0 1 1 0 0 1 1 1 1 1 1 0 0 1 0 0 0 0 1 0 0 0 1 0 0 1 1 0 1 1 1 1 0 0 0 1 0 0 1 1 1 1 0 0 0 1 1 1 0 1 0 0 0 1 1 1 1 1 1 0 0 1 0 1 0 1 1 0 0 1 0 0 1 1 1 0 1 1 1 0 1 0 1 1 0 0 1 1 0 1 0 1 0 1 1 1 1 1 0 0 1 1 0 0 1 0 1 1 1 1 1 1 1 1 1 0 0 0 0 0 0 1 0 1 1 1 0 1 1 1 1 0 0 0 1 0 1 1 1 1 0 1 0 0 1 0 1 1 1 1 0 1 1 1 1 0 1 0 0 0 1 0 1 0 1 1 1 0 1 1 0 0 1 1 1 0 1 0 0 1 0 1 1 0 1 0 1 0 1 1 1 1 0 1 0 1 1 1 0 1 1 1 1 0 0 1 1 0 0 0 0 1 0 1 1 0 0 1 1 0 1 1 1 1 1 0 1 1 0 0 0 1 0 0 0 1 0 0 0 0 1 0 0 0 0 0 1 1 1 0 0 1 0 0 1 1 0 1 1 1 0 0 1 0 1 0 0 1 1 0 0 1 1 1 0 0 1 1 0 1 0 1 1 1 1 0 1 0 0 0 0 0 1 1 1 0 0 0 0 1 1 1 1 1 1 1 0 1 1 1 1 0 0 0 0 0 1 1 1 0 0 0 1 0 0 1 1 0 1 0 0 1 0 0 0 1 0 1 1 0 0 0 1 1 1 1 0 1 1 0 0 0 1 1 1 1 1 0 0 1 1 1 0 1 0 1 1 0 1 1 1 0 0 0 0 0 0 1 0 0 0 0 1 1 0 1 1 0 0 0 1 1 0 0 1 1 0 1 0 0 1 1 0 1 0 1 0 1 0 0 0 1 1 0 1 0 0 1 1 0 0 1 0 1 0 0 0 1 0 1 1 0 1 0 0 0 0 0 0 1 1 1 0 1 0 0 0 0 1 0 1 0 1 0 1 0 1 0 1 0 0 1 1 1 0 1 0 1 0 0 0 0 0 1 0 0 0 1 1 0 0 1 0 0 0 0 0 0 1 0 1 0 0 1 0 1 1 0 1 0 1 0 1 0 0 0 1 0 0 1 1 0 1 0 1 0 1 0 1 1 1 1 1 0 0 0 0 0 1 1 0 1 0 0 1 0 0 1 1 1 0 1 0 0 1 1 0 1 0 0 0 1 1 0 0 0 1 0 1 0 0 0 0 1 0 0 0 1 1 0 1 0 1 1 1 1 1 0 1 0 0 0 0 0 1 0 1 0 1 1 1 0 1 0 0 0 0 0 0 0 1 0 1 1 0 1 1 0 1 0 0 0 1 1 1 0 0 1 1 0 1 1 1 1 0 1 0 1 0 1 0 0 1 0 1 0 1 1 0 1 0 1 0 1 1 0 0 1 0 0 0 0 0 1 1 1 1 0 0 0 1 1 1 1 1 1 0 1 0 1 1 1 1 0 1 0 1 0 0 0 1 1 1 0 1 1 1 1 1 0 0 1 0 1 1 0 1 0 0 0 1 0 1 1 1 1 0 1 1 1 0 1 0 1 1 0 1 1 1 1 0 0 1 1 0 1 1 1 1 0 0 1 0 0 1 0 1 1 1 1 1 0 1 0 0 1 0 1 1 0 1 0 1 0 1 1 0 1 1 0 0 0 0 1 0 1 1 0 1 1 0 1 0 0 1 0 1 0 0 1 1 0 1 1 1 1 1 1 1 1 0 0 1 0 1 0 0 1 1 0 1 0 0 0 1 0 1 1 1 0 0 1 0 0 0 0 0 0 0 0 1 0 1 1 1 1 0 0 1 0 1 1 1 0 1 1 0 1 0 0 1 1 1 0 0 0 1 1 1 1 0 1 0 0 1 0 1 0 1 1 1 1 0 1 0 0 0 1 0 1 1 0 1 1 1 0 0 0 0 0 0 1 1 1 0 1 0 0 1 0 1 1 0 0 0 1 1 1 0 0 1 0 0 1 0 0 0 1 1 1 0 0 1 0 0 0 1 1 0 1 0 0 1 1 1 0 0 1 0 1 0 0 0 1 0 1 1 1 1 1 1 0 1 1 0 0 1 0 1 0 0 0 1 0 1 1 0 0 1 1 0 0 1 1 1 0 1 1 1 1 1 1 0 1 0 1 1 0 0 1 1 1 0 1 1 0 1 0 1 1 0 0 0 0 0 0 0 0 0 0 0 1 0 0 1 1 0 1 0 0 1 0 0 1 0 0 0 0 1 1 0 1 0 0 0 0 1 1 1 1 0 1 1 0 0 1 0 1 0 0 0 0 1 0 0 1 1 0 0 0 0 0 0 1 1 1 0 1 0 1 1 1 1 1 0 0 0 0 0 1 1 0 0 1 1 0 1 1 1 1 0 0 0 1 0 0 0 0 0 1 0 1 1 0 1 1 1 0 0 0 0 0 1 0 0 1 1 1 0 1 1 1 0 0 0 1 1 1 0 0 1 1 0 1 0 1 1 0 0 0 0 0 1 0 1 1 1 1 1 0 1 1 0 0 0 1 0 0 1 0 1 1 0 1 0 0 1 0 1 0 0 0 1 0 0 1 0 0 1 0 1 1 0 0 0 1 1 0 0 1 1 1 0 0 1 1 1 1 0 0 0 1 1 1 1 0 1 0 1 0 0 1 0 1 1 0 0 1 1 1 1 1 1 0 0 1 0 1 1 0 0 1 0 0 1 0 0 1 0 0 0 1 1 0 1 1 1 0 1 1 1 1 1 1 1 0 0 0 0 0 1 1 0 1 1 0 0 0 1 1 1 0 1 1 1 0 1 1 1 1 1 1 0 1 0 0 1 1 1 0 0 0 1 0 0 1 1 1 0 1 0 0 1 0 1 1 1 1 0 0 0 0 0 1 1 1 0 1 1 0 0 1 1 0 0 0 0 0 1 1 1 0 1 1 1 1 1 0 1 0 1 0 0 0 0 0 1 1 0 1 1 1 1 1 1 0 1 0 0 1 1 0 0 1 0 0 1 0 1 1 0 1 1 1 1 0 0 1 1 1 1 1 1 0 1 1 1 1 1 0 1 1 1 0 1 0 0 1 0 0 1 1 1 1 1 1 1 0 1 1 0 1 1 0 0 1 1 1 0 1 0 0 1 1 0 1 0 1 1 1 0 1 1 0 0 1 0 0 0 0 0 1 1 0 1 0 0 1 0 1 1 0 1 1 0 0 1 1 0 1 0 1 1 0 1 0 1 0 1 0 0 0 1 0 1 1 1 1 1 1 1 1 0 1 1 1 0 1 1 1 1 0 0 1 0 0 1 0 1 1 1 0 1 1 1 1 1 0 1 1 0 0 1 1 0 1 1 0 1 1 0 1 1 1 0 0 0 0 1 1 0 1 0 0 0 1 1 0 0 1 1 1 0 1 1 0 0 1 1 0 1 0 1 1 1 0 0 0 1 0 0 0 1 0 0 0 0 0 1 1 0 1 1 0 0 1 1 1 1 1 0 1 0 0 0 0 1 1 0 1 1 1 1 1 0 0 0 1 1 0 1 0 1 1 1 0 1 1 0 1 1 1 0 1 1 1 0 1 1 1 0 1 0 0 1 1 1 0 0 1 0 0 0 0 1 1 1 1 1 0 0 0 0 1 0 0 1 1 1 1 0 0 0 1 1 0 1 1 0 0 1 1 0 0 0 0 0 0 0 1 1 1 0 0 1 1 0 1 1 0 0 0 1 1 0 1 0 1 1 1 0 1 1 1 0 0 0 0 1 0 0 1 0 1 1 1 1 0 1 1 1 0 1 1 0 0 1 0 0 1 0 0 1 1 0 0 0 0 1 1 1 0 1 0 0 1 0 0 0 1 1 0 0 1 0 0 0 0 1 0 0 0 1 0 0 0 0 0 1 0 0 1 0 0 1 1 1 0 1 0 0 1 0 0 1 1 1 0 1 1 1 0 0 1 0 0 1 1 1 1 0 0 0 1 1 0 0 1 1 0 1 1 0 0 0 0 0 0 1 0 0 0 0 1 0 1 0 0 1 0 1 0 1 0 1 0 1 0 0 1 1 0 1 0 1 0 1 1 1 1 0 0 0 1 1 0 1 0 1 1 0 1 1 0 0 1 1 0 0 1 1 0 0 1 1 1 1 1 1 1 1 0 1 1 1 1 0 1 0 0 0 1 1 0 1 0 0 1 0 1 1 0 0 1 0 0 1 0 0 1 1 0 0 1 0 0 1 1 1 0 1 0 1 1 1 1 0 0 1 1 0 0 0 1 0 0 0 0 1 1 0 1 0 1 1 0 1 1 0 1 1 0 0 1 0 0 1 0 1 1 0 0 0 0 0 1 1 1 0 1 1 1 0 0 0 0 1 0 1 1 0 1 0 1 1 0 0 1 1 0 1 0 1 1 
0 1954 
0.19403 0.961842 0.121984 0.942537 
1 1800 
0.927218 0.322783 0.150164 0.438873 
2 1362 
0.990621 0.581801 0.938428 0.285954 
3 1687 
0.328996 0.0985787 0.196545 0.995026 
4 1385 
0.145092 0.0930769 0.633958 0.425683 
5 1029 
0.719367 0.552174 0.684955 0.389967 
6 728 
0.913522 0.583996 0.465532 0.0355059 
7 15 
0.863427 0.962724 0.849317 0.0135908 
8 33 
0.406541 0.00421134 0.983399 0.344969 
9 1625 
0.267447 0.673965 0.388744 0.463992 
10 1939 
0.945898 0.609084 0.762068 0.579857 
11 254 
0.379664 0.299224 0.586942 0.0646191 
12 1263 
0.0906309 0.978141 0.273187 0.556162 
13 803 
0.79972 0.419589 0.976371 0.649037 
14 1380 
0.377969 0.0555779 0.437392 0.361368 
15 1387 
0.727557 0.628814 0.0745116 0.116301 
16 1177 
0.743503 0.0621996 0.70189 0.505571 
17 1075 
0.736657 0.885235 0.94128 0.323599 
18 876 
0.630471 0.41423 0.927996 0.903657 
19 1196 
0.941643 0.703378 0.389982 0.918014 
20 740 
0.823162 0.295983 0.407993 0.260553 
21 1153 
0.808539 0.98811 0.286165 0.883051 
22 1966 
0.378971 0.626554 0.166611 0.0808604 
23 34 
0.808667 0.817518 0.0173602 0.749947 
24 853 
0.967215 0.380418 0.555346 0.89521 
25 989 
0.525738 0.836853 0.987453 0.91572 
26 36 
0.339868 0.738881 0.0508494 0.74786 
27 1117 
0.7082 0.556399 0.987545 0.994364 
28 52 
0.0919562 0.373335 0.0660039 0.258567 
29 1084 
0.198129 0.0672345 0.271713 0.215489 
30 595 
0.412829 0.182704 0.1976 0.968175 
31 671 
0.481675 0.493913 0.914767 0.469128 
32 1243 
0.669633 0.808995 0.148514 0.720483 
33 13 
0.147948 0.428683 0.113255 0.135493 
34 768 
0.552705 0.227449 0.796382 0.618709 
35 156 
0.250577 0.816838 0.553251 0.52229 
36 883 
0.370433 0.935119 0.21503 0.568032 
37 237 
0.292944 0.0497074 0.397208 0.207711 
38 206 
0.80684 0.877344 0.327831 0.955354 
39 1861 
0.884686 0.103302 0.0265098 0.997941 
40 480 
0.449557 0.550646 0.466244 0.245939 
41 585 
0.95226 0.496516 0.986192 0.505511 
42 1136 
0.018519 0.875944 0.953926 0.233549 
43 1963 
0.857221 0.526493 0.493684 0.254428 
44 1160 
0.012519 0.0612685 0.611548 0.34035 
45 383 
0.209375 0.225036 0.119925 0.235885 
46 557 
0.35872 0.685442 0.773622 0.824964 
47 1245 
0.942977 0.777224 0.427897 0.92917 
48 1574 
0.947689 0.15868 0.40063 0.181238 
49 1709 
0.257851 0.707731 0.0963397 0.512279 
50 746 
0.108859 0.573548 0.0534835 0.449208 
51 880 
0.262859 0.674244 0.710095 0.498744 
52 396 
0.0688144 0.184186 0.670843 0.893778 
53 1495 
0.61382 0.671002 0.543464 0.54299 
54 859 
0.990168 0.490679 0.112418 0.390798 
55 1597 
0.715074 0.648649 0.379648 0.811413 
56 1231 
0.821583 0.920272 0.734476 0.875066 
57 437 
0.324646 0.137925 0.043724 0.0347412 
58 295 
0.940945 0.103556 0.820855 0.611788 
59 144 
0.936421 0.225608 0.668336 0.479885 
60 793 
0.622074 0.470053 0.259276 0.734492 
61 558 
0.931193 0.449565 0.509501 0.31084 
62 1353 
0.670429 0.132423 0.18125 0.404905 
63 1857 
0.550731 0.729552 0.145415 0.594455 
64 900 
0.782084 0.535399 0.867849 0.602939 
65 915 
0.865183 0.53936 0.372794 0.533519 
66 1156 
0.141392 0.155593 0.489299 0.400668 
67 1488 
0.35015 0.331861 0.339651 0.859651 
68 1886 
0.600629 0.53008 0.775124 0.78188 
69 1911 
0.782614 0.33261 0.664537 0.928029 
70 735 
0.42883 0.710112 0.462464 0.296679 
71 105 
0.609651 0.161862 0.852411 0.982445 
72 484 
0.871657 0.123837 0.850974 0.360955 
73 351 
0.741059 0.711105 0.856366 0.0807098 
74 1962 
0.499067 0.681339 0.100836 0.274191 
75 1146 
0.0358218 0.056805 0.795829 0.700359 
76 140 
0.722894 0.129189 0.694946 0.185358 
77 1727 
0.00799723 0.795009 0.58773 0.860408 
78 1692 
0.283111 0.732065 0.901291 0.134085 
79 1081 
0.425796 0.875144 0.804126 0.282162 
80 117 
0.374882 0.781229 0.637193 0.475718 
81 92 
0.100412 0.51154 0.112225 0.896241 
82 145 
0.0970589 0.619135 0.341089 0.792005 
83 737 
0.766957 0.800002 0.599502 0.354687 
84 930 
0.376956 0.637798 0.392475 0.278247 
85 173 
0.485496 0.704044 0.647027 0.289621 
86 1015 
0.602881 0.664503 0.767435 0.240073 
87 787 
0.822855 0.340485 0.651761 0.93508 
88 1744 
0.863661 0.0321394 0.855862 0.204749 
89 587 
0.660355 0.971707 0.624147 0.259858 
90 1699 
0.284557 0.636814 0.964192 0.677033 
91 1498 
0.736075 0.162528 0.619105 0.383102 
92 960 
0.605311 0.985983 0.116652 0.372746 
93 1673 
0.256873 0.195601 0.566541 0.908635 
94 1008 
0.803267 0.772295 0.162821 0.659129 
95 1224 
0.986966 0.319484 0.948751 0.611112 
96 756 
0.275145 0.895669 0.216156 0.239337 
97 216 
0.131217 0.975413 0.73523 0.750322 
98 539 
0.187379 0.355633 0.344497 0.304031 
99 732 
0.570553 0.560905 0.923981 0.137095 
100 272 
0.0546624 0.940362 0.241835 0.217484 
101 1418 
0.218879 0.204449 0.918975 0.16763 
102 575 
0.498317 0.442775 0.711231 0.714473 
103 1838 
0.283933 0.84569 0.657525 0.0191629 
104 1858 
0.01604 0.206542 0.951645 0.360537 
105 532 
0.680025 0.931091 0.0714784 0.604005 
106 1455 
0.541018 0.658668 0.00854773 0.782853 
107 461 
0.608039 0.00173185 0.0806004 0.527014 
108 560 
0.896162 0.025331 0.612138 0.607392 
109 129 
0.29425 0.891325 0.585493 0.951776 
110 1963 
0.181505 0.967816 0.11703 0.13315 
111 679 
0.627604 0.813175 0.259444 0.699082 
112 1638 
0.32763 0.2401 0.0758478 0.336177 
113 245 
0.951999 0.944216 0.0246844 0.0325995 
114 1192 
0.194047 0.928761 0.496561 0.806184 
115 919 
0.236365 0.100434 0.427479 0.821858 
116 174 
0.337967 0.0033633 0.0200256 0.454997 
117 961 
0.348379 0.0826005 0.949689 0.607822 
118 650 
0.366869 0.935452 0.0217826 0.442717 
119 1297 
0.0447352 0.394716 0.215845 0.0694196 
120 510 
0.687076 0.263466 0.356076 0.183637 
121 1083 
0.89223 0.420002 0.170085 0.319709 
122 1867 
0.222295 0.657675 0.245223 0.24232 
123 699 
0.381737 0.590699 0.195272 0.331425 
124 1727 
0.976955 0.698294 0.133974 0.998737 
125 929 
0.405603 0.0434726 0.535727 0.621448 
126 161 
0.963042 0.308524 0.376358 0.319118 
127 339 
0.446009 0.211348 0.912162 0.616094 
128 50 
0.154022 0.838389 0.188732 0.399245 
129 1337 
0.301404 0.780982 0.671408 0.496676 
130 270 
0.86993 0.473631 0.810701 0.00390311 
131 827 
0.951712 0.409506 0.515841 0.487439 
132 936 
0.628733 0.450481 0.339477 0.00509134 
133 1096 
0.831638 0.4511 0.980948 0.7438 
134 1590 
0.512005 0.897822 0.905582 0.700737 
135 1235 
0.986291 0.00214085 0.078048 0.657699 
136 782 
0.190455 0.527629 0.972447 0.00115639 
137 722 
0.444816 0.952869 0.941038 0.960656 
138 395 
0.971992 0.589389 0.890789 0.311469 
139 1341 
0.660389 0.143107 0.0455807 0.641338 
140 285 
0.112775 0.153343 0.784729 0.0183569 
141 555 
0.081795 0.00464829 0.856221 0.159843 
142 1010 
0.355037 0.350298 0.189977 0.327485 
143 505 
0.721509 0.7723 0.304323 0.662547 
144 608 
0.744631 0.634539 0.322346 0.635421 
145 1553 
0.916827 0.29581 0.0891156 0.962407 
146 993 
0.976023 0.0751818 0.0904903 0.760751 
147 845 
0.94457 0.842546 0.098187 0.800791 
148 580 
0.760535 0.155828 0.352687 0.950512 
149 1144 
0.704141 0.672021 0.255614 0.00846463 
150 917 
0.98857 0.753096 0.969107 0.310916 
151 998 
0.915115 0.227743 0.684327 0.00423081 
152 436 
0.621474 0.980253 0.265332 0.711964 
153 1145 
0.358871 0.656534 0.583551 0.457058 
154 608 
0.58594 0.217592 0.613154 0.938627 
155 847 
0.0964668 0.642768 0.840125 0.35208 
156 205 
0.174693 0.340651 0.404329 0.143799 
157 1643 
0.792845 0.0589147 0.87931 0.477172 
158 0 
0.0694602 0.0986461 0.0433989 0.334792 
159 679 
0.784403 0.693663 0.467145 0.367954 
160 92 
0.92447 0.953894 0.368313 0.537624 
161 1953 
0.536417 0.634091 0.535289 0.376542 
162 29 
0.186522 0.551235 0.326822 0.590851 
163 553 
0.978389 0.383697 0.753949 0.857699 
164 1182 
0.817094 0.927159 0.959515 0.860493 
165 1779 
0.770125 0.644897 0.955614 0.23727 
166 1273 
0.106335 0.16174 0.966745 0.474648 
167 865 
0.859266 0.011065 0.333455 0.394555 
168 1903 
0.319626 0.581077 0.938842 0.646447 
169 1279 
0.633876 0.624836 0.555625 0.387825 
170 1739 
0.416493 0.204919 0.409694 0.376008 
171 714 
0.671645 0.146133 0.71031 0.627259 
172 309 
0.723161 0.733594 0.545144 0.689905 
173 1165 
0.244508 0.549171 0.219307 0.577962 
174 759 
0.606914 0.897588 0.524804 0.545755 
175 560 
0.696732 0.179631 0.168871 0.252357 
176 1113 
0.651406 0.66885 0.772376 0.0610999 
177 522 
0.837788 0.732745 0.190992 0.548098 
178 408 
0.574395 0.271258 0.0935975 0.119538 
179 1628 
0.301839 0.364046 0.510335 0.521146 
180 1301 
0.454061 0.128059 0.839596 0.978865 
181 1726 
0.383631 0.675597 0.853446 0.552502 
182 931 
0.420902 0.203909 0.596804 0.193278 
183 1350 
0.641662 0.0310662 0.997753 0.832654 
184 1414 
0.357757 0.407048 0.850422 0.451355 
185 753 
0.811586 0.753194 0.890633 0.321921 
186 1123 
0.832641 0.775983 0.402398 0.672237 
187 1080 
0.076213 0.0558684 0.430444 0.929659 
188 522 
0.358398 0.350561 0.812279 0.955202 
189 1432 
0.0772879 0.596864 0.574905 0.0750412 
190 1139 
0.154069 0.432798 0.836566 0.00449182 
191 463 
0.363153 0.816078 0.637347 0.253785 
192 1769 
0.911686 0.0864266 0.913982 0.314085 
193 257 
0.66883 0.390298 0.814532 0.0992745 
194 1376 
0.422903 0.457672 0.670518 0.235183 
195 176 
0.214357 0.312471 0.00973761 0.789262 
196 1159 
0.439255 0.943331 0.82031 0.27582 
197 644 
0.704463 0.638973 0.763901 0.34181 
198 262 
0.901901 0.253496 0.979185 0.815883 
199 1107 
0.737849 0.484713 0.957879 0.552381 
200 1928 
0.277835 0.975285 0.0416601 0.948353 
201 715 
0.454534 0.16271 0.522938 0.464272 
202 1271 
0.910449 0.903526 0.895303 0.73076 
203 575 
0.843126 0.435223 0.81832 0.607027 
204 105 
0.711078 0.508928 0.0305297 0.690264 
205 560 
0.598111 0.428113 0.809524 0.555989 
206 546 
0.393512 0.833825 0.955778 0.435172 
207 1393 
0.166245 0.889706 0.944887 0.689183 
208 1364 
0.896859 0.599633 0.257504 0.792161 
209 1733 
0.436851 0.635287 0.765615 0.255171 
210 471 
0.542648 0.966249 0.751243 0.573178 
211 963 
0.0760536 0.171289 0.0846256 0.885578 
212 1983 
0.0651194 0.27909 0.561103 0.0208978 
213 1602 
0.34328 0.187143 0.603968 0.288167 
214 732 
0.957946 0.185026 0.475959 0.21545 
215 1888 
0.806351 0.652301 0.612475 0.571966 
216 1109 
0.854789 0.114615 0.873721 0.606032 
217 1157 
0.530234 0.682085 0.859081 0.61486 
218 1531 
0.586359 0.679979 0.846753 0.147462 
219 347 
0.561015 0.490743 0.888021 0.164983 
220 288 
0.764347 0.122928 0.963936 0.240306 
221 1617 
0.941123 0.0466571 0.990679 0.553598 
222 1602 
0.898151 0.408387 0.733238 0.771872 
223 319 
0.42103 0.302107 0.696504 0.280112 
224 1050 
0.264167 0.866471 0.596946 0.110921 
225 1499 
0.297823 0.671935 0.504676 0.185844 
226 277 
0.283586 0.950191 0.959847 0.247522 
227 775 
0.298225 0.188645 0.237154 0.288904 
228 196 
0.855777 0.187055 0.15063 0.589015 
229 636 
0.165049 0.0100457 0.261034 0.861553 
230 143 
0.178001 0.125721 0.156628 0.774947 
231 784 
0.170562 0.0727702 0.908577 0.675238 
232 1506 
0.745495 0.958823 0.208805 0.705341 
233 112 
0.399302 0.00356627 0.39499 0.636456 
234 946 
0.137232 0.492233 0.479525 0.287862 
235 1256 
0.438452 0.452911 0.0912939 0.699486 
236 655 
0.381451 0.877487 0.440185 0.53808 
237 1445 
0.676826 0.708641 0.725204 0.585402 
238 1566 
0.983818 0.330897 0.342702 0.192623 
239 1442 
0.549047 0.591925 0.0398047 0.944037 
240 1642 
0.332275 0.0812689 0.720614 0.8118 
241 1339 
0.801862 0.250252 0.822042 0.893156 
242 429 
0.136507 0.274607 0.827226 0.576691 
243 1329 
0.47966 0.253517 0.521328 0.204864 
244 1198 
0.905207 0.188683 0.169816 0.247909 
245 34 
0.206055 0.796956 0.973231 0.245859 
246 1018 
0.201611 0.578134 0.822261 0.922225 
247 1305 
0.191393 0.724087 0.640187 0.013435 
248 388 
0.589925 0.149942 0.89185 0.417151 
249 1933 
0.704536 0.896811 0.98015 0.225864 
250 195 
0.819069 0.131071 0.290358 0.988885 
251 1618 
0.671664 0.19494 0.175936 0.644895 
252 510 
0.916928 0.846506 0.0189331 0.73919 
253 1233 
0.408867 0.930582 0.492818 0.0490539 
254 1487 
0.11006 0.638979 0.0939587 0.00191004 
255 1052 
0.820591 0.706446 0.952942 0.800741 
256 1784 
0.0546169 0.61981 0.0633818 0.344975 
257 587 
0.442362 0.0166386 0.803635 0.618298 
258 1678 
0.244434 0.535226 0.508039 0.263367 
259 1626 
0.27677 0.672234 0.204998 0.769588 
260 63 
0.149015 0.879648 0.360267 0.242974 
261 393 
0.416397 0.0635655 0.588005 0.369339 
262 327 
0.520315 0.423956 0.484117 0.583697 
263 159 
0.0928116 0.0260591 0.785569 0.896446 
264 1980 
0.447103 0.14088 0.179583 0.955142 
265 875 
0.453999 0.231912 0.0764806 0.658997 
266 792 
0.797769 0.808012 0.881148 0.158036 
267 667 
0.762707 0.574433 0.114552 0.350711 
268 1306 
0.978859 0.871027 0.367728 0.462975 
269 413 
0.136659 0.555787 0.480783 0.922228 
270 1145 
0.12514 0.369331 0.593113 0.304723 
271 954 
0.997359 0.758722 0.556384 0.0738401 
272 1545 
0.557884 0.871609 0.225732 0.439032 
273 734 
0.276718 0.201739 0.604078 0.39127 
274 1971 
0.54785 0.370129 0.423477 0.915578 
275 1473 
0.878201 0.0522365 0.388891 0.358984 
276 914 
0.841124 0.484124 0.343795 0.434237 
277 1069 
0.668268 0.431596 0.54757 0.224652 
278 644 
0.965289 0.782536 0.377045 0.191021 
279 1090 
0.40669 0.467739 0.423307 0.010767 
280 1121 
0.975757 0.558617 0.229139 0.399234 
281 802 
0.0622427 0.277435 0.526431 0.451134 
282 393 
0.500896 0.292258 0.120544 0.844691 
283 1190 
0.909391 0.512959 0.158091 0.456961 
284 1842 
0.663527 0.42225 0.520146 0.0405727 
285 1419 
0.741714 0.447262 0.0810103 0.16502 
286 188 
0.94002 0.140777 0.0166459 0.169158 
287 696 
0.49084 0.231401 0.817446 0.0172713 
288 147 
0.453866 0.518167 0.974792 0.574409 
289 1263 
0.701287 0.483801 0.875816 0.859378 
290 101 
0.613427 0.522905 0.363012 0.133572 
291 1847 
0.976283 0.875286 0.0107402 0.0572929 
292 431 
0.468769 0.997313 0.181083 0.485415 
293 299 
0.721094 0.976256 0.397872 0.53854 
294 719 
0.0804071 0.992406 0.511694 0.0551994 
295 1970 
0.874552 0.756486 0.0506156 0.750368 
296 328 
0.991377 0.363794 0.13877 0.354389 
297 1148 
0.702248 0.330671 0.372653 0.712988 
298 1058 
0.412959 0.181757 0.385277 0.594042 
299 1927 
0.551748 0.315136 0.643428 0.949621 
300 253 
0.636955 0.0300279 0.846081 0.148649 
301 196 
0.412896 0.0232003 0.841714 0.463512 
302 1258 
0.457578 0.454889 0.137363 0.596347 
303 974 
0.63473 0.298595 0.139949 0.00738234 
304 1922 
0.527914 0.420341 0.19334 0.913191 
305 535 
0.860512 0.464939 0.329518 0.50394 
306 643 
0.183194 0.140895 0.444588 0.0292749 
307 1237 
0.529815 0.442171 0.312744 0.371529 
308 1186 
0.0863127 0.829107 0.360572 0.223676 
309 1320 
0.16985 0.858405 0.724049 0.309799 
310 472 
0.735632 0.837713 0.286129 0.928972 
311 936 
0.300511 0.789484 0.215843 0.630029 
312 778 
0.630403 0.813223 0.43432 0.0749903 
313 565 
0.723864 0.604805 0.284669 0.0366087 
314 1382 
0.190352 0.122921 0.805441 0.550924 
315 1207 
0.230894 0.720774 0.205002 0.954943 
316 307 
0.0707895 0.690575 0.868285 0.356918 
317 842 
0.619189 0.657429 0.409031 0.835031 
318 698 
0.702456 0.465434 0.100682 0.136776 
319 464 
0.94318 0.86064 0.14523 0.227849 
320 1236 
0.121564 0.418201 0.0201702 0.927004 
321 725 
0.366767 0.157899 0.689898 0.571769 
322 643 
0.720471 0.642559 0.803417 0.588756 
323 174 
0.422964 0.207945 0.656906 0.831995 
324 1001 
0.944365 0.534451 0.50841 0.0450464 
325 1222 
0.0488347 0.988226 0.531867 0.194064 
326 926 
0.429116 0.315628 0.634275 0.449286 
327 1381 
0.6034 0.816054 0.400531 0.293298 
328 1050 
0.513373 0.0137682 0.0303815 0.316791 
329 907 
0.0298584 0.739755 0.810469 0.686764 
330 141 
0.853445 0.631129 0.106201 0.361856 
331 127 
0.777428 0.410691 0.664402 0.309296 
332 1489 
0.880476 0.738412 0.920383 0.514752 
333 859 
0.163016 0.118151 0.00375177 0.563547 
334 1820 
0.391575 0.0769205 0.425217 0.421956 
335 236 
0.0277413 0.451814 0.133466 0.83821 
336 1978 
0.705216 0.691656 0.769708 0.811417 
337 1414 
0.445884 0.588846 0.464202 0.110285 
338 402 
0.0689572 0.990762 0.636553 0.98934 
339 189 
0.824252 0.152356 0.623665 0.828003 
340 495 
0.0351138 0.219578 0.792824 0.460331 
341 1830 
0.186535 0.488072 0.0933485 0.320001 
342 875 
0.231927 0.025217 0.0179386 0.00163554 
343 918 
0.0714503 0.447519 0.42548 0.535652 
344 683 
0.323622 0.60461 0.548567 0.960175 
345 185 
0.0540803 0.784427 0.746306 0.677745 
346 547 
0.46221 0.712859 0.832008 0.255033 
347 800 
0.473543 0.441568 0.661262 0.566891 
348 797 
0.987545 0.798818 0.786786 0.00548373 
349 1696 
0.62342 0.076934 0.247973 0.0489008 
350 1416 
0.805778 0.372523 0.217196 0.354345 
351 158 
0.811146 0.408425 0.117125 0.557453 
352 1247 
0.729556 0.0196622 0.799029 0.561564 
353 1928 
0.972219 0.0351069 0.716264 0.633482 
354 683 
0.477832 0.621027 0.400816 0.264618 
355 1330 
0.20127 0.888039 0.703445 0.449243 
356 544 
0.316031 0.255021 0.309462 0.533227 
357 1968 
0.642161 0.344374 0.0177912 0.759286 
358 833 
0.103962 0.488842 0.921488 0.902991 
359 1234 
0.196184 0.87521 0.0855135 0.912447 
360 1819 
0.687511 0.39028 0.129719 0.0883277 
361 714 
0.75623 0.289598 0.542937 0.459674 
362 1722 
0.479876 0.775705 0.993863 0.789339 
363 1508 
0.603229 0.4315 0.653306 0.62102 
364 1550 
0.555132 0.724982 0.679628 0.47662 
365 1031 
0.730035 0.672804 0.503183 0.815548 
366 1666 
0.011875 0.503059 0.975531 0.141594 
367 172 
0.630429 0.897823 0.880985 0.173366 
368 307 
0.619826 0.653242 0.133203 0.613689 
369 1529 
0.442135 0.216918 0.874081 0.0954414 
370 1280 
0.0648666 0.650574 0.56292 0.744495 
371 974 
0.190893 0.474529 0.799998 0.694076 
372 1983 
0.385249 0.705951 0.793137 0.36078 
373 520 
0.384524 0.991209 0.745368 0.265509 
374 257 
0.102866 0.885335 0.817817 0.236069 
375 602 
0.260398 0.678204 0.715943 0.134479 
376 1191 
0.553881 0.199346 0.424219 0.116801 
377 1255 
0.551413 0.307694 0.418369 0.351411 
378 1776 
0.708446 0.736661 0.707721 0.501583 
379 950 
0.555266 0.886107 0.0886503 0.300634 
380 1838 
0.253225 0.4035 0.0369506 0.0710426 
381 1442 
0.535975 0.331441 0.317773 0.251918 
382 1094 
0.0914185 0.805799 0.665265 0.515638 
383 613 
0.609105 0.0670507 0.230295 0.0274747 
384 1958 
0.232065 0.735921 0.155122 0.939786 
385 434 
0.252563 0.495052 0.123611 0.341214 
386 1186 
0.275227 0.594439 0.199186 0.312177 
387 1244 
0.838755 0.848152 0.996923 0.156528 
388 16 
0.462842 0.247946 0.905868 0.128108 
389 3 
0.828468 0.737213 0.830635 0.058763 
390 692 
0.249096 0.290828 0.500609 0.404219 
391 1543 
0.738113 0.656782 0.725666 0.861724 
392 318 
0.521352 0.136951 0.592435 0.720538 
393 836 
0.257917 0.559293 0.29728 0.25484 
394 657 
0.39735 0.717682 0.963768 0.303218 
395 1675 
0.727352 0.131687 0.583003 0.557986 
396 1124 
0.347691 0.807083 0.481277 0.8483 
397 595 
0.711891 0.586413 0.868084 0.437557 
398 1594 
0.86608 0.958909 0.585088 0.458515 
399 836 
0.034216 0.716432 0.238741 0.331496 
400 752 
0.954563 0.728846 0.688954 0.91833 
401 542 
0.534744 0.645682 0.16375 0.117747 
402 1929 
0.3542 0.465437 0.0107508 0.835477 
403 1741 
0.222052 0.547368 0.90015 0.0901362 
404 1101 
0.348288 0.956216 0.943835 0.933376 
405 863 
0.623282 0.967592 0.131164 0.862023 
406 253 
0.102436 0.816586 0.0279336 0.79139 
407 578 
0.0599974 0.326134 0.380598 0.223748 
408 1776 
0.584266 0.577948 0.909318 0.595017 
409 714 
0.223055 0.817069 0.960793 0.123206 
410 855 
0.945718 0.471493 0.863422 0.889553 
411 1698 
0.278153 0.512835 0.372461 0.409317 
412 1015 
0.671549 0.511752 0.191445 0.699482 
413 846 
0.926361 0.75948 0.629276 0.306959 
414 995 
0.0731561 0.891225 0.561175 0.982474 
415 1273 
0.9746 0.205529 0.303312 0.935393 
416 276 
0.210517 0.881111 0.800228 0.0739385 
417 77 
0.205097 0.352091 0.283499 0.577558 
418 1577 
0.658358 0.249107 0.273161 0.849803 
419 1105 
0.576303 0.776164 0.708069 0.205578 
420 511 
0.691296 0.278735 0.974348 0.252471 
421 1142 
0.46059 0.227071 0.466738 0.763902 
422 12 
0.795472 0.974419 0.0435746 0.5957 
423 290 
0.814238 0.800797 0.400449 0.0977376 
424 1256 
0.161857 0.756095 0.627462 0.435017 
425 241 
0.57605 0.0113201 0.382062 0.284119 
426 192 
0.465184 0.975415 0.495633 0.439532 
427 402 
0.756842 0.900122 0.454957 0.223579 
428 817 
0.617421 0.0190518 0.638443 0.660996 
429 1932 
0.6868 0.475234 0.415549 0.0872486 
430 1444 
0.793904 0.249105 0.329067 0.421366 
431 667 
0.934965 0.997416 0.695443 0.317027 
432 746 
0.912342 0.782211 0.256951 0.407975 
433 546 
0.484837 0.164817 0.121866 0.939795 
434 137 
0.78589 0.557216 0.407448 0.424333 
435 976 
0.0221999 0.111133 0.693445 0.437749 
436 358 
0.266417 0.231653 0.447487 0.595484 
437 93 
0.13161 0.53045 0.650436 0.827052 
438 94 
0.931971 0.739394 0.629688 0.188922 
439 194 
0.851431 0.673759 0.312185 0.973297 
440 1608 
0.700581 0.759187 0.170769 0.108029 
441 1882 
0.38898 0.130229 0.294652 0.0824253 
442 0 
0.493034 0.348842 0.799632 0.94052 
443 134 
0.452651 0.0721298 0.474776 0.103086 
444 1263 
0.322253 0.0350574 0.638576 0.951941 
445 1304 
0.785945 0.803372 0.897738 0.0981306 
446 724 
0.511291 0.798712 0.535857 0.68206 
447 253 
0.719376 0.0710399 0.0369705 0.0140288 
448 66 
0.604949 0.507062 0.502308 0.40458 
449 557 
0.446634 0.857231 0.519713 0.921411 
450 287 
0.418895 0.243663 0.995375 0.0574712 
451 888 
0.219354 0.843416 0.998976 0.117092 
452 749 
0.775646 0.628383 0.740259 0.311502 
453 624 
0.647 0.0308786 0.381483 0.683971 
454 1971 
0.534948 0.28892 0.55197 0.0372555 
455 86 
0.999553 0.48389 0.550731 0.519265 
456 1980 
0.511049 0.93816 0.648964 0.506424 
457 1381 
0.844568 0.725778 0.839047 0.843544 
458 561 
0.780594 0.61919 0.471252 0.520853 
459 623 
0.781695 0.167854 0.961571 0.163178 
460 1846 
0.0064784 0.698125 0.140745 0.558448 
461 516 
0.834245 0.558001 0.219271 0.384976 
462 1343 
0.624571 0.896025 0.0154258 0.273535 
463 1630 
0.0110569 0.118103 0.128226 0.850104 
464 463 
0.971096 0.630699 0.580838 0.442348 
465 1653 
0.51153 0.224043 0.319406 0.473101 
466 646 
0.171231 0.479579 0.0853464 0.311975 
467 1906 
0.820727 0.14622 0.596029 0.0399981 
468 224 
0.673295 0.664569 0.42722 0.68872 
469 1335 
0.829669 0.699777 0.0562073 0.957895 
470 1483 
0.0178549 0.928991 0.18058 0.598693 
471 1254 
0.332132 0.110223 0.595383 0.651538 
472 170 
0.982604 0.822769 0.0629032 0.06795 
473 1090 
0.100931 0.888677 0.280964 0.696959 
474 1313 
0.81216 0.370254 0.593245 0.23938 
475 385 
0.531349 0.0690494 0.758752 0.587556 
476 1429 
0.308633 0.605411 0.955936 0.489213 
477 904 
0.327275 0.821345 0.314326 0.922658 
478 1726 
0.89765 0.905262 0.295653 0.960553 
479 57 
0.430397 0.061484 0.861889 0.711361 
480 898 
0.790564 0.523521 0.128697 0.383809 
481 1994 
0.187672 0.915158 0.831951 0.946423 
482 1708 
0.858895 0.255056 0.108125 0.814831 
483 395 
0.312228 0.142107 0.565615 0.626554 
484 1094 
0.0384983 0.524204 0.970026 0.334151 
485 460 
0.943238 0.764548 0.546241 0.805127 
486 1970 
0.304685 0.595691 0.999429 0.433382 
487 1093 
0.762331 0.621054 0.894658 0.594281 
488 16 
0.397372 0.453177 0.822533 0.505497 
489 1408 
0.566803 0.817725 0.410115 0.132418 
490 538 
0.47488 0.170916 0.968484 0.444906 
491 933 
0.453241 0.388144 0.269615 0.999482 
492 1794 
0.745523 0.304167 0.788962 0.744953 
493 784 
0.768463 0.507283 0.358603 0.663121 
494 848 
0.92608 0.0604927 0.554742 0.748614 
495 1078 
0.82275 0.315417 0.383714 0.232865 
496 958 
0.827994 0.707745 0.61875 0.796477 
497 713 
0.123817 0.249718 0.540794 0.393432 
498 1737 
0.734065 0.138955 0.553367 0.523027 
499 1460 
0.290917 0.29149 0.391191 0.64952 
500 596 
0.492756 0.5756 0.0151033 0.0474978 
501 1684 
0.581093 0.870248 0.63963 0.964807 
502 1053 
0.0874648 0.792801 0.810857 0.706215 
503 963 
0.963508 0.830032 0.838996 0.504303 
504 1994 
0.0881966 0.238368 0.362419 0.641564 
505 1608 
0.246327 0.93248 0.052885 0.637518 
506 1713 
0.00749557 0.130274 0.1576 0.0225989 
507 726 
0.481814 0.603692 0.0480199 0.121444 
508 1701 
0.151133 0.208909 0.3613 0.96199 
509 59 
0.950578 0.925498 0.745157 0.789574 
510 322 
0.968621 0.87777 0.668169 0.33104 
511 1859 
0.429564 0.577367 0.451815 0.482449 
512 1790 
0.0338149 0.489944 0.34516 0.191415 
513 218 
0.522932 0.673229 0.116235 0.570952 
514 999 
0.684734 0.722085 0.00358183 0.0460331 
515 134 
0.918706 0.996611 0.609573 0.663862 
516 110 
0.0393743 0.632483 0.663955 0.707543 
517 1349 
0.183289 0.137107 0.540891 0.635104 
518 1341 
0.755777 0.668919 0.1095 0.100937 
519 98 
0.622043 0.623869 0.533562 0.738278 
520 393 
0.328235 0.423012 0.916907 0.331817 
521 1586 
0.600982 0.250523 0.465655 0.210555 
522 1494 
0.25184 0.249929 0.546869 0.915794 
523 227 
0.510392 0.0990833 0.0945791 0.0512835 
524 679 
0.714135 0.807061 0.403106 0.823634 
525 149 
0.263439 0.445678 0.531867 0.797001 
526 1565 
0.726689 0.125236 0.606967 0.643595 
527 293 
0.0760117 0.244577 0.707576 0.541667 
528 1260 
0.621961 0.793506 0.705062 0.16883 
529 1896 
0.662534 0.679222 0.808384 0.757113 
530 1491 
0.542571 0.471248 0.537566 0.945677 
531 867 
0.445564 0.209116 0.74056 0.977431 
532 636 
0.924515 0.70412 0.131354 0.531483 
533 1372 
0.588407 0.607494 0.592293 0.295983 
534 995 
0.047425 0.917944 0.942668 0.752487 
535 34 
0.651968 0.415021 0.765997 0.460353 
536 1236 
0.496502 0.00292369 0.643382 0.0340688 
537 52 
0.938264 0.479633 0.157716 0.678824 
538 1781 
0.163834 0.60334 0.161184 0.295187 
539 153 
0.5089 0.883594 0.742316 0.101192 
540 167 
0.891477 0.148617 0.0975209 0.834145 
541 673 
0.184295 0.486113 0.316125 0.950292 
542 1880 
0.488259 0.446794 0.94939 0.131641 
543 993 
0.89799 0.0699055 0.960496 0.0557064 
544 462 
0.41756 0.21954 0.352069 0.578744 
545 434 
0.486891 0.0876438 0.398321 0.229207 
546 652 
0.577898 0.120685 0.337454 0.675419 
547 1019 
0.238558 0.859714 0.440943 0.554683 
548 1494 
0.387409 0.0429424 0.256799 0.336798 
549 1652 
0.737662 0.234788 0.244489 0.698158 
550 651 
0.993219 0.115718 0.510035 0.345288 
551 1518 
0.0247621 0.832179 0.782106 0.423083 
552 76 
0.970942 0.000981377 0.182071 0.308396 
553 561 
0.136901 0.546953 0.536114 0.577844 
554 837 
0.34612 0.965252 0.144579 0.602919 
555 771 
0.319163 0.340581 0.536839 0.563652 
556 1964 
0.827334 0.556871 0.154457 0.337368 
557 385 
0.848919 0.362131 0.734337 0.631025 
558 1900 
0.795724 0.601966 0.786195 0.977795 
559 1483 
0.462596 0.114695 0.457315 0.99871 
560 1871 
0.558952 0.344829 0.657791 0.703531 
561 487 
0.959842 0.0226937 0.28833 0.496681 
562 1501 
0.327069 0.324014 0.143216 0.481526 
563 675 
0.0453745 0.330445 0.0235133 0.779712 
564 680 
0.808727 0.575435 0.563436 0.594922 
565 564 
0.473798 0.0575179 0.667925 0.931114 
566 1833 
0.360464 0.490066 0.401057 0.0182554 
567 1628 
0.348806 0.978097 0.21629 0.637135 
568 1939 
0.802636 0.964205 0.798792 0.945852 
569 1634 
0.460175 0.991227 0.776176 0.483688 
570 1677 
0.737646 0.292415 0.346374 0.301082 
571 1448 
0.899604 0.77488 0.944856 0.567529 
572 642 
0.00108326 0.927994 0.19606 0.40214 
573 199 
0.389656 0.750946 0.924346 0.605947 
574 155 
0.399124 0.408583 0.352286 0.197917 
575 512 
0.798017 0.658092 0.345661 0.574193 
576 169 
0.1166 0.311838 0.434195 0.462974 
577 841 
0.321533 0.362577 0.387801 0.266389 
578 1205 
0.0937949 0.267472 0.8581 0.289855 
579 1829 
0.804349 0.679511 0.420558 0.728696 
580 1606 
0.80864 0.12782 0.69404 0.160925 
581 1363 
0.0484748 0.958942 0.983828 0.394136 
582 54 
0.125608 0.510736 0.844973 0.559803 
583 393 
0.457894 0.881337 0.336287 0.845695 
584 124 
0.266393 0.93949 0.415198 0.124494 
585 775 
0.0848102 0.928843 0.908855 0.505368 
586 1706 
0.194313 0.314008 0.785359 0.888353 
587 1771 
0.111095 0.936828 0.433875 0.0949227 
588 1163 
0.96701 0.220531 0.841699 0.811983 
589 325 
0.815408 0.269877 0.66167 0.151695 
590 198 
0.809396 0.418088 0.0550611 0.224594 
591 547 
0.284405 0.309404 0.471425 0.19326 
592 337 
0.128964 0.387573 0.12878 0.914323 
593 665 
0.603714 0.0254175 0.212754 0.0375893 
594 682 
0.543717 0.00459948 0.340871 0.385417 
595 257 
0.121205 0.200825 0.0864599 0.782875 
596 1476 
0.202032 0.592271 0.770609 0.257093 
597 168 
0.313191 0.541498 0.126269 0.784616 
598 1456 
0.941041 0.913581 0.122331 0.0698216 
599 795 
0.398257 0.673535 0.853321 0.611011 
600 808 
0.973661 0.154729 0.715724 0.314532 
601 1687 
0.532307 0.435737 0.740971 0.618767 
602 1390 
0.093491 0.820798 0.810883 0.8641 
603 1838 
0.627748 0.177291 0.619389 0.754017 
604 1763 
0.354147 0.695058 0.875488 0.476479 
605 889 
0.703391 0.874736 0.438415 0.556712 
606 720 
0.14954 0.530373 0.640476 0.865264 
607 1078 
0.180622 0.397571 0.280641 0.921592 
608 226 
0.499253 0.0150835 0.837137 0.310136 
609 1503 
0.915028 0.937884 0.0564739 0.534417 
610 809 
0.018381 0.888564 0.38696 0.893869 
611 1713 
0.151839 0.59726 0.239779 0.590255 
612 1179 
0.725527 0.739795 0.684344 0.366003 
613 167 
0.529249 0.546624 0.00263029 0.80989 
614 255 
0.0189686 0.309144 0.4833 0.856105 
615 1403 
0.362484 0.771133 0.557164 0.418957 
616 1614 
0.249066 0.437338 0.194114 0.636025 
617 1817 
0.559157 0.787864 0.928467 0.798936 
618 480 
0.0824382 0.524463 0.117914 0.766783 
619 353 
0.722973 0.296032 0.43709 0.725603 
620 1539 
0.905307 0.744572 0.415065 0.388607 
621 1699 
0.0343453 0.751091 0.37181 0.59151 
622 511 
0.67736 0.840575 0.607387 0.871474 
623 1400 
0.938594 0.430631 0.264465 0.867061 
624 410 
0.642584 0.949499 0.75403 0.760498 
625 877 
0.644496 0.48347 0.0123131 0.081586 
626 1004 
0.118235 0.986893 0.953645 0.5333 
627 1395 
0.554321 0.567646 0.126592 0.926131 
628 1515 
0.29664 0.603491 0.999731 0.904027 
629 788 
0.476331 0.842621 0.905597 0.740796 
630 889 
0.135164 0.383379 0.659181 0.889195 
631 1486 
0.375463 0.533691 0.627347 0.387776 
632 405 
0.83642 0.506011 0.60217 0.790065 
633 121 
0.97767 0.344386 0.606957 0.104262 
634 250 
0.766112 0.400902 0.874009 0.765843 
635 1111 
0.348975 0.242174 0.147551 0.254571 
636 646 
0.857233 0.389736 0.366349 0.516414 
637 371 
0.510226 0.891877 0.812621 0.137573 
638 1838 
0.427897 0.973993 0.785664 0.0300672 
639 31 
0.824975 0.00773747 0.108444 0.431932 
640 989 
0.378962 0.198044 0.512902 0.252971 
641 1184 
0.817831 0.601946 0.206061 0.965382 
642 345 
0.18903 0.822615 0.246253 0.555379 
643 1930 
0.525183 0.0656046 0.230906 0.337804 
644 480 
0.510559 0.765702 0.177171 0.296223 
645 240 
0.941229 0.121197 0.803506 0.0496729 
646 1835 
0.915506 0.428635 0.751173 0.428407 
647 1262 
0.71506 0.246238 0.283551 0.921121 
648 1616 
0.140068 0.11015 0.0342356 0.386321 
649 987 
0.373265 0.911504 0.731134 0.604171 
650 1659 
0.934311 0.11473 0.0150099 0.111482 
651 1053 
0.810779 0.0527108 0.532151 0.614285 
652 1356 
0.0852797 0.52979 0.531019 0.836453 
653 1726 
0.212624 0.551513 0.204436 0.496176 
654 365 
0.416057 0.636244 0.582784 0.450292 
655 617 
0.248313 0.823557 0.93407 0.979447 
656 1744 
0.183378 0.913758 0.542459 0.198388 
657 467 
0.953412 0.00916648 0.0779508 0.485562 
658 1272 
0.180334 0.570842 0.153242 0.711353 
659 1462 
0.111439 0.923977 0.958808 0.315875 
660 1753 
0.431441 0.731932 0.0563971 0.014225 
661 1338 
0.0789624 0.262538 0.00578128 0.0130321 
662 1823 
0.43351 0.19641 0.155742 0.975968 
663 245 
0.180982 0.92938 0.403964 0.258933 
664 857 
0.0274157 0.439268 0.985785 0.180657 
665 1540 
0.39308 0.292096 0.0745981 0.351888 
666 1167 
0.494751 0.783329 0.339904 0.551148 
667 401 
0.522128 0.630111 0.060092 0.527909 
668 468 
0.302077 0.961419 0.839553 0.457819 
669 1474 
0.234351 0.638801 0.866767 0.638315 
670 589 
0.28171 0.665731 0.337002 0.267495 
671 804 
0.487623 0.660575 0.138485 0.562221 
672 370 
0.746456 0.0569723 0.795792 0.0863598 
673 812 
0.593346 0.608487 0.238231 0.653438 
674 1022 
0.881374 0.955515 0.097815 0.720927 
675 1735 
0.0352021 0.955277 0.0521353 0.90197 
676 730 
0.94987 0.18368 0.259324 0.286872 
677 979 
0.105712 0.774496 0.11175 0.244196 
678 1759 
0.124213 0.990653 0.393689 0.920006 
679 1022 
0.00180954 0.513352 0.6855 0.240041 
680 1584 
0.821896 0.121415 0.122305 0.919711 
681 1933 
0.535639 0.954913 0.797619 0.587774 
682 318 
0.391211 0.537645 0.0405629 0.650535 
683 674 
0.491738 0.756247 0.599013 0.603488 
684 500 
0.935729 0.727701 0.991096 0.329418 
685 484 
0.0681087 0.331228 0.161059 0.753609 
686 1909 
0.32785 0.575505 0.692683 0.450155 
687 819 
0.535024 0.985794 0.45013 0.332643 
688 602 
0.307013 0.723854 0.111213 0.347576 
689 1312 
0.93573 0.839313 0.130637 0.534742 
690 1230 
0.13108 0.470472 0.170503 0.122176 
691 635 
0.81821 0.190285 0.131118 0.979269 
692 260 
0.702386 0.307119 0.519399 0.39507 
693 802 
0.0146149 0.930094 0.743068 0.464745 
694 906 
0.316636 0.771757 0.986591 0.427849 
695 1619 
0.360981 0.363578 0.958646 0.491617 
696 1189 
0.401448 0.622697 0.368792 0.571951 
697 1840 
0.168682 0.390161 0.935159 0.2998 
698 705 
0.879052 0.00218667 0.67655 0.398451 
699 1193 
0.433823 0.413066 0.32735 0.176891 
700 1527 
0.590087 0.493527 0.649568 0.576678 
701 778 
0.768901 0.937659 0.284954 0.727547 
702 498 
0.183275 0.128995 0.0519729 0.552067 
703 1201 
0.796847 0.72075 0.091108 0.732005 
704 231 
0.460539 0.611057 0.0227364 0.137089 
705 1191 
0.419993 0.570912 0.422574 0.747343 
706 583 
0.300385 0.337429 0.24133 0.949952 
707 512 
0.162705 0.718853 0.851766 0.447659 
708 1662 
0.281042 0.630934 0.575396 0.333014 
709 1699 
0.276342 0.129861 0.903751 0.36745 
710 1336 
0.9243 0.827989 0.472924 0.947037 
711 536 
0.482432 0.367029 0.53599 0.905006 
712 1808 
0.283793 0.205391 0.451801 0.525122 
713 1358 
0.365909 0.687828 0.874197 0.217674 
714 1538 
0.320597 0.498716 0.766421 0.895993 
715 1470 
0.949422 0.172335 0.961591 0.853172 
716 272 
0.823457 0.777472 0.367774 0.296381 
717 1452 
0.332852 0.778813 0.0915384 0.868842 
718 684 
0.20591 0.152634 0.88921 0.657712 
719 1639 
0.0445536 0.0236203 0.365584 0.91875 
720 479 
0.501071 0.239347 0.740011 0.267492 
721 428 
0.571741 0.216913 0.307675 0.533332 
722 1520 
0.84746 0.35679 0.847558 0.215235 
723 1940 
0.572067 0.548087 0.431984 0.663605 
724 88 
0.115803 0.869516 0.569563 0.00501341 
725 137 
0.24732 0.049567 0.550848 0.612905 
726 1182 
0.792142 0.113976 0.207664 0.532153 
727 927 
0.343004 0.103894 0.598381 0.650679 
728 1836 
0.668466 0.49814 0.994017 0.516024 
729 795 
0.647188 0.0880913 0.261462 0.0791715 
730 391 
0.678391 0.194975 0.621212 0.247954 
731 1302 
0.14844 0.495274 0.249555 0.699287 
732 677 
0.217872 0.49143 0.222155 0.425537 
733 1729 
0.603622 0.768541 0.127477 0.202003 
734 665 
0.764704 0.870469 0.91736 0.75872 
735 1852 
0.630735 0.405908 0.474584 0.892197 
736 1914 
0.226281 0.570588 0.680054 0.847494 
737 1778 
0.880042 0.995933 0.313817 0.129597 
738 1468 
0.421996 0.34747 0.186651 0.64415 
739 111 
0.210233 0.247772 0.541547 0.33771 
740 558 
0.960767 0.102414 0.320244 0.878127 
741 40 
0.706737 0.508862 0.267042 0.181322 
742 414 
0.752122 0.407603 0.971647 0.432176 
743 1696 
0.790189 0.312218 0.25103 0.104006 
744 891 
0.946251 0.526001 0.789285 0.132902 
745 1990 
0.562291 0.343135 0.417924 0.103838 
746 562 
0.867699 0.0646053 0.78326 0.187943 
747 1160 
0.644394 0.89468 0.451595 0.911436 
748 1257 
0.852655 0.663558 0.483605 0.824302 
749 1835 
0.738702 0.614491 0.407951 0.989732 
750 226 
0.849766 0.935982 0.244498 0.639051 
751 1321 
0.41465 0.201342 0.412019 0.832574 
752 1390 
0.0928645 0.700273 0.369785 0.876124 
753 1548 
0.312518 0.520518 0.782896 0.764113 
754 1090 
0.858899 0.616768 0.0955122 0.342504 
755 1818 
0.191246 0.0812052 0.0555606 0.599197 
756 1511 
0.774057 0.448963 0.00691924 0.0185558 
757 1315 
0.0758033 0.433206 0.289356 0.487822 
758 1590 
0.594537 0.580687 0.966053 0.964322 
759 175 
0.854269 0.27684 0.977329 0.637165 
760 1329 
0.409284 0.496064 0.657722 0.504796 
761 1769 
0.0987912 0.696041 0.919773 0.154352 
762 1161 
0.990709 0.928409 0.744201 0.997629 
763 1989 
0.832216 0.0734318 0.380171 0.121572 
764 12 
0.645951 0.716109 0.141941 0.612003 
765 58 
0.598752 0.466272 0.957271 0.576081 
766 1998 
0.998225 0.985365 0.599501 0.655946 
767 14 
0.438069 0.754738 0.186202 0.357841 
768 627 
0.48144 0.34855 0.837499 0.225642 
769 1626 
0.784464 0.0578572 0.419611 0.164635 
770 1564 
0.980865 0.810585 0.895538 0.122806 
771 1547 
0.575969 0.721558 0.88886 0.53324 
772 718 
0.992298 0.531465 0.283004 0.591799 
773 324 
0.773164 0.0298675 0.942149 0.959366 
774 1839 
0.851238 0.440807 0.736259 0.688737 
775 898 
0.0824379 0.473201 0.724306 0.502049 
776 565 
0.903735 0.482914 0.44842 0.799273 
777 356 
0.871009 0.375242 0.327277 0.759869 
778 1933 
0.624916 0.752167 0.439947 0.90792 
779 606 
0.627358 0.681084 0.373833 0.569506 
780 1265 
0.761542 0.420745 0.0812574 0.497801 
781 1384 
0.747706 0.580239 0.582682 0.472011 
782 663 
0.220517 0.375746 0.565201 0.668937 
783 728 
0.17092 0.539946 0.550261 0.498197 
784 1609 
0.458743 0.123113 0.0519816 0.898689 
785 888 
0.395947 0.526047 0.712117 0.76978 
786 1948 
0.352568 0.531322 0.516298 0.433825 
787 755 
0.62578 0.181531 0.609361 0.208461 
788 1130 
0.691649 0.428979 0.0292883 0.25685 
789 694 
0.204307 0.42777 0.637862 0.754568 
790 1087 
0.937677 0.213311 0.0490803 0.989658 
791 1879 
0.0801133 0.385606 0.638048 0.79223 
792 948 
0.733602 0.144798 0.686708 0.2499 
793 424 
0.715831 0.875679 0.760154 0.325192 
794 1232 
0.413697 0.0168411 0.513119 0.442985 
795 408 
0.611035 0.647292 0.701461 0.248897 
796 1535 
0.627428 0.186574 0.615172 0.676508 
797 1449 
0.727173 0.756621 0.561838 0.365221 
798 60 
0.717224 0.0988227 0.69365 0.403932 
799 1 
0.272273 0.119763 0.224402 0.0324278 
800 1947 
0.308543 0.446124 0.461796 0.821662 
801 1509 
0.735487 0.432698 0.536402 0.436948 
802 1531 
0.938262 0.0643752 0.868168 0.553435 
803 253 
0.0444005 0.280607 0.497504 0.606238 
804 1959 
0.046356 0.323462 0.744651 0.740006 
805 61 
0.0933736 0.0122794 0.847156 0.317776 
806 35 
0.292112 0.626319 0.490832 0.753908 
807 1748 
0.379941 0.489395 0.880679 0.916342 
808 1603 
0.562273 0.854605 0.990718 0.430442 
809 1652 
0.731601 0.474842 0.688647 0.229105 
810 1015 
0.334475 0.275461 0.404542 0.0791262 
811 1249 
0.131936 0.1725 0.0277465 0.979093 
812 601 
0.0724537 0.271204 0.116594 0.563285 
813 1835 
0.564575 0.943226 0.514507 0.445254 
814 1105 
0.44085 0.00752695 0.714173 0.431568 
815 720 
0.122212 0.163168 0.912811 0.810859 
816 822 
0.993892 0.145334 0.667735 0.398434 
817 1225 
0.683202 0.53037 0.39696 0.710948 
818 266 
0.887236 0.783402 0.780667 0.00382989 
819 727 
0.805779 0.568405 0.289913 0.320286 
820 1429 
0.149481 0.761136 0.0211855 0.863655 
821 660 
0.459154 0.985867 0.355871 0.371965 
822 508 
0.748145 0.365857 0.94206 0.415879 
823 1757 
0.166521 0.099081 0.294661 0.563481 
824 148 
0.804123 0.450717 0.593431 0.58479 
825 283 
0.940118 0.390568 0.0229519 0.230031 
826 1728 
0.0366104 0.379512 0.47199 0.0577959 
827 1312 
0.664693 0.51695 0.229034 0.0205642 
828 1184 
0.0257604 0.768709 0.254772 0.967821 
829 609 
0.0190628 0.134342 0.283669 0.313723 
830 1743 
0.0936985 0.117847 0.14854 0.687129 
831 1710 
0.603087 0.627247 0.0932045 0.626039 
832 607 
0.804059 0.66265 0.23679 0.276048 
833 895 
0.479958 0.940741 0.237396 0.708992 
834 1666 
0.126311 0.734752 0.730014 0.381083 
835 1781 
0.914603 0.400146 0.836915 0.198272 
836 830 
0.534738 0.291971 0.831716 0.683278 
837 1246 
0.534352 0.286365 0.606347 0.627557 
838 1777 
0.463625 0.431615 0.575054 0.700416 
839 444 
0.2955 0.180373 0.648405 0.532895 
840 608 
0.60971 0.659206 0.624117 0.339725 
841 357 
0.32669 0.254328 0.440435 0.163605 
842 1181 
0.154304 0.698342 0.744571 0.98602 
843 1650 
0.723671 0.520372 0.667986 0.330018 
844 1359 
0.58039 0.793643 0.579544 0.155444 
845 1074 
0.287208 0.450944 0.674432 0.935613 
846 549 
0.563797 0.545324 0.643045 0.187914 
847 1550 
0.683334 0.514604 0.139376 0.12377 
848 1063 
0.591976 0.278074 0.376551 0.336547 
849 512 
0.758171 0.060218 0.784467 0.426157 
850 1229 
0.932396 0.00654709 0.183879 0.511941 
851 94 
0.677938 0.799149 0.612936 0.35237 
852 1600 
0.596775 0.916167 0.280086 0.23982 
853 963 
0.165135 0.923154 0.618684 0.304511 
854 495 
0.296892 0.896487 0.324998 0.673443 
855 222 
0.589092 0.431614 0.293253 0.373559 
856 574 
0.683489 0.305955 0.864318 0.867368 
857 288 
0.0263093 0.545305 0.617045 0.639245 
858 457 
0.351807 0.236019 0.813842 0.631893 
859 1437 
0.917922 0.797027 0.398994 0.536606 
860 1820 
0.445918 0.833498 0.998026 0.770916 
861 93 
0.23106 0.360008 0.938555 0.524313 
862 892 
0.796326 0.207802 0.0395233 0.660644 
863 1090 
0.857419 0.686953 0.620475 0.474464 
864 443 
0.51815 0.826271 0.562217 0.331991 
865 1168 
0.0380567 0.249913 0.255191 0.437051 
866 1734 
0.356729 0.882968 0.620018 0.354755 
867 1994 
0.126959 0.585816 0.0138928 0.0655143 
868 1680 
0.747461 0.86184 0.317931 0.786984 
869 1665 
0.3931 0.644403 0.209437 0.0135747 
870 1506 
0.535635 0.531725 0.945138 0.097852 
871 1786 
0.403302 0.135909 0.113629 0.658493 
872 833 
0.900149 0.0152224 0.455928 0.520167 
873 686 
0.109812 0.647126 0.955793 0.123705 
874 1038 
0.0659218 0.871166 0.57448 0.383852 
875 1086 
0.0969643 0.776952 0.302553 0.306401 
876 1967 
0.42142 0.842036 0.322252 0.366558 
877 1887 
0.185967 0.76986 0.0757966 0.299597 
878 1420 
0.648756 0.199746 0.443576 0.104684 
879 1800 
0.813553 0.214496 0.367038 0.769346 
880 998 
0.0796782 0.835268 0.209366 0.654159 
881 1537 
0.867516 0.751123 0.996073 0.170068 
882 1873 
0.7866 0.591488 0.89956 0.108851 
883 972 
0.839448 0.294819 0.727906 0.915244 
884 82 
0.15626 0.564 0.794161 0.599835 
885 433 
0.514074 0.413388 0.88318 0.881112 
886 1484 
0.221381 0.96079 0.0180026 0.430748 
887 1665 
0.237123 0.298264 0.366071 0.233196 
888 1258 
0.423595 0.0197957 0.0598203 0.323155 
889 1575 
0.0178667 0.162603 0.423466 0.745773 
890 17 
0.0178818 0.902033 0.641848 0.812043 
891 1502 
0.310532 0.326117 0.915256 0.193712 
892 1545 
0.097991 0.415093 0.168018 0.115994 
893 1826 
0.782967 0.353117 0.144105 0.149038 
894 404 
0.612437 0.572633 0.606108 0.672257 
895 736 
0.734755 0.690123 0.0583913 0.158221 
896 961 
0.136239 0.176103 0.337929 0.778086 
897 1834 
0.839798 0.0886185 0.314263 0.755054 
898 740 
0.521491 0.853045 0.697424 0.68951 
899 627 
0.543265 0.472476 0.322155 0.68737 
900 1309 
0.908468 0.299806 0.194147 0.514576 
901 1781 
0.0899355 0.249331 0.662187 0.148327 
902 71 
0.0980833 0.284565 0.583655 0.436013 
903 21 
0.571802 0.27581 0.15127 0.886065 
904 894 
0.433601 0.407556 0.883909 0.131025 
905 468 
0.852948 0.674291 0.569542 0.175103 
906 55 
0.191056 0.0835711 0.661467 0.385203 
907 835 
0.63353 0.475138 0.847478 0.295717 
908 1398 
0.25503 0.3938 0.908031 0.838686 
909 1651 
0.970683 0.410488 0.105623 0.121953 
910 976 
0.136488 0.555554 0.704108 0.0203973 
911 1105 
0.873345 0.360871 0.370715 0.0484488 
912 1577 
0.561771 0.13202 0.383998 0.946974 
913 1355 
0.017528 0.422112 0.577645 0.313245 
914 937 
0.832675 0.707045 0.953608 0.671361 
915 1096 
0.924291 0.0818488 0.642481 0.0462439 
916 1977 
0.778969 0.601798 0.0825091 0.799366 
917 1242 
0.883683 0.672711 0.649249 0.254398 
918 1659 
0.37178 0.816169 0.85318 0.755778 
919 179 
0.583347 0.773306 0.185255 0.160992 
920 1200 
0.230832 0.993667 0.793595 0.184441 
921 1522 
0.330453 0.108731 0.746877 0.972934 
922 879 
0.125278 0.751902 0.756774 0.207787 
923 155 
0.0451517 0.09147 0.22398 0.6944 
924 1469 
0.94514 0.0661799 0.162037 0.79832 
925 193 
0.925179 0.381667 0.595263 0.110434 
926 904 
0.681813 0.341266 0.536326 0.475408 
927 769 
0.201354 0.805861 0.634438 0.948231 
928 661 
0.789413 0.0735096 0.530697 0.546187 
929 566 
0.0819656 0.591339 0.372767 0.305946 
930 1676 
0.718635 0.251086 0.351919 0.880671 
931 144 
0.173876 0.80585 0.431073 0.769139 
932 1633 
0.973732 0.450952 0.257551 0.510058 
933 416 
0.783257 0.711412 0.732222 0.417696 
934 1142 
0.511016 0.207109 0.733153 0.0417133 
935 886 
0.0144498 0.123679 0.344635 0.387217 
936 1443 
0.630374 0.105851 0.68071 0.982292 
937 1382 
0.730116 0.156169 0.792373 0.161189 
938 1789 
0.708657 0.13492 0.37626 0.966208 
939 1432 
0.302621 0.749465 0.35639 0.0348427 
940 1650 
0.016033 0.545859 0.37427 0.749186 
941 1612 
0.127566 0.763636 0.711251 0.472201 
942 1189 
0.140875 0.102574 0.256704 0.821586 
943 149 
0.243227 0.551701 0.241036 0.0355997 
944 1961 
0.166344 0.744257 0.84781 0.542604 
945 374 
0.492788 0.845225 0.459931 0.849178 
946 1438 
0.627092 0.865211 0.425927 0.00136181 
947 1275 
0.013499 0.128928 0.378033 0.72475 
948 56 
0.528885 0.865625 0.703703 0.785589 
949 487 
0.78857 0.0288156 0.238912 0.0296055 
950 778 
0.951803 0.195949 0.808672 0.799613 
951 706 
0.519138 0.292402 0.583778 0.979068 
952 1793 
0.463846 0.60616 0.00679058 0.889773 
953 1188 
0.621187 0.903272 0.73645 0.99922 
954 930 
0.337578 0.528105 0.493647 0.0412815 
955 993 
0.180859 0.829851 0.34251 0.419771 
956 1817 
0.406925 0.371574 0.0554061 0.215597 
957 893 
0.793959 0.734735 0.463588 0.377737 
958 936 
0.605168 0.841584 0.319963 0.611958 
959 372 
0.927485 0.233146 0.634629 0.663935 
960 209 
0.262651 0.00151334 0.760471 0.756298 
961 1301 
0.0741653 0.937157 0.872646 0.416675 
962 70 
0.732103 0.8236 0.728501 0.787509 
963 1759 
0.899688 0.581469 0.773932 0.363276 
964 1153 
0.487736 0.968444 0.80079 0.807699 
965 1348 
0.532146 0.735184 0.813549 0.166775 
966 1731 
0.0459147 0.429425 0.400632 0.806386 
967 1925 
0.443427 0.880551 0.12288 0.316074 
968 154 
0.479807 0.048177 0.120826 0.208309 
969 873 
0.160023 0.107997 0.417155 0.933956 
970 1228 
0.376361 0.421692 0.439717 0.177151 
971 687 
0.02012 0.709297 0.964575 0.833669 
972 1278 
0.363694 0.879583 0.305497 0.764326 
973 1616 
0.49122 0.207754 0.56652 0.6141 
974 702 
0.863746 0.0939076 0.572004 0.984572 
975 622 
0.407691 0.144596 0.410213 0.824846 
976 611 
0.881486 0.201207 0.500243 0.321203 
977 1791 
0.729634 0.341324 0.0876539 0.694209 
978 894 
0.963725 0.0579028 0.0545756 0.269222 
979 1816 
0.740545 0.760443 0.0299829 0.307065 
980 405 
0.55381 0.170811 0.46845 0.125815 
981 282 
0.770667 0.533505 0.29998 0.18088 
982 1216 
0.378531 0.0623659 0.559558 0.878775 
983 859 
0.937915 0.608409 0.724893 0.0255688 
984 667 
0.899885 0.989294 0.360521 0.954461 
985 1956 
0.18275 0.695005 0.0189591 0.212733 
986 163 
0.393502 0.766543 0.172882 0.861952 
987 1544 
0.328266 0.632619 0.425863 0.628245 
988 1042 
0.784214 0.00677691 0.875865 0.343772 
989 1921 
0.259434 0.281687 0.493961 0.984327 
990 713 
0.796578 0.884212 0.29655 0.157099 
991 1075 
0.555066 0.339849 0.533678 0.574026 
992 1754 
0.535748 0.967527 0.319125 0.70863 
993 1647 
0.211482 0.0368956 0.462098 0.637345 
994 1414 
0.275597 0.42156 0.671918 0.151462 
995 1173 
0.55747 0.410895 0.0470186 0.0514303 
996 969 
0.354274 0.848009 0.279434 0.650824 
997 552 
0.118106 0.205891 0.344956 0.651784 
998 1502 
0.897538 0.187532 0.747444 0.216662 
999 724 
0.576923 0.428145 0.933057 0.0390215 
1000 731 
0.598198 0.314619 0.48705 0.270116 
1001 1346 
0.252381 0.827586 0.876975 0.2994 
1002 902 
0.272198 0.653674 0.727025 0.551631 
1003 1556 
0.732132 0.669737 0.510389 0.0770889 
1004 1651 
0.290306 0.974627 0.509053 0.0377492 
1005 542 
0.405215 0.614672 0.619434 0.338272 
1006 739 
0.684924 0.936471 0.968312 0.171974 
1007 1768 
0.434392 0.424355 0.0341727 0.311368 
1008 1264 
0.913189 0.583565 0.377429 0.640214 
1009 970 
0.681927 0.372346 0.804934 0.192317 
1010 615 
0.126456 0.482622 0.424062 0.635509 
1011 1071 
0.615351 0.0407236 0.135044 0.234785 
1012 1240 
0.788738 0.919709 0.315466 0.75705 
1013 903 
0.522053 0.191442 0.516037 0.556226 
1014 468 
0.239792 0.469415 0.0863756 0.617221 
1015 1372 
0.221572 0.299148 0.481975 0.0265067 
1016 719 
0.93141 0.152962 0.974087 0.355472 
1017 442 
0.494458 0.970823 0.829194 0.629502 
1018 111 
0.20819 0.41824 0.125317 0.523657 
1019 1278 
0.217 0.0457097 0.366732 0.733037 
1020 814 
0.869542 0.972829 0.0713503 0.955917 
1021 1068 
0.180979 0.17749 0.889198 0.662954 
1022 954 
0.380663 0.594363 0.356959 0.35475 
1023 1559 
0.14543 0.849209 0.920658 0.974624 
1024 1779 
0.126266 0.182814 0.896951 0.251584 
1025 892 
0.07224 0.468583 0.752181 0.438972 
1026 861 
0.354116 0.308513 0.17445 0.425467 
1027 887 
0.7645 0.606445 0.441921 0.653698 
1028 1782 
0.645917 0.0343616 0.863762 0.00287563 
1029 1410 
0.813598 0.148305 0.238321 0.734256 
1030 705 
0.717031 0.860522 0.305744 0.613982 
1031 978 
0.0122147 0.686222 0.580689 0.764395 
1032 1451 
0.78231 0.118512 0.433707 0.956759 
1033 604 
0.698138 0.721259 0.150424 0.140059 
1034 1587 
0.419823 0.785976 0.409319 0.283585 
1035 1011 
0.798431 0.0971825 0.937156 0.0367518 
1036 1966 
0.0600857 0.753783 0.69196 0.365829 
1037 33 
0.804066 0.378044 0.0539873 0.384755 
1038 530 
0.179181 0.167064 0.260951 0.612888 
1039 1481 
0.80493 0.311026 0.845083 0.955353 
1040 1400 
0.220041 0.375176 0.23706 0.62936 
1041 485 
0.0259116 0.427791 0.755943 0.963068 
1042 945 
0.587382 0.0231537 0.218327 0.279342 
1043 985 
0.586092 0.0834079 0.767027 0.640079 
1044 1868 
0.909467 0.81926 0.635227 0.170418 
1045 1894 
0.759051 0.975348 0.743175 0.604134 
1046 1083 
0.19426 0.824175 0.305877 0.43132 
1047 983 
0.964638 0.457232 0.881326 0.720581 
1048 861 
0.34587 0.307963 0.443454 0.564196 
1049 268 
0.832437 0.150288 0.670713 0.599464 
1050 564 
0.138876 0.508931 0.609627 0.774103 
1051 308 
0.041776 0.533154 0.654696 0.784951 
1052 1492 
0.585397 0.97921 0.961463 0.891274 
1053 1753 
0.414998 0.855912 0.867762 0.296324 
1054 880 
0.288062 0.642194 0.884457 0.731516 
1055 676 
0.471762 0.563952 0.356678 0.142475 
1056 1638 
0.147045 0.281351 0.672347 0.756672 
1057 538 
0.351696 0.798448 0.588608 0.00639202 
1058 1970 
0.725896 0.591789 0.56261 0.687358 
1059 1197 
0.97314 0.102356 0.338976 0.840902 
1060 1382 
0.91547 0.128965 0.040874 0.799927 
1061 1156 
0.247264 0.271689 0.424432 0.603941 
1062 32 
0.587849 0.750986 0.695515 0.260196 
1063 798 
0.750969 0.611891 0.306107 0.339577 
1064 1255 
0.889506 0.0654725 0.210073 0.452116 
1065 123 
0.693136 0.425256 0.855187 0.0321121 
1066 542 
0.253867 0.947582 0.395123 0.294741 
1067 1721 
0.255603 0.542005 0.0191969 0.680036 
1068 1857 
0.433361 0.267884 0.896933 0.128876 
1069 807 
0.404592 0.879844 0.139971 0.710699 
1070 1110 
0.758254 0.600205 0.284894 0.968327 
1071 1215 
0.0377244 0.661463 0.477576 0.892912 
1072 1667 
0.743734 0.146779 0.641157 0.138857 
1073 1695 
0.388665 0.39446 0.983525 0.407862 
1074 805 
0.129472 0.841223 0.34238 0.0264049 
1075 412 
0.87046 0.430997 0.849943 0.0104311 
1076 278 
0.0693638 0.768685 0.7419 0.354257 
1077 313 
0.79422 0.391982 0.398476 0.271797 
1078 1678 
0.0920511 0.0155311 0.431672 0.733208 
1079 628 
0.873193 0.121873 0.548849 0.856718 
1080 337 
0.623345 0.98619 0.370958 0.965725 
1081 1415 
0.341057 0.836185 0.443592 0.190999 
1082 52 
0.585287 0.260363 0.615302 0.327187 
1083 1556 
0.352314 0.121407 0.00660226 0.75079 
1084 986 
0.291496 0.842841 0.408735 0.723168 
1085 1649 
0.563123 0.59636 0.697922 0.111972 
1086 508 
0.227658 0.735317 0.439268 0.598616 
1087 141 
0.451863 0.939673 0.537227 0.895455 
1088 753 
0.383843 0.480742 0.391036 0.999144 
1089 1298 
0.00565615 0.351458 0.929336 0.0122584 
1090 334 
0.32254 0.303754 0.945089 0.731275 
1091 68 
0.521138 0.294398 0.623282 0.21906 
1092 1933 
0.0763606 0.446718 0.141688 0.515629 
1093 410 
0.842729 0.967492 0.985007 0.379956 
1094 1190 
0.115679 0.763799 0.343689 0.506715 
1095 974 
0.151618 0.512371 0.114402 0.0809533 
1096 1492 
0.21665 0.403493 0.828384 0.161739 
1097 1619 
0.855305 0.682877 0.429166 0.478588 
1098 18 
0.835536 0.554948 0.348656 0.977224 
1099 1288 
0.39399 0.819953 0.0380696 0.378997 
1100 910 
0.901017 0.494676 0.963709 0.244706 
1101 1653 
0.726653 0.396323 0.513762 0.841055 
1102 1764 
0.038392 0.0577049 0.88077 0.866776 
1103 880 
0.0155375 0.722081 0.902321 0.444703 
1104 204 
0.804259 0.28024 0.755617 0.152914 
1105 1385 
0.826194 0.546904 0.0774173 0.864263 
1106 1197 
0.277327 0.76528 0.420577 0.241036 
1107 635 
0.421968 0.967689 0.406309 0.935731 
1108 883 
0.883586 0.974123 0.866448 0.764356 
1109 1656 
0.0858924 0.779893 0.562979 0.988214 
1110 1234 
0.763648 0.792473 0.504836 0.519264 
1111 1825 
0.7623 0.345458 0.492292 0.839717 
1112 1238 
0.418192 0.117044 0.975002 0.83877 
1113 1820 
0.984987 0.260738 0.325769 0.391297 
1114 1746 
0.134512 0.274883 0.170592 0.000960389 
1115 1275 
0.0114902 0.0868528 0.819131 0.57447 
1116 396 
0.0437276 0.338117 0.867539 0.548564 
1117 1319 
0.812927 0.310864 0.20284 0.305218 
1118 1568 
0.412561 0.723411 0.267626 0.387563 
1119 1430 
0.625706 0.37255 0.822919 0.951475 
1120 689 
0.0193875 0.0859877 0.0387295 0.189979 
1121 1529 
0.0779676 0.201469 0.173801 0.897099 
1122 270 
0.248867 0.940826 0.114056 0.116407 
1123 1874 
0.971438 0.929334 0.800255 0.174278 
1124 804 
0.950836 0.586839 0.957963 0.218462 
1125 363 
0.520143 0.844169 0.346952 0.343062 
1126 844 
0.110799 0.362449 0.881632 0.149529 
1127 1584 
0.96858 0.227496 0.753898 0.142381 
1128 1567 
0.529837 0.391248 0.0654213 0.643893 
1129 1192 
0.554812 0.615332 0.436989 0.355066 
1130 1638 
0.671541 0.305903 0.376449 0.629504 
1131 743 
0.350851 0.149647 0.368533 0.697803 
1132 1425 
0.164178 0.808602 0.855159 0.0458095 
1133 1833 
0.407588 0.0143894 0.185627 0.161486 
1134 1251 
0.310222 0.691323 0.548018 0.375643 
1135 1369 
0.0556735 0.930455 0.950548 0.492662 
1136 1831 
0.740157 0.164203 0.591424 0.116606 
1137 1839 
0.115788 0.467457 0.943355 0.484322 
1138 1179 
0.436064 0.648499 0.973862 0.291223 
1139 1118 
0.931993 0.698811 0.708698 0.117619 
1140 657 
0.865468 0.427841 0.551619 0.413487 
1141 1173 
0.886836 0.46916 0.733939 0.837383 
1142 566 
0.01946 0.577541 0.126026 0.610884 
1143 1045 
0.919734 0.726672 0.161604 0.863089 
1144 1626 
0.326864 0.299153 0.859493 0.300726 
1145 1098 
0.553802 0.232719 0.289187 0.2625 
1146 1495 
0.149483 0.127969 0.778179 0.701103 
1147 1275 
0.581664 0.587938 0.010616 0.315602 
1148 1014 
0.972439 0.335063 0.0028622 0.0984649 
1149 1846 
0.697009 0.0181986 0.672618 0.858613 
1150 1898 
0.883612 0.185477 0.18044 0.743105 
1151 589 
0.770816 0.296907 0.718922 0.0600032 
1152 855 
0.0692597 0.209487 0.687377 0.847439 
1153 1764 
0.228832 0.429103 0.498528 0.239448 
1154 1920 
0.923849 0.211887 0.0797676 0.926711 
1155 1680 
0.0257137 0.62372 0.328551 0.698332 
1156 891 
0.209838 0.581944 0.66781 0.390278 
1157 588 
0.154013 0.161094 0.621956 0.872934 
1158 1063 
0.181363 0.942194 0.430584 0.86874 
1159 289 
0.341173 0.0975724 0.218736 0.839701 
1160 542 
0.963441 0.76355 0.548908 0.0432083 
1161 1061 
0.85926 0.068922 0.313982 0.18781 
1162 1030 
0.796315 0.397648 0.349197 0.464125 
1163 1972 
0.674246 0.618138 0.94902 0.296202 
1164 408 
0.170117 0.477565 0.433267 0.600702 
1165 1259 
0.2229 0.941875 0.443878 0.441636 
1166 1593 
0.780899 0.405076 0.545126 0.329806 
1167 100 
0.235387 0.189066 0.517207 0.549369 
1168 1621 
0.284461 0.345684 0.774524 0.633658 
1169 647 
0.56245 0.307904 0.427948 0.51147 
1170 1425 
0.91902 0.681588 0.0816712 0.352287 
1171 1570 
0.427977 0.575187 0.224164 0.871854 
1172 124 
0.00574018 0.652753 0.421899 0.550866 
1173 407 
0.870184 0.786254 0.171626 0.38739 
1174 704 
0.548502 0.671851 0.681307 0.323026 
1175 1517 
0.491117 0.885476 0.613413 0.919064 
1176 1937 
0.217519 0.838085 0.0785341 0.29919 
1177 1944 
0.360823 0.727167 0.765559 0.584988 
1178 1975 
0.782381 0.590728 0.251774 0.20428 
1179 883 
0.234334 0.0744636 0.927848 0.405959 
1180 1971 
0.263471 0.954461 0.133705 0.944778 
1181 829 
0.439214 0.435895 0.162963 0.052627 
1182 344 
0.55991 0.270146 0.193043 0.638444 
1183 1301 
0.383415 0.999267 0.296502 0.148974 
1184 1539 
0.895523 0.931355 0.174983 0.147298 
1185 1311 
0.316577 0.381631 0.210098 0.244424 
1186 1707 
0.671952 0.507895 0.742051 0.805657 
1187 1426 
0.0195385 0.244871 0.888567 0.182502 
1188 750 
0.243526 0.742411 0.567644 0.43657 
1189 9 
0.13698 0.819985 0.380122 0.433482 
1190 214 
0.964377 0.329006 0.900313 0.13936 
1191 1784 
0.0359478 0.455936 0.857935 0.246046 
1192 590 
0.645525 0.917998 0.208255 0.387577 
1193 1062 
0.660928 0.407115 0.968527 0.549496 
1194 551 
0.266025 0.793022 0.332028 0.83367 
1195 1614 
0.712883 0.970649 0.049576 0.0930054 
1196 336 
0.0185344 0.0573824 0.733138 0.918847 
1197 1997 
0.209441 0.954795 0.652678 0.0673756 
1198 1451 
0.353038 0.712901 0.11884 0.561294 
1199 1881 
0.842496 0.222222 0.507593 0.811023 
1200 841 
0.0972096 0.0770483 0.564739 0.429238 
1201 1699 
0.794331 0.142121 0.881367 0.843907 
1202 14 
0.285499 0.862441 0.292509 0.0186366 
1203 218 
0.489251 0.228078 0.736084 0.141929 
1204 823 
0.936925 0.494967 0.00835402 0.0557648 
1205 1416 
0.108832 0.89826 0.278483 0.616424 
1206 65 
0.0502005 0.713634 0.786331 0.61494 
1207 333 
0.697049 0.40927 0.284992 0.578417 
1208 1398 
0.520119 0.863916 0.115618 0.812628 
1209 684 
0.896906 0.301878 0.11063 0.63299 
1210 1978 
0.406083 0.569915 0.938774 0.414437 
1211 1476 
0.995035 0.523269 0.52394 0.273518 
1212 94 
0.233224 0.323718 0.853327 0.019555 
1213 1021 
0.996198 0.716604 0.347928 0.281191 
1214 770 
0.601105 0.80131 0.158937 0.716723 
1215 77 
0.0414891 0.61363 0.915815 0.152119 
1216 524 
0.359622 0.558202 0.816535 0.298396 
1217 130 
0.442215 0.293431 0.495907 0.966156 
1218 1535 
0.6356 0.199379 0.890667 0.488927 
1219 1448 
0.829325 0.485125 0.935538 0.177254 
1220 983 
0.230559 0.778359 0.567626 0.389496 
1221 308 
0.181563 0.430985 0.108713 0.0973782 
1222 619 
0.355333 0.457 0.141306 0.171868 
1223 1965 
0.113945 0.614083 0.0488277 0.609852 
1224 1133 
0.615777 0.245453 0.779618 0.506444 
1225 405 
0.998552 0.335769 0.219505 0.93409 
1226 1175 
0.985821 0.16465 0.291383 0.553446 
1227 1618 
0.786466 0.735009 0.985131 0.895178 
1228 169 
0.568235 0.250511 0.289388 0.709542 
1229 195 
0.0447844 0.823486 0.0364623 0.0936122 
1230 63 
0.616701 0.709389 0.678792 0.396319 
1231 1329 
0.413171 0.394871 0.551602 0.632676 
1232 559 
0.0646255 0.618497 0.493611 0.356008 
1233 1836 
0.047757 0.142474 0.906953 0.0328883 
1234 1076 
0.73934 0.601124 0.288163 0.0287277 
1235 682 
0.710542 0.0735122 0.134152 0.747004 
1236 741 
0.567491 0.363705 0.876513 0.246282 
1237 1542 
0.0923459 0.659453 0.154895 0.643948 
1238 1470 
0.483856 0.708573 0.910627 0.977467 
1239 69 
0.0825701 0.025224 0.207055 0.989523 
1240 1226 
0.244707 0.728863 0.659236 0.53287 
1241 1234 
0.969901 0.243413 0.831103 0.104053 
1242 607 
0.998227 0.671544 0.354123 0.87474 
1243 104 
0.114147 0.967086 0.577279 0.269042 
1244 1661 
0.869409 0.752898 0.319608 0.780035 
1245 1997 
0.384189 0.862606 0.755589 0.591245 
1246 1770 
0.813701 0.835952 0.580991 0.472937 
1247 267 
0.338582 0.442838 0.612235 0.169684 
1248 726 
0.602652 0.167911 0.218435 0.956775 
1249 1292 
0.136261 0.0709216 0.00973747 0.713541 
1250 1630 
0.620772 0.582949 0.0928609 0.940379 
1251 45 
0.823226 0.324568 0.22559 0.578814 
1252 1308 
0.0777188 0.392515 0.751765 0.65871 
1253 1775 
0.120587 0.997292 0.30829 0.732823 
1254 199 
0.855182 0.335475 0.334887 0.0736172 
1255 1630 
0.377539 0.209878 0.363171 0.387276 
1256 1147 
0.703135 0.00804777 0.506368 0.795996 
1257 1195 
0.869353 0.619221 0.272995 0.0949437 
1258 1500 
0.188808 0.172663 0.59055 0.940573 
1259 857 
0.456002 0.0611605 0.828664 0.764292 
1260 1732 
0.99564 0.619474 0.129458 0.330527 
1261 534 
0.421708 0.708066 0.90297 0.784879 
1262 345 
0.826389 0.488014 0.10339 0.332757 
1263 2 
0.0518171 0.20211 0.903231 0.324812 
1264 797 
0.101266 0.51362 0.469717 0.691816 
1265 1110 
0.301089 0.147818 0.515354 0.129753 
1266 822 
0.309337 0.125393 0.531585 0.438795 
1267 580 
0.224676 0.860503 0.163987 0.127646 
1268 1574 
0.25933 0.954035 0.133396 0.36272 
1269 1868 
0.417406 0.414537 0.488903 0.320637 
1270 115 
0.785957 0.421903 0.25297 0.255673 
1271 1366 
0.707163 0.556763 0.261537 0.222517 
1272 1486 
0.173648 0.531854 0.811909 0.705233 
1273 1396 
0.26783 0.929909 0.831152 0.431817 
1274 1420 
0.476534 0.691147 0.0115906 0.60993 
1275 1185 
0.298383 0.0273361 0.468403 0.787286 
1276 1386 
0.207752 0.573243 0.769875 0.460722 
1277 1571 
0.883594 0.167885 0.385679 0.145131 
1278 1689 
0.0721944 0.318779 0.922256 0.884104 
1279 1164 
0.892905 0.151934 0.953921 0.724057 
1280 1310 
0.0114766 0.200592 0.274897 0.0230672 
1281 988 
0.328764 0.32145 0.837858 0.797167 
1282 356 
0.185831 0.00491937 0.681978 0.955706 
1283 881 
0.510894 0.8393 0.633526 0.896573 
1284 1580 
0.023928 0.968767 0.30321 0.946184 
1285 309 
0.327222 0.839089 0.00480456 0.281143 
1286 405 
0.588555 0.29262 0.763738 0.863453 
1287 353 
0.574261 0.192217 0.637137 0.412119 
1288 1392 
0.745873 0.59795 0.994303 0.427851 
1289 1890 
0.459944 0.938745 0.392955 0.0934704 
1290 608 
0.377386 0.117398 0.804086 0.680596 
1291 91 
0.656957 0.00781845 0.902672 0.661761 
1292 256 
0.465818 0.250317 0.581581 0.229557 
1293 1867 
0.897268 0.803817 0.305986 0.534405 
1294 1527 
0.29537 0.280278 0.813886 0.289673 
1295 1305 
0.367541 0.749617 0.646874 0.760496 
1296 811 
0.482193 0.137883 0.960486 0.286279 
1297 515 
0.0240683 0.943235 0.826298 0.92674 
1298 1641 
0.115259 0.392558 0.855313 0.69684 
1299 278 
0.969082 0.594109 0.425933 0.275068 
1300 841 
0.641869 0.570438 0.408791 0.455755 
1301 168 
0.11692 0.823296 0.609728 0.763795 
1302 140 
0.452816 0.245988 0.721675 0.413302 
1303 711 
0.540154 0.43737 0.475501 0.366452 
1304 191 
0.0804975 0.481711 0.756668 0.93581 
1305 1532 
0.378784 0.904893 0.77266 0.804716 
1306 847 
0.901173 0.446585 0.750399 0.309965 
1307 15 
0.61051 0.426885 0.725636 0.220238 
1308 1596 
0.309428 0.673054 0.436667 0.0311026 
1309 602 
0.968933 0.571257 0.523725 0.444435 
1310 921 
0.887835 0.524932 0.419419 0.644504 
1311 781 
0.59797 0.0232871 0.365635 0.37063 
1312 1701 
0.545596 0.271803 0.274589 0.295995 
1313 1851 
0.176928 0.906504 0.00865231 0.902564 
1314 852 
0.199332 0.211992 0.799796 0.635999 
1315 1226 
0.886151 0.604933 0.814351 0.409876 
1316 1460 
0.752059 0.297712 0.574299 0.171478 
1317 1932 
0.0350418 0.769448 0.965502 0.400677 
1318 1959 
0.793506 0.946272 0.41188 0.0680943 
1319 405 
0.993647 0.245023 0.148771 0.00229979 
1320 1924 
0.275514 0.201632 0.359578 0.0753094 
1321 1213 
0.602673 0.961461 0.442564 0.417024 
1322 124 
0.491931 0.169083 0.669049 0.0662305 
1323 1030 
0.611264 0.101272 0.110009 0.576766 
1324 1344 
0.250086 0.370272 0.448221 0.661966 
1325 984 
0.690488 0.655614 0.683389 0.83926 
1326 796 
0.830976 0.114773 0.859545 0.190554 
1327 1502 
0.697177 0.793227 0.151543 0.13974 
1328 311 
0.52288 0.631672 0.379334 0.191929 
1329 1564 
0.719895 0.803193 0.799175 0.829904 
1330 524 
0.301124 0.0799898 0.750232 0.749345 
1331 806 
0.188598 0.439833 0.39757 0.871987 
1332 242 
0.0554837 0.702963 0.393867 0.915029 
1333 265 
0.583949 0.612206 0.686745 0.735493 
1334 381 
0.896995 0.258373 0.383618 0.276329 
1335 1620 
0.0815202 0.996224 0.253495 0.880695 
1336 1561 
0.633454 0.181818 0.906117 0.383686 
1337 1886 
0.648074 0.572284 0.370997 0.0456437 
1338 940 
0.65009 0.101127 0.147234 0.0439566 
1339 1986 
0.0407519 0.627906 0.628362 0.727496 
1340 267 
0.380309 0.624492 0.621771 0.763927 
1341 856 
0.072073 0.845447 0.897045 0.325568 
1342 962 
0.723173 0.959022 0.90796 0.62929 
1343 450 
0.839123 0.277364 0.914991 0.21012 
1344 1715 
0.359262 0.86021 0.424135 0.506497 
1345 569 
0.440292 0.547248 0.532072 0.068654 
1346 171 
0.895471 0.448963 0.899237 0.517242 
1347 423 
0.800058 0.589315 0.0583362 0.697103 
1348 1696 
0.784478 0.420276 0.873904 0.692437 
1349 1386 
0.216612 0.53156 0.326931 0.131603 
1350 1884 
0.649938 0.490865 0.60189 0.0740733 
1351 1983 
0.506056 0.514365 0.54461 0.0381286 
1352 1811 
0.819355 0.933599 0.0319817 0.718592 
1353 652 
0.244871 0.51865 0.0401565 0.303207 
1354 613 
0.955039 0.0876849 0.636029 0.828944 
1355 1840 
0.685596 0.0455555 0.311683 0.0125266 
1356 833 
0.0533627 0.662465 0.668024 0.655253 
1357 1618 
0.665385 0.161309 0.250903 0.209995 
1358 778 
0.833922 0.0293505 0.133037 0.865904 
1359 29 
0.583878 0.110775 0.266592 0.624035 
1360 112 
0.482346 0.579074 0.501667 0.118375 
1361 1509 
0.281789 0.803971 0.453573 0.593472 
1362 1534 
0.630732 0.646835 0.478963 0.298755 
1363 1796 
0.215501 0.964141 0.463396 0.466404 
1364 323 
0.662834 0.300326 0.203487 0.795871 
1365 1877 
0.951429 0.379749 0.277005 0.218021 
1366 1976 
0.690987 0.700367 0.582858 0.192654 
1367 855 
0.990876 0.474444 0.622713 0.444449 
1368 1992 
0.439211 0.0751808 0.714751 0.918173 
1369 1685 
0.016838 0.133674 0.338077 0.480234 
1370 1420 
0.512213 0.143068 0.900404 0.715699 
1371 1833 
0.0666337 0.667128 0.318688 0.343639 
1372 64 
0.322472 0.0346256 0.585516 0.90533 
1373 1737 
0.404258 0.896206 0.701724 0.0269713 
1374 767 
0.769639 0.466182 0.415836 0.48439 
1375 894 
0.789772 0.501228 0.518029 0.127849 
1376 1950 
0.118107 0.640061 0.12453 0.0185111 
1377 39 
0.0634691 0.0851448 0.0228888 0.382157 
1378 1210 
0.908038 0.704629 0.463409 0.493555 
1379 806 
0.690689 0.897813 0.506165 0.392412 
1380 836 
0.84682 0.162052 0.390966 0.262655 
1381 446 
0.775322 0.052427 0.147669 0.293351 
1382 812 
0.129131 0.411458 0.820337 0.253662 
1383 331 
0.176097 0.317131 0.515114 0.198986 
1384 1536 
0.943898 0.107025 0.403917 0.407307 
1385 52 
0.0138759 0.0979953 0.498392 0.520041 
1386 320 
0.423176 0.36686 0.652459 0.814142 
1387 1995 
0.298901 0.589464 0.681942 0.44657 
1388 786 
0.862218 0.575701 0.294273 0.682555 
1389 1899 
0.724243 0.858652 0.146494 0.239357 
1390 1687 
0.845782 0.183255 0.164663 0.249699 
1391 369 
0.765242 0.263575 0.688556 0.263634 
1392 1584 
0.178964 0.686811 0.150476 0.831423 
1393 477 
0.779991 0.130324 0.0904171 0.461934 
1394 109 
0.973232 0.324151 0.152595 0.267505 
1395 1703 
0.981958 0.991748 0.865359 0.128453 
1396 408 
0.922997 0.974235 0.41436 0.0876601 
1397 79 
0.00492082 0.852902 0.487509 0.693477 
1398 661 
0.271124 0.872441 0.803347 0.4216 
1399 1605 
0.3043 0.201591 0.834188 0.394717 
1400 126 
0.411082 0.367949 0.987676 0.563678 
1401 865 
0.994382 0.545636 0.627203 0.859741 
1402 297 
0.858308 0.782738 0.648323 0.272668 
1403 1492 
0.872257 0.277589 0.7233 0.359766 
1404 1898 
0.839837 0.63089 0.843507 0.643184 
1405 1496 
0.547372 0.947485 0.254081 0.38156 
1406 1487 
0.917606 0.792642 0.710152 0.905282 
1407 1239 
0.345606 0.899664 0.901956 0.972809 
1408 1738 
0.576045 0.831117 0.542143 0.224368 
1409 825 
0.412541 0.096625 0.381374 0.135841 
1410 1688 
0.352439 0.975678 0.0872808 0.195947 
1411 1454 
0.139771 0.743318 0.566347 0.393852 
1412 1957 
0.90855 0.311458 0.917521 0.618701 
1413 20 
0.273841 0.964308 0.116403 0.175797 
1414 1308 
0.875808 0.751841 0.768234 0.417951 
1415 936 
0.872019 0.830492 0.072834 0.253393 
1416 1043 
0.529225 0.605833 0.942012 0.616506 
1417 1357 
0.560874 0.756276 0.545097 0.127222 
1418 259 
0.669975 0.0357712 0.461586 0.587496 
1419 649 
0.678325 0.861337 0.61878 0.794729 
1420 649 
0.555897 0.670537 0.788974 0.324131 
1421 501 
0.765183 0.196151 0.91898 0.838017 
1422 1798 
0.885313 0.367242 0.0553762 0.827325 
1423 1820 
0.857155 0.388199 0.740024 0.402252 
1424 282 
0.890152 0.0722279 0.551192 0.351738 
1425 242 
0.205665 0.0300636 0.52106 0.824445 
1426 1627 
0.558193 0.380341 0.495329 0.347168 
1427 1294 
0.583817 0.112351 0.900623 0.502797 
1428 12 
0.350167 0.38811 0.31761 0.405543 
1429 125 
0.301358 0.262698 0.603635 0.0413817 
1430 1141 
0.119056 0.931534 0.737179 0.670248 
1431 1002 
0.396903 0.875913 0.313336 0.917963 
1432 1762 
0.138128 0.476157 0.0806986 0.633457 
1433 1306 
0.785171 0.217274 0.935675 0.685794 
1434 900 
0.886043 0.0359613 0.108182 0.203653 
1435 1587 
0.323617 0.505011 0.704203 0.927252 
1436 1485 
0.369154 0.0463077 0.477927 0.106333 
1437 1835 
0.761199 0.503235 0.592469 0.0745354 
1438 210 
0.292826 0.212664 0.897355 0.373524 
1439 485 
0.720679 0.158696 0.0633948 0.656354 
1440 410 
0.783466 0.542397 0.880451 0.891647 
1441 1659 
0.321956 0.215264 0.251062 0.0261586 
1442 1179 
0.797454 0.395312 0.188824 0.275381 
1443 122 
0.90538 0.0365806 0.00487998 0.497848 
1444 1877 
0.426078 0.790674 0.32378 0.323433 
1445 1293 
0.1699 0.0441118 0.322894 0.233295 
1446 1107 
0.167384 0.0167612 0.242863 0.0478352 
1447 664 
0.988914 0.369791 0.123673 0.239976 
1448 1099 
0.266189 0.0374302 0.791262 0.455013 
1449 1551 
0.292907 0.360393 0.349392 0.297787 
1450 146 
0.460508 0.723865 0.648915 0.784288 
1451 1171 
0.813113 0.954188 0.0914096 0.136007 
1452 1625 
0.791876 0.303391 0.204245 0.0347388 
1453 571 
0.112653 0.0236527 0.721017 0.236326 
1454 1640 
0.116967 0.502515 0.301059 0.908229 
1455 882 
0.61387 0.201135 0.317921 0.963262 
1456 681 
0.176162 0.42377 0.222787 0.825077 
1457 1464 
0.270085 0.63819 0.162246 0.361494 
1458 1484 
0.34973 0.15337 0.0775881 0.553974 
1459 1848 
0.428814 0.666628 0.211761 0.149831 
1460 794 
0.47539 0.266798 0.405469 0.776448 
1461 738 
0.362998 0.390318 0.376162 0.680919 
1462 1864 
0.875084 0.857081 0.777351 0.0978705 
1463 1219 
0.985409 0.367955 0.320348 0.147655 
1464 363 
0.094545 0.497385 0.882819 0.172133 
1465 1265 
0.0709274 0.600947 0.717987 0.282689 
1466 1193 
0.620941 0.758078 0.0175769 0.0264103 
1467 346 
0.192603 0.389408 0.924844 0.568765 
1468 1005 
0.278425 0.443849 0.927409 0.0557752 
1469 1907 
0.609567 0.041184 0.909675 0.929915 
1470 880 
0.639124 0.0244597 0.686224 0.521943 
1471 1749 
0.737583 0.59287 0.79754 0.45557 
1472 381 
0.548319 0.0765111 0.633637 0.565896 
1473 116 
0.168163 0.758499 0.49233 0.0930076 
1474 1288 
0.562657 0.371432 0.771114 0.490066 
1475 1070 
0.312833 0.0996325 0.468391 0.222508 
1476 1942 
0.657231 0.861632 0.0540068 0.343455 
1477 210 
0.2506 0.0810379 0.976445 0.0481397 
1478 1163 
0.852004 0.596459 0.613119 0.485641 
1479 1514 
0.716041 0.653804 0.920854 0.20837 
1480 1862 
0.248118 0.771028 0.118244 0.0192319 
1481 1623 
0.545451 0.332065 0.360726 0.0138429 
1482 71 
0.390273 0.671073 0.416205 0.44428 
1483 648 
0.799779 0.694879 0.0955659 0.776224 
1484 1004 
0.632174 0.628228 0.339478 0.245293 
1485 1131 
0.501832 0.961334 0.767673 0.422686 
1486 1338 
0.514484 0.670804 0.940732 0.632728 
1487 756 
0.201825 0.17818 0.0221009 0.562551 
1488 1372 
0.576674 0.952824 0.863096 0.992878 
1489 1356 
0.877624 0.792657 0.0919828 0.97319 
1490 1771 
0.835002 0.605364 0.197109 0.174479 
1491 280 
0.310978 0.676311 0.811991 0.0786508 
1492 447 
0.981695 0.593135 0.769801 0.922427 
1493 363 
0.459837 0.124253 0.404043 0.481938 
1494 1365 
0.596066 0.0586115 0.639627 0.459162 
1495 1411 
0.0367309 0.336786 0.844147 0.128714 
1496 80 
0.413029 0.963715 0.91534 0.610138 
1497 825 
0.765997 0.921116 0.814506 0.577988 
1498 1326 
0.913503 0.559683 0.592902 0.683304 
1499 938 
0.818766 0.143141 0.606363 0.222809 
1500 155 
0.293167 0.818875 0.68369 0.932794 
1501 1937 
0.73518 0.969525 0.614823 0.579327 
1502 409 
0.924799 0.992356 0.0619543 0.840139 
1503 1859 
0.200149 0.606135 0.52361 0.014655 
1504 1966 
0.523377 0.928158 0.743807 0.116279 
1505 412 
0.225918 0.935045 0.754603 0.832281 
1506 1841 
0.379681 0.125448 0.97673 0.0633715 
1507 1538 
0.254767 0.798551 0.0277671 0.86959 
1508 1865 
0.126006 0.794388 0.370234 0.18796 
1509 148 
0.972728 0.388109 0.240662 0.496338 
1510 1577 
0.424786 0.0197155 0.330922 0.168593 
1511 825 
0.942384 0.39451 0.0710402 0.696987 
1512 1700 
0.228895 0.0766682 0.352239 0.205624 
1513 950 
0.41048 0.460391 0.938591 0.438248 
1514 1072 
0.31647 0.564254 0.124369 0.686704 
1515 791 
0.758895 0.659432 0.140323 0.999558 
1516 463 
0.543087 0.424343 0.175486 0.874009 
1517 391 
0.311481 0.816393 0.987446 0.382521 
1518 1604 
0.214237 0.611416 0.590048 0.566475 
1519 1522 
0.730088 0.976956 0.27743 0.668679 
1520 642 
0.607411 0.985149 0.979457 0.731779 
1521 506 
0.731671 0.490675 0.331285 0.871994 
1522 19 
0.487055 0.415081 0.914576 0.662541 
1523 1041 
0.507512 0.974022 0.105484 0.494958 
1524 18 
0.618864 0.709195 0.967959 0.208912 
1525 1602 
0.784998 0.939001 0.252626 0.0624287 
1526 278 
0.66783 0.669839 0.592828 0.647287 
1527 1185 
0.264681 0.378957 0.892293 0.595966 
1528 1705 
0.382525 0.0830209 0.666032 0.297101 
1529 215 
0.955123 0.804613 0.719584 0.0606067 
1530 290 
0.0761268 0.679471 0.0087661 0.0440853 
1531 493 
0.284436 0.829084 0.827384 0.537063 
1532 1969 
0.435064 0.204893 0.561352 0.027892 
1533 978 
0.96297 0.292573 0.231137 0.855263 
1534 742 
0.482088 0.237789 0.97156 0.14812 
1535 1720 
0.717122 0.103243 0.339503 0.436706 
1536 528 
0.639075 0.512833 0.84332 0.647841 
1537 1863 
0.731704 0.932277 0.386001 0.559088 
1538 1779 
0.277514 0.994151 0.674232 0.838865 
1539 1069 
0.526412 0.801835 0.314616 0.757548 
1540 250 
0.203155 0.239636 0.894887 0.174715 
1541 883 
0.429777 0.891837 0.491 0.769281 
1542 1495 
0.654849 0.408355 0.841375 0.49817 
1543 1765 
0.398293 0.229873 0.988473 0.784294 
1544 701 
0.457813 0.0618077 0.783112 0.132045 
1545 194 
0.805155 0.658457 0.702508 0.119771 
1546 808 
0.359607 0.322926 0.655642 0.254494 
1547 1979 
0.0433983 0.684271 0.389478 0.534398 
1548 905 
0.71802 0.189247 0.861907 0.559395 
1549 525 
0.918103 0.957688 0.91729 0.906576 
1550 54 
0.706251 0.364389 0.80379 0.489363 
1551 328 
0.704462 0.294518 0.154891 0.406971 
1552 1642 
0.570897 0.766577 0.737216 0.226538 
1553 1467 
0.234857 0.269937 0.705342 0.624334 
1554 1234 
0.158894 0.342354 0.993582 0.0208007 
1555 443 
0.680999 0.938903 0.859437 0.598289 
1556 1126 
0.601419 0.30454 0.209868 0.405209 
1557 461 
0.706302 0.109671 0.0884216 0.861194 
1558 42 
0.502711 0.43209 0.283219 0.239926 
1559 271 
0.30429 0.474783 0.928565 0.00963197 
1560 896 
0.7329 0.168526 0.441472 0.726482 
1561 1248 
0.343221 0.40748 0.12823 0.202659 
1562 732 
0.973709 0.804078 0.310309 0.183577 
1563 523 
0.104212 0.88988 0.318958 0.192634 
1564 1960 
0.8356 0.695345 0.183164 0.118819 
1565 104 
0.841792 0.423109 0.410054 0.770358 
1566 845 
0.509172 0.503258 0.601267 0.950644 
1567 832 
0.790593 0.293865 0.637219 0.918823 
1568 776 
0.642988 0.892532 0.300602 0.953297 
1569 609 
0.509889 0.0575096 0.96599 0.828847 
1570 1279 
0.717063 0.664448 0.945489 0.900227 
1571 1262 
0.88076 0.742019 0.206376 0.290814 
1572 1114 
0.639118 0.799986 0.0156345 0.240385 
1573 1534 
0.245374 0.030978 0.044495 0.882593 
1574 551 
0.541019 0.525581 0.842334 0.841621 
1575 341 
0.918443 0.35151 0.536387 0.884433 
1576 1989 
0.786531 0.601496 0.844805 0.73202 
1577 1967 
0.628072 0.61278 0.243742 0.834448 
1578 1348 
0.756119 0.473566 0.70358 0.771754 
1579 1543 
0.45421 0.0171272 0.744929 0.498705 
1580 1630 
0.69473 0.039724 0.425301 0.537064 
1581 1421 
0.904178 0.455507 0.232854 0.440566 
1582 1786 
0.413212 0.227097 0.941436 0.258016 
1583 783 
0.443159 0.886088 0.571896 0.686902 
1584 906 
0.47549 0.443021 0.194103 0.17907 
1585 537 
0.908054 0.63328 0.231902 0.652982 
1586 1159 
0.131621 0.347712 0.17171 0.556922 
1587 1675 
0.0530545 0.4611 0.340283 0.285909 
1588 1323 
0.680223 0.699121 0.128763 0.621659 
1589 13 
0.0878794 0.0648185 0.843225 0.659775 
1590 471 
0.563762 0.135265 0.194741 0.757865 
1591 394 
0.409515 0.665919 0.947616 0.641417 
1592 325 
0.0796017 0.773038 0.666613 0.251311 
1593 155 
0.551389 0.304366 0.791061 0.891672 
1594 1580 
0.692727 0.571895 0.289395 0.82149 
1595 55 
0.246532 0.909369 0.258373 0.0897577 
1596 309 
0.0100925 0.65352 0.70441 0.204833 
1597 190 
0.0187452 0.614348 0.0773033 0.966361 
1598 1689 
0.396204 0.0459629 0.0288035 0.0628173 
1599 1907 
0.358764 0.614206 0.60164 0.149824 
1600 914 
0.191915 0.842551 0.0777729 0.481311 
1601 473 
0.271327 0.727843 0.57341 0.529699 
1602 1953 
0.142554 0.539792 0.47112 0.846964 
1603 418 
0.882505 0.865709 0.358974 0.959809 
1604 1285 
0.614739 0.356013 0.878033 0.643542 
1605 844 
0.175308 0.00230608 0.0330364 0.776948 
1606 1392 
0.538914 0.968863 0.994681 0.616687 
1607 469 
0.658722 0.888014 0.178016 0.232132 
1608 1064 
0.995617 0.374686 0.957505 0.466738 
1609 1117 
0.702131 0.349243 0.0873587 0.0611043 
1610 1194 
0.919429 0.675843 0.665064 0.797462 
1611 1344 
0.0838945 0.97277 0.321692 0.116931 
1612 610 
0.473822 0.655845 0.718581 0.468503 
1613 1532 
0.168754 0.127225 0.160547 0.346771 
1614 1215 
0.57826 0.342388 0.734043 0.535766 
1615 90 
0.955693 0.237897 0.158369 0.0430513 
1616 1594 
0.46742 0.96248 0.974844 0.132485 
1617 144 
0.29423 0.216379 0.732712 0.615921 
1618 1718 
0.48243 0.0897434 0.989155 0.201011 
1619 1658 
0.261688 0.369765 0.685472 0.422235 
1620 19 
0.0448289 0.000495446 0.0589244 0.778872 
1621 582 
0.86805 0.734564 0.774158 0.0264186 
1622 768 
0.0731589 0.493839 0.740096 0.0480031 
1623 879 
0.500038 0.342233 0.842702 0.232751 
1624 488 
0.176012 0.715181 0.0478976 0.165168 
1625 937 
0.606144 0.426856 0.285957 0.291616 
1626 242 
0.00249351 0.336445 0.849586 0.0614179 
1627 1277 
0.385847 0.929468 0.849881 0.160005 
1628 491 
0.627497 0.233164 0.449725 0.367593 
1629 574 
0.0760483 0.867631 0.6234 0.918751 
1630 563 
0.581554 0.0947629 0.815563 0.629452 
1631 502 
0.731755 0.235596 0.686786 0.0177118 
1632 598 
0.535877 0.0202053 0.863658 0.385463 
1633 464 
0.978975 0.77131 0.0110911 0.828856 
1634 1506 
0.966977 0.456353 0.16448 0.416703 
1635 1873 
0.445648 0.492751 0.691577 0.069048 
1636 974 
0.791959 0.650603 0.506265 0.607522 
1637 678 
0.766195 0.339276 0.515651 0.452981 
1638 1954 
0.0428637 0.988858 0.377193 0.906522 
1639 1873 
0.458817 0.885496 0.145631 0.469908 
1640 231 
0.076947 0.436885 0.170705 0.241427 
1641 1683 
0.994651 0.687075 0.346339 0.686228 
1642 1735 
0.75784 0.478187 0.406725 0.264105 
1643 1136 
0.68678 0.0302998 0.424984 0.202431 
1644 6 
0.781973 0.245295 0.472139 0.159166 
1645 1092 
0.84646 0.617982 0.0373127 0.992091 
1646 375 
0.751665 0.069038 0.524775 0.922371 
1647 965 
0.378363 0.917022 0.99754 0.724702 
1648 575 
0.753663 0.482542 0.0814363 0.160389 
1649 1495 
0.167145 0.847169 0.776946 0.592129 
1650 800 
0.260227 0.374102 0.294895 0.732366 
1651 1102 
0.446711 0.578826 0.15125 0.484024 
1652 1237 
0.23914 0.235689 0.639955 0.763915 
1653 1946 
0.95042 0.142278 0.075081 0.947961 
1654 34 
0.678331 0.701624 0.349521 0.759767 
1655 1337 
0.0961679 0.926911 0.709181 0.873114 
1656 846 
0.758781 0.133342 0.893142 0.0536755 
1657 248 
0.426409 0.500386 0.444534 0.577659 
1658 432 
0.0154516 0.816799 0.220099 0.655407 
1659 133 
0.378158 0.605827 0.722992 0.453239 
1660 1592 
0.589971 0.13157 0.255411 0.939493 
1661 1010 
0.117423 0.0356605 0.818248 0.826605 
1662 1096 
0.337289 0.585385 0.0421167 0.230431 
1663 641 
0.907825 0.65684 0.139447 0.352359 
1664 1331 
0.123857 0.367811 0.0512984 0.343956 
1665 1195 
0.632013 0.722114 0.629044 0.355005 
1666 871 
0.182832 0.944976 0.306923 0.438243 
1667 1605 
0.19826 0.555667 0.920129 0.0165082 
1668 987 
0.828904 0.353797 0.967656 0.87102 
1669 574 
0.606717 0.778845 0.241067 0.746164 
1670 1718 
0.475567 0.870022 0.499015 0.526865 
1671 1751 
0.522233 0.158878 0.936092 0.151277 
1672 1340 
0.111446 0.334109 0.458858 0.418369 
1673 449 
0.343326 0.616629 0.328019 0.263455 
1674 55 
0.71029 0.0923592 0.986934 0.677947 
1675 20 
0.571161 0.284664 0.742225 0.812229 
1676 1796 
0.87343 0.287795 0.90085 0.372445 
1677 1368 
0.114828 0.894678 0.973538 0.0509201 
1678 259 
0.48742 0.162366 0.380065 0.946278 
1679 188 
0.152417 0.289604 0.197364 0.480436 
1680 406 
0.830501 0.190727 0.645419 0.817435 
1681 4 
0.608798 0.388597 0.153337 0.351023 
1682 902 
0.184166 0.224453 0.48862 0.0850163 
1683 448 
0.303281 0.199844 0.491576 0.276818 
1684 395 
0.537531 0.764238 0.41313 0.917596 
1685 942 
0.993865 0.070013 0.000119918 0.191228 
1686 1088 
0.553179 0.0217296 0.741176 0.198598 
1687 568 
0.60985 0.807397 0.227761 0.763187 
1688 491 
0.428587 0.947353 0.382873 0.917207 
1689 637 
0.979771 0.220488 0.232214 0.471347 
1690 163 
0.482978 0.00887772 0.261544 0.896108 
1691 674 
0.97206 0.889973 0.996487 0.97218 
1692 322 
0.546936 0.525359 0.102931 0.288112 
1693 468 
0.942096 0.897961 0.531354 0.169857 
1694 1594 
0.689774 0.598443 0.608502 0.072647 
1695 766 
0.640871 0.0524179 0.736138 0.873085 
1696 1767 
0.233444 0.356063 0.532642 0.494988 
1697 329 
0.459116 0.467047 0.142143 0.455602 
1698 365 
0.223345 0.00253814 0.964586 0.326275 
1699 383 
0.688543 0.268371 0.188612 0.219897 
1700 1118 
0.84976 0.909671 0.0366712 0.458262 
1701 289 
0.552322 0.0991326 0.0347361 0.28846 
1702 345 
0.558501 0.521903 0.32828 0.0911429 
1703 1221 
0.58045 0.550259 0.483938 0.722594 
1704 114 
0.923165 0.945938 0.00839901 0.887751 
1705 714 
0.299049 0.576294 0.540585 0.487661 
1706 1523 
0.978813 0.337421 0.705862 0.0154839 
1707 1204 
0.688181 0.567806 0.894815 0.722917 
1708 1267 
0.867032 0.281417 0.378168 0.195312 
1709 880 
0.395059 0.775762 0.922819 0.878998 
1710 1228 
0.92868 0.802163 0.444294 0.937079 
1711 662 
0.716508 0.236128 0.266208 0.257093 
1712 76 
0.0623991 0.235906 0.0612094 0.768261 
1713 701 
0.856892 0.456442 0.819195 0.751707 
1714 1692 
0.67546 0.618739 0.460776 0.0536285 
1715 1387 
0.833336 0.448688 0.589813 0.756155 
1716 1843 
0.0881692 0.684835 0.129849 0.532464 
1717 459 
0.819763 0.248972 0.858041 0.0859704 
1718 1428 
0.58183 0.148369 0.74197 0.643039 
1719 1723 
0.99336 0.499931 0.373073 0.812555 
1720 315 
0.552431 0.488015 0.870377 0.0132073 
1721 1543 
0.684428 0.846543 0.990331 0.274241 
1722 671 
0.318017 0.362411 0.287533 0.447865 
1723 1827 
0.909446 0.267628 0.143846 0.767487 
1724 651 
0.649911 0.349317 0.501968 0.391881 
1725 1409 
0.418599 0.38524 0.492287 0.791671 
1726 998 
0.743924 0.344103 0.685809 0.614302 
1727 1610 
0.227452 0.29873 0.203853 0.217783 
1728 360 
0.806552 0.5358 0.935382 0.0940846 
1729 1707 
0.830256 0.00353059 0.251294 0.974102 
1730 1758 
0.604892 0.624013 0.120334 0.10686 
1731 569 
0.11269 0.525458 0.401134 0.604976 
1732 687 
0.598928 0.348901 0.661232 0.284738 
1733 1187 
0.0185425 0.51219 0.261932 0.222396 
1734 1556 
0.834903 0.0289478 0.265773 0.770285 
1735 1969 
0.249439 0.600541 0.126563 0.500732 
1736 1652 
0.897581 0.105624 0.198656 0.0179148 
1737 1688 
0.214549 0.130605 0.737942 0.615683 
1738 176 
0.0550718 0.214611 0.0844818 0.716304 
1739 1463 
0.0476841 0.734847 0.0115387 0.309616 
1740 1114 
0.741512 0.144519 0.986191 0.00728528 
1741 1958 
0.109223 0.256724 0.515346 0.235786 
1742 1611 
0.0899896 0.133366 0.863081 0.288646 
1743 1940 
0.0755647 0.503195 0.281886 0.813507 
1744 1177 
0.0174669 0.868579 0.33349 0.101949 
1745 237 
0.832838 0.149633 0.31973 0.844377 
1746 1315 
0.276972 0.585889 0.603768 0.263163 
1747 233 
0.518573 0.372386 0.849899 0.0339189 
1748 228 
0.607355 0.123908 0.741538 0.470436 
1749 1614 
0.892819 0.546001 0.91575 0.174705 
1750 563 
0.0346279 0.192172 0.228086 0.368117 
1751 888 
0.812969 0.200956 0.443753 0.132698 
1752 1771 
0.903002 0.409671 0.631222 0.50677 
1753 808 
0.224396 0.025343 0.0452191 0.0742949 
1754 1901 
0.653391 0.68165 0.18317 0.394928 
1755 106 
0.595725 0.287747 0.698087 0.511474 
1756 822 
0.0575942 0.546102 0.654624 0.28568 
1757 1564 
0.948745 0.0986493 0.115175 0.392498 
1758 1479 
0.160508 0.2955 0.641018 0.79173 
1759 1610 
0.313852 0.0161268 0.827613 0.359071 
1760 1051 
0.886875 0.0124614 0.772072 0.0700452 
1761 884 
0.924158 0.66577 0.695137 0.622244 
1762 815 
0.15759 0.679838 0.723346 0.812214 
1763 1792 
0.637566 0.760958 0.0641681 0.752741 
1764 384 
0.295516 0.91325 0.448956 0.936534 
1765 807 
0.251226 0.250386 0.721107 0.0788387 
1766 959 
0.811528 0.965714 0.621918 0.5836 
1767 1354 
0.0293082 0.507758 0.701529 0.724445 
1768 986 
0.878773 0.882035 0.80984 0.602119 
1769 1426 
0.775359 0.239685 0.455207 0.839527 
1770 475 
0.608663 0.135043 0.905675 0.0576187 
1771 925 
0.610655 0.308845 0.321963 0.331762 
1772 1466 
0.93142 0.14329 0.353397 0.553339 
1773 1136 
0.389156 0.582647 0.234648 0.0906842 
1774 1843 
0.36465 0.969457 0.189127 0.17449 
1775 1843 
0.883376 0.949849 0.811261 0.338583 
1776 1380 
0.803687 0.947246 0.92442 0.709362 
1777 1968 
0.995997 0.320017 0.313709 0.31796 
1778 1654 
0.701392 0.24938 0.79507 0.0547889 
1779 439 
0.52196 0.443944 0.385366 0.756608 
1780 389 
0.692459 0.121258 0.504086 0.881586 
1781 590 
0.0756615 0.764962 0.245598 0.886922 
1782 1784 
0.0349743 0.690609 0.0507899 0.959394 
1783 569 
0.0556542 0.955391 0.719988 0.369363 
1784 683 
0.371768 0.070755 0.522731 0.166837 
1785 1565 
0.325451 0.688797 0.569488 0.710817 
1786 1092 
0.104117 0.403275 0.566664 0.608203 
1787 1027 
0.862412 0.683864 0.049823 0.10801 
1788 406 
0.153367 0.142984 0.261395 0.204157 
1789 536 
0.661366 0.259811 0.0577685 0.381354 
1790 1754 
0.331119 0.753121 0.699929 0.853851 
1791 334 
0.825473 0.179302 0.608756 0.394962 
1792 792 
0.0541617 0.499079 0.293394 0.620825 
1793 1750 
0.578255 0.483237 0.791146 0.628078 
1794 299 
0.361932 0.781446 0.73423 0.623327 
1795 1940 
0.836608 0.284693 0.245414 0.894377 
1796 1192 
0.874589 0.225496 0.419168 0.574518 
1797 412 
0.339127 0.399992 0.258649 0.947883 
1798 1300 
0.148767 0.00204507 0.294032 0.442161 
1799 1775 
0.401314 0.0204161 0.106107 0.19246 
1800 1050 
0.697354 0.554392 0.42994 0.431584 
1801 317 
0.415543 0.268192 0.462413 0.660957 
1802 286 
0.12846 0.535546 0.388065 0.547629 
1803 160 
0.467412 0.886756 0.510055 0.726061 
1804 1904 
0.305009 0.874828 0.836684 0.599041 
1805 1914 
0.459555 0.000354967 0.337405 0.565662 
1806 1016 
0.985899 0.263016 0.747207 0.415839 
1807 123 
0.924927 0.831382 0.962792 0.38734 
1808 1653 
0.125361 0.5158 0.0278845 0.513426 
1809 1980 
0.137948 0.980839 0.950184 0.648004 
1810 759 
0.784824 0.953012 0.581727 0.621508 
1811 1103 
0.898716 0.0810623 0.552408 0.23612 
1812 1435 
0.745223 0.22202 0.90974 0.49243 
1813 1126 
0.60434 0.417358 0.469241 0.567132 
1814 1043 
0.961579 0.692494 0.320498 0.989464 
1815 1926 
0.383926 0.127412 0.186759 0.334111 
1816 814 
0.893658 0.118934 0.728428 0.475385 
1817 1320 
0.280481 0.374101 0.821504 0.832889 
1818 78 
0.468228 0.578112 0.832241 0.377968 
1819 1575 
0.4701 0.982308 0.4879 0.93934 
1820 113 
0.292598 0.900919 0.241934 0.613096 
1821 1842 
0.447854 0.997022 0.0177957 0.634613 
1822 790 
0.793211 0.528271 0.450067 0.52164 
1823 442 
0.19051 0.802121 0.377756 0.0120139 
1824 1644 
0.987978 0.480242 0.213122 0.820218 
1825 1331 
0.283665 0.290318 0.840519 0.771566 
1826 869 
0.389959 0.0641637 0.130578 0.631893 
1827 1692 
0.0209609 0.0797469 0.674282 0.0387566 
1828 1346 
0.00541476 0.831968 0.24263 0.455482 
1829 622 
0.246286 0.645992 0.155728 0.624042 
1830 132 
0.790738 0.61202 0.138248 0.00386081 
1831 410 
0.996459 0.287526 0.722556 0.836977 
1832 448 
0.952214 0.226936 0.123255 0.0827917 
1833 102 
0.800515 0.103753 0.938576 0.474797 
1834 242 
0.652936 0.480211 0.974477 0.895566 
1835 522 
0.328085 0.141852 0.581685 0.483813 
1836 369 
0.239691 0.274552 0.377914 0.377939 
1837 353 
0.810152 0.374397 0.565939 0.532708 
1838 1129 
0.62503 0.484922 0.438311 0.748286 
1839 1828 
0.29714 0.548801 0.671466 0.235717 
1840 441 
0.813976 0.888652 0.503808 0.788453 
1841 1946 
0.439502 0.116538 0.92607 0.0211872 
1842 309 
0.691964 0.260878 0.874903 0.0698772 
1843 1965 
0.153315 0.880029 0.0132136 0.719254 
1844 1431 
0.224588 0.344284 0.897659 0.662899 
1845 414 
0.465372 0.960039 0.64137 0.136839 
1846 158 
0.664968 0.950814 0.0844081 0.168776 
1847 4 
0.868626 0.608278 0.855805 0.794696 
1848 314 
0.456156 0.48666 0.890343 0.331059 
1849 630 
0.52916 0.484374 0.436566 0.542373 
1850 652 
0.849303 0.766961 0.547913 0.746962 
1851 1657 
0.640483 0.212334 0.389899 0.281853 
1852 882 
0.585655 0.946821 0.299987 0.670063 
1853 71 
0.0392541 0.538689 0.723875 0.895059 
1854 382 
0.35334 0.351215 0.820046 0.243683 
1855 558 
0.376583 0.772843 0.166649 0.813149 
1856 1264 
0.370277 0.662452 0.0821773 0.91819 
1857 1319 
0.512037 0.558672 0.621748 0.901937 
1858 284 
0.970921 0.487592 0.787346 0.270908 
1859 1096 
0.902943 0.310162 0.696344 0.626817 
1860 484 
0.0297299 0.980157 0.556436 0.849776 
1861 106 
0.23871 0.226359 0.996683 0.405359 
1862 328 
0.311899 0.775636 0.70196 0.394077 
1863 390 
0.111374 0.906114 0.252497 0.733121 
1864 223 
0.0930227 0.704042 0.295643 0.880369 
1865 634 
0.453297 0.783311 0.285112 0.149642 
1866 802 
0.490332 0.179372 0.390286 0.0467685 
1867 1393 
0.614127 0.285479 0.255506 0.61081 
1868 1957 
0.295014 0.92271 0.466473 0.996974 
1869 1837 
0.160298 0.108347 0.222901 0.412796 
1870 165 
0.0309517 0.505818 0.545511 0.326594 
1871 584 
0.52046 0.779892 0.169498 0.805572 
1872 141 
0.579627 0.295904 0.108905 0.969913 
1873 528 
0.138053 0.58404 0.628152 0.393559 
1874 497 
0.318989 0.688572 0.11756 0.785462 
1875 532 
0.434347 0.94576 0.793893 0.657248 
1876 1141 
0.635362 0.688199 0.864374 0.180872 
1877 1070 
0.250562 0.701333 0.794685 0.42006 
1878 51 
0.724219 0.999687 0.802809 0.833124 
1879 1796 
0.145482 0.971177 0.553641 0.773634 
1880 1130 
0.748492 0.0926229 0.0533076 0.866052 
1881 890 
0.738853 0.300399 0.823845 0.532747 
1882 182 
0.182401 0.168108 0.645846 0.0467756 
1883 313 
0.660639 0.297337 0.0503136 0.455325 
1884 1000 
0.557219 0.179544 0.717085 0.360028 
1885 732 
0.686685 0.50551 0.983845 0.240326 
1886 1528 
0.34858 0.988818 0.371767 0.401888 
1887 1846 
0.249852 0.140741 0.155269 0.073697 
1888 121 
0.112916 0.256098 0.841596 0.758761 
1889 436 
0.190577 0.419401 0.600211 0.24089 
1890 964 
0.317608 0.798109 0.0542695 0.0346929 
1891 185 
0.0669377 0.721378 0.663647 0.0507827 
1892 1341 
0.942791 0.399363 0.950523 0.314558 
1893 1307 
0.805393 0.56441 0.941992 0.960662 
1894 782 
0.61548 0.073578 0.894205 0.457076 
1895 1227 
0.197079 0.647653 0.25174 0.79729 
1896 225 
0.126466 0.114898 0.686652 0.180735 
1897 879 
0.844789 0.247673 0.87097 0.508436 
1898 862 
0.832674 0.451227 0.697819 0.783197 
1899 1808 
0.49907 0.588591 0.330196 0.441062 
1900 1819 
0.968303 0.0565421 0.622831 0.862508 
1901 986 
0.45517 0.0595873 0.161271 0.706911 
1902 248 
0.0498146 0.833376 0.971776 0.736467 
1903 437 
0.121367 0.581256 0.261785 0.992337 
1904 1681 
0.56024 0.825011 0.540919 0.258059 
1905 1957 
0.306705 0.757129 0.196799 0.6369 
1906 1929 
0.746052 0.605203 0.254733 0.368883 
1907 242 
0.768351 0.824054 0.527299 0.929623 
1908 721 
0.384176 0.979437 0.36434 0.355952 
1909 501 
0.378452 0.477319 0.29716 0.640237 
1910 1785 
0.386852 0.200477 0.294667 0.927771 
1911 1055 
0.902875 0.234475 0.215665 0.0996746 
1912 602 
0.413856 0.845727 0.476579 0.668589 
1913 1314 
0.94429 0.436941 0.0386635 0.471588 
1914 1351 
0.569628 0.855764 0.346001 0.933968 
1915 868 
0.0619052 0.31242 0.689035 0.359065 
1916 545 
0.158691 0.745917 0.153134 0.453357 
1917 1203 
0.61167 0.356233 0.908163 0.827335 
1918 1541 
0.779538 0.241191 0.301634 0.256117 
1919 997 
0.516244 0.200407 0.346721 0.554908 
1920 323 
0.713285 0.124535 0.527759 0.059286 
1921 445 
0.739475 0.121191 0.370923 0.42851 
1922 560 
0.32358 0.587201 0.226173 0.476713 
1923 692 
0.899861 0.0883833 0.396791 0.808024 
1924 221 
0.852699 0.587562 0.15691 0.154333 
1925 1183 
0.0666903 0.670577 0.0440859 0.413412 
1926 1604 
0.716081 0.126697 0.350019 0.24384 
1927 1008 
0.408522 0.983316 0.307174 0.779445 
1928 1780 
0.78743 0.103025 0.999027 0.0136035 
1929 1182 
0.0395856 0.913464 0.668122 0.436377 
1930 1743 
0.58384 0.289076 0.30905 0.74075 
1931 1820 
0.152729 0.80744 0.113985 0.196815 
1932 1783 
0.339469 0.912896 0.347549 0.689488 
1933 694 
0.533531 0.0980107 0.140052 0.840705 
1934 859 
0.551878 0.628136 0.980481 0.550905 
1935 360 
0.56022 0.590491 0.555203 0.228342 
1936 68 
0.276691 0.812182 0.315943 0.585742 
1937 622 
0.759351 0.738471 0.360372 0.873336 
1938 53 
0.581224 0.212805 0.848182 0.928773 
1939 968 
0.00491875 0.462304 0.000304426 0.144971 
1940 134 
0.877761 0.696849 0.931145 0.858242 
1941 1619 
0.572884 0.418462 0.838245 0.128088 
1942 1047 
0.865113 0.404779 0.458986 0.181056 
1943 1720 
0.0119183 0.940407 0.728992 0.372291 
1944 1078 
0.664278 0.953515 0.026549 0.512461 
1945 1831 
0.928843 0.51738 0.344592 0.929147 
1946 440 
0.647601 0.806908 0.359199 0.578746 
1947 281 
0.606953 0.151631 0.0836119 0.445198 
1948 1621 
0.730416 0.31031 0.684498 0.189402 
1949 1123 
0.675019 0.20132 0.431774 0.404011 
1950 87 
0.245517 0.0682897 0.527126 0.272066 
1951 335 
0.409413 0.200909 0.0981301 0.754005 
1952 966 
0.76048 0.401606 0.936964 0.11968 
1953 589 
0.602113 0.726633 0.131983 0.685725 
1954 1087 
0.411702 0.416141 0.482141 0.0962003 
1955 292 
0.973507 0.771219 0.806864 0.405281 
1956 1299 
0.380475 0.650798 0.243521 0.9076 
1957 1808 
0.824271 0.317013 0.123773 0.922401 
1958 1711 
0.253829 0.682882 0.472624 0.190793 
1959 1068 
0.452976 0.792906 0.529194 0.584959 
1960 988 
0.701024 0.996661 0.894773 0.183165 
1961 973 
0.500316 0.156672 0.864081 0.307179 
1962 1346 
0.039312 0.687654 0.212751 0.282833 
1963 780 
0.135615 0.107104 0.912267 0.259389 
1964 1246 
0.983285 0.513217 0.712387 0.455909 
1965 193 
0.514948 0.908885 0.496916 0.0441416 
1966 755 
0.975547 0.745166 0.490506 0.87032 
1967 1499 
0.583367 0.370636 0.0850033 0.447449 
1968 1327 
0.646957 0.486761 0.365469 0.859708 
1969 875 
0.960724 0.995323 0.876697 0.872991 
1970 1410 
0.906202 0.856276 0.767929 0.618588 
1971 1327 
0.471939 0.133536 0.221071 0.968856 
1972 1827 
0.714915 0.944403 0.922843 0.205421 
1973 474 
0.851174 0.788788 0.185359 0.936178 
1974 1100 
0.863174 0.583134 0.722998 0.228644 
1975 1951 
0.492591 0.189367 0.438165 0.369288 
1976 1659 
0.692877 0.27549 0.918635 0.460806 
1977 1556 
0.23082 0.932746 0.0276139 0.451891 
1978 10 
0.205292 0.166806 0.846004 0.128135 
1979 1101 
0.660727 0.979309 0.161015 0.846086 
1980 1426 
0.397252 0.709261 0.498621 0.12025 
1981 1921 
0.941463 0.612841 0.127271 0.379629 
1982 1076 
0.18963 0.0725056 0.257618 0.108265 
1983 611 
0.151696 0.339085 0.466058 0.17931 
1984 499 
0.367659 0.384601 0.957782 0.213663 
1985 1195 
0.330009 0.874391 0.492046 0.491024 
1986 493 
0.407533 0.888276 0.429738 0.906154 
1987 216 
0.367642 0.847617 0.621367 0.494913 
1988 710 
0.603496 0.684543 0.299751 0.861114 
1989 1867 
0.833063 0.0128098 0.131893 0.299121 
1990 1969 
0.922869 0.66678 0.576721 0.880652 
1991 1267 
0.0894577 0.210661 0.754834 0.581504 
1992 955 
0.475311 0.989036 0.589961 0.905048 
1993 890 
0.598488 0.27269 0.742808 0.219855 
1994 1288 
0.970054 0.823351 0.452146 0.269805 
1995 423 
0.244954 0.102868 0.697274 0.376847 
1996 1448 
0.889394 0.299716 0.0687692 0.466115 
1997 1041 
0.949212 0.555573 0.391029 0.704046 
1998 1508 
0.0927135 0.179357 0.126113 0.682675 
1999 745 
0.0213033 0.281163 0.357095 0.764111 
