300 1
0 0 1 0 1 1 0 0 1 0 1 1 0 0 0 1 0 1 1 0 0 1 1 1 0 1 0 1 0 1 1 1 1 1 0 1 1 1 0 1 0 0 1 1 1 1 1 0 1 1 0 0 1 0 0 1 0 0 1 1 0 1 1 0 1 0 0 1 0 1 1 1 0 0 0 1 0 0 0 0 1 1 0 1 0 1 1 1 0 1 1 0 1 1 1 1 0 1 1 1 1 0 0 1 1 1 1 0 0 0 1 0 1 0 1 0 1 1 1 0 0 1 1 0 0 0 1 1 0 1 0 0 0 1 0 0 1 0 1 0 0 0 0 0 1 0 1 1 0 1 1 1 0 1 1 1 0 1 1 1 1 0 1 1 0 0 0 0 0 1 0 1 0 1 0 0 0 0 1 1 1 1 0 0 1 0 0 1 0 0 1 0 0 1 0 1 1 0 1 0 0 0 0 1 0 1 0 1 0 0 1 0 0 0 1 1 1 0 1 0 0 1 0 1 0 1 1 0 0 1 1 1 0 0 1 1 0 1 1 1 0 0 1 0 1 1 0 0 1 0 1 0 0 0 0 1 1 0 0 0 1 0 1 0 1 1 1 0 1 1 1 1 0 1 0 1 1 1 0 1 0 0 0 1 0 1 0 0 1 1 1 1 1 1 0 1 0 0 1 0 
0 
0.27032 0.28573 
1 
0.740437 0.789803 
2 
0.942182 0.0478746 
3 
0.213802 0.321186 
4 
0.656294 0.392864 
5 
0.626006 0.439896 
6 
0.0636876 0.350981 
7 
0.502814 0.123291 
8 
0.309727 0.36646 
9 
0.252274 0.795986 
10 
0.179369 0.283659 
11 
0.291974 0.860599 
12 
0.0738356 0.0945903 
13 
0.520037 0.656648 
14 
0.64656 0.186439 
15 
0.295037 0.91688 
16 
0.472169 0.0354739 
17 
0.706684 0.414352 
18 
0.0833485 0.920486 
19 
0.735537 0.739642 
20 
0.31335 0.361543 
21 
0.179539 0.377038 
22 
0.712523 0.682352 
23 
0.500329 0.0222507 
24 
0.0488121 0.752602 
25 
0.818237 0.228181 
26 
0.0362616 0.110211 
27 
0.08878 0.110097 
28 
0.204801 0.608817 
29 
0.766745 0.851361 
30 
0.795256 0.0617824 
31 
0.768242 0.267425 
32 
0.0972563 0.474926 
33 
0.681776 0.180605 
34 
0.395412 0.417313 
35 
0.920247 0.708762 
36 
0.778856 0.0997857 
37 
0.0857994 0.49138 
38 
0.782138 0.586128 
39 
0.51363 0.83095 
40 
0.338731 0.331867 
41 
0.059131 0.374992 
42 
0.442078 0.147911 
43 
0.485089 0.64688 
44 
0.756728 0.251835 
45 
0.498241 0.551983 
46 
0.313617 0.266483 
47 
0.819408 0.410873 
48 
0.741408 0.501184 
49 
0.591478 0.13682 
50 
0.918498 0.511725 
51 
0.845582 0.697354 
52 
0.611511 0.931381 
53 
0.188733 0.393649 
54 
0.51751 0.702364 
55 
0.224599 0.85624 
56 
0.0342306 0.28373 
57 
0.231233 0.476309 
58 
0.431641 0.716322 
59 
0.123188 0.188369 
60 
0.968157 0.62143 
61 
0.740353 0.281774 
62 
0.887912 0.559761 
63 
0.692647 0.629321 
64 
0.0609451 0.284126 
65 
0.766141 0.979443 
66 
0.795851 0.611723 
67 
0.676797 0.407362 
68 
0.543105 0.86553 
69 
0.801011 0.0606144 
70 
0.567894 0.0256105 
71 
0.916855 0.602124 
72 
0.309341 0.148087 
73 
0.0784332 0.740983 
74 
0.864409 0.201622 
75 
0.929352 0.832566 
76 
0.823051 0.669704 
77 
0.11434 0.710964 
78 
0.229465 0.806988 
79 
0.340285 0.29041 
80 
0.0911134 0.106426 
81 
0.269853 0.886964 
82 
0.718149 0.94665 
83 
0.294326 0.261254 
84 
0.81218 0.0953374 
85 
0.321868 0.380074 
86 
0.120948 0.238723 
87 
0.982198 0.430289 
88 
0.38681 0.0606311 
89 
0.171272 0.25122 
90 
0.262253 0.100623 
91 
0.083786 0.0853041 
92 
0.770328 0.198126 
93 
0.796268 0.999793 
94 
0.00511403 0.136553 
95 
0.290203 0.0962274 
96 
0.242978 0.560056 
97 
0.983192 0.961128 
98 
0.506705 0.277518 
99 
0.222381 0.318885 
100 
0.372856 0.544249 
101 
0.698959 0.493803 
102 
0.782972 0.681157 
103 
0.924092 0.169782 
104 
0.741788 0.095364 
105 
0.421002 0.00404046 
106 
0.195987 0.504788 
107 
0.0893445 0.966315 
108 
0.702914 0.885612 
109 
0.966107 0.708028 
110 
0.0221649 0.25631 
111 
0.804256 0.265143 
112 
0.816366 0.787447 
113 
0.226271 0.323071 
114 
0.0649655 0.448652 
115 
0.641956 0.437821 
116 
0.992901 0.340915 
117 
0.931625 0.775873 
118 
0.0220714 0.855717 
119 
0.945656 0.763859 
120 
0.951081 0.366658 
121 
0.7679 0.147068 
122 
0.871446 0.857244 
123 
0.113383 0.57436 
124 
0.742856 0.0794904 
125 
0.282388 0.765021 
126 
0.335801 0.086644 
127 
0.0301645 0.152166 
128 
0.874091 0.256435 
129 
0.475237 0.939057 
130 
0.705087 0.117194 
131 
0.376878 0.697989 
132 
0.458109 0.308503 
133 
0.473862 0.48018 
134 
0.16422 0.419518 
135 
0.244039 0.115301 
136 
0.786176 0.0119386 
137 
0.262369 0.657621 
138 
0.869183 0.375752 
139 
0.231981 0.612039 
140 
0.455242 0.51437 
141 
0.37706 0.791043 
142 
0.601014 0.407225 
143 
0.943209 0.475105 
144 
0.66366 0.418447 
145 
0.414162 0.368747 
146 
0.53564 0.79104 
147 
0.0667362 0.993749 
148 
0.0995428 0.540598 
149 
0.473929 0.263762 
150 
0.960116 0.717968 
151 
0.379063 0.746292 
152 
0.729906 0.641432 
153 
0.403913 0.599089 
154 
0.0171839 0.635895 
155 
0.211128 0.472426 
156 
0.150264 0.588188 
157 
0.263469 0.751278 
158 
0.995413 0.206678 
159 
0.226383 0.659073 
160 
0.625125 0.640545 
161 
0.0278204 0.160765 
162 
0.431585 0.0945566 
163 
0.154514 0.531128 
164 
0.635155 0.628443 
165 
0.794891 0.595271 
166 
0.346411 0.173954 
167 
0.341563 0.0763176 
168 
0.815386 0.745476 
169 
0.675407 0.83257 
170 
0.381371 0.886535 
171 
0.304996 0.531635 
172 
0.474723 0.568465 
173 
0.282913 0.470136 
174 
0.775143 0.509296 
175 
0.129209 0.400268 
176 
0.149841 0.157029 
177 
0.561034 0.581427 
178 
0.251586 0.715548 
179 
0.112555 0.886741 
180 
0.343991 0.907446 
181 
0.482012 0.690403 
182 
0.0813992 0.823575 
183 
0.76672 0.896785 
184 
0.569051 0.442127 
185 
0.729355 0.950422 
186 
0.328661 0.0343503 
187 
0.482057 0.803384 
188 
0.602815 0.76497 
189 
0.27352 0.377959 
190 
0.274266 0.402729 
191 
0.778227 0.424108 
192 
0.559758 0.339261 
193 
0.00553415 0.811344 
194 
0.0548092 0.118089 
195 
0.698085 0.398801 
196 
0.0255345 0.180097 
197 
0.0892033 0.106934 
198 
0.00367202 0.855923 
199 
0.00371865 0.572723 
200 
0.29805 0.733073 
201 
0.523146 0.626712 
202 
0.767423 0.0052029 
203 
0.430096 0.370239 
204 
0.770173 0.703616 
205 
0.748197 0.0444395 
206 
0.106345 0.526425 
207 
0.468547 0.666104 
208 
0.865686 0.474081 
209 
0.477448 0.920495 
210 
0.59217 0.175533 
211 
0.319295 0.617705 
212 
0.35563 0.408499 
213 
0.724638 0.359302 
214 
0.264422 0.728357 
215 
0.932025 0.562472 
216 
0.46143 0.455171 
217 
0.189184 0.228854 
218 
0.460374 0.61928 
219 
0.599093 0.230547 
220 
0.322897 0.34729 
221 
0.274986 0.429242 
222 
0.873715 0.743533 
223 
0.0953456 0.7394 
224 
0.217615 0.572793 
225 
0.659895 0.809785 
226 
0.748326 0.97919 
227 
0.42749 0.103956 
228 
0.387689 0.152128 
229 
0.463258 0.652111 
230 
0.880485 0.395283 
231 
0.214584 0.341915 
232 
0.850454 0.403768 
233 
0.570769 0.310828 
234 
0.023048 0.169862 
235 
0.541375 0.345945 
236 
0.517152 0.816361 
237 
0.775186 0.390866 
238 
0.559895 0.870532 
239 
0.130266 0.777509 
240 
0.443325 0.790161 
241 
0.587294 0.191652 
242 
0.769352 0.0147836 
243 
0.295608 0.157041 
244 
0.166912 0.758866 
245 
0.809152 0.0473967 
246 
0.154149 0.0237358 
247 
0.389312 0.00460325 
248 
0.427504 0.960081 
249 
0.315431 0.450552 
250 
0.129943 0.856806 
251 
0.796496 0.647094 
252 
0.673167 0.571683 
253 
0.0379607 0.233061 
254 
0.442215 0.168227 
255 
0.0105705 0.88554 
256 
0.958389 0.597865 
257 
0.0771918 0.72774 
258 
0.612648 0.3728 
259 
0.884781 0.77956 
260 
0.131666 0.693933 
261 
0.826957 0.285815 
262 
0.717669 0.216269 
263 
0.290418 0.145173 
264 
0.17635 0.605849 
265 
0.595724 0.306292 
266 
0.462655 0.39222 
267 
0.953387 0.135821 
268 
0.963903 0.991347 
269 
0.368883 0.406117 
270 
0.159575 0.379453 
271 
0.291657 0.117963 
272 
0.977318 0.368849 
273 
0.845703 0.589966 
274 
0.741649 0.730485 
275 
0.369526 0.873315 
276 
0.424418 0.196482 
277 
0.159129 0.142087 
278 
0.412751 0.449547 
279 
0.287259 0.5891 
280 
0.0553966 0.882984 
281 
0.895393 0.518051 
282 
0.275204 0.84878 
283 
0.653873 0.239107 
284 
0.840127 0.0227555 
285 
0.645225 0.999702 
286 
0.402209 0.936882 
287 
0.117665 0.379527 
288 
0.305731 0.963368 
289 
0.969493 0.0473802 
290 
0.693853 0.339018 
291 
0.920695 0.118271 
292 
0.535501 0.0798242 
293 
0.260358 0.948251 
294 
0.529372 0.547617 
295 
0.537352 0.584768 
296 
0.430601 0.432745 
297 
0.10282 0.705805 
298 
0.281524 0.756692 
299 
0.944912 0.121651 
