21 1
1 0 1 0 1 0 0 1 0 0 0 1 0 1 1 0 1 1 1 1 1 
0 
0.331642 0.766304 
1 
0.170379 0.138497 
2 
0.511164 0.894654 
3 
0.955557 0.524144 
4 
0.235172 0.483006 
5 
0.435168 0.290525 
6 
0.411392 0.431564 
7 
0.387643 0.151869 
8 
0.271139 0.450697 
9 
0.679937 0.106564 
10 
0.862921 0.691408 
11 
0.179907 0.673048 
12 
0.880153 0.360566 
13 
0.282065 0.22625 
14 
0.0570637 0.446087 
15 
0.849959 0.388705 
16 
0.212391 0.0203377 
17 
0.527202 0.723555 
18 
0.914992 0.482759 
19 
0.247698 0.150164 
20 
0.965766 0.682867 
