98 2
1 0 1 0 0 1 0 1 1 0 1 1 1 1 0 0 1 0 1 0 1 0 0 1 0 0 1 1 0 0 0 1 1 0 0 1 1 0 1 1 1 1 1 1 0 0 1 0 1 1 1 1 0 0 0 1 1 0 1 1 1 0 1 0 0 0 0 0 1 0 0 0 0 0 0 1 1 0 0 1 0 0 0 1 1 1 1 0 0 0 0 1 1 0 0 0 1 1 
0 84 
0.774 0.53328 0.427337 0.575277 
1 46 
0.976834 0.51507 0.939165 0.320405 
2 3 
0.83002 0.777401 0.968043 0.959563 
3 2 
0.350657 0.200262 0.219827 0.761389 
4 75 
0.77767 0.7477 0.582164 0.494327 
5 13 
0.654745 0.0719157 0.101006 0.0737559 
6 68 
0.933881 0.847756 0.292588 0.361218 
7 49 
0.926514 0.338052 0.938103 0.865679 
8 57 
0.548093 0.695699 0.435858 0.516136 
9 39 
0.934617 0.866793 0.855525 0.154444 
10 68 
0.0346825 0.932114 0.375883 0.616846 
11 75 
0.804981 0.271591 0.498357 0.905988 
12 93 
0.257665 0.839868 0.193104 0.550253 
13 70 
0.616137 0.476767 0.539138 0.55424 
14 51 
0.197594 0.102333 0.0381457 0.633452 
15 49 
0.693409 0.568069 0.485262 0.548933 
16 4 
0.113445 0.583616 0.654627 0.489328 
17 51 
0.0810686 0.294309 0.472054 0.579425 
18 84 
0.817401 0.837091 0.040165 0.0105049 
19 30 
0.241251 0.626642 0.864111 0.780389 
20 84 
0.206557 0.977983 0.283214 0.244703 
21 14 
0.901683 0.938111 0.179504 0.386946 
22 91 
0.902017 0.500391 0.0706602 0.556645 
23 55 
0.271122 0.637713 0.284028 0.743176 
24 79 
0.484324 0.560577 0.0542291 0.524489 
25 77 
0.441573 0.76574 0.197724 0.305683 
26 92 
0.378605 0.512241 0.524112 0.661819 
27 41 
0.135547 0.563502 0.695055 0.315051 
28 3 
0.182099 0.217068 0.450839 0.252759 
29 66 
0.440557 0.523882 0.411426 0.724585 
30 81 
0.628564 0.208909 0.827635 0.682794 
31 85 
0.398717 0.124366 0.499139 0.596441 
32 90 
0.0452682 0.975045 0.94229 0.56938 
33 30 
0.699234 0.704927 0.200367 0.394288 
34 20 
0.150815 0.576387 0.237047 0.601653 
35 76 
0.0107593 0.0422102 0.353028 0.422185 
36 91 
0.620086 0.0507494 0.975704 0.447721 
37 8 
0.709102 0.846438 0.857909 0.208241 
38 12 
0.287959 0.253509 0.417924 0.230249 
39 45 
0.0547882 0.929483 0.527817 0.255155 
40 5 
0.547796 0.405969 0.900158 0.784842 
41 48 
0.729305 0.795602 0.0498327 0.0823328 
42 41 
0.816628 0.702419 0.268536 0.792331 
43 37 
0.0020792 0.501434 0.996578 0.859988 
44 9 
0.439456 0.147947 0.963185 0.85738 
45 27 
0.786074 0.912168 0.307679 0.313892 
46 32 
0.63145 0.861688 0.573292 0.531607 
47 22 
0.580915 0.260912 0.442132 0.630747 
48 28 
0.659919 0.447375 0.0456637 0.928455 
49 50 
0.195804 0.930534 0.74114 0.192381 
50 82 
0.450815 0.631837 0.93847 0.414 
51 30 
0.316666 0.200074 0.401385 0.624345 
52 81 
0.568707 0.255794 0.375654 0.142 
53 62 
0.022184 0.722914 0.0483139 0.464316 
54 7 
0.391559 0.124235 0.801037 0.437223 
55 64 
0.0407429 0.633026 0.983224 0.781883 
56 41 
0.773746 0.232698 0.457244 0.712216 
57 79 
0.946461 0.0288823 0.846772 0.347846 
58 95 
0.360738 0.916553 0.909022 0.736392 
59 39 
0.696424 0.758576 0.781467 0.744738 
60 61 
0.135129 0.136296 0.347127 0.936165 
61 73 
0.399816 0.976908 0.206545 0.38304 
62 86 
0.0319521 0.156787 0.991489 0.489196 
63 22 
0.638187 0.435657 0.897885 0.484959 
64 52 
0.551112 0.845697 0.700056 0.460134 
65 57 
0.758609 0.156558 0.340665 0.540076 
66 44 
0.563557 0.675205 0.0375916 0.910684 
67 48 
0.61111 0.3105 0.588279 0.817655 
68 17 
0.34707 0.849607 0.850327 0.33856 
69 80 
0.71933 0.976747 0.774461 0.617215 
70 81 
0.557964 0.168328 0.307404 0.25802 
71 60 
0.889493 0.0166291 0.785019 0.230158 
72 18 
0.686315 0.793715 0.23191 0.723906 
73 52 
0.843281 0.335017 0.0148993 0.431559 
74 38 
0.708439 0.778629 0.00227961 0.558766 
75 56 
0.341083 0.278096 0.0939359 0.115545 
76 22 
0.555642 0.673509 0.0636386 0.863046 
77 26 
0.6921 0.752539 0.948158 0.47712 
78 63 
0.504863 0.163435 0.776413 0.736773 
79 23 
0.480812 0.580054 0.222358 0.495711 
80 3 
0.37503 0.204151 0.790243 0.377309 
81 43 
0.907432 0.718393 0.0410131 0.00136761 
82 26 
0.936324 0.55701 0.507446 0.999963 
83 51 
0.438975 0.692063 0.172594 0.387133 
84 24 
0.155291 0.891996 0.332617 0.931704 
85 97 
0.219958 0.412516 0.208824 0.442316 
86 47 
0.220437 0.817346 0.112378 0.0106795 
87 11 
0.875295 0.918111 0.913048 0.916308 
88 36 
0.746985 0.852632 0.476489 0.254431 
89 76 
0.896544 0.693406 0.544658 0.0691383 
90 12 
0.713841 0.22443 0.972536 0.0464586 
91 26 
0.601305 0.266417 0.56865 0.810129 
92 25 
0.476877 0.0305657 0.526079 0.589255 
93 33 
0.720734 0.46455 0.959356 0.633781 
94 7 
0.878835 0.380767 0.233489 0.355324 
95 96 
0.0860842 0.251868 0.328604 0.630742 
96 24 
0.409144 0.344583 0.545436 0.38168 
97 93 
0.70157 0.982985 0.657459 0.27022 
