35 7
1 1 0 0 1 1 1 0 1 1 1 0 1 1 1 0 0 0 1 0 0 0 0 1 1 0 1 1 0 1 1 0 1 0 0 
0 25 7 3 32 5 23 
0.220274 0.580154 0.236946 0.630794 0.929347 0.839391 0.696436 0.5041 0.345342 0.206665 0.878671 0.806695 0.122444 0.0982641 0.638202 0.937565 0.0105391 0.720036 0.0273058 0.327878 0.539645 0.303423 0.56022 0.419452 0.999134 0.319285 0.0527566 0.993243 0.68659 0.815951 0.211645 0.906864 0.396105 0.448592 0.537657 0.325452 0.287982 0.234093 0.829552 0.633324 0.440758 0.708223 0.440019 0.563202 0.806487 0.0782211 0.500767 0.817026 0.798257 0.528073 0.144904 0.337902 0.831496 0.705124 0.757354 0.83063 0.024409 0.810111 0.823873 0.710999 0.626062 0.0355185 0.617862 0.0221666 0.48411 0.15552 0.347619 0.772092 0.389613 0.177171 0.405416 0.830371 0.885394 0.845435 0.393573 0.691881 0.923656 0.894341 0.508907 0.721913 0.422414 0.653812 0.0598157 0.25391 0.358936 0.81717 0.0845395 0.383345 0.627281 0.908412 0.0943436 0.253343 0.943931 0.712206 0.275509 0.428041 0.867726 0.623128 0.200133 0.257339 0.800299 0.605549 0.0877105 0.685693 0.450984 0.481284 0.377574 0.37464 0.375624 0.886481 0.0965533 0.798038 0.540293 0.156369 0.051948 0.899229 0.973539 0.136487 0.282573 0.60082 0.0448999 0.376917 0.854163 0.988831 0.0891232 0.129672 0.416872 0.956849 
1 14 18 29 10 12 4 
0.673538 0.783183 0.616366 0.0481775 0.158807 0.502847 0.144731 0.956845 0.0431397 0.3011 0.00879325 0.942368 0.274639 0.145281 0.224942 0.875459 0.190181 0.601859 0.729621 0.179011 0.690982 0.859293 0.595883 0.647831 0.612093 0.212888 0.86202 0.165192 0.435442 0.163919 0.403983 0.108979 0.947101 0.0203492 0.157157 0.105908 0.523196 0.301888 0.0627536 0.566336 0.602988 0.0715468 0.508704 0.877626 0.216828 0.733646 0.753085 0.407008 0.335505 0.482707 0.58602 0.0264872 0.342 0.181903 0.674319 0.954093 0.394791 0.536338 0.119284 0.830233 0.700257 0.523268 0.939212 0.647358 0.543617 0.0963688 0.753266 0.066813 0.398256 0.81602 0.633149 0.00124404 0.887567 0.141853 0.878871 0.104394 0.875499 0.631956 0.511402 0.211004 0.114662 0.097422 0.237491 0.456662 0.279325 0.91181 0.410755 0.674116 0.448148 0.530039 0.504348 0.148405 0.0533067 0.44356 0.795763 0.596924 0.539929 0.54903 0.663737 0.938186 0.36505 0.296885 0.93943 0.252616 0.438738 0.8183 0.357011 0.314237 0.450256 0.868413 0.525241 0.564919 0.965835 0.762732 0.0215807 0.24516 0.674542 0.432335 0.919276 0.12269 0.962374 0.423624 0.271095 0.015681 0.867185 0.0668581 0.612605 0.407114 
2 5 15 1 0 19 23 
0.233553 0.0119647 0.10303 0.590564 0.326202 0.553286 0.458977 0.851443 0.118204 0.424812 0.614176 0.139785 0.669972 0.288718 0.57212 0.589248 0.411408 0.534495 0.0128721 0.682503 0.550175 0.880057 0.749361 0.16278 0.28717 0.365248 0.439121 0.63247 0.346186 0.0123476 0.917199 0.579739 0.0243123 0.0202289 0.170303 0.350514 0.573515 0.62928 0.201958 0.691719 0.0540922 0.816133 0.831504 0.724064 0.104851 0.403624 0.313312 0.516258 0.938118 0.326184 0.198761 0.488294 0.206241 0.948122 0.651074 0.493411 0.31337 0.090195 0.125881 0.659556 0.102543 0.0430807 0.239295 0.126855 0.0633096 0.409598 0.477369 0.636824 0.0388777 0.679327 0.328543 0.0929699 0.49546 0.160046 0.817034 0.600311 0.56367 0.130346 0.116569 0.501789 0.456531 0.31533 0.990082 0.662772 0.263452 0.641156 0.156183 0.576822 0.731351 0.282065 0.236378 0.833894 0.325145 0.475672 0.960749 0.388455 0.88527 0.438118 0.0252789 0.924147 0.117445 0.353822 0.0171173 0.612905 0.513868 0.834152 0.213215 0.0775383 0.964498 0.329784 0.579327 0.421029 0.645114 0.569409 0.0838005 0.908566 0.210565 0.239984 0.485388 0.941917 0.522048 0.721766 0.77581 0.847194 0.197438 0.736559 0.235649 0.0827076 
3 28 6 32 17 16 20 
0.128617 0.858124 0.118241 0.206156 0.822622 0.448026 0.785482 0.243651 0.0931401 0.354892 0.327451 0.0017063 0.565457 0.567435 0.487094 0.507374 0.0894833 0.20886 0.283184 0.936677 0.406298 0.0197434 0.172325 0.489006 0.19442 0.433253 0.495861 0.486542 0.0480021 0.519833 0.391568 0.176619 0.377957 0.509809 0.382775 0.200579 0.957835 0.168257 0.444229 0.0509752 0.523149 0.771681 0.0526815 0.0886061 0.339116 0.539776 0.59598 0.428599 0.748636 0.879164 0.365276 0.154934 0.898908 0.537601 0.64394 0.093328 0.970854 0.1398 0.57987 0.0188561 0.659633 0.971438 0.195475 0.0375901 0.481247 0.57825 0.238169 0.439082 0.746508 0.682398 0.490058 0.269657 0.454079 0.542739 0.358263 0.793195 0.0825151 0.954243 0.221793 0.831151 0.833407 0.587069 0.986085 0.732315 0.12467 0.630025 0.825643 0.0955245 0.769825 0.405513 0.114381 0.429458 0.376951 0.309856 0.467048 0.858198 0.888106 0.705217 0.297281 0.634614 0.387616 0.787338 0.904271 0.841694 0.330078 0.262534 0.634889 0.412593 0.216777 0.856682 0.243744 0.0501842 0.443752 0.229829 0.782499 0.568422 0.859854 0.608142 0.663947 0.629679 0.0136548 0.778327 0.0591371 0.390606 0.0881832 0.526186 0.248804 0.97629 
4 20 9 31 34 26 33 
0.6635 0.777709 0.0956018 0.0760931 0.994486 0.952284 0.319837 0.0446701 0.396036 0.549666 0.827169 0.964458 0.40952 0.435311 0.628405 0.0391983 0.448966 0.406732 0.0983355 0.839571 0.494915 0.624521 0.0883752 0.471205 0.855924 0.63446 0.0821085 0.474942 0.967883 0.597283 0.935655 0.631383 0.374992 0.0312565 0.707476 0.369478 0.983541 0.027313 0.414148 0.379577 0.576979 0.241317 0.344035 0.986498 0.676628 0.97244 0.0256966 0.125594 0.379171 0.124032 0.965166 0.874086 0.748553 0.0535408 0.345291 0.604477 0.688001 0.4274 0.0794188 0.655883 0.024683 0.0150736 0.287266 0.399675 0.0463301 0.994743 0.769154 0.0298708 0.0220556 0.183302 0.409448 0.599034 0.424619 0.753482 0.585533 0.101248 0.725922 0.611229 0.226842 0.105093 0.735261 0.192008 0.97918 0.483814 0.245548 0.324471 0.0882913 0.933549 0.75187 0.16771 0.589432 0.776553 0.182784 0.876699 0.176229 0.229114 0.871441 0.945382 0.258985 0.893497 0.128684 0.668432 0.492531 0.553304 0.421915 0.0780642 0.654552 0.147837 0.689294 0.881394 0.25293 0.424555 0.0734015 0.232109 0.908369 0.31895 0.55658 0.996661 0.252499 0.30845 0.164371 0.841931 0.0850038 0.347155 0.71863 0.261233 0.576268 0.590072 
5 19 28 9 16 8 31 
0.888603 0.9256 0.0541642 0.543155 0.0734361 0.743458 0.424549 0.326366 0.168013 0.49795 0.558475 0.0763821 0.8169 0.115056 0.0730429 0.0693995 0.423506 0.237414 0.911331 0.50851 0.584568 0.629961 0.769742 0.160837 0.220033 0.976357 0.996089 0.703601 0.311657 0.499774 0.679701 0.20026 0.425374 0.733866 0.743415 0.49881 0.477323 0.167964 0.825176 0.645336 0.665914 0.383652 0.721718 0.482814 0.498707 0.794761 0.552214 0.922213 0.0321749 0.463545 0.430723 0.616743 0.0935061 0.200465 0.77758 0.313539 0.176823 0.773669 0.0171402 0.488479 0.273443 0.696842 0.688739 0.698817 0.430707 0.432154 0.197628 0.908031 0.600117 0.0228038 0.553367 0.266031 0.406455 0.275085 0.748846 0.905162 0.0698464 0.30106 0.827376 0.102021 0.764605 0.258099 0.718764 0.858111 0.458564 0.496344 0.17165 0.635387 0.270013 0.18879 0.123866 0.543456 0.885631 0.812605 0.242274 0.316339 0.244758 0.439902 0.22437 0.844876 0.462705 0.777737 0.110907 0.869161 0.0528219 0.859753 0.774323 0.122668 0.160813 0.601699 0.22469 0.925418 0.859797 0.943454 0.783529 0.318361 0.439798 0.955178 0.953748 0.709811 0.143968 0.0776135 0.253267 0.0295995 0.890218 0.495541 0.345938 0.134977 
6 29 7 0 9 2 28 
0.267309 0.400867 0.950513 0.0416316 0.523535 0.111326 0.64333 0.748225 0.0367435 0.503128 0.691679 0.820272 0.821489 0.131476 0.77545 0.775237 0.841287 0.919418 0.85285 0.0945546 0.949018 0.743068 0.590096 0.294956 0.878045 0.525538 0.865264 0.857897 0.923686 0.213309 0.948657 0.190995 0.614176 0.89917 0.232626 0.137711 0.0104955 0.875957 0.885936 0.047239 0.379084 0.577614 0.867511 0.200573 0.709091 0.642961 0.97581 0.550378 0.56238 0.82866 0.644932 0.511398 0.571729 0.235028 0.806354 0.449774 0.760566 0.671618 0.307671 0.684253 0.884927 0.256328 0.875248 0.499103 0.155498 0.107874 0.636814 0.165993 0.983831 0.522749 0.213232 0.362915 0.100364 0.0807432 0.563489 0.809454 0.723705 0.539299 0.359832 0.286084 0.367959 0.00476437 0.797482 0.939688 0.239793 0.603836 0.389461 0.000359001 0.275454 0.697132 0.684612 0.160381 0.95346 0.559859 0.659484 0.108957 0.667733 0.296298 0.274951 0.651564 0.819048 0.488183 0.0144793 0.919411 0.568926 0.577968 0.728865 0.292631 0.117266 0.0886973 0.578715 0.485225 0.0934617 0.376197 0.424913 0.333254 0.980033 0.814374 0.333613 0.255487 0.511506 0.018225 0.415868 0.464966 0.578084 0.0753528 0.573923 0.245818 
7 33 17 32 27 8 23 
0.11011 0.905982 0.489829 0.838976 0.198613 0.607095 0.927673 0.777328 0.0923204 0.0211349 0.153525 0.517233 0.354389 0.133558 0.331607 0.688002 0.389045 0.843113 0.706227 0.804913 0.308079 0.284312 0.880266 0.882002 0.530129 0.251917 0.730876 0.427511 0.442616 0.0679319 0.339372 0.552727 0.973914 0.8292 0.391703 0.172527 0.436296 0.319376 0.949855 0.528616 0.340511 0.10338 0.045849 0.6949 0.236938 0.377456 0.382902 0.625983 0.220569 0.0891293 0.430896 0.528647 0.373441 0.311162 0.410649 0.90357 0.563079 0.141525 0.331081 0.00569545 0.209456 0.670452 0.558422 0.183371 0.499653 0.950125 0.355898 0.935948 0.2695 0.305753 0.464564 0.610011 0.409132 0.510413 0.304911 0.64607 0.887869 0.687813 0.272053 0.108438 0.776942 0.702949 0.637085 0.150383 0.0141104 0.0477341 0.0539525 0.57719 0.189259 0.385033 0.582885 0.398715 0.0554856 0.141307 0.582086 0.555138 0.0914318 0.937984 0.491087 0.360932 0.243736 0.955651 0.970943 0.652869 0.466064 0.275854 0.298939 0.353933 0.963666 0.570992 0.462371 0.740608 0.27394 0.0994558 0.89099 0.288051 0.14719 0.944943 0.86524 0.336449 0.329976 0.448125 0.735164 0.385462 0.589432 0.31725 0.9406 0.680864 
8 19 29 21 1 22 18 
0.450777 0.207334 0.252259 0.0217688 0.669705 0.992867 0.295709 0.769161 0.883858 0.58376 0.916351 0.828801 0.449 0.252799 0.158777 0.897125 0.987963 0.544239 0.486557 0.305212 0.484839 0.167421 0.560446 0.916525 0.209218 0.059415 0.303863 0.221957 0.211253 0.157264 0.51055 0.66203 0.364598 0.762809 0.683799 0.0343031 0.755676 0.979508 0.803464 0.639534 0.563268 0.719814 0.468334 0.0122671 0.972613 0.627111 0.909392 0.960576 0.17135 0.395949 0.265789 0.656189 0.56337 0.826234 0.572714 0.772588 0.885649 0.876577 0.994545 0.0969024 0.0338409 0.505095 0.758933 0.398439 0.267904 0.442732 0.432742 0.0235804 0.42224 0.236206 0.663114 0.985507 0.95602 0.131449 0.997774 0.928634 0.75856 0.907166 0.88921 0.92991 0.303115 0.154999 0.586099 0.866486 0.981233 0.158813 0.639073 0.866882 0.0353895 0.633618 0.963784 0.0692304 0.138713 0.722717 0.46767 0.406617 0.165449 0.900412 0.430198 0.587688 0.136618 0.0933121 0.573196 0.092638 0.224761 0.57097 0.0212717 0.983321 0.478136 0.910482 0.913231 0.781252 0.0654801 0.499329 0.647737 0.0467128 0.658142 0.286811 0.913595 0.693531 0.920429 0.877379 0.762762 0.0591423 0.600096 0.230431 0.46576 0.765544 
9 18 6 5 15 32 14 
0.360099 0.21403 0.497399 0.381371 0.197351 0.975535 0.291852 0.110582 0.756787 0.357332 0.609911 0.404524 0.404045 0.268053 0.691335 0.31764 0.961584 0.611764 0.195019 0.724346 0.670906 0.795115 0.954777 0.136666 0.560659 0.0856205 0.0326233 0.913892 0.353081 0.0218929 0.84032 0.71318 0.235923 0.337719 0.0945509 0.433274 0.313254 0.386403 0.543856 0.0700407 0.743735 0.153767 0.474565 0.147781 0.42182 0.165899 0.46542 0.383404 0.777663 0.660439 0.10775 0.448569 0.455554 0.0625275 0.585235 0.0162127 0.148148 0.617859 0.930105 0.501229 0.639751 0.770425 0.21441 0.875675 0.108144 0.308961 0.308949 0.421398 0.695364 0.852805 0.491439 0.439099 0.00657182 0.966004 0.58688 0.428392 0.131903 0.0523 0.811796 0.909566 0.712739 0.919546 0.358136 0.168293 0.982073 0.943371 0.184505 0.130221 0.561229 0.11461 0.631451 0.200981 0.885035 0.84586 0.0766554 0.993179 0.154821 0.385604 0.414578 0.850185 0.238409 0.906016 0.289284 0.244981 0.87202 0.876163 0.673373 0.00392296 0.928463 0.485168 0.913489 0.641202 0.404714 0.271625 0.809495 0.386787 0.214996 0.994001 0.517008 0.776225 0.108611 0.148459 0.977206 0.993646 0.994319 0.0538614 0.986825 0.14914 
10 31 4 17 2 32 23 
0.922856 0.179439 0.164771 0.596229 0.183362 0.0932347 0.0813968 0.0968514 0.734437 0.486111 0.368476 0.543932 0.872898 0.583472 0.537933 0.389906 0.359697 0.646544 0.538365 0.336903 0.64019 0.532684 0.390764 0.627015 0.681824 0.83023 0.0284178 0.681149 0.508105 0.335837 0.969757 0.430961 0.515276 0.134528 0.0271892 0.698638 0.227763 0.108586 0.79549 0.9622 0.594697 0.163966 0.506132 0.467595 0.747438 0.044065 0.857501 0.107135 0.690609 0.395866 0.444038 0.330798 0.92855 0.834802 0.957813 0.610374 0.665032 0.986231 0.291522 0.173137 0.322068 0.261279 0.604098 0.837344 0.395807 0.631287 0.535983 0.62357 0.739873 0.331472 0.58577 0.334569 0.495438 0.0919017 0.802164 0.242876 0.135967 0.659665 0.350011 0.826575 0.0555305 0.794049 0.157373 0.98408 0.628851 0.115187 0.594454 0.293883 0.101418 0.885976 0.46702 0.423485 0.147255 0.0711171 0.26083 0.543062 0.702404 0.796812 0.166632 0.442277 0.128285 0.752402 0.776846 0.623723 0.844303 0.57901 0.866599 0.98027 0.238675 0.21661 0.806845 0.294205 0.0106587 0.964219 0.278286 0.639509 0.0794052 0.87274 0.933392 0.180823 0.758716 0.400412 0.604308 0.905971 0.471529 0.865138 0.449034 0.173933 
11 32 16 12 33 26 8 
0.413957 0.212371 0.972066 0.280556 0.192641 0.21074 0.497166 0.999486 0.504946 0.507825 0.963705 0.783231 0.147334 0.0431098 0.655971 0.0807267 0.223933 0.414687 0.481139 0.828241 0.320659 0.952667 0.693379 0.769692 0.1266 0.355329 0.385358 0.742809 0.145563 0.753426 0.135865 0.55952 0.965796 0.10793 0.840077 0.158437 0.318671 0.337243 0.157923 0.823616 0.845068 0.121628 0.606848 0.992402 0.164738 0.262819 0.0731291 0.38867 0.677506 0.554268 0.216911 0.998165 0.506935 0.91029 0.767857 0.633535 0.265618 0.153215 0.376344 0.411181 0.906641 0.512209 0.970701 0.872438 0.62014 0.810778 0.0308748 0.93881 0.148021 0.188798 0.762427 0.993089 0.310426 0.369275 0.985491 0.475163 0.632094 0.0586201 0.863834 0.3096 0.612888 0.0807447 0.307765 0.119823 0.991034 0.0756221 0.753358 0.256652 0.228838 0.129702 0.667833 0.135479 0.641911 0.638535 0.00791627 0.262051 0.449313 0.0387911 0.200861 0.597334 0.227589 0.963288 0.590422 0.538015 0.332562 0.575913 0.0131784 0.964656 0.634533 0.877012 0.274256 0.247421 0.957757 0.582021 0.367244 0.948791 0.657643 0.120601 0.205443 0.88648 0.250303 0.873277 0.021959 0.892215 0.511811 0.0298753 0.154265 0.961124 
12 8 3 20 33 16 22 
0.724793 0.847449 0.615632 0.359327 0.724461 0.889888 0.606748 0.682218 0.471909 0.973992 0.631009 0.129551 0.0945932 0.836452 0.0160317 0.344897 0.709729 0.0379908 0.237111 0.22154 0.0678661 0.391376 0.182664 0.136533 0.746502 0.741122 0.432788 0.0649163 0.890002 0.267059 0.715892 0.614795 0.114507 0.331524 0.974122 0.838969 0.221412 0.580871 0.521186 0.693321 0.554862 0.152195 0.822872 0.649456 0.988647 0.838904 0.994352 0.698376 0.876895 0.231463 0.919916 0.944761 0.622839 0.10258 0.0812934 0.369342 0.843702 0.514081 0.434258 0.733704 0.78114 0.150151 0.348499 0.895648 0.481675 0.322622 0.734616 0.703087 0.903492 0.255802 0.396408 0.458355 0.407998 0.219281 0.10781 0.396645 0.0581845 0.102163 0.0950203 0.935079 0.333626 0.014936 0.87984 0.956465 0.117516 0.961134 0.325807 0.961217 0.475215 0.760065 0.694921 0.256355 0.910216 0.0434202 0.152003 0.391891 0.366042 0.886619 0.0949784 0.269534 0.142421 0.491387 0.727889 0.550419 0.710667 0.835699 0.947063 0.768852 0.937862 0.0420836 0.703931 0.271488 0.0570196 0.583771 0.227953 0.174535 0.544905 0.55376 0.135753 0.02012 0.313825 0.830674 0.276475 0.224041 0.874094 0.428478 0.615932 0.240136 
13 15 10 31 0 20 34 
0.00793649 0.912964 0.0732583 0.955 0.681816 0.01112 0.997083 0.385747 0.282608 0.054103 0.969518 0.51056 0.228638 0.514423 0.0643201 0.364391 0.534543 0.378145 0.195065 0.811018 0.602186 0.0691592 0.239496 0.218119 0.309295 0.554592 0.929029 0.818965 0.0121102 0.131326 0.0565244 0.0200467 0.0442903 0.129783 0.975047 0.726106 0.140903 0.97213 0.111853 0.42351 0.026233 0.0813712 0.934071 0.254871 0.595794 0.998391 0.619263 0.130337 0.376536 0.814328 0.941355 0.978722 0.883487 0.180851 0.196841 0.192782 0.735443 0.12587 0.0117476 0.747554 0.257196 0.068272 0.7676 0.301486 0.198055 0.742647 0.0275926 0.338957 0.714777 0.139446 0.762468 0.74101 0.220817 0.696538 0.995881 0.816611 0.694929 0.615144 0.946948 0.0714647 0.429471 0.888303 0.0501871 0.312958 0.069154 0.247028 0.50574 0.804597 0.372898 0.517488 0.552151 0.630094 0.58576 0.319751 0.93158 0.783814 0.0623979 0.959173 0.122772 0.777175 0.0986188 0.885239 0.518184 0.319436 0.581777 0.514065 0.136047 0.276706 0.129209 0.0829949 0.348171 0.55868 0.971298 0.398358 0.871638 0.040452 0.645386 0.377379 0.845049 0.0182842 0.894867 0.3972 0.648378 0.480626 0.716951 0.579959 0.264441 0.779349 
14 22 7 28 25 3 31 
0.957186 0.854229 0.588773 0.093233 0.130936 0.717982 0.176228 0.479107 0.276662 0.147526 0.877465 0.1483 0.187978 0.522851 0.525679 0.0330273 0.541135 0.420545 0.430227 0.189513 0.901172 0.147179 0.769472 0.165613 0.926528 0.308604 0.552825 0.483051 0.946354 0.825277 0.557759 0.903541 0.679507 0.146532 0.996774 0.810443 0.864514 0.173002 0.289549 0.141176 0.320528 0.167014 0.289477 0.508506 0.689865 0.815156 0.541533 0.231 0.235701 0.97176 0.420514 0.136873 0.118939 0.189986 0.302486 0.0454668 0.49859 0.855311 0.528518 0.444945 0.680589 0.0862776 0.348485 0.360096 0.23281 0.345259 0.170538 0.0973245 0.518261 0.460088 0.238501 0.838788 0.627102 0.527978 0.347294 0.316967 0.343134 0.888826 0.547967 0.578835 0.860587 0.968481 0.715708 0.979526 0.158468 0.0181937 0.0249925 0.657058 0.873505 0.553511 0.102002 0.554094 0.639788 0.450487 0.914189 0.872599 0.795746 0.0847272 0.969923 0.314007 0.544815 0.208424 0.152795 0.171916 0.736402 0.500089 0.488884 0.0795353 0.388915 0.036851 0.65837 0.249502 0.00533246 0.374078 0.229027 0.1638 0.392272 0.25402 0.820858 0.265776 0.807531 0.92286 0.81987 0.447319 0.373347 0.734059 0.319918 0.169093 
15 26 11 21 18 19 17 
0.535517 0.234666 0.135984 0.0244009 0.314202 0.524899 0.0612519 0.972572 0.774401 0.0665844 0.34665 0.00342823 0.230384 0.738921 0.257448 0.051242 0.00469745 0.064979 0.974102 0.824567 0.512298 0.347449 0.558626 0.832216 0.516542 0.377412 0.122057 0.999642 0.741013 0.620321 0.635537 0.276531 0.854988 0.771521 0.300931 0.169189 0.29642 0.362183 0.141761 0.070821 0.428768 0.488411 0.0742492 0.659152 0.227332 0.331697 0.710394 0.232029 0.396676 0.684496 0.0565964 0.908975 0.0319444 0.615223 0.74119 0.548486 0.992635 0.863247 0.548129 0.733648 0.483568 0.183666 0.0101789 0.338556 0.955188 0.31111 0.507745 0.251608 0.673294 0.649506 0.322429 0.102061 0.137917 0.396678 0.761213 0.365248 0.728375 0.471607 0.597277 0.125052 0.156103 0.653874 0.0340263 0.188047 0.269096 0.775217 0.736534 0.261732 0.638464 0.284663 0.99538 0.122032 0.468329 0.00555879 0.460587 0.423517 0.316669 0.968332 0.675124 0.989963 0.617838 0.997553 0.092024 0.755755 0.394231 0.853237 0.121003 0.122607 0.324845 0.718281 0.247658 0.480948 0.372154 0.281685 0.668995 0.641251 0.0569014 0.405529 0.902983 0.695365 0.690192 0.898362 0.817397 0.158521 0.903921 0.277984 0.582038 0.22059 
16 19 28 9 24 5 27 
0.155814 0.740913 0.771553 0.480659 0.459194 0.0192111 0.961607 0.831349 0.300896 0.630602 0.472599 0.357797 0.0361314 0.375582 0.0531622 0.726323 0.273944 0.870559 0.884844 0.177866 0.148543 0.466882 0.398456 0.394859 0.724044 0.609009 0.259014 0.978759 0.911586 0.878924 0.627705 0.0674006 0.619838 0.399258 0.54806 0.0790316 0.418469 0.509667 0.91038 0.719365 0.140269 0.38298 0.077162 0.1764 0.758562 0.130324 0.902724 0.0325061 0.000883032 0.787568 0.210372 0.149426 0.25445 0.608828 0.544285 0.978493 0.217837 0.803299 0.957252 0.129423 0.682223 0.584957 0.196823 0.302061 0.984215 0.744883 0.381093 0.402684 0.25455 0.291473 0.122049 0.394819 0.674452 0.199211 0.571219 0.433014 0.329535 0.473943 0.46552 0.330418 0.261511 0.675892 0.479844 0.515961 0.28472 0.0241291 0.494454 0.502556 0.827428 0.451706 0.631979 0.509652 0.0366638 0.828803 0.811713 0.0208789 0.573686 0.192806 0.423563 0.828236 0.484278 0.545612 0.223055 0.158731 0.744823 0.794274 0.591745 0.0743577 0.268217 0.0572648 0.404776 0.529728 0.733157 0.88462 0.045689 0.0178764 0.908749 0.540143 0.520433 0.736177 0.99185 0.152412 0.245829 0.0285134 0.981215 0.0575421 0.0493923 0.554901 
17 30 1 21 26 12 33 
0.76339 0.400467 0.485101 0.837747 0.668684 0.542366 0.242523 0.198412 0.275523 0.127143 0.244101 0.293399 0.0358918 0.784245 0.813832 0.772069 0.776094 0.966244 0.0178982 0.804608 0.947459 0.0754403 0.854 0.50236 0.325788 0.326955 0.885498 0.0604137 0.345523 0.49169 0.95377 0.108912 0.892157 0.438871 0.94666 0.560841 0.981237 0.189183 0.759254 0.25676 0.316326 0.003355 0.550159 0.352218 0.7876 0.363991 0.124287 0.563694 0.330235 0.142185 0.368302 0.277694 0.217625 0.222302 0.780055 0.543413 0.549258 0.665553 0.603827 0.89478 0.157243 0.557597 0.00369248 0.0493996 0.996468 0.950352 0.610241 0.977706 0.139535 0.369494 0.234466 0.455862 0.372849 0.784625 0.808079 0.160449 0.148616 0.932366 0.724143 0.478851 0.0745515 0.0924448 0.756546 0.292177 0.314747 0.536601 0.83559 0.864004 0.202153 0.439417 0.758785 0.359396 0.997014 0.762477 0.408795 0.993483 0.712829 0.0190361 0.971189 0.852365 0.38853 0.205654 0.308226 0.761379 0.990279 0.116306 0.921828 0.138895 0.048672 0.645971 0.617746 0.123223 0.738416 0.374292 0.4154 0.0531628 0.910893 0.250991 0.917167 0.113046 0.690408 0.675952 0.472442 0.687422 0.438429 0.881237 0.680905 0.151258 
18 28 31 13 16 19 34 
0.428155 0.972011 0.986923 0.476827 0.617982 0.60467 0.60005 0.356398 0.978962 0.0154508 0.409561 0.889854 0.266442 0.326728 0.00290027 0.956849 0.00267967 0.475342 0.644272 0.441108 0.356579 0.325177 0.592367 0.256852 0.977271 0.59599 0.545656 0.83502 0.907839 0.595838 0.683048 0.335994 0.567849 0.669971 0.812821 0.185831 0.27464 0.412871 0.542229 0.253602 0.428322 0.95179 0.143457 0.694763 0.278518 0.146357 0.651613 0.281197 0.621699 0.295885 0.722306 0.978278 0.621062 0.314672 0.23513 0.598333 0.910662 0.780786 0.433353 0.818501 0.376624 0.116401 0.154494 0.944473 0.786372 0.967315 0.130304 0.061012 0.380186 0.672533 0.314614 0.808507 0.624323 0.458071 0.503271 0.902841 0.604427 0.154883 0.184038 0.226126 0.450768 0.906344 0.204404 0.0718299 0.221016 0.439534 0.670163 0.131678 0.22032 0.103516 0.950178 0.596944 0.219917 0.104672 0.541417 0.00628865 0.0719873 0.671721 0.0673006 0.452173 0.344255 0.381915 0.26068 0.968578 0.839985 0.763951 0.871418 0.444413 0.918834 0.055456 0.670539 0.369602 0.9618 0.874943 0.441432 0.182815 0.314477 0.111595 0.314493 0.534797 0.215112 0.264671 0.13174 0.435029 0.369344 0.673157 0.441317 0.441331 
19 10 24 33 4 0 25 
0.657711 0.730518 0.918135 0.529129 0.174931 0.83697 0.584585 0.845469 0.206572 0.546384 0.720412 0.648004 0.7292 0.0348892 0.7596 0.0436928 0.569686 0.974711 0.308364 0.701426 0.40974 0.677708 0.374584 0.851057 0.119039 0.719462 0.359675 0.012543 0.408596 0.250208 0.166727 0.0663063 0.980726 0.0848628 0.595435 0.155656 0.921833 0.18002 0.0011259 0.128405 0.726404 0.721538 0.776409 0.455604 0.756427 0.536009 0.499297 0.326113 0.51072 0.807661 0.0275396 0.92046 0.485369 0.402123 0.771517 0.604408 0.121586 0.131193 0.616951 0.530181 0.381401 0.783678 0.596488 0.362126 0.868541 0.191923 0.517783 0.790374 0.371943 0.518909 0.918778 0.0983473 0.240447 0.695187 0.553951 0.996874 0.231196 0.0532484 0.322988 0.741916 0.860909 0.350527 0.662376 0.346278 0.752651 0.433893 0.950686 0.874236 0.565086 0.567637 0.404418 0.946487 0.351315 0.000905093 0.308613 0.219856 0.192828 0.826396 0.0102301 0.564771 0.345304 0.929008 0.663118 0.585751 0.624196 0.217069 0.582625 0.855392 0.270318 0.905613 0.597308 0.131227 0.25614 0.259684 0.477505 0.00879093 0.693577 0.428192 0.883027 0.258663 0.995829 0.287445 0.20515 0.347144 0.28835 0.513763 0.567001 0.481178 
20 33 1 17 0 6 11 
0.271214 0.130435 0.926136 0.853839 0.985826 0.196453 0.759453 0.583134 0.327681 0.0155929 0.842818 0.805186 0.0243838 0.536395 0.233378 0.907411 0.795059 0.229206 0.194856 0.000208465 0.576351 0.483206 0.513971 0.143351 0.964383 0.85413 0.720582 0.0103318 0.539593 0.226821 0.719398 0.810807 0.357256 0.645534 0.664646 0.343083 0.841987 0.424099 0.926217 0.169668 0.439692 0.769035 0.974854 0.464075 0.30543 0.208231 0.371486 0.100488 0.437438 0.566342 0.100697 0.0137885 0.0495479 0.614668 0.15714 0.0139313 0.468798 0.877722 0.0242631 0.00839065 0.104543 0.743661 0.819197 0.4618 0.389195 0.483843 0.804882 0.231182 0.907942 0.731099 0.40085 0.347634 0.500134 0.375703 0.811709 0.805564 0.583935 0.183195 0.906052 0.0213724 0.749537 0.00674894 0.0351609 0.799085 0.621417 0.192301 0.813016 0.0902152 0.0700229 0.83728 0.0986058 0.174566 0.580941 0.917803 0.636366 0.970136 0.401646 0.441248 0.201318 0.309589 0.172347 0.602167 0.657222 0.672481 0.97787 0.468931 0.478044 0.561805 0.652126 0.384096 0.583177 0.401663 0.390845 0.618338 0.200749 0.0122625 0.810639 0.013765 0.102478 0.880662 0.851045 0.201084 0.0552282 0.431985 0.118887 0.691594 0.402121 0.520533 
21 33 0 19 15 12 22 
0.97767 0.183476 0.956274 0.455715 0.745281 0.608401 0.839811 0.328458 0.010064 0.230656 0.946797 0.210813 0.242919 0.757436 0.224578 0.345397 0.638097 0.0756222 0.54648 0.693326 0.507607 0.665367 0.38492 0.909728 0.1859 0.517762 0.513167 0.0160215 0.822951 0.718772 0.503365 0.800622 0.902248 0.45964 0.256336 0.647529 0.0680401 0.0961472 0.975988 0.0781041 0.326804 0.922784 0.288917 0.569723 0.68022 0.513494 0.915119 0.318317 0.589116 0.4616 0.0116429 0.0967238 0.126967 0.396563 0.00645207 0.312866 0.914325 0.519619 0.328888 0.737276 0.238391 0.832253 0.537897 0.140639 0.291893 0.794234 0.788169 0.359933 0.890381 0.764157 0.438037 0.217184 0.686941 0.726953 0.786907 0.367161 0.240448 0.702027 0.685478 0.829564 0.163626 0.697121 0.926288 0.290593 0.0936836 0.93274 0.603459 0.00800819 0.452359 0.932347 0.745284 0.69075 0.7646 0.283181 0.831389 0.0564925 0.077415 0.619558 0.416425 0.967796 0.383715 0.854462 0.18498 0.0706557 0.581415 0.971887 0.437816 0.821863 0.673914 0.123295 0.651427 0.83754 0.820416 0.577715 0.128133 0.914099 0.510454 0.731592 0.922107 0.962813 0.663939 0.667391 0.653563 0.428539 0.950573 0.484952 0.485031 0.0279879 
22 15 2 3 25 28 18 
0.55888 0.337334 0.152651 0.996697 0.159197 0.826565 0.119991 0.810624 0.664104 0.940407 0.388338 0.792237 0.854506 0.898792 0.523829 0.776613 0.861605 0.187768 0.444005 0.515168 0.616306 0.394578 0.00011957 0.101338 0.422566 0.104629 0.00279435 0.418349 0.592854 0.758713 0.599113 0.151734 0.0960467 0.751764 0.148431 0.255243 0.578328 0.268422 0.0658669 0.242433 0.208829 0.454205 0.0346698 0.0633351 0.352997 0.558499 0.839948 0.214602 0.746266 0.283953 0.72977 0.362573 0.678531 0.72989 0.46391 0.101096 0.834519 0.466705 0.519445 0.427373 0.225418 0.118558 0.579108 0.321464 0.870322 0.727538 0.576708 0.44865 0.995961 0.642575 0.691083 0.20479 0.0967794 0.725753 0.268125 0.449777 0.284251 0.108073 0.664379 0.0305176 0.392027 0.39415 0.39309 0.0705573 0.124039 0.857001 0.171654 0.958559 0.323706 0.691099 0.385932 0.549123 0.809657 0.965039 0.870588 0.679979 0.692578 0.447295 0.12863 0.688539 0.0898699 0.819713 0.893329 0.186649 0.545466 0.161454 0.636426 0.829717 0.269527 0.300805 0.860235 0.661553 0.694955 0.253325 0.732111 0.818994 0.110326 0.903764 0.777553 0.434031 0.594863 0.163485 0.983154 0.404521 0.128524 0.853742 0.0845003 0.821102 
23 2 33 18 4 27 8 
0.577557 0.578308 0.564423 0.213983 0.408025 0.83395 0.514788 0.26826 0.495503 0.209743 0.521585 0.227614 0.0287366 0.63191 0.131378 0.806289 0.0659413 0.726242 0.969774 0.0490958 0.130763 0.0982984 0.902838 0.215263 0.919401 0.203875 0.428393 0.429041 0.594783 0.461236 0.832011 0.172339 0.0395443 0.396434 0.386322 0.44757 0.230384 0.901109 0.715829 0.725887 0.110852 0.237414 0.953501 0.139589 0.869324 0.0848796 0.945878 0.935265 0.811121 0.915652 0.984361 0.941884 0.0139507 0.887199 0.157147 0.933351 0.0910743 0.58554 0.362393 0.685857 0.0467761 0.194404 0.858196 0.0863204 0.590838 0.244518 0.53389 0.821221 0.145627 0.249719 0.547109 0.256479 0.487133 0.50061 0.396068 0.356458 0.585489 0.341946 0.291723 0.396611 0.257598 0.276084 0.338495 0.271549 0.163283 0.495642 0.2049 0.254358 0.0811823 0.567293 0.940215 0.127958 0.761696 0.79841 0.214279 0.352534 0.042928 0.748169 0.173756 0.188555 0.997888 0.720864 0.445034 0.485022 0.221474 0.841102 0.84148 0.806964 0.183047 0.133203 0.203574 0.440645 0.409287 0.542069 0.712194 0.57257 0.0377115 0.917094 0.826928 0.118894 0.484387 0.767143 0.246852 0.246083 0.565553 0.461131 0.598617 0.608481 
24 9 2 12 23 5 32 
0.53369 0.521675 0.266219 0.666892 0.725249 0.706864 0.0761794 0.267319 0.419058 0.64875 0.30503 0.336152 0.475678 0.423924 0.820538 0.24282 0.670776 0.0666214 0.808373 0.131907 0.665239 0.416854 0.341207 0.437611 0.21389 0.548395 0.930848 0.45596 0.240606 0.64556 0.539131 0.774295 0.167235 0.80535 0.441188 0.892484 0.512214 0.517367 0.159802 0.931272 0.166117 0.464833 0.267424 0.641795 0.888756 0.087962 0.884615 0.559533 0.154583 0.692988 0.69144 0.819822 0.109842 0.0326468 0.257433 0.323733 0.581042 0.188282 0.779692 0.821648 0.833841 0.318824 0.595943 0.00107605 0.124174 0.0371313 0.89356 0.636388 0.554498 0.0533623 0.56766 0.720615 0.518195 0.835084 0.36241 0.406951 0.923046 0.247025 0.966484 0.0776289 0.940013 0.657924 0.897451 0.0498558 0.69057 0.154884 0.373588 0.271613 0.343166 0.153281 0.0932605 0.177007 0.472105 0.689204 0.178083 0.596279 0.726335 0.0716432 0.232667 0.280834 0.125006 0.800327 0.00144913 0.6432 0.63541 0.363859 0.0501518 0.558456 0.610884 0.0166358 0.636085 0.550898 0.674559 0.533536 0.600754 0.36513 0.68842 0.974342 0.636742 0.0315855 0.127623 0.730003 0.208593 0.599728 0.419207 0.386676 0.196006 0.145542 
25 23 26 28 20 29 32 
0.86441 0.791684 0.276677 0.422866 0.402568 0.293313 0.0589511 0.953466 0.967872 0.592487 0.55422 0.333002 0.280906 0.528562 0.969744 0.312492 0.656184 0.699747 0.521085 0.255912 0.118954 0.907761 0.451918 0.264496 0.36608 0.880591 0.690872 0.949405 0.109591 0.118696 0.17593 0.974002 0.910381 0.452607 0.396868 0.312949 0.74592 0.455819 0.266415 0.713792 0.0483057 0.820635 0.0467937 0.329212 0.349196 0.0165379 0.641704 0.00538058 0.716285 0.162789 0.261293 0.835239 0.0705494 0.713211 0.0997349 0.436629 0.593802 0.790607 0.386034 0.703394 0.909303 0.561964 0.677395 0.819684 0.014571 0.0742633 0.132633 0.760491 0.530082 0.399048 0.474282 0.578388 0.219682 0.521076 0.9076 0.568878 0.537614 0.549304 0.574259 0.253899 0.712093 0.835552 0.0891381 0.782642 0.548763 0.188873 0.219272 0.142565 0.979479 0.605306 0.845959 0.888782 0.16727 0.523354 0.708466 0.181841 0.597617 0.841099 0.942331 0.1277 0.240146 0.416614 0.706088 0.459828 0.93769 0.613688 0.0287069 0.475304 0.162992 0.602966 0.729203 0.875085 0.438518 0.818341 0.657727 0.98728 0.00721441 0.876999 0.129845 0.986694 0.482304 0.975804 0.875476 0.649574 0.499158 0.583942 0.831415 0.0967754 
26 0 31 23 2 8 14 
0.125016 0.12805 0.54425 0.153723 0.603355 0.707242 0.756689 0.332558 0.582327 0.195206 0.1509 0.240054 0.182486 0.158114 0.117053 0.312331 0.144808 0.599357 0.288135 0.0202841 0.248931 0.787293 0.604226 0.0803464 0.884069 0.0292674 0.854093 0.108544 0.694455 0.0444531 0.0391065 0.81947 0.172504 0.583357 0.973193 0.775858 0.290599 0.729881 0.108416 0.872926 0.925087 0.259316 0.112981 0.107574 0.41743 0.230033 0.419905 0.562237 0.82939 0.70804 0.582522 0.0783219 0.495334 0.186748 0.158668 0.379402 0.216015 0.012761 0.487946 0.91047 0.0572141 0.527052 0.72994 0.229718 0.110409 0.703133 0.00557578 0.401009 0.433014 0.113992 0.273935 0.358101 0.373308 0.386916 0.465675 0.790737 0.616949 0.88558 0.352975 0.44634 0.59362 0.935496 0.524661 0.0889536 0.122244 0.68333 0.468356 0.33826 0.696091 0.956302 0.248729 0.753305 0.483354 0.97867 0.983022 0.593764 0.681802 0.988598 0.994773 0.114816 0.10259 0.268708 0.472917 0.475898 0.655624 0.938592 0.266635 0.272573 0.824172 0.61961 0.718912 0.417792 0.555106 0.243574 0.506746 0.67735 0.926903 0.975101 0.0156101 0.622994 0.931403 0.26434 0.376299 0.414757 0.243009 0.359321 0.00852102 0.924811 
27 32 19 2 1 28 21 
0.927625 0.451136 0.193042 0.200198 0.275308 0.812652 0.91911 0.6931 0.367758 0.162683 0.199846 0.0451086 0.0895864 0.174947 0.0607187 0.71258 0.10635 0.325058 0.0888787 0.521107 0.568067 0.4482 0.529628 0.492879 0.796119 0.532922 0.532506 0.246628 0.804923 0.0450502 0.173034 0.732548 0.496187 0.366076 0.932746 0.771495 0.178728 0.851855 0.464595 0.546487 0.0145385 0.66444 0.591595 0.104125 0.839387 0.652314 0.816705 0.945737 0.977372 0.905584 0.466844 0.545439 0.353783 0.996472 0.0383181 0.149902 0.529394 0.570824 0.39653 0.334317 0.615874 0.569564 0.0668652 0.112061 0.93564 0.999611 0.883556 0.114369 0.851466 0.34815 0.660855 0.866004 0.0125906 0.25245 0.970129 0.851978 0.904764 0.786834 0.797715 0.882136 0.692418 0.264559 0.427576 0.0462016 0.261031 0.465894 0.196104 0.790425 0.036718 0.592633 0.124743 0.652592 0.162197 0.191608 0.764653 0.0978375 0.191219 0.648208 0.212206 0.0426846 0.996359 0.873062 0.908689 0.00894938 0.125512 0.878818 0.860927 0.0302765 0.665653 0.658642 0.912413 0.358071 0.923201 0.339989 0.404272 0.184232 0.805883 0.600376 0.974658 0.842601 0.193009 0.0994002 0.495193 0.355206 0.291008 0.259846 0.453044 0.482227 
28 32 3 5 9 17 33 
0.913363 0.663824 0.312419 0.77429 0.694101 0.978071 0.432932 0.606514 0.336142 0.356132 0.946502 0.740415 0.540364 0.752385 0.340791 0.515022 0.594986 0.5338 0.614422 0.0901791 0.889006 0.90543 0.350025 0.34205 0.387657 0.258079 0.00730043 0.912568 0.162493 0.545612 0.346169 0.0758551 0.209436 0.658587 0.850145 0.903537 0.636659 0.283076 0.510051 0.972801 0.639209 0.456553 0.713215 0.179573 0.208938 0.054006 0.694595 0.803924 0.587806 0.309017 0.894103 0.476812 0.214448 0.244128 0.818862 0.602105 0.502208 0.826163 0.514673 0.6647 0.371775 0.860842 0.740556 0.581212 0.519429 0.5907 0.484749 0.156088 0.873777 0.994799 0.128889 0.512985 0.451352 0.842104 0.692558 0.66029 0.89611 0.387153 0.464214 0.483916 0.69617 0.358318 0.960728 0.910618 0.602446 0.77959 0.512723 0.104654 0.605753 0.0273956 0.769355 0.977528 0.888237 0.50991 0.55874 0.407666 0.100611 0.0434886 0.563754 0.974387 0.0382877 0.692643 0.487373 0.48964 0.534747 0.179931 0.14993 0.430857 0.567084 0.614144 0.914772 0.263255 0.972462 0.8755 0.173873 0.574909 0.655091 0.686595 0.679563 0.260844 0.713991 0.448918 0.238372 0.602228 0.958828 0.797112 0.00989451 0.0594387 
29 15 19 21 7 5 26 
0.368528 0.801038 0.70113 0.518458 0.231895 0.268214 0.132602 0.146667 0.531469 0.105065 0.0221674 0.705341 0.679973 0.677258 0.391936 0.359536 0.938102 0.105927 0.808454 0.176475 0.708155 0.767282 0.973587 0.71805 0.826721 0.814188 0.291699 0.860547 0.693077 0.55799 0.381745 0.0616051 0.359028 0.0828751 0.580063 0.590923 0.351089 0.712666 0.737589 0.882557 0.817731 0.759757 0.587899 0.497704 0.437015 0.979835 0.85724 0.375117 0.0857623 0.665694 0.551592 0.793918 0.432976 0.525179 0.511968 0.259696 0.339367 0.803666 0.120243 0.0324441 0.361656 0.501988 0.0940492 0.720684 0.584863 0.674113 0.311607 0.935952 0.386778 0.049196 0.81851 0.204509 0.808953 0.406408 0.702213 0.245968 0.386243 0.559453 0.621085 0.472006 0.225146 0.172677 0.265923 0.658122 0.697856 0.777891 0.917818 0.0372237 0.581557 0.0380611 0.0696678 0.943213 0.540049 0.163717 0.663897 0.124913 0.837829 0.975504 0.060865 0.224608 0.0246999 0.879375 0.429117 0.833653 0.285783 0.131329 0.0796205 0.672026 0.690782 0.700706 0.144032 0.915928 0.873383 0.409955 0.57405 0.571239 0.187846 0.491868 0.608463 0.769403 0.52993 0.678131 0.712616 0.0699789 0.841848 0.376514 0.194892 0.679677 
30 7 31 17 27 18 6 
0.420914 0.464731 0.289991 0.0929404 0.155513 0.990696 0.236972 0.0714408 0.864079 0.646928 0.645491 0.435318 0.834774 0.137359 0.0437809 0.604177 0.667289 0.721911 0.316793 0.737268 0.563759 0.693307 0.93216 0.243436 0.0453245 0.187916 0.147721 0.422042 0.323048 0.481122 0.632412 0.743962 0.945853 0.922402 0.836902 0.101366 0.913098 0.0738745 0.172807 0.777177 0.720802 0.818298 0.212496 0.555576 0.955657 0.256276 0.159753 0.622946 0.978188 0.476546 0.360214 0.541947 0.169853 0.292374 0.785383 0.215178 0.48029 0.933104 0.637219 0.803337 0.414226 0.269631 0.547299 0.36008 0.192034 0.384201 0.461445 0.105132 0.458076 0.634252 0.882309 0.178878 0.45255 0.094805 0.734454 0.408207 0.351081 0.894207 0.0311528 0.329269 0.370753 0.391367 0.871216 0.540606 0.68374 0.656599 0.755783 0.16403 0.589703 0.393003 0.967368 0.00392981 0.662634 0.514667 0.36401 0.854667 0.898868 0.825455 0.959799 0.356944 0.459707 0.842109 0.535822 0.912257 0.936914 0.270276 0.320463 0.287995 0.164482 0.351616 0.617264 0.535235 0.742983 0.488481 0.0758406 0.426724 0.14508 0.831624 0.590754 0.734783 0.224627 0.558122 0.738713 0.88726 0.0727886 0.102723 0.741928 0.971657 
31 17 2 24 25 32 34 
0.300141 0.48075 0.134699 0.620605 0.768745 0.299181 0.972221 0.386009 0.834416 0.715204 0.87449 0.910257 0.141928 0.0195701 0.741881 0.732682 0.754353 0.966507 0.290804 0.493067 0.853768 0.363592 0.595789 0.595695 0.335249 0.523967 0.297422 0.66385 0.911852 0.841258 0.528273 0.211993 0.322008 0.662972 0.832598 0.0907525 0.962154 0.804819 0.476762 0.79657 0.520024 0.351252 0.706827 0.661952 0.370822 0.448708 0.394634 0.125175 0.415215 0.685437 0.618242 0.268983 0.0490296 0.214031 0.864678 0.384279 0.737998 0.162101 0.0481291 0.64985 0.0033586 0.576403 0.861843 0.325366 0.239375 0.694441 0.416119 0.201529 0.49926 0.892881 0.998099 0.019284 0.244132 0.704926 0.681236 0.614954 0.153634 0.0758694 0.740129 0.568849 0.761307 0.358371 0.837832 0.810336 0.572402 0.702511 0.194615 0.3104 0.864611 0.242744 0.96025 0.86797 0.819147 0.822093 0.193336 0.0585217 0.516533 0.609455 0.260051 0.0157937 0.502335 0.25815 0.0350777 0.746468 0.963076 0.716313 0.361422 0.11671 0.792183 0.101551 0.685559 0.55349 0.459923 0.523391 0.363826 0.032325 0.225902 0.558441 0.342725 0.090513 0.801185 0.302975 0.958483 0.620332 0.125068 0.151819 0.678853 0.641601 
32 6 18 9 10 20 8 
0.371498 0.276839 0.200969 0.473049 0.962398 0.754458 0.932972 0.48579 0.118284 0.965297 0.711692 0.676725 0.308022 0.802205 0.47791 0.610997 0.760688 0.0982417 0.736065 0.912506 0.777095 0.377666 0.67378 0.715999 0.0350614 0.937388 0.913053 0.727534 0.947464 0.0731821 0.13632 0.318962 0.350021 0.337289 0.792011 0.31242 0.0917474 0.724983 0.79821 0.210032 0.690279 0.509902 0.886757 0.998301 0.312107 0.364667 0.609298 0.0727944 0.462908 0.345363 0.985301 0.240003 0.72303 0.65908 0.956002 0.758091 0.596468 0.869055 0.485625 0.543932 0.942237 0.621945 0.862894 0.292259 0.959234 0.654905 0.604679 0.0509817 0.379888 0.402888 0.261013 0.0701674 0.91279 0.14777 0.0684687 0.224897 0.512436 0.677767 0.297691 0.975345 0.0231305 0.282992 0.215348 0.74616 0.942072 0.17135 0.504251 0.53854 0.0404051 0.989877 0.0824726 0.982642 0.611822 0.945367 0.274901 0.571056 0.600272 0.879579 0.622038 0.98016 0.282468 0.883051 0.0503276 0.195258 0.0308208 0.118796 0.420155 0.543257 0.796563 0.717846 0.518602 0.819694 0.000838019 0.733949 0.565854 0.94291 0.9053 0.0701056 0.48145 0.945705 0.0599823 0.563923 0.928347 0.671804 0.50929 0.203248 0.242861 0.109562 
33 31 24 2 20 11 17 
0.77877 0.258846 0.980708 0.322028 0.0554095 0.698554 0.840629 0.875103 0.699392 0.574579 0.440957 0.642302 0.479878 0.511063 0.123753 0.425583 0.571045 0.687676 0.35393 0.24285 0.196966 0.557178 0.48571 0.306528 0.640005 0.350609 0.39625 0.00530047 0.0985581 0.5363 0.565854 0.877329 0.795147 0.546562 0.199356 0.850556 0.245116 0.0399852 0.725659 0.944508 0.614564 0.166617 0.58681 0.094442 0.67768 0.710563 0.520025 0.248725 0.398239 0.873955 0.491575 0.595205 0.431132 0.977285 0.901733 0.0711376 0.327893 0.297983 0.076438 0.426452 0.834284 0.642292 0.30378 0.62943 0.188853 0.503136 0.479986 0.433969 0.543121 0.205645 0.378477 0.157685 0.372262 0.965288 0.252127 0.0499418 0.675851 0.772152 0.298667 0.0740895 0.646106 0.790242 0.669294 0.0772388 0.767527 0.571027 0.148376 0.09542 0.86901 0.224814 0.521872 0.703294 0.867106 0.825652 0.332724 0.0559596 0.328788 0.81271 0.489929 0.871909 0.0183551 0.868406 0.0295943 0.390617 0.833694 0.281721 0.440559 0.509544 0.0538734 0.739226 0.583634 0.69998 0.529468 0.252928 0.777219 0.296994 0.823955 0.925595 0.392414 0.692965 0.15041 0.914286 0.396259 0.0175158 0.739938 0.728983 0.0734754 0.0687253 
34 32 2 26 25 30 13 
0.950665 0.265504 0.25195 0.391224 0.775049 0.305824 0.13045 0.358683 0.00580344 0.659918 0.611611 0.783022 0.956912 0.435566 0.708617 0.349327 0.128532 0.859027 0.263613 0.524791 0.876543 0.00355018 0.253774 0.950018 0.0722755 0.795467 0.513422 0.01291 0.355514 0.945233 0.983139 0.30618 0.210737 0.235089 0.697404 0.985786 0.540913 0.827854 0.344469 0.546716 0.487772 0.95608 0.329738 0.444684 0.391647 0.0383554 0.79401 0.520178 0.897382 0.057623 0.0449691 0.773925 0.0611732 0.298743 0.723943 0.133449 0.0942094 0.237365 0.146359 0.449724 0.182598 0.129497 0.755903 0.393335 0.364586 0.453307 0.379122 0.905499 0.281161 0.723591 0.452215 0.768932 0.679671 0.781953 0.213616 0.0713176 0.820308 0.00762637 0.591496 0.717691 0.0652494 0.636465 0.491615 0.126423 0.935208 0.215558 0.259871 0.0294172 0.452923 0.40623 0.479141 0.635521 0.535727 0.235045 0.0288566 0.900314 0.688352 0.407978 0.805812 0.969512 0.131569 0.258027 0.738444 0.81124 0.0399802 0.95206 0.882558 0.860289 0.959687 0.474053 0.577979 0.0249361 0.110518 0.0695944 0.151359 0.0457262 0.285152 0.41123 0.0751435 0.738076 0.81746 0.554285 0.373597 0.353187 0.789329 0.402454 0.253501 0.477681 
