20 7
1 0 1 1 0 0 0 1 0 0 1 1 0 1 0 0 0 0 1 0 
0 7 16 4 15 2 18 
0.562163 0.834617 0.598293 0.747673 0.0286255 0.325699 0.069632 0.884548 0.0527176 0.866959 0.501811 0.02342 0.282073 0.167584 0.914132 0.467201 0.93792 0.117844 0.169486 0.698784 0.36047 0.982957 0.0080295 0.197311 0.456855 0.230011 0.554155 0.378731 0.407602 0.10255 0.846228 0.969765 0.937168 0.44452 0.717439 0.965793 0.770219 0.787071 0.850341 0.822937 0.65403 0.352153 0.846357 0.936103 0.519736 0.760489 0.403304 0.457656 0.878333 0.57279 0.15644 0.238803 0.555747 0.164469 0.436114 0.0126023 0.39448 0.990269 0.391334 0.802082 0.092819 0.237561 0.771848 0.0299868 0.682082 0.489286 0.99578 0.452301 0.276357 0.846121 0.275237 0.930387 0.198274 0.121594 0.86649 0.718011 0.882083 0.269794 0.175667 0.760415 0.842584 0.332107 0.999218 0.398332 0.496576 0.435332 0.410934 0.891056 0.425601 0.802268 0.693139 0.51842 0.0398288 0.464987 0.548406 0.72191 0.954273 0.544186 0.174211 0.23063 0.390308 0.449449 0.161017 0.588582 0.571043 0.027507 0.306593 0.453125 0.297301 0.48226 0.213541 0.139885 0.814366 0.212759 0.538217 0.310942 0.648091 0.94915 0.201998 0.0736919 0.751418 0.895137 0.592111 0.791247 0.360124 0.140518 0.513157 0.314397 
1 13 8 19 18 3 2 
0.70786 0.733551 0.970187 0.160985 0.0308521 0.452447 0.374526 0.170737 0.266813 0.587285 0.708954 0.577755 0.235377 0.658104 0.779753 0.309069 0.409522 0.674891 0.90118 0.200769 0.0350145 0.0416978 0.713926 0.349412 0.726402 0.401295 0.894439 0.801414 0.538112 0.600483 0.465009 0.245971 0.334034 0.435196 0.406957 0.364886 0.887643 0.781483 0.535623 0.154456 0.368768 0.244577 0.732211 0.604145 0.902681 0.511964 0.913213 0.312203 0.186855 0.814393 0.512972 0.221869 0.856091 0.226899 0.571281 0.582493 0.628193 0.465719 0.383907 0.166305 0.066202 0.848916 0.412277 0.400236 0.284112 0.819233 0.765122 0.171755 0.600716 0.300745 0.326211 0.969484 0.545322 0.0584212 0.573628 0.448003 0.570385 0.486841 0.760207 0.75724 0.301235 0.273179 0.979109 0.157326 0.500078 0.55039 0.739819 0.128271 0.0161088 0.123726 0.294577 0.0823108 0.972642 0.706853 0.482547 0.256755 0.526086 0.247669 0.42851 0.126802 0.548414 0.75472 0.0962857 0.093736 0.813141 0.669914 0.541739 0.383527 0.156755 0.301946 0.140767 0.45799 0.575126 0.119876 0.615316 0.0752036 0.670265 0.355134 0.203475 0.686374 0.47886 0.498052 0.768685 0.451503 0.204905 0.251231 0.708257 0.730991 
2 3 9 5 14 7 1 
0.0881552 0.780748 0.984736 0.228922 0.238738 0.559861 0.348797 0.854053 0.635065 0.0190624 0.209188 0.83854 0.705436 0.688048 0.336591 0.474121 0.13955 0.541496 0.725353 0.847807 0.272487 0.224253 0.984574 0.130279 0.271567 0.876061 0.0843578 0.412617 0.58069 0.70835 0.0954059 0.668845 0.489098 0.0801414 0.897767 0.727836 0.640002 0.246564 0.581889 0.275067 0.265626 0.791077 0.113607 0.971063 0.479124 0.450198 0.445184 0.618675 0.991694 0.170536 0.466482 0.26418 0.394789 0.451056 0.39446 0.666356 0.327117 0.478818 0.0789721 0.907807 0.187168 0.174378 0.576652 0.676266 0.254519 0.474419 0.404101 0.894522 0.720983 0.98599 0.169589 0.986609 0.777067 0.283196 0.957672 0.256191 0.733394 0.402856 0.874866 0.725088 0.573392 0.341348 0.989268 0.968181 0.792404 0.383728 0.634536 0.119521 0.862546 0.713508 0.027328 0.0497132 0.887886 0.60398 0.725979 0.142406 0.0783987 0.13008 0.0369275 0.799381 0.116071 0.206516 0.785991 0.893137 0.489712 0.743662 0.149329 0.223106 0.146518 0.0241943 0.948194 0.71991 0.365542 0.937462 0.68809 0.157946 0.32119 0.322627 0.277467 0.183735 0.0361351 0.304795 0.233449 0.924021 0.908775 0.959428 0.066427 0.987173 
3 15 19 5 18 13 16 
0.799583 0.316208 0.248044 0.0226894 0.462725 0.272239 0.970883 0.182635 0.63778 0.908345 0.870726 0.795726 0.229535 0.193352 0.0731924 0.41327 0.229487 0.377987 0.646719 0.153509 0.286762 0.606146 0.219936 0.273935 0.695654 0.32329 0.0604895 0.901232 0.633161 0.633035 0.999948 0.432745 0.949242 0.247992 0.455434 0.411968 0.520231 0.426317 0.594603 0.158011 0.334662 0.465329 0.953737 0.564197 0.658681 0.0269295 0.977468 0.888168 0.404917 0.624187 0.0416772 0.691678 0.230333 0.261613 0.965613 0.925987 0.584903 0.0261023 0.82722 0.218065 0.659137 0.827168 0.65081 0.608379 0.0751599 0.106244 0.020347 0.595391 0.532561 0.61495 0.753402 0.867223 0.0802785 0.707139 0.431421 0.738959 0.734068 0.408888 0.627128 0.138985 0.0330748 0.668805 0.830663 0.263408 0.930418 0.796276 0.189395 0.515322 0.822378 0.0166148 0.733386 0.481515 0.843782 0.384196 0.0898944 0.918942 0.49044 0.110241 0.514333 0.0230005 0.725191 0.267735 0.890224 0.80547 0.974874 0.321644 0.544429 0.708942 0.730533 0.171557 0.847927 0.763607 0.840362 0.67859 0.0270154 0.770781 0.474866 0.216411 0.286102 0.297244 0.233025 0.0194887 0.778759 0.0768077 0.403685 0.868653 0.99575 0.894124 
4 2 11 3 17 10 0 
0.859526 0.225542 0.30956 0.623133 0.0659045 0.98815 0.650149 0.836685 0.463016 0.866559 0.122787 0.76026 0.0995843 0.142276 0.539019 0.176392 0.545961 0.407672 0.172142 0.440085 0.386567 0.682225 0.35721 0.0906532 0.460043 0.164558 0.600209 0.212734 0.293551 0.654194 0.674368 0.153077 0.879736 0.983928 0.77621 0.945641 0.972078 0.426359 0.782326 0.435094 0.292918 0.905113 0.195354 0.392502 0.0473893 0.734373 0.568894 0.59335 0.142045 0.741036 0.0334349 0.528612 0.423261 0.390645 0.619266 0.883304 0.555203 0.219475 0.0960377 0.848754 0.873669 0.770405 0.0018315 0.753405 0.754333 0.778042 0.699046 0.726412 0.2044 0.481372 0.161506 0.497318 0.386485 0.35686 0.88982 0.433875 0.0912332 0.458714 0.0272246 0.233278 0.19975 0.0606596 0.761891 0.623011 0.451304 0.381156 0.506314 0.00650731 0.600631 0.602352 0.855262 0.4743 0.372757 0.857093 0.227705 0.127091 0.635135 0.926751 0.853503 0.839535 0.408123 0.0150087 0.336853 0.794608 0.371869 0.226673 0.228483 0.463102 0.685387 0.255707 0.696381 0.885137 0.316367 0.458271 0.508148 0.767671 0.839428 0.0144627 0.774179 0.440058 0.616815 0.62944 0.914358 0.989572 0.486534 0.142063 0.116663 0.121669 
5 17 12 18 10 9 7 
0.500027 0.820146 0.210118 0.755735 0.516526 0.0952555 0.0721016 0.974798 0.603404 0.839773 0.814225 0.617866 0.613952 0.254284 0.234681 0.243392 0.168642 0.224254 0.729926 0.310704 0.340917 0.851594 0.379518 0.311083 0.812798 0.856454 0.296257 0.110855 0.127998 0.653301 0.635586 0.628025 0.473447 0.845704 0.38376 0.989973 0.940959 0.455861 0.964771 0.544363 0.295634 0.778996 0.162229 0.909586 0.0332798 0.396911 0.152978 0.201921 0.621164 0.882903 0.512626 0.962081 0.734497 0.892143 0.273164 0.547295 0.748597 0.569421 0.65815 0.876595 0.222722 0.293736 0.50462 0.696169 0.13944 0.888379 0.686142 0.0803991 0.344241 0.650913 0.624762 0.639875 0.429909 0.786992 0.54946 0.463189 0.183902 0.702438 0.66511 0.805067 0.585341 0.177736 0.767148 0.319838 0.0698791 0.040312 0.867134 0.818476 0.609733 0.525284 0.695071 0.832455 0.81902 0.199691 0.528624 0.95846 0.0880699 0.214766 0.0388588 0.43231 0.865679 0.663621 0.0721851 0.295588 0.450612 0.621645 0.758776 0.634515 0.324083 0.423886 0.439581 0.909424 0.601622 0.206729 0.229263 0.671501 0.247041 0.0963962 0.489977 0.856775 0.62168 0.185048 0.68923 0.4407 0.384738 0.217854 0.39916 0.472808 
6 5 19 13 17 7 1 
0.593887 0.552252 0.598949 0.352663 0.186766 0.923032 0.776549 0.626348 0.832457 0.378171 0.833077 0.0617194 0.049672 0.0801187 0.158116 0.539649 0.936893 0.779796 0.724697 0.626123 0.220496 0.109435 0.843978 0.619655 0.582243 0.276598 0.0576737 0.487362 0.574898 0.159313 0.464666 0.168784 0.711565 0.0636148 0.521447 0.898331 0.986647 0.297997 0.524679 0.819104 0.676168 0.357757 0.880823 0.72584 0.437875 0.0389389 0.265489 0.374769 0.818735 0.990185 0.000891906 0.0392301 0.0996206 0.84487 0.658885 0.681864 0.121468 0.716559 0.169226 0.696365 0.875872 0.633892 0.86515 0.587437 0.697507 0.386597 0.485768 0.684154 0.684594 0.0104477 0.503258 0.360761 0.368204 0.384081 0.086601 0.80608 0.42302 0.35209 0.180848 0.241755 0.342275 0.18174 0.280985 0.441896 0.0266097 0.93987 0.12376 0.148078 0.656429 0.292986 0.844443 0.532301 0.926877 0.709593 0.119738 0.624384 0.09619 0.605507 0.308538 0.780784 0.615954 0.811796 0.141545 0.984159 0.195877 0.228146 0.790238 0.618897 0.580236 0.971086 0.860651 0.922511 0.152826 0.141636 0.364406 0.179436 0.081506 0.488166 0.327514 0.737935 0.781152 0.171956 0.270236 0.708029 0.881549 0.389974 0.332413 0.977739 
7 2 0 19 5 1 12 
0.267521 0.70845 0.356918 0.128172 0.630961 0.509744 0.269808 0.995367 0.68918 0.351314 0.483534 0.0166939 0.089249 0.264685 0.18865 0.359485 0.972715 0.0701996 0.749459 0.305128 0.0479389 0.74494 0.946079 0.806462 0.356375 0.398826 0.70653 0.951968 0.0474496 0.834744 0.3378 0.31497 0.543194 0.694718 0.443142 0.174155 0.204462 0.71295 0.169523 0.893642 0.0642642 0.653056 0.910336 0.153513 0.917742 0.0989864 0.512998 0.890456 0.169186 0.262457 0.195584 0.217125 0.00739718 0.141663 0.0235868 0.363772 0.540489 0.730117 0.31574 0.587939 0.564861 0.65354 0.902909 0.108056 0.348257 0.346051 0.282211 0.552719 0.0590014 0.451734 0.446361 0.123266 0.10479 0.356697 0.276779 0.0225318 0.455684 0.789777 0.912988 0.62487 0.0522346 0.108572 0.841995 0.0596318 0.250235 0.865581 0.423404 0.790725 0.595698 0.739143 0.378664 0.16056 0.392683 0.281573 0.268616 0.74094 0.627624 0.550827 0.293659 0.686625 0.00256085 0.740021 0.809891 0.107351 0.096718 0.0866698 0.129883 0.552402 0.876447 0.042871 0.177272 0.928682 0.151443 0.0192664 0.988314 0.401679 0.884848 0.411717 0.192403 0.480546 0.150861 0.571067 0.641106 0.543544 0.85264 0.909722 0.284484 0.480264 
8 0 10 1 14 15 18 
0.570461 0.414882 0.0634496 0.700343 0.967284 0.939897 0.743214 0.144555 0.868578 0.894658 0.163822 0.856892 0.296336 0.0486696 0.268609 0.488739 0.529216 0.41947 0.0598064 0.170322 0.963013 0.912446 0.0800437 0.247497 0.39271 0.540592 0.82564 0.559598 0.00370172 0.143804 0.536378 0.574162 0.558686 0.599828 0.274506 0.525969 0.539724 0.0177201 0.670525 0.408303 0.912378 0.834347 0.265194 0.208714 0.883016 0.533803 0.697453 0.412232 0.953273 0.75726 0.582554 0.916286 0.669706 0.662598 0.163783 0.0624151 0.20319 0.989423 0.622014 0.206892 0.133227 0.158392 0.781054 0.691912 0.758219 0.0555597 0.217882 0.297944 0.0732798 0.888407 0.706246 0.985657 0.722753 0.971441 0.194371 0.605769 0.505244 0.891824 0.0180012 0.458517 0.649084 0.600555 0.374803 0.318789 0.263153 0.538585 0.381205 0.466343 0.528008 0.00321809 0.673235 0.661235 0.16161 0.454289 0.353148 0.919829 0.509849 0.571029 0.217773 0.583128 0.459436 0.924019 0.568786 0.182189 0.89546 0.763157 0.787958 0.400704 0.654981 0.805959 0.85922 0.304065 0.406515 0.234023 0.622855 0.669668 0.772608 0.00405908 0.136011 0.300617 0.00727717 0.809246 0.961852 0.168887 0.263534 0.315 0.0887161 0.773383 
9 0 13 19 3 12 1 
0.527654 0.125968 0.688454 0.315612 0.526671 0.343435 0.121571 0.385892 0.6475 0.528086 0.619915 0.270355 0.197754 0.392523 0.274414 0.333764 0.69314 0.281691 0.14301 0.654992 0.450578 0.406544 0.969992 0.539294 0.179927 0.856021 0.845783 0.536439 0.201486 0.0762908 0.461736 0.72914 0.202259 0.15019 0.0447518 0.72893 0.493625 0.166323 0.114822 0.141125 0.694409 0.734736 0.41148 0.892163 0.12726 0.685894 0.225927 0.8204 0.967585 0.368937 0.475392 0.418162 0.775481 0.445383 0.957456 0.955408 0.301404 0.803239 0.491847 0.50289 0.87953 0.953583 0.23203 0.0817887 0.103773 0.276782 0.810719 0.597397 0.443105 0.92554 0.738522 0.137514 0.660277 0.150002 0.0296766 0.787536 0.835896 0.255603 0.607936 0.80348 0.62454 0.0833275 0.221643 0.400021 0.528711 0.179099 0.35543 0.830115 0.982339 0.847277 0.333005 0.861869 0.80086 0.565035 0.943657 0.904632 0.841817 0.754376 0.502029 0.284922 0.679916 0.240552 0.422436 0.340193 0.390554 0.452113 0.127729 0.22645 0.707716 0.735665 0.0299304 0.332257 0.818993 0.251573 0.732278 0.347704 0.430673 0.0877074 0.177819 0.413011 0.934984 0.510825 0.27488 0.735844 0.07586 0.218538 0.640476 0.917677 
10 6 18 8 17 11 3 
0.773611 0.0771489 0.120753 6.11432e-05 0.784865 0.856418 0.0299916 0.117122 0.675411 0.281565 0.8494 0.023115 0.712238 0.937107 0.200934 0.125249 0.872091 0.711759 0.400129 0.607935 0.787619 0.618667 0.248411 0.705296 0.59158 0.390916 0.907896 0.244411 0.773973 0.532932 0.237434 0.547584 0.610081 0.358187 0.547645 0.394946 0.214605 0.577637 0.512068 0.890016 0.859202 0.361467 0.913131 0.571439 0.298574 0.114065 0.696688 0.170665 0.825824 0.0968175 0.7786 0.613442 0.715484 0.027011 0.318738 0.307065 0.417927 0.226634 0.551475 0.1919 0.759566 0.788909 0.739483 0.369646 0.147096 0.287129 0.764592 0.361701 0.864765 0.27666 0.251717 0.723967 0.638127 0.164847 0.295406 0.936701 0.278912 0.992094 0.107367 0.104736 0.0889118 0.885967 0.718178 0.804396 0.912978 0.0369166 0.111461 0.330905 0.263551 0.662936 0.522804 0.0231166 0.451845 0.262288 0.392763 0.598941 0.549416 0.157355 0.960642 0.414182 0.434015 0.212358 0.138148 0.0721421 0.377206 0.433554 0.00884343 0.656118 0.425649 0.11621 0.760854 0.514561 0.00217747 0.479032 0.318957 0.915156 0.515949 0.430417 0.246061 0.779499 0.0933535 0.768865 0.802616 0.545199 0.0311529 0.195379 0.14414 0.580569 
11 10 16 14 8 0 5 
0.867735 0.350464 0.992102 0.983945 0.111318 0.506663 0.986122 0.59035 0.825619 0.901278 0.106298 0.256037 0.147338 0.885797 0.34939 0.916203 0.688413 0.894589 0.947356 0.883792 0.0387291 0.527926 0.236526 0.143511 0.522677 0.0232752 0.460651 0.655576 0.882166 0.154997 0.222029 0.749901 0.505461 0.214132 0.733846 0.616779 0.720795 0.719968 0.207129 0.546414 0.621246 0.313427 0.802451 0.768584 0.199224 0.151841 0.684788 0.887638 0.0464302 0.632144 0.77143 0.0851594 0.16007 0.00795597 0.22867 0.682746 0.0312312 0.689322 0.338322 0.913398 0.844319 0.560352 0.663298 0.34978 0.774483 0.397144 0.966559 0.495278 0.117112 0.173688 0.0416922 0.738358 0.487115 0.844143 0.506942 0.686339 0.995984 0.19173 0.573977 0.0424143 0.823875 0.345407 0.127574 0.983944 0.353362 0.356244 0.666691 0.384594 0.0455659 0.00501301 0.297991 0.889885 0.565365 0.96129 0.239665 0.339848 0.358434 0.206225 0.835126 0.475546 0.379913 0.876818 0.213904 0.867028 0.720961 0.720846 0.553367 0.716945 0.912577 0.127343 0.75936 0.736451 0.47275 0.886933 0.720395 0.826112 0.243178 0.387086 0.210706 0.288744 0.392099 0.508697 0.178629 0.957464 0.469987 0.418294 0.297312 0.828421 
12 1 0 10 19 14 2 
0.238717 0.424826 0.447163 0.151293 0.552169 0.206523 0.887744 0.0249189 0.0934565 0.608139 0.851031 0.336634 0.995226 0.0617373 0.625378 0.387325 0.570434 0.804006 0.344789 0.0404213 0.2223 0.642101 0.868842 0.846819 0.774539 0.172808 0.85125 0.783795 0.690679 0.722709 0.514013 0.929395 0.147535 0.961176 0.0806881 0.699704 0.167699 0.968432 0.724623 0.261156 0.576572 0.575654 0.59779 0.571797 0.637392 0.223168 0.959122 0.207826 0.0271737 0.303911 0.248247 0.249474 0.946011 0.117089 0.0962927 0.72055 0.289898 0.947543 0.504345 0.980576 0.670252 0.0183581 0.909971 0.817788 0.979534 0.99066 0.517492 0.147233 0.959092 0.242115 0.408389 0.535663 0.817769 0.00617911 0.10746 0.455161 0.229347 0.0665824 0.662987 0.25652 0.370493 0.911234 0.505994 0.316504 0.0283235 0.602287 0.0370544 0.318221 0.54983 0.5414 0.298798 0.220082 0.559758 0.208769 0.0378699 0.539292 0.199428 0.555362 0.686525 0.15852 0.797476 0.0949147 0.694183 0.615246 0.101094 0.801644 0.0704063 0.33044 0.868226 0.733393 0.586961 0.238719 0.644627 0.0929549 0.555224 0.672951 0.695242 0.592278 0.991172 0.245072 0.133678 0.28997 0.465154 0.693435 0.498738 0.503024 0.232727 0.698167 
13 1 5 3 14 17 4 
0.471107 0.115261 0.352514 0.541514 0.445702 0.22074 0.274907 0.0326624 0.45946 0.919534 0.125617 0.0146833 0.592485 0.820859 0.606961 0.583657 0.0659305 0.740639 0.873626 0.531084 0.434074 0.372365 0.034108 0.666801 0.0705316 0.0924933 0.586054 0.927219 0.948355 0.600221 0.478089 0.419462 0.715483 0.830603 0.960976 0.161184 0.0513438 0.235883 0.193847 0.510803 0.155416 0.319464 0.525487 0.747901 0.140323 0.132448 0.331558 0.206253 0.873087 0.205184 0.737338 0.307161 0.577549 0.771446 0.973963 0.64808 0.863939 0.560017 0.575299 0.812294 0.160238 0.0533881 0.231756 0.875721 0.883991 0.192732 0.0369052 0.935335 0.428615 0.230752 0.446139 0.584031 0.550216 0.971625 0.331932 0.690539 0.104074 0.66349 0.896792 0.977161 0.868674 0.634129 0.284322 0.446223 0.405575 0.258284 0.0943034 0.269514 0.818301 0.669602 0.0818079 0.97854 0.722991 0.313564 0.85426 0.606982 0.506296 0.891166 0.542317 0.934911 0.121918 0.988456 0.518942 0.672133 0.960081 0.850875 0.362672 0.0641547 0.514365 0.259464 0.0413153 0.383039 0.893593 0.325637 0.829262 0.299168 0.583922 0.923565 0.568682 0.402223 0.593168 0.65049 0.380762 0.316158 0.964055 0.235023 0.92314 0.470351 
14 13 9 11 3 0 12 
0.413994 0.775079 0.282912 0.478149 0.289444 0.542375 0.519464 0.672483 0.435969 0.845101 0.501745 0.735137 0.429023 0.42531 0.30382 0.831246 0.0184778 0.95431 0.212008 0.334636 0.918365 0.447031 0.257776 0.388716 0.573219 0.723233 0.793978 0.821326 0.177146 0.718182 0.741565 0.591141 0.493261 0.0244767 0.0692895 0.782705 0.566852 0.588754 0.455188 0.00282099 0.433855 0.956933 0.737958 0.862878 0.382243 0.041778 0.694123 0.40072 0.996088 0.906131 0.735356 0.914453 0.353162 0.993133 0.303168 0.926382 0.716366 0.0971463 0.747707 0.893513 0.815329 0.489272 0.484653 0.30859 0.513749 0.553943 0.0912953 0.0806013 0.142696 0.546483 0.0834223 0.576551 0.503416 0.821381 0.439429 0.885659 0.863159 0.133552 0.286379 0.859247 0.0396836 0.0217355 0.773699 0.392846 0.0148681 0.0768679 0.319228 0.731234 0.174014 0.0669349 0.624747 0.989343 0.556207 0.1094 0.297933 0.0699565 0.663343 0.389228 0.150558 0.806039 0.935711 0.23398 0.38259 0.439127 0.0553606 0.822019 0.324786 0.918519 0.955571 0.611165 0.777766 0.995254 0.6329 0.551465 0.3881 0.647768 0.628333 0.707328 0.379003 0.802347 0.774263 0.00374932 0.79169 0.33047 0.113149 0.0896228 0.400427 0.776492 
15 5 14 17 3 0 11 
0.840325 0.787139 0.178475 0.758844 0.74271 0.78964 0.53661 0.737965 0.42254 0.0880756 0.126065 0.0703086 0.716409 0.833393 0.449311 0.518756 0.607656 0.45306 0.310446 0.938126 0.56621 0.400069 0.338553 0.342702 0.87892 0.889538 0.925232 0.293482 0.674502 0.890353 0.147171 0.514827 0.677492 0.325646 0.273672 0.420202 0.115286 0.810282 0.158167 0.537826 0.898358 0.284232 0.608135 0.614767 0.117625 0.0574461 0.133523 0.725281 0.510507 0.443969 0.663407 0.0767163 0.844038 0.00196001 0.419418 0.722958 0.891498 0.34465 0.0164396 0.566 0.235003 0.163611 0.0808273 0.912495 0.489257 0.354499 0.332697 0.604543 0.164781 0.490864 0.14237 0.0631393 0.775096 0.750505 0.677906 0.892721 0.807951 0.811429 0.618001 0.318457 0.255398 0.281408 0.395174 0.0994358 0.283368 0.814591 0.822394 0.174866 0.159241 0.838833 0.740866 0.394244 0.00244384 0.821693 0.306739 0.491701 0.176193 0.639436 0.0962441 0.340974 0.1303 0.238614 0.404113 0.905395 0.989118 0.0820194 0.798116 0.797069 0.893448 0.416117 0.115527 0.148846 0.697526 0.5107 0.248282 0.980894 0.325291 0.0706755 0.15576 0.484533 0.909509 0.896626 0.878777 0.911952 0.71832 0.185515 0.403653 0.894512 
16 4 18 7 0 3 2 
0.860646 0.72763 0.721619 0.658762 0.524699 0.615067 0.0748795 0.640226 0.763914 0.772405 0.150926 0.0121955 0.7533 0.476217 0.082871 0.90906 0.96075 0.99238 0.805687 0.839526 0.904332 0.524007 0.0250419 0.307985 0.418519 0.849993 0.807883 0.654005 0.805244 0.546394 0.293605 0.66589 0.274024 0.0152239 0.324652 0.798723 0.630291 0.399532 0.438948 0.394205 0.171937 0.589874 0.4064 0.925237 0.0660909 0.489271 0.834297 0.0268406 0.481651 0.639984 0.866367 0.385983 0.163991 0.891409 0.693968 0.582509 0.741402 0.501851 0.236514 0.546646 0.0482452 0.530119 0.212536 0.322269 0.545343 0.537188 0.120992 0.175634 0.93672 0.55994 0.569839 0.108657 0.149814 0.97624 0.0338939 0.215905 0.465511 0.868191 0.242746 0.947162 0.508175 0.109113 0.333145 0.672166 0.000521711 0.0271134 0.254675 0.741924 0.528964 0.491189 0.28857 0.57721 0.0213087 0.501106 0.899479 0.566652 0.0382943 0.0204705 0.742286 0.975014 0.580411 0.312126 0.0836711 0.730225 0.288365 0.117565 0.94613 0.753877 0.985756 0.188875 0.701039 0.493931 0.297988 0.0341837 0.166097 0.29851 0.0612971 0.420772 0.0404334 0.590262 0.911962 0.329003 0.167471 0.93327 0.83011 0.0669499 0.499922 0.868404 
17 9 4 15 13 1 18 
0.044654 0.344185 0.596576 0.0304101 0.53306 0.297615 0.524341 0.831048 0.331799 0.690438 0.129558 0.393096 0.111211 0.169991 0.983357 0.0231721 0.498995 0.150829 0.956442 0.329104 0.217778 0.456365 0.197508 0.305199 0.698573 0.0409258 0.97303 0.252908 0.968015 0.371085 0.0956074 0.0126689 0.71527 0.692184 0.043079 0.248331 0.989799 0.56742 0.0793788 0.321598 0.257859 0.208937 0.714693 0.369069 0.378928 0.698051 0.392241 0.877922 0.848879 0.348684 0.207026 0.0666578 0.805048 0.404534 0.371857 0.503622 0.44546 0.344886 0.756529 0.413475 0.715971 0.852137 0.426144 0.431242 0.544321 0.469223 0.679572 0.53412 0.0366432 0.758951 0.855717 0.294502 0.967888 0.570411 0.663571 0.346815 0.268461 0.0558128 0.224738 0.117341 0.404497 0.431764 0.183999 0.209545 0.836298 0.555855 0.713167 0.281758 0.900741 0.469696 0.695233 0.616713 0.321833 0.121377 0.0479545 0.866154 0.5906 0.727527 0.400273 0.627243 0.486478 0.25599 0.921745 0.454366 0.826401 0.585317 0.801181 0.0948622 0.64113 0.0259188 0.212203 0.0456261 0.457683 0.396202 0.255171 0.293981 0.952057 0.968338 0.57574 0.852798 0.438034 0.270973 0.469511 0.759867 0.39235 0.517465 0.626021 0.98295 
18 15 9 8 10 11 7 
0.185836 0.108685 0.117256 0.987017 0.203547 0.758385 0.0129358 0.41575 0.804011 0.470619 0.811952 0.0591827 0.7646 0.764008 0.0275207 0.340339 0.616806 0.465555 0.611312 0.0863171 0.225422 0.00366254 0.603782 0.851443 0.986613 0.848774 0.877737 0.596807 0.580244 0.160021 0.128746 0.76608 0.268706 0.246002 0.753097 0.472253 0.00438688 0.766033 0.888004 0.808398 0.236652 0.699956 0.867581 0.00125164 0.463964 0.895102 0.341591 0.0807705 0.360657 0.952903 0.167088 0.586079 0.956566 0.77087 0.437522 0.943179 0.619644 0.315258 0.539985 0.199888 0.475279 0.668731 0.965969 0.743986 0.914733 0.719066 0.216239 0.919119 0.485099 0.104243 0.727518 0.721751 0.804198 0.595099 0.723003 0.268162 0.490201 0.0645935 0.348933 0.850857 0.0174969 0.51602 0.436936 0.974063 0.28689 0.874457 0.917242 0.906534 0.189716 0.457227 0.106423 0.664995 0.125958 0.0723913 0.408981 0.0406905 0.791457 0.62522 0.95981 0.276556 0.729462 0.687328 0.998307 0.53366 0.282427 0.72131 0.801823 0.772627 0.785903 0.150755 0.623484 0.8034 0.666775 0.0604202 0.777463 0.953666 0.934878 0.694704 0.8602 0.124594 0.151931 0.966622 0.789589 0.277889 0.0390134 0.19857 0.31858 0.830471 
19 14 12 10 13 1 15 
0.0207713 0.612547 0.0394899 0.644256 0.415947 0.706265 0.704676 0.19341 0.659931 0.639554 0.888115 0.52013 0.764147 0.040046 0.486753 0.553736 0.317935 0.525766 0.752305 0.636515 0.356237 0.576095 0.914905 0.463264 0.129346 0.880622 0.568598 0.216258 0.128766 0.395242 0.104993 0.149538 0.00778902 0.144483 0.793793 0.423736 0.850748 0.498469 0.617147 0.510679 0.138023 0.505262 0.0308094 0.90217 0.545308 0.517562 0.455906 0.863243 0.0433281 0.208211 0.499758 0.399565 0.784306 0.414663 0.862828 0.913652 0.295285 0.431426 0.12991 0.424051 0.826668 0.234903 0.573589 0.834457 0.379386 0.367383 0.258193 0.230134 0.865852 0.87534 0.740813 0.00387487 0.380602 0.771622 0.906045 0.925909 0.289184 0.361951 0.789152 0.332512 0.570162 0.28891 0.732077 0.354468 0.703573 0.594905 0.26812 0.998857 0.0263314 0.398031 0.422909 0.852999 0.632934 0.996498 0.687456 0.0123193 0.36388 0.94565 0.242453 0.229732 0.82099 0.983265 0.233607 0.201592 0.754887 0.139652 0.127501 0.0440713 0.501603 0.916654 0.376583 0.0717652 0.205564 0.10866 0.426233 0.909136 0.703565 0.694354 0.907994 0.729897 0.0923847 0.330902 0.582896 0.725318 0.3274 0.270352 0.737638 0.69128 
