58 6
0 1 0 1 1 0 0 1 0 1 0 0 1 0 1 0 0 0 1 1 1 0 0 0 1 1 1 0 1 1 1 0 1 0 0 1 0 1 0 1 1 1 0 0 0 0 1 1 0 1 1 0 0 1 1 0 1 1 
0 34 4 32 6 19 
0.899993 0.492459 0.650714 0.00224122 0.46903 0.531777 0.362741 0.845789 0.290977 0.640471 0.630274 0.328141 0.00163815 0.751934 0.0828617 0.0187468 0.9927 0.950762 0.585461 0.423271 0.834418 0.361678 0.38913 0.103815 0.832689 0.794288 0.123734 0.628045 0.626308 0.706216 0.996159 0.526302 0.198675 0.646874 0.528543 0.667706 0.178651 0.891284 0.513494 0.469629 0.531755 0.143769 0.797769 0.533393 0.895702 0.880631 0.55214 0.888402 0.831393 0.137601 0.311674 0.665811 0.499278 0.700804 0.769626 0.331967 0.495092 0.89336 0.960012 0.1214 0.599576 0.956172 0.647702 0.798251 
1 23 4 29 28 32 
0.251326 0.599283 0.12322 0.0490952 0.132675 0.0189222 0.929726 0.684815 0.907325 0.761119 0.822416 0.218998 0.42693 0.321694 0.919802 0.196556 0.653662 0.414894 0.0899159 0.613674 0.536294 0.689492 0.569846 0.183996 0.487744 0.172891 0.360241 0.953701 0.954588 0.427769 0.933152 0.205914 0.0270514 0.056372 0.255009 0.159727 0.0752942 0.184736 0.844542 0.982619 0.945855 0.666958 0.201617 0.372785 0.988652 0.121419 0.569341 0.642313 0.536313 0.659257 0.255987 0.0726076 0.348749 0.825833 0.256604 0.836493 0.998724 0.616844 0.790194 0.953312 0.044613 0.723345 0.159226 0.0716643 
2 51 15 8 33 22 
0.0759329 0.837631 0.544826 0.74289 0.0392478 0.917611 0.731542 0.160667 0.486952 0.373856 0.696981 0.146209 0.629843 0.769588 0.494959 0.455676 0.0261919 0.331451 0.4544 0.643036 0.121645 0.407712 0.687649 0.84499 0.566939 0.759313 0.624708 0.981174 0.990705 0.47972 0.580145 0.0666375 0.31735 0.124971 0.809528 0.356598 0.0425828 0.54107 0.517265 0.529535 0.914926 0.214246 0.675745 0.544769 0.983834 0.170703 0.000444712 0.0100258 0.502155 0.454845 0.653062 0.6238 0.862557 0.340711 0.46879 0.429495 0.100024 0.0934982 0.410669 0.090729 0.573218 0.990815 0.157367 0.890568 
3 34 54 30 49 10 
0.764431 0.687904 0.422891 0.978677 0.363649 0.967659 0.962511 0.534352 0.968104 0.972537 0.0365065 0.422949 0.625598 0.660306 0.285506 0.966309 0.129096 0.715001 0.0663338 0.222595 0.12567 0.157063 0.795812 0.116485 0.314429 0.68638 0.232271 0.281324 0.933546 0.390639 0.789288 0.697977 0.0785434 0.212179 0.676654 0.442192 0.179838 0.639165 0.976544 0.147943 0.611701 0.0130502 0.570891 0.2373 0.673356 0.856397 0.203609 0.802453 0.571398 0.269943 0.0250473 0.697068 0.427006 0.82086 0.813553 0.741435 0.50724 0.0458234 0.0227592 0.440786 0.436463 0.812048 0.138764 0.515006 
4 6 33 9 55 48 
0.933742 0.352008 0.0662843 0.946792 0.922899 0.303584 0.620149 0.779296 0.507193 0.422601 0.350694 0.777137 0.447649 0.0477618 0.204143 0.268508 0.861315 0.945578 0.775748 0.907138 0.968337 0.216535 0.343601 0.780385 0.355298 0.858607 0.804611 0.170716 0.815805 0.00867651 0.625299 0.749547 0.360684 0.691583 0.69634 0.283583 0.995168 0.316488 0.0628795 0.502361 0.73909 0.413573 0.279498 0.186738 0.461335 0.48364 0.455247 0.32265 0.429218 0.230995 0.229788 0.397555 0.44753 0.573389 0.17794 0.802828 0.431996 0.982551 0.973544 0.247801 0.991228 0.598843 0.997348 0.351912 
5 3 34 54 30 49 
0.698375 0.787955 0.749266 0.111948 0.0674528 0.936004 0.573284 0.551093 0.391251 0.895933 0.980311 0.622246 0.125721 0.377866 0.0697751 0.69911 0.555806 0.872603 0.131105 0.538358 0.846147 0.378906 0.529586 0.44499 0.376255 0.881498 0.735417 0.0699426 0.516993 0.021011 0.0801188 0.215368 0.808966 0.829385 0.327317 0.876419 0.765389 0.900601 0.427512 0.156639 0.796534 0.407823 0.778885 0.922255 0.78569 0.84866 0.621365 0.341496 0.721263 0.75247 0.879854 0.56741 0.131376 0.409439 0.0124002 0.507631 0.290937 0.747817 0.577574 0.80793 0.768828 0.657692 0.0232988 0.577794 
6 46 10 3 39 25 
0.409105 0.0477502 0.289549 0.187989 0.970005 0.0752384 0.0366488 0.59137 0.416735 0.757912 0.34384 0.296588 0.325321 0.475217 0.706028 0.337722 0.982848 0.996965 0.0855389 0.560421 0.804895 0.854367 0.218114 0.828194 0.432161 0.705191 0.17881 0.886375 0.957656 0.430026 0.7681 0.366761 0.477776 0.0576492 0.55475 0.447782 0.132888 0.591399 0.039152 0.549622 0.34931 0.382992 0.846211 0.674632 0.858209 0.552238 0.0123532 0.841057 0.549203 0.0978921 0.401478 0.354099 0.952259 0.619592 0.182293 0.384421 0.324782 0.361103 0.270796 0.282439 0.791129 0.0388959 0.649199 0.268905 
7 10 6 54 35 12 
0.755839 0.779055 0.144657 0.138831 0.625265 0.819289 0.99704 0.177504 0.831642 0.838097 0.726707 0.929534 0.239575 0.0808056 0.881794 0.859167 0.263098 0.266214 0.183949 0.624201 0.53701 0.466388 0.41533 0.575906 0.115587 0.684235 0.672451 0.319536 0.400922 0.901883 0.114883 0.156761 0.680938 0.259541 0.295592 0.306204 0.0788296 0.292632 0.483708 0.910472 0.130729 0.210415 0.840006 0.370303 0.29122 0.7218 0.22947 0.554318 0.988014 0.413419 0.178519 0.525024 0.879807 0.593849 0.100929 0.995394 0.278084 0.77338 0.31493 0.679006 0.675263 0.429813 0.835766 0.356202 
8 5 30 6 4 13 
0.146113 0.678655 0.554718 0.356528 0.518661 0.925022 0.647748 0.240461 0.154492 0.202066 0.228475 0.567911 0.380586 0.753498 0.447718 0.974435 0.854428 0.443112 0.252519 0.627807 0.758042 0.931525 0.303071 0.187855 0.767291 0.659273 0.877209 0.898649 0.321678 0.645392 0.322639 0.467791 0.324047 0.877357 0.824319 0.842708 0.802379 0.472067 0.083169 0.956871 0.674133 0.311644 0.524782 0.0547189 0.0651422 0.9725 0.0291538 0.91957 0.415613 0.281673 0.547377 0.173655 0.213198 0.850448 0.36151 0.980489 0.509721 0.238719 0.879138 0.831399 0.884111 0.201777 0.29919 0.208158 
9 3 34 20 19 57 
0.134035 0.838383 0.26971 0.445678 0.363165 0.324429 0.510821 0.335666 0.353582 0.43039 0.751279 0.635255 0.977767 0.924934 0.848453 0.828215 0.286444 0.828942 0.337936 0.525163 0.70808 0.169335 0.409273 0.909857 0.468525 0.617431 0.98899 0.592035 0.668297 0.870503 0.187611 0.802331 0.708886 0.457321 0.24801 0.0720518 0.78175 0.75883 0.407718 0.135332 0.189221 0.158996 0.770587 0.166988 0.0839303 0.61904 0.995203 0.370374 0.447982 0.333139 0.895537 0.156062 0.502474 0.304811 0.0659185 0.970999 0.922242 0.0549089 0.563034 0.590538 0.925412 0.750645 0.392869 0.634298 
10 20 28 1 45 33 
0.114068 0.125048 0.58893 0.273064 0.895635 0.755918 0.356995 0.514676 0.751121 0.727369 0.962658 0.0842601 0.622906 0.11872 0.586734 0.927716 0.184638 0.557733 0.849958 0.239547 0.120767 0.440496 0.164959 0.871412 0.833365 0.799257 0.0793775 0.474245 0.505607 0.0690931 0.873954 0.619675 0.194141 0.462884 0.89274 0.0897759 0.218801 0.249734 0.604451 0.969922 0.977103 0.567109 0.0541826 0.600009 0.685829 0.640917 0.527725 0.870468 0.19865 0.377683 0.110015 0.319416 0.818179 0.274974 0.190828 0.651545 0.0742312 0.270206 0.125789 0.579839 0.339299 0.999743 0.199514 0.533439 
11 53 29 30 49 3 
0.227667 0.651351 0.319091 0.794776 0.705533 0.919099 0.480605 0.34645 0.446824 0.351073 0.5451 0.824507 0.461088 0.864516 0.642687 0.736062 0.055344 0.294231 0.810293 0.32555 0.42002 0.390131 0.664848 0.419763 0.589645 0.198288 0.88239 0.681899 0.821503 0.563818 0.0238866 0.0491697 0.215169 0.342977 0.843946 0.920702 0.262076 0.324551 0.267152 0.708901 0.675624 0.812252 0.533408 0.136712 0.676768 0.176095 0.872773 0.732112 0.470326 0.683066 0.0576615 0.890346 0.0731975 0.72251 0.31011 0.662843 0.920797 0.1925 0.344742 0.7423 0.756318 0.368628 0.79147 0.971487 
12 49 33 38 46 3 
0.159342 0.682583 0.635591 0.971594 0.215991 0.772303 0.648362 0.392086 0.645076 0.380474 0.862412 0.328142 0.438135 0.752759 0.401339 0.160645 0.0628687 0.0641823 0.0814425 0.255369 0.408924 0.823743 0.011687 0.777552 0.615213 0.983174 0.489158 0.250629 0.875364 0.46284 0.210596 0.0347066 0.145423 0.846187 0.00630078 0.361414 0.618489 0.654663 0.7535 0.263565 0.0351367 0.615913 0.591707 0.473272 0.368672 0.993047 0.633917 0.431541 0.0572289 0.71536 0.686909 0.466153 0.539103 0.698596 0.243705 0.154315 0.681771 0.732863 0.404944 0.557135 0.195703 0.61554 0.591842 0.341126 
13 0 7 22 17 55 
0.343782 0.287942 0.0719535 0.935489 0.761214 0.440625 0.928535 0.395131 0.872166 0.985764 0.110491 0.559075 0.451917 0.649594 0.257672 0.695623 0.803909 0.939443 0.428486 0.208853 0.496578 0.624189 0.824393 0.0884197 0.965315 0.28612 0.686562 0.667855 0.366337 0.939368 0.123896 0.710118 0.22731 0.195849 0.645607 0.988524 0.636475 0.574143 0.383655 0.508641 0.559907 0.494146 0.067716 0.0118245 0.14374 0.325388 0.707447 0.947649 0.26483 0.135933 0.156502 0.761408 0.760122 0.980896 0.849828 0.725437 0.267016 0.53639 0.393293 0.633353 0.475758 0.517188 0.343471 0.703068 
14 33 34 57 13 38 
0.0752472 0.858153 0.123129 0.569394 0.925869 0.134953 0.713133 0.251256 0.842401 0.660782 0.516087 0.978334 0.817285 0.277495 0.738456 0.798181 0.127322 0.463894 0.0651968 0.663713 0.857186 0.69855 0.13947 0.374375 0.0420211 0.842538 0.0874122 0.0310999 0.53413 0.436924 0.594321 0.609377 0.295077 0.71745 0.178771 0.220946 0.852403 0.891904 0.472203 0.694804 0.552687 0.988289 0.673138 0.369972 0.265784 0.411594 0.168152 0.393106 0.875487 0.233349 0.0568189 0.732674 0.931899 0.196289 0.107048 0.97392 0.0388275 0.19446 0.00501966 0.572957 0.631385 0.599341 0.182335 0.926462 
15 2 29 52 18 48 
0.619611 0.863999 0.805696 0.6079 0.537136 0.175668 0.873684 0.94873 0.34382 0.26679 0.824218 0.577169 0.323609 0.556891 0.509068 0.519899 0.66394 0.482987 0.558726 0.8584 0.488007 0.131684 0.489785 0.0873481 0.314018 0.416247 0.404139 0.675124 0.563655 0.573334 0.928133 0.183266 0.437333 0.73383 0.791166 0.974469 0.909498 0.66485 0.923199 0.253318 0.93164 0.747417 0.830486 0.255249 0.304308 0.339554 0.775148 0.968248 0.822541 0.333874 0.826648 0.310548 0.465558 0.316433 0.397896 0.779576 0.73268 0.802036 0.454699 0.296335 0.37537 0.382833 0.479601 0.812703 
16 41 31 0 38 54 
0.710371 0.279477 0.867257 0.457788 0.109964 0.122506 0.762097 0.449518 0.897654 0.730345 0.272059 0.231528 0.556993 0.582607 0.697085 0.873426 0.980504 0.476661 0.606106 0.782539 0.93136 0.902441 0.157909 0.314193 0.382042 0.970612 0.430855 0.652809 0.757784 0.457015 0.588426 0.468155 0.736492 0.455682 0.925943 0.846456 0.578188 0.68804 0.295973 0.475842 0.418384 0.568032 0.70737 0.975377 0.15064 0.404455 0.848803 0.131143 0.881116 0.45491 0.913683 0.812477 0.357351 0.0715921 0.126669 0.739393 0.042204 0.557524 0.392203 0.799988 0.014539 0.980629 0.268142 0.751031 
17 53 48 28 23 1 
0.490341 0.300509 0.461492 0.197711 0.275886 0.612132 0.602167 0.12469 0.743275 0.483283 0.579599 0.656958 0.295759 0.93695 0.72855 0.422429 0.676344 0.770754 0.979953 0.0685462 0.570742 0.994492 0.0491748 0.838884 0.745523 0.485486 0.0329689 0.34301 0.499985 0.915094 0.236469 0.990326 0.215603 0.697962 0.188038 0.491489 0.310093 0.790204 0.616179 0.0533686 0.273487 0.195778 0.710327 0.569246 0.132728 0.438877 0.991675 0.809072 0.209631 0.971628 0.877618 0.780373 0.96612 0.926793 0.619256 0.711643 0.412279 0.652225 0.0546526 0.912264 0.567319 0.291122 0.90259 0.782921 
18 45 12 39 31 20 
0.890589 0.352546 0.154319 0.0863674 0.0628724 0.723565 0.219096 0.501749 0.715241 0.0281674 0.71138 0.686869 0.905785 0.491753 0.652989 0.832578 0.111009 0.364632 0.244857 0.763234 0.419284 0.15712 0.330553 0.710407 0.0597102 0.113474 0.69949 0.150338 0.387885 0.998667 0.0311696 0.278474 0.351213 0.185489 0.364842 0.414085 0.909054 0.583937 0.915835 0.624294 0.612105 0.627215 0.311163 0.51789 0.118967 0.964152 0.350468 0.229976 0.328784 0.595325 0.99321 0.748068 0.752446 0.323763 0.458475 0.812156 0.437237 0.157965 0.962494 0.825122 0.156632 0.993663 0.103596 0.507845 
19 13 37 56 10 14 
0.837765 0.7125 0.66448 0.46498 0.0236633 0.18237 0.583947 0.987815 0.532838 0.813923 0.316599 0.128163 0.807133 0.0646671 0.880609 0.130896 0.523142 0.692764 0.568133 0.681107 0.655258 0.393256 0.837739 0.648921 0.496852 0.345584 0.828073 0.96529 0.267515 0.916279 0.0176649 0.105281 0.628779 0.682145 0.570261 0.652442 0.864514 0.154208 0.640257 0.397352 0.96813 0.956856 0.525515 0.775264 0.0215233 0.406124 0.906159 0.544665 0.0988881 0.474293 0.225772 0.754146 0.867548 0.0635111 0.403067 0.3644 0.409096 0.23114 0.32969 0.676611 0.147419 0.347355 0.781891 0.776198 
20 10 12 46 14 21 
0.0688975 0.291366 0.47449 0.0257537 0.816881 0.249753 0.047277 0.223005 0.155913 0.591942 0.321893 0.630206 0.817714 0.0760387 0.497754 0.881225 0.479106 0.862154 0.290321 0.710246 0.191844 0.966932 0.857666 0.5392 0.748823 0.633864 0.568699 0.100975 0.0625037 0.462713 0.607334 0.131401 0.754079 0.081824 0.157155 0.570959 0.331577 0.204432 0.793964 0.48749 0.796374 0.115857 0.117696 0.614088 0.191895 0.61545 0.495313 0.671001 0.477604 0.785634 0.381248 0.669449 0.752566 0.238913 0.208648 0.501389 0.872777 0.777347 0.602363 0.935281 0.24006 0.209697 0.0666818 0.994139 
21 26 25 32 53 46 
0.359062 0.110589 0.224643 0.474919 0.228285 0.838731 0.666814 0.843734 0.334044 0.337816 0.321338 0.119678 0.719064 0.990787 0.872244 0.957977 0.199435 0.373633 0.830754 0.976783 0.975996 0.766035 0.216843 0.185694 0.832716 0.210982 0.477215 0.056553 0.77608 0.100314 0.484822 0.135143 0.210903 0.709464 0.610062 0.439187 0.548195 0.276876 0.282922 0.882239 0.614692 0.60426 0.00191777 0.333756 0.595047 0.874162 0.291733 0.794482 0.247795 0.122487 0.771265 0.223791 0.888522 0.988108 0.409485 0.721238 0.19909 0.8867 0.777791 0.97517 0.987013 0.262612 0.110313 0.197916 
22 44 3 40 57 31 
0.920025 0.402511 0.611943 0.524285 0.404429 0.945699 0.119332 0.278591 0.237433 0.913815 0.526386 0.35992 0.68508 0.750177 0.248441 0.673188 0.159661 0.969679 0.872277 0.0463611 0.74747 0.847448 0.0333746 0.0100821 0.957761 0.231291 0.982159 0.678136 0.868394 0.50243 0.675387 0.788419 0.904941 0.28733 0.312704 0.30937 0.23303 0.432036 0.587961 0.470462 0.345851 0.114346 0.830382 0.0309304 0.864523 0.0788227 0.704118 0.0241844 0.0485016 0.576396 0.0705455 0.795971 0.423843 0.10392 0.806053 0.381604 0.335211 0.788212 0.0597394 0.203605 0.290643 0.735126 0.992023 0.195584 
23 2 55 34 47 43 
0.0929147 0.725948 0.0826142 0.207261 0.55633 0.113545 0.0717842 0.635153 0.817663 0.0959686 0.683654 0.394058 0.166514 0.479625 0.817901 0.270434 0.285679 0.199505 0.605645 0.073891 0.259245 0.80925 0.364534 0.994371 0.801273 0.560117 0.0168272 0.106 0.0650713 0.272313 0.842764 0.157986 0.998261 0.925378 0.365247 0.554591 0.0389228 0.437031 0.189744 0.856586 0.533 0.873398 0.250644 0.699514 0.353023 0.0685452 0.969948 0.638702 0.268051 0.575593 0.712593 0.527295 0.384843 0.0771268 0.521666 0.186116 0.637244 0.538493 0.292116 0.702315 0.810806 0.13488 0.860301 0.809068 
24 50 34 46 38 26 
0.955767 0.19558 0.4268 0.20641 0.895094 0.779823 0.274956 0.865042 0.418526 0.543006 0.440635 0.131119 0.0703016 0.825478 0.208246 0.591968 0.0115933 0.84549 0.130461 0.303709 0.547805 0.941267 0.43859 0.408107 0.750335 0.498848 0.633655 0.113994 0.598029 0.296235 0.667396 0.553796 0.491815 0.0941964 0.760206 0.386909 0.87402 0.0351619 0.251951 0.292546 0.578168 0.692585 0.423664 0.64847 0.518063 0.63191 0.240438 0.529656 0.4774 0.370899 0.833366 0.0252053 0.312166 0.271955 0.433312 0.0625012 0.770803 0.0669675 0.176495 0.368832 0.363203 0.843891 0.922628 0.855018 
25 9 37 35 27 36 
0.493877 0.104653 0.296164 0.186463 0.528318 0.944634 0.704526 0.160228 0.185071 0.234182 0.637628 0.55597 0.0675477 0.662833 0.868136 0.339503 0.0961452 0.930637 0.110306 0.163113 0.107132 0.479138 0.526315 0.951024 0.401766 0.381333 0.889111 0.0846002 0.62326 0.701219 0.802596 0.117137 0.805872 0.0987599 0.303599 0.33419 0.0433936 0.00812468 0.494418 0.228465 0.242307 0.132046 0.784435 0.309854 0.794879 0.652571 0.649357 0.891024 0.583208 0.759664 0.0541367 0.69034 0.238802 0.580452 0.641364 0.640568 0.961785 0.530475 0.725168 0.585045 0.231694 0.527764 0.702181 0.0375664 
26 39 29 53 48 24 
0.866174 0.898383 0.256212 0.99822 0.682818 0.566066 0.793099 0.335388 0.215423 0.684123 0.918596 0.975087 0.73826 0.608936 0.213889 0.318712 0.250299 0.854458 0.280497 0.780774 0.579626 0.865542 0.0124682 0.10739 0.567723 0.0500346 0.733915 0.573504 0.421791 0.403833 0.587409 0.287966 0.302216 0.843621 0.286186 0.985033 0.409687 0.0792849 0.320421 0.62511 0.763408 0.239017 0.600198 0.501668 0.847953 0.814087 0.82038 0.0982519 0.668544 0.100877 0.879026 0.24817 0.966419 0.891494 0.355561 0.534142 0.941529 0.0894756 0.107646 0.36332 0.493308 0.695055 0.651286 0.795524 
27 7 33 2 43 0 
0.573474 0.780164 0.339996 0.173671 0.281832 0.187948 0.987758 0.102212 0.2862 0.656303 0.203089 0.165226 0.904473 0.169508 0.0567205 0.260034 0.703651 0.998249 0.349509 0.811297 0.361569 0.842818 0.506352 0.0128548 0.638342 0.0450287 0.950326 0.418899 0.993392 0.967082 0.519878 0.566866 0.747247 0.859874 0.740537 0.029079 0.0478225 0.728296 0.131291 0.334023 0.384598 0.33438 0.499249 0.289071 0.503889 0.55597 0.549105 0.207539 0.554219 0.898614 0.018836 0.915788 0.741432 0.525188 0.928643 0.379774 0.570217 0.878969 0.798673 0.563609 0.846052 0.318552 0.130475 0.593298 
28 54 23 46 18 7 
0.753669 0.560271 0.983907 0.0880488 0.0595199 0.272978 0.591937 0.615489 0.822083 0.799477 0.169708 0.720697 0.818313 0.0854965 0.462129 0.343501 0.0141394 0.841903 0.913718 0.893108 0.640577 0.477327 0.73916 0.959128 0.607803 0.332458 0.137554 0.478815 0.954836 0.363802 0.0781239 0.708504 0.924072 0.0620308 0.796553 0.983592 0.335009 0.38849 0.599082 0.157092 0.187967 0.76879 0.877789 0.0062794 0.854287 0.339919 0.34978 0.868426 0.181822 0.263498 0.761534 0.822398 0.740826 0.500694 0.781527 0.348628 0.833153 0.91908 0.827444 0.787988 0.282882 0.905567 0.496492 0.206954 
29 18 22 46 55 45 
0.789628 0.459699 0.869503 0.558418 0.337489 0.875782 0.412704 0.677407 0.225562 0.28113 0.859229 0.489061 0.0426647 0.681627 0.229886 0.543359 0.463154 0.578515 0.376512 0.382234 0.405958 0.1645 0.665116 0.311526 0.660993 0.87207 0.279124 0.954038 0.0626157 0.581731 0.635574 0.852244 0.0414305 0.505076 0.410661 0.378919 0.380858 0.823366 0.0563261 0.606421 0.104496 0.915555 0.0954813 0.147161 0.597182 0.325368 0.69052 0.0603364 0.903883 0.0670317 0.44257 0.309841 0.231532 0.107686 0.621367 0.892524 0.979756 0.900491 0.846562 0.0423715 0.482222 0.482136 0.894615 0.523653 
30 22 19 28 5 4 
0.958898 0.974491 0.233138 0.874453 0.0699725 0.380299 0.471635 0.39534 0.0708185 0.531972 0.299223 0.13785 0.974542 0.609064 0.369382 0.0822281 0.23043 0.261906 0.0619839 0.130921 0.108469 0.104355 0.613144 0.590605 0.99897 0.136796 0.577817 0.304247 0.0393678 0.945888 0.432889 0.998265 0.920379 0.666027 0.872718 0.990352 0.0463253 0.344353 0.385692 0.117144 0.876325 0.684915 0.254994 0.850867 0.293978 0.624376 0.933095 0.524409 0.886282 0.995079 0.65533 0.994751 0.0994342 0.268474 0.585356 0.0984047 0.40527 0.163174 0.402651 0.444638 0.109061 0.83554 0.442903 0.0294405 
31 1 0 42 4 35 
0.405484 0.665036 0.5363 0.0903986 0.92003 0.387167 0.384377 0.544406 0.320262 0.908786 0.430688 0.31534 0.564116 0.42544 0.414775 0.83259 0.010796 0.513179 0.23786 0.17397 0.915831 0.682497 0.283031 0.751371 0.125401 0.312472 0.252938 0.441022 0.332264 0.80083 0.100997 0.737748 0.465866 0.637296 0.828146 0.385896 0.024463 0.212523 0.930302 0.344724 0.121309 0.36099 0.660065 0.685425 0.78643 0.0748393 0.518015 0.797226 0.588019 0.755874 0.971196 0.503849 0.438372 0.254227 0.25522 0.563772 0.566698 0.508158 0.00479405 0.898962 0.308988 0.105791 0.63671 0.774854 
32 22 27 39 45 57 
0.0910517 0.112275 0.798688 0.452042 0.772339 0.484113 0.238472 0.847179 0.00212807 0.0356985 0.435197 0.758002 0.00689421 0.939047 0.196374 0.261121 0.194267 0.760146 0.827819 0.702424 0.76494 0.726781 0.0114123 0.870731 0.363491 0.786266 0.613818 0.828347 0.947016 0.381368 0.505726 0.0380675 0.493643 0.304414 0.49011 0.265982 0.788527 0.728582 0.113161 0.790655 0.76428 0.548358 0.548658 0.771175 0.487405 0.745032 0.0322956 0.681671 0.505178 0.860115 0.384096 0.270118 0.586896 0.395508 0.140849 0.950386 0.181774 0.754667 0.778733 0.12879 0.136036 0.284459 0.166857 0.629678 
33 30 1 15 36 24 
0.168055 0.14983 0.55718 0.716713 0.921004 0.0445846 0.461745 0.9533 0.726256 0.966923 0.813414 0.110352 0.237041 0.40031 0.50586 0.37789 0.350697 0.687634 0.132558 0.129429 0.816424 0.268593 0.413888 0.983282 0.898272 0.00276055 0.640249 0.793932 0.38016 0.0257979 0.802754 0.548216 0.175627 0.359934 0.264929 0.0966316 0.404518 0.726674 0.0499313 0.130774 0.693597 0.863346 0.241126 0.930638 0.263656 0.746986 0.308528 0.614353 0.434621 0.441086 0.743782 0.251045 0.709679 0.15767 0.234327 0.607951 0.160431 0.874575 0.401883 0.540591 0.900373 0.204636 0.0888068 0.0760006 
34 49 15 51 44 5 
0.0998626 0.774006 0.0859092 0.340989 0.704644 0.349565 0.0879753 0.0131726 0.963918 0.522596 0.454259 0.7077 0.773641 0.163938 0.86537 0.00796726 0.771888 0.0258003 0.882543 0.173771 0.566391 0.782916 0.378407 0.655198 0.858916 0.942977 0.00893368 0.0315484 0.912066 0.0893432 0.254112 0.0119284 0.86335 0.340021 0.352917 0.567994 0.689586 0.440893 0.581167 0.653504 0.963488 0.0354251 0.361204 0.737129 0.199363 0.226574 0.745096 0.971251 0.252374 0.627639 0.145022 0.818765 0.410555 0.523429 0.473963 0.269471 0.466406 0.482897 0.30102 0.378472 0.57224 0.555131 0.390401 0.43559 
35 51 43 29 41 55 
0.58475 0.238243 0.147699 0.620175 0.599447 0.884828 0.819538 0.826021 0.629924 0.790789 0.0783946 0.257563 0.93581 0.89716 0.668118 0.459239 0.371123 0.937589 0.925646 0.85402 0.238609 0.304118 0.42626 0.79374 0.694518 0.86185 0.688892 0.437836 0.865434 0.273631 0.622047 0.450184 0.511874 0.769745 0.0703594 0.111321 0.654573 0.889897 0.937342 0.284498 0.680686 0.0157363 0.542061 0.616496 0.912896 0.210179 0.0757357 0.284019 0.147768 0.00138139 0.138039 0.386377 0.305499 0.5643 0.180117 1.7561e-05 0.42615 0.869009 0.437854 0.291584 0.14264 0.0599003 0.741768 0.654515 
36 53 51 54 45 43 
0.703177 0.768716 0.38271 0.718914 0.310777 0.999207 0.63181 0.520956 0.0749425 0.915829 0.668724 0.0763239 0.0538684 0.0551011 0.381823 0.618168 0.235218 0.381841 0.0443179 0.104227 0.819694 0.335901 0.246867 0.879595 0.0776691 0.901382 0.70924 0.889796 0.667218 0.193459 0.59182 0.370395 0.962176 0.974531 0.0893083 0.272953 0.973738 0.721118 0.793909 0.04868 0.636947 0.462634 0.125004 0.690815 0.517735 0.506827 0.308983 0.752953 0.888668 0.353301 0.85718 0.708362 0.689203 0.104047 0.587957 0.766872 0.00542877 0.297197 0.656668 0.672646 0.490656 0.248488 0.0430411 0.452832 
37 8 43 5 29 49 
0.519694 0.245437 0.490414 0.982328 0.37044 0.18123 0.500063 0.877267 0.490213 0.253016 0.765935 0.843514 0.110195 0.474297 0.532717 0.214242 0.0622537 0.299589 0.219671 0.359451 0.956256 0.892317 0.850107 0.204745 0.935358 0.302939 0.427764 0.0677074 0.0287236 0.62452 0.921175 0.548418 0.869957 0.411589 0.530746 0.240397 0.592818 0.0308089 0.117664 0.0830313 0.283824 0.8836 0.926545 0.394019 0.357897 0.459262 0.608261 0.42015 0.758851 0.827932 0.779601 0.715107 0.720249 0.629708 0.919852 0.655607 0.932646 0.347615 0.723314 0.96137 0.972135 0.644489 0.509788 0.842092 
38 49 45 35 20 31 
0.200153 0.731928 0.355167 0.0837528 0.658473 0.749186 0.441649 0.117735 0.357448 0.8618 0.876586 0.18538 0.6414 0.591693 0.905629 0.271108 0.511545 0.561236 0.203754 0.85916 0.28455 0.165124 0.831295 0.929039 0.674912 0.673387 0.985118 0.715446 0.755875 0.634014 0.786788 0.956029 0.365942 0.141955 0.0397816 0.0244152 0.891142 0.481431 0.142151 0.248589 0.34323 0.0187367 0.433969 0.984631 0.61043 0.339598 0.255739 0.121974 0.900834 0.459493 0.981134 0.185384 0.624617 0.812429 0.114423 0.299529 0.485816 0.099541 0.0149747 0.241691 0.733555 0.801763 0.19772 0.099497 
39 33 17 6 10 5 
0.266063 0.0834493 0.062163 0.284799 0.517418 0.0467937 0.895229 0.857016 0.302532 0.0172037 0.75785 0.762025 0.998338 0.943234 0.386643 0.810767 0.0576578 0.686172 0.296583 0.157199 0.701146 0.538274 0.890754 0.502909 0.735994 0.990251 0.446628 0.973496 0.114163 0.281488 0.692428 0.380226 0.364937 0.754591 0.665025 0.882355 0.801385 0.560254 0.739372 0.103917 0.577458 0.497222 0.865943 0.575796 0.440456 0.252585 0.386563 0.498114 0.938757 0.683146 0.655313 0.639903 0.221419 0.546067 0.142812 0.957413 0.536317 0.58944 0.930909 0.65048 0.870927 0.623337 0.0307058 0.235864 
40 31 0 14 22 57 
0.857592 0.28323 0.833443 0.354814 0.149173 0.409239 0.79527 0.401758 0.795802 0.293384 0.340514 0.478947 0.948697 0.980417 0.700367 0.494764 0.12323 0.65778 0.031081 0.712669 0.588689 0.681561 0.583597 0.212026 0.712267 0.819461 0.589954 0.407998 0.937681 0.769267 0.663983 0.795272 0.0524973 0.497426 0.150086 0.20167 0.906665 0.945356 0.603428 0.702467 0.23874 0.943942 0.181414 0.187437 0.92436 0.881781 0.682201 0.0475891 0.539561 0.713282 0.760258 0.12825 0.394843 0.343855 0.340277 0.10711 0.163316 0.930231 0.515108 0.100997 0.699498 0.179091 0.89627 0.751995 
41 8 34 39 43 50 
0.557093 0.285649 0.230453 0.501036 0.467063 0.41789 0.425395 0.348844 0.100091 0.472984 0.888405 0.813373 0.233243 0.0166556 0.208216 0.577098 0.356932 0.315326 0.740414 0.287163 0.830434 0.841412 0.986661 0.00952461 0.737682 0.738657 0.686041 0.784038 0.692322 0.269223 0.77575 0.249415 0.554872 0.00620237 0.750451 0.0219349 0.424092 0.175846 0.370779 0.524183 0.64883 0.259184 0.337556 0.882073 0.27584 0.545772 0.459171 0.632772 0.861099 0.199585 0.919935 0.691533 0.0409969 0.906596 0.701057 0.778679 0.645253 0.387099 0.562716 0.337575 0.656322 0.338466 0.58699 0.211194 
42 35 19 30 27 15 
0.603907 0.292944 0.162117 0.863092 0.6305 0.0441902 0.138931 0.176273 0.503361 0.771703 0.0373714 0.702946 0.691638 0.728904 0.743943 0.598234 0.429961 0.522621 0.243487 0.81706 0.0853375 0.581062 0.473381 0.423803 0.168053 0.684575 0.768472 0.505494 0.917703 0.537233 0.0187813 0.521611 0.830176 0.180899 0.384702 0.460677 0.225089 0.523634 0.636949 0.72845 0.295337 0.674321 0.431396 0.986975 0.403225 0.175339 0.58521 0.833186 0.69796 0.828697 0.650246 0.783297 0.409759 0.123627 0.207101 0.577811 0.808202 0.975573 0.0833053 0.725905 0.512805 0.102087 0.247516 0.342982 
43 8 49 10 18 47 
0.236524 0.451188 0.114929 0.66792 0.438164 0.518154 0.843258 0.0233731 0.351339 0.541218 0.85207 0.00158496 0.324516 0.261829 0.125212 0.531616 0.83964 0.933414 0.507189 0.922945 0.659319 0.0199945 0.025032 0.906834 0.362976 0.308017 0.539052 0.166635 0.816092 0.694904 0.607243 0.0526156 0.146092 0.722171 0.720535 0.584256 0.240325 0.563794 0.607629 0.591664 0.105012 0.459699 0.593249 0.429527 0.721528 0.718461 0.961144 0.561168 0.651875 0.468333 0.484113 0.311193 0.488328 0.509146 0.218028 0.851304 0.817163 0.75708 0.0179384 0.633254 0.451984 0.625181 0.68587 0.598076 
44 46 19 38 17 49 
0.0752109 0.249661 0.77259 0.504738 0.971189 0.491051 0.465882 0.532357 0.142926 0.934216 0.0164701 0.454119 0.422543 0.525616 0.672147 0.273847 0.342778 0.429227 0.291785 0.976033 0.881211 0.916966 0.661903 0.479287 0.264319 0.0683083 0.66162 0.851995 0.0385074 0.451582 0.0313367 0.113718 0.701242 0.803927 0.618457 0.672431 0.294978 0.084339 0.204788 0.437904 0.0185546 0.221258 0.892023 0.441098 0.746873 0.56417 0.714945 0.0896517 0.993397 0.00673008 0.0656846 0.874608 0.923696 0.727587 0.353895 0.188015 0.795896 0.0155154 0.0400104 0.834403 0.467097 0.0713471 0.948121 0.168339 
45 37 40 14 43 34 
0.0455581 0.608157 0.669472 0.266816 0.50018 0.110569 0.013689 0.0643506 0.825514 0.103341 0.0577478 0.832244 0.169025 0.932356 0.755941 0.896613 0.286251 0.943955 0.692509 0.301767 0.983966 0.526912 0.768864 0.0553129 0.475033 0.937203 0.930587 0.0416112 0.777974 0.10084 0.692528 0.823532 0.708996 0.362 0.0903473 0.209177 0.47257 0.104036 0.273527 0.298084 0.207377 0.331275 0.130328 0.376402 0.263631 0.886269 0.273015 0.549882 0.830224 0.965524 0.851649 0.81419 0.492435 0.620513 0.869503 0.967469 0.557716 0.80009 0.00907973 0.33569 0.90093 0.701608 0.159221 0.609926 
46 50 29 9 4 30 
0.0926299 0.834262 0.560982 0.423905 0.96459 0.937384 0.687536 0.850858 0.2104 0.237419 0.681082 0.175923 0.0890677 0.495272 0.668359 0.709581 0.364775 0.635827 0.267297 0.164865 0.644907 0.602986 0.0657948 0.346515 0.762207 0.675721 0.410123 0.0117757 0.494823 0.946301 0.36538 0.587453 0.780563 0.926362 0.0113583 0.745152 0.863747 0.698894 0.596011 0.0741463 0.936313 0.277093 0.25007 0.0253807 0.772365 0.918428 0.734961 0.137141 0.554255 0.00225799 0.302006 0.199162 0.605244 0.367801 0.545677 0.367451 0.0435215 0.955801 0.379227 0.538345 0.902102 0.744608 0.125798 0.682665 
47 51 35 37 42 22 
0.0238274 0.608863 0.772364 0.30092 0.858933 0.797744 0.0732857 0.777361 0.532706 0.210426 0.331616 0.534964 0.512432 0.530779 0.140208 0.880233 0.0764562 0.507659 0.923755 0.0322569 0.886886 0.4621 0.934359 0.631494 0.587898 0.617023 0.302464 0.725054 0.0448401 0.837181 0.561104 0.0686676 0.446044 0.333468 0.369588 0.304976 0.131212 0.442874 0.0823372 0.663918 0.6533 0.413953 0.198881 0.165733 0.944732 0.339089 0.0459657 0.0211883 0.846748 0.96972 0.0534452 0.733635 0.43182 0.987804 0.365129 0.0197175 0.604827 0.667593 0.744771 0.649667 0.504773 0.305876 0.718335 0.950817 
48 52 49 20 14 28 
0.434474 0.184097 0.752084 0.633355 0.349829 0.696816 0.972444 0.395795 0.718005 0.819193 0.365515 0.77145 0.552827 0.797335 0.759254 0.917956 0.817053 0.364081 0.585548 0.561824 0.0137483 0.0903216 0.8677 0.732083 0.0411386 0.507044 0.820006 0.296932 0.2776 0.350803 0.635062 0.712073 0.534899 0.387146 0.345428 0.884729 0.0839625 0.317873 0.280524 0.801967 0.137065 0.646039 0.573417 0.689892 0.443375 0.33267 0.607848 0.260428 0.696751 0.193397 0.822252 0.7105 0.283718 0.689952 0.442583 0.324857 0.196996 0.262589 0.621789 0.474595 0.613392 0.256851 0.186669 0.148291 
49 13 29 30 15 14 
0.313544 0.529927 0.987035 0.959583 0.103344 0.676927 0.402958 0.436014 0.284775 0.663385 0.132766 0.478172 0.485637 0.843265 0.76189 0.175589 0.285848 0.0867468 0.372585 0.548438 0.708535 0.84718 0.16183 0.965386 0.0338489 0.310121 0.609384 0.565946 0.343141 0.337344 0.415916 0.656685 0.867271 0.402951 0.616268 0.970615 0.0798779 0.0192258 0.406629 0.364653 0.682611 0.539395 0.842825 0.168248 0.38266 0.604715 0.343837 0.668509 0.691462 0.716422 0.216946 0.399997 0.563602 0.378776 0.365384 0.597451 0.688897 0.974768 0.163397 0.0320381 0.312112 0.579313 0.688723 0.179382 
50 20 42 47 2 29 
0.556626 0.426795 0.00682812 0.0960209 0.26962 0.175076 0.478681 0.874335 0.518914 0.14719 0.565797 0.235336 0.364136 0.965795 0.798938 0.742912 0.331178 0.39639 0.431809 0.305946 0.559787 0.463847 0.618058 0.1391 0.15257 0.79744 0.121364 0.457561 0.947438 0.183505 0.781778 0.504064 0.6103 0.788606 0.600085 0.87992 0.963683 0.0787658 0.754255 0.482597 0.225956 0.320052 0.717933 0.590092 0.285847 0.516871 0.333004 0.617025 0.913261 0.764812 0.922971 0.473048 0.228659 0.541029 0.612148 0.381229 0.338469 0.733512 0.83879 0.285907 0.917017 0.620569 0.789971 0.527316 
51 48 10 5 33 6 
0.161491 0.855455 0.694777 0.481543 0.573387 0.284868 0.767389 0.0902583 0.617872 0.384414 0.00351913 0.382684 0.307386 0.476567 0.611343 0.848415 0.0887151 0.992573 0.186884 0.822227 0.831363 0.472791 0.739243 0.451932 0.262762 0.26656 0.861107 0.652817 0.673796 0.233965 0.121638 0.835287 0.0894196 0.816415 0.316829 0.662807 0.101283 0.0842188 0.753065 0.719155 0.468633 0.756584 0.10184 0.776019 0.233151 0.713183 0.624433 0.321866 0.705756 0.811318 0.144093 0.537119 0.284109 0.883336 0.98905 0.54687 0.149896 0.850157 0.199688 0.823692 0.084122 0.321326 0.658979 0.173542 
52 45 26 25 18 32 
0.52866 0.345998 0.0600188 0.304679 0.579149 0.773202 0.929112 0.901015 0.478957 0.74043 0.0451082 0.0160759 0.0245389 0.928445 0.00512609 0.571409 0.0783409 0.855283 0.771097 0.902033 0.939405 0.0924226 0.561012 0.112947 0.230163 0.53682 0.949295 0.469187 0.596847 0.538708 0.427366 0.125507 0.884706 0.487385 0.430186 0.463855 0.260587 0.359299 0.36487 0.739544 0.0997288 0.409978 0.75562 0.124268 0.338423 0.760746 0.695677 0.416764 0.61603 0.466774 0.318797 0.555435 0.559196 0.879808 0.668381 0.78936 0.416628 0.617676 0.258547 0.0134755 0.156385 0.685913 0.138983 0.041091 
53 52 9 23 22 34 
0.869816 0.173429 0.0281964 0.279794 0.92905 0.152464 0.618217 0.689796 0.848141 0.034981 0.305826 0.314915 0.353778 0.86126 0.874111 0.233586 0.529642 0.663471 0.650215 0.147318 0.922018 0.66369 0.303703 0.607931 0.802673 0.344794 0.781229 0.371842 0.84974 0.215114 0.30031 0.719556 0.388543 0.328506 0.99935 0.317593 0.48097 0.617567 0.00738897 0.329111 0.652548 0.313215 0.644026 0.006326 0.174475 0.518138 0.239912 0.704117 0.181609 0.890127 0.851435 0.103626 0.553817 0.155138 0.711557 0.35649 0.499932 0.492786 0.728332 0.349671 0.707899 0.0286417 0.0692272 0.0964426 
54 4 21 28 19 34 
0.421424 0.167229 0.338693 0.734639 0.811255 0.345019 0.909114 0.329393 0.584931 0.61323 0.511002 0.475058 0.464665 0.614628 0.0288752 0.619803 0.326185 0.385365 0.119734 0.818971 0.113698 0.469406 0.52687 0.142339 0.538633 0.623313 0.499487 0.60721 0.037348 0.337605 0.293355 0.458772 0.504834 0.632047 0.193411 0.316089 0.977066 0.102525 0.645482 0.561997 0.715756 0.156484 0.0370549 0.180421 0.771112 0.0659301 0.800224 0.0972966 0.451296 0.919958 0.916267 0.564993 0.389364 0.443137 0.707332 0.927997 0.0664497 0.206819 0.535207 0.103798 0.544424 0.828562 0.56257 0.0492581 
55 38 34 28 56 44 
0.0108292 0.999672 0.574263 0.167313 0.036727 0.754683 0.938425 0.102657 0.554907 0.0357211 0.553953 0.474865 0.951988 0.118946 0.864229 0.395125 0.826278 0.792226 0.461575 0.0330979 0.327433 0.565373 0.577522 0.155995 0.127943 0.62678 0.616604 0.883924 0.992127 0.0542796 0.742431 0.00295666 0.0539517 0.316694 0.17027 0.0906788 0.0713773 0.108694 0.193336 0.626284 0.144415 0.747289 0.10115 0.0964034 0.866235 0.965379 0.491529 0.692513 0.757605 0.953104 0.725611 0.0850377 0.518477 0.303133 0.241033 0.646419 0.929913 0.857637 0.530344 0.922041 0.911917 0.272775 0.924997 0.965868 
56 35 34 5 18 51 
0.249883 0.28713 0.348376 0.997172 0.38828 0.444779 0.863406 0.353658 0.936308 0.555919 0.111263 0.889412 0.28153 0.196301 0.407888 0.584663 0.437333 0.0543078 0.514576 0.294971 0.584651 0.436617 0.206887 0.857426 0.361614 0.172756 0.446895 0.456881 0.229303 0.107741 0.660842 0.479186 0.394871 0.00921801 0.476358 0.783151 0.453997 0.339764 0.13681 0.390306 0.895683 0.248073 0.279718 0.177213 0.444373 0.687606 0.761876 0.881707 0.741914 0.276453 0.176677 0.326565 0.713069 0.383565 0.183992 0.0746835 0.55632 0.630887 0.531565 0.785623 0.738628 0.192406 0.264809 0.133499 
57 5 27 36 53 35 
0.976615 0.301533 0.325645 0.153828 0.745906 0.0132513 0.915704 0.627613 0.755165 0.192157 0.804291 0.0817306 0.905226 0.187856 0.265722 0.97991 0.744176 0.896609 0.511474 0.529799 0.635237 0.703881 0.794608 0.768737 0.905505 0.535775 0.685387 0.561127 0.616707 0.738848 0.607055 0.593321 0.0403806 0.9327 0.747149 0.786287 0.945951 0.662853 0.4139 0.701116 0.85501 0.218191 0.782847 0.760237 0.406047 0.0485694 0.740146 0.150223 0.945179 0.251621 0.680022 0.580416 0.955501 0.47463 0.349152 0.861007 0.0104057 0.0345395 0.422134 0.627112 0.773387 0.0291883 0.220433 0.813768 
