54 6
1 0 0 0 0 1 1 1 0 0 0 0 0 1 0 0 1 0 0 0 0 0 0 1 0 0 1 1 1 1 0 1 0 0 1 1 0 1 1 1 0 1 1 1 1 0 0 1 1 1 0 0 1 1 
0 14 11 8 28 17 
0.786856 0.452628 0.538454 0.334621 0.725847 0.374462 0.488152 0.51611 0.652245 0.90823 0.718061 0.66572 0.164387 0.0578628 0.730719 0.156552 0.932883 0.386125 0.57361 0.020707 0.734899 0.301451 0.807756 0.606132 0.410132 0.224205 0.384106 0.00657963 0.959863 0.815474 0.976595 0.746719 0.268102 0.51505 0.0813401 0.993949 0.889512 0.569492 0.510059 0.541757 0.477722 0.22812 0.207476 0.64211 0.285983 0.938196 0.798662 0.218866 0.324321 0.372271 0.239573 0.05922 0.673722 0.0473293 0.665352 0.083854 0.271534 0.0494582 0.0904336 0.231397 0.864933 0.0670289 0.978116 0.133035 
1 5 20 36 6 37 
0.0133471 0.106671 0.865163 0.220824 0.74878 0.151146 0.159019 0.547442 0.370012 0.48334 0.919713 0.609585 0.54256 0.593435 0.656914 0.207912 0.677289 0.928449 0.25737 0.767723 0.159846 0.122303 0.834752 0.137962 0.255337 0.41683 0.197418 0.382321 0.888421 0.826367 0.0193633 0.901768 0.933037 0.884526 0.122591 0.681818 0.0356714 0.281611 0.22926 0.405683 0.764951 0.148973 0.015268 0.307511 0.742408 0.672182 0.515423 0.419698 0.600631 0.772793 0.187421 0.760477 0.895095 0.0221728 0.898439 0.150433 0.439003 0.095857 0.532754 0.327424 0.922224 0.552117 0.229192 0.855261 
2 24 17 25 39 12 
0.877997 0.398345 0.915312 0.893265 0.705856 0.65772 0.565447 0.221278 0.0774181 0.166078 0.994071 0.264839 0.926555 0.889167 0.287012 0.824994 0.0395994 0.726015 0.920851 0.572353 0.053439 0.843074 0.12447 0.282631 0.698335 0.561112 0.634414 0.235414 0.0334265 0.267808 0.00175325 0.911424 0.666153 0.917065 0.804689 0.372009 0.574785 0.370136 0.593288 0.652203 0.536215 0.587359 0.917042 0.46277 0.476526 0.204054 0.287763 0.516125 0.930069 0.208614 0.0884778 0.983508 0.0516883 0.212948 0.266139 0.750024 0.77406 0.900553 0.985438 0.807487 0.168362 0.987191 0.71891 0.834515 
3 25 26 10 50 8 
0.799812 0.131245 0.42995 0.387171 0.0482878 0.89272 0.863696 0.252342 0.180483 0.379821 0.182411 0.389097 0.468299 0.165919 0.440785 0.681247 0.432058 0.190809 0.455307 0.332611 0.176247 0.262793 0.500973 0.163439 0.981703 0.335488 0.0676951 0.505302 0.542012 0.546737 0.399038 0.341824 0.677983 0.828988 0.728995 0.72627 0.721708 0.592691 0.978612 0.902191 0.972512 0.161023 0.291288 0.440811 0.326942 0.732073 0.122058 0.759 0.922882 0.577365 0.0916107 0.0991291 0.840158 0.592583 0.262568 0.821861 0.928071 0.330263 0.327163 0.470083 0.877 0.726201 0.811907 0.554983 
4 5 1 41 6 38 
0.179088 0.106105 0.420888 0.470375 0.546917 0.74783 0.202448 0.668975 0.50683 0.12533 0.246339 0.59844 0.224459 0.086497 0.191024 0.487027 0.908358 0.119095 0.81729 0.235521 0.589178 0.69429 0.961722 0.401085 0.249272 0.516911 0.941987 0.530525 0.793808 0.0755798 0.79039 0.972896 0.181685 0.211278 0.443272 0.728602 0.959108 0.64572 0.397577 0.465938 0.77105 0.643916 0.0643786 0.99551 0.730413 0.255402 0.482537 0.638771 0.374497 0.299827 0.874292 0.963675 0.994117 0.836014 0.36476 0.243389 0.352926 0.306747 0.773915 0.146734 0.382327 0.564305 0.11963 0.564012 
5 8 43 47 28 16 
0.690191 0.20063 0.979672 0.334107 0.265009 0.975182 0.0645206 0.520411 0.457719 0.703292 0.894908 0.757546 0.577584 0.858583 0.751663 0.413598 0.223343 0.995052 0.766524 0.53009 0.768967 0.913258 0.912417 0.333272 0.0328883 0.476429 0.108856 0.59579 0.769042 0.843547 0.804412 0.459233 0.0441773 0.784085 0.793341 0.309186 0.759267 0.857861 0.829597 0.216986 0.561153 0.724505 0.974533 0.138737 0.583088 0.726196 0.552335 0.806432 0.721248 0.318859 0.336522 0.490215 0.232117 0.248939 0.823488 0.265005 0.725367 0.932343 0.860796 0.49441 0.77589 0.665208 0.953643 0.820068 
6 22 25 38 43 11 
0.95885 0.425547 0.165998 0.683355 0.400079 0.304734 0.266444 0.126275 0.857069 0.0728755 0.847523 0.175928 0.409397 0.337739 0.408045 0.658336 0.161226 0.67305 0.383703 0.0935693 0.533846 0.878113 0.86946 0.199054 0.831756 0.689527 0.648347 0.57874 0.818781 0.856907 0.183584 0.777631 0.282453 0.349582 0.460987 0.682532 0.654316 0.72743 0.808807 0.511386 0.800306 0.656331 0.687314 0.209703 0.994069 0.0953589 0.868039 0.155296 0.768409 0.251743 0.248865 0.302255 0.129856 0.118325 0.501309 0.961612 0.807852 0.149656 0.540351 0.626633 0.0065623 0.723936 0.404264 0.289016 
7 42 4 35 39 2 
0.780356 0.239219 0.392987 0.436686 0.926533 0.602691 0.430756 0.0218918 0.47073 0.586051 0.790301 0.722473 0.834916 0.0925561 0.852329 0.953241 0.593865 0.813941 0.761093 0.743521 0.354292 0.387726 0.750083 0.0782276 0.79199 0.0390984 0.151745 0.657241 0.0106465 0.879579 0.249923 0.791002 0.118798 0.64291 0.227688 0.0453304 0.245601 0.658444 0.0672222 0.716331 0.244495 0.857523 0.438804 0.0794116 0.950079 0.291132 0.0326525 0.543944 0.105073 0.793745 0.287465 0.459365 0.181471 0.0375478 0.537592 0.973461 0.0766462 0.689337 0.630703 0.0872927 0.568916 0.880626 0.878295 0.687713 
8 38 7 42 52 13 
0.800266 0.485467 0.00892243 0.657789 0.924271 0.088334 0.607869 0.215403 0.120986 0.151813 0.320476 0.914732 0.439278 0.779841 0.0962031 0.476826 0.317433 0.0696645 0.553472 0.00677059 0.700367 0.640764 0.575686 0.580993 0.519059 0.2634 0.104529 0.625042 0.996444 0.873665 0.389469 0.79671 0.359133 0.398392 0.454499 0.283404 0.486726 0.0623676 0.498807 0.607712 0.214181 0.819283 0.522444 0.653458 0.599124 0.618647 0.130284 0.916557 0.688312 0.683756 0.923328 0.388679 0.32452 0.499014 0.969672 0.84358 0.762414 0.0742007 0.468622 0.758858 0.947866 0.858091 0.555568 0.306999 
9 7 3 41 27 44 
0.286615 0.908492 0.873365 0.940073 0.507616 0.492012 0.0703573 0.424174 0.180324 0.754113 0.347502 0.569003 0.0786335 0.846516 0.538675 0.922213 0.60893 0.612875 0.390835 0.367788 0.560741 0.248926 0.923356 0.86774 0.505409 0.933422 0.458142 0.248617 0.00585651 0.547351 0.599538 0.292471 0.455843 0.472903 0.232545 0.96346 0.964915 0.302902 0.387633 0.145238 0.0570151 0.735135 0.714241 0.135649 0.581651 0.252916 0.0578617 0.190582 0.865791 0.448696 0.55837 0.426532 0.697622 0.481726 0.294272 0.203031 0.415148 0.752414 0.451648 0.421005 0.299765 0.0511858 0.713476 0.755609 
10 47 15 8 7 25 
0.634241 0.305938 0.841837 0.348482 0.441586 0.423488 0.601398 0.499448 0.61407 0.467189 0.948144 0.17244 0.893722 0.645767 0.654166 0.187994 0.848798 0.0693139 0.940408 0.300446 0.490318 0.240173 0.351631 0.203794 0.995782 0.87572 0.149815 0.71485 0.364723 0.398737 0.821552 0.998964 0.704675 0.663389 0.347447 0.146261 0.0868773 0.948845 0.645709 0.700947 0.416034 0.593853 0.873388 0.309756 0.23962 0.527554 0.497749 0.0884173 0.596867 0.438158 0.388863 0.0871858 0.678331 0.740494 0.29098 0.674113 0.616214 0.440795 0.388963 0.980937 0.839532 0.210514 0.979901 0.544207 
11 38 50 24 29 46 
0.336176 0.661728 0.692226 0.930029 0.535116 0.00198211 0.169649 0.0626692 0.499732 0.258066 0.659537 0.937889 0.646929 0.746722 0.61622 0.387423 0.0377025 0.290332 0.00363721 0.478497 0.679295 0.984574 0.318029 0.889809 0.964475 0.862236 0.763713 0.291823 0.552703 0.724493 0.568015 0.888879 0.386221 0.260242 0.818908 0.921337 0.262224 0.988557 0.984006 0.761956 0.246623 0.643543 0.699845 0.893552 0.390265 0.316065 0.280975 0.427968 0.606397 0.284612 0.906465 0.285692 0.269186 0.224494 0.175501 0.233662 0.0867303 0.939214 0.525485 0.639434 0.663707 0.0935001 0.528313 0.0499288 
12 36 38 28 49 15 
0.955272 0.377922 0.582401 0.598815 0.0777662 0.475953 0.98908 0.393831 0.756928 0.417048 0.000227707 0.0415407 0.323513 0.28592 0.310727 0.548007 0.461421 0.544389 0.634738 0.400635 0.0698736 0.274171 0.0643426 0.163374 0.802484 0.114271 0.517116 0.149705 0.0855371 0.133081 0.485483 0.0408091 0.511003 0.0678842 0.639624 0.588769 0.543837 0.628704 0.9826 0.300766 0.0457514 0.982828 0.342306 0.369264 0.268747 0.653033 0.917271 0.730168 0.197422 0.552009 0.130804 0.267296 0.82618 0.195146 0.43067 0.628664 0.309417 0.947785 0.778369 0.394955 0.0808666 0.263852 0.435764 0.59187 
13 47 16 48 32 40 
0.163239 0.176339 0.749843 0.146067 0.518645 0.119107 0.414814 0.171679 0.0363782 0.144982 0.369101 0.588387 0.275786 0.636397 0.414567 0.470932 0.0670669 0.0432315 0.780349 0.014852 0.821601 0.175304 0.0957186 0.0854527 0.611068 0.687588 0.417189 0.686455 0.868227 0.292763 0.390546 0.0314658 0.469102 0.140389 0.177532 0.987747 0.259496 0.592346 0.159426 0.295874 0.737329 0.528528 0.884261 0.0131144 0.164925 0.298829 0.484046 0.231992 0.34206 0.264396 0.246844 0.163661 0.4397 0.342562 0.249113 0.0507677 0.0301505 0.666302 0.737223 0.898378 0.959065 0.127769 0.929843 0.428167 
14 16 36 25 47 18 
0.57534 0.823528 0.437051 0.103868 0.70779 0.450165 0.268793 0.00661811 0.934211 0.500784 0.348678 0.198607 0.747628 0.512339 0.638307 0.0901906 0.761452 0.689075 0.120341 0.427754 0.426298 0.0187187 0.386819 0.554067 0.948562 0.814986 0.822226 0.0559379 0.2309 0.34988 0.75566 0.80624 0.173408 0.192711 0.910108 0.881198 0.642876 0.1789 0.887816 0.577087 0.679685 0.236494 0.775694 0.427313 0.748833 0.414002 0.517504 0.510285 0.103076 0.637845 0.938039 0.529374 0.656564 0.324859 0.0834415 0.605126 0.139844 0.905667 0.661064 0.370744 0.255547 0.416724 0.176984 0.428956 
15 14 26 9 2 13 
0.829397 0.945677 0.434464 0.605092 0.37299 0.183297 0.0190933 0.890494 0.693582 0.12217 0.528339 0.631622 0.651544 0.184902 0.95648 0.734985 0.790028 0.0963248 0.640653 0.451091 0.467069 0.8962 0.867815 0.644053 0.325156 0.477249 0.731145 0.63531 0.729559 0.997137 0.83328 0.558956 0.942814 0.267744 0.164048 0.315804 0.451042 0.183141 0.206298 0.144624 0.305311 0.734636 0.776246 0.956855 0.919538 0.732726 0.69184 0.709566 0.829051 0.332493 0.160657 0.29612 0.228693 0.028472 0.940173 0.553849 0.505721 0.671318 0.189159 0.23528 0.668455 0.0224387 0.794236 0.61127 
16 25 5 28 14 29 
0.133372 0.885848 0.446735 0.868008 0.662094 0.40359 0.787547 0.39482 0.0954303 0.497113 0.223871 0.427923 0.65777 0.519991 0.656616 0.686242 0.460164 0.210465 0.191963 0.131482 0.399624 0.427242 0.799938 0.422063 0.221478 0.411207 0.712246 0.179762 0.338281 0.45347 0.321186 0.471653 0.339318 0.767921 0.339661 0.00141252 0.171511 0.127208 0.396233 0.266942 0.62432 0.620104 0.694865 0.28209 0.140095 0.351481 0.968332 0.600259 0.561946 0.160295 0.731741 0.96157 0.587537 0.531679 0.383633 0.809015 0.942887 0.095879 0.988777 0.281168 0.549349 0.309963 0.752821 0.888668 
17 13 32 21 50 2 
0.516338 0.84401 0.906417 0.211202 0.1261 0.0465113 0.562683 0.0944319 0.64677 0.12463 0.254727 0.378512 0.0862002 0.842264 0.910191 0.469833 0.651279 0.853078 0.565713 0.640056 0.134246 0.115062 0.950019 0.887067 0.00372946 0.0279038 0.979549 0.89381 0.2773 0.199238 0.180123 0.793637 0.0432482 0.0865391 0.00483963 0.169348 0.13305 0.567523 0.26378 0.779821 0.692153 0.518507 0.158333 0.778353 0.360771 0.0685237 0.248187 0.01205 0.921602 0.813899 0.652106 0.0558475 0.928961 0.602126 0.942914 0.93269 0.630029 0.922463 0.8265 0.907329 0.121702 0.00662254 0.700966 0.16495 
18 27 22 47 11 19 
0.598078 0.00603294 0.965482 0.116584 0.164366 0.743835 0.477355 0.232889 0.992022 0.489405 0.154491 0.805921 0.141511 0.210338 0.734882 0.743637 0.153253 0.667572 0.373666 0.0757157 0.494072 0.280996 0.197417 0.500694 0.981962 0.362367 0.593856 0.687768 0.696665 0.820068 0.961097 0.294742 0.826101 0.926579 0.411327 0.990467 0.670414 0.888682 0.223356 0.662436 0.378087 0.377847 0.468357 0.519599 0.588185 0.203238 0.263235 0.741437 0.87081 0.636902 0.817153 0.364882 0.917898 0.0145703 0.865577 0.89986 0.376937 0.459433 0.587628 0.0736019 0.279501 0.548725 0.368344 0.105602 
19 43 26 20 52 18 
0.319425 0.808155 0.0464406 0.697272 0.276512 0.566039 0.285456 0.47975 0.829275 0.0268938 0.350561 0.466177 0.844047 0.715443 0.384074 0.858617 0.581019 0.283934 0.235554 0.0404523 0.871561 0.309156 0.319953 0.420286 0.677501 0.425556 0.895591 0.457172 0.521625 0.0413094 0.125526 0.841049 0.849464 0.171966 0.538321 0.125976 0.738005 0.823777 0.605726 0.56728 0.850671 0.956287 0.0334565 0.694718 0.671729 0.417531 0.553335 0.252749 0.701464 0.78889 0.293201 0.573025 0.0980459 0.613154 0.993312 0.775547 0.0387101 0.888902 0.232719 0.560335 0.930212 0.358244 0.401384 0.779676 
20 1 39 11 28 0 
0.835496 0.614153 0.467664 0.868952 0.308871 0.139394 0.286483 0.862206 0.392143 0.987947 0.651096 0.685344 0.560972 0.749142 0.298498 0.554284 0.524688 0.337209 0.443186 0.757407 0.897543 0.373398 0.115651 0.298927 0.153074 0.645861 0.238632 0.0587258 0.914077 0.00211385 0.570104 0.749573 0.616267 0.0377682 0.618525 0.925138 0.177162 0.905008 0.787344 0.569305 0.892955 0.43844 0.254649 0.453927 0.187582 0.553147 0.00821113 0.71227 0.890356 0.451398 0.469677 0.787899 0.824796 0.585328 0.0868259 0.97787 0.23119 0.325458 0.0365954 0.145267 0.327572 0.606699 0.89484 0.943839 
21 33 39 29 22 45 
0.656321 0.390934 0.311327 0.0947613 0.645583 0.765254 0.282343 0.19873 0.773465 0.994614 0.0890862 0.224863 0.464291 0.876985 0.0496586 0.0496193 0.963811 0.0275282 0.280809 0.289269 0.0641237 0.426076 0.61684 0.670823 0.320916 0.560679 0.31529 0.834281 0.429655 0.136919 0.252653 0.0859763 0.527854 0.563981 0.180738 0.173437 0.329235 0.463081 0.372167 0.1027 0.457695 0.461253 0.327563 0.921985 0.338238 0.377222 0.971605 0.302049 0.40475 0.252414 0.591318 0.468874 0.67849 0.208158 0.139696 0.999406 0.768837 0.454986 0.833687 0.198492 0.591906 0.08634 0.284468 0.11976 
22 45 3 30 41 39 
0.665364 0.0822555 0.385981 0.126617 0.409819 0.307967 0.464855 0.78704 0.279571 0.766905 0.19179 0.531985 0.358223 0.660664 0.210475 0.566381 0.80036 0.209881 0.335218 0.255346 0.0435677 0.53371 0.847252 0.129908 0.818178 0.967012 0.780228 0.283384 0.260208 0.759784 0.211671 0.925572 0.842039 0.597652 0.0521886 0.251858 0.905619 0.517044 0.038898 0.185191 0.283949 0.230688 0.717176 0.642172 0.891352 0.927651 0.208552 0.691711 0.137532 0.54377 0.947058 0.1811 0.0774797 0.79431 0.311008 0.895658 0.761322 0.091236 0.179042 0.0215296 0.85102 0.390713 0.947101 0.693059 
23 6 9 18 41 31 
0.983815 0.0791755 0.800283 0.214503 0.796352 0.442454 0.105855 0.724003 0.651007 0.797566 0.861535 0.194777 0.744624 0.0426349 0.272256 0.538934 0.353643 0.167914 0.300255 0.444879 0.346956 0.321785 0.295898 0.737669 0.268886 0.988957 0.726034 0.268176 0.933874 0.620019 0.78451 0.917689 0.699195 0.584793 0.132192 0.495546 0.0272468 0.238047 0.219549 0.678253 0.0356128 0.0810838 0.87303 0.780237 0.123719 0.145287 0.31917 0.477361 0.313201 0.619425 0.92224 0.660157 0.94121 0.218138 0.397826 0.210096 0.207096 0.12386 0.478272 0.14097 0.743879 0.262782 0.0586591 0.443074 
24 43 39 7 4 15 
0.158169 0.553075 0.464511 0.239253 0.426105 0.244747 0.362971 0.571391 0.563918 0.840333 0.884592 0.183343 0.762572 0.544749 0.124553 0.980711 0.942575 0.334649 0.187806 0.0664348 0.812921 0.328776 0.810314 0.0757032 0.387435 0.253388 0.923278 0.578287 0.192008 0.798099 0.00718462 0.350176 0.351174 0.471696 0.589429 0.777279 0.716443 0.9524 0.34867 0.280361 0.792733 0.233262 0.463704 0.555306 0.778011 0.588257 0.536016 0.720585 0.922906 0.723823 0.78702 0.735827 0.0525988 0.597334 0.811531 0.440034 0.850722 0.734808 0.0183206 0.0427295 0.532907 0.0255052 0.392906 0.884081 
25 38 13 20 3 41 
0.494004 0.727469 0.243291 0.957708 0.282774 0.0213019 0.545965 0.818791 0.741887 0.468871 0.542613 0.528907 0.204698 0.595212 0.126241 0.0162288 0.0352459 0.976963 0.751037 0.0535665 0.0196926 0.283944 0.0790717 0.412599 0.168026 0.576272 0.394934 0.829385 0.789916 0.329669 0.839415 0.283921 0.057138 0.0827059 0.241629 0.339912 0.104008 0.787594 0.158703 0.845895 0.256465 0.701316 0.374802 0.461163 0.296528 0.501043 0.477392 0.331774 0.478007 0.228429 0.38534 0.497699 0.512373 0.464412 0.910298 0.680399 0.0406845 0.305232 0.509784 0.830601 0.634901 0.349199 0.114521 0.692039 
26 5 11 16 49 28 
0.381808 0.400209 0.89197 0.75661 0.861372 0.188498 0.257653 0.338764 0.520272 0.73566 0.567192 0.905612 0.233359 0.0795659 0.370024 0.143657 0.759965 0.410709 0.448888 0.269749 0.241309 0.0837893 0.618948 0.355831 0.775828 0.0508532 0.711981 0.807779 0.586766 0.855725 0.998433 0.968574 0.255933 0.890403 0.725183 0.117305 0.0789012 0.982837 0.456069 0.599173 0.718497 0.0232611 0.504785 0.951856 0.102827 0.874809 0.0955126 0.862792 0.285518 0.544401 0.132541 0.526827 0.62819 0.751489 0.882657 0.404018 0.802343 0.594638 0.211798 0.389109 0.450363 0.210231 0.357682 0.706296 
27 6 49 19 51 20 
0.778708 0.784199 0.302931 0.283493 0.736055 0.405758 0.158302 0.831567 0.26855 0.44382 0.375968 0.401091 0.970647 0.00415858 0.15258 0.853304 0.408177 0.954923 0.447942 0.619975 0.344032 0.898305 0.830205 0.701714 0.604601 0.93084 0.78458 0.428202 0.110375 0.850282 0.707872 0.889083 0.634481 0.0108023 0.172577 0.370536 0.41656 0.330879 0.202103 0.68511 0.774699 0.578072 0.0862005 0.745346 0.58223 0.238781 0.59865 0.990407 0.193704 0.0465917 0.610382 0.537735 0.944897 0.440587 0.239449 0.549497 0.371427 0.024029 0.977699 0.481802 0.874311 0.685571 0.370885 0.508792 
28 46 31 26 23 4 
0.0814313 0.798043 0.64904 0.659503 0.884243 0.394386 0.241733 0.123024 0.993035 0.23214 0.316728 0.0396271 0.842522 0.854463 0.984524 0.283109 0.0939126 0.534021 0.654535 0.117942 0.511721 0.136337 0.992253 0.197291 0.507223 0.501045 0.893665 0.0506848 0.380373 0.00659799 0.925026 0.461804 0.804641 0.574066 0.121307 0.688884 0.968452 0.36304 0.811908 0.961487 0.59518 0.128636 0.00111435 0.437701 0.983099 0.985638 0.72081 0.0770121 0.519659 0.375345 0.194954 0.0313796 0.511683 0.187206 0.228671 0.0189053 0.688251 0.122336 0.0695901 0.0686243 0.128934 0.994616 0.530429 0.933575 
29 24 10 16 49 19 
0.434367 0.498622 0.609955 0.563003 0.499736 0.0476568 0.546103 0.485374 0.768467 0.623115 0.00503312 0.143812 0.818069 0.0364128 0.655495 0.00527491 0.265084 0.6744 0.693526 0.38742 0.74399 0.76215 0.516354 0.738606 0.292579 0.449928 0.307289 0.944315 0.0723874 0.844423 0.95909 0.506755 0.343045 0.569046 0.069758 0.842781 0.616702 0.615861 0.328155 0.385169 0.238976 0.333188 0.528981 0.0570442 0.369601 0.184476 0.0623191 0.634685 0.858876 0.755845 0.0221044 0.602866 0.517996 0.538458 0.341473 0.810575 0.988387 0.648762 0.754889 0.060774 0.493185 0.713979 0.567529 0.83623 
30 20 2 12 52 48 
0.00716515 0.284896 0.492123 0.340353 0.813878 0.549167 0.709954 0.998354 0.611487 0.344638 0.85723 0.367332 0.366743 0.460096 0.885328 0.905201 0.801569 0.695902 0.893587 0.450331 0.450791 0.954361 0.943515 0.164771 0.52189 0.779745 0.447796 0.159177 0.458755 0.347523 0.412324 0.46592 0.632419 0.904447 0.806273 0.446297 0.453615 0.516227 0.44465 0.0651012 0.860865 0.30188 0.432433 0.227608 0.761976 0.317761 0.132809 0.563545 0.0136628 0.0263966 0.0138754 0.464454 0.980758 0.957391 0.629225 0.502648 0.737135 0.0770207 0.661825 0.195891 0.424543 0.0741491 0.661811 0.0569625 
31 48 37 17 21 44 
0.947909 0.497312 0.845177 0.249789 0.929745 0.0727851 0.0117652 0.247506 0.205594 0.57531 0.261169 0.231991 0.589186 0.725623 0.212749 0.546576 0.354848 0.715397 0.283712 0.431869 0.377222 0.479602 0.856412 0.451371 0.141413 0.913375 0.429967 0.609498 0.416634 0.862178 0.593809 0.364543 0.35949 0.438986 0.614332 0.289236 0.511771 0.626097 0.536742 0.717365 0.201407 0.79791 0.949356 0.790593 0.523533 0.162105 0.337169 0.878381 0.877502 0.620881 0.31025 0.254724 0.100483 0.166662 0.706094 0.241897 0.0800363 0.136062 0.851394 0.49667 0.99824 0.445204 0.861213 0.35773 
32 13 37 47 22 48 
0.183708 0.113326 0.30305 0.981618 0.0626824 0.0936432 0.505151 0.224787 0.430812 0.383532 0.102289 0.0516934 0.693781 0.357013 0.152177 0.860443 0.0631072 0.394073 0.940479 0.199169 0.245468 0.43715 0.197409 0.690671 0.298363 0.555139 0.574861 0.773908 0.202105 0.970822 0.875551 0.385813 0.0841481 0.178601 0.36743 0.146831 0.272244 0.872581 0.371618 0.703057 0.256113 0.473907 0.75475 0.949895 0.83092 0.906927 0.810338 0.894027 0.301 0.750817 0.0931958 0.546468 0.187967 0.290605 0.237139 0.486329 0.845744 0.812 0.260237 0.0478487 0.782822 0.135788 0.433661 0.86697 
33 24 46 20 3 9 
0.28969 0.929786 0.859325 0.0444396 0.879681 0.690245 0.951366 0.690018 0.584272 0.252366 0.440836 0.677468 0.798834 0.628802 0.968072 0.0359729 0.115132 0.813816 0.847973 0.375369 0.861664 0.630795 0.511157 0.295326 0.497765 0.825546 0.0964178 0.511565 0.41218 0.770091 0.896983 0.701869 0.699877 0.756308 0.746309 0.579558 0.446553 0.697675 0.269576 0.0308251 0.950041 0.710412 0.708293 0.748875 0.339214 0.676365 0.784848 0.454346 0.490181 0.632821 0.829715 0.351845 0.263616 0.340873 0.647171 0.761381 0.166419 0.743589 0.272945 0.578599 0.51368 0.169929 0.280468 0.213557 
34 42 53 6 48 40 
0.403616 0.674494 0.773103 0.111908 0.423369 0.112317 0.788273 0.208217 0.566663 0.278454 0.841039 0.396378 0.630299 0.104654 0.737251 0.27747 0.866035 0.90367 0.0210585 0.13898 0.482268 0.534738 0.308909 0.762736 0.748295 0.235146 0.789513 0.541409 0.607937 0.513965 0.6041 0.0115522 0.188459 0.377203 0.12346 0.611828 0.48952 0.911733 0.820045 0.0561825 0.190187 0.661083 0.452561 0.820486 0.765738 0.189811 0.0979558 0.631773 0.0934808 0.119014 0.770753 0.575749 0.653752 0.0796624 0.338485 0.402047 0.314809 0.127998 0.943457 0.922745 0.641963 0.547557 0.934298 0.830422 
35 43 5 48 22 9 
0.262294 0.470462 0.159679 0.923378 0.923023 0.980165 0.689116 0.112834 0.0781203 0.320889 0.206315 0.197135 0.0916418 0.782064 0.850887 0.171304 0.120549 0.252934 0.486113 0.248547 0.196391 0.408858 0.89051 0.743948 0.343156 0.720932 0.668708 0.400914 0.163182 0.0829875 0.370405 0.425477 0.55345 0.530084 0.348854 0.476472 0.510248 0.0379702 0.589306 0.588369 0.358859 0.79562 0.785503 0.450501 0.577684 0.63639 0.621805 0.698233 0.889325 0.107918 0.94678 0.0857159 0.516776 0.83729 0.829664 0.859932 0.558223 0.498372 0.260846 0.721405 0.58136 0.631251 0.146882 0.134809 
36 18 30 16 33 38 
0.259951 0.892565 0.996208 0.0454545 0.343066 0.573892 0.681845 0.964871 0.272124 0.571169 0.0727883 0.218904 0.656885 0.589564 0.0561947 0.486549 0.449496 0.614418 0.984921 0.710342 0.335823 0.566281 0.341593 0.482704 0.70109 0.502927 0.97844 0.312372 0.17451 0.512147 0.512959 0.434461 0.404712 0.509166 0.479916 0.747777 0.0830579 0.16176 0.712648 0.355182 0.73293 0.785436 0.574087 0.389815 0.375001 0.630281 0.876365 0.824497 0.244699 0.861286 0.534839 0.580522 0.427567 0.876432 0.0632259 0.128657 0.379359 0.0416663 0.441029 0.553869 0.553813 0.953988 0.98833 0.958525 
37 23 22 27 13 36 
0.41895 0.901394 0.362936 0.204386 0.475481 0.752752 0.579387 0.105762 0.629116 0.403884 0.350461 0.490402 0.938723 0.930983 0.91797 0.815155 0.994209 0.046627 0.194514 0.0358749 0.487656 0.748383 0.589688 0.441644 0.736713 0.548212 0.904798 0.204959 0.254515 0.45101 0.834965 0.673465 0.352404 0.197901 0.877851 0.827885 0.950653 0.457238 0.933647 0.579769 0.861122 0.284108 0.0701711 0.799845 0.215091 0.988141 0.615 0.2093 0.0347676 0.809514 0.245175 0.522424 0.557897 0.834862 0.964068 0.29461 0.383075 0.868866 0.499568 0.637589 0.319876 0.334533 0.311054 0.67228 
38 37 28 11 7 24 
0.433812 0.0628555 0.507265 0.717921 0.133027 0.30711 0.933012 0.121167 0.92211 0.142312 0.155935 0.731624 0.387486 0.678358 0.289521 0.222348 0.642426 0.58413 0.605423 0.511292 0.0836984 0.243012 0.831167 0.418231 0.554066 0.503447 0.950666 0.742971 0.00361256 0.433752 0.389114 0.437425 0.496608 0.896379 0.155346 0.629634 0.203488 0.0883578 0.750802 0.125598 0.230669 0.906736 0.857223 0.618155 0.585095 0.146743 0.840504 0.227521 0.730874 0.445927 0.738812 0.814572 0.688939 0.569979 0.232803 0.243006 0.0734268 0.183469 0.985977 0.0770394 0.617221 0.375091 0.514464 0.113829 
39 10 40 30 0 13 
0.600556 0.988837 0.401001 0.457779 0.606993 0.986096 0.604522 0.447496 0.213617 0.335395 0.893423 0.952429 0.149968 0.582362 0.522408 0.382771 0.825368 0.595835 0.56624 0.811344 0.672875 0.183461 0.186435 0.187339 0.297291 0.457904 0.857149 0.0407541 0.932862 0.615317 0.535019 0.533418 0.604155 0.936021 0.991197 0.211147 0.922117 0.595718 0.658644 0.135733 0.931114 0.552067 0.0881623 0.0810814 0.134429 0.610571 0.463852 0.959797 0.206406 0.0300924 0.771141 0.87928 0.213554 0.957576 0.0666194 0.510844 0.41548 0.923769 0.551598 0.348342 0.539086 0.0866176 0.88176 0.143241 
40 0 7 36 25 17 
0.0130323 0.0804882 0.399789 0.565099 0.16865 0.48087 0.699528 0.779221 0.944723 0.659325 0.985627 0.974815 0.430466 0.864907 0.188369 0.388042 0.931527 0.699213 0.803523 0.855296 0.250812 0.151865 0.394382 0.337429 0.0336252 0.537623 0.360068 0.906582 0.892011 0.304823 0.375257 0.905044 0.385311 0.775046 0.470143 0.553961 0.255916 0.169671 0.333182 0.200639 0.828996 0.318809 0.175454 0.259462 0.183717 0.363823 0.647504 0.115243 0.0630368 0.451027 0.970539 0.313849 0.602892 0.364921 0.651278 0.636517 0.902544 0.0113458 0.543099 0.794555 0.316168 0.918356 0.699599 0.701479 
41 18 16 15 25 14 
0.588623 0.149957 0.168408 0.907432 0.325412 0.42787 0.0911488 0.689235 0.0753743 0.206392 0.752272 0.526401 0.176931 0.0661202 0.129294 0.541852 0.717398 0.765811 0.444396 0.728744 0.30891 0.238951 0.0449124 0.227266 0.93855 0.746392 0.920668 0.108291 0.00183191 0.869986 0.447703 0.590455 0.0199433 0.616112 0.497887 0.345355 0.0439817 0.589036 0.0345897 0.119356 0.795428 0.786861 0.645757 0.972359 0.852982 0.775051 0.514211 0.57038 0.540862 0.958607 0.299124 0.849772 0.197558 0.344036 0.0770378 0.136107 0.0904279 0.997706 0.244398 0.0922598 0.867692 0.692102 0.682714 0.887635 
42 3 1 50 28 8 
0.26758 0.471551 0.565065 0.0544408 0.117308 0.537424 0.907422 0.892359 0.0516348 0.477802 0.433221 0.0102416 0.776926 0.282993 0.207799 0.120963 0.36003 0.343906 0.21139 0.357736 0.588304 0.30365 0.225428 0.280406 0.986365 0.113063 0.588619 0.166966 0.346053 0.940814 0.936603 0.613632 0.412365 0.501668 0.668073 0.529674 0.0390913 0.575496 0.422033 0.0907261 0.0532979 0.855254 0.100968 0.830224 0.138247 0.308767 0.951187 0.498277 0.652673 0.162577 0.856013 0.240977 0.466227 0.0814413 0.521383 0.452592 0.194504 0.110003 0.619558 0.540557 0.0508171 0.556161 0.15419 0.463182 
43 16 2 9 50 37 
0.414889 0.187646 0.451056 0.270143 0.288614 0.281281 0.40839 0.59738 0.232467 0.906667 0.250053 0.395044 0.76268 0.491031 0.861272 0.844122 0.0124141 0.313864 0.0386261 0.122417 0.933422 0.579183 0.173234 0.489583 0.733373 0.636416 0.547412 0.555636 0.629273 0.644332 0.953394 0.0441617 0.831978 0.404451 0.314305 0.120591 0.685731 0.722695 0.717972 0.918198 0.629362 0.968025 0.313243 0.392042 0.459056 0.174514 0.236164 0.47147 0.488378 0.27479 0.593887 0.4218 0.853974 0.767121 0.911383 0.587346 0.403537 0.458794 0.142982 0.0328098 0.103126 0.0963765 0.0769715 0.935103 
44 8 0 12 37 42 
0.104757 0.743333 0.741692 0.418 0.135376 0.200748 0.592514 0.37154 0.672218 0.0808918 0.64633 0.266105 0.502692 0.500304 0.0332256 0.414074 0.08765 0.436763 0.872869 0.230632 0.469573 0.975994 0.327009 0.546544 0.911098 0.827836 0.937821 0.966792 0.0143945 0.0517918 0.740459 0.119151 0.795125 0.482151 0.537151 0.930501 0.682898 0.129665 0.30204 0.355116 0.210557 0.94837 0.621221 0.713248 0.448674 0.654446 0.127322 0.536324 0.0912093 0.000190915 0.766956 0.560782 0.976185 0.093965 0.107326 0.887283 0.921801 0.0451465 0.854075 0.936195 0.0969383 0.594534 0.0553469 0.892063 
45 4 47 46 40 28 
0.124604 0.114699 0.932719 0.0729743 0.73592 0.645967 0.521648 0.390367 0.77329 0.0579723 0.481576 0.773481 0.824929 0.0423577 0.749666 0.918894 0.149684 0.636949 0.840695 0.19483 0.491024 0.77689 0.291769 0.0855586 0.832237 0.183832 0.162244 0.424735 0.00639544 0.921827 0.146897 0.130999 0.0365261 0.0796166 0.203974 0.772446 0.725584 0.725622 0.162813 0.498873 0.783594 0.644389 0.272354 0.608523 0.686746 0.0220198 0.527417 0.83643 0.658969 0.368111 0.0312604 0.149993 0.145001 0.323029 0.235552 0.977238 0.506861 0.397795 0.401973 0.513256 0.319622 0.548871 0.644256 0.356148 
46 4 26 2 23 11 
0.291407 0.852945 0.357446 0.935795 0.125299 0.965969 0.622542 0.147318 0.493386 0.458972 0.806287 0.861497 0.490232 0.95628 0.00649807 0.813261 0.191831 0.983736 0.320122 0.589627 0.385709 0.833378 0.909248 0.93458 0.477633 0.265396 0.563067 0.325863 0.393991 0.917138 0.899714 0.685397 0.770083 0.25716 0.621193 0.895381 0.223129 0.243735 0.0426995 0.716514 0.702707 0.848987 0.578011 0.192939 0.805266 0.584509 0.00620012 0.997098 0.568246 0.326322 0.586724 0.953955 0.1597 0.495973 0.888535 0.637333 0.761369 0.451602 0.963196 0.15536 0.36874 0.86291 0.840757 0.138823 
47 26 7 42 1 12 
0.0597131 0.408392 0.92589 0.637724 0.601331 0.731156 0.222233 0.607531 0.728254 0.790479 0.933853 0.314979 0.744434 0.0935524 0.810952 0.632969 0.730886 0.572321 0.0845708 0.694082 0.727681 0.453311 0.556991 0.568438 0.592134 0.677061 0.0303885 0.626338 0.0202601 0.736074 0.703241 0.0799732 0.144465 0.629131 0.717697 0.745796 0.360287 0.939931 0.353326 0.0885418 0.73041 0.287179 0.403521 0.474844 0.380732 0.214472 0.107813 0.111617 0.786793 0.192383 0.805699 0.514474 0.645694 0.36269 0.0829125 0.237828 0.0397516 0.113301 0.864166 0.0600117 0.849375 0.567407 0.139985 0.99384 
48 35 22 33 12 34 
0.645367 0.528023 0.380141 0.0488873 0.00286714 0.760873 0.26336 0.11068 0.87249 0.0501528 0.303063 0.678189 0.564627 0.948758 0.0408787 0.647539 0.186586 0.0806303 0.76084 0.0507511 0.140642 0.610215 0.618158 0.280627 0.604055 0.814695 0.138309 0.34369 0.37152 0.935922 0.436652 0.0168871 0.463946 0.816793 0.0657744 0.466813 0.577666 0.329134 0.577493 0.450156 0.379287 0.880556 0.128344 0.943914 0.829314 0.169223 0.591453 0.0158993 0.249853 0.352294 0.0666504 0.390495 0.962509 0.684808 0.671122 0.566563 0.499503 0.809431 0.910254 0.871024 0.745354 0.346906 0.887911 0.2093 
49 1 0 53 13 21 
0.253605 0.191521 0.662106 0.134161 0.319865 0.606019 0.963475 0.489088 0.197472 0.979374 0.738942 0.549766 0.0460246 0.129437 0.512275 0.730833 0.800559 0.0788381 0.230336 0.60999 0.989092 0.10136 0.355344 0.335998 0.98927 0.564644 0.499697 0.942955 0.240756 0.241062 0.225774 0.494361 0.432582 0.88788 0.628523 0.752448 0.493899 0.591997 0.241536 0.691372 0.571372 0.980477 0.241138 0.617396 0.109914 0.753412 0.348229 0.910473 0.832251 0.578565 0.520464 0.821342 0.679925 0.875808 0.15734 0.669195 0.440452 0.657037 0.61215 0.681208 0.898098 0.837924 0.175569 0.330681 
50 17 18 8 1 29 
0.324664 0.911074 0.967461 0.305141 0.152212 0.584857 0.415055 0.905625 0.933086 0.325529 0.737875 0.511652 0.845992 0.559217 0.191576 0.7218 0.716557 0.860771 0.162252 0.373594 0.472921 0.84346 0.271692 0.310845 0.0190289 0.602373 0.0366489 0.823121 0.685501 0.256352 0.21921 0.0101651 0.167426 0.186671 0.315306 0.319638 0.771529 0.730362 0.225263 0.704615 0.0558906 0.963138 0.216267 0.901883 0.522356 0.407843 0.623683 0.238913 0.268614 0.785935 0.612507 0.741535 0.629394 0.884199 0.0523799 0.648423 0.486572 0.0890288 0.471544 0.172073 0.345381 0.690754 0.182238 0.512807 
51 46 29 49 10 35 
0.0577083 0.353569 0.283797 0.0208464 0.569835 0.18568 0.543202 0.977678 0.809362 0.782115 0.246292 0.595297 0.394621 0.987827 0.224691 0.27882 0.040207 0.873114 0.765392 0.129236 0.344658 0.937464 0.474616 0.0354114 0.119702 0.987423 0.912836 0.617246 0.819868 0.56179 0.845153 0.877577 0.915359 0.128949 0.898423 0.485194 0.314629 0.441625 0.462873 0.123991 0.22374 0.709165 0.719288 0.618361 0.696992 0.943979 0.897182 0.737199 0.817093 0.662573 0.866435 0.16175 0.600038 0.341051 0.197162 0.71974 0.328475 0.109998 0.336986 0.148343 0.671788 0.182139 0.0259199 0.587147 
52 9 40 49 19 41 
0.749708 0.589708 0.244379 0.468996 0.208069 0.941372 0.412975 0.105251 0.678571 0.230068 0.767824 0.545006 0.391818 0.367862 0.886057 0.58898 0.0876017 0.214532 0.698978 0.424588 0.362875 0.370767 0.606727 0.388795 0.957914 0.917815 0.313138 0.0302555 0.543532 0.679106 0.56547 0.293241 0.268814 0.809849 0.762237 0.476883 0.751221 0.175212 0.582134 0.429792 0.40528 0.349958 0.974798 0.797099 0.717819 0.860855 0.386079 0.805421 0.0753867 0.0850573 0.230009 0.438262 0.455824 0.836736 0.827057 0.413738 0.754551 0.140195 0.443993 0.298084 0.819301 0.00946329 0.591324 0.0881144 
53 24 18 12 28 23 
0.000325053 0.934054 0.497089 0.975123 0.731153 0.214908 0.835977 0.117231 0.0203292 0.911364 0.202289 0.250338 0.349626 0.658113 0.0870743 0.176682 0.0718506 0.841626 0.316877 0.515844 0.139709 0.136178 0.525307 0.731034 0.224292 0.34462 0.0845949 0.789289 0.915153 0.613369 0.93642 0.915478 0.547422 0.433509 0.890601 0.278575 0.648417 0.726578 0.395806 0.668747 0.637942 0.598095 0.919085 0.987568 0.256208 0.00615924 0.16425 0.328058 0.847785 0.481127 0.843902 0.987494 0.617305 0.36921 0.718528 0.841597 0.71383 0.803123 0.630886 0.628983 0.416491 0.567307 0.544461 0.963914 
