41 2
0 1 1 1 1 0 1 0 0 1 1 1 0 0 0 1 0 1 0 1 1 0 0 1 1 0 1 0 0 1 1 1 1 1 1 0 1 1 1 0 0 
0 3 
0.175715 0.794214 0.613674 0.390487 
1 40 
0.89056 0.530962 0.735677 0.116602 
2 9 
0.609868 0.240863 0.647783 0.113166 
3 15 
0.281159 0.52531 0.804228 0.581356 
4 25 
0.993848 0.56686 0.378582 0.60617 
5 6 
0.846994 0.275536 0.919948 0.448236 
6 31 
0.82688 0.623951 0.816612 0.440554 
7 28 
0.0320534 0.331113 0.5454 0.767731 
8 15 
0.24677 0.377598 0.688578 0.894553 
9 18 
0.783662 0.175711 0.0160748 0.58789 
10 27 
0.030569 0.581738 0.323927 0.409151 
11 9 
0.776498 0.256145 0.463444 0.696446 
12 25 
0.485842 0.523326 0.328332 0.302453 
13 20 
0.342769 0.334507 0.294993 0.888169 
14 2 
0.742708 0.134939 0.479836 0.431286 
15 31 
0.214948 0.205202 0.986675 0.802838 
16 26 
0.0172439 0.384576 0.286197 0.426395 
17 25 
0.0626951 0.68254 0.0359281 0.759141 
18 6 
0.52177 0.282468 0.715253 0.824223 
19 35 
0.0580224 0.15873 0.541341 0.946191 
20 25 
0.284049 0.0811298 0.740802 0.715335 
21 5 
0.711402 0.930282 0.315823 0.698077 
22 18 
0.278093 0.715321 0.117696 0.564289 
23 3 
0.69018 0.626985 0.824257 0.726108 
24 7 
0.211178 0.247878 0.668594 0.926431 
25 22 
0.914941 0.984453 0.230831 0.456282 
26 2 
0.491798 0.74033 0.0117744 0.2326 
27 5 
0.122395 0.944002 0.385947 0.438218 
28 23 
0.119068 0.716311 0.357401 0.236764 
29 28 
0.499117 0.926944 0.907585 0.323374 
30 28 
0.293711 0.534551 0.900931 0.962305 
31 9 
0.973032 0.877246 0.445436 0.203862 
32 2 
0.37608 0.69566 0.0738581 0.387855 
33 7 
0.529523 0.51025 0.872262 0.91547 
34 15 
0.514341 0.0345379 0.66478 0.871742 
35 1 
0.94538 0.370859 0.198246 0.852965 
36 5 
0.851298 0.146676 0.228784 0.752229 
37 9 
0.725261 0.986227 0.135202 0.929123 
38 3 
0.511282 0.624783 0.393612 0.899137 
39 13 
0.923135 0.409387 0.425305 0.838606 
40 2 
0.939646 0.873144 0.0226351 0.811388 
