61 7
0 0 0 1 0 1 0 0 0 0 0 1 1 0 1 1 0 1 0 0 1 0 0 0 1 1 0 0 0 1 0 1 0 1 1 1 1 0 0 0 0 0 1 0 1 1 0 0 1 1 0 0 1 1 1 1 1 0 0 0 0 
0 29 60 5 11 30 33 
0.00399424 0.0158566 0.459435 0.53886 0.732878 0.927873 0.535916 0.766086 0.284838 0.669206 0.514265 0.850723 0.0395483 0.714901 0.527508 0.922784 0.548323 0.00227602 0.136721 0.521386 0.175774 0.0554862 0.649489 0.511518 0.773172 0.261103 0.22056 0.263262 0.273183 0.518998 0.417252 0.277177 0.534855 0.876687 0.816037 0.267733 0.80456 0.351953 0.0338185 0.089398 0.0211589 0.548084 0.940121 0.0607073 0.262984 0.467629 0.983491 0.811307 0.469905 0.120212 0.332692 0.645679 0.175698 0.982182 0.157197 0.948871 0.243285 0.377757 0.212132 0.516467 0.896755 0.629385 0.793644 0.43161 0.506072 0.609681 0.699343 0.310633 0.961634 0.733161 0.40003 0.982793 0.281245 0.340152 0.0435002 0.544229 0.807781 0.0269915 0.355536 0.277685 0.147203 0.688228 0.923365 0.322902 0.67041 0.0805621 0.271772 0.913694 0.458319 0.483905 0.430162 0.355074 0.11329 0.223806 0.786684 0.619362 0.833488 0.486027 0.929994 0.795122 0.219188 0.330025 0.777915 0.500433 0.670176 0.821415 0.0446615 0.477957 0.848406 0.400197 0.755642 0.99561 0.0884254 0.679007 0.318511 0.758835 0.759569 0.590284 0.67253 0.217888 0.0741885 0.102692 0.572962 0.187478 0.326498 0.359646 0.80684 0.159985 
1 55 51 32 56 52 14 
0.737035 0.554436 0.609955 0.214992 0.402843 0.010152 0.970635 0.398452 0.0985775 0.649642 0.716964 0.857413 0.409211 0.307248 0.529943 0.627099 0.381436 0.632634 0.200062 0.568914 0.959132 0.559708 0.375754 0.119117 0.405381 0.112588 0.0742241 0.470242 0.179447 0.807246 0.0355349 0.916482 0.361682 0.64549 0.131474 0.764524 0.655642 0.102109 0.162977 0.754219 0.751751 0.87994 0.611632 0.160962 0.187188 0.141575 0.788061 0.568624 0.774209 0.988123 0.137538 0.733341 0.547831 0.513292 0.852458 0.953211 0.62588 0.926682 0.423453 0.805327 0.733928 0.458988 0.72181 0.0956094 0.104477 0.853284 0.860134 0.760119 0.955393 0.0231104 0.514338 0.707144 0.903051 0.12597 0.868106 0.0902386 0.267545 0.656167 0.658863 0.0417537 0.644289 0.796401 0.775094 0.19212 0.309693 0.627553 0.145331 0.935573 0.554235 0.568784 0.7409 0.288162 0.027772 0.46271 0.383772 0.13225 0.315994 0.243905 0.892369 0.271387 0.267016 0.406707 0.978531 0.170067 0.532677 0.846637 0.260305 0.800222 0.502804 0.919168 0.841976 0.147093 0.715568 0.61707 0.339213 0.0252614 0.244623 0.484544 0.960835 0.798857 0.053328 0.701735 0.0870196 0.0811001 0.164445 0.470791 0.21335 0.480439 
2 54 32 36 56 51 7 
0.151779 0.0451022 0.576994 0.412084 0.845324 0.0797979 0.331252 0.6873 0.226891 0.0468208 0.30437 0.566103 0.0720821 0.548992 0.0506472 0.0329167 0.34785 0.103975 0.734652 0.434869 0.185075 0.899097 0.90566 0.398425 0.379536 0.620357 0.504143 0.131362 0.60207 0.0165681 0.86172 0.753849 0.0616702 0.438714 0.165934 0.906994 0.518512 0.497186 0.594294 0.745403 0.544007 0.898664 0.311506 0.616089 0.447656 0.362154 0.649006 0.795506 0.466129 0.383657 0.230375 0.651204 0.282754 0.136035 0.0496289 0.66229 0.756393 0.553772 0.793653 0.358463 0.57034 0.655372 0.112312 0.63201 0.0940867 0.278246 0.539005 0.612599 0.775432 0.133299 0.358002 0.319438 0.0319623 0.669508 0.935527 0.479618 0.0316615 0.584533 0.275124 0.49779 0.96819 0.505499 0.148994 0.250945 0.641534 0.198623 0.913235 0.397927 0.752395 0.706887 0.756389 0.322735 0.36226 0.868701 0.954745 0.456346 0.146947 0.49375 0.0689453 0.922378 0.627049 0.426947 0.241817 0.659011 0.096455 0.177344 0.138629 0.128116 0.761877 0.413753 0.625907 0.730067 0.919252 0.774901 0.981012 0.560787 0.973524 0.894246 0.958713 0.725919 0.601134 0.715103 0.0486546 0.963394 0.583804 0.00340005 0.41974 0.730751 
3 2 4 36 52 50 31 
0.0120873 0.0722898 0.921839 0.140204 0.834167 0.335593 0.766111 0.564234 0.254845 0.541012 0.545246 0.815631 0.514536 0.439492 0.774345 0.240455 0.0406257 0.489448 0.28911 0.00401931 0.0732515 0.29251 0.423759 0.804002 0.78966 0.912445 0.457131 0.913859 0.828077 0.352077 0.697069 0.840164 0.424367 0.618908 0.980368 0.258534 0.9545 0.746479 0.822767 0.209345 0.28749 0.368013 0.0249768 0.802026 0.807505 0.799322 0.0424816 0.848131 0.288769 0.331591 0.85215 0.362021 0.624101 0.275909 0.166023 0.413761 0.188354 0.623154 0.32762 0.0164311 0.975231 0.0246889 0.856595 0.399598 0.643597 0.836964 0.658132 0.598097 0.583442 0.480899 0.807442 0.870933 0.848912 0.832419 0.672959 0.656417 0.631741 0.715441 0.504548 0.92051 0.0470321 0.356698 0.28253 0.671134 0.632607 0.448553 0.0848949 0.820962 0.0717073 0.412515 0.837393 0.0469387 0.437204 0.693988 0.446537 0.0808008 0.530952 0.104669 0.678898 0.114394 0.585568 0.48634 0.985327 0.434481 0.31876 0.658286 0.0908979 0.9505 0.373727 0.595446 0.87101 0.420759 0.952144 0.153541 0.0918923 0.584751 0.602094 0.176787 0.405713 0.673801 0.589302 0.243106 0.72074 0.0265065 0.937094 0.167277 0.107307 0.468045 
4 17 10 1 23 35 58 
0.591305 0.226052 0.382892 0.541806 0.599779 0.978338 0.412816 0.0205376 0.930482 0.566356 0.11243 0.515233 0.16845 0.289217 0.920946 0.842251 0.878519 0.164052 0.562991 0.905026 0.101146 0.730268 0.0123333 0.569191 0.00221308 0.798539 0.15163 0.859727 0.0710842 0.719396 0.151721 0.662389 0.945449 0.534613 0.204195 0.545227 0.512951 0.617011 0.565765 0.443433 0.183367 0.678195 0.958667 0.351818 0.967412 0.879613 0.194069 0.845931 0.0436649 0.75706 0.750957 0.14481 0.487327 0.76329 0.714001 0.48954 0.561829 0.865631 0.349267 0.632913 0.585028 0.500988 0.295303 0.530476 0.0356011 0.499498 0.0757037 0.548552 0.116509 0.641469 0.991985 0.299876 0.319663 0.950652 0.651694 0.287075 0.830265 0.845762 0.133006 0.87393 0.602822 0.883963 0.0187401 0.0901493 0.647254 0.732741 0.57969 0.209083 0.598373 0.928957 0.841996 0.183401 0.429945 0.137298 0.713877 0.465546 0.636796 0.789581 0.0140982 0.753305 0.431049 0.00608349 0.0531807 0.750713 0.956735 0.704874 0.0377878 0.787 0.550637 0.170794 0.66093 0.153459 0.0547572 0.67967 0.243608 0.702011 0.412411 0.823298 0.911093 0.0107841 0.752255 0.753089 0.194185 0.182199 0.890387 0.908062 0.647746 0.527183 
5 4 14 60 59 25 32 
0.879405 0.624663 0.038543 0.917193 0.411663 0.58918 0.0879867 0.0725922 0.742638 0.142744 0.752262 0.986246 0.844755 0.164673 0.809544 0.755848 0.175457 0.561798 0.508937 0.369642 0.743998 0.399325 0.277704 0.391743 0.926508 0.975347 0.0535872 0.206996 0.104039 0.721514 0.540665 0.983444 0.346177 0.579208 0.900637 0.75784 0.168388 0.988623 0.830432 0.911026 0.131367 0.582694 0.897272 0.976122 0.747367 0.706816 0.73197 0.922824 0.268615 0.240908 0.292466 0.0126126 0.640233 0.57017 0.404356 0.566741 0.545517 0.457943 0.773738 0.649556 0.179458 0.314403 0.632999 0.525635 0.893611 0.533636 0.283474 0.0619989 0.522259 0.113906 0.973025 0.653627 0.6966 0.870297 0.629749 0.443967 0.577114 0.361719 0.366791 0.845728 0.602627 0.659257 0.858341 0.24286 0.229427 0.262697 0.809601 0.774944 0.72064 0.583338 0.424499 0.900098 0.897741 0.0574989 0.425732 0.791352 0.591135 0.709207 0.853351 0.113394 0.823113 0.826376 0.767021 0.519712 0.696673 0.39677 0.963679 0.273786 0.758489 0.33047 0.119515 0.361115 0.989727 0.977855 0.603975 0.219154 0.240552 0.413575 0.994098 0.961192 0.996913 0.418597 0.861289 0.894654 0.476096 0.287022 0.686006 0.0672308 
6 5 13 45 55 1 41 
0.0624054 0.344416 0.302733 0.336192 0.102904 0.633202 0.455706 0.464019 0.622929 0.433562 0.0679941 0.842083 0.674114 0.481569 0.836181 0.635306 0.478483 0.254778 0.496595 0.373137 0.730873 0.783617 0.0591432 0.798104 0.779845 0.5985 0.978729 0.599186 0.964232 0.926375 0.93824 0.0266377 0.270791 0.240972 0.36283 0.373695 0.874175 0.818536 0.837714 0.497104 0.252098 0.905708 0.339187 0.926211 0.387278 0.175368 0.561517 0.86576 0.430145 0.0581123 0.238898 0.161019 0.841729 0.298041 0.959123 0.621575 0.896541 0.937852 0.220761 0.860773 0.864227 0.159001 0.887411 0.135018 0.399973 0.25024 0.508713 0.274148 0.0687763 0.346427 0.771251 0.320874 0.252135 0.110438 0.247085 0.639412 0.285806 0.808603 0.505173 0.715951 0.866715 0.74407 0.87697 0.708444 0.0421111 0.836093 0.330019 0.938652 0.773945 0.550779 0.799425 0.638172 0.70978 0.686836 0.77319 0.109753 0.937076 0.281903 0.3839 0.00585223 0.628329 0.155152 0.326726 0.880464 0.26559 0.573812 0.519876 0.551396 0.382414 0.0250493 0.267348 0.249129 0.76912 0.144318 0.957573 0.811231 0.98041 0.287592 0.749883 0.754355 0.838371 0.549308 0.392527 0.548151 0.236143 0.165717 0.657904 0.173219 
7 1 52 38 35 2 56 
0.956413 0.462546 0.0796093 0.476289 0.0139428 0.462023 0.501339 0.28129 0.711152 0.270458 0.425608 0.668726 0.081689 0.406018 0.956317 0.831572 0.160373 0.794688 0.380879 0.5529 0.342839 0.617023 0.718617 0.000743409 0.790242 0.166236 0.0425478 0.969313 0.242185 0.239504 0.475111 0.198598 0.70205 0.55472 0.674887 0.715993 0.016744 0.176225 0.997284 0.727896 0.446684 0.422892 0.396622 0.528373 0.82891 0.352939 0.359944 0.989283 0.147627 0.740824 0.542183 0.490467 0.357846 0.2608 0.49121 0.148088 0.427036 0.533758 0.117402 0.669221 0.773262 0.592513 0.867819 0.475312 0.147233 0.542706 0.191306 0.163977 0.718931 0.188589 0.891874 0.165615 0.611481 0.288496 0.693987 0.440391 0.641435 0.0539315 0.429674 0.789062 0.794755 0.971857 0.279529 0.152602 0.232657 0.77074 0.30069 0.659694 0.304498 0.418092 0.328915 0.0777597 0.0106047 0.196734 0.553072 0.157838 0.739439 0.744378 0.321815 0.45837 0.932967 0.213689 0.623985 0.544448 0.502185 0.317972 0.984839 0.14362 0.371903 0.414513 0.932683 0.166659 0.38637 0.212212 0.31926 0.619028 0.982951 0.61995 0.278721 0.287449 0.0380418 0.607636 0.365209 0.0486465 0.80437 0.918281 0.206485 0.543809 
8 54 30 50 14 25 18 
0.244174 0.944136 0.124913 0.387794 0.316039 0.539427 0.320477 0.482697 0.925797 0.532689 0.801958 0.544825 0.51564 0.421908 0.823546 0.803089 0.45995 0.431182 0.168298 0.508596 0.235552 0.0865786 0.715081 0.779361 0.749237 0.243381 0.781541 0.344863 0.98537 0.407705 0.484937 0.229544 0.35184 0.609851 0.617339 0.667879 0.149277 0.937815 0.150577 0.0750742 0.470504 0.952534 0.619899 0.986144 0.374442 0.443445 0.789233 0.834391 0.874627 0.957531 0.342987 0.11018 0.0441097 0.058068 0.889541 0.793347 0.301449 0.671082 0.13821 0.286818 0.0787861 0.623148 0.516363 0.430626 0.232999 0.133701 0.0985055 0.382276 0.0715165 0.249082 0.45735 0.542021 0.201616 0.0772489 0.528165 0.576058 0.520694 0.317398 0.410449 0.395321 0.274929 0.753437 0.505501 0.319039 0.811505 0.395042 0.112386 0.112953 0.0661231 0.250596 0.399772 0.144909 0.873744 0.916134 0.575536 0.106743 0.0498355 0.674041 0.489019 0.121352 0.923123 0.946369 0.663373 0.124739 0.0236176 0.191538 0.700797 0.544311 0.508936 0.111247 0.939633 0.783865 0.864683 0.445133 0.102904 0.676188 0.840175 0.21529 0.789141 0.906298 0.465887 0.188913 0.051207 0.339631 0.105047 0.626743 0.446374 0.154883 
9 42 39 55 20 43 29 
0.348646 0.905379 0.131145 0.0494429 0.44969 0.640081 0.160689 0.389323 0.423946 0.0253726 0.834456 0.52685 0.701561 0.67463 0.742141 0.490702 0.580928 0.208027 0.679615 0.632135 0.547658 0.784662 0.258878 0.994032 0.939545 0.559661 0.929424 0.21578 0.783568 0.811185 0.155387 0.132213 0.716563 0.286532 0.181656 0.166253 0.926613 0.342345 0.555576 0.350559 0.367718 0.390032 0.877409 0.0692786 0.0646618 0.61955 0.55998 0.64559 0.827577 0.239595 0.277725 0.375235 0.024257 0.536602 0.369267 0.963802 0.0962634 0.298691 0.179581 0.879831 0.109876 0.334968 0.0120441 0.826439 0.621501 0.1937 0.992692 0.548113 0.536046 0.548268 0.898672 0.903764 0.9383 0.776081 0.973042 0.00296166 0.395631 0.533023 0.648552 0.223208 0.772618 0.926276 0.598443 0.796875 0.462879 0.96771 0.760676 0.559142 0.266401 0.940258 0.438973 0.376277 0.275226 0.451017 0.202716 0.896727 0.644717 0.195408 0.44484 0.180763 0.743677 0.343512 0.0845267 0.681976 0.119594 0.057569 0.684938 0.515225 0.590592 0.33349 0.738433 0.363209 0.259766 0.336877 0.160084 0.722645 0.304587 0.92076 0.281787 0.570988 0.861018 0.72076 0.947265 0.136244 0.171777 0.149981 0.0329707 0.816495 
10 25 37 19 53 36 23 
0.771042 0.940917 0.139353 0.45598 0.456142 0.729945 0.789469 0.194576 0.0931541 0.0492353 0.531452 0.253238 0.77188 0.836039 0.173998 0.0536671 0.407027 0.0350154 0.774427 0.354292 0.171259 0.946204 0.504273 0.20423 0.762699 0.849662 0.682041 0.759957 0.938727 0.503364 0.841742 0.709769 0.444282 0.981095 0.165749 0.900424 0.71104 0.955218 0.0949995 0.804194 0.00445337 0.626452 0.0574318 0.776333 0.462491 0.231429 0.830001 0.869518 0.266445 0.604428 0.22381 0.437704 0.550632 0.728083 0.641934 0.313331 0.577745 0.323975 0.0732885 0.516472 0.82734 0.91503 0.226241 0.271621 0.896125 0.39199 0.172045 0.607165 0.347208 0.267045 0.411359 0.351661 0.893496 0.468791 0.127995 0.355987 0.70022 0.957995 0.225506 0.966665 0.562423 0.449316 0.404369 0.113055 0.177399 0.0463036 0.426387 0.755144 0.370279 0.499675 0.271616 0.197618 0.414705 0.497857 0.46924 0.31083 0.889847 0.641285 0.917995 0.237055 0.908329 0.329354 0.588716 0.801826 0.798145 0.716711 0.157813 0.498366 0.674706 0.383319 0.465031 0.237129 0.832635 0.8694 0.350184 0.0100337 0.915704 0.776571 0.765178 0.285983 0.276246 0.036794 0.483601 0.690951 0.534651 0.95284 0.00178077 0.424498 
11 9 6 21 22 0 36 
0.641687 0.845411 0.0106719 0.878816 0.678046 0.880072 0.229 0.688079 0.795776 0.00557054 0.453257 0.0817582 0.281816 0.490051 0.565359 0.972767 0.0247025 0.518199 0.974548 0.449201 0.112324 0.894324 0.110754 0.614779 0.143454 0.361024 0.919058 0.190729 0.328004 0.381151 0.73637 0.969691 0.226562 0.747042 0.848506 0.904608 0.627114 0.0775059 0.592687 0.42289 0.0830765 0.0459442 0.504648 0.364893 0.535995 0.0700071 0.33766 0.560698 0.588207 0.312208 0.0098988 0.700531 0.206531 0.120653 0.31531 0.349985 0.481676 0.234368 0.540714 0.80968 0.615519 0.277085 0.779371 0.842081 0.0241271 0.627877 0.746688 0.651241 0.705383 0.339375 0.0741312 0.78846 0.385319 0.578779 0.153352 0.921315 0.648786 0.491012 0.482013 0.236993 0.80322 0.491911 0.937524 0.00975086 0.612564 0.252834 0.359736 0.0942408 0.487202 0.90045 0.903921 0.10272 0.177535 0.683292 0.944801 0.201662 0.311169 0.691489 0.852904 0.0165524 0.0308642 0.927035 0.805012 0.416183 0.505814 0.958364 0.337498 0.154601 0.449376 0.819511 0.391594 0.252596 0.311422 0.329118 0.262347 0.923986 0.581952 0.622083 0.018227 0.0691533 0.522533 0.922148 0.171874 0.700068 0.60544 0.116675 0.901731 0.91661 
12 60 56 14 37 32 22 
0.187483 0.696538 0.59271 0.342084 0.145915 0.41222 0.733677 0.398511 0.723642 0.0627948 0.660857 0.647628 0.644746 0.28294 0.665855 0.7139 0.805473 0.588004 0.885773 0.505542 0.193444 0.00244824 0.407272 0.110054 0.810612 0.161906 0.0432159 0.649641 0.843575 0.78139 0.904852 0.0310582 0.477928 0.497562 0.373142 0.623843 0.909782 0.106819 0.0223536 0.633424 0.169614 0.683211 0.281052 0.81436 0.966151 0.946908 0.52826 0.771624 0.534911 0.414033 0.277166 0.728355 0.416481 0.684438 0.838409 0.227094 0.846344 0.881625 0.876734 0.689919 0.663015 0.781586 0.720977 0.140943 0.279148 0.0941193 0.764786 0.18893 0.200938 0.78714 0.822354 0.370552 0.470351 0.103407 0.184912 0.436502 0.0503145 0.713172 0.208126 0.585226 0.127205 0.485292 0.313581 0.543686 0.16973 0.15199 0.77078 0.0160746 0.033615 0.647514 0.705994 0.69663 0.4291 0.426971 0.837573 0.708248 0.521091 0.602359 0.897178 0.722029 0.389499 0.719532 0.0925808 0.85985 0.822939 0.277493 0.296352 0.873253 0.990665 0.504478 0.458479 0.117869 0.989771 0.77206 0.661555 0.159501 0.92405 0.432335 0.175576 0.957665 0.0798488 0.88157 0.654295 0.508949 0.308541 0.491868 0.217197 0.829632 
13 20 16 44 31 3 35 
0.343576 0.656846 0.921734 0.639928 0.530099 0.912399 0.144406 0.988578 0.0302681 0.134177 0.760638 0.691823 0.293678 0.684689 0.124159 0.469253 0.642354 0.204007 0.350823 0.296649 0.712956 0.659364 0.788517 0.930153 0.488996 0.882745 0.0445275 0.0406561 0.366471 0.878434 0.684897 0.710048 0.53528 0.606632 0.349976 0.0653795 0.51903 0.494382 0.0539578 0.549299 0.628559 0.814596 0.241122 0.922237 0.499285 0.365281 0.39149 0.141639 0.569288 0.742313 0.438288 0.282244 0.401677 0.226805 0.212397 0.890673 0.10955 0.256924 0.931329 0.476022 0.135358 0.616226 0.18607 0.670639 0.222858 0.536046 0.736018 0.741888 0.030428 0.789976 0.291187 0.658987 0.604572 0.532309 0.581224 0.103857 0.897589 0.972714 0.245496 0.466877 0.715027 0.683784 0.749121 0.116704 0.91059 0.961517 0.00737698 0.0201401 0.218441 0.938706 0.496162 0.3538 0.554932 0.682232 0.0244384 0.77779 0.218278 0.760457 0.519678 0.248706 0.550433 0.810865 0.907693 0.155005 0.343173 0.488916 0.258862 0.240763 0.46163 0.504358 0.70764 0.176658 0.188142 0.456761 0.293362 0.0987317 0.418278 0.300739 0.118872 0.636719 0.239445 0.615034 0.990519 0.794376 0.297266 0.0149576 0.572166 0.515543 
14 48 37 53 19 16 42 
0.480851 0.245882 0.160857 0.739713 0.486645 0.622488 0.244071 0.194284 0.799145 0.432213 0.651045 0.0925074 0.530945 0.0693232 0.393246 0.649816 0.706043 0.632691 0.26485 0.696562 0.427067 0.562116 0.711519 0.999234 0.0776589 0.486933 0.0910775 0.841908 0.81278 0.993786 0.513849 0.293631 0.239668 0.674706 0.0333447 0.726313 0.297194 0.277416 0.920597 0.0963393 0.709629 0.571643 0.188847 0.240573 0.640966 0.582093 0.89039 0.347008 0.214784 0.15524 0.04357 0.641851 0.717356 0.755089 0.641085 0.795015 0.242023 0.732162 0.636922 0.0548027 0.725948 0.150771 0.348434 0.965617 0.825477 0.381779 0.69193 0.122671 0.659195 0.612527 0.21901 0.368823 0.18417 0.407857 0.609397 0.825136 0.98995 0.499787 0.172144 0.204733 0.655027 0.215714 0.846585 0.372383 0.970803 0.487669 0.167397 0.212826 0.219832 0.80432 0.267628 0.94578 0.955091 0.616063 0.911397 0.780568 0.997841 0.603327 0.903238 0.657036 0.215854 0.122249 0.0258593 0.400024 0.530105 0.635256 0.225159 0.520055 0.135042 0.397303 0.724788 0.790069 0.613017 0.571373 0.162452 0.58382 0.0590425 0.329849 0.796646 0.278874 0.134169 0.0642746 0.224654 0.0892593 0.680337 0.136051 0.869827 0.678179 
15 24 44 4 26 60 5 
0.355256 0.425419 0.99633 0.580415 0.945474 0.131372 0.977718 0.670263 0.921442 0.590736 0.241636 0.0838933 0.174556 0.300678 0.413742 0.971202 0.579552 0.547911 0.0354769 0.804207 0.63717 0.715814 0.940258 0.506997 0.393993 0.679636 0.280063 0.729208 0.634868 0.175377 0.0902817 0.990124 0.600796 0.0866117 0.570539 0.54627 0.217984 0.548257 0.216533 0.139426 0.138993 0.458168 0.223319 0.313549 0.758846 0.637061 0.284752 0.338399 0.184973 0.320229 0.142605 0.822143 0.0360428 0.0828635 0.329141 0.430036 0.7625 0.609203 0.159243 0.397368 0.78458 0.249525 0.387492 0.385376 0.336137 0.958031 0.931646 0.554121 0.506288 0.148178 0.693547 0.645281 0.606347 0.916866 0.95883 0.365193 0.553927 0.243582 0.703591 0.7389 0.563811 0.846197 0.561043 0.599853 0.92906 0.890183 0.0298891 0.69156 0.499387 0.189132 0.0889278 0.283967 0.438657 0.476419 0.669343 0.774794 0.43445 0.600988 0.328915 0.940738 0.749167 0.0224614 0.586019 0.355513 0.939327 0.544849 0.720706 0.493254 0.788431 0.424298 0.232154 0.352242 0.270495 0.793197 0.952095 0.199555 0.68338 0.981985 0.891115 0.182767 0.171117 0.980043 0.466733 0.609774 0.456462 0.136076 0.384568 0.890912 
16 10 3 12 53 15 39 
0.841745 0.675272 0.962518 0.562451 0.168526 0.750949 0.986749 0.40068 0.103191 0.257243 0.193876 0.0552869 0.456798 0.877257 0.0372715 0.347913 0.0600234 0.208389 0.327955 0.526757 0.818163 0.784417 0.662833 0.202731 0.675329 0.399897 0.916214 0.506979 0.886129 0.652159 0.924648 0.727873 0.327431 0.887166 0.290324 0.495956 0.638115 0.277073 0.896636 0.741307 0.534316 0.0905123 0.796594 0.991113 0.967769 0.833865 0.339026 0.0277922 0.0422537 0.666981 0.554549 0.860417 0.451399 0.217382 0.0631478 0.126728 0.617279 0.979362 0.633707 0.503408 0.631521 0.558355 0.231281 0.958952 0.445521 0.521605 0.454908 0.0836358 0.798678 0.351544 0.824942 0.332993 0.442056 0.621536 0.324107 0.409825 0.455401 0.663133 0.437617 0.497655 0.330114 0.992166 0.358071 0.781513 0.209548 0.421219 0.908241 0.826828 0.400581 0.541948 0.330236 0.0321027 0.100303 0.561517 0.991054 0.545823 0.0831216 0.445962 0.629459 0.881799 0.797506 0.454401 0.214792 0.239562 0.0759374 0.538899 0.649387 0.531339 0.202032 0.0870046 0.0289936 0.532146 0.079171 0.387065 0.313659 0.288719 0.808284 0.2219 0.115547 0.208866 0.763848 0.445783 0.240968 0.86415 0.00729935 0.232023 0.409973 0.090421 
17 40 33 59 58 4 54 
0.715054 0.569771 0.725911 0.364441 0.10111 0.927943 0.451446 0.130103 0.460088 0.530617 0.517169 0.773747 0.819336 0.325453 0.995647 0.934883 0.534319 0.759495 0.380666 0.775287 0.623645 0.387966 0.00730983 0.0336185 0.478387 0.685295 0.0730509 0.450607 0.160787 0.566885 0.637619 0.875841 0.136656 0.36353 0.240282 0.237766 0.291473 0.691728 0.367869 0.751561 0.222345 0.885038 0.525308 0.0416815 0.21049 0.520955 0.976565 0.744809 0.28045 0.357231 0.520096 0.904095 0.745197 0.527406 0.937714 0.223583 0.212701 0.0107646 0.67419 0.373488 0.577649 0.311809 0.249328 0.714305 0.675339 0.48961 0.952071 0.966811 0.181339 0.31994 0.718373 0.403684 0.204977 0.243681 0.445365 0.415468 0.764636 0.42193 0.160277 0.0450867 0.779162 0.680372 0.949182 0.524358 0.207778 0.886896 0.747942 0.420479 0.89766 0.422132 0.793967 0.47531 0.733941 0.043295 0.189615 0.409279 0.532905 0.141685 0.376091 0.714244 0.461625 0.0944633 0.117928 0.666602 0.338144 0.563293 0.0820693 0.102781 0.985223 0.242346 0.147868 0.764385 0.922718 0.0970495 0.288743 0.130496 0.983945 0.0366849 0.550976 0.881606 0.458817 0.344942 0.356915 0.192757 0.388237 0.54653 0.602036 0.921143 
18 6 50 25 51 4 9 
0.816441 0.410735 0.316607 0.89851 0.513516 0.301831 0.140856 0.661383 0.0662156 0.0635744 0.758433 0.354959 0.194071 0.742378 0.391644 0.745046 0.623983 0.85046 0.0899886 0.980899 0.0432174 0.478226 0.527428 0.645254 0.399368 0.215643 0.623381 0.0347548 0.365482 0.695971 0.788069 0.181923 0.106706 0.104677 0.0804338 0.620222 0.406507 0.22129 0.281605 0.472723 0.284864 0.0400375 0.827682 0.478935 0.782415 0.219325 0.223982 0.406399 0.0697855 0.31397 0.387298 0.113003 0.792196 0.914726 0.758257 0.191564 0.130369 0.381638 0.226319 0.495851 0.0776089 0.0143883 0.677775 0.184315 0.119065 0.758209 0.804537 0.525572 0.979499 0.0861417 0.998295 0.264363 0.126179 0.825976 0.743298 0.908595 0.0453016 0.96728 0.314993 0.115087 0.28125 0.702291 0.22809 0.0734462 0.617017 0.986347 0.26501 0.747386 0.367984 0.49133 0.243237 0.445593 0.505718 0.921012 0.629908 0.624783 0.67922 0.434445 0.150355 0.658719 0.520586 0.148649 0.923082 0.646766 0.974626 0.66638 0.55536 0.0199275 0.63366 0.870354 0.135015 0.91491 0.572645 0.363105 0.988356 0.189662 0.349451 0.253367 0.937048 0.717435 0.744696 0.180285 0.163028 0.250414 0.101296 0.792936 0.875197 0.780517 
19 51 31 60 1 45 2 
0.950094 0.168754 0.662358 0.820447 0.303769 0.577268 0.393092 0.666874 0.565625 0.582754 0.016325 0.818992 0.519801 0.73376 0.563688 0.700086 0.896789 0.814102 0.801382 0.689725 0.689299 0.581899 0.917107 0.71485 0.021135 0.665074 0.889051 0.383453 0.0598078 0.037878 0.41215 0.00990142 0.206632 0.0745084 0.830349 0.510401 0.651777 0.223441 0.177275 0.217401 0.806195 0.1936 0.0363927 0.325996 0.92736 0.600081 0.0260825 0.824149 0.414183 0.827465 0.513874 0.103482 0.409364 0.430981 0.818332 0.430499 0.0960554 0.707383 0.813952 0.155863 0.745261 0.226103 0.165765 0.951894 0.300611 0.996113 0.462295 0.952388 0.219555 0.63957 0.169789 0.0257495 0.833169 0.206181 0.351746 0.76053 0.806262 0.377829 0.584679 0.220445 0.205294 0.098553 0.323927 0.614658 0.529534 0.142259 0.0451572 0.62559 0.849642 0.859109 0.781453 0.594904 0.0852118 0.947217 0.546797 0.385823 0.943331 0.00909204 0.33821 0.162885 0.648662 0.507999 0.188635 0.481831 0.71418 0.540381 0.24236 0.520443 0.918209 0.827039 0.740888 0.123503 0.925592 0.0648142 0.738161 0.455126 0.207073 0.783318 0.0807156 0.0567154 0.642427 0.862168 0.651619 0.727639 0.809386 0.198416 0.113462 0.752716 
20 19 0 51 38 48 18 
0.338001 0.673851 0.644617 0.580361 0.194294 0.562827 0.4074 0.935182 0.686329 0.332992 0.999996 0.42449 0.788119 0.207069 0.207808 0.868834 0.263784 0.850235 0.731002 0.915403 0.577874 0.540388 0.11382 0.691336 0.293105 0.321328 0.143008 0.208706 0.177498 0.102679 0.312943 0.515499 0.77653 0.95756 0.09586 0.970824 0.520386 0.50326 0.906006 0.206716 0.836253 0.906002 0.631206 0.624371 0.113071 0.839014 0.493205 0.376855 0.689249 0.224208 0.292258 0.267123 0.764596 0.406078 0.958459 0.0577005 0.727406 0.101467 0.266407 0.904903 0.204146 0.579349 0.420402 0.980676 0.536909 0.516262 0.9515 0.0572958 0.0195223 0.857506 0.264012 0.855775 0.763508 0.895218 0.480146 0.876578 0.734232 0.973352 0.253433 0.423481 0.19756 0.545691 0.690604 0.962156 0.951769 0.649063 0.0198562 0.679174 0.750529 0.286263 0.584078 0.954675 0.865612 0.00447959 0.935351 0.402522 0.520742 0.886851 0.459817 0.540264 0.744357 0.723829 0.396039 0.507865 0.619047 0.876185 0.384443 0.353278 0.849537 0.637876 0.776759 0.0470965 0.183567 0.467363 0.00925207 0.135336 0.116425 0.0291082 0.81451 0.866955 0.315371 0.398588 0.82163 0.180983 0.403067 0.756981 0.583505 0.923809 
21 51 48 55 1 42 37 
0.896053 0.386198 0.736297 0.280496 0.739476 0.585834 0.918372 0.516235 0.63293 0.101939 0.983597 0.642182 0.237275 0.100023 0.67129 0.0517847 0.966977 0.986661 0.450372 0.788607 0.167645 0.85344 0.545588 0.75115 0.777248 0.18942 0.794472 0.241321 0.577608 0.561623 0.101432 0.473662 0.947821 0.837729 0.754158 0.687297 0.423563 0.67253 0.203531 0.0564929 0.774469 0.187129 0.698675 0.0117432 0.287151 0.369965 0.0635278 0.254129 0.356627 0.5139 0.042736 0.524272 0.36734 0.588324 0.275421 0.144588 0.777743 0.0698933 0.385909 0.355351 0.631516 0.487341 0.829013 0.579337 0.325071 0.583171 0.266634 0.748633 0.2557 0.470165 0.805126 0.0301689 0.657294 0.503801 0.0419121 0.944445 0.873767 0.10544 0.198574 0.230394 0.61934 0.24131 0.754665 0.98668 0.829634 0.0300866 0.131268 0.607377 0.0999799 0.517177 0.962729 0.731496 0.00451804 0.791742 0.310833 0.329589 0.374912 0.577467 0.0782222 0.630613 0.047632 0.883349 0.660782 0.704926 0.38715 0.702694 0.649371 0.260917 0.808134 0.847945 0.49131 0.427474 0.0892554 0.245975 0.414153 0.918889 0.276062 0.545421 0.526266 0.376042 0.0625976 0.488995 0.107538 0.0671156 0.280737 0.418371 0.396704 0.655649 
22 31 32 29 45 23 59 
0.748396 0.745425 0.649738 0.397767 0.00634151 0.457871 0.245713 0.497652 0.885345 0.334968 0.743627 0.299498 0.253857 0.0196888 0.844919 0.780124 0.395731 0.907517 0.269119 0.503269 0.974632 0.549856 0.92164 0.371337 0.205505 0.917478 0.846263 0.491767 0.960948 0.204538 0.438811 0.709344 0.949963 0.0885488 0.107111 0.956305 0.54642 0.352824 0.453956 0.431765 0.687792 0.197583 0.731263 0.941649 0.217272 0.576182 0.721773 0.613003 0.483699 0.990892 0.116271 0.458331 0.540748 0.037911 0.829668 0.746253 0.955389 0.675932 0.238021 0.916337 0.88047 0.676832 0.625681 0.830433 0.765381 0.732792 0.786738 0.311801 0.0856162 0.240695 0.743565 0.773408 0.438278 0.474828 0.715057 0.65555 0.0510105 0.43683 0.268553 0.534709 0.427722 0.384824 0.993041 0.96847 0.422735 0.822709 0.714723 0.378124 0.498641 0.952744 0.294461 0.37911 0.629576 0.920142 0.209544 0.394956 0.652934 0.996282 0.706757 0.73855 0.236976 0.450322 0.511958 0.675254 0.92515 0.227016 0.330804 0.976161 0.663846 0.599357 0.51087 0.0915683 0.984181 0.503911 0.0600384 0.406916 0.32662 0.774762 0.78504 0.825261 0.727506 0.0795003 0.204371 0.357081 0.999642 0.413915 0.752037 0.652576 
23 9 29 60 30 10 11 
0.322427 0.834266 0.1301 0.653231 0.810427 0.793946 0.252588 0.321297 0.885514 0.236769 0.825208 0.945553 0.643685 0.151829 0.720314 0.428725 0.977089 0.44782 0.508225 0.181461 0.804901 0.507867 0.595376 0.556938 0.160443 0.00557223 0.015732 0.551569 0.652745 0.924848 0.454653 0.975172 0.759114 0.584753 0.628404 0.569541 0.378699 0.880992 0.890838 0.264213 0.117761 0.716046 0.209765 0.761446 0.867875 0.93008 0.190171 0.844964 0.377899 0.698396 0.0264245 0.1828 0.206263 0.6218 0.739738 0.366706 0.627372 0.75547 0.918274 0.280117 0.680318 0.372927 0.25529 0.439432 0.95768 0.883694 0.00897263 0.336378 0.764686 0.89981 0.600591 0.882447 0.615857 0.810356 0.643893 0.483731 0.740436 0.834064 0.328695 0.118335 0.53246 0.35512 0.301135 0.738723 0.97692 0.0408738 0.105428 0.604292 0.796344 0.0237024 0.884409 0.476662 0.396629 0.139699 0.916094 0.354309 0.0233926 0.925067 0.690687 0.788078 0.824877 0.291278 0.670525 0.440734 0.101635 0.314418 0.924465 0.84207 0.148482 0.25316 0.960405 0.680942 0.60828 0.261541 0.419664 0.585199 0.302415 0.525093 0.189491 0.0987587 0.548795 0.0738999 0.575421 0.945425 0.213599 0.491515 0.299734 0.236992 
24 12 36 35 59 58 2 
0.682193 0.383334 0.0100129 0.606658 0.225405 0.158495 0.859818 0.18581 0.839437 0.468098 0.447351 0.259101 0.0532968 0.749765 0.784194 0.242788 0.848524 0.332989 0.316688 0.423945 0.278414 0.530287 0.91546 0.578147 0.767278 0.332042 0.568569 0.792348 0.573501 0.850268 0.487943 0.255694 0.233602 0.497955 0.862352 0.459007 0.65645 0.72217 0.644817 0.495887 0.190268 0.0921677 0.754989 0.243565 0.841933 0.539183 0.486352 0.690457 0.872172 0.80304 0.114402 0.150585 0.333326 0.0298626 0.728733 0.100604 0.361905 0.297301 0.892952 0.935406 0.147569 0.380895 0.1911 0.381172 0.87885 0.0534524 0.840179 0.535301 0.775623 0.484995 0.0311879 0.965891 0.577163 0.786176 0.209455 0.419096 0.325359 0.695808 0.109554 0.197531 0.498848 0.223956 0.348116 0.832174 0.253819 0.0768486 0.932778 0.615723 0.37415 0.825731 0.551129 0.521719 0.206625 0.742229 0.902891 0.0854756 0.795682 0.743069 0.620776 0.571304 0.228065 0.651964 0.537195 0.805228 0.438141 0.74665 0.224324 0.7635 0.442458 0.333878 0.96103 0.941305 0.557834 0.309146 0.773479 0.811652 0.385995 0.706258 0.427375 0.760145 0.531988 0.978505 0.281864 0.738614 0.720734 0.184755 0.824089 0.516416 
25 1 34 54 24 38 2 
0.53497 0.371565 0.185441 0.29847 0.814023 0.519318 0.259501 0.755328 0.077152 0.568647 0.528808 0.888804 0.954642 0.235065 0.316179 0.714787 0.767053 0.294684 0.996651 0.505667 0.0154181 0.181406 0.329756 0.531834 0.10923 0.774622 0.619554 0.265119 0.871451 0.24447 0.226236 0.406422 0.616035 0.411676 0.704892 0.430058 0.930995 0.964393 0.185387 0.00814672 0.53304 0.714194 0.896951 0.487682 0.949259 0.21313 0.202468 0.716313 0.507814 0.199119 0.22198 0.523232 0.380525 0.551736 0.0550665 0.489755 0.326358 0.674621 0.754874 0.197809 0.91909 0.981109 0.604231 0.535125 0.392786 0.309123 0.965183 0.32378 0.273516 0.15057 0.331927 0.806556 0.864764 0.228878 0.294237 0.814024 0.442008 0.496706 0.530337 0.949823 0.695825 0.752316 0.473055 0.07635 0.304053 0.528121 0.566105 0.63041 0.202742 0.320979 0.828219 0.121832 0.302088 0.432451 0.656958 0.694874 0.741574 0.622141 0.018654 0.0150897 0.772711 0.350581 0.821645 0.637475 0.579459 0.115883 0.451499 0.0214673 0.612588 0.981835 0.97129 0.308413 0.734152 0.444345 0.384763 0.0382044 0.972466 0.950868 0.668615 0.175208 0.271847 0.496834 0.297041 0.573935 0.929285 0.953999 0.268809 0.670859 
26 34 14 58 9 51 40 
0.217503 0.623476 0.437825 0.23897 0.236065 0.41966 0.21026 0.544478 0.153812 0.654605 0.929241 0.192017 0.627071 0.88011 0.860632 0.802279 0.151957 0.357466 0.09932 0.725892 0.286751 0.0533185 0.994701 0.957609 0.629458 0.282163 0.643558 0.978309 0.920207 0.151151 0.964635 0.13771 0.774628 0.40246 0.37668 0.0106922 0.82212 0.58694 0.55517 0.975933 0.241545 0.484412 0.167949 0.868616 0.364522 0.0285809 0.670895 0.516479 0.386047 0.770215 0.242371 0.672797 0.823533 0.237071 0.630406 0.452992 0.519234 0.273964 0.4313 0.439442 0.425115 0.395935 0.577152 0.199743 0.798395 0.953832 0.210435 0.620515 0.540773 0.765605 0.596448 0.782318 0.250017 0.764397 0.650933 0.614539 0.792978 0.321828 0.131017 0.179025 0.0920434 0.373388 0.851822 0.915577 0.610459 0.482229 0.368568 0.129693 0.756193 0.799869 0.569135 0.181308 0.195804 0.146287 0.381051 0.9942 0.100119 0.591486 0.614715 0.640892 0.357091 0.211163 0.423209 0.607108 0.975561 0.0741427 0.221647 0.768539 0.395971 0.352664 0.947564 0.488015 0.726052 0.799386 0.403591 0.336511 0.281615 0.77216 0.466204 0.0378082 0.572029 0.0353391 0.219116 0.767833 0.181626 0.600167 0.762033 0.281745 
27 35 16 0 14 43 39 
0.563472 0.419989 0.377499 0.332011 0.81596 0.730163 0.279575 0.303975 0.456215 0.0789612 0.707566 0.792726 0.360577 0.479726 0.25893 0.398385 0.0517553 0.294269 0.617501 0.819589 0.475895 0.217668 0.581621 0.75764 0.409321 0.958369 0.680277 0.958065 0.54628 0.0261234 0.113918 0.109752 0.446113 0.491417 0.441762 0.262073 0.22158 0.721337 0.566048 0.677795 0.800298 0.273614 0.47052 0.160875 0.75334 0.72945 0.55926 0.805095 0.0237185 0.176761 0.624684 0.499613 0.394429 0.206305 0.257253 0.80375 0.164674 0.93753 0.761815 0.710955 0.963654 0.875733 0.820706 0.409766 0.36715 0.262469 0.671839 0.58873 0.983806 0.237887 0.266525 0.784104 0.511501 0.737045 0.944979 0.264841 0.466495 0.504239 0.0699362 0.490213 0.681 0.69462 0.989827 0.0754284 0.900925 0.24708 0.879178 0.0655999 0.18461 0.640994 0.776555 0.148264 0.516727 0.597261 0.558031 0.883877 0.85973 0.22987 0.472607 0.843536 0.467757 0.739131 0.62764 0.979257 0.476176 0.57262 0.244098 0.942671 0.0768587 0.314034 0.432885 0.757858 0.00865418 0.422711 0.833287 0.90958 0.669791 0.712465 0.97518 0.854402 0.353459 0.751734 0.00266598 0.870186 0.348995 0.560697 0.754063 0.208725 
28 35 3 10 33 9 30 
0.23758 0.441978 0.252521 0.481678 0.384649 0.32938 0.795712 0.817533 0.0872381 0.804366 0.240245 0.920525 0.713946 0.910036 0.63299 0.689125 0.764438 0.986449 0.440859 0.767103 0.856635 0.789854 0.3278 0.610698 0.99858 0.118367 0.837367 0.0508405 0.37669 0.803169 0.730742 0.61427 0.245146 0.983263 0.0959476 0.629795 0.312643 0.89166 0.447328 0.399881 0.696026 0.687573 0.320406 0.409971 0.597609 0.953396 0.0990965 0.362046 0.939844 0.539956 0.12915 0.796479 0.32981 0.45695 0.407177 0.32839 0.575317 0.244544 0.37923 0.952006 0.0477129 0.109972 0.566276 0.292859 0.0932352 0.662224 0.922654 0.405878 0.553883 0.369982 0.805759 0.249909 0.0575555 0.126165 0.65988 0.655164 0.0795601 0.758977 0.0172107 0.0194045 0.298932 0.146361 0.815884 0.628743 0.603311 0.223061 0.957133 0.178627 0.467605 0.336363 0.130634 0.515318 0.446335 0.69691 0.808177 0.539571 0.359133 0.730831 0.945448 0.913016 0.100813 0.751207 0.162925 0.158369 0.877372 0.822805 0.813533 0.956932 0.581782 0.830744 0.976336 0.880714 0.977104 0.79222 0.509457 0.580415 0.0152806 0.46659 0.759042 0.482885 0.802953 0.889676 0.998203 0.249288 0.586585 0.80638 0.788859 0.945718 
29 38 50 49 60 40 12 
0.796393 0.362886 0.844465 0.609926 0.319818 0.426246 0.44067 0.296155 0.30696 0.417775 0.0883747 0.816417 0.998189 0.103655 0.283006 0.757232 0.586541 0.085959 0.646907 0.584744 0.335247 0.233492 0.391124 0.124106 0.179211 0.928335 0.858413 0.0379456 0.56636 0.343927 0.0596053 0.362753 0.706813 0.90407 0.972679 0.0266313 0.330316 0.413349 0.322786 0.637276 0.831124 0.411161 0.453693 0.829313 0.514816 0.7367 0.586545 0.101357 0.822659 0.233452 0.686101 0.157906 0.466944 0.0772249 0.282011 0.646155 0.00556001 0.140424 0.684101 0.57192 0.484351 0.743706 0.934672 0.191164 0.647776 0.907351 0.217795 0.978092 0.320701 0.540581 0.615369 0.151824 0.951741 0.0690619 0.981137 0.466557 0.805762 0.567682 0.567914 0.62842 0.801134 0.254015 0.786326 0.268079 0.33124 0.0683373 0.914234 0.3368 0.208761 0.598335 0.908719 0.693112 0.342041 0.843391 0.884275 0.989817 0.750743 0.10207 0.967909 0.0714433 0.642651 0.583278 0.223268 0.594393 0.65234 0.204405 0.06095 0.458102 0.772087 0.628864 0.0865219 0.573221 0.882879 0.872848 0.8413 0.214118 0.941185 0.755534 0.550918 0.149946 0.353869 0.459637 0.843058 0.695909 0.303028 0.727334 0.685726 0.0537708 
30 25 55 29 60 28 27 
0.066448 0.889254 0.552887 0.127398 0.347355 0.324974 0.756262 0.433877 0.898196 0.63914 0.306725 0.739495 0.853259 0.247911 0.495029 0.404176 0.397857 0.848898 0.863813 0.240915 0.544807 0.166841 0.968249 0.230534 0.220612 0.797653 0.884169 0.345826 0.269708 0.121083 0.694308 0.336156 0.0103372 0.247195 0.463554 0.357693 0.572169 0.219816 0.79157 0.470364 0.858957 0.0982954 0.20986 0.712215 0.346206 0.704889 0.116391 0.744063 0.553787 0.980205 0.984979 0.0985941 0.147046 0.953228 0.329128 0.367658 0.750881 0.213297 0.713484 0.0205893 0.334381 0.407792 0.356746 0.344718 0.654987 0.8203 0.702411 0.227155 0.0401161 0.493981 0.69752 0.899073 0.592276 0.90738 0.611288 0.938482 0.612269 0.727679 0.682546 0.166056 0.707884 0.667524 0.26465 0.85493 0.620752 0.593777 0.222588 0.371633 0.807075 0.936071 0.392222 0.141455 0.343863 0.748968 0.486173 0.99885 0.569268 0.188584 0.226005 0.609384 0.682564 0.923525 0.508457 0.27484 0.830905 0.119745 0.213323 0.443173 0.847424 0.895868 0.609229 0.555308 0.563393 0.873879 0.410238 0.184145 0.467656 0.632825 0.555778 0.274731 0.568897 0.948 0.416186 0.91276 0.696968 0.90236 0.91161 0.266236 
31 56 11 38 24 51 1 
0.892046 0.503822 0.261671 0.335219 0.351246 0.157539 0.944448 0.906554 0.720932 0.818327 0.316792 0.905077 0.285983 0.949617 0.460854 0.560714 0.518514 0.408854 0.9769 0.431274 0.105822 0.87926 0.342885 0.372058 0.970203 0.4805 0.247678 0.743711 0.541641 0.631755 0.79206 0.433687 0.135577 0.0537306 0.768906 0.486822 0.21127 0.713354 0.393376 0.932202 0.53168 0.710168 0.837279 0.817663 0.659785 0.298133 0.378377 0.178299 0.706987 0.355278 0.609574 0.81281 0.234538 0.952458 0.184868 0.204741 0.432958 0.432546 0.948452 0.9746 0.0643013 0.740512 0.408286 0.199878 0.794242 0.177192 0.6867 0.00551246 0.890545 0.0800763 0.937714 0.422226 0.790244 0.774993 0.239889 0.450029 0.073126 0.618267 0.628328 0.780113 0.973545 0.237902 0.592923 0.208082 0.19036 0.777791 0.412823 0.623318 0.210338 0.361276 0.597918 0.274639 0.101788 0.00620408 0.474517 0.89603 0.183396 0.161217 0.901542 0.073941 0.241293 0.839257 0.496167 0.0315374 0.61425 0.736056 0.481567 0.687376 0.354323 0.109895 0.467489 0.327867 0.347797 0.0604125 0.535949 0.538157 0.838204 0.948773 0.161475 0.0485413 0.310048 0.759393 0.32318 0.411836 0.765597 0.797697 0.307866 0.948993 
32 50 58 6 8 33 57 
0.231745 0.662915 0.255157 0.713311 0.350291 0.609479 0.823206 0.81778 0.937346 0.171003 0.878193 0.473296 0.70916 0.716397 0.422069 0.870635 0.764938 0.732117 0.630028 0.0881181 0.143953 0.395625 0.885815 0.451819 0.344619 0.844729 0.661227 0.367553 0.0449361 0.709893 0.886654 0.276681 0.372808 0.14181 0.989992 0.723099 0.75129 0.813198 0.540879 0.688636 0.9842 0.419072 0.161932 0.69336 0.135469 0.584 0.563995 0.900407 0.316117 0.194023 0.988525 0.46007 0.589648 0.87434 0.911889 0.934267 0.719069 0.573117 0.30182 0.764005 0.28301 0.188473 0.0406859 0.655817 0.330284 0.0306776 0.378917 0.0815732 0.843875 0.919796 0.770209 0.828076 0.338868 0.932141 0.521435 0.474337 0.516142 0.0854302 0.374744 0.832259 0.279453 0.363269 0.29233 0.869101 0.237609 0.204219 0.803368 0.956678 0.777336 0.105188 0.720684 0.0603452 0.293661 0.76137 0.716163 0.623944 0.792047 0.0950793 0.705518 0.635922 0.0148753 0.475727 0.463998 0.353744 0.407868 0.985433 0.828081 0.92401 0.0708635 0.202825 0.756269 0.350316 0.566095 0.0485986 0.219418 0.803704 0.252818 0.0227858 0.760383 0.0301532 0.127974 0.481066 0.0904984 0.421634 0.242436 0.806661 0.0455788 0.034483 
33 0 40 51 32 21 42 
0.270359 0.634691 0.119837 0.0984406 0.558701 0.1907 0.301266 0.31497 0.541017 0.867361 0.363569 0.760434 0.671065 0.616386 0.78322 0.431448 0.64654 0.911194 0.912514 0.737038 0.332828 0.15495 0.543699 0.378407 0.189433 0.44544 0.129503 0.859838 0.362055 0.356327 0.994242 0.632415 0.991018 0.114078 0.730855 0.549719 0.304778 0.0321214 0.86469 0.845795 0.899482 0.228259 0.606229 0.570547 0.844645 0.389449 0.00199492 0.491185 0.300643 0.914509 0.228223 0.633471 0.069459 0.771922 0.0118778 0.258892 0.217362 0.141381 0.11873 0.579417 0.497708 0.112972 0.211832 0.488726 0.22705 0.942687 0.0384455 0.531829 0.974808 0.903135 0.377623 0.874291 0.131394 0.983852 0.444838 0.976039 0.373301 0.446833 0.467224 0.673944 0.361342 0.695447 0.307415 0.430801 0.467369 0.319293 0.689693 0.68473 0.460674 0.808423 0.264147 0.958382 0.921395 0.475979 0.447108 0.148446 0.418666 0.485554 0.680274 0.393474 0.388689 0.0578973 0.267765 0.520083 0.0417497 0.712603 0.496122 0.415051 0.159435 0.963345 0.0889953 0.520777 0.658792 0.39641 0.951578 0.126161 0.715703 0.64127 0.810891 0.176377 0.449694 0.0750387 0.134759 0.371089 0.551018 0.581868 0.519534 0.969684 
34 23 7 12 51 41 25 
0.976192 0.299455 0.343526 0.472314 0.714506 0.502961 0.435659 0.803502 0.0237384 0.0944512 0.199912 0.975316 0.220612 0.915615 0.616587 0.0315032 0.0919928 0.0662801 0.106542 0.226752 0.437369 0.65756 0.80862 0.956903 0.627244 0.876041 0.156712 0.990402 0.332151 0.414417 0.621325 0.308343 0.713873 0.964851 0.780657 0.428379 0.467813 0.216316 0.231881 0.491551 0.310767 0.431793 0.466867 0.531379 0.347408 0.0834537 0.562882 0.439401 0.149734 0.669424 0.666154 0.587103 0.326984 0.474773 0.544006 0.954228 0.350814 0.700718 0.94463 0.682965 0.115135 0.565955 0.991308 0.829008 0.530806 0.771965 0.257387 0.998619 0.988281 0.489268 0.49017 0.299049 0.921061 0.957037 0.830428 0.268469 0.0404908 0.39331 0.70787 0.190225 0.0627348 0.374024 0.777327 0.389719 0.848797 0.321333 0.343947 0.199611 0.0220511 0.288576 0.882576 0.137186 0.854531 0.873884 0.966194 0.385338 0.64585 0.22358 0.383956 0.634131 0.712848 0.874126 0.93318 0.633909 0.831163 0.763608 0.902377 0.871654 0.156918 0.610247 0.0618787 0.219653 0.984271 0.839206 0.609372 0.833068 0.16054 0.953318 0.0326793 0.182591 0.241895 0.915256 0.319777 0.0964259 0.78914 0.285971 0.481763 0.43499 
35 1 21 45 11 29 23 
0.856308 0.571009 0.765908 0.758685 0.442664 0.922826 0.368932 0.504542 0.142479 0.353203 0.343748 0.75185 0.186271 0.504288 0.705169 0.218951 0.686879 0.947063 0.134206 0.00665568 0.0434891 0.923347 0.292626 0.525253 0.358336 0.802177 0.390972 0.427457 0.0245764 0.130819 0.429757 0.880884 0.701828 0.195665 0.639569 0.144492 0.11849 0.00850119 0.649034 0.260969 0.361705 0.992782 0.0128192 0.547976 0.49707 0.717988 0.766927 0.183949 0.665051 0.901133 0.190605 0.70854 0.82448 0.483231 0.233793 0.182816 0.285408 0.624765 0.610273 0.309985 0.755584 0.04003 0.190869 0.457412 0.235695 0.830437 0.601903 0.354185 0.838939 0.250937 0.615154 0.200643 0.243719 0.627973 0.748619 0.740789 0.345961 0.515546 0.924738 0.0110118 0.41668 0.115343 0.719552 0.24116 0.598574 0.953344 0.423976 0.883982 0.57811 0.0342489 0.193967 0.333693 0.0742789 0.384836 0.791105 0.309974 0.215273 0.393008 0.664159 0.0542117 0.643945 0.279313 0.254855 0.887664 0.907286 0.00347427 0.628454 0.253247 0.519021 0.553192 0.264259 0.9357 0.668535 0.983811 0.17686 0.267109 0.937155 0.600836 0.151092 0.515265 0.635085 0.345059 0.848958 0.709363 0.729895 0.640063 0.0193371 0.945168 
36 33 44 1 54 17 53 
0.56468 0.870095 0.257709 0.193134 0.123341 0.776729 0.746326 0.3876 0.71243 0.414862 0.371411 0.88929 0.681971 0.308566 0.490125 0.833063 0.82383 0.12521 0.178122 0.672788 0.834573 0.908017 0.312851 0.85391 0.853185 0.345922 0.537406 0.852565 0.0229382 0.500215 0.1068 0.587619 0.370309 0.364509 0.780753 0.493651 0.141238 0.527079 0.881251 0.853668 0.941941 0.252662 0.742957 0.623912 0.561228 0.233083 0.456975 0.385058 0.358292 0.635097 0.0578467 0.192866 0.543114 0.370698 0.0467761 0.3963 0.71662 0.584182 0.248865 0.739558 0.0843972 0.355664 0.327177 0.454707 0.720173 0.10793 0.948358 0.861411 0.635009 0.829609 0.715078 0.57695 0.0822707 0.458036 0.200862 0.643498 0.691118 0.657837 0.0285567 0.0494104 0.292934 0.0864034 0.242276 0.836049 0.457101 0.289052 0.232348 0.173721 0.873235 0.481213 0.913279 0.957632 0.836877 0.240456 0.412339 0.557049 0.348386 0.360696 0.41846 0.983395 0.190305 0.133538 0.560345 0.272575 0.591574 0.761206 0.916074 0.282692 0.419043 0.944631 0.332102 0.711977 0.0310341 0.574378 0.548026 0.488135 0.863431 0.780374 0.661856 0.736665 0.261587 0.575136 0.694297 0.0984639 0.815592 0.106636 0.655513 0.163978 
37 19 54 52 7 1 56 
0.930212 0.799086 0.468924 0.846286 0.0817776 0.887967 0.790917 0.41388 0.599944 0.821951 0.988258 0.14797 0.310086 0.851689 0.928344 0.971942 0.588354 0.189931 0.547078 0.282652 0.288395 0.36267 0.389287 0.943908 0.526649 0.856619 0.0178818 0.674021 0.514256 0.225394 0.381739 0.444468 0.0244793 0.850662 0.290754 0.106257 0.738629 0.0816707 0.520137 0.338573 0.903621 0.508395 0.486543 0.213707 0.360084 0.414887 0.18565 0.948439 0.604818 0.732728 0.23109 0.893213 0.0953987 0.620378 0.837121 0.622047 0.476997 0.855003 0.296069 0.991253 0.0803966 0.677808 0.435721 0.104876 0.52847 0.726475 0.211133 0.267099 0.808145 0.73127 0.605672 0.711767 0.239665 0.0922153 0.925474 0.599749 0.507102 0.111124 0.548188 0.11192 0.843852 0.779278 0.00513318 0.939251 0.399656 0.842254 0.561298 0.876652 0.697257 0.857367 0.867905 0.777654 0.535175 0.303626 0.88253 0.0636445 0.0301003 0.0936629 0.330744 0.838246 0.824933 0.936416 0.550012 0.0645975 0.0286313 0.475487 0.664347 0.535734 0.586611 0.212534 0.647654 0.430463 0.991812 0.652787 0.369714 0.391468 0.495041 0.931012 0.26812 0.192299 0.788379 0.136025 0.969953 0.323554 0.439651 0.852483 0.387198 0.469751 
38 8 26 9 36 7 60 
0.333496 0.500023 0.218723 0.920107 0.712557 0.866377 0.350569 0.70437 0.519164 0.720283 0.0958376 0.0142051 0.651296 0.363958 0.206504 0.439675 0.499983 0.176457 0.763229 0.939635 0.0289399 0.150427 0.409386 0.975086 0.86837 0.717383 0.746164 0.522728 0.575393 0.58184 0.205717 0.908889 0.0818629 0.42444 0.828995 0.79442 0.290817 0.179565 0.49879 0.809981 0.899848 0.594627 0.824186 0.551144 0.958585 0.0306898 0.990819 0.458569 0.207147 0.754048 0.398203 0.236087 0.904476 0.807589 0.211172 0.772845 0.524972 0.957337 0.295573 0.100365 0.539177 0.50129 0.00925386 0.62104 0.925731 0.838249 0.41546 0.216548 0.0178139 0.91425 0.0265285 0.917662 0.508877 0.850714 0.468806 0.467462 0.881404 0.459625 0.926031 0.0885508 0.213674 0.324234 0.324637 0.11815 0.131823 0.53581 0.890995 0.656795 0.493146 0.186568 0.757161 0.0323234 0.687859 0.766414 0.653363 0.613589 0.604664 0.0688232 0.830137 0.622477 0.983073 0.856666 0.54014 0.491949 0.70738 0.00894593 0.959411 0.588784 0.468571 0.885442 0.677335 0.682245 0.209676 0.00197221 0.800395 0.341499 0.537782 0.69139 0.998294 0.0309284 0.877958 0.755454 0.0632518 0.565816 0.521869 0.716615 0.179406 0.126532 
39 20 25 1 60 13 40 
0.573588 0.298095 0.219872 0.162372 0.766667 0.105314 0.839707 0.448912 0.314989 0.841679 0.249307 0.656488 0.379461 0.940696 0.654782 0.41039 0.818654 0.410236 0.473641 0.38447 0.932105 0.190256 0.563876 0.0586374 0.975695 0.573418 0.807647 0.744206 0.439627 0.0967967 0.00466615 0.0132147 0.394892 0.224538 0.175587 0.161559 0.329852 0.0152937 0.610471 0.644841 0.856973 0.859778 0.301329 0.236434 0.800474 0.956111 0.646824 0.619128 0.366347 0.120465 0.00359783 0.298452 0.310721 0.567474 0.35709 0.286416 0.140892 0.164737 0.0306218 0.580518 0.261534 0.0352879 0.593733 0.656426 0.259826 0.76932 0.817985 0.589678 0.784614 0.428456 0.234519 0.641586 0.288233 0.535848 0.87802 0.0887069 0.491959 0.524844 0.707835 0.858307 0.645309 0.711432 0.156759 0.95603 0.278906 0.513849 0.242446 0.419798 0.678586 0.273068 0.000316309 0.940119 0.308356 0.594049 0.596545 0.568182 0.363369 0.41453 0.15786 0.147983 0.842985 0.392379 0.789569 0.131218 0.928227 0.66759 0.219925 0.420186 0.192434 0.92776 0.278493 0.837743 0.639192 0.435252 0.793773 0.918098 0.949101 0.0362193 0.337896 0.627687 0.309287 0.338213 0.567806 0.617644 0.932262 0.164351 0.185826 0.295631 
40 38 57 46 21 6 59 
0.553085 0.664291 0.900773 0.77301 0.0844777 0.0932071 0.70077 0.362971 0.93095 0.339963 0.798223 0.724723 0.258061 0.747324 0.760942 0.595958 0.375011 0.0702294 0.93417 0.942817 0.687873 0.866432 0.107168 0.873698 0.162064 0.686049 0.217384 0.605678 0.107916 0.953448 0.838861 0.661 0.617739 0.739635 0.434011 0.702217 0.832842 0.134781 0.0651879 0.763792 0.474744 0.863411 0.488514 0.732805 0.610735 0.249456 0.328763 0.985745 0.319686 0.262933 0.928562 0.00755866 0.129365 0.0357297 0.881257 0.291429 0.721779 0.0986409 0.897106 0.829694 0.052089 0.735968 0.490695 0.669828 0.475603 0.924706 0.372045 0.308445 0.0594867 0.437233 0.0722367 0.534231 0.300644 0.560751 0.267036 0.911379 0.810208 0.595799 0.897124 0.129893 0.858732 0.825686 0.137452 0.988097 0.861415 0.0187091 0.279525 0.583194 0.11735 0.176632 0.412889 0.169439 0.9126 0.903583 0.839267 0.388203 0.828289 0.211313 0.696648 0.887776 0.648546 0.768884 0.422006 0.94919 0.329635 0.689042 0.860569 0.139843 0.284841 0.757693 0.269736 0.143573 0.583379 0.407188 0.13167 0.444794 0.425897 0.411195 0.0279883 0.543247 0.587827 0.440877 0.712686 0.500427 0.34446 0.551954 0.888629 0.172749 
41 33 23 26 50 40 8 
0.361002 0.683797 0.171573 0.221571 0.82364 0.456414 0.979264 0.0933761 0.599987 0.562643 0.500564 0.731657 0.00743682 0.926462 0.142852 0.0354251 0.469709 0.730678 0.476302 0.182395 0.231105 0.820762 0.734349 0.119734 0.993511 0.497615 0.705011 0.0540359 0.909427 0.0591728 0.536567 0.27043 0.74297 0.70814 0.492001 0.566609 0.164555 0.471265 0.659985 0.764542 0.0339077 0.16055 0.496198 0.0413445 0.0870114 0.63905 0.0767696 0.55672 0.369728 0.553072 0.739116 0.600833 0.373834 0.473464 0.720568 0.367345 0.971079 0.425579 0.421381 0.880506 0.484752 0.957948 0.150936 0.227722 0.666088 0.642937 0.794331 0.830643 0.114202 0.454316 0.595184 0.148109 0.614866 0.0913828 0.189454 0.701878 0.730433 0.266223 0.258598 0.100161 0.819295 0.997714 0.700995 0.193129 0.471178 0.421563 0.560474 0.442257 0.847142 0.981855 0.322763 0.331894 0.939803 0.473699 0.559616 0.605891 0.116636 0.353947 0.436534 0.230838 0.808263 0.0317183 0.378947 0.423129 0.123101 0.568401 0.125007 0.853534 0.834624 0.383605 0.953695 0.653919 0.381319 0.65469 0.847048 0.852496 0.0762524 0.407522 0.294753 0.923394 0.389377 0.617517 0.255289 0.32918 0.091216 0.814904 0.935071 0.207852 
42 21 24 25 32 40 11 
0.400244 0.526425 0.386037 0.525251 0.379959 0.220661 0.908856 0.333654 0.87458 0.290175 0.988343 0.721628 0.142671 0.0645959 0.129151 0.437424 0.98799 0.518528 0.0549411 0.243279 0.847708 0.146157 0.0581834 0.78278 0.354009 0.227035 0.154385 0.792698 0.204149 0.557708 0.610335 0.604394 0.0841331 0.996372 0.129645 0.464092 0.217033 0.0385011 0.797745 0.0916127 0.328676 0.786089 0.813241 0.471347 0.850685 0.942392 0.908771 0.838675 0.46092 0.963712 0.0819539 0.308628 0.109869 0.140137 0.0914079 0.463878 0.367172 0.245793 0.256577 0.571322 0.803501 0.866911 0.175715 0.887634 0.863283 0.30536 0.351726 0.0803154 0.343861 0.149471 0.171928 0.672537 0.93556 0.985169 0.143884 0.786245 0.927561 0.0526553 0.62492 0.388481 0.0163677 0.706874 0.697109 0.126237 0.847011 0.788517 0.590116 0.214183 0.0343097 0.846692 0.785505 0.837811 0.713604 0.96122 0.725445 0.576887 0.26658 0.077171 0.657202 0.610441 0.226642 0.82913 0.282978 0.162202 0.814299 0.426862 0.948447 0.741861 0.479517 0.573367 0.130341 0.495885 0.28024 0.827451 0.622122 0.127251 0.615967 0.212237 0.341434 0.650277 0.0589298 0.126939 0.488088 0.772534 0.0881586 0.213533 0.34942 0.354738 
43 46 22 11 10 30 6 
0.679549 0.650052 0.675019 0.627996 0.391912 0.154536 0.201362 0.522254 0.65042 0.481603 0.349704 0.272542 0.608854 0.965672 0.48478 0.950288 0.615949 0.54371 0.0772274 0.104037 0.316243 0.165386 0.31757 0.665663 0.520124 0.608275 0.672285 0.485303 0.125621 0.508038 0.73346 0.80517 0.158089 0.408479 0.433166 0.550002 0.563015 0.634528 0.0722552 0.213435 0.116131 0.421959 0.485978 0.724985 0.387631 0.970757 0.675274 0.00357986 0.514467 0.752501 0.107617 0.83071 0.917887 0.425187 0.496373 0.438011 0.0334618 0.168659 0.923315 0.159083 0.676697 0.656775 0.964253 0.834786 0.0652541 0.397419 0.384788 0.628269 0.0319471 0.457043 0.841704 0.148078 0.879002 0.327682 0.873063 0.266633 0.298439 0.548337 0.270213 0.812906 0.300838 0.37783 0.643616 0.218725 0.803017 0.139989 0.656736 0.836479 0.308648 0.580051 0.995562 0.985345 0.236826 0.959815 0.820131 0.30208 0.357234 0.204918 0.930349 0.389181 0.661961 0.772053 0.537259 0.540963 0.0997343 0.410322 0.807596 0.398173 0.958659 0.0778095 0.211079 0.259497 0.455639 0.854695 0.478222 0.258656 0.994685 0.134958 0.0951352 0.303333 0.715008 0.090697 0.288678 0.951834 0.0505118 0.108809 0.253914 0.407746 
44 41 55 32 30 48 14 
0.0560493 0.744507 0.324248 0.454223 0.703166 0.402057 0.665302 0.962663 0.857697 0.519997 0.440885 0.116353 0.514682 0.575842 0.211488 0.818015 0.290851 0.302185 0.106692 0.242684 0.352697 0.215501 0.496598 0.760442 0.529228 0.68086 0.557369 0.504916 0.637175 0.891554 0.0215674 0.693225 0.636062 0.345815 0.147447 0.339228 0.747872 0.812749 0.301891 0.605569 0.332746 0.742776 0.721922 0.847428 0.318618 0.93341 0.665442 0.609469 0.235595 0.772135 0.852153 0.588292 0.987636 0.348751 0.348734 0.516864 0.0296119 0.906103 0.0217798 0.666787 0.797657 0.0433472 0.360012 0.433719 0.389162 0.507459 0.772947 0.137035 0.320208 0.0748381 0.742604 0.652954 0.817614 0.464526 0.500382 0.136232 0.397936 0.165824 0.745701 0.633531 0.937959 0.597855 0.221823 0.925595 0.946606 0.570557 0.442459 0.976218 0.47666 0.464238 0.643005 0.274318 0.507585 0.00301721 0.708036 0.896748 0.510476 0.480983 0.0337827 0.830685 0.555821 0.776387 0.483639 0.373435 0.240912 0.984021 0.509668 0.638848 0.149846 0.255369 0.272379 0.0878047 0.853224 0.494202 0.0133996 0.79983 0.0647587 0.455858 0.776048 0.541419 0.920096 0.419053 0.815737 0.427682 0.42207 0.523773 0.32443 0.932547 
45 56 7 37 13 9 35 
0.934013 0.375511 0.230892 0.443681 0.0143594 0.380737 0.69905 0.286738 0.468542 0.552274 0.78094 0.481942 0.352104 0.845698 0.9378 0.128151 0.387117 0.857896 0.547204 0.202854 0.285578 0.969274 0.726627 0.610008 0.901821 0.731384 0.968221 0.665053 0.291961 0.10282 0.911923 0.225974 0.478331 0.142815 0.669655 0.49269 0.523553 0.368705 0.779429 0.992095 0.920979 0.560368 0.474037 0.273083 0.406067 0.411836 0.401234 0.793184 0.269733 0.948438 0.996038 0.555311 0.917713 0.722665 0.165319 0.819534 0.454049 0.13354 0.484586 0.74601 0.236359 0.39651 0.971984 0.71469 0.539325 0.64164 0.207381 0.0628773 0.0103448 0.986809 0.0549722 0.931324 0.547178 0.529009 0.204406 0.953244 0.940845 0.60564 0.746429 0.210578 0.554079 0.742467 0.765889 0.471791 0.465132 0.931208 0.291325 0.919181 0.0647482 0.775912 0.665191 0.301108 0.172421 0.637176 0.0157981 0.711746 0.278815 0.223179 0.774623 0.28916 0.209988 0.829595 0.220484 0.757166 0.358604 0.42489 0.71041 0.299449 0.0305308 0.456839 0.510027 0.584609 0.199305 0.275917 0.0564008 0.664438 0.207125 0.347726 0.583619 0.271873 0.123638 0.24881 0.572981 0.296059 0.885986 0.588779 0.00780477 0.164801 
46 3 21 37 41 59 24 
0.779112 0.970628 0.0993356 0.489522 0.270077 0.129866 0.946361 0.780105 0.714476 0.145666 0.0560213 0.770877 0.810104 0.263146 0.118602 0.393723 0.535019 0.24224 0.642533 0.108 0.538299 0.528518 0.696779 0.546104 0.693319 0.508737 0.328532 0.147281 0.530682 0.940555 0.821726 0.309794 0.911183 0.921061 0.799316 0.18126 0.0509277 0.745676 0.961365 0.765403 0.891342 0.0173864 0.53628 0.701446 0.280533 0.654883 0.0951687 0.815552 0.897123 0.737701 0.923552 0.435421 0.26622 0.620331 0.981525 0.959539 0.129068 0.310057 0.10682 0.65975 0.250612 0.928546 0.969544 0.161795 0.849607 0.76886 0.343055 0.900535 0.514537 0.30442 0.665938 0.405879 0.321807 0.202218 0.107325 0.602339 0.857101 0.202494 0.417891 0.754223 0.940195 0.341444 0.189645 0.206415 0.961775 0.17117 0.165954 0.0908423 0.481226 0.272774 0.750592 0.731838 0.20132 0.720137 0.893633 0.050927 0.488997 0.236689 0.951462 0.00353324 0.541109 0.6174 0.409412 0.862916 0.819618 0.516737 0.465255 0.676719 0.719231 0.883147 0.430942 0.659426 0.22459 0.620587 0.865841 0.186365 0.791757 0.0317956 0.277207 0.272983 0.30457 0.0277996 0.00482149 0.50589 0.747936 0.898455 0.556817 0.236933 
47 12 41 31 55 58 45 
0.00442355 0.622016 0.885847 0.88757 0.0529583 0.545273 0.11216 0.673545 0.411115 0.298525 0.465302 0.44291 0.575732 0.738285 0.74748 0.603532 0.743107 0.25337 0.351468 0.641562 0.810187 0.588401 0.776705 0.318465 0.828867 0.452958 0.444144 0.478746 0.992126 0.38944 0.645361 0.99655 0.0114563 0.531208 0.88412 0.0644146 0.0764816 0.99628 0.73796 0.487596 0.294805 0.203262 0.930507 0.870538 0.941548 0.677987 0.474069 0.684655 0.931357 0.825537 0.326217 0.741543 0.413938 0.102922 0.0600084 0.242806 0.55588 0.504152 0.721551 0.548006 0.893592 0.366913 0.544556 0.905049 0.898121 0.428676 0.969463 0.974603 0.424956 0.707423 0.462199 0.719761 0.910686 0.392706 0.590299 0.852234 0.0706926 0.0643682 0.536888 0.00204934 0.889906 0.863105 0.743593 0.303844 0.966027 0.803601 0.54665 0.521907 0.307753 0.268201 0.0699128 0.201345 0.635114 0.614469 0.106394 0.533235 0.0431444 0.0758571 0.507838 0.4681 0.78328 0.970037 0.187862 0.693966 0.362743 0.778161 0.5462 0.433435 0.842529 0.0830883 0.435485 0.732434 0.946193 0.179077 0.0362783 0.91222 0.982678 0.582928 0.434127 0.290431 0.851129 0.50404 0.491776 0.486243 0.118508 0.59817 0.0194782 0.161653 
48 16 25 17 56 20 36 
0.860095 0.595776 0.697474 0.29353 0.438304 0.780562 0.729015 0.170739 0.726755 0.908092 0.207017 0.638976 0.89077 0.789945 0.0731026 0.181201 0.641074 0.577142 0.672978 0.127317 0.695651 0.271148 0.146795 0.857303 0.945176 0.674111 0.487057 0.402483 0.171464 0.304672 0.553757 0.0315595 0.900447 0.251231 0.32509 0.338751 0.0317935 0.0541049 0.50949 0.758549 0.962197 0.716507 0.397525 0.852967 0.506452 0.470627 0.0341689 0.147526 0.0477696 0.707147 0.274843 0.74342 0.978295 0.421639 0.600724 0.92347 0.09575 0.0877804 0.325954 0.267214 0.392452 0.879711 0.298774 0.292899 0.130943 0.623864 0.63165 0.162736 0.677969 0.14114 0.921285 0.640166 0.857647 0.31881 0.493133 0.364099 0.789437 0.527302 0.511625 0.837207 0.234449 0.786468 0.580627 0.212744 0.208107 0.181351 0.136214 0.303857 0.269131 0.462168 0.571071 0.661583 0.341879 0.869844 0.954482 0.472822 0.493708 0.586133 0.635558 0.171677 0.727273 0.556843 0.811842 0.58492 0.875653 0.304975 0.949019 0.66509 0.832277 0.460644 0.502296 0.0667258 0.247112 0.082923 0.279469 0.455218 0.264274 0.415683 0.759075 0.533405 0.877851 0.330146 0.194988 0.21973 0.19999 0.14947 0.692552 0.693698 
49 13 15 58 1 45 56 
0.0477959 0.760605 0.982192 0.996815 0.425695 0.814469 0.457459 0.927991 0.881195 0.704571 0.0109138 0.160664 0.159789 0.275187 0.576348 0.918864 0.808592 0.454199 0.24901 0.00357998 0.673929 0.449 0.15305 0.366481 0.142698 0.888653 0.694591 0.00807287 0.351528 0.579543 0.68529 0.399324 0.340148 0.667482 0.396139 0.765843 0.481951 0.853598 0.693834 0.363146 0.558169 0.704748 0.52381 0.717957 0.979935 0.100158 0.636821 0.788527 0.554356 0.885831 0.792107 0.228285 0.334831 0.945157 0.594766 0.477529 0.83381 0.289357 0.485602 0.185338 0.8689 0.170892 0.584662 0.209049 0.838373 0.980801 0.974892 0.320324 0.834399 0.668725 0.68347 0.392568 0.373473 0.20728 0.110526 0.353408 0.307438 0.747347 0.141935 0.861794 0.633178 0.934043 0.0900795 0.968009 0.8792 0.684846 0.445538 0.71301 0.974203 0.931139 0.898348 0.843103 0.102031 0.48301 0.0521516 0.940404 0.463811 0.0270432 0.260729 0.298211 0.695769 0.944199 0.690779 0.0692416 0.151479 0.801305 0.42265 0.458917 0.548651 0.564585 0.320711 0.181829 0.498628 0.410791 0.149838 0.377828 0.0956364 0.595376 0.0908374 0.0698391 0.526515 0.989185 0.912942 0.628546 0.472195 0.965094 0.568951 0.936007 
50 49 31 10 23 41 29 
0.726301 0.179797 0.384274 0.274952 0.744382 0.704985 0.456782 0.24301 0.115776 0.60662 0.620838 0.211412 0.201995 0.711675 0.281251 0.72851 0.70086 0.194193 0.357056 0.173055 0.159287 0.926007 0.109062 0.151424 0.755686 0.34328 0.839329 0.529564 0.268276 0.596477 0.454922 0.994577 0.776273 0.839196 0.269529 0.520655 0.544181 0.726311 0.763665 0.659957 0.332931 0.384503 0.871369 0.534926 0.0961779 0.152621 0.263437 0.797038 0.346814 0.620493 0.970093 0.506101 0.5465 0.0791554 0.657525 0.302186 0.422435 0.496855 0.831751 0.690711 0.0933315 0.286672 0.685288 0.869605 0.125868 0.954817 0.39026 0.67005 0.681129 0.153926 0.330007 0.0140595 0.538428 0.201376 0.548986 0.634606 0.353997 0.812422 0.431644 0.700811 0.432915 0.401738 0.206912 0.979415 0.480893 0.864438 0.281602 0.903328 0.361293 0.113352 0.594039 0.454624 0.400025 0.279327 0.324229 0.525893 0.234144 0.714489 0.195943 0.915273 0.868415 0.525949 0.929332 0.406843 0.727325 0.478318 0.0414497 0.0813221 0.29074 0.473094 0.782133 0.723656 0.874832 0.989045 0.703071 0.355725 0.853483 0.984673 0.259053 0.214776 0.0980252 0.853092 0.6694 0.49805 0.132419 0.993629 0.0239432 0.366563 
51 47 3 8 41 50 5 
0.983376 0.473161 0.689487 0.0248257 0.554483 0.980227 0.49792 0.336616 0.703883 0.372752 0.325661 0.406954 0.728477 0.179144 0.391627 0.98753 0.39392 0.489652 0.840622 0.0633198 0.987702 0.973041 0.0569484 0.0116454 0.339604 0.765066 0.231531 0.62144 0.341599 0.977367 0.832609 0.324975 0.450528 0.522096 0.349801 0.00501055 0.502323 0.84772 0.341627 0.206206 0.220472 0.667288 0.61316 0.948949 0.846432 0.00478743 0.936478 0.240353 0.49444 0.7771 0.303672 0.482142 0.750141 0.360621 0.493787 0.0897449 0.125687 0.725319 0.711185 0.467286 0.702686 0.543794 0.792261 0.153213 0.0658905 0.142061 0.158224 0.568214 0.989781 0.49985 0.77442 0.210253 0.167138 0.387581 0.159202 0.0135706 0.392368 0.09568 0.253923 0.886808 0.87278 0.557595 0.368949 0.622921 0.918216 0.862737 0.712666 0.0439031 0.588055 0.423851 0.511189 0.290741 0.967646 0.303449 0.443954 0.033536 0.44551 0.602178 0.60175 0.435292 0.102028 0.37617 0.645545 0.269166 0.763751 0.804747 0.282737 0.156119 0.900427 0.53666 0.0429263 0.773207 0.0942554 0.411876 0.396128 0.0124716 0.274612 0.108793 0.0563746 0.862668 0.532645 0.567563 0.153409 0.50029 0.871013 0.597363 0.533826 0.316523 
52 34 47 8 31 40 23 
0.570734 0.275497 0.202106 0.853471 0.431615 0.102533 0.390131 0.474541 0.87574 0.484386 0.886417 0.271867 0.496858 0.16103 0.380661 0.553233 0.0236975 0.913305 0.120796 0.177106 0.413595 0.991809 0.774469 0.947422 0.308332 0.974009 0.0829976 0.0601467 0.275578 0.594744 0.457506 0.846312 0.87024 0.659613 0.699783 0.301855 0.762146 0.0899145 0.776397 0.637886 0.574301 0.662814 0.909753 0.0711589 0.823844 0.290414 0.624392 0.847541 0.203719 0.745188 0.0246476 0.617314 0.736996 0.799117 0.564736 0.0453282 0.773126 0.647734 0.105475 0.048704 0.242477 0.562981 0.895016 0.112717 0.222594 0.5948 0.414573 0.98474 0.684714 0.19097 0.622626 0.259015 0.853784 0.532378 0.330174 0.677627 0.822792 0.954566 0.525169 0.0265109 0.699753 0.549816 0.643825 0.436749 0.348933 0.208561 0.482078 0.122059 0.856295 0.587553 0.170763 0.0987722 0.150534 0.0657793 0.21149 0.373128 0.660579 0.626062 0.357868 0.345293 0.817032 0.980494 0.604309 0.670816 0.512872 0.934483 0.348443 0.335664 0.889048 0.873612 0.362175 0.588801 0.423428 0.00600028 0.0255507 0.772361 0.214562 0.507628 0.89442 0.0708565 0.0951808 0.0651833 0.169629 0.245715 0.130963 0.381118 0.618843 0.791542 
53 20 32 56 18 16 40 
0.470077 0.675626 0.843472 0.805741 0.564674 0.717084 0.167916 0.153476 0.140513 0.173916 0.179026 0.912874 0.388478 0.686655 0.807294 0.459334 0.781835 0.872477 0.628963 0.0275502 0.00343987 0.0100817 0.646393 0.794981 0.0172626 0.623104 0.931816 0.841476 0.580309 0.67296 0.336505 0.0503857 0.348586 0.179977 0.856127 0.91326 0.897061 0.0240427 0.0667356 0.0375735 0.197959 0.245762 0.950447 0.586437 0.932416 0.757741 0.0457712 0.714252 0.630219 0.674734 0.741802 0.633658 0.684816 0.388195 0.42864 0.702079 0.0112991 0.360456 0.543554 0.591608 0.0334162 0.880059 0.641994 0.382002 0.0600358 0.49812 0.295262 0.957097 0.522163 0.361998 0.99467 0.720122 0.60776 0.945118 0.306559 0.540176 0.702859 0.35233 0.254428 0.333077 0.0270646 0.99623 0.966736 0.711881 0.384425 0.395376 0.413959 0.395724 0.755832 0.957514 0.987332 0.789248 0.837573 0.629326 0.17125 0.897609 0.127446 0.466513 0.854705 0.649609 0.82851 0.849376 0.369731 0.43627 0.794493 0.67629 0.976446 0.497352 0.0286206 0.230874 0.830429 0.0556852 0.227104 0.797165 0.767566 0.611529 0.192541 0.181525 0.00725268 0.948373 0.139039 0.994585 0.737621 0.976612 0.62391 0.908872 0.87422 0.751356 
54 55 26 13 41 31 40 
0.640165 0.372794 0.446988 0.616611 0.870146 0.475608 0.847485 0.700576 0.531293 0.0745884 0.497741 0.298859 0.686117 0.690282 0.480384 0.69337 0.638655 0.619423 0.687954 0.376277 0.596035 0.311865 0.285148 0.470255 0.0632211 0.660532 0.199181 0.464187 0.864427 0.777482 0.234884 0.504592 0.150276 0.681871 0.121202 0.0204228 0.15748 0.968687 0.720999 0.688773 0.0432753 0.21874 0.987632 0.729392 0.909022 0.468017 0.422762 0.547677 0.08744 0.110717 0.923954 0.683475 0.422581 0.209102 0.15373 0.485802 0.869635 0.352911 0.949989 0.734062 0.130393 0.184873 0.238653 0.280669 0.866745 0.359855 0.301092 0.0242241 0.328542 0.0220906 0.712997 0.371818 0.240831 0.700629 0.10121 0.149853 0.168646 0.523972 0.69753 0.256086 0.634689 0.621484 0.939561 0.0572701 0.830586 0.0932909 0.543073 0.700221 0.446202 0.493062 0.434282 0.576595 0.677935 0.672936 0.857264 0.54468 0.0327912 0.158356 0.568904 0.361334 0.180446 0.281901 0.733151 0.421277 0.98253 0.834361 0.571129 0.151176 0.358333 0.268659 0.407261 0.993022 0.890143 0.346822 0.050292 0.720729 0.440113 0.593365 0.42095 0.886315 0.0864263 0.855233 0.462909 0.764361 0.528168 0.320173 0.309041 0.560959 
55 0 49 51 46 60 1 
0.0802512 0.142375 0.489805 0.65138 0.29355 0.848138 0.92004 0.700812 0.84116 0.810183 0.0476337 0.891452 0.530912 0.487747 0.484817 0.951862 0.374061 0.571243 0.807095 0.836971 0.335604 0.335263 0.157144 0.644645 0.896222 0.635672 0.522589 0.818515 0.294647 0.682435 0.47396 0.374898 0.824809 0.963765 0.0262783 0.11836 0.811903 0.946318 0.819172 0.653063 0.756501 0.866805 0.544516 0.287413 0.354552 0.0293324 0.239275 0.728613 0.600575 0.04637 0.565584 0.93618 0.381633 0.722728 0.580825 0.277856 0.3584 0.103414 0.096371 0.653047 0.785849 0.570331 0.0279444 0.610658 0.534095 0.0542228 0.729018 0.345998 0.000540803 0.54819 0.999062 0.757042 0.414995 0.543577 0.0444547 0.769547 0.57291 0.28373 0.498161 0.173485 0.3301 0.0637446 0.109665 0.711733 0.786472 0.69049 0.989589 0.144872 0.793904 0.0859596 0.797919 0.579753 0.65629 0.825863 0.190411 0.190386 0.880086 0.919429 0.536384 0.880627 0.467619 0.535446 0.637668 0.882614 0.0790231 0.682123 0.652161 0.651933 0.965853 0.150322 0.825418 0.295953 0.214067 0.935083 0.00768578 0.000539014 0.625573 0.997274 0.145411 0.419476 0.0832338 0.94333 0.999229 0.739524 0.769193 0.18964 0.92991 0.649279 
56 3 60 48 1 57 58 
0.0807624 0.849697 0.111464 0.732695 0.81555 0.261786 0.558113 0.111503 0.475853 0.493196 0.119188 0.476392 0.118769 0.116463 0.621803 0.538245 0.199696 0.565133 0.537474 0.93922 0.334326 0.727115 0.86913 0.983605 0.836184 0.335423 0.51351 0.412873 0.337163 0.681084 0.872176 0.417925 0.530781 0.98364 0.15062 0.346331 0.245426 0.708734 0.457833 0.72128 0.20193 0.577021 0.197672 0.320698 0.693484 0.819475 0.858943 0.893181 0.384608 0.396418 0.832401 0.718934 0.123532 0.701531 0.702539 0.959717 0.0369545 0.216049 0.372589 0.374117 0.897133 0.244765 0.792042 0.427914 0.228405 0.942663 0.774245 0.473831 0.651396 0.232078 0.195111 0.853326 0.809099 0.392783 0.174024 0.502583 0.212258 0.0329675 0.395764 0.596866 0.429385 0.228165 0.3158 0.552918 0.929696 0.0183392 0.512634 0.96665 0.234388 0.885224 0.340768 0.131522 0.129989 0.13281 0.559436 0.358394 0.0754725 0.33368 0.832225 0.726869 0.565758 0.027336 0.580194 0.374858 0.420119 0.754218 0.877441 0.632377 0.787186 0.273205 0.229243 0.216571 0.50137 0.545043 0.769489 0.431066 0.563382 0.282123 0.397717 0.797771 0.167347 0.738484 0.929292 0.297335 0.871294 0.488728 0.655729 0.946767 
57 31 56 38 51 10 45 
0.763024 0.935409 0.00804791 0.640465 0.567785 0.795234 0.91367 0.797028 0.0118048 0.41504 0.342071 0.781294 0.846106 0.905453 0.0634168 0.243823 0.703224 0.230764 0.982307 0.632516 0.528099 0.853601 0.121244 0.183828 0.800368 0.943652 0.671782 0.474003 0.331818 0.187072 0.727833 0.0948424 0.122481 0.735881 0.735308 0.690266 0.531115 0.648978 0.487294 0.542919 0.0640181 0.829365 0.324213 0.910124 0.734819 0.38763 0.153947 0.438043 0.618393 0.136255 0.0705586 0.146492 0.989856 0.191802 0.33032 0.790224 0.135454 0.00210256 0.264227 0.467273 0.189175 0.99206 0.562115 0.311655 0.727941 0.297423 0.00192166 0.259056 0.9464 0.489216 0.801975 0.0104185 0.318581 0.126188 0.920543 0.0534003 0.513817 0.0744904 0.491443 0.132211 0.210745 0.562002 0.278703 0.200601 0.753804 0.609024 0.990825 0.889258 0.611126 0.255052 0.356531 0.800301 0.247112 0.918646 0.111956 0.975053 0.216068 0.113878 0.234109 0.162468 0.603094 0.0360835 0.172887 0.921675 0.162271 0.09343 0.975076 0.676089 0.16792 0.466519 0.8083 0.378665 0.0285201 0.0870028 0.579266 0.782324 0.696026 0.570091 0.671582 0.307153 0.825143 0.0281126 0.107453 0.072255 0.946758 0.21941 0.0473081 0.162826 
58 12 1 37 16 26 36 
0.591612 0.833133 0.15586 0.759532 0.299651 0.96416 0.138197 0.328171 0.0511629 0.717463 0.110495 0.747189 0.287554 0.782077 0.0543419 0.112697 0.81019 0.161795 0.184952 0.756948 0.381205 0.23226 0.919774 0.714493 0.513677 0.245069 0.650874 0.831177 0.74325 0.508931 0.310949 0.334862 0.342064 0.466809 0.0943941 0.641715 0.430969 0.232591 0.969886 0.482132 0.950055 0.0803815 0.229322 0.237609 0.862459 0.283664 0.350307 0.672648 0.445459 0.535259 0.429596 0.826664 0.767519 0.34937 0.541157 0.281196 0.594439 0.192031 0.112373 0.337689 0.700962 0.423322 0.672551 0.043026 0.890131 0.766946 0.684741 0.321101 0.999537 0.654627 0.803233 0.949592 0.735009 0.0325549 0.187201 0.597468 0.316218 0.537508 0.270116 0.761677 0.0727666 0.699712 0.588341 0.840285 0.0490825 0.129498 0.121481 0.643521 0.321529 0.233854 0.981211 0.0224907 0.657176 0.653762 0.0655166 0.547308 0.420708 0.750258 0.868409 0.420245 0.404885 0.671642 0.369837 0.139894 0.704197 0.557039 0.737362 0.0204153 0.0945467 0.00747747 0.782093 0.167313 0.70719 0.370434 0.00759862 0.756272 0.499932 0.12908 0.399794 0.82146 0.362934 0.381005 0.843951 0.0201105 0.034767 0.909467 0.567418 0.455475 
59 3 23 10 32 40 11 
0.811666 0.802596 0.941866 0.832081 0.897143 0.949343 0.614174 0.064456 0.656533 0.984608 0.0720546 0.412805 0.484539 0.201134 0.812598 0.305999 0.564069 0.193603 0.14995 0.584179 0.22837 0.0594174 0.151597 0.683845 0.719142 0.587424 0.559565 0.783753 0.694893 0.805123 0.988257 0.506559 0.607719 0.930122 0.33864 0.504861 0.879465 0.952814 0.569317 0.535998 0.937421 0.641372 0.948803 0.421961 0.842507 0.761401 0.72796 0.406575 0.955004 0.87791 0.990754 0.183374 0.937327 0.142352 0.867219 0.65647 0.729776 0.426784 0.440222 0.424669 0.231907 0.428479 0.931228 0.839626 0.358601 0.269868 0.344487 0.238066 0.222682 0.913805 0.774064 0.160103 0.555177 0.722867 0.582064 0.397683 0.484268 0.310024 0.804259 0.439273 0.187934 0.795013 0.622647 0.125261 0.937364 0.489866 0.781731 0.66714 0.916651 0.221953 0.0918092 0.148558 0.650432 0.0230372 0.988183 0.00903338 0.292905 0.332671 0.2471 0.515587 0.246475 0.0211641 0.675691 0.801652 0.744031 0.257755 0.199336 0.228299 0.567779 0.00359435 0.667572 0.755712 0.798607 0.290219 0.880973 0.735972 0.780085 0.662704 0.403112 0.696736 0.884657 0.494921 0.845293 0.53509 0.517958 0.833477 0.544123 0.810864 
60 16 36 11 46 18 29 
0.556418 0.259897 0.413611 0.784717 0.827675 0.417205 0.452289 0.583388 0.215812 0.742508 0.464361 0.951784 0.522593 0.127065 0.354896 0.219329 0.0117229 0.849817 0.064622 0.546813 0.367775 0.898099 0.0909356 0.178639 0.0642461 0.882158 0.50509 0.476869 0.694545 0.507232 0.691144 0.250963 0.767128 0.104755 0.0356808 0.594804 0.52196 0.48797 0.178191 0.737772 0.230478 0.642553 0.689556 0.753072 0.769618 0.0444518 0.9724 0.781341 0.894269 0.0370225 0.328153 0.262044 0.935121 0.419089 0.440684 0.999367 0.301247 0.945774 0.476236 0.995793 0.453006 0.16738 0.246756 0.220134 0.272134 0.282437 0.814938 0.794094 0.770407 0.993129 0.531866 0.000885767 0.635682 0.221422 0.753957 0.4053 0.265874 0.726358 0.186641 0.160142 0.76338 0.514794 0.422187 0.698502 0.933883 0.86287 0.697869 0.235131 0.808644 0.174105 0.230923 0.26165 0.341485 0.47768 0.481784 0.613619 0.760117 0.296722 0.407713 0.530524 0.289851 0.939579 0.53141 0.925533 0.161001 0.285367 0.330833 0.426874 0.0117249 0.517473 0.587017 0.775105 0.0322675 0.0092033 0.473607 0.966151 0.872074 0.171475 0.201281 0.680718 0.34558 0.432204 0.942368 0.687065 0.909884 0.424152 0.300684 0.67 
