300 5
1 0 1 1 1 1 1 0 1 0 1 1 1 0 1 1 0 0 1 1 0 0 1 1 0 0 1 0 1 0 0 1 1 0 1 1 1 1 0 1 0 0 1 1 1 1 1 1 0 1 1 0 0 1 0 1 0 0 0 0 1 0 1 1 1 1 1 1 0 0 1 1 1 0 1 1 0 1 1 0 0 0 1 1 0 0 0 0 1 1 1 1 0 1 1 1 0 1 1 1 0 0 1 0 1 0 0 0 0 1 1 1 0 1 0 1 0 1 0 0 1 1 0 1 1 0 1 0 0 1 0 1 0 1 0 0 0 0 0 1 0 0 0 1 1 1 1 0 1 1 0 1 1 1 1 1 1 1 1 0 0 0 1 1 0 0 1 1 1 0 0 0 1 1 0 1 1 1 1 1 1 0 1 1 0 0 1 0 0 1 0 1 1 0 0 0 1 0 1 0 1 0 1 1 0 1 0 0 1 0 0 1 1 0 1 0 1 1 0 1 0 1 1 0 0 0 1 0 1 1 1 1 0 0 0 1 0 1 0 0 0 1 0 0 1 0 1 1 0 0 1 1 0 0 0 1 1 1 1 0 1 1 0 1 0 1 1 1 1 1 0 0 1 1 1 1 0 0 0 0 1 0 0 1 1 0 1 0 0 1 1 0 0 0 0 1 1 1 0 1 
0 214 218 208 226 
0.496015 0.127934 0.576377 0.499946 0.132256 0.273468 0.752929 0.0822628 0.898614 0.516654 0.0969084 0.622049 0.497583 0.101111 0.939232 0.93715 0.4935 0.55518 0.439169 0.676297 0.167887 0.176658 0.546547 0.461847 0.696302 0.711601 0.0298334 0.088225 0.97676 0.12216 0.455644 0.472774 
1 27 81 5 89 
0.305488 0.725649 0.464613 0.204102 0.242303 0.561522 0.826151 0.739886 0.662633 0.765383 0.677036 0.156132 0.320562 0.116206 0.832429 0.488449 0.292863 0.378976 0.950296 0.989166 0.0905773 0.980129 0.0773908 0.0673369 0.10229 0.533035 0.540111 0.352384 0.565056 0.512831 0.734735 0.870544 
2 208 287 256 30 
0.76087 0.900797 0.220668 0.423503 0.66618 0.897704 0.579635 0.986742 0.0139099 0.412064 0.475192 0.306773 0.791041 0.425487 0.295939 0.881618 0.405617 0.37333 0.948955 0.507906 0.906365 0.489066 0.860291 0.47142 0.00189666 0.595026 0.341964 0.240376 0.794374 0.416611 0.721159 0.555245 
3 14 245 84 241 
0.839531 0.558383 0.97033 0.853441 0.970447 0.445522 0.160214 0.761488 0.871009 0.456154 0.643105 0.276626 0.829483 0.59206 0.784532 0.735848 0.0811258 0.644823 0.207268 0.0830224 0.239849 0.549232 0.323399 0.0342233 0.965843 0.0445578 0.589468 0.283251 0.986385 0.568215 0.266839 0.825916 
4 58 65 113 196 
0.682691 0.839572 0.858533 0.5537 0.295726 0.501638 0.830326 0.125209 0.093698 0.614858 0.861057 0.174824 0.259681 0.068325 0.257846 0.49953 0.617557 0.581245 0.533754 0.5834 0.625803 0.123222 0.866651 0.612188 0.691437 0.13349 0.438104 0.818035 0.370658 0.117461 0.91508 0.053349 
5 71 8 22 102 
0.275251 0.437375 0.377968 0.368949 0.0522329 0.239025 0.543772 0.311914 0.30735 0.801619 0.811444 0.924907 0.382864 0.345198 0.508308 0.0086665 0.46842 0.374959 0.620854 0.159857 0.508448 0.0589582 0.977892 0.879107 0.17642 0.892972 0.932456 0.133453 0.666584 0.539505 0.386212 0.941835 
6 76 112 200 262 
0.0032048 0.854556 0.341026 0.310555 0.656174 0.152471 0.235462 0.0390381 0.497669 0.74377 0.0477046 0.966089 0.118728 0.668559 0.125945 0.627177 0.727517 0.103837 0.506283 0.903937 0.996808 0.438739 0.0373896 0.663393 0.978244 0.423602 0.605228 0.955123 0.187782 0.916011 0.984236 0.190986 
7 169 224 99 83 
0.477733 0.737003 0.465779 0.975402 0.480773 0.513484 0.941491 0.599501 0.182043 0.0674363 0.226678 0.90956 0.171273 0.732961 0.813496 0.168082 0.1717 0.850886 0.831474 0.149944 0.274488 0.436702 0.105068 0.462269 0.352713 0.0893036 0.653256 0.12328 0.414566 0.154797 0.550021 0.892299 
8 13 68 76 289 
0.529284 0.809192 0.972074 0.711327 0.876629 0.198751 0.620887 0.0479018 0.931712 0.434383 0.215983 0.103413 0.285269 0.0474576 0.253357 0.559757 0.484159 0.358425 0.0220261 0.836872 0.447728 0.675282 0.960152 0.862294 0.830079 0.510173 0.754593 0.721879 0.525974 0.622295 0.0944514 0.0552582 
9 57 73 27 173 
0.265276 0.387472 0.356018 0.196988 0.821856 0.572001 0.300401 0.107125 0.619458 0.553758 0.666882 0.103618 0.912183 0.688908 0.94049 0.359911 0.364189 0.900643 0.222206 0.194268 0.410816 0.976799 0.916147 0.93679 0.599094 0.0105982 0.992048 0.0305808 0.0771232 0.758633 0.338697 0.342399 
10 11 135 274 106 
0.266715 0.839788 0.0750858 0.886173 0.393546 0.741967 0.989791 0.305729 0.430875 0.930282 0.66564 0.795064 0.830924 0.887846 0.989332 0.24174 0.864645 0.905479 0.17853 0.463738 0.916077 0.170578 0.494319 0.993201 0.929211 0.833016 0.3356 0.0753163 0.52773 0.874988 0.0432774 0.794445 
11 295 261 39 132 
0.860331 0.67041 0.414051 0.291205 0.600692 0.0796915 0.0862697 0.431616 0.967537 0.075602 0.673356 0.832182 0.981081 0.851886 0.29592 0.897159 0.0224639 0.790239 0.890359 0.951675 0.623255 0.225959 0.026991 0.150985 0.100947 0.0702684 0.94543 0.815723 0.188632 0.626048 0.924045 0.0489621 
12 1 202 13 254 
0.417788 0.426437 0.328766 0.385325 0.502039 0.00212245 0.217507 0.483121 0.854009 0.513427 0.380279 0.876473 0.303667 0.270639 0.828147 0.926922 0.496598 0.855138 0.0779066 0.597545 0.925407 0.0233365 0.413267 0.114038 0.649385 0.337312 0.163 0.945843 0.675409 0.503168 0.842993 0.0931969 
13 250 204 67 276 
0.173881 0.696029 0.914765 0.02789 0.209456 0.295044 0.904363 0.513123 0.565683 0.73251 0.440044 0.0622804 0.587648 0.517951 0.659825 0.513055 0.541288 0.0730923 0.627093 0.190672 0.410405 0.790094 0.136515 0.0858136 0.293262 0.979508 0.17901 0.222867 0.151267 0.657533 0.654511 0.325148 
14 147 39 288 227 
0.86432 0.257401 0.0761406 0.430003 0.989911 0.516185 0.492283 0.577559 0.0341361 0.152108 0.090614 0.575424 0.2252 0.717707 0.766096 0.635605 0.507801 0.902612 0.721419 0.801062 0.88212 0.900429 0.0239289 0.0333868 0.557962 0.67844 0.358535 0.911523 0.247716 0.711573 0.474541 0.112036 
15 54 61 215 151 
0.0668669 0.0343219 0.536444 0.101003 0.18643 0.627058 0.676427 0.41163 0.344766 0.442523 0.0472356 0.852566 0.345134 0.768654 0.653629 0.227254 0.669084 0.677557 0.260641 0.227045 0.355997 0.619176 0.138569 0.603713 0.330749 0.61311 0.715749 0.299724 0.163792 0.257788 0.258609 0.230659 
16 247 238 120 3 
0.422112 0.0080883 0.890171 0.766877 0.450611 0.937406 0.619444 0.795745 0.70606 0.273072 0.0229994 0.375144 0.95063 0.28364 0.602189 0.306627 0.902816 0.740758 0.91034 0.233565 0.353868 0.62609 0.533289 0.51766 0.883878 0.791898 0.748318 0.175988 0.586952 0.07998 0.654528 0.00906375 
17 138 109 113 92 
0.482105 0.395385 0.334425 0.188166 0.668457 0.357424 0.56331 0.619087 0.641064 0.165499 0.925714 0.54388 0.906257 0.836054 0.777446 0.260125 0.462144 0.310735 0.777785 0.346022 0.102633 0.526103 0.52201 0.689585 0.606083 0.176539 0.698649 0.694152 0.721238 0.47459 0.232831 0.203343 
18 241 139 282 55 
0.92468 0.954818 0.157519 0.565744 0.120317 0.0832326 0.109625 0.0265746 0.919287 0.887071 0.2867 0.381431 0.197806 0.0644845 0.727453 0.300439 0.590588 0.249463 0.990024 0.196671 0.426002 0.688673 0.890822 0.14724 0.163263 0.123653 0.350583 0.0332383 0.690909 0.742092 0.57167 0.615589 
19 135 266 270 47 
0.812422 0.290958 0.843802 0.731709 0.178028 0.130502 0.11314 0.375834 0.194986 0.840593 0.676273 0.785574 0.090056 0.666297 0.982245 0.516058 0.35497 0.873067 0.663298 0.518234 0.996721 0.0138811 0.551472 0.68763 0.755973 0.123142 0.303219 0.452883 0.852332 0.484552 0.27011 0.664753 
20 292 203 278 115 
0.244413 0.509602 0.329373 0.4394 0.350194 0.00564559 0.224973 0.44025 0.671943 0.207218 0.956308 0.0269132 0.0802857 0.619607 0.545147 0.0770064 0.633488 0.0966187 0.764636 0.38946 0.219761 0.0678552 0.842343 0.0720926 0.552407 0.112453 0.736846 0.327917 0.226365 0.133308 0.281456 0.470778 
21 108 137 234 279 
0.616474 0.135151 0.433354 0.288417 0.34237 0.389662 0.31533 0.422655 0.00926894 0.860477 0.499662 0.642757 0.957095 0.264298 0.032217 0.176856 0.332153 0.87456 0.248949 0.88456 0.987013 0.985795 0.212478 0.213377 0.119103 0.493933 0.684156 0.762013 0.104762 0.594333 0.755116 0.721236 
22 298 137 93 157 
0.578133 0.324982 0.494509 0.587402 0.185459 0.994171 0.230158 0.142554 0.258469 0.262375 0.319411 0.590622 0.136935 0.56836 0.475182 0.123948 0.554154 0.68766 0.337325 0.673257 0.181593 0.0214809 0.43527 0.286355 0.615814 0.190386 0.00759049 0.345299 0.378857 0.0172429 0.417153 0.95699 
23 213 144 0 92 
0.905832 0.77455 0.670238 0.164301 0.0369248 0.989649 0.754923 0.17386 0.558008 0.230105 0.297808 0.112163 0.917765 0.635133 0.78542 0.0993579 0.656614 0.22069 0.385713 0.272428 0.411077 0.393303 0.617727 0.789934 0.410546 0.0348795 0.746923 0.752771 0.946541 0.291314 0.280455 0.852374 
24 65 31 55 32 
0.940342 0.771598 0.276649 0.498351 0.00170261 0.574456 0.610514 0.919467 0.20959 0.395934 0.0188253 0.866204 0.616625 0.404538 0.138632 0.0277014 0.797841 0.756359 0.817635 0.208387 0.791238 0.564558 0.961159 0.73778 0.855872 0.241614 0.590153 0.921736 0.192307 0.606828 0.0245246 0.13265 
25 119 289 255 38 
0.875629 0.241514 0.299595 0.0852191 0.637449 0.318421 0.951423 0.254073 0.722959 0.0900548 0.281775 0.5208 0.846414 0.0994095 0.729187 0.637652 0.663968 0.690346 0.375432 0.51984 0.93196 0.965585 0.441576 0.124267 0.572413 0.4661 0.256917 0.950839 0.767274 0.887917 0.330967 0.642903 
26 1 46 201 193 
0.948983 0.679545 0.0209534 0.671942 0.7696 0.302728 0.192742 0.616013 0.402138 0.921929 0.253666 0.0661051 0.612275 0.629098 0.585945 0.544235 0.594683 0.0275208 0.668502 0.167096 0.493621 0.925419 0.117935 0.260895 0.813336 0.448901 0.903798 0.942768 0.0794634 0.63192 0.709648 0.0284464 
27 171 203 291 249 
0.0333296 0.89313 0.697078 0.435467 0.815059 0.950744 0.501572 0.427335 0.579841 0.0875171 0.97157 0.174524 0.115038 0.640072 0.34162 0.608659 0.565491 0.459555 0.869554 0.378827 0.908456 0.773352 0.321595 0.987919 0.405271 0.0312429 0.0163657 0.716736 0.761844 0.716754 0.7978 0.795174 
28 240 226 132 170 
0.445622 0.732213 0.852278 0.0254629 0.81973 0.823847 0.199987 0.934768 0.463919 0.541607 0.543427 0.0294097 0.0011616 0.412981 0.408237 0.909617 0.186333 0.729831 0.897537 0.591604 0.761074 0.913902 0.30834 0.522919 0.630656 0.10614 0.318093 0.24054 0.601018 0.548734 0.665483 0.0466398 
29 14 164 201 115 
0.341608 0.27209 0.0354458 0.805527 0.813697 0.578873 0.834937 0.814858 0.991854 0.243173 0.724476 0.178187 0.973005 0.622012 0.769791 0.734079 0.535915 0.0781311 0.256997 0.166571 0.184271 0.57509 0.407111 0.785289 0.123824 0.0725939 0.831929 0.404771 0.590355 0.904032 0.505448 0.931963 
30 143 207 170 31 
0.119767 0.572427 0.804676 0.111622 0.8156 0.529152 0.289809 0.788605 0.151164 0.0595999 0.522684 0.687079 0.137731 0.779681 0.85365 0.322002 0.354771 0.26076 0.107292 0.478595 0.333354 0.939221 0.883366 0.923709 0.843253 0.388814 0.855672 0.0193743 0.929708 0.593162 0.0091924 0.049475 
31 224 220 126 292 
0.343021 0.450905 0.769794 0.494185 0.510505 0.292478 0.181264 0.648236 0.0721598 0.0349137 0.970239 0.426931 0.295674 0.0775303 0.905526 0.629028 0.0167513 0.788892 0.552737 0.860004 0.177706 0.408409 0.879378 0.107414 0.00157065 0.888571 0.156889 0.167159 0.70244 0.317986 0.148349 0.0454605 
32 268 213 12 230 
0.210621 0.72091 0.927632 0.282781 0.755823 0.897871 0.709713 0.0514975 0.975401 0.615239 0.680526 0.992153 0.404131 0.233263 0.852157 0.581837 0.641672 0.731535 0.689251 0.643242 0.620106 0.84614 0.810402 0.322546 0.164126 0.95875 0.368006 0.933017 0.876893 0.907652 0.212413 0.0875147 
33 227 90 265 8 
0.0379164 0.0800085 0.435882 0.0133178 0.695247 0.116408 0.00547042 0.0993785 0.349671 0.857627 0.681216 0.991343 0.589162 0.370467 0.634585 0.209269 0.216607 0.444986 0.531814 0.380733 0.403737 0.89982 0.31375 0.28063 0.807472 0.526163 0.368145 0.436034 0.666208 0.738441 0.820419 0.704125 
34 177 20 35 161 
0.372709 0.722913 0.613075 0.72238 0.58054 0.294291 0.713723 0.169703 0.664758 0.348308 0.378971 0.881365 0.793294 0.910785 0.262098 0.197031 0.810606 0.575848 0.477661 0.618078 0.102011 0.845806 0.0541113 0.768219 0.584247 0.87453 0.472343 0.402696 0.130831 0.189786 0.916393 0.50354 
35 183 40 191 194 
0.823759 0.939644 0.662941 0.488517 0.287951 0.0419125 0.369882 0.0812451 0.952698 0.631979 0.278276 0.763303 0.207827 0.755937 0.381381 0.309838 0.601743 0.435492 0.0780565 0.185989 0.310022 0.5504 0.588685 0.440854 0.740186 0.505078 0.944394 0.652885 0.0345458 0.170315 0.146124 0.858305 
36 55 286 6 169 
0.850978 0.716703 0.479155 0.803675 0.348682 0.75743 0.566979 0.55651 0.513367 0.94836 0.866347 0.11511 0.383852 0.944404 0.301099 0.693875 0.494804 0.889784 0.134728 0.23499 0.394862 0.0791223 0.887875 0.429408 0.249437 0.0339983 0.287713 0.359395 0.843063 0.634534 0.757305 0.694041 
37 105 250 89 100 
0.99389 0.0646955 0.256429 0.507257 0.0130554 0.122776 0.622367 0.396908 0.0671803 0.923466 0.0907824 0.561984 0.813251 0.225511 0.796974 0.208113 0.304633 0.684849 0.637521 0.55407 0.718847 0.925234 0.913465 0.56191 0.559768 0.67077 0.255952 0.911005 0.907229 0.753668 0.610925 0.901119 
38 46 212 190 19 
0.99013 0.0307436 0.228327 0.0573108 0.95421 0.319109 0.619295 0.767461 0.54462 0.416269 0.975574 0.849253 0.101118 0.613095 0.403323 0.819965 0.538329 0.316788 0.381875 0.0980968 0.987558 0.637827 0.00910204 0.894788 0.391495 0.620027 0.795907 0.209859 0.487381 0.204284 0.0412776 0.477511 
39 229 159 66 111 
0.588713 0.154117 0.956698 0.133333 0.570386 0.932271 0.982586 0.671504 0.545366 0.385909 0.491469 0.0836945 0.702697 0.873344 0.181791 0.690255 0.511171 0.190893 0.585043 0.902666 0.81092 0.38095 0.112524 0.298301 0.585233 0.153802 0.775812 0.82026 0.423406 0.310635 0.00949752 0.0121195 
40 187 32 273 16 
0.898466 0.128038 0.706642 0.443832 0.513947 0.198111 0.527527 0.216644 0.0714549 0.709318 0.906899 0.582626 0.900211 0.491941 0.485291 0.711131 0.872891 0.597816 0.00943238 0.458124 0.751617 0.785245 0.278385 0.175024 0.0958793 0.287882 0.187143 0.560631 0.254078 0.332596 0.595769 0.152544 
41 270 293 282 62 
0.500522 0.123903 0.191224 0.571977 0.833221 0.0981229 0.154603 0.733432 0.590064 0.639894 0.444563 0.462955 0.23771 0.453996 0.92108 0.989327 0.23924 0.199465 0.164351 0.33512 0.487347 0.351494 0.895751 0.741425 0.684089 0.49152 0.893969 0.144723 0.793931 0.490345 0.119304 0.294453 
42 53 93 119 179 
0.408651 0.0210331 0.1809 0.998715 0.660927 0.625463 0.461671 0.898637 0.0794583 0.38275 0.887964 0.318699 0.582215 0.0523147 0.653818 0.0695622 0.403808 0.549569 0.810987 0.0878976 0.0410884 0.704955 0.232621 0.835019 0.1953 0.351925 0.129473 0.809547 0.662453 0.995903 0.257015 0.0711042 
43 100 182 213 130 
0.0633775 0.53149 0.5765 0.142836 0.914241 0.464464 0.461534 0.496456 0.516779 0.115352 0.566018 0.920587 0.664921 0.377005 0.0084847 0.70601 0.0819604 0.241105 0.541029 0.27726 0.59303 0.670501 0.0868076 0.255483 0.666404 0.343823 0.326587 0.68334 0.781737 0.396407 0.361203 0.845115 
44 182 138 20 221 
0.402167 0.449485 0.338594 0.918946 0.564837 0.904612 0.839533 0.229759 0.281617 0.848017 0.935768 0.363578 0.0891229 0.476797 0.640838 0.682153 0.147299 0.727645 0.937636 0.813703 0.0714682 0.264223 0.497043 0.853206 0.66063 0.858246 0.69832 0.588527 0.795949 0.686271 0.430665 0.198116 
45 96 127 236 298 
0.673872 0.956594 0.930352 0.955489 0.804612 0.86612 0.319067 0.893735 0.342917 0.959904 0.575888 0.490216 0.68755 0.513523 0.303919 0.759018 0.777747 0.800962 0.612224 0.438377 0.659208 0.310544 0.0269039 0.455157 0.996815 0.457569 0.653273 0.132571 0.226829 0.770334 0.833164 0.900701 
46 176 263 145 180 
0.629637 0.175256 0.425275 0.972554 0.135161 0.001163 0.46277 0.82271 0.514686 0.766689 0.581729 0.292433 0.567651 0.193952 0.73081 0.226859 0.504496 0.757714 0.682016 0.501311 0.215283 0.335288 0.633882 0.442112 0.105623 0.467047 0.342813 0.832552 0.230563 0.199002 0.364093 0.8602 
47 104 219 54 168 
0.790531 0.295524 0.33213 0.305217 0.062213 0.913858 0.597651 0.629864 0.10781 0.32846 0.856723 0.612306 0.0861739 0.538738 0.113618 0.301457 0.874027 0.7475 0.743569 0.979649 0.214547 0.0863817 0.812201 0.44511 0.285384 0.176294 0.30531 0.659643 0.965662 0.138064 0.169062 0.756193 
48 163 147 172 164 
0.41505 0.659061 0.125665 0.52286 0.987521 0.982387 0.135167 0.0736948 0.521125 0.248784 0.375152 0.395152 0.996284 0.118721 0.374801 0.210831 0.205102 0.187003 0.655941 0.490486 0.363296 0.961251 0.150129 0.328958 0.0993148 0.319191 0.0851509 0.532903 0.820382 0.146561 0.0287038 0.235432 
49 54 38 56 40 
0.136756 0.893459 0.866837 0.657881 0.142243 0.241989 0.0530331 0.138527 0.36071 0.427834 0.349358 0.565812 0.614837 0.00529894 0.0562984 0.978134 0.96655 0.206427 0.307092 0.0658647 0.525618 0.392243 0.598768 0.346001 0.538804 0.627471 0.581433 0.344425 0.78184 0.339725 0.137568 0.918596 
50 281 56 34 178 
0.246394 0.62951 0.513953 0.607104 0.0573444 0.863311 0.172916 0.672182 0.86861 0.229214 0.650315 0.83516 0.435642 0.957407 0.901025 0.96126 0.34965 0.499792 0.307261 0.888453 0.127263 0.888693 0.232879 0.909103 0.228418 0.370447 0.827699 0.461602 0.374852 0.404176 0.837028 0.621246 
51 113 203 186 219 
0.214292 0.401266 0.763212 0.0829024 0.63048 0.413527 0.918062 0.0661216 0.370934 0.819087 0.0273816 0.720584 0.318879 0.334642 0.609037 0.446143 0.223336 0.841916 0.355246 0.451754 0.212363 0.182945 0.913356 0.587215 0.587121 0.750383 0.20846 0.620807 0.101365 0.43681 0.711837 0.315657 
52 138 194 252 182 
0.888576 0.316622 0.534677 0.25951 0.135709 0.562059 0.980093 0.454588 0.896701 0.58913 0.900731 0.120037 0.431046 0.255977 0.571791 0.643409 0.438922 0.485147 0.230624 0.0260433 0.23553 0.439084 0.64685 0.336895 0.875894 0.358687 0.652551 0.71397 0.833736 0.0511108 0.182526 0.722312 
53 45 182 123 105 
0.279263 0.961915 0.95803 0.175964 0.551045 0.858761 0.296001 0.982091 0.114738 0.867792 0.625501 0.55366 0.352939 0.856124 0.579704 0.588469 0.295208 0.226554 0.925363 0.171103 0.585241 0.577915 0.885073 0.418977 0.629025 0.0675996 0.141289 0.996758 0.784803 0.12311 0.500199 0.0640662 
54 2 276 136 295 
0.31699 0.536032 0.618161 0.431728 0.403824 0.243661 0.985388 0.756762 0.0997857 0.565092 0.345231 0.394994 0.791646 0.270594 0.566097 0.376887 0.848509 0.45117 0.795864 0.477534 0.51877 0.937152 0.474292 0.303573 0.0602619 0.974492 0.367639 0.145286 0.432721 0.60767 0.781356 0.749711 
55 243 152 3 161 
0.643178 0.166827 0.304287 0.742964 0.731919 0.649518 0.137958 0.523565 0.920113 0.704055 0.900451 0.768621 0.155225 0.696315 0.246156 0.673995 0.633467 0.720448 0.977568 0.693729 0.694939 0.345208 0.839015 0.12766 0.952877 0.620371 0.877371 0.0965788 0.0198875 0.0588095 0.644104 0.663065 
56 252 119 287 31 
0.59791 0.543987 0.48112 0.518023 0.248042 0.381571 0.286644 0.403267 0.0778864 0.5328 0.0772617 0.711354 0.253248 0.0548298 0.405083 0.948187 0.400037 0.244098 0.0758472 0.352915 0.864469 0.953218 0.449494 0.884357 0.0120275 0.0935976 0.547422 0.237664 0.041989 0.953451 0.195219 0.639899 
57 141 230 11 83 
0.0579102 0.444565 0.148747 0.135797 0.977365 0.226008 0.84715 0.230613 0.280838 0.252233 0.1788 0.680876 0.496331 0.254647 0.0337903 0.3608 0.207865 0.483284 0.245157 0.219893 0.576881 0.792579 0.457556 0.61887 0.74603 0.652775 0.258769 0.243468 0.329114 0.416691 0.988948 0.387025 
58 91 292 111 267 
0.363703 0.369971 0.0692342 0.644541 0.622204 0.248034 0.325417 0.118535 0.502681 0.359207 0.479335 0.710546 0.842491 0.724492 0.930438 0.419372 0.51707 0.387995 0.038243 0.2631 0.0407702 0.297012 0.506569 0.369885 0.713703 0.495517 0.756909 0.57496 0.633212 0.279731 0.413581 0.996915 
59 200 111 114 115 
0.730849 0.966873 0.390441 0.23353 0.32608 0.869776 0.944076 0.168571 0.594268 0.874514 0.587944 0.111339 0.262509 0.626187 0.374439 0.303279 0.923199 0.881008 0.673164 0.636902 0.376524 0.430073 0.211862 0.00973593 0.709803 0.625443 0.00665067 0.359505 0.108258 0.648107 0.631412 0.839108 
60 227 237 262 188 
0.891629 0.0167138 0.109631 0.485898 0.891228 0.697574 0.597236 0.153737 0.323761 0.971675 0.457016 0.24696 0.852683 0.13018 0.883862 0.229207 0.560253 0.0957236 0.238943 0.270056 0.721166 0.245594 0.629562 0.829425 0.893701 0.260973 0.668532 0.50868 0.282826 0.74117 0.44974 0.174456 
61 111 222 185 116 
0.256945 0.25759 0.802849 0.580706 0.229265 0.259865 0.827666 0.0819484 0.390045 0.711528 0.311156 0.950298 0.807251 0.550099 0.220354 0.528418 0.795693 0.849916 0.357842 0.689394 0.110889 0.0263748 0.198075 0.393715 0.767545 0.647815 0.568171 0.525429 0.207186 0.228525 0.174541 0.464131 
62 149 26 67 137 
0.237255 0.872503 0.797328 0.6273 0.58403 0.108484 0.577598 0.391281 0.658583 0.797952 0.919699 0.454277 0.647868 0.277541 0.143671 0.758757 0.303916 0.341745 0.152473 0.071461 0.98956 0.720644 0.59689 0.196746 0.949169 0.771431 0.660876 0.435283 0.748822 0.705713 0.150663 0.986077 
63 86 240 239 271 
0.0564761 0.190976 0.553527 0.71506 0.988928 0.473226 0.169336 0.636796 0.750767 0.313007 0.395553 0.0546831 0.654753 0.548026 0.126144 0.644313 0.26867 0.723034 0.841058 0.217839 0.494465 0.501935 0.653122 0.243287 0.207648 0.803785 0.229364 0.785864 0.751777 0.842741 0.948109 0.808253 
64 25 81 138 107 
0.974862 0.692649 0.659441 0.72563 0.0056564 0.0549942 0.780313 0.660409 0.60302 0.906457 0.304722 0.87169 0.629491 0.14578 0.0895285 0.123956 0.647715 0.74265 0.367243 0.855363 0.546436 0.596607 0.641226 0.298213 0.439348 0.589336 0.106467 0.473066 0.0909724 0.629779 0.495711 0.0658349 
65 33 82 106 55 
0.210146 0.571777 0.988494 0.813166 0.478234 0.293216 0.684856 0.107725 0.438996 0.774384 0.231681 0.0867108 0.517035 0.598924 0.942074 0.0634707 0.195531 0.5833 0.361684 0.63488 0.172636 0.468151 0.107945 0.263608 0.09793 0.603656 0.329443 0.420359 0.758807 0.120908 0.748444 0.968953 
66 274 252 201 1 
0.0301536 0.466975 0.278643 0.46915 0.241359 0.510324 0.55586 0.758394 0.109248 0.497934 0.821865 0.304779 0.081234 0.183549 0.939659 0.25387 0.651699 0.0476039 0.517478 0.749629 0.65126 0.846921 0.169988 0.410067 0.967829 0.918431 0.37902 0.660514 0.655369 0.161139 0.831432 0.685523 
67 142 236 33 41 
0.6204 0.710533 0.627867 0.729648 0.208467 0.449731 0.0344272 0.289701 0.63328 0.974086 0.54357 0.284979 0.0216899 0.0610486 0.034608 0.67295 0.90797 0.204596 0.0830163 0.875799 0.123027 0.462036 0.536313 0.778396 0.623175 0.367745 0.463919 0.251289 0.477821 0.618591 0.120761 0.0982211 
68 150 181 48 46 
0.198359 0.862296 0.827291 0.831639 0.836382 0.370861 0.116618 0.858072 0.43191 0.151226 0.531022 0.33988 0.355822 0.614038 0.215679 0.478849 0.0760742 0.751992 0.257245 0.699249 0.119737 0.721164 0.950538 0.597559 0.339755 0.0712992 0.69578 0.668879 0.819927 0.523649 0.20647 0.0182863 
69 172 73 180 231 
0.404622 0.966543 0.0803993 0.836532 0.117769 0.611421 0.176412 0.47359 0.225459 0.392091 0.952439 0.301533 0.144083 0.209684 0.000782324 0.26382 0.930848 0.95132 0.861379 0.270603 0.0226194 0.557159 0.939482 0.842547 0.0808074 0.145952 0.860833 0.466752 0.179712 0.710758 0.689079 0.584334 
70 152 173 198 78 
0.3809 0.597278 0.26866 0.606359 0.989368 0.221099 0.907892 0.133451 0.430783 0.908674 0.397271 0.361631 0.859994 0.25865 0.632234 0.882614 0.815809 0.571716 0.72516 0.896616 0.717668 0.585993 0.363368 0.897381 0.296751 0.0524478 0.481715 0.974052 0.821927 0.902581 0.769122 0.202826 
71 63 120 263 101 
0.258881 0.717077 0.622678 0.689664 0.625751 0.0199496 0.0512947 0.485745 0.2786 0.683529 0.368359 0.0944083 0.255245 0.0935191 0.991024 0.972914 0.679512 0.354393 0.870294 0.976263 0.406841 0.352009 0.950315 0.228767 0.25459 0.719437 0.431593 0.754449 0.757219 0.240778 0.243677 0.0160998 
72 39 202 96 31 
0.886305 0.757058 0.0693515 0.164904 0.440587 0.43771 0.259313 0.695832 0.53123 0.250337 0.668746 0.210742 0.60473 0.53904 0.187005 0.0115702 0.89105 0.13732 0.240337 0.14564 0.856757 0.671931 0.900089 0.613976 0.912709 0.143766 0.630075 0.870565 0.010121 0.335839 0.454171 0.896426 
73 63 110 15 157 
0.961233 0.320642 0.229317 0.492462 0.570979 0.898063 0.703204 0.175709 0.437103 0.890209 0.187279 0.328153 0.0275284 0.427617 0.473793 0.884285 0.0995475 0.373882 0.498261 0.0122568 0.517648 0.128336 0.882821 0.527769 0.464176 0.336992 0.424195 0.557073 0.860514 0.485525 0.0905581 0.821747 
74 5 164 121 244 
0.217939 0.017413 0.552856 0.655042 0.907622 0.740135 0.983195 0.93515 0.167752 0.456988 0.819435 0.267299 0.83087 0.317696 0.279556 0.348519 0.446033 0.162377 0.876288 0.910208 0.499369 0.300483 0.467281 0.359884 0.786007 0.557839 0.181631 0.592175 0.877715 0.49584 0.969321 0.0956536 
75 90 221 294 216 
0.262311 0.733891 0.356025 0.430063 0.190879 0.17546 0.697362 0.021749 0.493156 0.976918 0.370268 0.939188 0.139295 0.246555 0.849396 0.638664 0.547038 0.316678 0.998548 0.333046 0.874517 0.180179 0.92522 0.752232 0.676019 0.894541 0.847886 0.189272 0.416718 0.598582 0.610146 0.679029 
76 290 269 117 257 
0.141631 0.806454 0.5451 0.634786 0.783372 0.915367 0.573975 0.922667 0.161923 0.423371 0.561332 0.708961 0.740049 0.55988 0.0420065 0.614566 0.740058 0.967227 0.366799 0.416077 0.861768 0.214685 0.605349 0.278485 0.813266 0.215495 0.957514 0.145738 0.181666 0.0666067 0.669089 0.323297 
77 190 169 182 71 
0.129557 0.532058 0.5791 0.291479 0.955429 0.140432 0.000440343 0.695479 0.700312 0.0424468 0.310045 0.44037 0.00967331 0.676844 0.856447 0.871441 0.891528 0.461796 0.149926 0.704794 0.677291 0.107441 0.850533 0.858957 0.174047 0.519622 0.182254 0.0471083 0.733811 0.140337 0.703541 0.863368 
78 249 83 100 163 
0.423074 0.155287 0.323304 0.123385 0.197734 0.633349 0.563755 0.207408 0.310192 0.420202 0.0788484 0.201721 0.881998 0.228775 0.906515 0.559289 0.336215 0.757048 0.418246 0.510263 0.27667 0.6005 0.557371 0.0104808 0.740837 0.260912 0.873848 0.413233 0.543554 0.0286955 0.0410581 0.966628 
79 166 129 210 10 
0.99771 0.653768 0.589125 0.307903 0.0739698 0.667973 0.509623 0.955968 0.896748 0.416139 0.515256 0.232963 0.173186 0.933502 0.743226 0.449856 0.534003 0.300596 0.460337 0.27484 0.561509 0.334185 0.688073 0.105063 0.362881 0.729131 0.0716903 0.546864 0.0934928 0.161703 0.928581 0.0912031 
80 127 225 262 174 
0.185678 0.908729 0.845408 0.0824257 0.324868 0.360665 0.315389 0.498054 0.294167 0.0586141 0.94791 0.82817 0.359211 0.408247 0.10301 0.920719 0.742432 0.791083 0.0257819 0.105313 0.520214 0.0974722 0.652177 0.613706 0.259175 0.580757 0.704909 0.0746463 0.0984623 0.104015 0.964087 0.28414 
81 184 276 41 87 
0.17016 0.681955 0.835667 0.464327 0.740569 0.783577 0.292496 0.0997792 0.191824 0.395506 0.0204984 0.934256 0.186588 0.0462803 0.0395692 0.706802 0.143753 0.691746 0.320509 0.402928 0.272503 0.025418 0.477574 0.370965 0.129433 0.441661 0.655105 0.142178 0.251157 0.0216716 0.47979 0.421316 
82 197 21 73 121 
0.099034 0.17814 0.543974 0.290858 0.573646 0.564473 0.225114 0.760234 0.610753 0.264683 0.467036 0.754506 0.956429 0.787545 0.157434 0.228932 0.812963 0.635008 0.599897 0.942396 0.0766691 0.255003 0.0845742 0.327826 0.276674 0.564365 0.749142 0.9803 0.879822 0.634786 0.424495 0.978856 
83 220 190 87 264 
0.532942 0.494828 0.146805 0.143695 0.759511 0.613842 0.898201 0.715941 0.401386 0.0556343 0.944873 0.214349 0.690642 0.54477 0.156746 0.767311 0.799773 0.24132 0.095137 0.0764467 0.805684 0.844279 0.0567472 0.685506 0.479065 0.481243 0.664362 0.29199 0.449712 0.934076 0.678561 0.982655 
84 77 59 290 289 
0.439208 0.0245506 0.904356 0.840595 0.0801849 0.849228 0.0549442 0.770827 0.393998 0.21169 0.538138 0.193771 0.453009 0.633275 0.270217 0.258694 0.477555 0.326965 0.9442 0.956619 0.808207 0.608562 0.24861 0.257919 0.542637 0.927171 0.240574 0.971541 0.752538 0.366924 0.159956 0.191746 
85 44 181 233 52 
0.913539 0.0872853 0.242486 0.307538 0.298975 0.780625 0.501308 0.751984 0.4139 0.771525 0.010678 0.891455 0.09849 0.954878 0.848074 0.906697 0.563439 0.0966838 0.164617 0.106076 0.023855 0.40519 0.0776169 0.776393 0.772114 0.237573 0.968139 0.163588 0.301884 0.000480287 0.635248 0.215423 
86 132 136 283 176 
0.658359 0.0242689 0.138725 0.0722585 0.795794 0.149403 0.963713 0.894284 0.10428 0.811787 0.800982 0.66772 0.908471 0.965598 0.773796 0.932326 0.370789 0.851413 0.708719 0.142903 0.0889854 0.676858 0.306491 0.390869 0.677338 0.941739 0.606292 0.765104 0.819473 0.129253 0.151844 0.477832 
87 44 55 234 101 
0.439972 0.513803 0.843601 0.544252 0.32559 0.644582 0.211972 0.234061 0.610181 0.985768 0.166387 0.980969 0.837181 0.875105 0.123872 0.926166 0.551963 0.430363 0.317035 0.229301 0.372102 0.923328 0.994405 0.191575 0.0525806 0.146249 0.669407 0.206103 0.436818 0.219497 0.155419 0.87679 
88 138 292 240 243 
0.643602 0.633014 0.292951 0.253783 0.618782 0.459337 0.234752 0.455963 0.334443 0.358624 0.382129 0.886406 0.788988 0.699164 0.115707 0.16109 0.622492 0.110111 0.352666 0.675072 0.25636 0.0220726 0.881175 0.693178 0.24157 0.0365938 0.569968 0.97487 0.0356135 0.99101 0.0337598 0.679216 
89 47 149 255 208 
0.786048 0.16775 0.698769 0.120491 0.526375 0.0808978 0.00689641 0.315362 0.780062 0.122603 0.476452 0.402554 0.232714 0.829118 0.0776257 0.489075 0.85119 0.958801 0.182253 0.0927599 0.995394 0.75222 0.0676296 0.0310078 0.74323 0.101389 0.710223 0.367254 0.4281 0.643222 0.61006 0.214148 
90 9 212 48 269 
0.389727 0.341536 0.652709 0.169789 0.464139 0.129161 0.572343 0.696853 0.958279 0.649968 0.185927 0.809469 0.608769 0.36818 0.902229 0.604163 0.1204 0.969858 0.635171 0.863631 0.0712478 0.345394 0.230885 0.499348 0.988616 0.840946 0.713496 0.799589 0.149775 0.0481354 0.136936 0.539502 
91 287 123 215 51 
0.918806 0.281634 0.550662 0.877084 0.931602 0.73659 0.686553 0.540371 0.10477 0.588782 0.144534 0.22517 0.558641 0.779705 0.0888008 0.629888 0.125099 0.319686 0.129236 0.113716 0.160631 0.842733 0.913304 0.310406 0.890868 0.05024 0.849909 0.280539 0.839884 0.5592 0.134348 0.75869 
92 142 230 74 168 
0.4216 0.322328 0.312806 0.52637 0.91111 0.45734 0.75154 0.469751 0.237045 0.840341 0.099639 0.362145 0.160027 0.228875 0.47586 0.320658 0.0716081 0.389165 0.631065 0.962476 0.439405 0.480973 0.243015 0.279289 0.0401729 0.377363 0.0379792 0.881006 0.0623741 0.673754 0.653442 0.483975 
93 229 273 179 269 
0.423588 0.761885 0.376942 0.660633 0.602226 0.476581 0.0227778 0.762253 0.705456 0.498638 0.0829112 0.777064 0.887803 0.713976 0.73954 0.327208 0.194949 0.982556 0.606497 0.235122 0.359919 0.644476 0.116128 0.422293 0.31823 0.76957 0.906268 0.314311 0.735818 0.916612 0.221502 0.159406 
94 66 129 263 253 
0.0750249 0.842817 0.0429762 0.780481 0.341455 0.125887 0.557546 0.229258 0.839863 0.297086 0.556465 0.0348124 0.279642 0.162962 0.269934 0.639561 0.807438 0.386063 0.0618536 0.125668 0.155632 0.968121 0.439979 0.89145 0.884734 0.661481 0.0508556 0.563231 0.259925 0.870894 0.843954 0.33495 
95 78 134 280 51 
0.0128178 0.672977 0.284423 0.852681 0.970063 0.840888 0.887493 0.249705 0.00385062 0.157428 0.889265 0.811289 0.543491 0.951119 0.936957 0.699123 0.91924 0.376936 0.590573 0.803974 0.0384169 0.641429 0.367205 0.298342 0.512323 0.211159 0.633292 0.226034 0.0980894 0.748724 0.281199 0.110907 
96 210 217 135 47 
0.406511 0.851082 0.641469 0.410362 0.00850959 0.530734 0.22165 0.552 0.481853 0.158607 0.251123 0.401093 0.535543 0.841696 0.205067 0.57396 0.483125 0.572271 0.872302 0.995448 0.78343 0.505594 0.221482 0.88152 0.254318 0.502681 0.992427 0.676019 0.0683038 0.956015 0.0677824 0.474815 
97 245 141 208 253 
0.239985 0.106827 0.367607 0.721837 0.265434 0.61873 0.12293 0.800977 0.460426 0.327997 0.374937 0.943551 0.900268 0.247239 0.938999 0.683699 0.752833 0.160481 0.565218 0.00715141 0.663162 0.557645 0.68317 0.731466 0.513661 0.750952 0.206281 0.320757 0.460203 0.0914569 0.136364 0.700188 
98 122 184 142 80 
0.122701 0.544956 0.264695 0.583127 0.872953 0.639632 0.526678 0.773221 0.886871 0.465677 0.45692 0.639704 0.626158 0.0221382 0.646856 0.28932 0.579784 0.330026 0.0207856 0.0934442 0.0809781 0.227066 0.414202 0.541181 0.318523 0.550566 0.241369 0.516807 0.0545364 0.663395 0.980524 0.177237 
99 92 39 290 257 
0.884851 0.287041 0.854524 0.771722 0.752718 0.311444 0.411426 0.378876 0.333582 0.0582816 0.668195 0.913366 0.388307 0.688981 0.00681012 0.469285 0.916047 0.421012 0.0104667 0.23457 0.971577 0.251836 0.751377 0.0261138 0.915231 0.731901 0.203351 0.123581 0.97712 0.963714 0.204884 0.861971 
100 21 123 198 15 
0.370853 0.0451183 0.382349 0.704435 0.1034 0.0505441 0.617801 0.491707 0.739525 0.624611 0.960993 0.655572 0.0456228 0.971459 0.890142 0.0172003 0.223295 0.641519 0.0433141 0.138526 0.37342 0.246665 0.262107 0.35054 0.210379 0.466991 0.21251 0.461134 0.526399 0.846203 0.464608 0.897252 
101 266 204 40 283 
0.897501 0.219488 0.486428 0.637026 0.844099 0.44742 0.292598 0.889722 0.41888 0.18274 0.906922 0.642175 0.824258 0.950236 0.7807 0.197678 0.196901 0.0428071 0.548217 0.40728 0.509798 0.760728 0.868414 0.0361971 0.60693 0.333022 0.933449 0.498251 0.179979 0.535136 0.492972 0.0774795 
102 43 248 148 266 
0.426821 0.0071029 0.488444 0.8457 0.189843 0.395366 0.487875 0.0141009 0.345602 0.268576 0.211779 0.542503 0.311383 0.759996 0.949783 0.821181 0.520724 0.818197 0.857378 0.127655 0.151219 0.790827 0.625906 0.331198 0.325963 0.118878 0.408678 0.0805862 0.0982785 0.123183 0.679309 0.525099 
103 211 39 259 250 
0.563119 0.858675 0.334229 0.908721 0.12725 0.546008 0.451224 0.438633 0.306004 0.401006 0.259814 0.826728 0.219204 0.117191 0.954383 0.370423 0.908018 0.580289 0.701621 0.233981 0.699167 0.110298 0.314567 0.797446 0.233481 0.993876 0.322545 0.363767 0.161628 0.693345 0.683895 0.724747 
104 165 86 287 119 
0.564132 0.084691 0.117903 0.870136 0.485697 0.377717 0.696865 0.704901 0.494908 0.651248 0.0753238 0.402926 0.231537 0.776945 0.636907 0.930704 0.887243 0.951474 0.72815 0.120724 0.94535 0.0506947 0.484491 0.106978 0.744039 0.168386 0.831725 0.296059 0.186509 0.465192 0.975328 0.750641 
105 125 217 165 3 
0.470948 0.317642 0.740482 0.965856 0.96889 0.815806 0.368782 0.200426 0.59275 0.00568954 0.13113 0.479993 0.957164 0.85928 0.600717 0.902514 0.909974 0.0852079 0.00949167 0.654014 0.253593 0.841217 0.950072 0.440103 0.306409 0.925401 0.190744 0.856293 0.018632 0.811522 0.891874 0.48958 
106 3 291 263 284 
0.448161 0.824218 0.29848 0.0409112 0.829908 0.42961 0.520904 0.787072 0.288889 0.121622 0.689585 0.198864 0.20683 0.699077 0.852877 0.460423 0.540294 0.80295 0.900526 0.846703 0.72835 0.0912703 0.702995 0.746982 0.902792 0.594869 0.236562 0.031956 0.227224 0.691998 0.130009 0.675385 
107 260 237 211 67 
0.858099 0.237201 0.133196 0.146988 0.358822 0.822781 0.345852 0.565652 0.521858 0.198729 0.026075 0.0621518 0.00167841 0.926601 0.908854 0.730029 0.0178713 0.61185 0.477011 0.920663 0.206718 0.713573 0.952619 0.433943 0.405572 0.0826287 0.109328 0.921788 0.511118 0.825624 0.267913 0.369216 
108 168 283 237 116 
0.223891 0.862056 0.987299 0.745749 0.0607846 0.0133741 0.807901 0.062463 0.939975 0.716755 0.792492 0.957846 0.328605 0.269503 0.87851 0.535323 0.983076 0.831129 0.969266 0.388648 0.913758 0.0785934 0.310436 0.424875 0.904217 0.578349 0.794092 0.967042 0.979458 0.310296 0.388689 0.203349 
109 21 12 258 10 
0.389362 0.756998 0.295599 0.329337 0.473753 0.0880911 0.287184 0.802358 0.357594 0.165693 0.337681 0.34067 0.996822 0.306947 0.729318 0.91058 0.38554 0.0397539 0.335455 0.289758 0.618103 0.129547 0.2568 0.597561 0.439843 0.645489 0.80091 0.612195 0.021477 0.750007 0.845331 0.410839 
110 274 138 111 62 
0.229022 0.0273602 0.783117 0.586616 0.193054 0.120798 0.927286 0.189876 0.427745 0.656603 0.100456 0.813286 0.696357 0.435911 0.103044 0.31446 0.565458 0.359843 0.912021 0.0053017 0.0053323 0.712931 0.617497 0.0268093 0.462938 0.462828 0.437649 0.969944 0.603759 0.177825 0.950703 0.832781 
111 116 91 93 68 
0.854618 0.346682 0.588115 0.282363 0.00328518 0.68857 0.095649 0.699642 0.124482 0.198693 0.0141025 0.68994 0.558536 0.926124 0.695242 0.563868 0.639055 0.312739 0.590678 0.101993 0.775567 0.0283263 0.0719369 0.379326 0.206151 0.0226395 0.212106 0.411337 0.756459 0.631502 0.809576 0.611077 
112 175 204 279 240 
0.086261 0.989089 0.681112 0.210743 0.187782 0.695214 0.900683 0.746318 0.621338 0.595925 0.310186 0.260393 0.908663 0.900864 0.362386 0.68423 0.92919 0.434323 0.0635555 0.135342 0.456962 0.275662 0.546679 0.213421 0.907164 0.356254 0.824498 0.885348 0.753945 0.717939 0.866818 0.840206 
113 191 177 134 83 
0.243144 0.951631 0.641127 0.864482 0.547556 0.951314 0.124875 0.456219 0.852177 0.487261 0.140449 0.781368 0.921583 0.204005 0.916709 0.378546 0.479667 0.463388 0.591967 0.386831 0.819642 0.416465 0.272179 0.573587 0.134404 0.138997 0.413793 0.841432 0.686926 0.464742 0.736241 0.93007 
114 13 33 147 279 
0.328682 0.919427 0.420149 0.18086 0.406688 0.560598 0.962227 0.328271 0.764603 0.878937 0.706817 0.24427 0.342325 0.298784 0.6311 0.161967 0.715249 0.903279 0.735554 0.849653 0.0422762 0.149347 0.691085 0.729202 0.614089 0.427326 0.659273 0.0304617 0.804695 0.453825 0.994391 0.133377 
115 67 2 227 33 
0.975138 0.276465 0.108211 0.739741 0.155401 0.815028 0.984011 0.497726 0.113812 0.615112 0.659693 0.829062 0.518391 0.395246 0.678715 0.560667 0.544593 0.3698 0.28987 0.158682 0.797127 0.949142 0.189144 0.601822 0.402967 0.183535 0.735199 0.776219 0.598075 0.0494362 0.556159 0.573213 
116 41 84 165 76 
0.479399 0.296965 0.979028 0.593211 0.912077 0.63872 0.422273 0.430468 0.0339666 0.100988 0.991135 0.57856 0.470788 0.281005 0.737242 0.267915 0.230147 0.926386 0.869736 0.633115 0.10992 0.604936 0.409334 0.707995 0.654372 0.965494 0.281208 0.980273 0.629864 0.594162 0.461574 0.109263 
117 62 174 104 205 
0.0793223 0.124746 0.233672 0.113289 0.225734 0.224807 0.691849 0.696522 0.505812 0.429091 0.964437 0.735959 0.355476 0.834173 0.369074 0.465397 0.439109 0.778409 0.173391 0.0934806 0.743902 0.454599 0.0737531 0.373766 0.0487608 0.535328 0.483029 0.939888 0.97593 0.185503 0.743092 0.0552519 
118 29 2 172 144 
0.20157 0.86039 0.232505 0.707382 0.28948 0.196942 0.443341 0.644956 0.0311147 0.812416 0.110353 0.470223 0.590824 0.283744 0.563704 0.334726 0.738343 0.637457 0.708493 0.787104 0.172785 0.191522 0.726992 0.148714 0.377025 0.470084 0.203966 0.687274 0.446847 0.372507 0.223257 0.648417 
119 293 121 222 292 
0.652703 0.799141 0.167333 0.683818 0.611556 0.277686 0.154041 0.202381 0.56143 0.717745 0.537107 0.299774 0.355203 0.2456 0.0868783 0.527987 0.437121 0.81387 0.676702 0.814146 0.283954 0.880668 0.50142 0.730801 0.253175 0.724677 0.379218 0.486071 0.180438 0.735018 0.00844804 0.833141 
120 49 154 130 187 
0.453467 0.671 0.348095 0.0148977 0.388746 0.885202 0.314672 0.743949 0.130802 0.40155 0.271936 0.567923 0.21542 0.948638 0.38207 0.499375 0.829305 0.883489 0.230176 0.0824803 0.608166 0.609394 0.568552 0.788604 0.344412 0.577 0.621745 0.87857 0.752781 0.138704 0.0242851 0.206248 
121 235 266 120 176 
0.257583 0.535817 0.942399 0.388385 0.937367 0.214335 0.956308 0.152788 0.162973 0.338378 0.652163 0.992278 0.221868 0.882338 0.0747587 0.830034 0.491732 0.64331 0.618638 0.836144 0.22031 0.240383 0.714714 0.973091 0.379088 0.739 0.179339 0.188792 0.11138 0.400485 0.387243 0.368963 
122 111 180 243 114 
0.543978 0.713656 0.0264578 0.706951 0.0520344 0.67862 0.699229 0.273902 0.560959 0.773988 0.103935 0.0526909 0.417298 0.722573 0.888835 0.637608 0.962956 0.603549 0.610699 0.342044 0.342549 0.790038 0.530836 0.453929 0.190523 0.91808 0.822892 0.126825 0.247722 0.58024 0.000495298 0.7917 
123 162 173 289 56 
0.705573 0.19788 0.619833 0.266532 0.971868 0.723768 0.319223 0.389166 0.446341 0.208058 0.0267745 0.409298 0.811607 0.637474 0.751341 0.154156 0.427512 0.282178 0.608085 0.618035 0.200257 0.430977 0.74486 0.447979 0.0112175 0.745356 0.23968 0.305114 0.772309 0.738331 0.651045 0.477882 
124 38 83 41 121 
0.994646 0.0636368 0.297246 0.440987 0.271695 0.32402 0.850285 0.0833018 0.961494 0.601626 0.237458 0.389006 0.883803 0.845543 0.00704066 0.0840604 0.276521 0.751901 0.53204 0.287738 0.497257 0.771719 0.592852 0.269566 0.51005 0.243897 0.747448 0.446261 0.514774 0.491862 0.354341 0.50942 
125 7 177 123 72 
0.975606 0.800691 0.910495 0.9371 0.402317 0.147953 0.326106 0.286121 0.993496 0.333146 0.370181 0.270017 0.0850473 0.902221 0.557755 0.582304 0.67394 0.150607 0.85187 0.18399 0.394504 0.599318 0.630252 0.909278 0.0911795 0.984592 0.418698 0.646678 0.636178 0.369105 0.473871 0.611784 
126 111 178 270 121 
0.532319 0.87499 0.858234 0.525815 0.208136 0.228415 0.795832 0.293183 0.130636 0.353587 0.875487 0.804576 0.504194 0.727357 0.988566 0.898698 0.326675 0.618818 0.807976 0.417854 0.60341 0.226674 0.0645324 0.239588 0.595779 0.538404 0.851372 0.765575 0.92277 0.400256 0.337689 0.455089 
127 12 87 86 189 
0.424338 0.776736 0.776564 0.554974 0.130323 0.652051 0.35955 0.634518 0.379408 0.348116 0.533216 0.706083 0.966934 0.341192 0.123937 0.570344 0.567866 0.18847 0.809931 0.163645 0.726874 0.661303 0.92922 0.649643 0.0615592 0.266909 0.104733 0.336805 0.462833 0.0856368 0.820186 0.887171 
128 51 22 270 116 
0.248802 0.801695 0.627214 0.62821 0.149811 0.16043 0.334293 0.116745 0.501621 0.458231 0.687088 0.0694873 0.6467 0.49702 0.233132 0.373574 0.158323 0.162353 0.0232175 0.219882 0.429262 0.12795 0.556687 0.892095 0.213587 0.376873 0.779265 0.0759599 0.973623 0.22141 0.0686564 0.222424 
129 16 142 196 222 
0.8563 0.184928 0.289661 0.357921 0.643158 0.976749 0.427409 0.289859 0.473769 0.660541 0.663433 0.632092 0.822894 0.68665 0.851974 0.252156 0.8146 0.40866 0.14425 0.0281871 0.785533 0.923516 0.104147 0.759156 0.144926 0.172803 0.98158 0.168031 0.868674 0.832215 0.340947 0.724974 
130 251 50 219 268 
0.607357 0.510304 0.950159 0.0811256 0.170845 0.613592 0.713217 0.993739 0.300243 0.565191 0.245894 0.114843 0.973851 0.390145 0.14303 0.759384 0.313661 0.247177 0.51854 0.458587 0.41998 0.50012 0.626618 0.288654 0.332334 0.967565 0.0136279 0.349476 0.598172 0.0965231 0.00977705 0.205529 
131 164 95 74 124 
0.573529 0.999872 0.77141 0.873772 0.565063 0.0173046 0.988615 0.538914 0.407449 0.131645 0.298298 0.72111 0.378822 0.816838 0.179697 0.798802 0.316957 0.806314 0.0874565 0.649291 0.773879 0.101084 0.998768 0.372051 0.197608 0.00854489 0.57758 0.804435 0.968481 0.864235 0.582106 0.54201 
132 52 133 283 135 
0.370821 0.404397 0.968084 0.778271 0.536041 0.266382 0.499381 0.914863 0.0832194 0.679077 0.713666 0.400177 0.485392 0.801122 0.049468 0.25927 0.902207 0.0482359 0.631322 0.0998143 0.0567808 0.208902 0.904249 0.0252622 0.0731375 0.486355 0.567272 0.937245 0.839872 0.983054 0.366415 0.210693 
133 121 265 134 107 
0.600881 0.488344 0.838356 0.6841 0.167422 0.552021 0.0842768 0.652813 0.353144 0.133745 0.912084 0.25535 0.181981 0.543406 0.355165 0.238761 0.752308 0.259413 0.264024 0.825445 0.745769 0.831296 0.76269 0.58564 0.814351 0.129105 0.796333 0.201802 0.463604 0.785297 0.125294 0.0644848 
134 11 33 171 71 
0.515671 0.832862 0.0938762 0.868815 0.966607 0.00596003 0.124165 0.148587 0.549366 0.47933 0.387349 0.301673 0.738744 0.651373 0.127119 0.484512 0.482669 0.889809 0.0701524 0.297019 0.0189136 0.866486 0.498821 0.482518 0.651782 0.624115 0.547002 0.925424 0.587765 0.295587 0.366487 0.103436 
135 4 70 290 255 
0.466323 0.0964166 0.243644 0.0156884 0.575747 0.630993 0.317362 0.31449 0.282365 0.44448 0.799002 0.765034 0.334289 0.869155 0.0620533 0.353202 0.73564 0.560874 0.83572 0.387423 0.184989 0.382722 0.312847 0.772754 0.67831 0.679333 0.87619 0.806759 0.139696 0.848441 0.901815 0.606019 
136 118 261 159 288 
0.776451 0.939069 0.835095 0.0588162 0.383549 0.634097 0.82385 0.717838 0.503252 0.885903 0.0710399 0.238892 0.446778 0.90676 0.626315 0.631767 0.289482 0.939162 0.404521 0.967792 0.618495 0.280711 0.774551 0.758191 0.129153 0.676366 0.364209 0.074011 0.821824 0.985917 0.594616 0.598275 
137 104 73 49 157 
0.0638081 0.480942 0.0263718 0.56706 0.366845 0.0974117 0.805953 0.813623 0.00417152 0.432268 0.44539 0.293654 0.37143 0.849911 0.261445 0.989925 0.130622 0.0359956 0.748116 0.259775 0.712361 0.112325 0.333786 0.534185 0.0982415 0.928402 0.13246 0.0232268 0.358113 0.789552 0.331761 0.421921 
138 120 2 244 272 
0.455544 0.794934 0.450961 0.459716 0.227202 0.896351 0.753369 0.598632 0.746262 0.0148146 0.588557 0.876884 0.0508102 0.336672 0.136659 0.763171 0.448997 0.470446 0.297357 0.547239 0.398848 0.429817 0.570466 0.756961 0.219369 0.902226 0.178882 0.489862 0.260359 0.167863 0.1272 0.715904 
139 180 212 144 190 
0.474512 0.928989 0.78863 0.220774 0.943804 0.377187 0.097658 0.994614 0.713859 0.234317 0.757785 0.162856 0.704763 0.0551421 0.710095 0.103611 0.484959 0.280561 0.860572 0.704328 0.182787 0.0394534 0.19419 0.443146 0.207316 0.321391 0.15905 0.170113 0.899552 0.33467 0.360111 0.374064 
140 101 42 121 298 
0.525929 0.692496 0.202076 0.239788 0.926814 0.959862 0.402644 0.631577 0.015004 0.112739 0.735188 0.499963 0.3933 0.59576 0.204291 0.576087 0.635213 0.398482 0.019233 0.842529 0.719873 0.178283 0.0126419 0.619425 0.512952 0.372753 0.99349 0.776611 0.521495 0.588328 0.984074 0.0474235 
141 81 148 178 51 
0.146012 0.689855 0.839215 0.161016 0.802595 0.574403 0.660979 0.195895 0.170163 0.865271 0.771981 0.805376 0.263753 0.791214 0.647905 0.983625 0.969497 0.660547 0.60305 0.48245 0.0333001 0.59654 0.259061 0.554795 0.184868 0.243134 0.602218 0.465692 0.429284 0.88943 0.67333 0.575296 
142 277 90 64 254 
0.0869472 0.397291 0.577774 0.25711 0.262562 0.349756 0.0624854 0.526315 0.14097 0.71039 0.50994 0.110467 0.370937 0.11299 0.592917 0.404237 0.70953 0.851978 0.959032 0.894398 0.0951123 0.561251 0.36009 0.524397 0.45068 0.0334201 0.0996929 0.0299655 0.545965 0.836005 0.411845 0.632912 
143 100 249 290 9 
0.339376 0.952507 0.0221727 0.480346 0.662897 0.532113 0.590813 0.0338344 0.645103 0.18373 0.438072 0.354633 0.0357085 0.397104 0.249032 0.130821 0.958354 0.609122 0.655217 0.409035 0.642542 0.75491 0.439 0.188507 0.590915 0.850846 0.821419 0.824211 0.840466 0.71144 0.32007 0.179841 
144 76 54 161 89 
0.874355 0.251 0.360678 0.519458 0.434731 0.79875 0.874092 0.470439 0.195854 0.123123 0.60126 0.154208 0.732245 0.256478 0.563243 0.374788 0.0113878 0.0022433 0.563294 0.602303 0.853089 0.384713 0.426515 0.693554 0.0961531 0.746584 0.873396 0.7601 0.0888266 0.533583 0.0869441 0.963182 
145 65 109 237 168 
0.246373 0.356731 0.689753 0.442227 0.479854 0.291013 0.596435 0.2121 0.547491 0.159678 0.586888 0.558878 0.161921 0.150182 0.161182 0.0150103 0.534895 0.587696 0.708565 0.631048 0.33428 0.58196 0.391148 0.423107 0.115543 0.478092 0.386288 0.900126 0.925715 0.868928 0.11944 0.172088 
146 224 207 228 191 
0.100206 0.210749 0.917613 0.647696 0.370427 0.504501 0.206575 0.532348 0.654683 0.367756 0.547359 0.189578 0.955452 0.255923 0.820626 0.289732 0.837884 0.211774 0.712839 0.953427 0.689866 0.0991276 0.853553 0.615581 0.968056 0.972992 0.787669 0.193715 0.782185 0.401983 0.899228 0.88239 
147 31 57 116 96 
0.321343 0.736661 0.515507 0.976026 0.104417 0.0628659 0.165603 0.0598689 0.318789 0.98623 0.349601 0.156673 0.198004 0.0624405 0.1101 0.88787 0.161568 0.963652 0.503451 0.129624 0.936644 0.29112 0.323338 0.718829 0.693102 0.222567 0.601219 0.305834 0.0394082 0.131305 0.288993 0.360751 
148 132 195 237 15 
0.867366 0.50238 0.0322518 0.186155 0.488609 0.381853 0.342828 0.686613 0.444294 0.452928 0.574483 0.605862 0.41658 0.0779339 0.735485 0.353224 0.369054 0.0588237 0.0720531 0.062156 0.28139 0.673272 0.36799 0.320798 0.804577 0.656983 0.681549 0.672544 0.461484 0.0183255 0.644927 0.32885 
149 205 97 38 177 
0.0590314 0.857834 0.695928 0.503325 0.310761 0.27041 0.109187 0.727341 0.348344 0.844672 0.0805657 0.717398 0.903496 0.152619 0.779554 0.184886 0.825891 0.147544 0.505684 0.630468 0.804528 0.187233 0.303012 0.266011 0.205559 0.947939 0.594861 0.726264 0.625117 0.109866 0.735579 0.684148 
150 222 291 143 275 
0.701917 0.29666 0.00580279 0.0502612 0.141332 0.0863685 0.767659 0.0448277 0.238987 0.547213 0.229714 0.0648783 0.694757 0.735398 0.695347 0.499285 0.922631 0.998359 0.765296 0.12819 0.946297 0.360157 0.854454 0.571414 0.470024 0.590033 0.255563 0.437724 0.0215396 0.443036 0.716185 0.723456 
151 289 280 23 1 
0.808356 0.541377 0.925856 0.0473436 0.0885899 0.155569 0.112222 0.783347 0.890967 0.807569 0.282632 0.813598 0.805927 0.0479286 0.941788 0.752225 0.408086 0.796243 0.323639 0.87811 0.386276 0.579202 0.315833 0.407816 0.0222375 0.0320185 0.131272 0.761933 0.754006 0.90499 0.642961 0.562363 
152 23 254 130 86 
0.724386 0.721928 0.318303 0.615353 0.529497 0.600936 0.428952 0.335424 0.648864 0.37074 0.0876487 0.0569505 0.166983 0.411288 0.93506 0.553259 0.990489 0.250894 0.961074 0.0127268 0.282912 0.0923464 0.77466 0.0369185 0.997336 0.417622 0.599281 0.443702 0.986439 0.208987 0.978658 0.710825 
153 141 218 96 185 
0.897898 0.75513 0.795836 0.546762 0.125871 0.883484 0.603713 0.292853 0.294772 0.538773 0.846112 0.285261 0.789667 0.807187 0.297988 0.0725791 0.899533 0.0726483 0.109498 0.896869 0.49027 0.708779 0.340572 0.476709 0.917766 0.31923 0.187534 0.848681 0.616192 0.513713 0.309093 0.514089 
154 15 214 276 189 
0.988413 0.664564 0.687567 0.283185 0.203337 0.53368 0.568446 0.993004 0.340867 0.866434 0.0655833 0.2404 0.939082 0.175081 0.13727 0.429352 0.88386 0.477841 0.906061 0.801626 0.797071 0.0935954 0.650307 0.413263 0.607308 0.9594 0.927352 0.876152 0.0643281 0.988204 0.270866 0.0527409 
155 185 129 103 290 
0.492113 0.904372 0.84911 0.83298 0.770806 0.914693 0.0733801 0.709888 0.0897738 0.21065 0.13924 0.973633 0.688491 0.0453016 0.775259 0.485562 0.138897 0.425566 0.898824 0.746205 0.384965 0.826177 0.622357 0.449293 0.814381 0.893223 0.502034 0.467149 0.851656 0.83796 0.323254 0.343769 
156 95 178 25 139 
0.0870568 0.250129 0.223026 0.176831 0.460779 0.362266 0.150464 0.14927 0.407568 0.925723 0.634831 0.546465 0.351289 0.533656 0.29267 0.736254 0.359832 0.915027 0.185547 0.174213 0.80825 0.687581 0.641362 0.659907 0.525542 0.964616 0.00367608 0.267873 0.13698 0.180425 0.781011 0.224036 
157 227 100 282 178 
0.366303 0.551331 0.0406036 0.773871 0.477054 0.675435 0.320335 0.828343 0.209091 0.613005 0.564597 0.568923 0.528033 0.750144 0.743136 0.336283 0.437725 0.384498 0.99619 0.963267 0.349113 0.999866 0.23114 0.486093 0.180291 0.0121512 0.710129 0.610846 0.016188 0.110997 0.50218 0.382491 
158 93 80 162 100 
0.218219 0.476697 0.967724 0.427309 0.089702 0.532321 0.996232 0.617735 0.282465 0.739368 0.954018 0.72019 0.123866 0.950207 0.683457 0.472979 0.950073 0.914597 0.959072 0.130364 0.926748 0.669202 0.741211 0.942936 0.780198 0.243391 0.325427 0.442526 0.786174 0.481789 0.581908 0.00439263 
159 295 123 110 229 
0.0819528 0.427934 0.665922 0.364418 0.167303 0.619939 0.0846076 0.291169 0.570147 0.768064 0.764148 0.52022 0.682662 0.72322 0.650584 0.60941 0.392422 0.391795 0.552346 0.172621 0.635186 0.877773 0.615147 0.42136 0.359562 0.197054 0.425752 0.318047 0.746686 0.857454 0.366234 0.828639 
160 101 224 127 287 
0.652095 0.277664 0.74386 0.222242 0.0457288 0.508007 0.742462 0.72839 0.231228 0.393047 0.3378 0.62365 0.784842 0.890146 0.796271 0.420027 0.767919 0.411418 0.841387 0.127481 0.608472 0.267139 0.445528 0.355158 0.124593 0.811762 0.183798 0.409981 0.843918 0.376854 0.862672 0.496013 
161 264 28 185 63 
0.114539 0.460717 0.428638 0.345767 0.853764 0.766438 0.969417 0.638605 0.656584 0.765689 0.0586322 0.424504 0.177106 0.900019 0.551985 0.785579 0.167158 0.997513 0.140737 0.291751 0.809275 0.324535 0.701732 0.653193 0.701389 0.564405 0.149206 0.355907 0.170936 0.867461 0.0561545 0.285476 
162 114 11 126 125 
0.25123 0.60066 0.820547 0.907814 0.366349 0.879179 0.332317 0.543455 0.779198 0.884302 0.329034 0.946355 0.881815 0.469771 0.238106 0.69109 0.794305 0.939839 0.344283 0.495694 0.504243 0.493488 0.851601 0.675179 0.360949 0.907756 0.960655 0.689127 0.392548 0.591898 0.871068 0.643778 
163 47 176 51 182 
0.570794 0.883909 0.102363 0.349991 0.768211 0.431397 0.296347 0.650026 0.901168 0.534453 0.341116 0.695473 0.474292 0.685399 0.191167 0.978535 0.178887 0.0427686 0.653714 0.539836 0.950524 0.614369 0.228963 0.343072 0.206268 0.100032 0.98685 0.398826 0.791646 0.538442 0.957734 0.36244 
164 206 124 35 40 
0.491494 0.00877822 0.840588 0.392662 0.543231 0.181704 0.0881352 0.0175227 0.867103 0.279302 0.996057 0.0459901 0.322071 0.649771 0.585826 0.272595 0.264141 0.814789 0.615668 0.470408 0.914821 0.602518 0.869235 0.706467 0.14096 0.826969 0.0689075 0.563311 0.887066 0.781339 0.753873 0.37856 
165 85 6 115 20 
0.776166 0.859357 0.350871 0.643269 0.13866 0.346929 0.689259 0.460731 0.9967 0.275085 0.733326 0.260841 0.0898744 0.348994 0.731249 0.00469534 0.951512 0.600484 0.711163 0.0924718 0.427452 0.78007 0.655782 0.314518 0.561409 0.409655 0.693078 0.351526 0.00411653 0.4643 0.684875 0.780282 
166 246 64 224 238 
0.382675 0.11281 0.923048 0.379375 0.387895 0.656374 0.640215 0.477769 0.00536835 0.371464 0.482464 0.95688 0.971948 0.193627 0.0493522 0.3994 0.973697 0.705135 0.713918 0.535107 0.11479 0.406996 0.886633 0.118907 0.871296 0.571508 0.899189 0.194954 0.607254 0.32274 0.657271 0.989928 
167 231 96 150 125 
0.236693 0.00951815 0.301213 0.242061 0.380982 0.783677 0.198942 0.35293 0.977304 0.248294 0.75233 0.951001 0.953429 0.466248 0.486108 0.0682187 0.873244 0.372741 0.187125 0.744541 0.944249 0.086314 0.939494 0.551502 0.409054 0.596765 0.541431 0.844603 0.177084 0.910734 0.668046 0.413777 
168 81 252 53 57 
0.752936 0.85478 0.654164 0.73024 0.103074 0.406494 0.681241 0.0565024 0.872743 0.167349 0.124721 0.745987 0.54009 0.311846 0.490527 0.484339 0.39816 0.430022 0.0358412 0.807214 0.0267869 0.577272 0.651817 0.203871 0.488006 0.319863 0.617648 0.408258 0.289122 0.273486 0.709492 0.0420577 
169 111 79 28 93 
0.770151 0.453539 0.287842 0.642894 0.620889 0.412563 0.38888 0.160979 0.724409 0.879408 0.645318 0.12257 0.30943 0.681159 0.929784 0.336217 0.258431 0.5816 0.540087 0.746437 0.901463 0.157735 0.154695 0.190585 0.43122 0.864187 0.232642 0.559486 0.227843 0.00494024 0.790825 0.997994 
170 75 209 123 116 
0.49123 0.0297685 0.240347 0.215639 0.909176 0.885665 0.338209 0.218606 0.566823 0.267993 0.554823 0.825254 0.849593 0.0949097 0.571691 0.751056 0.252645 0.726386 0.941641 0.683865 0.590572 0.174283 0.243351 0.818416 0.179223 0.0341762 0.81641 0.637703 0.112843 0.457298 0.717071 0.604073 
171 294 32 17 34 
0.843082 0.157922 0.614849 0.409906 0.425914 0.169672 0.23516 0.275507 0.264581 0.806851 0.0265632 0.517226 0.533236 0.968204 0.201091 0.123808 0.142487 0.444442 0.942224 0.32171 0.478618 0.758634 0.959413 0.591461 0.215933 0.676484 0.195535 0.703 0.633902 0.0152472 0.0992428 0.476984 
172 257 110 14 145 
0.883764 0.122049 0.87459 0.148345 0.9289 0.901154 0.665571 0.462136 0.869357 0.866662 0.585945 0.0118441 0.311104 0.528169 0.333554 0.789722 0.286803 0.292967 0.381183 0.502736 0.969451 0.576718 0.205736 0.603352 0.591965 0.304978 0.0803362 0.765134 0.0190704 0.967226 0.364217 0.902834 
173 42 9 151 41 
0.139961 0.71675 0.480311 0.00931865 0.583412 0.0662556 0.0211628 0.894516 0.594424 0.354717 0.684238 0.881228 0.647684 0.0654211 0.383964 0.617134 0.642139 0.589699 0.220487 0.234104 0.894678 0.300823 0.999238 0.913748 0.268049 0.363456 0.816582 0.357324 0.602263 0.867761 0.375499 0.742225 
174 47 153 183 142 
0.922065 0.772706 0.0624395 0.51649 0.127423 0.746677 0.397717 0.775107 0.812098 0.781681 0.392241 0.454237 0.371381 0.612728 0.688342 0.266058 0.913551 0.68758 0.179807 0.181599 0.0510354 0.996389 0.538923 0.653299 0.864151 0.914421 0.395523 0.448662 0.770231 0.147066 0.616586 0.692297 
175 123 241 20 251 
0.425703 0.606504 0.822302 0.237801 0.388185 0.214543 0.692038 0.759566 0.827271 0.38038 0.0256243 0.740821 0.0679597 0.205431 0.92242 0.118995 0.20182 0.461343 0.772294 0.0659706 0.375764 0.167817 0.514633 0.145996 0.314883 0.131219 0.838292 0.234655 0.810244 0.0470791 0.281851 0.235947 
176 101 229 244 99 
0.318695 0.165786 0.801335 0.145966 0.546166 0.826959 0.886787 0.614125 0.0323899 0.809207 0.73312 0.23421 0.27055 0.505414 0.300181 0.646314 0.673231 0.814813 0.79231 0.988114 0.946032 0.630602 0.22277 0.756276 0.677682 0.50462 0.992223 0.331265 0.608773 0.46597 0.373033 0.927468 
177 95 39 191 299 
0.00132675 0.960221 0.792047 0.0337166 0.769427 0.525167 0.267927 0.0399773 0.0305813 0.568107 0.686292 0.703812 0.382921 0.478601 0.691926 0.328953 0.109204 0.914696 0.0852288 0.786885 0.419316 0.0774515 0.11815 0.028089 0.543422 0.491184 0.955557 0.175178 0.665551 0.0289906 0.353099 0.666878 
178 238 145 3 122 
0.670313 0.968521 0.798616 0.700894 0.536629 0.484907 0.404707 0.919549 0.963509 0.0966332 0.248502 0.0727127 0.0113293 0.333731 0.859598 0.430646 0.411182 0.977748 0.458735 0.954604 0.468932 0.414292 0.129782 0.134483 0.443282 0.482881 0.801361 0.432493 0.628027 0.501956 0.191132 0.29834 
179 32 127 50 173 
0.474655 0.403941 0.926655 0.438164 0.500574 0.175157 0.510877 0.511904 0.508888 0.370475 0.942549 0.92007 0.348223 0.401284 0.874674 0.817155 0.815575 0.00445582 0.951638 0.258858 0.487337 0.752999 0.691351 0.115363 0.254955 0.882483 0.413703 0.725432 0.872231 0.412938 0.732539 0.346886 
180 278 25 219 24 
0.834351 0.295927 0.829356 0.343239 0.666401 0.771906 0.26331 0.0146242 0.173189 0.137984 0.831779 0.988765 0.14244 0.783416 0.247623 0.629776 0.536415 0.938974 0.74514 0.79137 0.821456 0.158843 0.516803 0.693687 0.57178 0.249341 0.0405728 0.388659 0.908535 0.825623 0.706112 0.742886 
181 154 292 58 270 
0.307374 0.349436 0.802575 0.480563 0.48742 0.634353 0.469328 0.629859 0.41777 0.716951 0.259636 0.954185 0.655924 0.00477543 0.745555 0.477381 0.163618 0.262357 0.171068 0.735399 0.511699 0.211641 0.124058 0.420234 0.0372633 0.83017 0.16312 0.158813 0.365638 0.249246 0.946763 0.673012 
182 250 112 38 281 
0.383691 0.622903 0.71596 0.801461 0.339854 0.975596 0.755646 0.995778 0.980371 0.501201 0.473159 0.14399 0.763558 0.644226 0.879388 0.275256 0.855867 0.00344591 0.69549 0.89313 0.833615 0.85861 0.0519429 0.199253 0.107856 0.998706 0.872265 0.706537 0.748044 0.0258396 0.792638 0.131735 
183 250 125 3 257 
0.484193 0.688842 0.984374 0.464565 0.190042 0.457533 0.608554 0.9536 0.101759 0.487943 0.228857 0.957626 0.491388 0.924347 0.850757 0.325004 0.782957 0.9027 0.524257 0.890812 0.901406 0.396522 0.597349 0.64945 0.422362 0.389987 0.781185 0.0711041 0.898584 0.714381 0.0597003 0.382778 
184 281 168 270 118 
0.501607 0.455897 0.546866 0.603366 0.943839 0.775722 0.560993 0.435228 0.700069 0.411749 0.760232 0.483026 0.314449 0.284489 0.373838 0.215855 0.681011 0.971188 0.865304 0.103372 0.361174 0.646489 0.174477 0.259759 0.36087 0.234177 0.642536 0.764093 0.278251 0.489879 0.357358 0.779858 
185 218 40 143 4 
0.679946 0.944217 0.324843 0.380015 0.355967 0.0850746 0.863041 0.670416 0.369563 0.23688 0.886271 0.0505743 0.208067 0.751575 0.153947 0.569242 0.398064 0.328423 0.829 0.758934 0.5626 0.471537 0.523027 0.840851 0.961416 0.880385 0.62071 0.907192 0.784609 0.0039345 0.796807 0.464554 
186 265 180 133 258 
0.206724 0.707611 0.974535 0.576288 0.94449 0.860805 0.626862 0.152558 0.61238 0.780809 0.721799 0.0104442 0.109232 0.5508 0.769378 0.671832 0.0223364 0.292405 0.512684 0.983752 0.17279 0.133393 0.890944 0.957399 0.137328 0.68775 0.421954 0.0854798 0.8094 0.266523 0.389599 0.0161242 
187 85 131 168 112 
0.224938 0.219274 0.0711816 0.837318 8.22586e-05 0.792981 0.847763 0.109314 0.34378 0.617141 0.781146 0.366117 0.909546 0.29383 0.349869 0.082337 0.427223 0.240813 0.039736 0.564551 0.928563 0.46169 0.650031 0.737963 0.728213 0.0396293 0.754087 0.702346 0.403762 0.346499 0.62097 0.628701 
188 152 16 117 101 
0.485133 0.313782 0.675169 0.828913 0.930923 0.456315 0.19503 0.840469 0.750145 0.544899 0.922806 0.177369 0.785712 0.962542 0.74192 0.714275 0.424232 0.39195 0.452238 0.152445 0.43158 0.206325 0.854791 0.835342 0.552824 0.475761 0.464043 0.118597 0.167914 0.930062 0.684452 0.653047 
189 223 58 203 179 
0.815936 0.67699 0.0152363 0.566082 0.221889 0.938043 0.74345 0.00760092 0.900585 0.48537 0.721876 0.324817 0.877321 0.174114 0.477261 0.3089 0.380439 0.332052 0.144243 0.933263 0.807814 0.608286 0.0518601 0.975727 0.538348 0.736312 0.628774 0.782192 0.0959329 0.110734 0.956959 0.911869 
190 173 104 272 95 
0.910238 0.221402 0.017214 0.810823 0.706772 0.73909 0.13564 0.584092 0.913203 0.612901 0.892993 0.293642 0.944954 0.0372355 0.226906 0.752767 0.645521 0.278766 0.728495 0.183869 0.0150776 0.357269 0.966061 0.11101 0.468002 0.92302 0.0228798 0.255726 0.895215 0.500831 0.26534 0.805453 
191 216 282 286 163 
0.0216433 0.751916 0.0130969 0.934847 0.364817 0.90609 0.228489 0.30977 0.943325 0.455395 0.0625379 0.588846 0.73416 0.791033 0.772715 0.749238 0.148301 0.738776 0.860248 0.616304 0.661796 0.883128 0.87203 0.557011 0.383959 0.13737 0.362464 0.106192 0.419923 0.97874 0.535196 0.441566 
192 165 46 202 197 
0.454383 0.604902 0.405243 0.397708 0.0602972 0.467781 0.986555 0.794458 0.258813 0.75927 0.543696 0.407114 0.498046 0.403944 0.0234182 0.159843 0.287072 0.895448 0.716854 0.671032 0.0328178 0.0793178 0.777224 0.452741 0.0580577 0.31242 0.894307 0.788713 0.860713 0.27072 0.884185 0.315096 
193 169 125 61 295 
0.757209 0.699359 0.730378 0.0160223 0.458629 0.274074 0.423137 0.956676 0.678018 0.446555 0.116518 0.96509 0.342003 0.833372 0.636122 0.374821 0.91269 0.413346 0.827562 0.970748 0.725766 0.721869 0.759461 0.586479 0.992589 0.643646 0.901575 0.868212 0.933074 0.61438 0.804132 0.690283 
194 210 115 13 106 
0.808584 0.129442 0.729044 0.486601 0.575997 0.845563 0.451692 0.918001 0.678935 0.0878135 0.292821 0.591625 0.501159 0.120383 0.562372 0.226925 0.842252 0.321833 0.813404 0.834841 0.965479 0.714979 0.703054 0.898553 0.32936 0.507186 0.588837 0.643099 0.0416961 0.295143 0.415468 0.85028 
195 210 26 208 283 
0.990075 0.788573 0.918583 0.66901 0.876386 0.211404 0.260634 0.377545 0.331788 0.823007 0.60447 0.17404 0.14484 0.417874 0.00888112 0.110319 0.132854 0.711935 0.00887196 0.462213 0.219121 0.597709 0.105312 0.260817 0.892851 0.52078 0.111097 0.317436 0.665292 0.447978 0.318019 0.655366 
196 208 118 143 47 
0.448006 0.58501 0.490482 0.779794 0.408017 0.094952 0.953833 0.552856 0.512826 0.962714 0.663175 0.64568 0.674649 0.672047 0.107893 0.89377 0.269756 0.213205 0.154587 0.162607 0.733985 0.265684 0.480043 0.399276 0.713661 0.798062 0.0546427 0.950212 0.0346636 0.379019 0.0631483 0.48267 
197 207 276 71 126 
0.648582 0.216296 0.924902 0.161408 0.179011 0.588077 0.807088 0.85366 0.260124 0.914981 0.74743 0.52988 0.128186 0.902017 0.692487 0.862171 0.1677 0.17253 0.261448 0.881362 0.970592 0.31609 0.831573 0.00525537 0.695109 0.894722 0.487925 0.659138 0.448352 0.750388 0.0311835 0.0969341 
198 140 266 169 237 
0.544163 0.0654308 0.999355 0.804287 0.980412 0.746785 0.334166 0.108599 0.648801 0.026653 0.97077 0.816502 0.199183 0.232217 0.697863 0.169775 0.548308 0.529437 0.17503 0.243416 0.424158 0.662955 0.902554 0.87251 0.413343 0.933738 0.969444 0.380027 0.889823 0.227787 0.525723 0.433986 
199 31 77 43 169 
0.271862 0.572439 0.382228 0.920663 0.599092 0.352998 0.737165 0.798275 0.585216 0.435028 0.96805 0.133523 0.964465 0.14308 0.376939 0.388623 0.806035 0.279493 0.261133 0.219378 0.213231 0.230578 0.599405 0.103054 0.458365 0.125128 0.53704 0.751583 0.650205 0.775313 0.0252124 0.922067 
200 246 176 93 247 
0.760439 0.579895 0.74512 0.345654 0.0149233 0.713169 0.479177 0.979388 0.856249 0.856117 0.368011 0.662284 0.13561 0.629144 0.881662 0.348841 0.859722 0.481068 0.451896 0.318087 0.606196 0.988936 0.0696697 0.256401 0.764249 0.094882 0.178468 0.112002 0.502323 0.021199 0.0588465 0.262762 
201 176 146 287 169 
0.517136 0.0875937 0.595405 0.373385 0.943711 0.963416 0.0356694 0.0793209 0.592561 0.917332 0.428162 0.452283 0.398399 0.880058 0.77037 0.00459498 0.868994 0.84004 0.260996 0.633244 0.934922 0.439464 0.745246 0.437245 0.460663 0.804092 0.700007 0.0617578 0.608059 0.308423 0.677775 0.125194 
202 161 183 51 39 
0.236597 0.534249 0.419048 0.829158 0.45158 0.84721 0.281441 0.84998 0.727269 0.0518119 0.854575 0.596263 0.891852 0.115571 0.229507 0.826774 0.555035 0.974753 0.264019 0.0156986 0.778845 0.964026 0.0774564 0.386904 0.272449 0.755232 0.512098 0.668465 0.0284126 0.0106772 0.00819257 0.26501 
203 121 33 187 41 
0.274451 0.37561 0.846486 0.00171982 0.427421 0.70106 0.597983 0.319273 0.816631 0.82749 0.146048 0.371666 0.802242 0.410067 0.387365 0.581087 0.374092 0.464821 0.967991 0.646541 0.220053 0.480089 0.315007 0.248465 0.490766 0.323199 0.513475 0.0356917 0.75044 0.607643 0.0321979 0.024891 
204 64 255 185 178 
0.579744 0.624594 0.729948 0.396375 0.452083 0.875995 0.768041 0.254326 0.286062 0.155406 0.835413 0.660155 0.620227 0.803404 0.306696 0.840279 0.283493 0.621702 0.0887447 0.774259 0.944901 0.60222 0.80995 0.695341 0.209863 0.842148 0.720232 0.193116 0.720832 0.746843 0.60379 0.300576 
205 173 276 244 215 
0.209734 0.464992 0.0778458 0.495796 0.620398 0.913259 0.15595 0.240624 0.716663 0.462646 0.0809038 0.000156089 0.0843481 0.169648 0.774415 0.0292494 0.771868 0.584365 0.724591 0.981731 0.426514 0.444823 0.174847 0.147346 0.191666 0.778638 0.447922 0.563102 0.112376 0.144873 0.386622 0.32211 
206 134 24 151 128 
0.377727 0.973855 0.470887 0.0943903 0.436501 0.551791 0.0945463 0.520849 0.721439 0.868961 0.550099 0.493307 0.453326 0.274689 0.475039 0.87984 0.719512 0.649886 0.0271857 0.911178 0.428524 0.475107 0.47428 0.5409 0.61998 0.860902 0.863009 0.229845 0.32537 0.680915 0.460108 0.703097 
207 275 296 238 95 
0.482785 0.892033 0.612121 0.204224 0.760995 0.16222 0.697532 0.214321 0.436909 0.172571 0.094161 0.156421 0.822457 0.121347 0.0675988 0.250981 0.596454 0.541879 0.791881 0.216434 0.40278 0.654891 0.446279 0.72815 0.335805 0.906387 0.431247 0.990575 0.837381 0.228734 0.0818467 0.320166 
208 284 175 162 70 
0.856187 0.221923 0.096083 0.293097 0.394493 0.190244 0.449518 0.21695 0.311591 0.517117 0.467932 0.908045 0.0589951 0.259813 0.124479 0.461775 0.914703 0.570758 0.189926 0.250508 0.477145 0.621172 0.241084 0.314526 0.849907 0.32293 0.634693 0.970674 0.016898 0.159083 0.852436 0.873085 
209 38 211 298 277 
0.138763 0.6157 0.99245 0.450353 0.132816 0.460381 0.358398 0.191811 0.720194 0.482877 0.653587 0.634897 0.0536348 0.843512 0.885406 0.53078 0.464685 0.126489 0.845306 0.314591 0.44942 0.479998 0.285265 0.466318 0.639082 0.137701 0.339403 0.0200877 0.0862199 0.505585 0.795587 0.224983 
210 274 297 245 193 
0.248418 0.033734 0.445912 0.968612 0.516611 0.0994982 0.60351 0.570246 0.94301 0.488915 0.101025 0.407695 0.615404 0.946331 0.722286 0.0648239 0.426329 0.00755114 0.531142 0.065411 0.145252 0.870544 0.0854986 0.231472 0.376129 0.881086 0.456455 0.497413 0.669123 0.131791 0.751514 0.917541 
211 269 121 236 185 
0.296924 0.489663 0.252381 0.239934 0.978578 0.353406 0.647629 0.593982 0.299737 0.369915 0.658806 0.726067 0.377466 0.189948 0.791478 0.522718 0.0604923 0.876976 0.75419 0.436621 0.758062 0.210645 0.934035 0.427185 0.342436 0.685549 0.344725 0.507961 0.882974 0.230879 0.190096 0.179898 
212 279 135 218 41 
0.795884 0.0674606 0.293102 0.095621 0.437375 0.951909 0.821688 0.814841 0.141857 0.613165 0.33756 0.202349 0.490141 0.0917498 0.638971 0.248203 0.302395 0.573006 0.675388 0.644831 0.258554 0.0201134 0.152791 0.141529 0.250992 0.342888 0.321426 0.971534 0.785365 0.741258 0.670654 0.581249 
213 28 279 197 190 
0.915665 0.498557 0.0609356 0.0575218 0.111723 0.398495 0.259871 0.601864 0.490245 0.898842 0.850068 0.79264 0.471847 0.525456 0.437471 0.730401 0.545569 0.590262 0.87193 0.796561 0.93315 0.193356 0.768095 0.718515 0.934614 0.438749 0.299763 0.743333 0.402505 0.976633 0.989427 0.31817 
214 219 20 225 38 
0.448858 0.635563 0.188778 0.939103 0.534405 0.0388453 0.731743 0.00625159 0.564301 0.169214 0.736653 0.10987 0.759476 0.608583 0.906431 0.692626 0.801939 0.674526 0.41114 0.736554 0.113275 0.710904 0.479887 0.51578 0.687537 0.469314 0.83395 0.162728 0.519677 0.209642 0.749641 0.968535 
215 245 189 183 227 
0.977264 0.639382 0.385862 0.541565 0.808596 0.122515 0.651435 0.568071 0.731097 0.557866 0.260697 0.533037 0.232392 0.671837 0.26959 0.345667 0.382741 0.749477 0.861447 0.0702784 0.218791 0.695397 0.233006 0.738468 0.90504 0.982648 0.707003 0.750245 0.921067 0.614642 0.129855 0.898331 
216 55 295 173 298 
0.638232 0.0913308 0.630691 0.369329 0.649197 0.891388 0.902366 0.881588 0.563225 0.171956 0.227255 0.945967 0.921433 0.0887018 0.016245 0.140224 0.784099 0.249251 0.878692 0.689139 0.231899 0.585695 0.439384 0.152965 0.200337 0.569239 0.0512962 0.454361 0.0849563 0.491192 0.51698 0.723188 
217 114 55 230 125 
0.0390588 0.994883 0.113308 0.602284 0.166838 0.340563 0.548251 0.0882711 0.429264 0.564496 0.228495 0.213363 0.813747 0.107187 0.902502 0.0456459 0.692882 0.341886 0.198611 0.89322 0.911125 0.249908 0.347581 0.996082 0.7411 0.864561 0.71927 0.323623 0.0122321 0.811786 0.555342 0.0512909 
218 222 133 128 11 
0.00921245 0.201826 0.0617785 0.438477 0.766322 0.290273 0.65184 0.580069 0.39746 0.554343 0.625715 0.0903428 0.896229 0.824326 0.983563 0.807354 0.0742334 0.331143 0.803436 0.815333 0.195705 0.522705 0.138956 0.207937 0.334492 0.694298 0.259228 0.141161 0.362948 0.912803 0.114668 0.37216 
219 204 117 229 295 
0.46672 0.462477 0.461019 0.864181 0.0168198 0.086733 0.954523 0.913049 0.911059 0.938086 0.720403 0.985292 0.26923 0.523839 0.800625 0.464934 0.0465441 0.939581 0.672871 0.381036 0.633879 0.932098 0.522197 0.996826 0.844901 0.636865 0.368986 0.959529 0.813312 0.179623 0.840479 0.280032 
220 206 113 62 170 
0.388231 0.0987365 0.571969 0.29929 0.0368227 0.292372 0.284582 0.306052 0.81621 0.0852074 0.770986 0.862754 0.0247886 0.443857 0.24379 0.658668 0.375955 0.765987 0.655494 0.220856 0.402853 0.0244804 0.180385 0.216165 0.204104 0.0208642 0.496197 0.846204 0.322362 0.64041 0.505125 0.710592 
221 147 146 213 134 
0.369465 0.294464 0.0820217 0.185675 0.379671 0.853008 0.0484293 0.40446 0.296865 0.29222 0.0631272 0.67282 0.0582067 0.718621 0.893676 0.461059 0.743102 0.0740615 0.677224 0.947205 0.0949257 0.173421 0.79341 0.417287 0.813831 0.298534 0.12788 0.552978 0.375628 0.137762 0.328948 0.745093 
222 142 150 71 263 
0.263977 0.979197 0.216356 0.560842 0.271417 0.279483 0.233663 0.329623 0.998104 0.127339 0.790683 0.741206 0.2014 0.467907 0.688411 0.296326 0.641328 0.481821 0.713614 0.455159 0.780355 0.841493 0.00813755 0.155983 0.979255 0.337085 0.901075 0.41148 0.748054 0.831843 0.223376 0.0120316 
223 196 92 129 121 
0.719215 0.806537 0.41208 0.71732 0.933875 0.202763 0.458526 0.135276 0.670669 0.146937 0.431602 0.311997 0.628758 0.145216 0.767157 0.409113 0.986709 0.775294 0.565096 0.965964 0.112379 0.466171 0.377443 0.860434 0.298014 0.60082 0.872465 0.109054 0.0405519 0.445339 0.191511 0.759767 
224 48 14 55 119 
0.806354 0.935612 0.321027 0.477023 0.0825493 0.752629 0.78902 0.711307 0.897845 0.556177 0.12042 0.884554 0.331471 0.685515 0.850517 0.443851 0.151686 0.227961 0.304285 0.4497 0.828781 0.17675 0.558754 0.869332 0.622089 0.750265 0.6291 0.873965 0.353856 0.106186 0.0597168 0.16021 
225 174 89 191 153 
0.133373 0.426253 0.835655 0.0312184 0.98243 0.956075 0.915772 0.313902 0.64159 0.766289 0.757752 0.793277 0.99425 0.0620369 0.242977 0.823031 0.238787 0.801731 0.692363 0.860876 0.551997 0.321463 0.734842 0.905853 0.427649 0.794558 0.0660624 0.469448 0.175303 0.703295 0.593796 0.308676 
226 237 155 242 109 
0.385526 0.255667 0.42588 0.0271162 0.021956 0.183632 0.820393 0.0162062 0.245669 0.0633701 0.839237 0.484456 0.865101 0.5316 0.345333 0.417098 0.853063 0.0801745 0.322951 0.280712 0.874733 0.389013 0.750159 0.0500355 0.0923084 0.343955 0.358711 0.221857 0.773405 0.698606 0.333835 0.158931 
227 294 243 113 254 
0.943348 0.00644028 0.992435 0.189017 0.0698103 0.831672 0.673473 0.934912 0.363272 0.0188062 0.35201 0.216334 0.0989807 0.674961 0.497046 0.973714 0.0639739 0.247205 0.0237491 0.156282 0.59116 0.382461 0.378139 0.364565 0.0810665 0.711974 0.523496 0.0353389 0.471689 0.709544 0.0115673 0.415037 
228 277 95 1 231 
0.835673 0.277528 0.720706 0.198945 0.296334 0.072716 0.415279 0.395315 0.747677 0.912325 0.369028 0.81165 0.15953 0.392777 0.967933 0.75069 0.775238 0.346072 0.115255 0.856305 0.0580458 0.638752 0.891643 0.529735 0.348295 0.903211 0.944772 0.0642794 0.907213 0.548827 0.850074 0.742886 
229 200 295 32 91 
0.643496 0.35711 0.518003 0.391172 0.269435 0.887031 0.202823 0.428965 0.279809 0.170756 0.179655 0.055047 0.516827 0.294911 0.911352 0.574873 0.933662 0.802995 0.104608 0.281958 0.706206 0.0493808 0.346237 0.613418 0.598207 0.196311 0.356304 0.424562 0.767091 0.298135 0.54725 0.410586 
230 223 101 165 245 
0.952285 0.00458175 0.353646 0.232094 0.175337 0.533301 0.287141 0.692165 0.828212 0.198493 0.267038 0.761874 0.00148758 0.371646 0.0438321 0.707693 0.421027 0.390069 0.321112 0.0192345 0.58638 0.677416 0.443796 0.353471 0.975551 0.991047 0.764057 0.630797 0.0563004 0.565816 0.555477 0.00858548 
231 264 272 208 215 
0.52782 0.4379 0.270636 0.726313 0.704938 0.0325104 0.727801 0.0765841 0.0763424 0.435494 0.497611 0.466412 0.756606 0.516846 0.0527919 0.434022 0.960642 0.406263 0.409573 0.951689 0.17032 0.0403698 0.00798924 0.736136 0.595847 0.0165747 0.306534 0.50497 0.257254 0.0522698 0.947394 0.785075 
232 179 96 0 216 
0.250541 0.239188 0.271692 0.326883 0.674682 0.769303 0.793295 0.431288 0.286149 0.846087 0.86531 0.246791 0.25235 0.274883 0.198479 0.42267 0.315253 0.206469 0.158806 0.9111 0.223043 0.465341 0.41607 0.480298 0.51761 0.363464 0.265372 0.00778035 0.581494 0.77676 0.202888 0.832035 
233 227 229 273 35 
0.952213 0.121919 0.530032 0.798299 0.987229 0.776822 0.050649 0.262112 0.975301 0.473319 0.577365 0.18177 0.632125 0.488464 0.404813 0.0974657 0.904534 0.885111 0.615076 0.267998 0.150483 0.622857 0.849493 0.927243 0.825745 0.681527 0.943192 0.300325 0.840445 0.633822 0.544208 0.792658 
234 42 11 33 243 
0.851061 0.641607 0.00508126 0.826363 0.114925 0.582446 0.00813272 0.74705 0.0709101 0.412946 0.844516 0.975444 0.298057 0.459592 0.243443 0.448541 0.0824489 0.0929352 0.375784 0.908194 0.774463 0.318975 0.208518 0.614908 0.952798 0.752726 0.407566 0.708539 0.826965 0.998524 0.451508 0.678026 
235 63 231 117 126 
0.0390355 0.512521 0.502106 0.109946 0.925468 0.346622 0.08539 0.223525 0.806215 0.328833 0.672065 0.888664 0.421768 0.047849 0.796857 0.19623 0.366825 0.00537539 0.811138 0.319622 0.758101 0.218705 0.0281612 0.585066 0.217228 0.47967 0.263092 0.857359 0.936259 0.767481 0.612414 0.975295 
236 74 186 293 286 
0.461143 0.170631 0.428994 0.267358 0.499463 0.101059 0.156021 0.921231 0.148908 0.952878 0.117462 0.515733 0.958254 0.9286 0.835355 0.716355 0.147305 0.863517 0.301421 0.364533 0.343186 0.564513 0.221891 0.279446 0.331994 0.834306 0.254741 0.611996 0.948826 0.339981 0.817465 0.409969 
237 94 131 69 256 
0.347519 0.833348 0.931306 0.496427 0.786226 0.0487677 0.0121602 0.74448 0.977368 0.847516 0.460835 0.124672 0.711032 0.762256 0.489205 0.0542182 0.326769 0.711097 0.333664 0.658762 0.545402 0.588404 0.270758 0.494229 0.928386 0.0882232 0.904198 0.438997 0.334682 0.581525 0.449072 0.682201 
238 110 118 83 175 
0.190789 0.945579 0.406514 0.0383043 0.406414 0.531186 0.749336 0.16867 0.0203914 0.803555 0.495438 0.731488 0.137218 0.154201 0.276891 0.725623 0.424959 0.771119 0.654008 0.513182 0.675317 0.0930056 0.847865 0.256842 0.542078 0.530066 0.671714 0.922456 0.708694 0.872813 0.351602 0.899483 
239 124 148 243 160 
0.687124 0.393475 0.309694 0.490678 0.888913 0.041182 0.627897 0.0431141 0.318073 0.35352 0.468073 0.0891919 0.00752788 0.981255 0.764509 0.100533 0.82912 0.0213508 0.642611 0.359186 0.693065 0.565068 0.0678802 0.565878 0.91667 0.967363 0.384269 0.674786 0.905151 0.609074 0.964089 0.592274 
240 273 223 133 9 
0.314965 0.710849 0.934576 0.633037 0.064369 0.402649 0.722229 0.0718969 0.383905 0.486738 0.17243 0.213025 0.508089 0.815042 0.57221 0.201154 0.380109 0.640091 0.767032 0.296779 0.607454 0.151301 0.971565 0.512605 0.760375 0.935654 0.104879 0.762924 0.209437 0.187832 0.654387 0.524401 
241 260 272 14 50 
0.991612 0.879667 0.034947 0.375517 0.366405 0.207377 0.588541 0.874494 0.022419 0.160752 0.0756481 0.402528 0.800843 0.84268 0.699307 0.408297 0.993981 0.670873 0.920901 0.754356 0.606527 0.0257802 0.51728 0.815964 0.213612 0.171667 0.340365 0.112293 0.760629 0.497803 0.075343 0.752242 
242 42 231 69 251 
0.317667 0.7163 0.61837 0.340086 0.877052 0.694018 0.742615 0.677895 0.536698 0.441922 0.0861912 0.530679 0.112795 0.00709245 0.285034 0.719322 0.0328726 0.802315 0.535285 0.246484 0.973981 0.87565 0.358777 0.734611 0.373453 0.43412 0.486853 0.750924 0.54441 0.614611 0.494799 0.862078 
243 232 54 84 189 
0.807188 0.944779 0.885858 0.343885 0.386701 0.972049 0.874564 0.499495 0.979141 0.159598 0.218817 0.012014 0.961913 0.754102 0.258499 0.935894 0.629753 0.617276 0.670505 0.00320599 0.0513964 0.157358 0.75413 0.595807 0.771969 0.248929 0.457885 0.10288 0.362099 0.660049 0.310843 0.169286 
244 179 210 248 277 
0.16875 0.387736 0.491023 0.147891 0.547334 0.70984 0.159905 0.509247 0.463943 0.418404 0.445142 0.0936955 0.0356795 0.115647 0.0969015 0.0870759 0.273005 0.851031 0.682883 0.0449737 0.0999602 0.140767 0.147854 0.462059 0.800816 0.458697 0.631345 0.405644 0.655397 0.144516 0.397172 0.824147 
245 91 163 38 45 
0.598035 0.131943 0.588833 0.0619782 0.550347 0.0339747 0.155674 0.586026 0.149622 0.252575 0.673102 0.422626 0.103606 0.355985 0.4676 0.203566 0.496752 0.615454 0.665625 0.297569 0.0741505 0.29697 0.703212 0.729548 0.441486 0.100384 0.553695 0.973738 0.988579 0.525733 0.0533241 0.586614 
246 22 126 174 121 
0.676132 0.804266 0.79405 0.825754 0.0568413 0.467152 0.24838 0.160448 0.823137 0.71598 0.364014 0.319889 0.331434 0.0296393 0.617458 0.405585 0.326609 0.32067 0.135133 0.768096 0.421054 0.688828 0.741834 0.409633 0.214561 0.795158 0.996248 0.872237 0.437315 0.64484 0.0802604 0.113447 
247 78 200 228 137 
0.341462 0.187581 0.666395 0.164599 0.903561 0.0304095 0.484488 0.234995 0.0600488 0.101946 0.64058 0.386658 0.422616 0.775713 0.154754 0.84367 0.46454 0.896588 0.253303 0.679101 0.691746 0.249551 0.551338 0.129061 0.894391 0.631599 0.242508 0.343498 0.505909 0.181709 0.849445 0.84737 
248 148 176 164 220 
0.54625 0.496457 0.507847 0.606299 0.598403 0.148427 0.992957 0.0210185 0.92414 0.147711 0.864689 0.38868 0.0442989 0.117992 0.0677812 0.736045 0.367543 0.619119 0.865106 0.261934 0.250718 0.107614 0.605432 0.756626 0.289323 0.454877 0.603997 0.658614 0.970718 0.615966 0.931465 0.516968 
249 46 17 210 282 
0.58774 0.116225 0.731844 0.511879 0.263936 0.596532 0.90056 0.308235 0.714524 0.968341 0.0442795 0.0820672 0.58746 0.909385 0.344001 0.838178 0.0169996 0.949433 0.594805 0.306323 0.40431 0.198802 0.964937 0.375028 0.814767 0.896402 0.891996 0.92719 0.335714 0.0152638 0.638015 0.923454 
250 256 238 223 120 
0.966392 0.335893 0.703659 0.680916 0.304234 0.747939 0.762983 0.891694 0.657324 0.106985 0.729873 0.674324 0.0564176 0.324677 0.980647 0.460728 0.523479 0.945583 0.835756 0.338246 0.841985 0.727752 0.265436 0.1777 0.743016 0.903452 0.101153 0.874505 0.273311 0.536487 0.269929 0.239703 
251 280 192 37 82 
0.721527 0.683602 0.0683077 0.378851 0.790587 0.79818 0.0531751 0.847004 0.122858 0.0338218 0.307732 0.646336 0.979405 0.143488 0.984583 0.821391 0.87124 0.250019 0.99909 0.614256 0.153471 0.100244 0.488761 0.426782 0.63673 0.75869 0.666484 0.50911 0.732278 0.587103 0.685723 0.453805 
252 32 272 117 220 
0.552211 0.885832 0.908296 0.675069 0.919654 0.216029 0.321405 0.899059 0.359516 0.305988 0.720449 0.230757 0.556007 0.71954 0.845013 0.709477 0.819783 0.333774 0.136259 0.456513 0.0924637 0.802743 0.965623 0.824742 0.389846 0.651346 0.278547 0.660552 0.405377 0.111204 0.721844 0.957588 
253 38 88 209 219 
0.846169 0.954062 0.815748 0.205685 0.260049 0.536198 0.436442 0.816056 0.255737 0.281455 0.525533 0.0755205 0.615228 0.661792 0.532034 0.707692 0.464535 0.497657 0.532434 0.854382 0.149003 0.810981 0.514933 0.55438 0.922185 0.236777 0.511969 0.919221 0.866917 0.144625 0.83591 0.713086 
254 38 281 222 203 
0.187856 0.355213 0.174793 0.443593 0.636668 0.700326 0.519113 0.251896 0.362118 0.0511473 0.959588 0.826653 0.548804 0.492022 0.681035 0.697808 0.303003 0.195968 0.252188 0.225188 0.432745 0.764157 0.144409 0.299663 0.908782 0.980319 0.0127486 0.00746914 0.631977 0.93152 0.366206 0.819833 
255 1 62 25 195 
0.241324 0.782539 0.175297 0.603442 0.833686 0.134885 0.430095 0.382491 0.626906 0.11113 0.0802984 0.92991 0.307098 0.332487 0.155098 0.739843 0.0966432 0.299507 0.039506 0.00542521 0.279826 0.0522546 0.0128943 0.911804 0.983774 0.3791 0.731637 0.270507 0.920098 0.995062 0.193908 0.161423 
256 271 68 90 96 
0.19496 0.993778 0.130995 0.30609 0.0740765 0.060905 0.613188 0.406563 0.216003 0.353032 0.503206 0.51551 0.392538 0.508632 0.795337 0.444792 0.521526 0.70714 0.428567 0.900626 0.438777 0.699074 0.820724 0.433839 0.892982 0.982147 0.21144 0.262186 0.747012 0.822728 0.766275 0.941972 
257 53 242 140 223 
0.958176 0.86125 0.297146 0.174179 0.214282 0.800352 0.689689 0.606819 0.308983 0.485026 0.0516114 0.830509 0.192166 0.480178 0.731135 0.630943 0.179252 0.55186 0.0647823 0.0722336 0.534007 0.276223 0.33442 0.281019 0.0989505 0.100695 0.222991 0.915456 0.997965 0.471052 0.806039 0.956141 
258 252 188 200 41 
0.903536 0.820009 0.153404 0.21252 0.305034 0.205015 0.0430291 0.4972 0.685193 0.774164 0.128143 0.864445 0.326024 0.192926 0.936678 0.860031 0.469148 0.271098 0.141049 0.568099 0.371793 0.36404 0.483555 0.369759 0.835093 0.289594 0.3259 0.167395 0.392779 0.456219 0.71398 0.296315 
259 265 76 183 214 
0.0723981 0.551864 0.0784623 0.757591 0.326029 0.206606 0.622036 0.652053 0.399531 0.558714 0.512083 0.86868 0.829812 0.653133 0.436779 0.201605 0.0171729 0.920334 0.571364 0.852265 0.209928 0.897264 0.0196606 0.602707 0.353483 0.73364 0.899023 0.629711 0.601023 0.407858 0.210973 0.673421 
260 259 130 91 97 
0.496041 0.0530484 0.937803 0.895572 0.611763 0.449886 0.764252 0.441575 0.103019 0.20103 0.643181 0.120192 0.121365 0.214545 0.972457 0.331293 0.111808 0.992118 0.934 0.465291 0.725758 0.833023 0.0950016 0.326781 0.24088 0.305974 0.000202661 0.200602 0.595409 0.431215 0.486353 0.09145 
261 284 206 281 215 
0.874042 0.751274 0.537601 0.977061 0.952304 0.180782 0.0972534 0.0736689 0.395326 0.0697109 0.404962 0.507134 0.061829 0.338962 0.972425 0.787587 0.171985 0.0674271 0.114368 0.412865 0.373401 0.114571 0.613468 0.968811 0.545786 0.0998207 0.0602607 0.0300496 0.523977 0.0472827 0.126076 0.398019 
262 219 202 289 263 
0.844459 0.472334 0.82453 0.239785 0.542044 0.229492 0.74692 0.603873 0.568454 0.719345 0.39146 0.740439 0.786772 0.505829 0.153304 0.160173 0.6204 0.766772 0.128984 0.166186 0.866593 0.189245 0.196236 0.390569 0.236528 0.322312 0.788588 0.0350842 0.985988 0.163668 0.785945 0.830447 
263 159 54 284 42 
0.839967 0.817152 0.78192 0.408421 0.536497 0.17338 0.14886 0.323269 0.679209 0.302164 0.483442 0.299609 0.0689361 0.612426 0.465795 0.935529 0.801671 0.662031 0.326099 0.038199 0.984342 0.114687 0.0732832 0.970331 0.278355 0.859228 0.800778 0.914357 0.469703 0.87101 0.0924032 0.30967 
264 52 83 55 232 
0.0477032 0.86695 0.547928 0.726912 0.169114 0.03137 0.0265214 0.23805 0.643796 0.492317 0.173579 0.445468 0.154347 0.499678 0.483667 0.13869 0.614365 0.55695 0.109021 0.89272 0.416178 0.909799 0.807076 0.885881 0.780809 0.89948 0.195552 0.468971 0.773803 0.913642 0.69363 0.821506 
265 203 171 90 96 
0.272928 0.574939 0.187757 0.916724 0.067256 0.361336 0.362192 0.221603 0.861014 0.845859 0.360293 0.475378 0.402808 0.469314 0.368098 0.818987 0.379113 0.175174 0.704868 0.159922 0.0746541 0.90042 0.628894 0.848457 0.814062 0.322524 0.669962 0.594654 0.564082 0.218381 0.544361 0.83701 
266 69 142 58 22 
0.093453 0.115926 0.0821793 0.954467 0.961784 0.442473 0.429845 0.364593 0.911787 0.797943 0.183579 0.2909 0.973117 0.888447 0.450822 0.0477716 0.788867 0.0797159 0.896228 0.602929 0.40224 0.566191 0.197583 0.966321 0.784571 0.741943 0.803331 0.577891 0.47406 0.557065 0.438467 0.567513 
267 154 255 42 131 
0.963119 0.951825 0.999367 0.874906 0.749768 0.182946 0.165806 0.722886 0.0713938 0.616628 0.770657 0.860261 0.696344 0.666885 0.463189 0.0985838 0.233076 0.660772 0.0649052 0.0176475 0.402715 0.868236 0.595539 0.876775 0.425301 0.0340057 0.444289 0.0982912 0.554652 0.966269 0.733066 0.517771 
268 247 231 79 274 
0.91538 0.558483 0.390748 0.986773 0.175111 0.161405 0.847034 0.871455 0.828291 0.310223 0.970039 0.0613669 0.970995 0.0349439 0.0790143 0.37371 0.90318 0.674553 0.250486 0.328481 0.708559 0.694775 0.426772 0.263211 0.661044 0.159838 0.780982 0.579138 0.892271 0.173659 0.247 0.80765 
269 182 143 139 98 
0.799153 0.641458 0.778707 0.627444 0.951681 0.748746 0.688811 0.922676 0.78369 0.767825 0.296387 0.68687 0.442378 0.546873 0.015351 0.150937 0.241647 0.442123 0.414148 0.902691 0.601961 0.195129 0.481829 0.494232 0.368788 0.728829 0.301882 0.10093 0.366577 0.096306 0.00818234 0.165731 
270 280 107 156 235 
0.535636 0.481986 0.612121 0.319326 0.249811 0.908507 0.00619592 0.692189 0.45538 0.0215469 0.843126 0.697027 0.46367 0.257274 0.599718 0.0656309 0.452404 0.0815473 0.559863 0.821192 0.810376 0.861745 0.922122 0.176954 0.958051 0.930304 0.342684 0.695815 0.717194 0.135859 0.385259 0.25283 
271 251 27 277 185 
0.905887 0.578351 0.559846 0.361267 0.599898 0.402972 0.0582948 0.0635683 0.660246 0.658013 0.129199 0.11265 0.73956 0.689062 0.933841 0.549937 0.550807 0.855963 0.726891 0.508858 0.786267 0.0695749 0.204672 0.503461 0.205434 0.589931 0.756291 0.823279 0.587311 0.328446 0.690935 0.493199 
272 202 41 144 142 
0.653753 0.912761 0.570264 0.313999 0.570774 0.699463 0.426649 0.310335 0.388525 0.36049 0.860272 0.939332 0.216453 0.587162 0.44819 0.0027204 0.656737 0.652862 0.506181 0.862171 0.242794 0.262472 0.68545 0.830105 0.590918 0.376386 0.323304 0.497716 0.627166 0.17777 0.00441201 0.280919 
273 137 114 32 218 
0.27414 0.0215667 0.971641 0.662665 0.382057 0.831912 0.601997 0.59851 0.419075 0.0501871 0.60123 0.0758119 0.703049 0.107412 0.937983 0.945843 0.369884 0.623434 0.775948 0.960802 0.999819 0.0992518 0.458518 0.626986 0.277022 0.46293 0.907905 0.367554 0.0376064 0.502823 0.0288594 0.311746 
274 243 55 80 150 
0.832413 0.576409 0.504956 0.251487 0.626596 0.106187 0.327299 0.329645 0.213598 0.265282 0.275488 0.583482 0.888716 0.0514358 0.544284 0.888535 0.150688 0.00280254 0.515521 0.42771 0.465733 0.423426 0.795263 0.503339 0.926249 0.824123 0.815085 0.450638 0.824623 0.789497 0.357085 0.657035 
275 147 202 174 258 
0.968228 0.235822 0.322146 0.181826 0.501105 0.597634 0.765309 0.389821 0.64907 0.309593 0.278356 0.799758 0.312396 0.793876 0.227467 0.778128 0.217302 0.0227305 0.281467 0.14355 0.846853 0.0965527 0.594189 0.671476 0.886049 0.951273 0.328511 0.251955 0.813315 0.237034 0.244456 0.781542 
276 58 3 4 113 
0.164236 0.728677 0.363781 0.813306 0.0382705 0.642137 0.613064 0.350666 0.436013 0.840531 0.128795 0.653315 0.863262 0.410262 0.796866 0.710115 0.506815 0.391054 0.381591 0.392864 0.342328 0.710102 0.644819 0.155642 0.947136 0.889275 0.937185 0.419993 0.455877 0.900553 0.393953 0.620113 
277 231 121 63 287 
0.399872 0.0464832 0.0181676 0.835885 0.887014 0.146962 0.489201 0.750276 0.557224 0.286066 0.460391 0.0640387 0.677121 0.841981 0.456903 0.0194486 0.552084 0.101722 0.175091 0.49922 0.990997 0.112276 0.919212 0.446874 0.012829 0.313166 0.0669867 0.64206 0.0709008 0.500406 0.309561 0.470773 
278 255 71 257 269 
0.474691 0.795859 0.18418 0.0319149 0.0819251 0.64457 0.0959536 0.759046 0.486552 0.552856 0.778495 0.0386354 0.654578 0.953585 0.537855 0.645575 0.0658611 0.457068 0.0924482 0.0786901 0.770234 0.159435 0.72075 0.841134 0.659841 0.0303112 0.311907 0.206731 0.35804 0.618565 0.640634 0.832731 
279 114 14 44 53 
0.469384 0.9606 0.255395 0.955936 0.513456 0.0338894 0.994571 0.168034 0.987475 0.532427 0.813609 0.0533359 0.989494 0.906057 0.132026 0.759728 0.0654921 0.852776 0.600862 0.725333 0.883087 0.912769 0.932064 0.241127 0.531334 0.572698 0.0738581 0.945758 0.397512 0.938504 0.442107 0.866896 
280 10 266 83 68 
0.731392 0.817404 0.580594 0.718866 0.34983 0.394202 0.772202 0.339325 0.30026 0.904228 0.0990528 0.365752 0.757004 0.699915 0.0910849 0.640091 0.612684 0.0231487 0.881219 0.144019 0.595847 0.955077 0.0897773 0.993359 0.893581 0.531885 0.860255 0.792684 0.229387 0.683087 0.205243 0.960778 
281 87 259 21 108 
0.180039 0.451847 0.189646 0.480299 0.356075 0.288699 0.846051 0.11308 0.988614 0.937136 0.753171 0.601299 0.960284 0.63439 0.745318 0.556131 0.589466 0.835095 0.54949 0.483047 0.366979 0.409745 0.275731 0.596366 0.0928319 0.480974 0.557144 0.593323 0.266811 0.236789 0.443644 0.44685 
282 14 180 170 155 
0.92199 0.7732 0.157791 0.910604 0.710336 0.910962 0.511903 0.67062 0.545351 0.25722 0.226751 0.134818 0.0923151 0.776241 0.617864 0.459294 0.185986 0.893595 0.0556606 0.278818 0.374569 0.612805 0.87214 0.64138 0.849594 0.315785 0.0882302 0.53823 0.949076 0.0153795 0.582942 0.871065 
283 260 32 163 141 
0.651694 0.293572 0.169536 0.197046 0.550792 0.396287 0.331864 0.643107 0.172528 0.949728 0.102402 0.358513 0.843323 0.158062 0.637331 0.217892 0.770867 0.509471 0.859271 0.620462 0.825256 0.947502 0.158692 0.774332 0.962881 0.741633 0.645397 0.751461 0.482366 0.427067 0.250376 0.13406 
284 14 119 233 176 
0.816199 0.66297 0.914538 0.988726 0.612698 0.0169401 0.34724 0.45602 0.175002 0.984571 0.673912 0.94587 0.494042 0.533183 0.566332 0.319299 0.480685 0.725023 0.0936304 0.443566 0.466657 0.739028 0.195027 0.949023 0.166094 0.445403 0.0830833 0.886733 0.865315 0.41419 0.158164 0.681514 
285 283 96 276 174 
0.0896425 0.0174796 0.145878 0.264645 0.0020504 0.81979 0.210515 0.496093 0.352973 0.776847 0.815391 0.833658 0.50187 0.909022 0.277224 0.968527 0.648049 0.472251 0.91755 0.814144 0.917655 0.000633071 0.700877 0.78297 0.414823 0.859041 0.464483 0.491982 0.931744 0.134723 0.18184 0.0213861 
286 284 101 281 80 
0.147507 0.496546 0.650346 0.50048 0.273393 0.465737 0.334138 0.775262 0.374758 0.611362 0.743789 0.0228077 0.083613 0.661339 0.836951 0.00126753 0.661972 0.537828 0.784237 0.0767949 0.39687 0.24872 0.568777 0.328613 0.383443 0.750617 0.349999 0.535646 0.0783342 0.63603 0.689899 0.225841 
287 95 104 116 47 
0.805981 0.0604582 0.181231 0.18074 0.67182 0.925021 0.203547 0.755433 0.58636 0.0404988 0.7567 0.248332 0.578327 0.540938 0.325127 0.975197 0.789658 0.893904 0.30381 0.173101 0.644521 0.653809 0.708747 0.722855 0.289839 0.398646 0.948696 0.422415 0.73889 0.675017 0.828384 0.544872 
288 65 14 100 282 
0.934636 0.929159 0.162728 0.520995 0.969658 0.919428 0.769327 0.547985 0.460366 0.0944538 0.523182 0.250024 0.988358 0.826991 0.423125 0.632879 0.4808 0.131871 0.355734 0.77064 0.530517 0.30443 0.193055 0.269408 0.979447 0.0214392 0.814279 0.714921 0.0310545 0.539891 0.122216 0.96569 
289 57 285 71 133 
0.204372 0.256013 0.986692 0.664738 0.350467 0.509873 0.914762 0.338824 0.336864 0.337886 0.971703 0.817665 0.469758 0.327437 0.588305 0.000275052 0.631867 0.78136 0.269683 0.611313 0.802799 0.0839617 0.326235 0.833853 0.623852 0.448451 0.799544 0.0929015 0.733395 0.286229 0.531608 0.937767 
290 114 143 135 101 
0.0281729 0.517267 0.231533 0.365037 0.855154 0.203236 0.182702 0.324911 0.530673 0.771007 0.325187 0.16254 0.552366 0.594869 0.773853 0.355165 0.678831 0.100088 0.189019 0.302683 0.548539 0.988562 0.395585 0.281934 0.274792 0.927193 0.219701 0.817034 0.445493 0.822207 0.709743 0.473665 
291 13 230 162 118 
0.144512 0.021405 0.519539 0.675186 0.792412 0.844726 0.837726 0.344778 0.439595 0.611579 0.699943 0.118426 0.711667 0.888962 0.421109 0.260206 0.877524 0.816693 0.54214 0.152316 0.743886 0.761841 0.96935 0.189379 0.584048 0.679092 0.663044 0.923523 0.620369 0.501747 0.11815 0.764881 
292 56 142 282 14 
0.482416 0.277792 0.660342 0.92201 0.889371 0.360285 0.0404362 0.601038 0.249247 0.461545 0.861244 0.126772 0.278238 0.403384 0.279087 0.0221245 0.165225 0.248437 0.211503 0.749273 0.927529 0.874547 0.672796 0.547898 0.376294 0.790946 0.312779 0.899447 0.428636 0.752846 0.21501 0.911052 
293 64 250 294 299 
0.235638 0.873498 0.521047 0.484885 0.335043 0.382291 0.611657 0.613282 0.785675 0.890744 0.635406 0.9509 0.139181 0.846909 0.700174 0.0667108 0.721457 0.37297 0.614609 0.0977514 0.163916 0.927388 0.997198 0.592552 0.680234 0.212208 0.503604 0.710871 0.0875608 0.336666 0.630881 0.323199 
294 156 213 269 116 
0.534219 0.419741 0.158489 0.319894 0.310485 0.793895 0.270794 0.449667 0.640804 0.970968 0.516377 0.362261 0.343937 0.130986 0.460013 0.507853 0.058374 0.457211 0.100405 0.738608 0.669419 0.604009 0.449479 0.75698 0.940674 0.0803597 0.0801784 0.150838 0.232287 0.888262 0.696045 0.766506 
295 128 8 0 206 
0.648428 0.357194 0.0681553 0.289232 0.328162 0.584533 0.651494 0.672099 0.715519 0.111506 0.179952 0.773893 0.568717 0.280357 0.5125 0.238136 0.884366 0.96198 0.995115 0.82504 0.0423392 0.0752939 0.975878 0.274627 0.963556 0.671923 0.0411331 0.27156 0.526457 0.127533 0.890048 0.174885 
296 213 237 175 66 
0.542737 0.115611 0.484988 0.258255 0.227117 0.66494 0.0321484 0.795834 0.945298 0.544649 0.0339699 0.829664 0.506628 0.0290853 0.654704 0.548968 0.104379 0.630582 0.823594 0.0679355 0.302505 0.864727 0.339495 0.828962 0.992261 0.229544 0.00384694 0.476988 0.187747 0.467964 0.289877 0.730484 
297 15 252 294 278 
0.439806 0.0208877 0.606527 0.385104 0.565537 0.640497 0.214768 0.072165 0.669582 0.869472 0.621133 0.773961 0.500054 0.444727 0.841897 0.802559 0.309454 0.181392 0.631521 0.301715 0.410935 0.635368 0.778703 0.598683 0.103333 0.0685804 0.329167 0.686908 0.843446 0.317906 0.497601 0.283252 
298 297 278 36 206 
0.744624 0.883124 0.976495 0.414206 0.752595 0.597628 0.188167 0.252649 0.0423548 0.0300636 0.0552087 0.351809 0.211455 0.68673 0.653524 0.622391 0.322098 0.432227 0.221074 0.425431 0.500807 0.55024 0.112339 0.344253 0.868147 0.60994 0.627505 0.20694 0.714067 0.295861 0.111271 0.458691 
299 223 172 216 104 
0.685394 0.0610641 0.18423 0.727749 0.0911278 0.239438 0.0795582 0.302583 0.926168 0.733082 0.924974 0.248267 0.165309 0.146048 0.673698 0.666116 0.696288 0.786037 0.0103686 0.564435 0.395977 0.637874 0.771375 0.110044 0.933735 0.882646 0.568735 0.11272 0.970413 0.441632 0.0443006 0.655807 
