74 6
0 1 1 0 0 0 0 1 1 0 0 1 1 0 1 1 0 1 1 1 1 1 1 1 1 1 0 0 1 0 1 0 0 1 1 0 1 0 0 1 0 1 1 0 0 1 1 1 1 1 1 1 1 1 1 1 1 1 0 1 0 0 0 0 1 1 1 1 0 0 1 1 0 1 
0 58 42 32 10 72 
0.0730134 0.155696 0.437742 0.922536 0.811848 0.164475 0.208265 0.693506 0.377132 0.164375 0.851716 0.372433 0.0152357 0.703877 0.306654 0.842686 0.809684 0.327095 0.390701 0.6835 0.351994 0.442874 0.882003 0.46908 0.395615 0.069679 0.561981 0.912638 0.775995 0.0537566 0.986697 0.849008 0.209452 0.424439 0.771545 0.0212997 0.588913 0.979809 0.714805 0.966045 0.144185 0.566521 0.338478 0.159421 0.270398 0.645132 0.0021069 0.0800823 0.972227 0.392808 0.763582 0.324221 0.835682 0.645585 0.793301 0.231297 0.715264 0.355282 0.143935 0.491259 0.409039 0.130632 0.340267 0.618491 
1 45 37 34 57 24 
0.110029 0.235806 0.921117 0.448507 0.395227 0.191515 0.0936389 0.397334 0.271597 0.0658659 0.790141 0.0351791 0.390087 0.625823 0.680764 0.183388 0.85712 0.396027 0.53867 0.00105561 0.887286 0.947709 0.131688 0.227553 0.566199 0.686759 0.339365 0.20599 0.830743 0.430986 0.560586 0.940772 0.666792 0.481703 0.38928 0.062019 0.673218 0.482919 0.459353 0.944815 0.548784 0.249494 0.979994 0.938871 0.875317 0.660758 0.122259 0.732438 0.0567851 0.660929 0.733493 0.944071 0.608637 0.865181 0.171624 0.174837 0.55194 0.510989 0.380827 0.382683 0.941975 0.941413 0.323455 0.608767 
2 27 72 19 9 62 
0.130139 0.0411482 0.744438 0.379633 0.0211423 0.683309 0.25495 0.6819 0.805568 0.987388 0.738685 0.466496 0.720881 0.682756 0.0751337 0.586062 0.85438 0.24997 0.138002 0.365369 0.630797 0.520685 0.307343 0.57221 0.84414 0.91611 0.995325 0.556875 0.586896 0.0916581 0.752528 0.717035 0.132806 0.496966 0.0966673 0.153949 0.180275 0.351617 0.835849 0.985843 0.339005 0.574534 0.452339 0.059886 0.25729 0.527473 0.645948 0.11167 0.777443 0.78395 0.477039 0.40824 0.304635 0.784382 0.98045 0.148776 0.700492 0.975775 0.705651 0.287388 0.0674333 0.458179 0.00442234 0.20024 
3 32 20 45 57 23 
0.190037 0.121263 0.791712 0.764571 0.573602 0.851598 0.021861 0.101075 0.497546 0.133531 0.878518 0.281497 0.61057 0.286759 0.586132 0.394951 0.267209 0.734908 0.0954432 0.242984 0.440558 0.382831 0.310417 0.898737 0.387253 0.510657 0.853882 0.488343 0.864845 0.989302 0.94105 0.0548824 0.110565 0.732762 0.819453 0.684167 0.58436 0.841314 0.785242 0.0819058 0.974846 0.66376 0.363402 0.585415 0.950519 0.949534 0.980367 0.217728 0.684442 0.0758098 0.460712 0.125 0.458641 0.77113 0.0237374 0.845894 0.281787 0.87762 0.334237 0.146632 0.866922 0.275287 0.201515 0.977487 
4 30 24 64 31 45 
0.446896 0.674314 0.837128 0.110657 0.0377162 0.422543 0.0611757 0.987251 0.40291 0.278904 0.671692 0.478719 0.739616 0.796693 0.93736 0.510746 0.82043 0.783254 0.792532 0.69805 0.117491 0.939165 0.564972 0.392778 0.140679 0.542459 0.400826 0.161647 0.204113 0.993234 0.0239294 0.651009 0.667548 0.861057 0.761666 0.705264 0.2836 0.822841 0.692515 0.68651 0.101745 0.364207 0.165229 0.841361 0.1609 0.102589 0.352107 0.98133 0.885843 0.144639 0.67938 0.00333444 0.0838038 0.244351 0.396112 0.224483 0.78681 0.796938 0.38613 0.990923 0.790172 0.410059 0.641932 0.457721 
5 46 3 4 45 14 
0.8555 0.241227 0.328185 0.219707 0.406456 0.169546 0.380607 0.509045 0.521653 0.361937 0.394889 0.666292 0.0413164 0.398223 0.750096 0.285668 0.794335 0.974579 0.0724779 0.591274 0.360709 0.0634011 0.381446 0.770768 0.705333 0.839167 0.0418847 0.108932 0.00215154 0.596602 0.335371 0.857651 0.837828 0.663556 0.0773584 0.244284 0.833102 0.457965 0.75333 0.354755 0.819902 0.148219 0.0210467 0.861219 0.546442 0.771143 0.146886 0.340777 0.745722 0.219364 0.932051 0.10643 0.282765 0.313497 0.877199 0.988099 0.152664 0.919083 0.0970305 0.154815 0.515685 0.432402 0.0124665 0.353513 
6 68 31 48 9 18 
0.351127 0.283814 0.367693 0.499346 0.30486 0.228911 0.0457874 0.0760032 0.375798 0.386565 0.821725 0.595162 0.318616 0.928155 0.877928 0.632113 0.805354 0.866026 0.784776 0.724437 0.963057 0.939592 0.240122 0.395459 0.952058 0.593635 0.491416 0.0418831 0.191432 0.420475 0.589673 0.542559 0.704289 0.957366 0.0419045 0.00914957 0.186277 0.0876919 0.0851527 0.562075 0.474257 0.906877 0.157237 0.792872 0.835033 0.0351645 0.424985 0.640386 0.901191 0.209761 0.364823 0.864248 0.149353 0.604945 0.259707 0.101411 0.19858 0.751123 0.143294 0.390012 0.171598 0.732967 0.932571 0.875887 
7 34 40 0 57 70 
0.970189 0.438685 0.536424 0.877067 0.595922 0.329296 0.712099 0.631087 0.754281 0.352486 0.532278 0.964042 0.717309 0.396526 0.113395 0.322254 0.656233 0.214806 0.520834 0.407355 0.3581 0.910846 0.578953 0.0910679 0.843417 0.45484 0.781401 0.817892 0.339877 0.658012 0.880059 0.310066 0.0966974 0.416483 0.187133 0.69262 0.745779 0.899233 0.323707 0.50006 0.251718 0.855985 0.464103 0.969027 0.252511 0.577498 0.291281 0.908743 0.792305 0.812115 0.316099 0.150405 0.722961 0.895052 0.241473 0.566378 0.349892 0.0228744 0.384269 0.689769 0.680886 0.264329 0.999836 0.777584 
8 61 5 41 69 32 
0.793911 0.926652 0.33792 0.649895 0.390754 0.306948 0.902406 0.968253 0.598229 0.81115 0.760558 0.410344 0.127248 0.910963 0.133305 0.0223003 0.152436 0.699683 0.372193 0.17531 0.0839524 0.0619621 0.856197 0.348281 0.061798 0.63378 0.0290928 0.248767 0.103984 0.455684 0.334969 0.897895 0.382335 0.672889 0.54779 0.77309 0.979837 0.450196 0.741343 0.578066 0.261346 0.5019 0.98841 0.388594 0.412863 0.121716 0.410894 0.565299 0.821399 0.783087 0.740609 0.905351 0.845049 0.596806 0.253632 0.906847 0.230586 0.282725 0.155614 0.334571 0.738408 0.490583 0.232465 0.120744 
9 49 41 15 72 14 
0.635176 0.721374 0.491797 0.137077 0.709784 0.880391 0.54994 0.8315 0.291285 0.115239 0.652898 0.0743716 0.855848 0.558249 0.91942 0.452654 0.811881 0.826267 0.68324 0.0946059 0.981881 0.0178107 0.833014 0.472464 0.250276 0.953758 0.635936 0.0305311 0.847592 0.779244 0.260982 0.482768 0.500618 0.752779 0.619845 0.210402 0.63317 0.169785 0.0419022 0.924455 0.285023 0.694801 0.998826 0.140871 0.25305 0.918247 0.593525 0.0649312 0.744514 0.276765 0.159537 0.726395 0.294576 0.992551 0.198859 0.544852 0.94631 0.834795 0.575383 0.793902 0.614039 0.836365 0.27667 0.114657 
10 67 14 43 2 73 
0.366961 0.14677 0.351324 0.0617618 0.145596 0.492195 0.314812 0.0638429 0.0857199 0.379743 0.808357 0.362485 0.53928 0.534753 0.657061 0.531831 0.733612 0.201913 0.478141 0.568407 0.777295 0.272043 0.182445 0.613661 0.548713 0.297102 0.202805 0.445228 0.622161 0.42512 0.511528 0.989122 0.571889 0.862852 0.0508839 0.717485 0.355047 0.365696 0.781328 0.440767 0.745438 0.589685 0.803252 0.284718 0.124438 0.460313 0.81655 0.85805 0.662225 0.294691 0.426456 0.439521 0.566734 0.608902 0.0531815 0.115447 0.906004 0.255987 0.560675 0.528164 0.681107 0.0722032 0.517287 0.252996 
11 42 23 65 53 56 
0.751809 0.730869 0.679304 0.341495 0.534121 0.964023 0.465933 0.994434 0.780573 0.323982 0.656659 0.0752633 0.750438 0.0961802 0.641997 0.35934 0.149362 0.757443 0.265343 0.405348 0.318118 0.793508 0.0864549 0.390321 0.310794 0.339451 0.325377 0.878965 0.309932 0.615479 0.812831 0.0617412 0.346348 0.492135 0.403236 0.880469 0.456158 0.869168 0.874903 0.236731 0.193151 0.531562 0.311994 0.943589 0.627743 0.953991 0.302929 0.777104 0.711435 0.568272 0.182453 0.0295528 0.36178 0.268908 0.419874 0.672574 0.608358 0.745251 0.551539 0.91829 0.36073 0.36437 0.980032 0.707078 
12 15 5 17 45 36 
0.46245 0.549395 0.445586 0.994013 0.861389 0.389175 0.621755 0.81538 0.692104 0.39886 0.526815 0.260376 0.581312 0.556367 0.622156 0.85022 0.976242 0.29473 0.458579 0.721493 0.84627 0.376869 0.0822226 0.21064 0.3569 0.789301 0.067146 0.740168 0.376848 0.37981 0.992604 0.839298 0.929205 0.43819 0.83331 0.790594 0.827365 0.455066 0.605974 0.519469 0.853925 0.132789 0.779845 0.435238 0.689156 0.402001 0.285458 0.665398 0.696731 0.744036 0.386891 0.543001 0.120905 0.469113 0.753641 0.477806 0.258414 0.820787 0.217973 0.635261 0.200597 0.210577 0.474559 0.129802 
13 25 46 9 59 37 
0.52637 0.9956 0.616861 0.659159 0.775445 0.0520983 0.348315 0.177446 0.337556 0.0137131 0.874177 0.0815925 0.400604 0.417178 0.202498 0.869717 0.170819 0.680303 0.12813 0.991606 0.898277 0.763392 0.192203 0.108854 0.237951 0.322005 0.757621 0.545821 0.242401 0.233752 0.308756 0.768771 0.229353 0.925617 0.42793 0.00479801 0.977715 0.776246 0.182244 0.315271 0.789959 0.0564208 0.396863 0.190562 0.473599 0.599361 0.0602792 0.644417 0.279665 0.18841 0.636023 0.177942 0.951802 0.828226 0.286796 0.189752 0.150231 0.0444164 0.735573 0.392632 0.278169 0.044329 0.161404 0.507522 
14 24 32 72 57 20 
0.694564 0.262931 0.155538 0.750984 0.659795 0.346101 0.224583 0.259156 0.40638 0.869 0.538821 0.59479 0.505024 0.716763 0.546591 0.33325 0.00355827 0.736344 0.483481 0.0479747 0.471917 0.876114 0.326144 0.516246 0.0375175 0.833665 0.486192 0.626852 0.345985 0.433852 0.992431 0.0405486 0.696783 0.14797 0.791533 0.356578 0.494071 0.016116 0.615735 0.900451 0.885116 0.154556 0.495241 0.39014 0.871318 0.0418322 0.72339 0.874876 0.778176 0.206872 0.922851 0.250093 0.0829854 0.248995 0.766339 0.120503 0.08266 0.252531 0.747355 0.428645 0.686383 0.739786 0.469194 0.383166 
15 12 28 57 17 4 
0.355479 0.282278 0.161959 0.510035 0.777518 0.552099 0.381353 0.819351 0.275489 0.256229 0.597527 0.482361 0.17908 0.84762 0.565346 0.428075 0.613959 0.685849 0.510735 0.866489 0.433204 0.93938 0.552872 0.17299 0.408573 0.936038 0.0607457 0.6693 0.675783 0.442572 0.946142 0.0312616 0.72485 0.108101 0.541296 0.502368 0.6602 0.922649 0.321719 0.93569 0.178878 0.919246 0.418051 0.357959 0.766866 0.983397 0.786034 0.380824 0.669246 0.296769 0.247314 0.10245 0.236149 0.800186 0.27544 0.644722 0.736224 0.336186 0.314022 0.412007 0.778758 0.260165 0.443268 0.503608 
16 43 35 17 0 57 
0.327696 0.964156 0.0860918 0.246941 0.382207 0.44405 0.013807 0.365604 0.230084 0.394631 0.0348504 0.526853 0.641945 0.137301 0.763001 0.442131 0.412741 0.407723 0.178355 0.748927 0.721745 0.590362 0.527685 0.98191 0.0336301 0.0312932 0.350176 0.0181946 0.0372697 0.378642 0.925408 0.364965 0.342798 0.0114999 0.611907 0.725005 0.45555 0.625714 0.0906088 0.685634 0.0203451 0.125459 0.212487 0.66229 0.26276 0.975488 0.104422 0.675501 0.383212 0.282777 0.424428 0.104957 0.873139 0.952113 0.0868666 0.906769 0.983406 0.437042 0.924963 0.0206757 0.815684 0.850371 0.385641 0.158482 
17 40 65 0 18 21 
0.974096 0.00305604 0.643607 0.0995552 0.215543 0.305897 0.362315 0.191031 0.410319 0.0378162 0.574243 0.693095 0.462244 0.6792 0.566234 0.414357 0.766066 0.473003 0.397763 0.203109 0.397966 0.418439 0.0187929 0.248338 0.80408 0.177275 0.110209 0.801627 0.0607624 0.427631 0.424889 0.0348584 0.430687 0.0684953 0.134414 0.64623 0.374392 0.496729 0.837261 0.784711 0.534545 0.411504 0.477806 0.996789 0.0907036 0.0440405 0.411146 0.85677 0.517043 0.808909 0.0598785 0.91501 0.227348 0.0786715 0.163347 0.0314273 0.255947 0.273556 0.833055 0.316709 0.701187 0.257943 0.351568 0.131873 
18 39 8 65 40 42 
0.615364 0.485542 0.517255 0.0268679 0.963348 0.514044 0.117572 0.00738846 0.92519 0.974341 0.524432 0.734099 0.0342199 0.439441 0.961447 0.112891 0.602788 0.992874 0.368838 0.876344 0.825929 0.685547 0.577531 0.0838721 0.0371149 0.709404 0.410311 0.523096 0.487507 0.111142 0.505806 0.102871 0.596683 0.023061 0.129739 0.560031 0.537105 0.247311 0.56742 0.462295 0.221652 0.0918515 0.196394 0.255872 0.531293 0.157841 0.368764 0.134081 0.150715 0.737602 0.0104258 0.976644 0.423149 0.587957 0.0605163 0.460264 0.297361 0.470827 0.98336 0.784869 0.581969 0.489166 0.88774 0.178652 
19 23 67 49 6 57 
0.511628 0.486443 0.397954 0.708022 0.742315 0.929247 0.865863 0.111078 0.0633285 0.0165785 0.84868 0.0737542 0.993223 0.271829 0.661711 0.0537389 0.732093 0.959072 0.524566 0.715453 0.743941 0.106534 0.204619 0.631681 0.285186 0.716847 0.649161 0.0238694 0.766179 0.913951 0.329972 0.277806 0.400393 0.727927 0.985828 0.142708 0.657174 0.851691 0.253787 0.720502 0.86827 0.102467 0.794256 0.861493 0.374296 0.455968 0.915232 0.106389 0.41504 0.439797 0.821843 0.158981 0.546332 0.0264622 0.790662 0.831518 0.743309 0.439823 0.855388 0.509488 0.353774 0.18536 0.787294 0.754167 
20 48 5 60 46 16 
0.150662 0.290962 0.493084 0.253129 0.0852188 0.354576 0.627425 0.541186 0.269808 0.733814 0.956226 0.709605 0.555657 0.115207 0.255937 0.582119 0.90587 0.0874555 0.325428 0.345693 0.942843 0.834915 0.699466 0.128203 0.622209 0.453634 0.0414896 0.395332 0.350509 0.61195 0.0201453 0.501171 0.902912 0.513229 0.7543 0.988131 0.867805 0.381725 0.529317 0.137613 0.115539 0.485544 0.847218 0.671196 0.600751 0.103156 0.253315 0.506621 0.190611 0.578743 0.852314 0.133454 0.413658 0.55178 0.261657 0.0358678 0.00541353 0.303147 0.431199 0.355923 0.915097 0.451345 0.857094 0.818009 
21 29 64 17 57 34 
0.969992 0.108657 0.821001 0.81721 0.779853 0.421752 0.920366 0.0331684 0.928373 0.110977 0.611911 0.780687 0.244431 0.0255697 0.332467 0.506089 0.0614375 0.33788 0.809236 0.492637 0.693803 0.724333 0.943982 0.550896 0.542342 0.908555 0.16229 0.348482 0.740934 0.155409 0.683939 0.710926 0.264066 0.50494 0.528137 0.0439194 0.926692 0.448502 0.0770879 0.855065 0.559479 0.688999 0.635752 0.803911 0.714569 0.968218 0.31 0.776006 0.306098 0.119236 0.268643 0.999901 0.843568 0.212625 0.550798 0.38591 0.12118 0.713088 0.734392 0.862115 0.868496 0.418331 0.573041 0.132562 
22 47 48 69 28 61 
0.253569 0.705027 0.109159 0.942569 0.340779 0.91307 0.657137 0.308997 0.22307 0.433144 0.615096 0.342305 0.701787 0.614997 0.185874 0.914412 0.165794 0.571784 0.0355926 0.878882 0.306176 0.897707 0.747378 0.724506 0.470748 0.87994 0.647777 0.571926 0.0564217 0.497739 0.121606 0.309991 0.202766 0.230765 0.25256 0.543545 0.143835 0.909697 0.852542 0.366905 0.342841 0.467638 0.70921 0.0446282 0.082635 0.895084 0.95904 0.248429 0.466868 0.994633 0.127311 0.773044 0.89234 0.874689 0.49755 0.363089 0.75463 0.145327 0.935015 0.811051 0.643066 0.0566204 0.121042 0.845832 
23 3 24 38 54 1 
0.241919 0.798125 0.62614 0.709558 0.507336 0.670768 0.792193 0.40242 0.629809 0.040622 0.869288 0.624442 0.167933 0.642332 0.516782 0.0426227 0.139883 0.879871 0.797252 0.285209 0.814886 0.608303 0.928275 0.871506 0.729346 0.774107 0.158892 0.102948 0.163484 0.590112 0.386247 0.405403 0.388237 0.0123871 0.114961 0.895573 0.683156 0.907154 0.297993 0.312964 0.947776 0.167281 0.937406 0.115709 0.809613 0.454189 0.158332 0.949496 0.33406 0.955584 0.234705 0.148946 0.563887 0.16298 0.0204525 0.293233 0.937087 0.179344 0.396181 0.100571 0.769456 0.782428 0.505975 0.157694 
24 67 20 14 47 6 
0.790935 0.475865 0.518541 0.728341 0.591574 0.328154 0.18253 0.749906 0.27765 0.516591 0.70549 0.512355 0.665537 0.269378 0.675335 0.685989 0.562611 0.612422 0.865333 0.958792 0.712994 0.63479 0.741219 0.218968 0.792483 0.536034 0.839904 0.84575 0.0140045 0.367994 0.19701 0.804939 0.843859 0.71555 0.533281 0.435433 0.043704 0.715811 0.18534 0.321354 0.232402 0.89083 0.833708 0.897938 0.160207 0.509044 0.583928 0.722818 0.121466 0.449261 0.68161 0.83446 0.0840508 0.422829 0.0534284 0.876534 0.958863 0.893333 0.722284 0.972868 0.261326 0.919294 0.777807 0.105185 
25 66 63 19 23 31 
0.725958 0.999902 0.2593 0.616788 0.83361 0.157239 0.776996 0.342654 0.741166 0.499814 0.46412 0.190427 0.181424 0.29858 0.274478 0.604253 0.352008 0.151012 0.563116 0.245341 0.873296 0.535984 0.506667 0.79259 0.313791 0.611853 0.427435 0.624879 0.152472 0.105983 0.651778 0.87843 0.105885 0.911078 0.495219 0.939495 0.0683166 0.272214 0.282149 0.809483 0.772028 0.746269 0.99991 0.953452 0.0448489 0.274388 0.557705 0.396857 0.4254 0.120821 0.642198 0.298697 0.656805 0.148866 0.091287 0.970595 0.760718 0.518721 0.595474 0.91319 0.624704 0.247252 0.79162 0.730589 
26 40 39 18 36 41 
0.952232 0.0361289 0.331081 0.698501 0.0360389 0.284533 0.74335 0.310427 0.842238 0.140207 0.735827 0.963059 0.782405 0.0345236 0.619864 0.931271 0.125811 0.590459 0.69199 0.644532 0.185933 0.60518 0.269236 0.433185 0.3968 0.999825 0.591515 0.683639 0.669908 0.818161 0.242692 0.622141 0.85429 0.573774 0.320642 0.890329 0.858307 0.0639919 0.200756 0.700545 0.204199 0.936583 0.663604 0.986605 0.971106 0.283468 0.917876 0.0969168 0.873927 0.609865 0.741449 0.0598607 0.215045 0.0106851 0.493046 0.611845 0.0105101 0.0845605 0.295484 0.680419 0.902721 0.538176 0.302559 0.757011 
27 53 32 37 43 73 
0.848095 0.670802 0.891392 0.784678 0.334407 0.877997 0.755784 0.617875 0.795873 0.852701 0.491802 0.405738 0.59415 0.551663 0.620783 0.604835 0.0447087 0.232629 0.615345 0.129269 0.528113 0.295763 0.0319906 0.0662894 0.598323 0.789002 0.178239 0.221524 0.436342 0.148497 0.908717 0.284437 0.819299 0.800109 0.0691148 0.153706 0.678106 0.824899 0.77158 0.473979 0.6776 0.263382 0.879717 0.271749 0.815045 0.5005 0.876584 0.859754 0.733129 0.491929 0.989023 0.261242 0.787693 0.0210139 0.327531 0.386015 0.810016 0.505771 0.607539 0.246357 0.654267 0.516256 0.530794 0.473566 
28 69 3 29 39 21 
0.46845 0.102408 0.662234 0.348167 0.374157 0.47728 0.848668 0.250741 0.337034 0.581797 0.742671 0.326057 0.843038 0.530363 0.347071 0.17057 0.916379 0.157087 0.67634 0.523918 0.403444 0.330607 0.0401739 0.934238 0.804173 0.356539 0.534147 0.431445 0.351011 0.958955 0.830297 0.819461 0.0613623 0.492531 0.167628 0.435519 0.969811 0.0162961 0.686261 0.306845 0.598093 0.428931 0.632902 0.441131 0.959295 0.979973 0.611701 0.875673 0.13706 0.288041 0.399591 0.540504 0.618648 0.439765 0.474741 0.422822 0.796304 0.00888822 0.854267 0.147315 0.967843 0.684564 0.966776 0.0292052 
29 35 8 45 16 73 
0.453752 0.748793 0.579917 0.0866538 0.189924 0.539211 0.0666271 0.801625 0.414885 0.203687 0.0896657 0.814475 0.74419 0.708314 0.25424 0.218932 0.131136 0.050544 0.22782 0.985402 0.197859 0.195663 0.669966 0.164634 0.224868 0.847061 0.299038 0.689593 0.993968 0.449739 0.840578 0.447719 0.198531 0.420495 0.534373 0.388456 0.959707 0.601 0.19008 0.374591 0.804687 0.279746 0.189067 0.548877 0.98806 0.443307 0.767809 0.119196 0.493851 0.995629 0.104598 0.691709 0.191292 0.774564 0.856344 0.41616 0.621626 0.155382 0.105753 0.615593 0.605121 0.946332 0.0633123 0.803652 
30 18 20 46 25 26 
0.382188 0.701125 0.00337241 0.661934 0.890191 0.55225 0.649994 0.333498 0.320059 0.76919 0.827349 0.315688 0.873788 0.519058 0.506981 0.648352 0.375402 0.923141 0.269978 0.530784 0.0288944 0.885571 0.135904 0.975226 0.948883 0.939556 0.342053 0.546569 0.131664 0.668587 0.745254 0.513852 0.369711 0.748627 0.175786 0.259903 0.300876 0.82578 0.593401 0.620935 0.59497 0.420749 0.936624 0.468758 0.939807 0.443604 0.11711 0.315209 0.366745 0.387088 0.845993 0.39564 0.272659 0.981897 0.370866 0.221543 0.921453 0.712919 0.768111 0.0531166 0.381505 0.513366 0.566968 0.751217 
31 23 56 27 57 41 
0.60452 0.183804 0.163503 0.0252694 0.120428 0.632261 0.965077 0.564032 0.749371 0.280286 0.930778 0.136459 0.126279 0.326418 0.409118 0.108175 0.697284 0.630661 0.0296283 0.410203 0.398772 0.0827449 0.791708 0.912138 0.649713 0.542925 0.17413 0.392467 0.554044 0.736999 0.961 0.158564 0.920803 0.124503 0.183834 0.0412308 0.756764 0.148911 0.605263 0.506134 0.429196 0.536041 0.642594 0.555475 0.862459 0.0517118 0.66365 0.559742 0.682373 0.693279 0.969945 0.081145 0.776024 0.761653 0.993283 0.425737 0.304578 0.167413 0.818203 0.858623 0.904412 0.779203 0.0171869 0.825215 
32 2 22 70 34 24 
0.471709 0.166604 0.779128 0.00774995 0.809198 0.334603 0.870209 0.86091 0.998253 0.429951 0.543282 0.691532 0.399896 0.624427 0.467555 0.16155 0.61771 0.893292 0.466128 0.785124 0.711495 0.32475 0.689536 0.490699 0.341937 0.514751 0.394405 0.542958 0.381196 0.0548751 0.892889 0.852905 0.22148 0.672017 0.860655 0.0306775 0.00661938 0.730864 0.891587 0.00487244 0.160815 0.43487 0.696404 0.560711 0.0592972 0.16396 0.722261 0.677008 0.0572517 0.188389 0.462131 0.768747 0.513139 0.151667 0.259446 0.855077 0.666418 0.653851 0.398035 0.0476143 0.708726 0.290924 0.90052 0.930206 
33 14 50 23 70 40 
0.85247 0.974432 0.652854 0.28734 0.670837 0.213566 0.346637 0.834796 0.935827 0.0236449 0.892048 0.124216 0.485776 0.660795 0.637355 0.637443 0.920241 0.492431 0.303861 0.574092 0.890466 0.351475 0.282818 0.18139 0.251995 0.213023 0.144331 0.0131703 0.173906 0.11389 0.505209 0.0263764 0.0883228 0.158064 0.313716 0.759159 0.37163 0.660354 0.593956 0.307456 0.683999 0.486004 0.431672 0.169775 0.146799 0.0690266 0.807218 0.0670392 0.561458 0.111079 0.641131 0.451924 0.462555 0.923948 0.633314 0.71455 0.136971 0.777645 0.72772 0.310878 0.891535 0.23293 0.337254 0.979858 
34 48 43 55 11 10 
0.332973 0.0700791 0.995323 0.818977 0.501751 0.165097 0.965775 0.570778 0.972315 0.0328144 0.132236 0.0833948 0.673945 0.58416 0.545949 0.597894 0.217474 0.260499 0.734865 0.995119 0.988219 0.0457426 0.886654 0.221149 0.382997 0.866512 0.612142 0.0339671 0.605529 0.374765 0.345291 0.938502 0.444844 0.340614 0.757479 0.946595 0.505711 0.723254 0.517373 0.478027 0.756069 0.649608 0.561421 0.430014 0.233768 0.107371 0.0279073 0.451242 0.36787 0.762772 0.446361 0.35609 0.808515 0.333015 0.577238 0.191512 0.199527 0.189381 0.225479 0.805056 0.564146 0.57077 0.743559 0.00899002 
35 27 37 67 36 68 
0.472958 0.895121 0.98036 0.122566 0.456543 0.410374 0.356334 0.563914 0.438281 0.807576 0.931784 0.201054 0.253938 0.287873 0.00956851 0.586953 0.865112 0.20108 0.78648 0.0544924 0.426559 0.591536 0.618638 0.997328 0.335095 0.627628 0.908712 0.836132 0.583213 0.325807 0.060424 0.0561711 0.220928 0.0407843 0.178737 0.677471 0.451158 0.535071 0.241384 0.88944 0.342648 0.173168 0.0904932 0.596585 0.461041 0.100062 0.183538 0.326153 0.301142 0.970018 0.380645 0.7277 0.561553 0.999283 0.725029 0.896648 0.626911 0.633741 0.73278 0.210125 0.959548 0.793204 0.266296 0.180476 
36 46 21 38 25 20 
0.0993303 0.174586 0.322752 0.272498 0.26508 0.919338 0.733539 0.365141 0.102875 0.0596918 0.666283 0.072893 0.440337 0.393984 0.634446 0.43962 0.119013 0.531094 0.0665315 0.752754 0.263875 0.276656 0.712301 0.0570788 0.542952 0.892777 0.891067 0.987985 0.750723 0.176214 0.96809 0.850053 0.350801 0.290842 0.122551 0.61588 0.210179 0.85609 0.981022 0.313055 0.915782 0.647305 0.385948 0.356119 0.0412887 0.0203941 0.795739 0.160301 0.551489 0.862271 0.913055 0.815363 0.138927 0.625356 0.872442 0.681879 0.518133 0.763509 0.669864 0.268856 0.939724 0.637954 0.118909 0.290524 
37 11 63 73 62 21 
0.887427 0.452029 0.0133328 0.534732 0.837977 0.369452 0.57602 0.858371 0.165191 0.736322 0.40986 0.0274618 0.649376 0.225223 0.166389 0.274732 0.097665 0.848268 0.792865 0.861174 0.518132 0.0617206 0.800898 0.156086 0.180629 0.0914224 0.0848815 0.422089 0.997827 0.223856 0.51964 0.885254 0.675886 0.532973 0.419986 0.513863 0.902425 0.996006 0.372234 0.0676159 0.732328 0.782094 0.0950777 0.381704 0.00731714 0.261467 0.656436 0.104982 0.109734 0.449301 0.966157 0.627867 0.511022 0.767055 0.783953 0.691651 0.858477 0.868834 0.113741 0.856304 0.0926905 0.633381 0.741558 0.768576 
38 39 52 44 65 13 
0.654674 0.136394 0.889877 0.436768 0.231472 0.271582 0.444085 0.492939 0.928018 0.549067 0.602673 0.377319 0.515223 0.23054 0.888341 0.282278 0.0144922 0.579993 0.140755 0.883326 0.693733 0.997059 0.976017 0.327114 0.738617 0.744593 0.493468 0.900161 0.0270323 0.562246 0.0577105 0.681706 0.698641 0.947588 0.118474 0.930113 0.21917 0.562558 0.423051 0.147188 0.111625 0.0257244 0.524507 0.626849 0.256264 0.412848 0.909127 0.270756 0.992841 0.0498815 0.154083 0.686574 0.0469405 0.130099 0.013688 0.785558 0.874692 0.507156 0.685718 0.901725 0.0694022 0.743429 0.583431 0.768043 
39 22 18 68 46 12 
0.121207 0.0573739 0.376088 0.146931 0.581881 0.00293642 0.403195 0.994729 0.912063 0.673952 0.987569 0.961945 0.828034 0.674143 0.00888499 0.958133 0.687831 0.794443 0.832826 0.194987 0.480161 0.734551 0.264389 0.22359 0.317981 0.0324322 0.914607 0.0198855 0.730588 0.824793 0.284348 0.851795 0.882167 0.660436 0.998726 0.464048 0.663372 0.401922 0.458776 0.575435 0.075873 0.446346 0.53738 0.903907 0.120489 0.546265 0.862041 0.80832 0.340707 0.694866 0.00330752 0.820868 0.429417 0.267697 0.0444577 0.747398 0.300129 0.959064 0.767284 0.030717 0.783857 0.051632 0.882512 0.666024 
40 8 58 24 44 34 
0.588848 0.950875 0.359033 0.0351937 0.488255 0.26294 0.155683 0.0345193 0.12498 0.964003 0.375227 0.819847 0.967311 0.196095 0.249264 0.235007 0.240552 0.996662 0.535137 0.199616 0.763946 0.565854 0.983473 0.815578 0.448365 0.649497 0.527646 0.329603 0.779569 0.903086 0.612763 0.368417 0.853961 0.971795 0.403611 0.342215 0.234735 0.559293 0.376735 0.359715 0.523296 0.751961 0.179562 0.490607 0.948056 0.428825 0.725614 0.188608 0.425487 0.260751 0.388224 0.189434 0.826604 0.371698 0.00501175 0.27497 0.021195 0.532658 0.604573 0.800764 0.435743 0.217336 0.169181 0.289704 
41 11 67 72 50 40 
0.00865364 0.783581 0.655381 0.760615 0.963142 0.145988 0.70867 0.391968 0.871602 0.897278 0.817455 0.132353 0.285502 0.00688867 0.958957 0.6572 0.0119004 0.233927 0.678395 0.544558 0.8385 0.479159 0.980301 0.0558355 0.64834 0.270005 0.244967 0.221131 0.901924 0.668832 0.353215 0.910578 0.452413 0.0085963 0.671192 0.415556 0.154584 0.379863 0.807523 0.0261859 0.277141 0.624978 0.158539 0.562643 0.631867 0.117496 0.219843 0.643767 0.351423 0.898238 0.188325 0.189923 0.377397 0.168627 0.245758 0.0257367 0.438632 0.490725 0.246868 0.340556 0.159557 0.600083 0.251133 0.611971 
42 25 72 16 54 0 
0.789449 0.579329 0.460028 0.947988 0.141973 0.091895 0.0654842 0.361816 0.735662 0.416907 0.260054 0.923988 0.60683 0.637451 0.0926146 0.852588 0.663188 0.531246 0.343313 0.910056 0.871802 0.50287 0.510139 0.122935 0.114841 0.118818 0.0452609 0.142367 0.882082 0.347449 0.977416 0.671531 0.926779 0.437444 0.619519 0.0687517 0.529339 0.685003 0.430568 0.265002 0.10191 0.690622 0.18899 0.70874 0.328073 0.281604 0.561328 0.991261 0.81285 0.904641 0.901316 0.684652 0.407511 0.411455 0.807587 0.522351 0.530273 0.852848 0.664718 0.412355 0.200298 0.642134 0.0838856 0.127076 
43 2 70 28 21 33 
0.87392 0.490318 0.317018 0.0629093 0.199058 0.645091 0.344514 0.760386 0.636352 0.157364 0.665027 0.537668 0.842016 0.0725375 0.949123 0.649604 0.594889 0.479397 0.502452 0.259607 0.891751 0.702749 0.901741 0.975637 0.829826 0.98132 0.679042 0.025654 0.590238 0.0674494 0.65205 0.464158 0.557767 0.969067 0.527067 0.756825 0.614158 0.871581 0.517211 0.25051 0.0289447 0.182238 0.788178 0.870961 0.254776 0.737301 0.520564 0.849664 0.216698 0.0230162 0.109271 0.108449 0.725766 0.0110128 0.0840861 0.555591 0.992333 0.763128 0.581245 0.582571 0.830577 0.233295 0.0467288 0.388345 
44 46 50 8 64 53 
0.662381 0.0670307 0.474321 0.844619 0.855209 0.345282 0.0993951 0.59251 0.865846 0.94906 0.809208 0.888863 0.0583309 0.917657 0.614628 0.0693437 0.00174322 0.17022 0.0616766 0.764871 0.751465 0.644248 0.595448 0.98476 0.690976 0.983792 0.187123 0.264772 0.128962 0.00364352 0.710149 0.791344 0.0706742 0.18447 0.635963 0.925883 0.529752 0.735358 0.518393 0.395599 0.684418 0.327601 0.284461 0.742749 0.245258 0.899089 0.812092 0.247001 0.0693091 0.873769 0.0118722 0.820774 0.518017 0.60732 0.805534 0.208993 0.591113 0.992657 0.473765 0.720075 0.9963 0.183914 0.511419 0.0669746 
45 42 53 39 50 43 
0.511251 0.293735 0.567158 0.838852 0.578196 0.309907 0.0841096 0.477286 0.121999 0.331111 0.546595 0.995768 0.342983 0.367369 0.513785 0.950303 0.172903 0.722778 0.541416 0.16556 0.196543 0.261491 0.16186 0.380458 0.77291 0.228835 0.748842 0.920291 0.221692 0.646978 0.803032 0.732943 0.940713 0.37019 0.571795 0.518909 0.680097 0.655904 0.996195 0.802096 0.987015 0.54279 0.797864 0.329998 0.910158 0.311649 0.280301 0.0830612 0.0344271 0.821717 0.248621 0.230971 0.0832079 0.410481 0.611428 0.856117 0.639316 0.36027 0.776409 0.861008 0.00724819 0.579441 0.593951 0.947961 
46 42 10 57 48 3 
0.808665 0.00585488 0.229687 0.138663 0.916013 0.541336 0.418965 0.999074 0.575763 0.240682 0.247695 0.806733 0.32389 0.658176 0.418162 0.180007 0.297492 0.778432 0.956416 0.158501 0.78568 0.535857 0.752452 0.733641 0.485487 0.918198 0.200512 0.115214 0.739849 0.663577 0.547037 0.548514 0.669432 0.776724 0.687177 0.585445 0.318059 0.106142 0.584519 0.893822 0.346824 0.832214 0.700556 0.670713 0.490391 0.118717 0.850721 0.787883 0.897149 0.807137 0.946384 0.682829 0.342993 0.698837 0.41647 0.82848 0.617035 0.616981 0.943695 0.356884 0.280558 0.490731 0.905398 0.94999 
47 36 64 41 3 1 
0.119954 0.479337 0.0455399 0.952169 0.179893 0.716253 0.44256 0.29861 0.566974 0.230443 0.195759 0.37411 0.176827 0.878588 0.717104 0.875664 0.295057 0.545584 0.492699 0.912039 0.489279 0.849583 0.192597 0.98001 0.754981 0.142587 0.247465 0.347555 0.678022 0.83298 0.0462715 0.797976 0.312317 0.0918115 0.750145 0.492209 0.808065 0.192705 0.790819 0.375038 0.423148 0.986578 0.749149 0.599975 0.865166 0.466253 0.475639 0.160223 0.0118368 0.968339 0.0722615 0.501116 0.817922 0.264858 0.481126 0.572902 0.407445 0.728591 0.920457 0.0854671 0.561571 0.966729 0.883443 0.873888 
48 30 52 59 49 12 
0.156917 0.241644 0.249441 0.143495 0.990793 0.849416 0.00866094 0.457045 0.325055 0.168884 0.468882 0.293394 0.241145 0.969997 0.111315 0.506004 0.451123 0.684217 0.913449 0.179715 0.604675 0.998916 0.741286 0.571404 0.882359 0.615174 0.629944 0.515948 0.981271 0.496549 0.342241 0.138188 0.738193 0.591681 0.281684 0.728985 0.441097 0.290344 0.186031 0.766152 0.459228 0.654912 0.0595458 0.700374 0.62491 0.170861 0.206378 0.0760332 0.855079 0.119827 0.255748 0.459753 0.118743 0.997034 0.0311572 0.00110213 0.612208 0.661101 0.51705 0.593479 0.157651 0.859291 0.731667 0.895844 
49 62 39 38 12 54 
0.658222 0.762924 0.465772 0.717767 0.463298 0.0906821 0.888629 0.669675 0.166715 0.743707 0.789502 0.422463 0.203461 0.908244 0.419497 0.234618 0.909347 0.0317047 0.895719 0.426397 0.625184 0.05337 0.285687 0.356851 0.949214 0.736659 0.370202 0.574043 0.628729 0.673897 0.384903 0.28695 0.436821 0.850675 0.00471789 0.900119 0.941357 0.893346 0.569794 0.108073 0.637054 0.359296 0.530536 0.840514 0.26754 0.950033 0.0751319 0.176887 0.981738 0.970851 0.603284 0.606921 0.0242211 0.888971 0.963772 0.973435 0.62563 0.333975 0.547478 0.254359 0.007872 0.932381 0.541309 0.444693 
50 47 52 49 37 0 
0.914606 0.832486 0.0764273 0.273902 0.363022 0.916941 0.541443 0.313055 0.992073 0.71833 0.294792 0.962924 0.321613 0.901713 0.987146 0.210584 0.865486 0.960581 0.836214 0.19946 0.508059 0.0905731 0.207332 0.440439 0.631882 0.652026 0.223495 0.17791 0.996838 0.947908 0.617283 0.911444 0.780394 0.693711 0.185346 0.143416 0.610652 0.726789 0.45647 0.602725 0.445118 0.751262 0.56565 0.766732 0.652976 0.552796 0.977316 0.518461 0.513376 0.81353 0.717922 0.0214346 0.904103 0.925254 0.461874 0.535985 0.57728 0.685369 0.713895 0.574118 0.633277 0.331178 0.485562 0.413671 
51 63 71 48 45 32 
0.0135568 0.238266 0.842815 0.764819 0.803916 0.609547 0.417795 0.356712 0.586862 0.936256 0.870088 0.400392 0.654178 0.891523 0.304495 0.579432 0.353396 0.84048 0.156712 0.0387654 0.554375 0.73083 0.672043 0.885554 0.216392 0.0857139 0.910443 0.887299 0.642801 0.545984 0.284996 0.656357 0.78425 0.127811 0.421176 0.588166 0.737357 0.838971 0.944878 0.324219 0.775227 0.814966 0.724611 0.429405 0.706489 0.0291061 0.00883715 0.0598851 0.869586 0.165549 0.0986505 0.423961 0.896379 0.770693 0.309515 0.112771 0.856407 0.219957 6.99889e-05 0.499208 0.765941 0.285066 0.155565 0.550191 
52 18 66 43 0 24 
0.0832356 0.474454 0.19094 0.898202 0.199065 0.620345 0.60469 0.228171 0.629182 0.664576 0.0977575 0.794731 0.763226 0.521719 0.69111 0.533919 0.831234 0.803881 0.390326 0.0511914 0.803951 0.889534 0.817132 0.0890166 0.0450992 0.367323 0.501893 0.621841 0.505681 0.652128 0.0375532 0.588916 0.126581 0.228493 0.487118 0.325646 0.848837 0.0918088 0.553818 0.478019 0.756384 0.651575 0.27275 0.519611 0.173294 0.96386 0.0535299 0.0045281 0.767741 0.443856 0.0557195 0.571691 0.33339 0.872852 0.660708 0.37849 0.240175 0.162601 0.000330343 0.745856 0.814729 0.0378836 0.334773 0.94131 
53 71 2 34 21 42 
0.820774 0.593233 0.670084 0.47235 0.865982 0.189695 0.645644 0.829842 0.243224 0.650172 0.597583 0.687081 0.705892 0.169274 0.0204712 0.578743 0.829982 0.398961 0.818919 0.992583 0.399291 0.564775 0.807312 0.437175 0.899548 0.748622 0.703551 0.721438 0.0155791 0.818765 0.635138 0.836354 0.411997 0.305222 0.308703 0.27798 0.494917 0.954347 0.107822 0.738141 0.604519 0.705405 0.425222 0.310411 0.874679 0.445693 0.889154 0.704661 0.844654 0.708073 0.697244 0.243945 0.272848 0.504556 0.68112 0.172395 0.253178 0.384671 0.893834 0.268758 0.203435 0.528972 0.105111 0.615432 
54 24 42 5 28 53 
0.00123399 0.0672521 0.972681 0.706639 0.492474 0.283092 0.581318 0.938167 0.172246 0.285979 0.782821 0.880319 0.983223 0.0267659 0.153166 0.487779 0.707886 0.325562 0.740957 0.0925563 0.219396 0.00971501 0.295992 0.748368 0.114826 0.911424 0.582562 0.528641 0.804836 0.911673 0.896802 0.80607 0.978925 0.869483 0.512709 0.471399 0.152575 0.0940269 0.409566 0.324821 0.380006 0.192387 0.205139 0.363228 0.219153 0.358306 0.851007 0.927038 0.683867 0.591965 0.0195945 0.903263 0.60168 0.315586 0.65163 0.716506 0.22701 0.234192 0.245147 0.0318465 0.145865 0.141949 0.837917 0.12479 
55 62 7 22 59 16 
0.00575408 0.488828 0.824658 0.198141 0.693967 0.187887 0.417293 0.0522724 0.0388941 0.344332 0.73614 0.630859 0.363926 0.639403 0.232539 0.679512 0.291033 0.949045 0.906523 0.525225 0.194192 0.938369 0.67109 0.336141 0.776286 0.79588 0.347573 0.126911 0.392068 0.51158 0.571564 0.397822 0.000407089 0.396222 0.595963 0.694374 0.584109 0.0132562 0.746646 0.623003 0.357588 0.482786 0.253862 0.721514 0.122189 0.486401 0.401026 0.413222 0.435446 0.307549 0.938447 0.629637 0.245918 0.609537 0.965778 0.0222041 0.405417 0.313351 0.149116 0.797485 0.82493 0.72068 0.195307 0.825337 
56 67 69 34 23 21 
0.266357 0.324013 0.162114 0.749143 0.577875 0.883628 0.871332 0.064276 0.284654 0.284554 0.499722 0.592204 0.223001 0.129359 0.838122 0.832539 0.095137 0.860326 0.237956 0.408488 0.00944157 0.0354405 0.233418 0.730121 0.230747 0.058755 0.847023 0.0220172 0.578466 0.548033 0.826543 0.844823 0.872047 0.988657 0.593967 0.449922 0.872285 0.465299 0.514198 0.156939 0.749853 0.0139196 0.749143 0.972854 0.143279 0.587265 0.805393 0.238416 0.447591 0.0433486 0.646903 0.457032 0.0787891 0.880321 0.187153 0.309537 0.939076 0.0341763 0.331554 0.517542 0.58221 0.158097 0.362366 0.454256 
57 43 73 50 15 25 
0.418376 0.175978 0.171485 0.432296 0.925121 0.144339 0.575575 0.512386 0.949732 0.81399 0.959977 0.993081 0.460894 0.417009 0.0718696 0.341215 0.604162 0.381406 0.280291 0.638339 0.71296 0.797833 0.220548 0.871057 0.160199 0.674805 0.0178107 0.116531 0.578983 0.0368496 0.538162 0.99736 0.212828 0.709647 0.429656 0.137949 0.853986 0.00523021 0.650335 0.803718 0.819221 0.610311 0.796798 0.280114 0.0273201 0.868668 0.621329 0.631482 0.250074 0.90162 0.269821 0.963034 0.699453 0.490369 0.834091 0.859652 0.165174 0.851902 0.976183 0.744157 0.888751 0.514345 0.741517 0.101579 
58 23 60 59 30 55 
0.889862 0.881696 0.995623 0.500174 0.678494 0.275738 0.527494 0.547162 0.897067 0.158976 0.797236 0.798688 0.428797 0.76027 0.498141 0.919167 0.594361 0.357793 0.0843408 0.446263 0.333976 0.828498 0.335014 0.848322 0.570015 0.436592 0.0723141 0.741188 0.67612 0.150292 0.91759 0.565982 0.0319884 0.913214 0.0661559 0.710483 0.188952 0.593649 0.257645 0.0860188 0.752625 0.0548812 0.884706 0.181423 0.815151 0.382847 0.100589 0.409513 0.740641 0.18493 0.855775 0.0746167 0.0134281 0.190789 0.922938 0.583443 0.627381 0.995252 0.324631 0.303501 0.145545 0.242221 0.869484 0.177533 
59 54 27 28 42 13 
0.145661 0.430405 0.281914 0.200542 0.315112 0.463337 0.0156936 0.697959 0.563926 0.425206 0.4386 0.748856 0.280981 0.513217 0.762284 0.47177 0.436155 0.345727 0.0991511 0.431407 0.670358 0.402652 0.576952 0.91258 0.272136 0.754486 0.0680148 0.207776 0.642502 0.412401 0.737064 0.788163 0.842807 0.018979 0.988705 0.157919 0.482316 0.00439839 0.855878 0.0462422 0.429605 0.294478 0.795098 0.710586 0.807694 0.557382 0.182356 0.243849 0.90311 0.281507 0.675257 0.573468 0.684159 0.252209 0.486048 0.956295 0.00669479 0.554063 0.164071 0.649196 0.966464 0.901135 0.437359 0.809271 
60 36 12 69 9 53 
0.823068 0.448673 0.860067 0.117546 0.243771 0.570653 0.92524 0.801153 0.753008 0.169089 0.704263 0.0345153 0.844346 0.277732 0.718675 0.0965553 0.76378 0.67497 0.10325 0.317843 0.839041 0.752446 0.284307 0.740176 0.189805 0.0935779 0.660291 0.615869 0.0607677 0.062721 0.0463314 0.883836 0.511394 0.906398 0.00138108 0.755164 0.477051 0.926621 0.556318 0.230059 0.0957103 0.260581 0.264574 0.940056 0.538312 0.983249 0.0366117 0.302092 0.658219 0.139862 0.619935 0.49726 0.892308 0.904241 0.237436 0.0821138 0.997819 0.897727 0.697983 0.058587 0.960448 0.744314 0.942423 0.471841 
61 2 37 27 66 5 
0.783323 0.357822 0.966135 0.0439041 0.622396 0.906191 0.582217 0.605645 0.942803 0.884309 0.263864 0.0826649 0.504243 0.761124 0.974973 0.408485 0.99856 0.057087 0.406304 0.896287 0.75507 0.464891 0.856734 0.499384 0.407313 0.328575 0.150097 0.351117 0.555581 0.27786 0.221542 0.338904 0.635682 0.187677 0.382808 0.258079 0.093868 0.965025 0.863724 0.0366711 0.849333 0.127588 0.119336 0.353577 0.888712 0.0943092 0.762061 0.887272 0.151396 0.168365 0.783559 0.906466 0.633256 0.640293 0.405851 0.0405691 0.968869 0.555948 0.391686 0.524449 0.833808 0.613228 0.863354 0.46949 
62 5 52 3 20 45 
0.591293 0.931443 0.0605199 0.718881 0.0507795 0.414096 0.607594 0.145089 0.176158 0.494866 0.296485 0.344522 0.278425 0.202951 0.977778 0.918718 0.608802 0.0183472 0.887587 0.164749 0.410033 0.412036 0.998557 0.023261 0.27539 0.468047 0.824165 0.521552 0.195616 0.718938 0.732738 0.786909 0.650381 0.793258 0.505791 0.701161 0.207355 0.113384 0.846249 0.383512 0.60825 0.142734 0.728035 0.886675 0.345686 0.705813 0.805393 0.954487 0.72416 0.69298 0.119237 0.134193 0.105016 0.117794 0.157454 0.380406 0.585842 0.98162 0.901958 0.781458 0.700557 0.634696 0.568367 0.350939 
63 38 48 14 11 65 
0.0188207 0.795792 0.0410831 0.746855 0.682467 0.386769 0.452668 0.48786 0.341256 0.176828 0.18084 0.460493 0.311021 0.285856 0.578287 0.468476 0.666262 0.164129 0.450095 0.56822 0.945587 0.150653 0.202915 0.513954 0.501591 0.630869 0.588112 0.55369 0.266178 0.775654 0.452039 0.284999 0.571446 0.493122 0.0318539 0.253913 0.879891 0.484522 0.741773 0.221147 0.66135 0.922613 0.68164 0.972371 0.208469 0.259927 0.440847 0.874731 0.424056 0.890942 0.442951 0.369643 0.0415945 0.645866 0.883597 0.543186 0.276736 0.471709 0.0968762 0.542914 0.247363 0.548915 0.827912 0.818808 
64 72 47 34 50 56 
0.814494 0.143075 0.0056378 0.737108 0.824715 0.978009 0.945577 0.0846423 0.418856 0.820308 0.508698 0.309797 0.263259 0.878341 0.351392 0.909125 0.761938 0.894578 0.185861 0.233647 0.991454 0.728774 0.481009 0.540369 0.556687 0.299818 0.582407 0.416453 0.372539 0.504335 0.760741 0.187034 0.64741 0.766378 0.924141 0.472126 0.744387 0.869718 0.556768 0.163243 0.690026 0.0654662 0.47304 0.953285 0.943807 0.824432 0.86241 0.705745 0.71901 0.0482708 0.939392 0.710464 0.777045 0.420402 0.250833 0.333732 0.720219 0.83324 0.750184 0.0927587 0.337575 0.510925 0.279792 0.984986 
65 66 28 16 71 52 
0.184933 0.763677 0.0793451 0.657974 0.716962 0.0231525 0.482406 0.579372 0.728898 0.201416 0.627643 0.66829 0.91188 0.404688 0.0886916 0.162714 0.73842 0.808911 0.995954 0.488604 0.90167 0.333529 0.999529 0.181462 0.318514 0.276832 0.385396 0.775625 0.298523 0.459048 0.789504 0.483456 0.222725 0.868849 0.14143 0.939687 0.892002 0.623836 0.519059 0.6209 0.825252 0.146702 0.28919 0.737132 0.55139 0.377881 0.899846 0.28981 0.186793 0.8958 0.778415 0.0884624 0.229328 0.777944 0.269925 0.547843 0.0547763 0.655321 0.323468 0.353299 0.114368 0.112972 0.836755 0.337093 
66 32 63 60 25 43 
0.79584 0.494723 0.427273 0.942542 0.783913 0.164406 0.493932 0.161795 0.0642515 0.783743 0.348587 0.960051 0.562157 0.43705 0.189379 0.340101 0.706974 0.737222 0.394877 0.362295 0.0606902 0.748177 0.476663 0.173663 0.584932 0.813756 0.155484 0.563117 0.0905366 0.0293082 0.165139 0.886376 0.524032 0.592412 0.828918 0.307945 0.756818 0.322851 0.46974 0.821069 0.106593 0.818327 0.78112 0.668751 0.255377 0.9705 0.00885187 0.962351 0.707722 0.403729 0.324646 0.768412 0.151906 0.801309 0.942075 0.736838 0.615065 0.0975591 0.299955 0.705602 0.126867 0.465094 0.591978 0.650899 
67 51 57 18 0 29 
0.428584 0.635393 0.850341 0.246911 0.416513 0.519091 0.502288 0.387013 0.527943 0.464639 0.0947348 0.931672 0.789285 0.863147 0.0835783 0.590594 0.805222 0.820416 0.20566 0.902781 0.120372 0.911262 0.0296479 0.585466 0.50324 0.680547 0.642972 0.924136 0.639391 0.457296 0.667883 0.0679745 0.0926888 0.518224 0.314885 0.509202 0.0373153 0.817173 0.896215 0.565258 0.281812 0.99095 0.496931 0.0710971 0.854097 0.580509 0.661691 0.659318 0.400925 0.867351 0.562099 0.521297 0.778612 0.591747 0.106763 0.281852 0.272294 0.749734 0.205988 0.911685 0.20703 0.873872 0.979659 0.299719 
68 33 45 2 1 31 
0.705136 0.994669 0.39353 0.696086 0.4916 0.464627 0.550183 0.0721094 0.126318 0.209501 0.473035 0.993669 0.7716 0.994332 0.772281 0.363347 0.101094 0.0541335 0.635641 0.850829 0.260122 0.547325 0.057859 0.133994 0.526985 0.357578 0.526089 0.821529 0.166499 0.9555 0.933247 0.871635 0.95017 0.326776 0.567721 0.44177 0.791403 0.117904 0.513879 0.917721 0.327406 0.986914 0.91139 0.0990059 0.981246 0.683671 0.462353 0.0823404 0.737805 0.0979941 0.933169 0.997926 0.64532 0.991028 0.13192 0.172304 0.348606 0.658009 0.993833 0.515105 0.61351 0.92708 0.38674 0.56368 
69 59 65 25 12 50 
0.399771 0.506243 0.874369 0.498777 0.487489 0.55804 0.96113 0.56983 0.295845 0.0591245 0.502999 0.293771 0.704444 0.494027 0.425691 0.876748 0.842633 0.0837008 0.870581 0.357739 0.697211 0.797661 0.744479 0.26089 0.0515168 0.69894 0.26634 0.0967756 0.771306 0.785669 0.0597552 0.171078 0.291912 0.934125 0.669855 0.779401 0.492165 0.630985 0.349231 0.78801 0.69011 0.85223 0.0817813 0.394554 0.346258 0.507473 0.271302 0.188891 0.591173 0.141884 0.54663 0.288384 0.939544 0.291108 0.549274 0.991061 0.990049 0.815614 0.0878369 0.761355 0.601282 0.147592 0.932432 0.893194 
70 38 22 9 2 17 
0.0218267 0.361891 0.923383 0.874057 0.443673 0.317937 0.220315 0.951145 0.589239 0.409206 0.542319 0.731122 0.955835 0.830703 0.670667 0.246944 0.379977 0.661728 0.236992 0.19559 0.749565 0.998347 0.796873 0.897157 0.930779 0.690067 0.978874 0.533067 0.362662 0.552755 0.766339 0.384489 0.914647 0.689722 0.258546 0.35832 0.00765876 0.478861 0.309465 0.596898 0.888066 0.851784 0.32802 0.843902 0.682487 0.998687 0.0908454 0.0624635 0.660415 0.327838 0.258054 0.40998 0.326185 0.0549266 0.307137 0.256964 0.744993 0.286011 0.790031 0.107656 0.838766 0.55637 0.492145 0.753413 
71 49 19 39 10 43 
0.421198 0.850649 0.117618 0.272981 0.178669 0.96152 0.955468 0.177356 0.0523651 0.0179316 0.837771 0.380203 0.275985 0.247752 0.706388 0.330912 0.554889 0.963352 0.0759054 0.8409 0.753383 0.183561 0.679667 0.309753 0.675706 0.43308 0.555846 0.426397 0.544813 0.809597 0.655948 0.96601 0.660246 0.773566 0.238992 0.838915 0.735086 0.19446 0.0162705 0.787451 0.212392 0.854042 0.167654 0.488377 0.101793 0.874041 0.819289 0.656682 0.837393 0.895194 0.497583 0.590776 0.0787556 0.177249 0.90053 0.754461 0.610329 0.456375 0.180858 0.155142 0.265972 0.836806 0.121152 0.926218 
72 0 61 71 9 24 
0.781403 0.132909 0.766995 0.635444 0.300563 0.255372 0.737238 0.174604 0.0746615 0.39392 0.0119976 0.969856 0.891503 0.602774 0.0486115 0.0687522 0.503304 0.803073 0.679081 0.959679 0.983931 0.834223 0.225651 0.820738 0.955375 0.151869 0.43111 0.315519 0.917001 0.776568 0.870123 0.698403 0.909477 0.637119 0.333848 0.21004 0.892491 0.0710857 0.384644 0.967153 0.465006 0.396642 0.937009 0.356509 0.999416 0.98562 0.425261 0.502719 0.788693 0.104342 0.462398 0.772624 0.938566 0.688049 0.593362 0.893941 0.839918 0.0244721 0.209461 0.756919 0.80104 0.079584 0.455322 0.710518 
73 41 34 47 28 8 
0.305202 0.576347 0.325262 0.701844 0.513356 0.681771 0.70126 0.498976 0.107032 0.203979 0.287669 0.211374 0.666378 0.0602937 0.14994 0.354427 0.653656 0.0438807 0.194345 0.678128 0.253341 0.951264 0.479168 0.332925 0.406586 0.189686 0.0496281 0.195756 0.110244 0.658822 0.0560121 0.415445 0.235169 0.381274 0.117289 0.748525 0.0630447 0.818549 0.247501 0.170076 0.0225279 0.53517 0.38145 0.688905 0.595463 0.53139 0.0433324 0.249119 0.575271 0.237677 0.927247 0.828612 0.188941 0.406415 0.161537 0.595527 0.596101 0.211165 0.791283 0.706345 0.869988 0.847296 0.12179 0.105157 
