73 1
0 1 1 1 0 0 0 1 0 1 0 0 1 1 0 0 0 1 0 1 0 1 0 0 1 0 0 0 1 0 1 0 1 0 1 0 1 0 1 1 0 0 0 0 0 1 1 1 1 0 1 1 1 0 0 1 0 0 0 0 1 1 1 1 0 1 1 0 0 1 0 1 0 
0 
0.611295 0.880812 
1 
0.444707 0.986494 
2 
0.871871 0.173557 
3 
0.0488234 0.813074 
4 
0.775331 0.238163 
5 
0.100175 0.315445 
6 
0.925432 0.363194 
7 
0.599648 0.784184 
8 
0.564024 0.566926 
9 
0.793559 0.576203 
10 
0.574388 0.582759 
11 
0.331171 0.929645 
12 
0.6923 0.697851 
13 
0.22058 0.871045 
14 
0.0725604 0.0211286 
15 
0.40806 0.683855 
16 
0.901941 0.852767 
17 
0.670349 0.773812 
18 
0.0263238 0.719172 
19 
0.586886 0.801655 
20 
0.957335 0.687062 
21 
0.117099 0.882767 
22 
0.0502558 0.716747 
23 
0.66695 0.614279 
24 
0.283673 0.460509 
25 
0.190482 0.858061 
26 
0.0432684 0.521653 
27 
0.787706 0.735568 
28 
0.219504 0.00828602 
29 
0.606613 0.292064 
30 
0.0294146 0.0146729 
31 
0.97592 0.931356 
32 
0.86744 0.646269 
33 
0.705168 0.893763 
34 
0.365441 0.292054 
35 
0.695418 0.322776 
36 
0.979116 0.812517 
37 
0.205542 0.0293715 
38 
0.529264 0.872492 
39 
0.643651 0.812938 
40 
0.333002 0.834133 
41 
0.670999 0.37627 
42 
0.355786 0.458705 
43 
0.111838 0.57529 
44 
0.466991 0.718451 
45 
0.867354 0.496405 
46 
0.733124 0.843274 
47 
0.427761 0.600564 
48 
0.489543 0.132929 
49 
0.494327 0.854983 
50 
0.424983 0.189745 
51 
0.177759 0.404099 
52 
0.00226192 0.383301 
53 
0.43347 0.531526 
54 
0.255794 0.077121 
55 
0.344464 0.588795 
56 
0.911254 0.0154626 
57 
0.965065 0.267041 
58 
0.474167 0.0769036 
59 
0.842331 0.941158 
60 
0.795355 0.709685 
61 
0.437563 0.528479 
62 
0.552959 0.865324 
63 
0.129043 0.0425017 
64 
0.998252 0.62337 
65 
0.897485 0.423235 
66 
0.813115 0.0752443 
67 
0.827334 0.815377 
68 
0.458546 0.260804 
69 
0.346903 0.714339 
70 
0.337925 0.691367 
71 
0.303135 0.249179 
72 
0.706829 0.2682 
