59 6
1 1 1 1 0 0 1 1 1 0 1 0 0 0 1 0 1 0 0 0 0 0 1 0 0 1 0 1 1 1 0 1 1 0 1 0 0 1 0 0 0 1 1 0 0 1 1 1 0 0 0 1 1 0 1 0 0 0 0 
0 26 48 52 4 3 
0.84827 0.142831 0.906796 0.958455 0.598494 0.450218 0.417372 0.111729 0.492917 0.0850757 0.115875 0.0404551 0.0302161 0.017703 0.205037 0.71788 0.582581 0.723369 0.185727 0.102469 0.584429 0.67193 0.851855 0.486837 0.792737 0.924681 0.467395 0.871877 0.499541 0.642957 0.3592 0.347811 0.785788 0.265996 0.306266 0.384282 0.716213 0.723637 0.496011 0.209131 0.808713 0.611885 0.249586 0.838929 0.629588 0.454623 0.556809 0.212169 0.177992 0.742536 0.314638 0.762421 0.414466 0.166493 0.249258 0.207203 0.0911739 0.716653 0.0790803 0.590715 0.359611 0.438281 0.938525 0.145399 
1 28 36 58 51 30 
0.0256921 0.629621 0.777142 0.637578 0.879207 0.616071 0.267166 0.33383 0.17288 0.479335 0.511822 0.915416 0.793973 0.274244 0.329883 0.960466 0.523502 0.537086 0.0516399 0.240155 0.616166 0.642354 0.599765 0.0544469 0.58088 0.745164 0.758723 0.825671 0.274846 0.179213 0.7941 0.300538 0.808834 0.571241 0.938115 0.68804 0.187312 0.205281 0.0218701 0.360191 0.684617 0.533692 0.275608 0.47859 0.807936 0.60549 0.439056 0.331437 0.142576 0.490696 0.571592 0.758742 0.13305 0.171358 0.813189 0.71393 0.916522 0.571913 0.539601 0.191368 0.751126 0.333701 0.491905 0.559959 
2 43 50 0 45 32 
0.26987 0.452445 0.319919 0.803562 0.728053 0.798509 0.611498 0.333543 0.237565 0.942936 0.476119 0.728261 0.514528 0.234862 0.861311 0.685885 0.0480508 0.575242 0.602407 0.619963 0.114843 0.793775 0.371089 0.448544 0.28568 0.931048 0.353486 0.715701 0.179048 0.44574 0.351003 0.448918 0.898185 0.670921 0.25248 0.626238 0.46943 0.863978 0.959781 0.706995 0.806914 0.4359 0.435256 0.321442 0.670762 0.296567 0.00732702 0.718813 0.871809 0.609734 0.338776 0.986652 0.403509 0.709865 0.435196 0.68919 0.640913 0.788682 0.40489 0.819961 0.234422 0.755893 0.268879 0.132608 
3 2 7 42 5 37 
0.603239 0.192251 0.154527 0.0384942 0.513693 0.825289 0.335061 0.52102 0.544101 0.20687 0.130754 0.882877 0.193522 0.534264 0.592742 0.628718 0.223453 0.233655 0.4174 0.628343 0.0536161 0.651823 0.384236 0.322495 0.78443 0.81105 0.843854 0.543276 0.707294 0.229192 0.261903 0.310532 0.421443 0.416429 0.349026 0.935136 0.241718 0.684088 0.456156 0.785819 0.890957 0.58691 0.668696 0.0844793 0.121174 0.261438 0.713197 0.344627 0.495093 0.130597 0.97297 0.548709 0.78242 0.357206 0.871204 0.56685 0.168256 0.715059 0.110126 0.875549 0.944251 0.372029 0.186081 0.365694 
4 18 9 37 57 38 
0.756986 0.815996 0.110153 0.343896 0.484692 0.194632 0.465069 0.74613 0.907829 0.809696 0.241223 0.0384266 0.782666 0.789933 0.820847 0.139872 0.661137 0.387697 0.308128 0.376196 0.497824 0.183677 0.320447 0.869853 0.369758 0.686141 0.658311 0.904866 0.986971 0.688487 0.124061 0.743956 0.504483 0.234214 0.0878521 0.989175 0.428846 0.552921 0.735305 0.336675 0.362617 0.976529 0.375101 0.145284 0.766461 0.195948 0.285155 0.427598 0.583646 0.593283 0.803794 0.0814692 0.77696 0.124241 0.951322 0.146718 0.810382 0.609633 0.0515842 0.797352 0.29812 0.175645 0.541309 0.802603 
5 15 49 22 0 26 
0.527083 0.17538 0.5447 0.503612 0.550481 0.689983 0.270073 0.746429 0.975139 0.697672 0.330075 0.568422 0.501466 0.411544 0.345382 0.625707 0.362866 0.4921 0.436088 0.972499 0.543684 0.233441 0.270618 0.71933 0.774749 0.0732211 0.129189 0.40391 0.864999 0.967894 0.585992 0.392082 0.143273 0.130692 0.895693 0.693754 0.820675 0.165766 0.440184 0.795813 0.863438 0.770259 0.364235 0.364904 0.181803 0.709617 0.99061 0.544669 0.201717 0.426699 0.517168 0.745401 0.66014 0.787786 0.464731 0.434889 0.861007 0.593919 0.838799 0.726006 0.561813 0.424791 0.118087 0.705086 
6 7 26 43 27 0 
0.171971 0.0429848 0.609283 0.536206 0.407888 0.791086 0.245823 0.398499 0.335755 0.44754 0.825198 0.852923 0.192941 0.485337 0.640709 0.657672 0.920226 0.501716 0.251591 0.759025 0.227722 0.813404 0.183816 0.345809 0.51849 0.739299 0.35959 0.917331 0.115457 0.539137 0.756355 0.287428 0.582121 0.365638 0.823634 0.99001 0.156724 0.0694565 0.388509 0.492479 0.516996 0.213707 0.345402 0.709937 0.699044 0.986111 0.367609 0.61927 0.487827 0.6192 0.378296 0.715548 0.432605 0.562112 0.0613574 0.951095 0.301411 0.420947 0.868426 0.416868 0.960084 0.624782 0.704295 0.542205 
7 1 29 2 26 39 
0.920724 0.639623 0.114382 0.13443 0.985025 0.824319 0.833474 0.971136 0.191929 0.452744 0.458963 0.811129 0.83104 0.174511 0.243734 0.393152 0.235868 0.194829 0.694563 0.656816 0.0632553 0.111431 0.616899 0.688037 0.815726 0.159105 0.678457 0.343656 0.69132 0.825601 0.941041 0.612044 0.465224 0.0554232 0.746474 0.45025 0.879743 0.579948 0.421386 0.0716711 0.0326926 0.880349 0.8828 0.863733 0.0548598 0.126534 0.256885 0.290728 0.321363 0.951448 0.947544 0.384618 0.0628786 0.564443 0.0726552 0.878605 0.723548 0.751112 0.22226 0.414868 0.576713 0.163302 0.0269114 0.0419372 
8 40 0 17 36 21 
0.913573 0.170138 0.386026 0.793922 0.0529385 0.249759 0.848782 0.179472 0.506643 0.13951 0.500835 0.458091 0.0870538 0.885454 0.52097 0.651497 0.958109 0.399574 0.375045 0.709221 0.621835 0.789913 0.285933 0.785137 0.816825 0.327871 0.00386146 0.59021 0.820058 0.102329 0.943543 0.733631 0.272467 0.329569 0.527553 0.325406 0.579328 0.376334 0.504878 0.0859712 0.515844 0.00571341 0.544062 0.602898 0.891167 0.0650317 0.254395 0.849276 0.464606 0.629441 0.558496 0.0864411 0.419354 0.84443 0.871578 0.236178 0.172301 0.875439 0.826388 0.992358 0.977768 0.769931 0.725989 0.250235 
9 11 44 25 13 54 
0.7648 0.145721 0.0862325 0.308862 0.748619 0.9774 0.373894 0.00301402 0.826675 0.8385 0.632455 0.385172 0.924941 0.0518084 0.229601 0.796519 0.287987 0.401902 0.671958 0.114375 0.39426 0.649726 0.884306 0.12025 0.899961 0.983807 0.373792 0.475602 0.662636 0.00366826 0.556122 0.427435 0.149389 0.642354 0.736297 0.898008 0.619754 0.110191 0.901022 0.446429 0.948691 0.533476 0.8316 0.873632 0.585285 0.0612018 0.670151 0.873271 0.463104 0.342109 0.987646 0.857364 0.991835 0.871953 0.977614 0.891797 0.85576 0.351406 0.367399 0.518395 0.355074 0.923521 0.94583 0.504463 
10 40 39 22 3 52 
0.303492 0.632057 0.74101 0.836969 0.463658 0.614642 0.422253 0.524859 0.284793 0.295525 0.987963 0.626903 0.283171 0.845328 0.618738 0.155124 0.822942 0.510535 0.0108831 0.174348 0.877934 0.529278 0.529422 0.801455 0.475109 0.0338856 0.36733 0.157236 0.436356 0.552958 0.949555 0.739849 0.185015 0.690565 0.576817 0.648673 0.305208 0.999071 0.173532 0.590001 0.294595 0.161496 0.216904 0.577767 0.00682364 0.835642 0.73289 0.829766 0.346176 0.743773 0.00411365 0.224111 0.273051 0.533536 0.0255654 0.74816 0.567422 0.392895 0.905396 0.00377805 0.945853 0.854952 0.743627 0.130869 
11 49 19 6 58 22 
0.953074 0.440725 0.614111 0.11457 0.657629 0.191877 0.121394 0.493271 0.924767 0.951159 0.839447 0.668541 0.955273 0.0635579 0.941592 0.488809 0.0891232 0.689752 0.0562305 0.482018 0.595148 0.0600085 0.427871 0.4501 0.803635 0.55874 0.995617 0.12408 0.338281 0.846341 0.443595 0.291355 0.287067 0.0577053 0.405925 0.944696 0.249582 0.527319 0.437967 0.17435 0.478478 0.277414 0.84289 0.433751 0.340972 0.784482 0.92256 0.430095 0.474234 0.97879 0.912113 0.0693825 0.0387987 0.339985 0.519482 0.842434 0.898725 0.515099 0.966514 0.237006 0.36144 0.410109 0.528362 0.648507 
12 15 10 9 1 20 
0.0311697 0.891746 0.940084 0.308584 0.734636 0.373835 0.649556 0.519118 0.296395 0.079651 0.993352 0.275185 0.991764 0.0627345 0.313984 0.331749 0.582217 0.156418 0.230474 0.0973161 0.122932 0.467481 0.458756 0.53304 0.995842 0.107264 0.000854096 0.930129 0.700467 0.71825 0.391736 0.731636 0.609996 0.33182 0.0402201 0.344632 0.705655 0.689776 0.863749 0.00204967 0.769427 0.857101 0.277235 0.761191 0.919836 0.591218 0.0929406 0.502053 0.747636 0.323415 0.599369 0.870568 0.790895 0.0581254 0.403608 0.786738 0.165389 0.404462 0.716867 0.865855 0.122713 0.108603 0.597492 0.732708 
13 45 30 2 51 7 
0.94109 0.148127 0.0969145 0.798191 0.425362 0.858106 0.718027 0.0165801 0.951046 0.22008 0.764216 0.274461 0.819449 0.634784 0.0653564 0.877574 0.0383928 0.852094 0.0429631 0.442855 0.568961 0.908819 0.565568 0.677564 0.50631 0.298276 0.117986 0.144022 0.375616 0.264064 0.47151 0.316706 0.412191 0.568424 0.114897 0.837552 0.42653 0.832924 0.854133 0.377576 0.0530039 0.618349 0.652037 0.872453 0.253133 0.717394 0.750027 0.291526 0.569488 0.79299 0.734381 0.138449 0.701809 0.299949 0.816013 0.208119 0.598225 0.933999 0.352141 0.973842 0.198062 0.823651 0.290548 0.610253 
14 25 19 52 2 32 
0.196181 0.291372 0.920287 0.848219 0.163825 0.173421 0.565613 0.913852 0.464947 0.1351 0.706842 0.199328 0.273549 0.408651 0.499278 0.0895618 0.61677 0.097503 0.0235606 0.968911 0.0713448 0.221623 0.792562 0.361892 0.831876 0.184637 0.767337 0.279682 0.00324196 0.00570578 0.58162 0.199423 0.297078 0.501907 0.0476424 0.460903 0.675328 0.613255 0.374755 0.140275 0.748355 0.0815975 0.339603 0.0219047 0.490248 0.838881 0.111466 0.107018 0.936384 0.135027 0.0759285 0.00772866 0.35665 0.86849 0.369621 0.188526 0.0531269 0.136958 0.468208 0.0563688 0.142664 0.0498283 0.255792 0.439742 
15 10 51 56 30 45 
0.275401 0.367339 0.665045 0.356999 0.706942 0.68695 0.847247 0.545823 0.798416 0.954265 0.482207 0.933443 0.0301932 0.489936 0.290093 0.898683 0.859557 0.47862 0.95181 0.996515 0.946828 0.00817897 0.139179 0.996656 0.263971 0.578921 0.548392 0.567406 0.479567 0.775455 0.484096 0.754968 0.142794 0.149141 0.111967 0.849736 0.836091 0.959214 0.395559 0.634507 0.913479 0.877766 0.56795 0.943672 0.367702 0.858043 0.842355 0.227258 0.336663 0.794165 0.223773 0.283491 0.802344 0.362952 0.280147 0.0663155 0.941874 0.828539 0.633721 0.421441 0.603994 0.117817 0.176409 0.746788 
16 32 48 18 50 47 
0.992084 0.737555 0.161069 0.86985 0.305505 0.104741 0.237552 0.163548 0.947096 0.46481 0.500211 0.741261 0.688584 0.783702 0.543605 0.051536 0.063849 0.609921 0.99341 0.892388 0.243642 0.414851 0.496382 0.361459 0.59126 0.243171 0.628417 0.879636 0.839695 0.731465 0.127226 0.831779 0.46902 0.288295 0.701629 0.774525 0.393036 0.939181 0.938073 0.340132 0.403992 0.438284 0.0813926 0.0925752 0.221986 0.624998 0.144111 0.285835 0.234919 0.137521 0.178223 0.478561 0.552372 0.674605 0.84002 0.143632 0.917776 0.468436 0.0232677 0.757471 0.199901 0.150494 0.589251 0.668921 
17 27 43 40 51 6 
0.381519 0.171957 0.634053 0.819804 0.253349 0.726628 0.0417903 0.878347 0.87074 0.327626 0.113266 0.00826055 0.505849 0.591826 0.560632 0.180455 0.431846 0.704264 0.0982305 0.900283 0.727531 0.855702 0.100184 0.878026 0.444953 0.769105 0.316815 0.735833 0.212552 0.14864 0.965894 0.594071 0.320596 0.599947 0.413875 0.573946 0.326576 0.455665 0.452293 0.197315 0.783291 0.565559 0.205576 0.28914 0.157385 0.766208 0.469594 0.589231 0.470472 0.567825 0.489514 0.198003 0.423527 0.589698 0.0760288 0.868479 0.358803 0.392844 0.604312 0.571355 0.541483 0.570206 0.165426 0.86208 
18 25 15 43 2 40 
0.888318 0.694045 0.818257 0.453877 0.899621 0.107397 0.611262 0.665829 0.576991 0.200493 0.136301 0.144816 0.690007 0.334304 0.568343 0.279705 0.410333 0.436822 0.638508 0.803176 0.0411346 0.209863 0.344659 0.611341 0.375289 0.206739 0.781495 0.95459 0.642764 0.278224 0.989556 0.531083 0.972269 0.807812 0.984959 0.87189 0.915209 0.596221 0.537718 0.4922 0.796714 0.674019 0.637016 0.486721 0.00832282 0.20536 0.766426 0.418655 0.642182 0.404934 0.221832 0.683317 0.614796 0.566491 0.294658 0.990085 0.77323 0.0761525 0.944675 0.415994 0.354377 0.934231 0.947077 0.326646 
19 20 0 3 45 11 
0.736254 0.149452 0.324972 0.410273 0.786469 0.811692 0.418596 0.991828 0.578118 0.837251 0.63401 0.983052 0.0590831 0.317327 0.597848 0.625574 0.611985 0.587934 0.398804 0.688137 0.532608 0.814799 0.042514 0.466839 0.761876 0.36916 0.208882 0.693912 0.567696 0.866134 0.222169 0.30395 0.0155862 0.547141 0.714223 0.802055 0.358833 0.132819 0.793883 0.936951 0.970071 0.427894 0.920003 0.0291536 0.745221 0.517851 0.654728 0.357205 0.105785 0.0535319 0.0453426 0.638393 0.86833 0.0878566 0.105232 0.630206 0.457017 0.314114 0.324118 0.0247122 0.180248 0.546287 0.328662 0.195834 
20 55 39 41 28 8 
0.389213 0.145775 0.219667 0.309216 0.174928 0.964887 0.827068 0.829656 0.322093 0.932853 0.883188 0.367435 0.571246 0.751518 0.455292 0.676478 0.381724 0.912309 0.990593 0.705842 0.937021 0.170841 0.25213 0.265683 0.366676 0.345558 0.308568 0.364565 0.797819 0.484272 0.156338 0.187032 0.630047 0.376004 0.496249 0.804975 0.340892 0.323316 0.634631 0.662985 0.256169 0.517819 0.0304199 0.827415 0.269337 0.485712 0.503894 0.651062 0.39802 0.494486 0.356904 0.335041 0.665327 0.609034 0.600724 0.032003 0.954592 0.909292 0.396568 0.752411 0.393564 0.552906 0.939444 0.023611 
21 57 6 38 55 33 
0.463217 0.932787 0.015178 0.981036 0.963207 0.842593 0.250374 0.448919 0.346487 0.901436 0.846939 0.840973 0.25834 0.18198 0.5063 0.867374 0.782704 0.538303 0.821966 0.691996 0.934871 0.574378 0.0855601 0.487777 0.513821 0.109171 0.416688 0.949514 0.937757 0.68649 0.708523 0.400975 0.619277 0.723701 0.382011 0.582483 0.566294 0.632385 0.0314019 0.91278 0.533821 0.878341 0.753753 0.792161 0.0603209 0.260054 0.659535 0.843025 0.798357 0.481501 0.535021 0.733228 0.0558783 0.620581 0.221005 0.5697 0.729752 0.637693 0.519214 0.667509 0.324183 0.227737 0.0684839 0.943459 
22 32 25 4 7 1 
0.430512 0.6167 0.435686 0.184265 0.408861 0.496006 0.444319 0.0683954 0.339031 0.242676 0.549896 0.874052 0.975904 0.605774 0.494633 0.196909 0.175474 0.224385 0.834602 0.694688 0.891895 0.158785 0.922425 0.960379 0.102244 0.873862 0.410874 0.628187 0.391594 0.493753 0.185532 0.822106 0.110454 0.621217 0.0063711 0.519314 0.117224 0.45069 0.58771 0.456255 0.693366 0.137606 0.330308 0.669269 0.74338 0.824941 0.866178 0.918854 0.0493266 0.70078 0.613542 0.941221 0.859565 0.535967 0.9016 0.961809 0.409829 0.312474 0.589996 0.801423 0.806227 0.775528 0.623529 0.91668 
23 37 10 58 30 41 
0.0237044 0.970224 0.773955 0.16131 0.300532 0.443224 0.904691 0.125473 0.309403 0.823545 0.1748 0.0101826 0.437087 0.116021 0.869747 0.973054 0.0176212 0.831556 0.382883 0.330095 0.421552 0.184306 0.136322 0.19708 0.807835 0.053002 0.593825 0.437734 0.488997 0.107794 0.518324 0.512701 0.0780187 0.292279 0.674011 0.378551 0.735504 0.578702 0.504024 0.0449061 0.402247 0.678824 0.0550887 0.839335 0.794845 0.924836 0.812389 0.812466 0.756393 0.195272 0.142561 0.177945 0.379578 0.278882 0.375025 0.187413 0.331885 0.968851 0.625147 0.820881 0.0766449 0.143471 0.333582 0.154664 
24 33 34 16 58 15 
0.0372383 0.21616 0.988543 0.716062 0.271249 0.827877 0.510907 0.196085 0.640266 0.323373 0.952478 0.835539 0.465934 0.130422 0.215117 0.744816 0.505448 0.40253 0.0767006 0.474298 0.0276777 0.897582 0.550943 0.171149 0.231164 0.705607 0.6069 0.238758 0.238821 0.778154 0.825054 0.276059 0.994314 0.813596 0.992121 0.265563 0.641474 0.503028 0.461648 0.28174 0.826401 0.414126 0.117279 0.292334 0.544548 0.332396 0.0371504 0.0499957 0.734927 0.113851 0.524294 0.762604 0.0114327 0.0752369 0.933753 0.242597 0.780843 0.540653 0.481355 0.0196645 0.318807 0.306408 0.295724 0.313121 
25 39 43 44 2 55 
0.0432188 0.617274 0.454458 0.160498 0.909608 0.999006 0.492894 0.946758 0.0490014 0.227821 0.0606092 0.573295 0.990425 0.0720419 0.648532 0.924178 0.314639 0.429376 0.464831 0.795993 0.44904 0.783638 0.102401 0.744764 0.0967593 0.222406 0.0326088 0.675443 0.983884 0.823482 0.715775 0.0271033 0.440755 0.170233 0.187601 0.350363 0.169238 0.680495 0.297121 0.21824 0.908316 0.357731 0.791535 0.898741 0.429772 0.440067 0.822919 0.744411 0.869443 0.28775 0.540405 0.318483 0.0713888 0.642806 0.0632468 0.168148 0.865212 0.0958555 0.843591 0.849097 0.919337 0.559367 0.8762 0.360092 
26 25 53 12 45 36 
0.00757691 0.117077 0.652612 0.365307 0.908613 0.551353 0.79508 0.34868 0.374272 0.539491 0.218123 0.662022 0.0798958 0.536606 0.733411 0.722702 0.599852 0.901559 0.587914 0.695708 0.74515 0.437011 0.615045 0.304517 0.31321 0.975138 0.0341161 0.377011 0.685593 0.932954 0.121308 0.69317 0.0500312 0.77392 0.0584775 0.958644 0.325272 0.853557 0.307324 0.699544 0.393049 0.525446 0.361566 0.472944 0.0620519 0.0949769 0.195646 0.661904 0.996536 0.78356 0.357612 0.741686 0.220571 0.972657 0.046203 0.533781 0.947795 0.0803191 0.910793 0.633388 0.0132728 0.0321004 0.326558 0.063304 
27 53 24 28 32 50 
0.329271 0.830836 0.631642 0.854718 0.192402 0.104586 0.916769 0.287379 0.300233 0.578674 0.283915 0.0837929 0.936286 0.0256013 0.304364 0.908943 0.0718043 0.838145 0.856738 0.152123 0.748938 0.490127 0.165396 0.781038 0.816685 0.2287 0.587059 0.20172 0.250648 0.718351 0.440313 0.579919 0.549187 0.0719548 0.434637 0.74159 0.176541 0.351406 0.0289689 0.476774 0.93008 0.312884 0.560566 0.866366 0.338485 0.86493 0.775309 0.410289 0.703075 0.632048 0.562413 0.452013 0.122174 0.727809 0.233052 0.938859 0.956509 0.820111 0.140579 0.207157 0.538461 0.580892 0.787076 0.0876487 
28 41 48 40 19 29 
0.858207 0.306162 0.503199 0.171091 0.866728 0.369565 0.509576 0.731658 0.144874 0.919866 0.434734 0.776922 0.482279 0.886747 0.899097 0.210087 0.119799 0.837956 0.166596 0.93991 0.978535 0.373753 0.478371 0.559427 0.160829 0.56602 0.212274 0.382542 0.395258 0.0416626 0.95566 0.253465 0.347824 0.458859 0.424556 0.214552 0.828424 0.934133 0.946211 0.973298 0.853999 0.380944 0.75022 0.336277 0.267692 0.649317 0.546365 0.387491 0.487273 0.712961 0.3274 0.465808 0.086714 0.805772 0.0252349 0.247543 0.371791 0.237509 0.630085 0.767049 0.279172 0.585745 0.0205148 0.626996 
29 53 6 27 16 13 
0.787759 0.846326 0.233203 0.168704 0.596546 0.56948 0.436395 0.245863 0.115844 0.823886 0.733136 0.828805 0.151286 0.198944 0.915519 0.957058 0.224178 0.163062 0.328849 0.461688 0.793147 0.0958986 0.74086 0.378892 0.116413 0.367856 0.423496 0.561485 0.209405 0.296524 0.940689 0.997164 0.14285 0.173891 0.165868 0.739397 0.743371 0.602263 0.98526 0.859215 0.426149 0.718396 0.68802 0.577435 0.91734 0.603539 0.534493 0.141518 0.766601 0.863342 0.603206 0.559748 0.95924 0.344066 0.93864 0.0756538 0.711922 0.362136 0.637138 0.921327 0.65866 0.577827 0.918491 0.80151 
30 11 39 3 24 55 
0.526166 0.354304 0.11277 0.244562 0.0423245 0.690205 0.161902 0.645864 0.224698 0.30342 0.412465 0.0880398 0.906626 0.972213 0.0472802 0.250691 0.910853 0.122934 0.962613 0.272988 0.760072 0.88394 0.931648 0.337899 0.802431 0.733158 0.0896176 0.886789 0.274064 0.584707 0.573411 0.80023 0.939011 0.686181 0.0447927 0.981336 0.376386 0.206694 0.6272 0.601084 0.510114 0.0396645 0.689124 0.41674 0.0118775 0.736404 0.667431 0.92273 0.859338 0.630044 0.195718 0.61941 0.513984 0.127366 0.957309 0.316415 0.860524 0.046927 0.203204 0.134588 0.631634 0.776615 0.934818 0.570645 
31 2 6 46 18 34 
0.17918 0.440266 0.69642 0.218845 0.129389 0.11316 0.230722 0.865793 0.780591 0.153452 0.725131 0.410635 0.349171 0.344541 0.92462 0.476537 0.30185 0.241035 0.337061 0.348777 0.444239 0.471649 0.980411 0.220854 0.406467 0.551056 0.68365 0.386078 0.103037 0.522832 0.572384 0.282217 0.963097 0.268804 0.501062 0.0924865 0.381963 0.731784 0.95828 0.162554 0.885236 0.68341 0.573189 0.234407 0.0279509 0.497809 0.710944 0.329801 0.738844 0.0480051 0.678578 0.183083 0.519654 0.658989 0.403937 0.926121 0.210045 0.0875871 0.3122 0.313081 0.610419 0.884584 0.595298 0.573516 
32 45 18 19 56 0 
0.697904 0.71338 0.307692 0.271094 0.947787 0.335643 0.768903 0.658731 0.665444 0.507747 0.706736 0.344022 0.69083 0.22639 0.0030112 0.0947669 0.152512 0.213056 0.182354 0.464711 0.526137 0.792773 0.349295 0.121435 0.366289 0.502682 0.217795 0.0322916 0.0380328 0.0459388 0.656574 0.735937 0.759319 0.964266 0.0070311 0.707106 0.299909 0.775934 0.365837 0.965354 0.283681 0.0725732 0.309376 0.974511 0.298963 0.312387 0.0692774 0.451475 0.525443 0.251632 0.916187 0.0515803 0.0444044 0.265482 0.173016 0.410693 0.768164 0.390811 0.442985 0.806197 0.43675 0.0995586 0.542134 0.196068 
33 15 20 58 34 23 
0.269011 0.329088 0.60878 0.341584 0.638464 0.58329 0.640548 0.950851 0.652568 0.0920227 0.476294 0.904199 0.00820934 0.527874 0.948604 0.273691 0.70089 0.359297 0.0418551 0.0917005 0.802282 0.848052 0.52845 0.901841 0.390186 0.724518 0.965665 0.939351 0.627692 0.329399 0.26445 0.896703 0.658487 0.87323 0.238287 0.29695 0.45652 0.878835 0.247801 0.109088 0.970858 0.724095 0.0132876 0.979067 0.251969 0.961891 0.252758 0.952859 0.321188 0.294613 0.0445595 0.12347 0.142665 0.57301 0.0253109 0.532851 0.297528 0.990976 0.472202 0.92522 0.320375 0.736652 0.821923 0.978862 
34 9 45 1 20 38 
0.523614 0.175491 0.909903 0.247709 0.188779 0.88897 0.499678 0.15067 0.141728 0.452537 0.471858 0.436341 0.497097 0.595329 0.579006 0.070106 0.62064 0.111857 0.367634 0.611616 0.584059 0.292854 0.931991 0.320711 0.114778 0.910853 0.930594 0.174988 0.186666 0.996996 0.114034 0.71028 0.172487 0.0239373 0.957989 0.361266 0.912907 0.457667 0.511936 0.0546357 0.910204 0.983794 0.490977 0.407301 0.579122 0.0699833 0.477407 0.199762 0.18184 0.845041 0.811378 0.7659 0.137895 0.743369 0.0866108 0.252672 0.654222 0.0172043 0.42766 0.840888 0.0142006 0.541694 0.551168 0.186688 
35 20 50 5 30 6 
0.0598891 0.533175 0.877028 0.043683 0.0241519 0.284329 0.622805 0.0941351 0.761736 0.822567 0.275976 0.606776 0.633945 0.0418751 0.744671 0.377314 0.128486 0.997343 0.031536 0.14569 0.425003 0.872424 0.159891 0.966698 0.423593 0.346579 0.532329 0.93275 0.894532 0.0108685 0.899574 0.954421 0.544043 0.776602 0.998104 0.568195 0.0609311 0.62091 0.66233 0.822667 0.443477 0.938306 0.429443 0.0774219 0.980181 0.174113 0.454736 0.108667 0.171456 0.486272 0.254357 0.596459 0.358696 0.414248 0.563157 0.782289 0.760826 0.0954863 0.715038 0.655358 0.106355 0.614612 0.60978 0.650398 
36 52 16 47 55 38 
0.880924 0.274812 0.67227 0.81923 0.704255 0.749692 0.799411 0.878368 0.204428 0.908077 0.0498245 0.6907 0.162435 0.646284 0.0493957 0.576682 0.209441 0.831684 0.337509 0.304927 0.546723 0.992867 0.411282 0.161335 0.602647 0.0616802 0.55255 0.210531 0.280274 0.00469566 0.439324 0.161197 0.279508 0.111594 0.980427 0.983763 0.861286 0.779837 0.862131 0.0657143 0.687915 0.911956 0.756414 0.85035 0.55824 0.80581 0.427032 0.767681 0.637494 0.764541 0.0726081 0.184217 0.757408 0.48389 0.345552 0.360055 0.54557 0.898102 0.570586 0.825844 0.902798 0.00991056 0.987041 0.182306 
37 24 16 39 57 34 
0.0282005 0.0485058 0.435221 0.940156 0.80492 0.28557 0.498396 0.610729 0.712602 0.266077 0.248224 0.477143 0.338685 0.432441 0.234552 0.822575 0.777993 0.594607 0.368146 0.676095 0.165193 0.19399 0.578893 0.175104 0.181031 0.761199 0.296609 0.148499 0.927268 0.2794 0.895805 0.955469 0.327906 0.331025 0.895625 0.132826 0.616595 0.394021 0.743555 0.329197 0.660099 0.991779 0.806341 0.998784 0.42422 0.0408922 0.821359 0.202213 0.635499 0.189505 0.878308 0.800693 0.383494 0.457201 0.975797 0.564525 0.2184 0.272406 0.713024 0.145669 0.551806 0.608829 0.101137 0.879712 
38 31 9 36 50 32 
0.756093 0.885647 0.0508824 0.747872 0.691988 0.0496661 0.172092 0.73288 0.871025 0.374305 0.368379 0.0605299 0.252612 0.169072 0.444024 0.709814 0.144869 0.00854966 0.928214 0.417274 0.721574 0.0738826 0.96908 0.330403 0.17502 0.848793 0.270257 0.171782 0.861331 0.826707 0.562566 0.617424 0.712354 0.613449 0.365297 0.404341 0.663115 0.537389 0.137221 0.53414 0.911693 0.5056 0.59467 0.164305 0.674672 0.0386941 0.874119 0.81954 0.0472437 0.802333 0.236815 0.768818 0.876216 0.205895 0.0992208 0.0512357 0.0546878 0.369478 0.223018 0.916019 0.196185 0.785585 0.533443 0.908538 
39 30 5 1 9 2 
0.4501 0.596288 0.347821 0.9557 0.190958 0.512127 0.630372 0.229652 0.386246 0.449912 0.276896 0.188579 0.686727 0.0457134 0.0647946 0.892622 0.144934 0.11603 0.94731 0.514412 0.339049 0.863329 0.710597 0.124633 0.396772 0.619135 0.523666 0.295511 0.932015 0.585814 0.731639 0.382115 0.182102 0.0794606 0.337816 0.37306 0.591587 0.968188 0.602712 0.977833 0.4181 0.879608 0.166412 0.104827 0.925321 0.231206 0.99745 0.0702553 0.347237 0.94476 0.584668 0.686285 0.808089 0.295265 0.810918 0.20486 0.9144 0.334585 0.500371 0.846415 0.920399 0.232011 0.22853 0.102502 
40 8 9 48 17 52 
0.0782739 0.880892 0.952634 0.957882 0.0473034 0.0574617 0.883203 0.27851 0.0549114 0.953458 0.625747 0.999671 0.538126 0.312032 0.80776 0.83339 0.12295 0.0126199 0.74779 0.457535 0.512991 0.594205 0.377934 0.745002 0.822736 0.480436 0.0564733 0.389082 0.955997 0.959532 0.923616 0.0342714 0.840423 0.87625 0.992153 0.887727 0.933711 0.875356 0.166237 0.988623 0.828814 0.791983 0.988294 0.366939 0.104015 0.796054 0.20033 0.226966 0.808674 0.94812 0.684501 0.321665 0.542325 0.0624347 0.066667 0.365061 0.54287 0.12314 0.754143 0.498868 0.0826721 0.677758 0.533139 0.923095 
41 30 47 10 25 7 
0.977059 0.476342 0.229462 0.769042 0.464636 0.596401 0.873058 0.26069 0.79673 0.100023 0.0693634 0.74485 0.784524 0.391028 0.287176 0.846958 0.457695 0.652237 0.389829 0.580836 0.406379 0.888696 0.663508 0.0841374 0.421836 0.586603 0.638145 0.947128 0.397426 0.125864 0.347776 0.374485 0.602206 0.577237 0.143527 0.0668423 0.173638 0.0165845 0.327532 0.970368 0.116608 0.396895 0.715219 0.901131 0.787924 0.00239453 0.74809 0.245619 0.654631 0.137919 0.826455 0.0610104 0.0266151 0.489963 0.145148 0.448451 0.076566 0.783293 0.395578 0.473992 0.909157 0.743354 0.848476 0.511364 
42 24 1 30 29 44 
0.905738 0.464597 0.125195 0.302634 0.179816 0.0263267 0.0905573 0.182211 0.774417 0.336176 0.836842 0.912335 0.162631 0.897852 0.93895 0.652594 0.0430002 0.387401 0.72916 0.826293 0.78298 0.203152 0.735451 0.526334 0.0516278 0.246814 0.846925 0.0436308 0.825021 0.341154 0.0522184 0.730759 0.805751 0.177414 0.0333922 0.985567 0.20374 0.12395 0.167778 0.978157 0.460126 0.00461991 0.890492 0.622757 0.902472 0.829443 0.275351 0.945472 0.216844 0.00451119 0.771766 0.999823 0.207663 0.507216 0.526157 0.259291 0.754031 0.373082 0.302921 0.579051 0.714235 0.35514 0.30981 0.519986 
43 24 44 38 45 7 
0.673332 0.714451 0.927278 0.677952 0.604943 0.550035 0.580424 0.434385 0.825386 0.525896 0.651229 0.829897 0.297662 0.651052 0.0375602 0.804878 0.177209 0.296851 0.558909 0.550291 0.599772 0.13796 0.264526 0.954912 0.44777 0.784513 0.487465 0.790973 0.290066 0.223759 0.258124 0.963398 0.938209 0.185402 0.64135 0.543152 0.735437 0.221773 0.977537 0.560824 0.74767 0.628766 0.390721 0.0453316 0.279818 0.428281 0.85021 0.457028 0.725132 0.409118 0.00731874 0.324904 0.547079 0.271845 0.279816 0.994849 0.0563578 0.767281 0.785822 0.346424 0.99104 0.043946 0.309822 0.929249 
44 27 55 14 16 36 
0.449938 0.525609 0.920615 0.0787041 0.91633 0.965947 0.358523 0.344612 0.816156 0.81555 0.0697439 0.225275 0.822869 0.394648 0.772353 0.0947141 0.674464 0.767202 0.151072 0.441745 0.553024 0.497496 0.432785 0.59697 0.807318 0.362034 0.826318 0.75849 0.834435 0.791104 0.931435 0.284373 0.316713 0.85205 0.363077 0.233044 0.817997 0.721599 0.577655 0.634153 0.537149 0.647399 0.859428 0.360018 0.0420473 0.631781 0.454733 0.716511 0.398984 0.605804 0.158257 0.952008 0.1033 0.591041 0.548978 0.910618 0.953075 0.375296 0.669108 0.78751 0.1664 0.600544 0.0718825 0.483113 
45 4 6 2 29 31 
0.293812 0.904744 0.693708 0.941211 0.764172 0.0537261 0.983259 0.395954 0.508459 0.69977 0.794937 0.114263 0.858026 0.746945 0.217563 0.449068 0.295923 0.128182 0.402143 0.671219 0.79729 0.189653 0.837619 0.397834 0.261536 0.320732 0.850428 0.696495 0.0368892 0.121019 0.853053 0.330701 0.0257633 0.546761 0.271913 0.789935 0.600487 0.255171 0.185889 0.108945 0.954941 0.980826 0.223208 0.812968 0.727771 0.440772 0.262035 0.0236944 0.568954 0.664179 0.694914 0.366244 0.853832 0.532533 0.764078 0.115367 0.853265 0.614506 0.811862 0.890154 0.735525 0.664915 0.220856 0.761288 
46 10 23 43 11 9 
0.737113 0.921108 0.702881 0.717939 0.144317 0.515848 0.445711 0.585088 0.777884 0.469405 0.154042 0.442062 0.164319 0.520286 0.295894 0.696851 0.284364 0.411262 0.550116 0.89887 0.223124 0.440271 0.634395 0.888039 0.661126 0.395683 0.0997148 0.153894 0.946907 0.911877 0.901834 0.68402 0.832986 0.604715 0.401959 0.977302 0.120563 0.84767 0.562391 0.898446 0.317075 0.716433 0.340509 0.481394 0.236718 0.636403 0.178245 0.521082 0.0476643 0.728361 0.419952 0.270788 0.168632 0.0543468 0.158827 0.829758 0.45003 0.258542 0.983653 0.396937 0.170419 0.885487 0.0809572 0.00340483 
47 55 32 4 17 46 
0.543098 0.50921 0.647661 0.25953 0.849719 0.129055 0.496248 0.486121 0.3073 0.0173306 0.533786 0.0356613 0.437283 0.804574 0.204293 0.491629 0.963401 0.0340516 0.941659 0.221942 0.0177043 0.338597 0.392362 0.903191 0.419554 0.395767 0.393392 0.90247 0.376474 0.00415597 0.233056 0.919571 0.513366 0.880718 0.179101 0.363085 0.00977252 0.67535 0.849206 0.317072 0.69268 0.382992 0.352734 0.129963 0.187566 0.557027 0.621592 0.150966 0.591079 0.563252 0.372909 0.608783 0.901848 0.765271 0.511974 0.321402 0.161037 0.905366 0.223872 0.537511 0.909522 0.456928 0.457082 0.422888 
48 44 55 7 15 23 
0.635179 0.664491 0.00421238 0.0181713 0.0172248 0.134175 0.205737 0.574252 0.755767 0.356703 0.165331 0.319019 0.729612 0.774114 0.220867 0.494883 0.286088 0.542269 0.65592 0.191454 0.766141 0.193431 0.100976 0.22307 0.650512 0.523864 0.560716 0.286695 0.309837 0.908134 0.598227 0.945016 0.572625 0.602439 0.963187 0.58985 0.736615 0.168924 0.164102 0.492382 0.525628 0.329432 0.811401 0.25524 0.103546 0.0322679 0.750123 0.389633 0.574537 0.406043 0.581087 0.340678 0.599473 0.682063 0.563748 0.249986 0.205927 0.124463 0.53668 0.515763 0.0325974 0.134908 0.460779 0.605223 
49 50 28 8 27 56 
0.359174 0.966344 0.118519 0.688607 0.777744 0.373759 0.792152 0.810012 0.123882 0.181786 0.384549 0.529925 0.762873 0.725227 0.129398 0.444936 0.288975 0.379384 0.650862 0.413438 0.916064 0.166626 0.446036 0.0509715 0.627405 0.0512583 0.788318 0.0513722 0.246331 0.26228 0.644263 0.605505 0.228624 0.762782 0.294111 0.00636796 0.136542 0.086264 0.81638 0.260424 0.26805 0.200929 0.790348 0.030923 0.926157 0.919746 0.475859 0.215132 0.29913 0.126721 0.62857 0.215194 0.293347 0.0746059 0.266165 0.920752 0.125864 0.0544838 0.972124 0.372195 0.316764 0.616388 0.9777 0.545388 
50 20 35 1 58 46 
0.368136 0.776136 0.626125 0.569065 0.566484 0.657048 0.495222 0.48623 0.132907 0.710354 0.78536 0.259628 0.338924 0.00055389 0.552975 0.41353 0.266719 0.473728 0.539394 0.321203 0.445852 0.911589 0.637967 0.0622401 0.889289 0.183354 0.441411 0.1611 0.73511 0.957123 0.519175 0.103246 0.733258 0.1453 0.672311 0.299742 0.802349 0.167532 0.785972 0.935256 0.877886 0.571332 0.194884 0.21681 0.571886 0.747859 0.630339 0.838605 0.221587 0.169733 0.159808 0.667439 0.0813215 0.797775 0.729679 0.97061 0.98113 0.171089 0.13171 0.71624 0.128212 0.650885 0.819485 0.86147 
51 31 32 5 58 3 
0.537214 0.518516 0.728673 0.754024 0.0904024 0.476532 0.384363 0.929008 0.698119 0.554096 0.088816 0.365558 0.635417 0.886591 0.095237 0.606027 0.867721 0.266326 0.737737 0.58396 0.394538 0.388622 0.403445 0.256009 0.184808 0.895241 0.417221 0.783341 0.55457 0.364405 0.317131 0.0917838 0.882921 0.0458039 0.845808 0.973324 0.522336 0.230171 0.902331 0.220455 0.784267 0.991147 0.586013 0.419684 0.877738 0.68125 0.0257114 0.745459 0.947577 0.763449 0.32942 0.342115 0.152071 0.732865 0.598124 0.336879 0.628106 0.0153444 0.12022 0.182676 0.379749 0.437351 0.27446 0.26267 
52 13 23 36 26 11 
0.138325 0.225946 0.134705 0.129472 0.81196 0.554388 0.00721084 0.49321 0.5801 0.75267 0.440787 0.343548 0.0820895 0.782902 0.495619 0.814955 0.381026 0.832498 0.443061 0.39637 0.952718 0.625737 0.776119 0.390068 0.900196 0.0387897 0.873223 0.0204638 0.274784 0.878714 0.370902 0.413109 0.10466 0.505606 0.542581 0.916619 0.0599948 0.549792 0.409829 0.640095 0.302462 0.850616 0.983643 0.384552 0.633518 0.479263 0.199506 0.014544 0.31176 0.642567 0.410914 0.264478 0.268304 0.187034 0.654547 0.1685 0.225823 0.527769 0.188964 0.500607 0.406483 0.559866 0.913716 0.511143 
53 50 47 22 33 11 
0.765561 0.308551 0.688207 0.749204 0.693102 0.321725 0.228467 0.892609 0.336269 0.540227 0.535175 0.747183 0.804706 0.803479 0.934217 0.459252 0.971979 0.16004 0.987021 0.160943 0.660647 0.393504 0.720808 0.574363 0.904647 0.78628 0.0306596 0.332409 0.911747 0.0367485 0.17 0.677308 0.345299 0.858207 0.426512 0.0384019 0.179932 0.654979 0.93101 0.516201 0.195206 0.466186 0.263384 0.999912 0.269665 0.1976 0.459164 0.241644 0.357641 0.446185 0.402586 0.0182877 0.83969 0.123395 0.592651 0.744337 0.909675 0.62331 0.0767454 0.821421 0.660059 0.246745 0.498729 0.00535808 
54 29 22 27 37 24 
0.97477 0.801084 0.775427 0.440956 0.0644674 0.775339 0.710621 0.262068 0.234503 0.952265 0.619709 0.680688 0.354851 0.637996 0.520378 0.478246 0.230647 0.264714 0.38792 0.853957 0.34146 0.209342 0.514016 0.588205 0.708071 0.519374 0.693156 0.633312 0.563134 0.97804 0.213533 0.537904 0.779123 0.98896 0.97886 0.843591 0.764299 0.689481 0.105659 0.998801 0.641746 0.725367 0.679489 0.996597 0.363363 0.199867 0.474842 0.59401 0.464581 0.862763 0.447967 0.806041 0.0721041 0.961983 0.394246 0.780175 0.481357 0.087402 0.413488 0.0444902 0.0654417 0.627021 0.582394 0.844565 
55 27 38 52 40 5 
0.37908 0.892481 0.519182 0.0585688 0.889078 0.882545 0.258435 0.36392 0.476556 0.723016 0.226682 0.924523 0.529057 0.298787 0.886506 0.923302 0.0789616 0.367862 0.0107045 0.492449 0.412352 0.0761462 0.11947 0.994746 0.920711 0.73545 0.556001 0.608867 0.115729 0.806736 0.402682 0.494809 0.699217 0.921864 0.553378 0.588294 0.804409 0.811813 0.952214 0.280965 0.534829 0.178897 0.205487 0.0638864 0.477683 0.091993 0.987189 0.556645 0.459855 0.997893 0.0490939 0.872207 0.0740395 0.168564 0.866954 0.994751 0.904014 0.422955 0.603618 0.0197429 0.22969 0.00629993 0.514552 0.928907 
56 33 22 20 43 9 
0.469416 0.0135373 0.414573 0.648313 0.219025 0.478459 0.125996 0.311018 0.465648 0.682641 0.770873 0.463541 0.731734 0.64308 0.537581 0.900298 0.510034 0.532331 0.804312 0.932989 0.135949 0.824055 0.162679 0.142249 0.338607 0.0915865 0.070413 0.406537 0.608788 0.802986 0.28628 0.0782042 0.816523 0.700852 0.726517 0.0355477 0.179311 0.852513 0.346565 0.644959 0.535153 0.117438 0.1085 0.266888 0.760519 0.64608 0.167186 0.270553 0.178412 0.971498 0.203541 0.314361 0.795553 0.366221 0.45661 0.134159 0.457807 0.527023 0.540696 0.0665953 0.330009 0.826975 0.144799 0.146532 
57 52 5 7 56 13 
0.352097 0.258982 0.646084 0.460597 0.52587 0.406602 0.106677 0.693056 0.677155 0.285089 0.664554 0.880696 0.59945 0.460106 0.246917 0.0560605 0.594265 0.704724 0.583084 0.134961 0.771319 0.913093 0.961936 0.916119 0.0596251 0.489764 0.787435 0.241705 0.196902 0.511264 0.77035 0.548999 0.770246 0.416434 0.00959629 0.296116 0.823036 0.116274 0.989172 0.500191 0.401363 0.653726 0.380888 0.000812664 0.113832 0.627805 0.0568732 0.708097 0.332529 0.639957 0.843058 0.103848 0.55305 0.804994 0.0199669 0.612675 0.294758 0.807402 0.85438 0.49166 0.318666 0.62473 0.0406596 0.0889126 
58 32 25 3 48 52 
0.374201 0.364391 0.567892 0.0279268 0.745279 0.568705 0.141759 0.373084 0.625578 0.849856 0.705613 0.265535 0.692914 0.809461 0.818585 0.497908 0.829428 0.43126 0.792666 0.63683 0.28564 0.284326 0.955496 0.91037 0.324986 0.0444085 0.951534 0.375242 0.429437 0.815734 0.541771 0.803639 0.180126 0.109663 0.831565 0.925405 0.678368 0.973324 0.298489 0.303946 0.823179 0.00410117 0.569481 0.516093 0.813562 0.388065 0.0140011 0.642989 0.819325 0.806667 0.279819 0.104965 0.0909935 0.235315 0.0153354 0.415979 0.279723 0.96687 0.791221 0.709161 0.782604 0.332992 0.512799 0.96273 
