85 3
1 1 1 1 0 0 0 0 1 0 0 0 1 0 1 0 1 0 1 0 0 1 1 0 1 0 1 1 0 0 1 0 0 0 0 1 1 1 0 1 0 0 1 1 1 1 0 0 0 1 1 0 1 1 1 0 1 1 0 0 0 0 1 1 1 0 0 0 0 1 0 0 0 0 0 1 0 1 0 0 1 0 1 0 1 
0 5 49 
0.319963 0.768324 0.354823 0.142493 0.155364 0.715301 0.548141 0.0637437 
1 53 75 
0.341236 0.812443 0.66037 0.024251 0.567527 0.220901 0.428348 0.371058 
2 10 76 
0.995858 0.234337 0.921396 0.43398 0.806024 0.330169 0.527603 0.309686 
3 2 19 
0.927165 0.819533 0.155637 0.281989 0.962026 0.311001 0.99729 0.510167 
4 34 21 
0.708115 0.715981 0.46503 0.368485 0.740232 0.0325571 0.589386 0.16858 
5 78 25 
0.651193 0.399473 0.780535 0.572589 0.833453 0.586559 0.902758 0.361056 
6 27 16 
0.823411 0.221862 0.904007 0.105399 0.183888 0.215009 0.102689 0.694055 
7 79 60 
0.402171 0.305735 0.220307 0.770656 0.0459676 0.252864 0.360043 0.214548 
8 31 75 
0.865741 0.0559528 0.686776 0.43833 0.889406 0.273335 0.341089 0.250462 
9 49 17 
0.998832 0.992991 0.96528 0.902839 0.0983908 0.149168 0.117848 0.20108 
10 63 11 
0.956357 0.245394 0.0133372 0.176664 0.0160498 0.0593048 0.429528 0.376092 
11 16 14 
0.282333 0.139594 0.14196 0.969108 0.577924 0.031366 0.242443 0.919013 
12 54 18 
0.662431 0.28066 0.405015 0.62771 0.1835 0.503406 0.776878 0.301348 
13 65 72 
0.0089496 0.660842 0.865495 0.0222868 0.837506 0.881544 0.0815916 0.267033 
14 33 12 
0.35304 0.539969 0.495038 0.495 0.509078 0.0729625 0.526366 0.751521 
15 10 35 
0.163544 0.654406 0.0888546 0.568559 0.282116 0.272354 0.0719644 0.0589941 
16 14 23 
0.679095 0.582651 0.437292 0.54459 0.604938 0.274798 0.426134 0.68653 
17 0 45 
0.041974 0.894872 0.22374 0.537012 0.389872 0.732817 0.609975 0.916239 
18 27 31 
0.724433 0.647882 0.256356 0.813288 0.216441 0.538473 0.0856419 0.288405 
19 38 81 
0.0648555 0.276562 0.241995 0.502148 0.821151 0.846933 0.776946 0.247285 
20 16 64 
0.931056 0.575437 0.21365 0.154796 0.112449 0.603523 0.887613 0.722424 
21 49 68 
0.324374 0.244194 0.0198334 0.580731 0.0574822 0.236274 0.119203 0.143124 
22 15 78 
0.802468 0.589535 0.993232 0.0444627 0.091683 0.814383 0.891396 0.868629 
23 31 77 
0.187407 0.992724 0.000295613 0.401057 0.14752 0.112745 0.00457976 0.0351332 
24 30 5 
0.407085 0.159543 0.768536 0.426918 0.740273 0.826018 0.663192 0.859476 
25 16 48 
0.576146 0.771609 0.777407 0.569378 0.816072 0.86909 0.383762 0.707468 
26 76 72 
0.132327 0.925126 0.438154 0.132622 0.326183 0.585674 0.245367 0.330763 
27 83 36 
0.855104 0.0278921 0.240078 0.62364 0.45481 0.980351 0.449658 0.118002 
28 47 36 
0.305874 0.415974 0.190409 0.0832808 0.985352 0.00648088 0.952371 0.369114 
29 72 35 
0.814544 0.846276 0.615216 0.252698 0.978898 0.9414 0.838373 0.224265 
30 59 51 
0.3048 0.127267 0.487072 0.544878 0.750907 0.941882 0.52523 0.200565 
31 34 69 
0.619364 0.365758 0.781032 0.809773 0.449039 0.766384 0.816254 0.40141 
32 71 45 
0.0915 0.950042 0.376478 0.706716 0.20274 0.355376 0.648116 0.0411131 
33 6 58 
0.500293 0.884441 0.0475463 0.987366 0.429319 0.798454 0.929248 0.954549 
34 77 6 
0.319606 0.618382 0.354891 0.100638 0.428155 0.80393 0.867022 0.244409 
35 57 0 
0.774611 0.29684 0.952562 0.151089 0.00355659 0.155303 0.506465 0.651673 
36 71 50 
0.571952 0.696709 0.970547 0.619498 0.684075 0.399866 0.417951 0.613323 
37 48 4 
0.602455 0.674022 0.035352 0.957346 0.77466 0.463507 0.761277 0.641682 
38 13 75 
0.644202 0.482528 0.263457 0.596764 0.633617 0.267014 0.752067 0.140082 
39 51 55 
0.226188 0.490638 0.645192 0.196735 0.110136 0.329266 0.596601 0.528088 
40 24 67 
0.545045 0.625038 0.980409 0.502391 0.399698 0.443917 0.263668 0.0413799 
41 47 78 
0.685582 0.63436 0.493742 0.282346 0.267977 0.760756 0.0344132 0.408059 
42 51 81 
0.634248 0.170081 0.628087 0.830983 0.280217 0.957354 0.427584 0.808305 
43 59 30 
0.753362 0.444988 0.00363854 0.733771 0.947379 0.403336 0.177688 0.211047 
44 30 15 
0.441331 0.130298 0.963881 0.935074 0.412645 0.231858 0.69583 0.447058 
45 64 69 
0.429954 0.274165 0.545353 0.058041 0.105148 0.82557 0.0153946 0.532732 
46 79 65 
0.911332 0.387237 0.360325 0.914971 0.121008 0.307704 0.318307 0.298696 
47 75 38 
0.628217 0.960082 0.893322 0.592098 0.895155 0.305966 0.823955 0.590985 
48 70 54 
0.966258 0.182978 0.738038 0.511611 0.241019 0.843185 0.337182 0.256413 
49 82 63 
0.171751 0.287249 0.358294 0.532076 0.20222 0.479302 0.83978 0.520527 
50 51 45 
0.28355 0.406216 0.318612 0.176872 0.998313 0.213767 0.482838 0.822269 
51 53 25 
0.286141 0.77101 0.41884 0.024179 0.282621 0.659859 0.867364 0.619803 
52 37 44 
0.59086 0.0880229 0.53053 0.949154 0.620099 0.73275 0.428456 0.459878 
53 68 66 
0.818408 0.536827 0.612671 0.13702 0.713699 0.610984 0.350787 0.196537 
54 37 40 
0.4324 0.719395 0.926549 0.85124 0.743574 0.20917 0.511098 0.610938 
55 45 70 
0.854219 0.419833 0.515393 0.384749 0.368987 0.135492 0.117499 0.797443 
56 59 64 
0.00389806 0.413778 0.907603 0.616569 0.550798 0.621302 0.227553 0.901584 
57 24 39 
0.0571232 0.250239 0.380201 0.983672 0.101478 0.123775 0.192842 0.612577 
58 4 6 
0.0399469 0.588931 0.441647 0.55534 0.973681 0.810634 0.690832 0.09118 
59 4 78 
0.461956 0.611975 0.699981 0.369559 0.228544 0.250779 0.990861 0.456097 
60 29 79 
0.116904 0.209486 0.058939 0.497105 0.193158 0.160417 0.620879 0.386 
61 1 70 
0.407814 0.812941 0.944523 0.849462 0.368281 0.918204 0.660095 0.059113 
62 13 0 
0.345315 0.47134 0.880147 0.0452958 0.840899 0.10869 0.296074 0.83176 
63 71 19 
0.64046 0.681691 0.657924 0.699399 0.178796 0.851082 0.859817 0.799675 
64 4 49 
0.155267 0.644896 0.445751 0.0997896 0.494357 0.814032 0.0179933 0.154452 
65 2 35 
0.422624 0.21846 0.498717 0.302771 0.263756 0.339616 0.411462 0.55983 
66 57 26 
0.0082678 0.811836 0.65794 0.666191 0.511235 0.836736 0.517273 0.371052 
67 39 18 
0.00386196 0.791678 0.39925 0.449613 0.891467 0.893607 0.263645 0.909461 
68 13 74 
0.936838 0.470684 0.355251 0.435554 0.773455 0.619007 0.77517 0.184917 
69 51 0 
0.161166 0.187105 0.758381 0.819106 0.853296 0.269616 0.655843 0.370569 
70 69 67 
0.124924 0.64453 0.0839313 0.524173 0.0941427 0.975399 0.41778 0.357788 
71 67 59 
0.494578 0.821697 0.936524 0.849829 0.257251 0.709979 0.468836 0.0324211 
72 62 4 
0.978966 0.0560618 0.834778 0.737347 0.875168 0.688075 0.00696348 0.531011 
73 82 53 
0.823264 0.183568 0.292161 0.907196 0.707741 0.386303 0.882594 0.125521 
74 10 55 
0.591361 0.23867 0.589151 0.527885 0.0884987 0.846402 0.237864 0.557335 
75 1 38 
0.205008 0.857789 0.188822 0.0397863 0.595137 0.0639896 0.727861 0.6021 
76 73 72 
0.249731 0.418265 0.970073 0.541892 0.32546 0.677814 0.928195 0.208054 
77 27 49 
0.975508 0.394697 0.910956 0.564659 0.922582 0.999455 0.41106 0.160446 
78 30 57 
0.293206 0.761797 0.147673 0.482027 0.801583 0.742809 0.546017 0.529444 
79 37 28 
0.31595 0.594641 0.559282 0.286023 0.136533 0.884742 0.963837 0.0647278 
80 54 3 
0.737014 0.0683043 0.161869 0.64797 0.632963 0.0844508 0.647424 0.0440232 
81 2 33 
0.333907 0.538102 0.966011 0.481579 0.0201293 0.767594 0.224389 0.566146 
82 3 20 
0.707163 0.612988 0.163939 0.266445 0.899011 0.300472 0.151186 0.862848 
83 34 17 
0.63002 0.102214 0.312287 0.791889 0.750184 0.94525 0.87634 0.397608 
84 7 42 
0.601822 0.32318 0.659339 0.567832 0.804759 0.679468 0.335426 0.0291472 
