300 4
0 1 1 1 1 1 0 0 1 0 1 1 0 0 1 1 1 1 0 1 1 1 0 1 0 1 0 1 1 1 1 0 1 0 1 1 0 0 1 0 1 1 1 0 0 1 0 1 1 1 1 0 1 0 0 1 1 1 1 1 1 0 0 1 1 0 1 0 1 1 0 1 1 0 1 1 0 0 1 1 1 1 0 1 1 1 1 1 1 0 1 1 1 0 1 1 0 1 0 0 0 1 1 0 0 1 0 0 0 0 0 0 1 1 1 1 1 1 1 1 0 1 1 0 0 1 0 1 1 0 1 0 0 1 0 0 1 1 1 0 1 0 0 1 0 0 1 0 0 1 0 0 1 0 1 0 0 1 1 0 0 1 0 1 1 1 0 1 1 0 0 1 1 1 1 0 0 1 1 0 1 0 1 1 1 1 1 0 1 1 0 0 1 1 1 1 1 0 1 1 0 0 0 0 1 0 0 0 1 0 1 1 0 1 0 0 0 0 0 0 0 1 0 0 1 0 0 1 1 0 1 0 1 0 0 1 0 1 1 0 0 1 0 1 0 1 1 1 0 0 0 1 0 1 0 0 0 1 0 1 0 0 0 1 0 1 1 1 1 1 0 1 0 1 1 1 0 1 1 1 0 0 0 1 1 1 0 0 0 1 0 1 1 0 1 0 0 0 0 1 
0 143 236 256 
0.121456 0.150096 0.625231 0.578207 0.97728 0.266479 0.306427 0.35971 0.418832 0.0741232 0.681731 0.794889 0.119884 0.932869 0.821853 0.0283694 
1 80 167 203 
0.302844 0.950025 0.876945 0.917615 0.393466 0.364474 0.359421 0.0771824 0.577133 0.743847 0.373933 0.170768 0.865302 0.52403 0.795999 0.443509 
2 253 229 281 
0.86102 0.48131 0.824059 0.542751 0.276199 0.943943 0.47562 0.0980527 0.972313 0.612504 0.41569 0.347464 0.915348 0.365716 0.224409 0.832963 
3 5 159 129 
0.836364 0.166017 0.936231 0.210297 0.336785 0.801533 0.734327 0.132784 0.245042 0.235636 0.195262 0.994978 0.0966562 0.676572 0.819036 0.639407 
4 61 159 30 
0.0508245 0.735292 0.72753 0.466515 0.0827565 0.642878 0.83223 0.307166 0.475841 0.591412 0.89605 0.668225 0.427775 0.0620666 0.604456 0.638072 
5 273 23 72 
0.531636 0.651032 0.608035 0.726898 0.646009 0.704691 0.403471 0.465046 0.344098 0.356242 0.228026 0.459125 0.407067 0.963318 0.186655 0.873582 
6 254 181 294 
0.35324 0.305373 0.297224 0.24929 0.973598 0.724999 0.311357 0.578054 0.363071 0.710208 0.984043 0.73547 0.241844 0.635075 0.343505 0.968742 
7 99 40 281 
0.74613 0.392294 0.728455 0.974156 0.851418 0.135522 0.937474 0.0380731 0.00910359 0.983548 0.867606 0.714916 0.336788 0.172979 0.0121391 0.586078 
8 71 203 87 
0.72463 0.100209 0.607642 0.708673 0.835679 0.849486 0.343748 0.179183 0.818228 0.624833 0.227379 0.190441 0.370963 0.619673 0.918896 0.345119 
9 1 142 37 
0.509164 0.0635215 0.26614 0.37677 0.778437 0.602928 0.549749 0.790576 0.189006 0.696325 0.527714 0.0864398 0.420955 0.627923 0.694082 0.129629 
10 79 139 78 
0.642785 0.361797 0.0982098 0.870164 0.552237 0.469173 0.489837 0.471133 0.814292 0.960928 0.525551 0.0968841 0.470093 0.589073 0.363024 0.846863 
11 287 66 114 
0.158086 0.154958 0.0929362 0.6858 0.241397 0.513892 0.313723 0.93548 0.64352 0.777325 0.479048 0.116897 0.42011 0.840844 0.215107 0.290273 
12 207 159 206 
0.864215 0.498572 0.741038 0.389767 0.595456 0.211131 0.978839 0.95848 0.0579935 0.346349 0.924432 0.454605 0.504435 0.0793898 0.547541 0.190235 
13 65 75 8 
0.256267 0.704953 0.281283 0.735315 0.82185 0.701393 0.576159 0.0369576 0.991666 0.969241 0.721238 0.771776 0.833456 0.219809 0.512815 0.223223 
14 118 48 102 
0.773745 0.781939 0.548411 0.698177 0.236544 0.0528467 0.777567 0.784085 0.243082 0.0983544 0.845518 0.747041 0.354621 0.550471 0.028324 0.0899358 
15 142 68 75 
0.409278 0.721383 0.635336 0.130516 0.49316 0.468792 0.350326 0.00597437 0.692015 0.165591 0.72992 0.894077 0.939336 0.51186 0.442488 0.637514 
16 100 136 203 
0.532489 0.738417 0.513435 0.378006 0.485458 0.868056 0.928477 0.513782 0.957992 0.300798 0.243499 0.624087 0.710076 0.964882 0.259423 0.840592 
17 140 20 83 
0.464015 0.420229 0.356509 0.193936 0.314306 0.295845 0.705795 0.756794 0.933359 0.454199 0.252129 0.34844 0.986688 0.990546 0.861875 0.364694 
18 184 107 25 
0.989786 0.687923 0.593969 0.233284 0.31201 0.304045 0.198166 0.571433 0.144637 0.656207 0.299648 0.335555 0.120222 0.719877 0.692064 0.314158 
19 72 149 286 
0.790977 0.921267 0.474152 0.0431067 0.269707 0.46084 0.033653 0.131582 0.825534 0.509657 0.861513 0.118705 0.499443 0.549436 0.712673 0.732727 
20 291 172 252 
0.43288 0.161355 0.5871 0.732528 0.49691 0.707322 0.452405 0.188974 0.0214799 0.486588 0.176882 0.041433 0.277565 0.0981497 0.515585 0.320672 
21 61 206 148 
0.499438 0.801959 0.863982 0.360951 0.920663 0.363425 0.910387 0.633336 0.0961518 0.771834 0.650054 0.0270447 0.204714 0.81141 0.614144 0.937241 
22 214 82 245 
0.497294 0.342946 0.876234 0.674176 0.384379 0.153799 0.772326 0.899964 0.474471 0.140182 0.876389 0.828796 0.63962 0.678348 0.692778 0.00057104 
23 174 116 173 
0.232347 0.152354 0.682792 0.882402 0.179399 0.887506 0.693811 0.793543 0.824747 0.00213113 0.11501 0.214393 0.499425 0.457956 0.0906274 0.173601 
24 68 233 62 
0.7423 0.718898 0.0861084 0.618689 0.547694 0.725729 0.297037 0.240472 0.7263 0.896048 0.296674 0.637258 0.128395 0.449029 0.32005 0.0107967 
25 155 171 127 
0.421971 0.032303 0.706739 0.536981 0.246696 0.206164 0.994938 0.337324 0.379765 0.837273 0.58175 0.325691 0.579573 0.300648 0.411799 0.198263 
26 67 49 112 
0.0888137 0.863828 0.391347 0.385488 0.501085 0.519742 0.834517 0.821135 0.530539 0.462945 0.028691 0.235147 0.884916 0.060994 0.941886 0.421898 
27 203 228 239 
0.645014 0.527815 0.254109 0.226765 0.853506 0.833682 0.527413 0.265305 0.0319444 0.375755 0.402833 0.527244 0.464568 0.26666 0.918591 0.850057 
28 197 11 185 
0.588881 0.968872 0.147519 0.617572 0.204019 0.0324349 0.678566 0.145905 0.454333 0.986256 0.293956 0.871168 0.631271 0.82177 0.125277 0.858035 
29 103 161 138 
0.940581 0.990903 0.761203 0.343414 0.518147 0.225771 0.610074 0.436738 0.075828 0.37782 0.875071 0.760402 0.966701 0.843943 0.90792 0.584273 
30 84 184 38 
0.193868 0.394688 0.249096 0.487823 0.265856 0.880366 0.309594 0.391132 0.738402 0.98487 0.350091 0.12385 0.925451 0.340994 0.885053 0.268865 
31 276 202 160 
0.295878 0.186652 0.256759 0.170949 0.947054 0.22346 0.0148922 0.854974 0.807733 0.0628543 0.795329 0.0705725 0.256722 0.190017 0.319668 0.744545 
32 93 155 256 
0.847005 0.938437 0.0390086 0.197096 0.0622866 0.964459 0.53809 0.94734 0.233324 0.39723 0.0581639 0.112263 0.693109 0.244816 0.369021 0.864058 
33 244 296 295 
0.0468443 0.400214 0.941804 0.842173 0.470787 0.198526 0.0321903 0.790455 0.943071 0.488063 0.99049 0.99721 0.335068 0.928926 0.0362188 0.532164 
34 147 175 92 
0.938553 0.234002 0.467484 0.996717 0.346265 0.160593 0.241533 0.715286 0.0246509 0.433403 0.307767 0.903601 0.480247 0.707982 0.845405 0.322421 
35 148 220 81 
0.969224 0.987003 0.842674 0.959713 0.984213 0.177742 0.88864 0.0204323 0.709906 0.879853 0.0211105 0.78016 0.818406 0.255112 0.247644 0.815122 
36 49 125 80 
0.316663 0.432888 0.490058 0.62443 0.336489 0.970306 0.332412 0.181895 0.292727 0.51118 0.225826 0.647338 0.480404 0.21283 0.490012 0.440117 
37 162 167 246 
0.217475 0.37766 0.20861 0.238586 0.15782 0.0270157 0.493698 0.405464 0.842138 0.0950753 0.813702 0.898793 0.411738 0.24659 0.388851 0.0361688 
38 149 159 280 
0.764973 0.651883 0.879761 0.9908 0.299221 0.360165 0.203629 0.789233 0.800283 0.400672 0.456987 0.12904 0.618148 0.834647 0.33765 0.856733 
39 193 230 6 
0.397932 0.206803 0.445507 0.211633 0.105596 0.857245 0.458223 0.494447 0.893414 0.0413019 0.853604 0.261995 0.806275 0.505487 0.141756 0.797075 
40 243 278 277 
0.59394 0.302204 0.401377 0.0509275 0.431244 0.0195241 0.885575 0.768893 0.876257 0.878042 0.133559 0.226689 0.275974 0.340362 0.672196 0.487608 
41 30 84 17 
0.940405 0.422855 0.987133 0.794009 0.68485 0.793408 0.299496 0.826606 0.590483 0.104203 0.328527 0.591188 0.698144 0.630731 0.992564 0.749071 
42 4 264 283 
0.830868 0.888346 0.512688 0.964427 0.115035 0.788663 0.304789 0.78723 0.276271 0.750748 0.316671 0.222102 0.691153 0.739526 0.209235 0.485162 
43 92 37 65 
0.250981 0.593126 0.888861 0.579508 0.184314 0.587005 0.210239 0.176878 0.336076 0.272213 0.188966 0.970722 0.103081 0.077312 0.48341 0.0675077 
44 163 66 133 
0.979577 0.548344 0.123044 0.296248 0.770445 0.814197 0.0357738 0.97968 0.29936 0.460149 0.982323 0.0840174 0.711131 0.575449 0.972878 0.290639 
45 265 46 184 
0.936641 0.895959 0.773091 0.125607 0.86668 0.876172 0.202919 0.350091 0.94368 0.395265 0.622163 0.315977 0.374842 0.170507 0.439021 0.67109 
46 3 291 173 
0.920633 0.552578 0.167013 0.902956 0.636596 0.878144 0.478404 0.609474 0.168783 0.238167 0.169357 0.669661 0.174808 0.0653157 0.442753 0.300415 
47 148 197 141 
0.282087 0.262606 0.898599 0.90425 0.578583 0.273441 0.0747572 0.0176039 0.944531 0.0157098 0.270823 0.651395 0.936342 0.823401 0.818408 0.839298 
48 221 60 167 
0.0694709 0.865336 0.55587 0.238828 0.534997 0.730677 0.304144 0.97775 0.0310918 0.23614 0.296675 0.534425 0.518226 0.559281 0.433024 0.422476 
49 75 223 157 
0.155467 0.650996 0.512943 0.42629 0.302391 0.449286 0.249691 0.120799 0.288584 0.709688 0.817352 0.606286 0.779159 0.682687 0.162156 0.0179869 
50 148 69 124 
0.195434 0.923925 0.55827 0.49211 0.45835 0.0764965 0.0513909 0.891374 0.498973 0.189254 0.597838 0.996206 0.344722 0.248834 0.509149 0.771012 
51 223 235 203 
0.672024 0.247019 0.730391 0.489376 0.853305 0.50955 0.172063 0.0154601 0.527537 0.389748 0.908293 0.849667 0.585182 0.832218 0.407938 0.077292 
52 10 221 35 
0.181941 0.983407 0.317937 0.779779 0.979613 0.662659 0.0286137 0.488762 0.433671 0.579839 0.447197 0.454374 0.251864 0.694216 0.184765 0.74124 
53 216 243 182 
0.221852 0.30305 0.471273 0.0715191 0.888232 0.303491 0.479457 0.965524 0.594058 0.963891 0.0942073 0.775999 0.947298 0.412145 0.555778 0.926911 
54 154 140 284 
0.508475 0.164231 0.86287 0.962848 0.416095 0.557086 0.147613 0.157334 0.104607 0.841928 0.0706369 0.667587 0.0637796 0.373687 0.138861 0.135299 
55 238 82 175 
0.227444 0.0364098 0.578646 0.321651 0.812409 0.525944 0.733796 0.368187 0.452855 0.8086 0.952579 0.868528 0.317074 0.11681 0.731399 0.279923 
56 3 205 42 
0.690239 0.393091 0.269464 0.760875 0.0606786 0.333243 0.134563 0.199539 0.468542 0.396482 0.641891 0.0832977 0.623926 0.678301 0.661944 0.945578 
57 64 256 249 
0.858896 0.640744 0.487973 0.811475 0.509272 0.805048 0.928285 0.24067 0.0849702 0.46119 0.529155 0.512506 0.151428 0.922247 0.78197 0.912304 
58 69 43 75 
0.182464 0.583755 0.443349 0.824355 0.667053 0.0672753 0.502656 0.328997 0.0128531 0.993365 0.516885 0.692227 0.852262 0.157629 0.1802 0.663737 
59 165 50 182 
0.907571 0.0702181 0.0532126 0.436726 0.582724 0.204641 0.358972 0.364694 0.116945 0.341898 0.479907 0.163812 0.524362 0.063662 0.60716 0.348717 
60 15 144 149 
0.0597117 0.687289 0.844739 0.576597 0.379516 0.697001 0.734226 0.559716 0.360738 0.401127 0.544964 0.952761 0.308698 0.615182 0.00597332 0.745423 
61 73 92 119 
0.5626 0.327559 0.446294 0.0425065 0.491371 0.970656 0.106168 0.0985314 0.319373 0.836883 0.772967 0.170746 0.896595 0.460256 0.015485 0.473192 
62 33 34 280 
0.399488 0.0732237 0.608545 0.944451 0.0259845 0.917242 0.559633 0.0319578 0.662666 0.757539 0.242572 0.767062 0.320139 0.570131 0.213355 0.362646 
63 53 239 89 
0.160034 0.503384 0.305697 0.933001 0.67413 0.202292 0.393257 0.689615 0.675484 0.233029 0.402101 0.882903 0.632516 0.475324 0.491447 0.576968 
64 296 81 8 
0.533267 0.0713556 0.894141 0.775839 0.838417 0.21428 0.34597 0.0517728 0.576925 0.407473 0.235784 0.0457396 0.567507 0.739168 0.351437 0.500507 
65 27 6 97 
0.102913 0.229214 0.126793 0.505013 0.112116 0.75931 0.980338 0.603564 0.336277 0.481647 0.0122536 0.472879 0.0149135 0.0836092 0.367019 0.790752 
66 103 248 169 
0.973799 0.158225 0.544195 0.209583 0.203964 0.111702 0.948751 0.555401 0.612209 0.362048 0.109131 0.505974 0.464961 0.338344 0.632767 0.969975 
67 28 142 225 
0.0540246 0.728354 0.431959 0.0662782 0.201233 0.446873 0.149887 0.568252 0.237625 0.0719139 0.149551 0.374348 0.0457133 0.307776 0.918543 0.255296 
68 241 59 120 
0.0671417 0.642455 0.566096 0.176272 0.148429 0.0310567 0.514617 0.781196 0.00103133 0.965078 0.173273 0.951344 0.0191022 0.901627 0.383303 0.0853804 
69 171 182 10 
0.671112 0.0678011 0.307182 0.820663 0.442149 0.352895 0.12844 0.360692 0.608191 0.64018 0.390938 0.812239 0.707322 0.0333928 0.378334 0.883594 
70 278 213 217 
0.963018 0.410422 0.363288 0.13629 0.361766 0.382391 0.0379172 0.745069 0.467771 0.140777 0.575245 0.703039 0.811889 0.643046 0.0102205 0.632552 
71 138 174 114 
0.445888 0.971307 0.401172 0.836825 0.783545 0.108494 0.870218 0.161879 0.992088 0.0520399 0.57127 0.390299 0.0150575 0.981692 0.753587 0.151348 
72 24 109 241 
0.0885275 0.603749 0.330042 0.663772 0.306788 0.141931 0.306819 0.317008 0.774483 0.392014 0.680124 0.535475 0.837901 0.651431 0.936647 0.674727 
73 98 69 181 
0.596855 0.0372286 0.596985 0.168126 0.427527 0.612042 0.149818 0.181115 0.76339 0.493277 0.317093 0.952655 0.581804 0.920842 0.282697 0.245577 
74 225 30 33 
0.544638 0.199111 0.944409 0.224762 0.734586 0.78231 0.876193 0.671233 0.457037 0.311169 0.716374 0.00198192 0.908024 0.753603 0.598967 0.0761496 
75 21 205 282 
0.362245 0.9744 0.719244 0.679338 0.927055 0.301048 0.600179 0.209752 0.546625 0.827809 0.63438 0.0990199 0.372447 0.833492 0.0434287 0.597209 
76 31 116 38 
0.239311 0.282776 0.78457 0.955685 0.284758 0.692594 0.709288 0.883724 0.768744 0.890418 0.0947338 0.994711 0.252663 0.0691334 0.713956 0.932 
77 118 104 61 
0.205941 0.561629 0.359989 0.840321 0.660648 0.732436 0.673812 0.704077 0.329645 0.24189 0.529816 0.803046 0.481201 0.812592 0.587616 0.436886 
78 71 134 60 
0.981074 0.048954 0.0365922 0.0758073 0.0436653 0.289255 0.144941 0.757621 0.221256 0.141129 0.772625 0.753435 0.34707 0.334253 0.113424 0.187391 
79 97 266 40 
0.698979 0.175505 0.103094 0.228795 0.978551 0.584295 0.0413863 0.566168 0.0211813 0.138735 0.846378 0.167356 0.119809 0.895332 0.203948 0.195616 
80 182 234 170 
0.696618 0.714458 0.481686 0.469243 0.467894 0.828756 0.803496 0.581318 0.0161469 0.798398 0.427178 0.87735 0.497377 0.602683 0.980444 0.726171 
81 2 214 295 
0.147402 0.58592 0.906293 0.99378 0.753275 0.0261019 0.889113 0.957223 0.221718 0.82811 0.450426 0.562275 0.524729 0.164884 0.0439616 0.993972 
82 263 168 242 
0.214096 0.888865 0.595866 0.641274 0.766215 0.0932421 0.243956 0.746658 0.819413 0.82519 0.311397 0.586971 0.972593 0.897317 0.493264 0.966373 
83 29 234 20 
0.607815 0.741084 0.683596 0.0582412 0.303359 0.208324 0.223126 0.347321 0.202296 0.855904 0.220039 0.999764 0.0699995 0.108903 0.59563 0.711273 
84 28 103 198 
0.621776 0.508285 0.78042 0.933173 0.0952561 0.753012 0.83049 0.58852 0.719385 0.481082 0.107886 0.574871 0.0888972 0.84897 0.258467 0.147138 
85 292 50 233 
0.499651 0.669087 0.226168 0.719689 0.668851 0.296167 0.828593 0.264481 0.00744021 0.703711 0.953352 0.96267 0.325487 0.461637 0.74309 0.258661 
86 251 99 269 
0.145413 0.215487 0.570233 0.253299 0.790358 0.65913 0.102269 0.0488248 0.806268 0.254599 0.515616 0.176532 0.754249 0.184703 0.4027 0.473939 
87 79 276 154 
0.118035 0.706307 0.0062422 0.0713874 0.668977 0.331729 0.533025 0.412066 0.59039 0.0899184 0.908168 0.679541 0.235332 0.123656 0.249773 0.488631 
88 148 31 292 
0.962839 0.715171 0.845499 0.478454 0.891704 0.599749 0.663158 0.294404 0.0736876 0.516712 0.993271 0.376219 0.634747 0.699578 0.382461 0.706135 
89 76 12 207 
0.780621 0.304581 0.329078 0.68879 0.984121 0.56441 0.812445 0.233894 0.0530408 0.726459 0.142798 0.643941 0.689298 0.857969 0.489441 0.167752 
90 128 55 140 
0.0440763 0.162877 0.347622 0.0373469 0.539096 0.982369 0.736925 0.921558 0.688503 0.105479 0.635748 0.927663 0.886101 0.940329 0.25674 0.57489 
91 266 120 55 
0.158345 0.874191 0.113794 0.301142 0.518132 0.803092 0.159111 0.00757287 0.970844 0.908784 0.0967625 0.801753 0.95286 0.25964 0.149375 0.990207 
92 150 171 172 
0.720294 0.820247 0.832611 0.356042 0.747909 0.718712 0.296371 0.00464981 0.293602 0.220821 0.8258 0.680937 0.379166 0.699991 0.794732 0.680308 
93 160 15 138 
0.225695 0.568667 0.748203 0.322458 0.370421 0.701063 0.582098 0.519796 0.69127 0.380834 0.651539 0.418402 0.101127 0.471786 0.251014 0.457169 
94 57 257 20 
0.224345 0.263328 0.974361 0.0501452 0.944266 0.353527 0.750136 0.738997 0.0338349 0.968258 0.336821 0.873254 0.193954 0.905488 0.621457 0.516412 
95 189 280 36 
0.0137906 0.479343 0.447244 0.432193 0.580471 0.91903 0.683207 0.0376402 0.138726 0.652933 0.791181 0.363071 0.916261 0.765542 0.413216 0.860527 
96 178 208 103 
0.152904 0.13161 0.936345 0.0261579 0.325564 0.841833 0.647615 0.841976 0.117743 0.970135 0.940485 0.913447 0.983925 0.419829 0.360692 0.416118 
97 47 149 212 
0.0379396 0.418448 0.752258 0.82912 0.781519 0.668519 0.594662 0.194735 0.529046 0.713731 0.358088 0.12857 0.866635 0.489698 0.064915 0.892793 
98 279 163 130 
0.657238 0.0244911 0.510543 0.597723 0.937939 0.494468 0.017552 0.29863 0.910587 0.0178514 0.578352 0.00991215 0.055791 0.9968 0.76217 0.884911 
99 71 144 25 
0.973054 0.959736 0.193304 0.331142 0.0883055 0.0599397 0.82084 0.15322 0.952733 0.636102 0.059969 0.493141 0.29334 0.0844601 0.00368347 0.891063 
100 3 96 51 
0.321029 0.408739 0.926466 0.899381 0.418651 0.982257 0.896181 0.180821 0.867169 0.6745 0.611511 0.346742 0.647554 0.571246 0.540046 0.978696 
101 281 153 168 
0.812772 0.552719 0.435638 0.872741 0.0458593 0.728978 0.957201 0.0495428 0.620041 0.9796 0.547695 0.528656 0.300629 0.956433 0.455122 0.20001 
102 188 11 237 
0.555905 0.304548 0.770691 0.167416 0.65129 0.418245 0.738662 0.191336 0.396941 0.398214 0.791322 0.196478 0.210986 0.344041 0.632116 0.0837269 
103 211 296 157 
0.439443 0.981134 0.0205279 0.987138 0.50979 0.321157 0.943571 0.964913 0.521167 0.318655 0.402293 0.617357 0.87456 0.706841 0.388048 0.0419753 
104 167 256 151 
0.549468 0.203235 0.178851 0.34079 0.399712 0.389837 0.684831 0.0318281 0.473563 0.0747315 0.392921 0.514491 0.514175 0.374056 0.535019 0.501312 
105 133 156 170 
0.848759 0.377343 0.763538 0.251051 0.9947 0.638098 0.957892 0.382748 0.680073 0.316023 0.189042 0.46071 0.865491 0.392277 0.639561 0.206281 
106 225 17 114 
0.823817 0.502961 0.965843 0.216739 0.0174521 0.480018 0.590794 0.552472 0.98133 0.47464 0.408648 0.426214 0.323399 0.78599 0.189752 0.57445 
107 121 85 98 
0.163439 0.507922 0.848365 0.352481 0.968632 0.713856 0.744757 0.608193 0.920136 0.536746 0.63759 0.811248 0.360563 0.140551 0.777092 0.577302 
108 73 269 79 
0.710475 0.23844 0.642737 0.119122 0.664654 0.966136 0.905113 0.854406 0.540585 0.685803 0.682255 0.0729272 0.849242 0.190177 0.921292 0.201723 
109 266 181 132 
0.767003 0.555284 0.483226 0.404593 0.366533 0.84379 0.545144 0.143625 0.421092 0.703147 0.400734 0.589188 0.413622 0.639175 0.231925 0.532744 
110 294 288 235 
0.158235 0.738646 0.12366 0.84049 0.811573 0.972902 0.030667 0.732865 0.174624 0.189477 0.368013 0.121104 0.956479 0.923297 0.60433 0.361072 
111 101 199 171 
0.433455 0.869211 0.609363 0.834189 0.4584 0.0229841 0.473364 0.690324 0.555728 0.777192 0.888385 0.993584 0.935427 0.62703 0.117244 0.775917 
112 174 192 12 
0.171468 0.26477 0.99606 0.539481 0.385874 0.952539 0.462779 0.990205 0.313611 0.752609 0.438324 0.219827 0.186063 0.307536 0.82919 0.0202521 
113 273 72 83 
0.45626 0.407901 0.270808 0.344645 0.401486 0.206235 0.971675 0.51873 0.982152 0.410278 0.608876 0.788735 0.581747 0.873646 0.784796 0.121228 
114 254 56 19 
0.249725 0.0509463 0.336615 0.688049 0.270773 0.522678 0.995585 0.0999628 0.54293 0.761521 0.952136 0.0365462 0.217781 0.360038 0.307354 0.562425 
115 107 37 4 
0.495741 0.944379 0.889129 0.284477 0.526125 0.762775 0.0692724 0.647353 0.0222954 0.806608 0.231359 0.27202 0.857554 0.567975 0.960069 0.128327 
116 79 274 9 
0.633583 0.717175 0.180426 0.670129 0.934956 0.540464 0.977484 0.497381 0.301988 0.491073 0.0314811 0.582242 0.986814 0.97586 0.471371 0.271291 
117 277 133 191 
0.149338 0.256442 0.147171 0.380697 0.528462 0.00472493 0.948672 0.488531 0.133052 0.0393247 0.444186 0.361342 0.672908 0.161361 0.541768 0.343037 
118 160 169 93 
0.593698 0.384221 0.811594 0.625179 0.966462 0.798409 0.601039 0.437833 0.0696997 0.103023 0.67198 0.410263 0.252361 0.928421 0.557434 0.633058 
119 62 146 25 
0.945415 0.695211 0.621055 0.389601 0.0565533 0.293963 0.550962 0.598322 0.637 0.647279 0.680554 0.957521 0.240977 0.0647748 0.769116 0.866156 
120 198 89 74 
0.46907 0.637224 0.570218 0.14105 0.0474873 0.822579 0.0694709 0.604922 0.455637 0.526354 0.167081 0.0373676 0.471769 0.862292 0.658423 0.861369 
121 245 54 190 
0.517167 0.589386 0.0596096 0.197721 0.546907 0.300586 0.262496 0.316023 0.166742 0.293733 0.883547 0.633936 0.762803 0.520771 0.204153 0.903853 
122 118 254 166 
0.17318 0.48237 0.499678 0.340261 0.519737 0.971446 0.202553 0.17816 0.832816 0.121399 0.130546 0.245147 0.638566 0.719932 0.304756 0.836287 
123 183 120 215 
0.582862 0.772084 0.392516 0.466409 0.40602 0.155319 0.987181 0.610173 0.0591723 0.55544 0.636905 0.032496 0.72862 0.119275 0.532174 0.068881 
124 67 234 174 
0.817172 0.336436 0.392833 0.947718 0.581582 0.0313985 0.667649 0.886338 0.867686 0.934488 0.491681 0.966469 0.51735 0.263765 0.358985 0.98376 
125 192 3 204 
0.279958 0.573477 0.52638 0.916863 0.605973 0.255 0.036138 0.138147 0.323881 0.67515 0.641767 0.595315 0.492322 0.978203 0.988148 0.44004 
126 34 292 265 
0.446123 0.887232 0.0421767 0.937804 0.853701 0.559527 0.201568 0.212686 0.543286 0.871353 0.726991 0.514227 0.15131 0.300467 0.0406069 0.0681731 
127 23 141 51 
0.0445867 0.619488 0.779461 0.686353 0.214803 0.271783 0.664556 0.202952 0.711823 0.224341 0.222498 0.819512 0.670464 0.10973 0.861689 0.608268 
128 219 233 54 
0.176117 0.964502 0.681189 0.903108 0.478728 0.832499 0.203575 0.519335 0.900672 0.110015 0.814942 0.00498332 0.154602 0.43443 0.784445 0.840955 
129 117 89 75 
0.852185 0.768051 0.729852 0.0746836 0.587563 0.400317 0.184414 0.449252 0.00858458 0.147845 0.870467 0.818421 0.323962 0.834969 0.49961 0.22707 
130 205 10 235 
0.833032 0.232781 0.540661 0.647975 0.237764 0.695263 0.0824051 0.022209 0.536218 0.731639 0.0784371 0.0417295 0.583824 0.846488 0.771582 0.658508 
131 60 107 151 
0.883303 0.180483 0.990767 0.75377 0.998904 0.31473 0.588739 0.498514 0.5418 0.902436 0.830623 0.972445 0.735468 0.0634038 0.513106 0.383443 
132 232 170 201 
0.323377 0.744586 0.197487 0.401814 0.786316 0.781311 0.248303 0.557898 0.439819 0.682354 0.729796 0.282741 0.565657 0.910279 0.273509 0.319427 
133 28 234 227 
0.407697 0.130038 0.810602 0.23832 0.102483 0.54607 0.301724 0.615589 0.929513 0.602892 0.823958 0.39536 0.926269 0.568544 0.592847 0.328083 
134 178 236 99 
0.912758 0.813978 0.25874 0.642554 0.0967194 0.824397 0.552834 0.370228 0.143824 0.462017 0.958466 0.0519905 0.869714 0.0885042 0.862592 0.108034 
135 38 21 36 
0.806577 0.338175 0.0126496 0.630535 0.733535 0.938919 0.199079 0.326383 0.267002 0.553939 0.700541 0.843388 0.466697 0.514519 0.102128 0.109251 
136 134 210 277 
0.981467 0.0703496 0.124102 0.939933 0.12234 0.993816 0.0284369 0.984932 0.10185 0.219424 0.393595 0.511608 0.0260013 0.731769 0.524257 0.656536 
137 209 82 194 
0.791687 0.730178 0.409553 0.492228 0.573566 0.87625 0.00674757 0.675694 0.985501 0.617986 0.602219 0.647586 0.599453 0.672568 0.771688 0.539385 
138 181 167 163 
0.779841 0.867354 0.787247 0.173435 0.378961 0.813248 0.905205 0.903219 0.469784 0.370509 0.366395 0.325398 0.162197 0.0965725 0.734952 0.654425 
139 154 180 164 
0.345832 0.596703 0.279159 0.94805 0.244289 0.878612 0.620618 0.015977 0.417997 0.415527 0.781481 0.985819 0.195367 0.648834 0.773066 0.368802 
140 207 114 196 
0.931015 0.0560979 0.644517 0.297409 0.381496 0.806713 0.393982 0.116448 0.461138 0.0641198 0.72765 0.122311 0.409951 0.324353 0.401469 0.358002 
141 294 249 89 
0.58462 0.698078 0.394146 0.3661 0.683897 0.589514 0.0149346 0.456963 0.958316 0.0427304 0.0432773 0.232323 0.973745 0.0993752 0.87684 0.271154 
142 204 279 186 
0.597319 0.144691 0.729255 0.32497 0.267002 0.139207 0.649323 0.668471 0.497208 0.217966 0.948552 0.475828 0.802585 0.64663 0.869975 0.168686 
143 146 121 191 
0.787491 0.417805 0.226351 0.830768 0.650128 0.200096 0.930143 0.526968 0.47125 0.411015 0.210521 0.136385 0.00833419 0.355212 0.865641 0.333304 
144 270 46 211 
0.290685 0.502056 0.200593 0.239237 0.977884 0.00317793 0.885868 0.847859 0.171864 0.216395 0.307348 0.355484 0.00388621 0.725152 0.581835 0.834654 
145 244 54 163 
0.902247 0.25318 0.175812 0.112768 0.389565 0.184146 0.46798 0.255206 0.51745 0.0901934 0.260054 0.500077 0.380878 0.76211 0.70067 0.620116 
146 40 26 275 
0.587853 0.875711 0.722379 0.895201 0.231195 0.726265 0.620353 0.81303 0.56092 0.995632 0.59496 0.325717 0.89788 0.84814 0.50153 0.0106479 
147 233 252 208 
0.492911 0.203126 0.568821 0.752965 0.703203 0.949699 0.515074 0.403873 0.569815 0.255068 0.107721 0.0757992 0.842921 0.983432 0.798178 0.738122 
148 209 76 112 
0.027657 0.0853634 0.354107 0.622617 0.411081 0.251987 0.470757 0.91261 0.262635 0.708463 0.598286 0.741262 0.201374 0.801413 0.310083 0.954339 
149 213 234 181 
0.908489 0.829598 0.724482 0.0162102 0.905397 0.567403 0.999642 0.703575 0.305525 0.214269 0.228019 0.663999 0.241926 0.313383 0.0181062 0.864544 
150 296 77 275 
0.637074 0.532727 0.0437639 0.23536 0.27399 0.245138 0.036773 0.584073 0.199477 0.541389 0.843855 0.668891 0.449879 0.673453 0.393373 0.466089 
151 235 20 10 
0.282426 0.266302 0.68 0.510445 0.930301 0.921927 0.823827 0.948407 0.78647 0.54829 0.2185 0.121771 0.185364 0.751228 0.165535 0.420724 
152 231 15 136 
0.610151 0.998886 0.453145 0.279042 0.448765 0.126598 0.672415 0.914854 0.705448 0.633192 0.380585 0.987874 0.899494 0.0605857 0.498318 0.829795 
153 142 32 272 
0.768982 0.870436 0.996702 0.890753 0.0558001 0.74793 0.0562881 0.476524 0.773147 0.466961 0.934021 0.382437 0.0771118 0.932908 0.835582 0.356154 
154 116 139 224 
0.296528 0.667628 0.661761 0.677113 0.655502 0.561254 0.737699 0.15382 0.391049 0.720211 0.475966 0.169251 0.489193 0.346402 0.165953 0.379946 
155 291 113 215 
0.878726 0.68703 0.903196 0.812748 0.0694671 0.980308 0.745656 0.905049 0.336461 0.127329 0.867229 0.36503 0.423857 0.534857 0.0267908 0.10097 
156 296 214 181 
0.344179 0.979094 0.558879 0.820145 0.148345 0.0480725 0.166547 0.314298 0.428019 0.568749 0.228181 0.864254 0.447476 0.915211 0.767449 0.260224 
157 63 161 84 
0.889727 0.0842182 0.133208 0.756956 0.449248 0.557065 0.291813 0.476039 0.658034 0.482172 0.064084 0.496703 0.826351 0.0431778 0.055582 0.646497 
158 231 289 221 
0.50582 0.531673 0.381793 0.734001 0.395927 0.829269 0.649212 0.163376 0.089493 0.63389 0.911133 0.0953724 0.523617 0.995351 0.228581 0.280572 
159 245 293 176 
0.920639 0.44368 0.0545574 0.984723 0.940383 0.880909 0.0279005 0.995965 0.527405 0.219423 0.0996192 0.340449 0.725243 0.631293 0.722243 0.459244 
160 145 225 256 
0.190596 0.641005 0.742345 0.101729 0.736378 0.265962 0.0970809 0.964958 0.546534 0.541681 0.750604 0.11892 0.462319 0.194284 0.173477 0.447042 
161 288 3 297 
0.130631 0.581792 0.694365 0.23025 0.922241 0.419608 0.861543 0.644484 0.878852 0.888763 0.195996 0.987308 0.079359 0.837002 0.729653 0.181088 
162 15 209 198 
0.538338 0.54215 0.81985 0.288942 0.66107 0.282169 0.483226 0.834547 0.729211 0.617892 0.888933 0.204154 0.748523 0.470725 0.898519 0.978774 
163 91 204 145 
0.0374498 0.19698 0.72908 0.233446 0.184288 0.808439 0.0704478 0.913941 0.989527 0.643827 0.909556 0.267697 0.182165 0.451706 0.0875466 0.471106 
164 155 267 38 
0.947323 0.0989274 0.572224 0.836256 0.303081 0.320748 0.30698 0.201601 0.299522 0.699946 0.519728 0.139839 0.737396 0.716708 0.868918 0.970842 
165 182 257 6 
0.814937 0.666885 0.685117 0.724494 0.934581 0.867282 0.1762 0.0221279 0.338388 0.288976 0.391844 0.29272 0.236298 0.490771 0.864945 0.0725542 
166 250 232 20 
0.485214 0.0794808 0.515181 0.625052 0.816877 0.23189 0.493971 0.787719 0.132886 0.171328 0.829009 0.947823 0.838213 0.514125 0.672317 0.772794 
167 0 232 184 
0.719795 0.137493 0.186766 0.0125157 0.373791 0.677537 0.87746 0.446345 0.47139 0.0631524 0.82588 0.466843 0.548366 0.905361 0.982024 0.173419 
168 3 139 58 
0.509956 0.3468 0.838718 0.338965 0.294623 0.676931 0.85309 0.96694 0.449725 0.234498 0.815457 0.244647 0.954293 0.95295 0.431413 0.966809 
169 110 6 168 
0.773086 0.58034 0.907421 0.598966 0.0471834 0.455787 0.504327 0.0292078 0.629206 0.226565 0.243122 0.296596 0.736521 0.589922 0.135313 0.075486 
170 92 39 271 
0.851485 0.261969 0.163074 0.666941 0.506616 0.117367 0.619891 0.938029 0.0841756 0.946632 0.0469797 0.928444 0.719718 0.62732 0.835866 0.318684 
171 132 95 176 
0.703711 0.920859 0.0495761 0.946833 0.217455 0.786097 0.536755 0.352768 0.861583 0.421299 0.165012 0.79016 0.272784 0.426981 0.953234 0.939725 
172 90 183 217 
0.871626 0.154776 0.506248 0.918606 0.0832206 0.225966 0.545926 0.919086 0.54465 0.220429 0.210739 0.367661 0.924141 0.131599 0.417238 0.870974 
173 154 95 224 
0.701822 0.0649178 0.829028 0.866834 0.855077 0.101812 0.293815 0.808311 0.041537 0.227412 0.878912 0.601153 0.0990381 0.0336878 0.107401 0.0176441 
174 247 277 147 
0.0359947 0.878017 0.783999 0.246734 0.245679 0.70814 0.378333 0.662916 0.579114 0.727386 0.866251 0.986842 0.429208 0.931169 0.815869 0.296041 
175 122 288 76 
0.594557 0.959218 0.817268 0.473469 0.560371 0.916306 0.507157 0.667773 0.93395 0.624065 0.00113991 0.49752 0.66006 0.879157 0.28152 0.906794 
176 64 106 89 
0.787753 0.568773 0.0125124 0.654004 0.555615 0.44172 0.585173 0.371484 0.737761 0.371419 0.289166 0.327617 0.965976 0.248384 0.144885 0.439445 
177 171 115 155 
0.476527 0.995142 0.570667 0.477667 0.492662 0.230727 0.356825 0.774181 0.13752 0.481661 0.763841 0.422647 0.269413 0.332614 0.435159 0.923417 
178 64 189 192 
0.259714 0.61464 0.880009 0.548879 0.942258 0.845985 0.797263 0.0871432 0.28543 0.606017 0.148335 0.232032 0.0825449 0.143476 0.802699 0.560212 
179 242 280 177 
0.41032 0.170945 0.398698 0.174161 0.593592 0.668111 0.506775 0.0287513 0.591528 0.395004 0.90563 0.100118 0.654718 0.520271 0.980127 0.203597 
180 253 258 187 
0.549672 0.111541 0.606877 0.698007 0.343573 0.689422 0.841483 0.146271 0.249634 0.477621 0.179697 0.166671 0.88794 0.350642 0.565369 0.0621011 
181 141 118 40 
0.972985 0.825009 0.96388 0.878616 0.925127 0.618598 0.398887 0.905254 0.822195 0.861415 0.731365 0.823054 0.411087 0.842906 0.429931 0.109094 
182 27 25 287 
0.332751 0.368987 0.428198 0.512447 0.535659 0.316138 0.863089 0.101028 0.378239 0.807323 0.334508 0.947115 0.780309 0.159517 0.910995 0.658924 
183 45 203 170 
0.989898 0.351788 0.919227 0.721263 0.174842 0.330314 0.564169 0.604773 0.439408 0.750649 0.724126 0.389984 0.0833995 0.0931137 0.818182 0.595847 
184 273 22 122 
0.7298 0.512559 0.266259 0.0643085 0.459674 0.0465679 0.223826 0.370669 0.705492 0.30847 0.900262 0.763303 0.298368 0.25205 0.68253 0.0196309 
185 233 221 179 
0.0316653 0.452252 0.334449 0.755792 0.842236 0.417849 0.848905 0.660418 0.0136955 0.477678 0.794738 0.472632 0.207478 0.307297 0.738891 0.271786 
186 188 4 0 
0.137641 0.490951 0.804082 0.0379032 0.254254 0.10245 0.289953 0.936784 0.122081 0.716845 0.949628 0.705881 0.748511 0.401879 0.0403303 0.504302 
187 207 52 139 
0.904533 0.471874 0.830885 0.699271 0.944506 0.0383628 0.00656858 0.683397 0.310149 0.77354 0.468856 0.805761 0.911181 0.959807 0.609843 0.949084 
188 268 37 156 
0.150845 0.834374 0.955883 0.100473 0.540255 0.704393 0.502352 0.580585 0.208696 0.746468 0.0387642 0.561903 0.651001 0.510639 0.392788 0.350272 
189 248 35 81 
0.138541 0.7413 0.130381 0.607397 0.547061 0.0415615 0.567203 0.156904 0.990645 0.781264 0.869197 0.229682 0.932109 0.703571 0.185565 0.0325823 
190 217 54 209 
0.824411 0.0986539 0.281402 0.863176 0.660557 0.932403 0.373814 0.053345 0.282676 0.828959 0.484496 0.639517 0.9675 0.225796 0.769897 0.574897 
191 40 81 259 
0.929761 0.802104 0.923364 0.798958 0.0317867 0.855474 0.502529 0.217352 0.888056 0.746356 0.10731 0.422991 0.570767 0.205964 0.704393 0.433943 
192 272 193 84 
0.919866 0.919471 0.636716 0.404362 0.558988 0.604216 0.630158 0.328885 0.179112 0.403015 0.140344 0.321212 0.332776 0.942449 0.244577 0.131734 
193 173 255 45 
0.191587 0.988107 0.380619 0.298897 0.411097 0.951386 0.504861 0.11549 0.385329 0.371382 0.752286 0.193086 0.291248 0.671757 0.829802 0.69561 
194 198 188 189 
0.559631 0.61313 0.728782 0.699975 0.934342 0.0615578 0.642424 0.178919 0.193292 0.616659 0.27897 0.827555 0.808246 0.267076 0.208174 0.107143 
195 215 114 52 
0.793664 0.544889 0.983387 0.54595 0.737975 0.274635 0.217707 0.567777 0.970245 0.448452 0.00179426 0.296012 0.00808301 0.614924 0.0247946 0.708058 
196 156 287 264 
0.728185 0.279644 0.96714 0.00715467 0.107199 0.775386 0.274231 0.315373 0.882529 0.952404 0.474933 0.494534 0.746068 0.0198225 0.47792 0.292017 
197 186 218 94 
0.325574 0.7228 0.958177 0.327369 0.0188119 0.96626 0.942293 0.0436065 0.674318 0.491559 0.129959 0.0247991 0.219744 0.409603 0.99194 0.226899 
198 23 223 116 
0.832175 0.649855 0.453534 0.307108 0.144389 0.199602 0.326931 0.622309 0.491619 0.0847286 0.374863 0.00134332 0.410303 0.0976628 0.95952 0.737672 
199 98 2 225 
0.160081 0.600097 0.171523 0.29004 0.624896 0.391268 0.699643 0.616836 0.618166 0.216445 0.384161 0.119296 0.0486197 0.0340164 0.57283 0.355728 
200 14 109 162 
0.800713 0.264051 0.767388 0.175577 0.265394 0.177691 0.27324 0.224914 0.915363 0.389714 0.150693 0.595327 0.549795 0.75079 0.766851 0.839835 
201 222 254 0 
0.992522 0.776284 0.755923 0.376683 0.89558 0.804542 0.4107 0.46841 0.160271 0.589105 0.240842 0.84293 0.389818 0.504892 0.610317 0.565395 
202 287 126 123 
0.9952 0.703371 0.228348 0.145893 0.298698 0.778144 0.896683 0.0655485 0.617979 0.27237 0.223667 0.157457 0.264891 0.999951 0.91338 0.641575 
203 67 264 43 
0.363942 0.878193 0.641379 0.604783 0.721122 0.0311968 0.109676 0.33144 0.596592 0.879962 0.119448 0.435226 0.875162 0.822819 0.663574 0.0210554 
204 258 174 196 
0.187065 0.0596969 0.190108 0.410732 0.217154 0.455 0.410683 0.130534 0.0965744 0.306214 0.848456 0.148849 0.670156 0.726648 0.790228 0.274939 
205 176 62 207 
0.77921 0.418016 0.264577 0.898658 0.853242 0.139739 0.721476 0.516816 0.160795 0.842993 0.958534 0.0785334 0.0300577 0.0182305 0.268642 0.440789 
206 167 156 284 
0.365918 0.820216 0.157686 0.214374 0.969065 0.827842 0.941022 0.759292 0.102782 0.388792 0.580717 0.487397 0.168002 0.998733 0.751974 0.0666596 
207 74 78 258 
0.36879 0.0525083 0.631129 0.327324 0.131042 0.661186 0.345554 0.399683 0.101976 0.580939 0.123325 0.953448 0.946857 0.943541 0.111134 0.16123 
208 173 271 295 
0.671898 0.0417583 0.491044 0.252615 0.529155 0.659046 0.251347 0.28113 0.725706 0.103322 0.172843 0.513842 0.472112 0.225351 0.14497 0.799436 
209 177 169 21 
0.756076 0.908132 0.725929 0.879401 0.86158 0.672786 0.822942 0.972714 0.834016 0.735548 0.91169 0.936268 0.407445 0.953449 0.427313 0.66006 
210 262 266 183 
0.763734 0.812065 0.0147288 0.936577 0.325906 0.486841 0.161928 0.470876 0.286276 0.518321 0.277032 0.431266 0.274397 0.185164 0.157195 0.153799 
211 187 190 27 
0.0194578 0.663997 0.712288 0.931148 0.600266 0.119734 0.884597 0.0275783 0.779794 0.367201 0.113937 0.691201 0.130934 0.926002 0.70593 0.0675109 
212 276 190 30 
0.722784 0.479047 0.74776 0.999817 0.910313 0.0221572 0.184981 0.067508 0.175956 0.231725 0.897489 0.152697 0.251183 0.561486 0.864985 0.182331 
213 62 273 15 
0.18933 0.764513 0.434128 0.303267 0.455714 0.565063 0.229269 0.161643 0.632573 0.481177 0.354414 0.862012 0.203961 0.83346 0.609772 0.203777 
214 14 161 186 
0.811281 0.807885 0.620483 0.70877 0.960582 0.871666 0.270256 0.825567 0.0539969 0.432008 0.810286 0.120924 0.621338 0.574799 0.555053 0.924605 
215 150 291 164 
0.192156 0.752689 0.63505 0.546569 0.614701 0.839011 0.380029 0.224473 0.0427884 0.123802 0.856402 0.431547 0.935084 0.664287 0.0520301 0.643854 
216 70 124 112 
0.450436 0.977693 0.346117 0.260722 0.0986174 0.967455 0.835521 0.65367 0.89206 0.866033 0.773785 0.0459333 0.0581885 0.526474 0.680984 0.604758 
217 245 16 13 
0.365647 0.562783 0.10859 0.222049 0.99433 0.0436732 0.886336 0.0463598 0.687527 0.511205 0.970056 0.601637 0.961641 0.947749 0.947754 0.222363 
218 54 57 2 
0.700036 0.807269 0.923917 0.473822 0.853202 0.982105 0.000295531 0.534186 0.586863 0.14147 0.0541803 0.57165 0.507117 0.616963 0.68024 0.729167 
219 217 40 201 
0.657653 0.41144 0.126708 0.627709 0.0130766 0.0883495 0.575458 0.960831 0.310713 0.621824 0.87604 0.368597 0.32186 0.683309 0.292513 0.795682 
220 225 43 35 
0.0706966 0.861482 0.937448 0.124877 0.433132 0.444565 0.74184 0.113372 0.173732 0.353133 0.837285 0.789235 0.010786 0.248725 0.915943 0.638495 
221 69 70 268 
0.222633 0.315005 0.835776 0.0986724 0.683602 0.157637 0.781981 0.976115 0.953319 0.318492 0.250734 0.749297 0.389189 0.112216 0.686744 0.514066 
222 211 55 76 
0.65872 0.305041 0.609039 0.496006 0.094276 0.619825 0.744731 0.0102189 0.25832 0.00653297 0.0145113 0.472272 0.229166 0.329516 0.308049 0.327838 
223 106 219 207 
0.989233 0.419004 0.428311 0.239967 0.168301 0.8175 0.352183 0.855045 0.331565 0.897532 0.986355 0.587471 0.556252 0.291396 0.19651 0.0522577 
224 140 257 164 
0.395891 0.0746551 0.803522 0.410402 0.546927 0.0326873 0.739919 0.854976 0.360525 0.753037 0.320661 0.470344 0.74227 0.739665 0.898655 0.982237 
225 36 59 200 
0.763012 0.0477207 0.231952 0.749367 0.635192 0.788204 0.0407629 0.831702 0.840462 0.426435 0.648038 0.637451 0.822326 0.722693 0.440973 0.232728 
226 228 270 43 
0.124596 0.834185 0.725684 0.445257 0.304529 0.467954 0.184922 0.203185 0.450191 0.0928889 0.91934 0.784612 0.855901 0.967061 0.0165645 0.605267 
227 210 105 236 
0.433955 0.645231 0.0724652 0.0819928 0.282682 0.894791 0.804685 0.723654 0.127519 0.0743054 0.197314 0.100166 0.198901 0.0314992 0.82585 0.644158 
228 117 178 275 
0.539213 0.743995 0.921969 0.458554 0.528607 0.77787 0.425614 0.545171 0.383137 0.0278672 0.34994 0.0291676 0.461822 0.995171 0.101633 0.543815 
229 172 101 271 
0.00150759 0.123943 0.422806 0.198822 0.22411 0.621707 0.230321 0.0499594 0.265865 0.56635 0.343763 0.0949455 0.105563 0.0877577 0.0169148 0.564117 
230 108 90 269 
0.161536 0.177922 0.0175981 0.511476 0.20709 0.47942 0.506647 0.308723 0.0232355 0.784501 0.305147 0.371736 0.786008 0.42909 0.794542 0.98483 
231 218 114 212 
0.703159 0.682114 0.781501 0.0469222 0.77706 0.887064 0.13468 0.793974 0.45118 0.751045 0.588759 0.440911 0.91258 0.766681 0.458509 0.424057 
232 198 57 135 
0.282494 0.961165 0.715205 0.587641 0.332901 0.501213 0.0167311 0.127443 0.486043 0.669931 0.543692 0.701194 0.37309 0.225806 0.482695 0.420012 
233 160 240 249 
0.79684 0.820939 0.305737 0.3856 0.261851 0.218317 0.152281 0.72036 0.642374 0.126053 0.65829 0.573078 0.408547 0.619455 0.288283 0.996187 
234 88 143 195 
0.0797996 0.275539 0.68285 0.623492 0.976733 0.0559397 0.849298 0.459428 0.475952 0.852164 0.829187 0.0306446 0.649005 0.650126 0.336381 0.0346044 
235 144 148 151 
0.632337 0.197073 0.312938 0.290626 0.770151 0.721485 0.910082 0.0584335 0.717672 0.862438 0.847929 0.730591 0.942237 0.123468 0.41344 0.565729 
236 18 214 49 
0.55963 0.945332 0.267192 0.388817 0.975977 0.916196 0.0389433 0.312358 0.950801 0.95092 0.867057 0.137686 0.583257 0.0641298 0.450624 0.873883 
237 69 85 225 
0.892714 0.889782 0.646403 0.740643 0.620373 0.58864 0.864112 0.0338129 0.15437 0.964313 0.503193 0.569397 0.523943 0.448525 0.836589 0.91276 
238 221 219 298 
0.73686 0.703585 0.902624 0.603918 0.841272 0.485881 0.668047 0.291896 0.359764 0.502328 0.464005 0.143729 0.395042 0.353787 0.790132 0.135685 
239 70 159 189 
0.00797239 0.533142 0.96411 0.511165 0.102539 0.488053 0.959691 0.939127 0.400813 0.384193 0.691912 0.352517 0.121053 0.395498 0.25514 0.724971 
240 191 69 270 
0.528665 0.100785 0.895346 0.992671 0.244514 0.290388 0.346458 0.0346458 0.426073 0.320617 0.413418 0.42587 0.32859 0.94656 0.38998 0.839755 
241 226 140 294 
0.988226 0.278846 0.183639 0.680138 0.631363 0.304692 0.0756358 0.886503 0.0296627 0.312405 0.627524 0.422681 0.84107 0.728309 0.318027 0.833741 
242 62 276 46 
0.00746912 0.0344875 0.500816 0.420887 0.460357 0.829406 0.367447 0.850337 0.669161 0.416545 0.728369 0.468606 0.404771 0.00721518 0.652245 0.0849094 
243 130 112 163 
0.525081 0.986599 0.47295 0.152605 0.40928 0.314021 0.880914 0.727307 0.147762 0.853738 0.335722 0.327961 0.861207 0.370209 0.828777 0.282094 
244 276 41 177 
0.680903 0.327343 0.066086 0.409272 0.79595 0.470857 0.416487 0.448195 0.555767 0.0550653 0.405131 0.716312 0.580146 0.391731 0.189262 0.732752 
245 31 271 256 
0.528318 0.651045 0.467404 0.86404 0.979006 0.32861 0.234249 0.807783 0.610704 0.0648155 0.465966 0.260245 0.745719 0.79331 0.326331 0.154991 
246 156 173 38 
0.352955 0.626544 0.442585 0.0692669 0.20669 0.834316 0.258529 0.939441 0.635327 0.761812 0.553107 0.163645 0.412858 0.020511 0.0276847 0.391864 
247 71 13 45 
0.959826 0.326749 0.665613 0.220071 0.0724678 0.458923 0.546402 0.227459 0.0481823 0.34359 0.798937 0.0856364 0.696545 0.42548 0.528222 0.765812 
248 261 256 170 
0.571612 0.997865 0.786154 0.124719 0.16151 0.199011 0.14523 0.189195 0.590875 0.494351 0.451128 0.790522 0.454177 0.777878 0.456135 0.674248 
249 158 39 37 
0.077804 0.96324 0.56424 0.876741 0.0488766 0.260785 0.302221 0.577098 0.0265974 0.934391 0.939636 0.0509388 0.506003 0.937501 0.837093 0.630722 
250 132 7 51 
0.288206 0.626979 0.270303 0.739334 0.417501 0.72448 0.517212 0.873636 0.398728 0.367557 0.788694 0.619378 0.445361 0.751934 0.183618 0.322102 
251 250 157 295 
0.377909 0.471 0.558714 0.317546 0.521939 0.0647175 0.255047 0.359032 0.695439 0.354058 0.395136 0.471391 0.642264 0.0221143 0.741695 0.381599 
252 100 263 16 
0.313251 0.864903 0.266368 0.101945 0.484281 0.711729 0.853879 0.667899 0.0338311 0.65469 0.112302 0.658154 0.0325991 0.583302 0.216869 0.350145 
253 107 15 255 
0.464273 0.977026 0.95925 0.859409 0.448417 0.601515 0.881523 0.190112 0.983113 0.321138 0.656286 0.881924 0.634389 0.521189 0.148292 0.736334 
254 280 164 39 
0.673369 0.893852 0.244903 0.785671 0.552006 0.277502 0.368973 0.768875 0.627647 0.474214 0.0504607 0.232839 0.938487 0.0274863 0.192089 0.797896 
255 283 113 56 
0.666015 0.776717 0.000556561 0.322301 0.658641 0.634946 0.843491 0.806932 0.37128 0.848961 0.666953 0.961493 0.52233 0.560805 0.206395 0.308 
256 290 116 171 
0.881685 0.111544 0.151187 0.932146 0.344383 0.0896738 0.959632 0.536472 0.887569 0.435536 0.330076 0.566988 0.10155 0.106793 0.567544 0.423852 
257 8 80 118 
0.572366 0.57377 0.116303 0.239319 0.535262 0.638633 0.800124 0.741658 0.946633 0.912935 0.225555 0.623606 0.79462 0.337099 0.774793 0.726766 
258 181 195 9 
0.217953 0.752036 0.121934 0.548029 0.319024 0.223485 0.654821 0.886569 0.647336 0.420255 0.0890587 0.914678 0.992621 0.662828 0.0309813 0.23194 
259 295 171 279 
0.939748 0.616247 0.944999 0.165303 0.239854 0.739619 0.502401 0.0146468 0.466386 0.183883 0.879114 0.152784 0.401836 0.63115 0.274719 0.949865 
260 45 246 129 
0.836743 0.145539 0.0249408 0.925802 0.0602175 0.0175618 0.58863 0.0911987 0.249502 0.786721 0.760813 0.281566 0.726469 0.37706 0.226565 0.891771 
261 241 128 253 
0.631561 0.43257 0.578056 0.510675 0.585354 0.979892 0.141825 0.860073 0.929756 0.0919991 0.358276 0.534442 0.928742 0.503815 0.559383 0.854544 
262 88 82 120 
0.655232 0.826447 0.229895 0.416044 0.108013 0.956363 0.793105 0.334579 0.848135 0.410019 0.300763 0.242307 0.0415793 0.733333 0.820363 0.552254 
263 73 140 37 
0.178761 0.730011 0.786078 0.537037 0.264453 0.71482 0.0408524 0.823836 0.569364 0.604885 0.40078 0.0125378 0.260117 0.227227 0.242432 0.676161 
264 64 95 107 
0.669819 0.0469304 0.879285 0.970582 0.289238 0.920864 0.703915 0.109601 0.473118 0.0226034 0.909855 0.167196 0.201364 0.639866 0.953274 0.738401 
265 222 14 21 
0.728155 0.237458 0.384139 0.128935 0.249995 0.644256 0.356162 0.492428 0.320417 0.691402 0.691224 0.789683 0.361221 0.738154 0.668968 0.331803 
266 270 269 169 
0.136993 0.0629492 0.0583218 0.046848 0.230146 0.259686 0.686714 0.18342 0.998088 0.591033 0.851513 0.777341 0.319188 0.088971 0.16148 0.448122 
267 271 62 266 
0.831394 0.126153 0.495687 0.522618 0.915837 0.856908 0.260772 0.584804 0.188711 0.288164 0.174636 0.224429 0.425156 0.237585 0.282751 0.472004 
268 164 146 266 
0.65115 0.540525 0.749752 0.502663 0.317866 0.0689391 0.591634 0.479347 0.517062 0.930601 0.285083 0.321346 0.761995 0.411236 0.817033 0.284613 
269 100 104 23 
0.911877 0.862652 0.833548 0.0865126 0.0870811 0.258704 0.324097 0.369832 0.730709 0.791828 0.91227 0.889427 0.442977 0.452794 0.639178 0.945641 
270 96 79 56 
0.250007 0.225179 0.467875 0.53509 0.546525 0.22987 0.946327 0.363558 0.514483 0.2734 0.0374991 0.0598671 0.185277 0.900151 0.893415 0.271789 
271 51 146 94 
0.357064 0.882828 0.387714 0.269334 0.772255 0.830692 0.722128 0.411433 0.776332 0.492789 0.119551 0.313607 0.742796 0.34473 0.781482 0.277886 
272 285 247 265 
0.254814 0.525835 0.497612 0.292313 0.585702 0.682889 0.192464 0.479117 0.954678 0.179696 0.631237 0.550564 0.53676 0.514065 0.938279 0.806093 
273 281 146 133 
0.697753 0.545302 0.02101 0.817304 0.858909 0.763806 0.162034 0.640391 0.0416918 0.0532898 0.651744 0.265904 0.308104 0.177578 0.763516 0.600417 
274 106 238 165 
0.242397 0.401083 0.972576 0.873634 0.951647 0.509336 0.387699 0.889926 0.315429 0.674018 0.658896 0.843651 0.371771 0.204199 0.864661 0.189075 
275 178 184 38 
0.703499 0.670159 0.404399 0.355243 0.936063 0.712503 0.532821 0.699579 0.312919 0.296102 0.145984 0.1058 0.538499 0.547067 0.0783761 0.412133 
276 157 6 86 
0.388641 0.903142 0.47385 0.047537 0.746793 0.845621 0.251736 0.611454 0.0346962 0.314844 0.23992 0.385805 0.0183431 0.910079 0.790205 0.373586 
277 36 235 66 
0.545721 0.815627 0.202509 0.691705 0.921426 0.741008 0.238773 0.999803 0.153141 0.737487 0.587515 0.952973 0.126128 0.490656 0.426823 0.173665 
278 107 100 55 
0.848902 0.30714 0.740244 0.0888226 0.692946 0.758587 0.998902 0.48315 0.132173 0.845043 0.985858 0.0385808 0.390764 0.801484 0.24109 0.0824699 
279 1 157 234 
0.722713 0.135239 0.0587301 0.310228 0.088212 0.184858 0.800884 0.515035 0.358523 0.0383329 0.787479 0.783924 0.887235 0.0946196 0.524168 0.976058 
280 273 200 110 
0.270716 0.414929 0.820003 0.256574 0.45351 0.210767 0.0580578 0.6946 0.293237 0.780969 0.676698 0.61448 0.503682 0.811937 0.67321 0.81391 
281 205 11 8 
0.415184 0.216591 0.653127 0.202663 0.000515241 0.540362 0.297282 0.524684 0.51642 0.0848478 0.80744 0.491379 0.355564 0.222369 0.311382 0.612137 
282 228 273 187 
0.370479 0.815386 0.451164 0.0471768 0.429866 0.954846 0.859113 0.103075 0.768755 0.759262 0.961143 0.383549 0.174446 0.177735 0.0366764 0.377108 
283 210 67 164 
0.702934 0.0934583 0.759239 0.510373 0.584837 0.114802 0.732742 0.896219 0.726939 0.408621 0.418368 0.397134 0.7791 0.233754 0.848298 0.826277 
284 33 164 128 
0.766695 0.571899 0.444653 0.727838 0.955449 0.619099 0.905573 0.992125 0.996207 0.083823 0.569163 0.670598 0.786757 0.662622 0.429836 0.29713 
285 24 116 30 
0.143678 0.271578 0.438493 0.562046 0.668712 0.217594 0.7958 0.51701 0.043871 0.45942 0.320154 0.729262 0.226114 0.892053 0.173915 0.953953 
286 202 280 19 
0.839626 0.78922 0.943349 0.40879 0.459818 0.730105 0.0714114 0.889655 0.027235 0.31887 0.434293 0.0571068 0.462549 0.705871 0.4956 0.0245949 
287 9 188 244 
0.891594 0.757065 0.279814 0.211748 0.486327 0.505929 0.103801 0.660241 0.459882 0.951302 0.453255 0.319407 0.790929 0.242475 0.262756 0.199718 
288 183 114 63 
0.591947 0.0200963 0.59 0.0262407 0.0772031 0.0525489 0.732112 0.572803 0.0771438 0.106696 0.285997 0.897539 0.99829 0.0430617 0.177353 0.210037 
289 259 157 67 
0.18963 0.143164 0.265141 0.642884 0.462571 0.0560692 0.885359 0.725327 0.255788 0.587652 0.718189 0.526917 0.179599 0.738285 0.116918 0.20584 
290 57 212 54 
0.388291 0.24661 0.0446476 0.674288 0.144149 0.0429372 0.71735 0.321502 0.252975 0.246738 0.00478413 0.566813 0.436368 0.147948 0.831954 0.0792517 
291 90 125 99 
0.335846 0.14381 0.552262 0.0540345 0.670728 0.731862 0.792319 0.787645 0.937702 0.607807 0.957112 0.875654 0.996098 0.203722 0.920301 0.670386 
292 13 272 280 
0.669373 0.216213 0.634474 0.674157 0.783026 0.0708418 0.822105 0.61498 0.150093 0.432624 0.503003 0.114704 0.76847 0.646813 0.666966 0.822504 
293 161 227 113 
0.105187 0.33653 0.222631 0.0622983 0.212184 0.218729 0.26602 0.132485 0.889116 0.613891 0.0957238 0.276852 0.283264 0.311937 0.911326 0.957421 
294 133 66 176 
0.709944 0.132261 0.212149 0.212946 0.246965 0.980619 0.85976 0.913932 0.803123 0.177301 0.31276 0.417947 0.282488 0.64929 0.640578 0.344786 
295 55 261 95 
0.993959 0.748423 0.224697 0.0896824 0.0252746 0.507961 0.40162 0.936601 0.465382 0.496583 0.918769 0.244907 0.206527 0.0510301 0.457057 0.419473 
296 81 73 2 
0.211927 0.240799 0.456534 0.524687 0.658745 0.739022 0.173977 0.299323 0.0838075 0.0354505 0.15863 0.694614 0.029409 0.907052 0.919311 0.119091 
297 263 204 7 
0.868928 0.892653 0.017294 0.787696 0.13756 0.223821 0.838727 0.594617 0.643294 0.136722 0.0322925 0.922527 0.348649 0.273091 0.379061 0.873337 
298 250 174 167 
0.231159 0.20189 0.0827641 0.389789 0.896503 0.112173 0.296842 0.815814 0.231265 0.229168 0.243085 0.751976 0.0980961 0.135739 0.76927 0.885792 
299 165 239 29 
0.867916 0.636384 0.861241 0.900209 0.55891 0.209891 0.1733 0.937971 0.0832272 0.105136 0.0560529 0.130541 0.336296 0.257942 0.213305 0.726085 
