800 3
1 1 0 1 1 1 0 1 0 1 0 1 1 0 0 1 0 0 0 1 0 1 1 1 1 1 1 1 1 0 0 1 1 1 1 1 1 0 1 0 0 0 0 1 0 0 1 1 1 0 1 0 0 1 0 1 0 1 1 0 0 0 0 0 0 0 1 0 1 1 1 0 1 0 0 0 1 0 0 0 0 0 1 1 0 1 1 1 1 1 0 0 0 1 0 1 0 0 0 0 0 0 0 0 0 1 1 0 1 0 1 0 1 0 0 1 0 1 1 0 1 1 1 1 1 0 1 1 1 1 0 1 0 1 0 1 0 1 1 0 0 1 1 1 0 0 1 1 0 1 0 1 1 1 1 0 0 1 0 1 1 1 1 1 0 0 1 1 0 1 0 0 0 0 0 1 1 0 0 1 0 1 1 1 1 1 0 1 1 1 1 0 1 1 0 0 0 0 0 0 1 1 1 0 0 0 0 1 1 1 1 0 0 1 0 0 1 1 0 1 1 0 0 0 0 1 1 0 1 1 1 1 1 1 0 1 0 1 1 0 0 1 1 1 1 1 0 1 1 0 1 0 1 1 1 1 1 1 0 1 1 0 1 0 0 0 0 1 1 0 0 0 0 0 0 0 0 1 0 1 0 0 0 1 0 0 1 1 0 0 1 1 1 0 0 0 1 1 0 1 0 1 0 1 0 1 0 0 0 1 0 1 0 1 1 0 0 1 0 1 0 0 1 0 1 0 1 0 0 0 0 1 0 0 1 0 0 0 1 1 0 0 0 0 0 0 1 1 1 0 1 0 1 0 0 0 1 0 1 1 0 0 1 1 1 0 0 1 1 0 1 1 1 0 0 0 0 0 0 0 1 1 1 1 0 0 0 0 0 0 0 1 0 1 1 0 0 1 0 0 0 1 0 1 0 1 0 1 0 0 0 0 0 1 1 1 0 0 0 1 0 0 1 1 0 0 0 1 0 0 0 1 0 0 1 1 0 1 0 0 0 1 1 1 1 1 1 1 1 0 1 0 1 0 0 0 1 1 0 0 0 0 0 1 1 1 0 0 1 1 1 0 1 0 0 0 0 0 0 0 1 0 1 0 1 0 1 1 1 1 0 0 0 0 1 0 0 0 1 0 0 0 1 0 1 0 1 0 1 0 0 1 0 0 0 0 0 1 1 0 1 0 1 0 1 1 1 0 0 1 1 1 0 1 1 0 0 1 0 0 1 1 1 0 0 0 1 1 0 1 0 0 1 1 1 1 1 1 1 1 0 1 1 1 0 1 1 1 0 0 1 0 0 1 1 1 0 1 0 0 0 1 1 0 1 0 0 0 0 0 0 1 1 0 0 0 1 0 0 0 1 0 1 0 0 1 0 0 1 1 1 0 0 1 1 0 0 1 1 0 0 0 0 0 0 1 1 0 0 1 1 0 0 1 1 0 1 1 1 1 1 1 1 0 1 1 0 1 1 0 0 1 0 1 0 1 0 1 0 1 1 0 1 0 0 1 1 0 1 1 0 0 1 0 1 0 1 0 0 1 0 1 1 1 1 1 1 0 1 0 1 1 1 1 0 0 1 1 1 0 1 0 1 0 0 1 1 0 1 0 0 0 0 1 0 0 1 0 0 1 1 0 1 1 0 0 0 0 0 0 1 1 1 1 0 0 0 0 1 0 1 1 1 0 1 0 1 1 1 0 1 1 1 1 1 0 0 0 0 0 1 0 0 1 1 1 1 0 0 1 1 0 1 1 1 1 0 1 1 0 1 1 0 1 1 0 1 1 1 0 0 1 1 1 1 1 1 1 0 0 
0 363 637 
0.361296 0.123933 0.28465 0.622816 0.705227 0.758603 0.235232 0.785102 
1 783 260 
0.167285 0.401182 0.658442 0.937285 0.562667 0.806432 0.0309361 0.0472685 
2 694 606 
0.204236 0.0800011 0.56811 0.694856 0.255564 0.800815 0.0987963 0.345124 
3 777 613 
0.478019 0.18338 0.368059 0.762669 0.806196 0.0732861 0.521273 0.0414281 
4 789 541 
0.774522 0.0256732 0.745019 0.432964 0.962959 0.307686 0.239396 0.993895 
5 349 148 
0.620595 0.559191 0.323867 0.188705 0.254047 0.579431 0.98952 0.352844 
6 764 134 
0.59697 0.402575 0.994983 0.965029 0.165244 0.801179 0.0383152 0.686517 
7 721 552 
0.030354 0.617129 0.922377 0.775373 0.0500937 0.885336 0.0830589 0.28949 
8 100 18 
0.533356 0.499825 0.997204 0.857223 0.688531 0.251251 0.436654 0.67805 
9 226 372 
0.489654 0.201065 0.763784 0.484638 0.166094 0.929029 0.285817 0.204409 
10 122 13 
0.101113 0.645899 0.745554 0.0234901 0.421272 0.795647 0.908826 0.504331 
11 432 45 
0.942345 0.618493 0.287882 0.939549 0.475715 0.976412 0.1908 0.91237 
12 493 698 
0.27358 0.144117 0.99596 0.0373642 0.628754 0.162055 0.966393 0.914571 
13 269 215 
0.0429952 0.467577 0.227838 0.788549 0.491067 0.64911 0.584196 0.399893 
14 65 188 
0.187949 0.0957861 0.287826 0.475831 0.0353349 0.763541 0.452243 0.226135 
15 431 418 
0.0210305 0.949491 0.250822 0.0169908 0.986855 0.879576 0.179045 0.953248 
16 236 501 
0.535186 0.837143 0.0130866 0.763023 0.625691 0.504154 0.412133 0.209888 
17 299 738 
0.879221 0.091996 0.661361 0.167046 0.567827 0.696696 0.930587 0.0200697 
18 34 389 
0.126775 0.943861 0.555989 0.377597 0.960852 0.542844 0.257174 0.139897 
19 137 555 
0.685407 0.0312771 0.888464 0.698493 0.7943 0.514155 0.202647 0.206434 
20 368 48 
0.772008 0.603264 0.19869 0.433369 0.77031 0.766517 0.130065 0.700898 
21 551 56 
0.307396 0.913362 0.996757 0.863385 0.29096 0.957609 0.406229 0.548133 
22 399 646 
0.599455 0.782913 0.933597 0.487919 0.481407 0.727897 0.00207421 0.684054 
23 657 295 
0.790748 0.706339 0.329381 0.989438 0.139708 0.0996913 0.755955 0.269773 
24 297 352 
0.322668 0.107985 0.455904 0.319425 0.97137 0.746864 0.277034 0.377598 
25 601 611 
0.279918 0.894452 0.157453 0.213515 0.382371 0.63886 0.941413 0.384445 
26 600 460 
0.110562 0.113662 0.582083 0.439943 0.103101 0.721791 0.539635 0.859056 
27 243 392 
0.401598 0.314233 0.448208 0.857502 0.633658 0.419578 0.604366 0.910692 
28 487 126 
0.285232 0.077094 0.793815 0.442685 0.290609 0.176185 0.0815455 0.232022 
29 270 623 
0.107766 0.671192 0.518122 0.689849 0.111136 0.621222 0.41164 0.65077 
30 182 196 
0.990994 0.881876 0.717437 0.439202 0.739379 0.351095 0.85878 0.343745 
31 236 256 
0.243108 0.547019 0.73305 0.0369224 0.989704 0.0236587 0.213108 0.0712496 
32 175 311 
0.475709 0.363446 0.44493 0.993831 0.0532946 0.556066 0.615053 0.464935 
33 303 402 
0.868139 0.19783 0.977208 0.585576 0.637032 0.716587 0.936671 0.495812 
34 142 88 
0.151768 0.303439 0.745476 0.884817 0.340361 0.73518 0.908476 0.553469 
35 611 679 
0.327207 0.282139 0.527602 0.772138 0.27597 0.580897 0.328204 0.891023 
36 33 416 
0.986355 0.91397 0.73287 0.963562 0.499546 0.369903 0.680149 0.436217 
37 119 312 
0.634674 0.0174822 0.0439189 0.38015 0.902299 0.38428 0.115331 0.810775 
38 786 245 
0.974931 0.264956 0.2039 0.502534 0.0370937 0.47987 0.0834309 0.365297 
39 449 122 
0.900338 0.357247 0.0432327 0.633208 0.32081 0.542779 0.00311074 0.000958872 
40 610 379 
0.741439 0.61367 0.886308 0.785358 0.993821 0.788607 0.169638 0.109151 
41 127 78 
0.0309119 0.574314 0.372343 0.234812 0.0768475 0.409437 0.714681 0.160278 
42 8 474 
0.289541 0.675072 0.442821 0.332774 0.30828 0.763631 0.875552 0.311391 
43 265 327 
0.180216 0.506029 0.468218 0.066524 0.291387 0.462039 0.855131 0.461025 
44 664 191 
0.568412 0.602102 0.0288267 0.940755 0.836914 0.105674 0.350192 0.551595 
45 168 28 
0.637169 0.555493 0.799999 0.0799898 0.888267 0.108279 0.843621 0.76382 
46 42 16 
0.618368 0.599886 0.11424 0.086586 0.66641 0.405627 0.548625 0.521541 
47 760 17 
0.976054 0.435064 0.721917 0.00488095 0.375819 0.558831 0.110555 0.726011 
48 541 413 
0.850938 0.747594 0.932001 0.650937 0.827584 0.820268 0.759216 0.671204 
49 785 345 
0.279415 0.202456 0.778773 0.393655 0.289042 0.445183 0.799281 0.837667 
50 147 355 
0.957482 0.942778 0.100996 0.679399 0.947659 0.476815 0.238229 0.0582145 
51 682 302 
0.434722 0.053765 0.0962484 0.366724 0.704702 0.923832 0.186992 0.463919 
52 626 653 
0.642805 0.874451 0.973536 0.421578 0.268106 0.262577 0.866761 0.0673873 
53 506 258 
0.73332 0.0577253 0.776263 0.834316 0.737124 0.723922 0.311132 0.975353 
54 253 311 
0.324008 0.216859 0.567723 0.420256 0.583583 0.272426 0.344088 0.770575 
55 132 195 
0.541655 0.379149 0.813576 0.51519 0.800727 0.0816822 0.777767 0.667488 
56 200 456 
0.500972 0.882389 0.935736 0.277235 0.716706 0.67286 0.00115747 0.0278373 
57 58 309 
0.541796 0.972221 0.000153248 0.109519 0.392477 0.583736 0.381945 0.736565 
58 157 348 
0.67569 0.895965 0.497438 0.489266 0.411155 0.298165 0.570948 0.188922 
59 445 332 
0.0669333 0.466625 0.602407 0.00266946 0.74386 0.319112 0.67553 0.745018 
60 703 260 
0.528312 0.888745 0.295964 0.528465 0.998264 0.688441 0.112201 0.380209 
61 453 562 
0.498498 0.100695 0.362477 0.995936 0.589961 0.773632 0.294101 0.160908 
62 94 295 
0.880926 0.0294876 0.726379 0.483332 0.0321571 0.470239 0.802445 0.707687 
63 549 21 
0.0314294 0.743569 0.0381395 0.327393 0.272034 0.0364038 0.0158335 0.384235 
64 284 240 
0.850747 0.915111 0.541534 0.213224 0.911047 0.131495 0.986856 0.205148 
65 20 381 
0.464902 0.173329 0.978898 0.191282 0.656661 0.0110548 0.661521 0.459106 
66 750 630 
0.6085 0.750171 0.620347 0.646639 0.0775638 0.892382 0.683043 0.0933973 
67 474 720 
0.534236 0.127364 0.0147666 0.0757705 0.340588 0.925813 0.207265 0.327444 
68 25 561 
0.276854 0.595864 0.672997 0.255752 0.787145 0.329659 0.266807 0.448666 
69 688 600 
0.325445 0.397264 0.735719 0.945792 0.0439035 0.813283 0.838174 0.726947 
70 8 54 
0.826603 0.440917 0.242155 0.841369 0.516687 0.582744 0.767183 0.723952 
71 654 767 
0.223621 0.187042 0.494008 0.896618 0.442793 0.281153 0.226277 0.7096 
72 588 79 
0.695148 0.0552644 0.412305 0.430867 0.00105658 0.456209 0.24415 0.839231 
73 240 19 
0.954022 0.00975811 0.591747 0.196177 0.851127 0.108434 0.778921 0.61831 
74 632 95 
0.516454 0.0560072 0.87615 0.0104617 0.952626 0.318943 0.291615 0.178903 
75 492 686 
0.193944 0.723691 0.0766989 0.606249 0.154559 0.0777555 0.0624582 0.398709 
76 496 182 
0.549539 0.871008 0.255372 0.141286 0.0671847 0.106499 0.24972 0.846105 
77 147 549 
0.535213 0.241263 0.138113 0.411363 0.251724 0.0907389 0.730306 0.543339 
78 634 633 
0.564774 0.463586 0.48254 0.641473 0.069835 0.637099 0.719228 0.132293 
79 604 569 
0.377907 0.585347 0.507222 0.633279 0.726632 0.574407 0.739778 0.976352 
80 710 381 
0.0584582 0.955725 0.70585 0.196571 0.367088 0.957574 0.28731 0.0973933 
81 600 671 
0.856242 0.0656871 0.0205377 0.338782 0.70716 0.0903727 0.975881 0.426388 
82 156 406 
0.0626024 0.600573 0.597034 0.569824 0.233851 0.323667 0.144231 0.973629 
83 445 697 
0.438216 0.358477 0.520468 0.144065 0.555049 0.887556 0.101639 0.842359 
84 723 697 
0.399311 0.841191 0.66824 0.419849 0.179973 0.3754 0.510222 0.155853 
85 118 174 
0.167541 0.86439 0.33346 0.764576 0.434214 0.567312 0.0882424 0.578445 
86 413 344 
0.143188 0.979157 0.746739 0.663656 0.123222 0.301788 0.551211 0.224862 
87 153 734 
0.827414 0.543458 0.377351 0.495654 0.963307 0.557324 0.871054 0.473529 
88 403 193 
0.206417 0.880718 0.537231 0.539877 0.645294 0.971445 0.107189 0.733536 
89 122 790 
0.121797 0.693079 0.627287 0.868536 0.356734 0.750509 0.170324 0.907946 
90 155 411 
0.444106 0.802785 0.857929 0.821457 0.298439 0.821236 0.37878 0.169493 
91 87 411 
0.842334 0.501181 0.972675 0.379565 0.0410581 0.617969 0.351011 0.148247 
92 598 644 
0.796377 0.473302 0.59398 0.423663 0.341838 0.950714 0.174172 0.512162 
93 231 749 
0.826632 0.302765 0.952328 0.684561 0.124222 0.250768 0.505797 0.503002 
94 462 330 
0.594959 0.262595 0.301743 0.567634 0.64216 0.342801 0.185603 0.99317 
95 586 544 
0.894071 0.287424 0.0104093 0.488051 0.711088 0.352247 0.438765 0.88526 
96 431 744 
0.0348033 0.691041 0.600189 0.987132 0.375603 0.724411 0.237899 0.881399 
97 417 17 
0.681961 0.822372 0.920755 0.983704 0.390007 0.562915 0.326505 0.575609 
98 305 330 
0.112717 0.450156 0.104978 0.123126 0.938207 0.816065 0.475373 0.376972 
99 67 761 
0.674396 0.736129 0.0308241 0.274586 0.72326 0.406427 0.998997 0.96116 
100 179 266 
0.61932 0.969787 0.0487822 0.540075 0.953491 0.438789 0.102989 0.279997 
101 61 236 
0.0975496 0.127115 0.109231 0.202527 0.250241 0.0474382 0.0185926 0.725615 
102 673 78 
0.0653974 0.0988067 0.456047 0.0962214 0.373392 0.179307 0.502648 0.372389 
103 665 638 
0.598799 0.759787 0.760261 0.647581 0.299861 0.713753 0.0863698 0.402851 
104 116 273 
0.0619252 0.0912988 0.227883 0.171156 0.293826 0.478125 0.218594 0.312419 
105 553 48 
0.0323365 0.269137 0.741811 0.488383 0.365358 0.115203 0.66769 0.868006 
106 17 139 
0.65848 0.0863913 0.567944 0.418742 0.733972 0.867805 0.132494 0.820342 
107 666 359 
0.92111 0.332581 0.217542 0.148994 0.503737 0.511368 0.627118 0.722331 
108 183 98 
0.365336 0.856123 0.0999942 0.107147 0.344507 0.465352 0.22235 0.0121969 
109 723 379 
0.820354 0.991839 0.796334 0.388298 0.410581 0.530307 0.256103 0.543075 
110 456 386 
0.669319 0.271759 0.85934 0.886861 0.420753 0.363078 0.398229 0.0478707 
111 691 408 
0.878728 0.450745 0.0781398 0.978723 0.557892 0.422646 0.444075 0.780242 
112 759 404 
0.490185 0.255197 0.769273 0.286519 0.643495 0.179853 0.816826 0.899598 
113 370 269 
0.426358 0.392247 0.439234 0.285698 0.279108 0.859986 0.648776 0.677338 
114 192 707 
0.899354 0.786585 0.184929 0.977494 0.765308 0.742821 0.40014 0.209383 
115 488 51 
0.986816 0.0132485 0.0901811 0.756089 0.299768 0.733676 0.935942 0.116594 
116 217 257 
0.284068 0.0596325 0.0511182 0.723302 0.345331 0.330226 0.583288 0.994106 
117 163 471 
0.728291 0.906918 0.277731 0.91322 0.884411 0.0430386 0.656042 0.284552 
118 328 193 
0.119535 0.239238 0.192353 0.209716 0.995327 0.492121 0.943393 0.931269 
119 126 207 
0.59014 0.892784 0.6363 0.641258 0.616086 0.981631 0.971485 0.199374 
120 329 549 
0.690519 0.704028 0.885966 0.96825 0.617249 0.770378 0.0112889 0.27329 
121 283 595 
0.452395 0.174465 0.502948 0.644749 0.384181 0.498275 0.13687 0.327574 
122 337 397 
0.904241 0.0196842 0.638369 0.540542 0.660943 0.254454 0.522172 0.632427 
123 491 420 
0.611476 0.144348 0.201938 0.497442 0.112598 0.819186 0.26782 0.123887 
124 712 72 
0.387597 0.544871 0.497215 0.890545 0.18962 0.881396 0.38882 0.32649 
125 453 311 
0.0720747 0.113211 0.838048 0.710443 0.653753 0.498991 0.964897 0.175925 
126 365 479 
0.673834 0.742894 0.563073 0.875772 0.240336 0.675671 0.694958 0.508157 
127 395 597 
0.830907 0.187155 0.332306 0.328121 0.0776997 0.521925 0.209517 0.466519 
128 619 596 
0.284883 0.92049 0.531698 0.122931 0.630933 0.18545 0.621922 0.59583 
129 355 669 
0.0145558 0.0352097 0.496234 0.577629 0.910982 0.73657 0.2533 0.60594 
130 625 364 
0.393374 0.0756336 0.240012 0.72568 0.403755 0.317712 0.247605 0.613272 
131 173 300 
0.0317587 0.0691146 0.0165096 0.563456 0.192046 0.647443 0.748907 0.813967 
132 522 280 
0.567307 0.257829 0.145492 0.0635408 0.835457 0.0564735 0.800111 0.0887573 
133 750 437 
0.141615 0.0557872 0.120471 0.381627 0.781467 0.524226 0.699339 0.0290715 
134 679 785 
0.125091 0.169257 0.552685 0.141601 0.732713 0.744731 0.789044 0.48162 
135 122 726 
0.591902 0.126005 0.290145 0.737394 0.189546 0.125603 0.793868 0.989657 
136 710 385 
0.0344948 0.355975 0.512068 0.154966 0.737602 0.293535 0.679192 0.436941 
137 487 686 
0.920512 0.447698 0.985947 0.473197 0.589299 0.718661 0.217928 0.378342 
138 582 333 
0.410659 0.792183 0.902631 0.700804 0.529577 0.0921773 0.826407 0.323445 
139 214 320 
0.779726 0.116329 0.396741 0.291794 0.271295 0.134343 0.585328 0.950487 
140 766 378 
0.767178 0.491796 0.355632 0.753125 0.964993 0.944931 0.471786 0.18292 
141 220 536 
0.959546 0.733932 0.46425 0.862178 0.434736 0.993827 0.954355 0.261143 
142 322 443 
0.301909 0.0969976 0.152518 0.69865 0.388791 0.423813 0.832993 0.97412 
143 239 31 
0.882054 0.141479 0.896073 0.237687 0.894604 0.861065 0.182618 0.36639 
144 296 400 
0.0384571 0.00353204 0.239823 0.502707 0.86571 0.674559 0.496534 0.820064 
145 76 86 
0.856254 0.237611 0.910804 0.00877184 0.936261 0.299595 0.432585 0.769254 
146 483 351 
0.173531 0.155769 0.948365 0.0696036 0.393455 0.842969 0.930669 0.576073 
147 18 97 
0.0819636 0.247817 0.978187 0.321787 0.750524 0.843896 0.996346 0.247058 
148 326 581 
0.0608638 0.520214 0.169658 0.971667 0.528986 0.105919 0.271262 0.961572 
149 161 679 
0.768458 0.0487033 0.700745 0.716823 0.118307 0.0942006 0.559792 0.048976 
150 59 768 
0.0236308 0.752237 0.0169679 0.00181766 0.0740235 0.767491 0.845714 0.0703692 
151 790 255 
0.00241659 0.0754129 0.0298895 0.172075 0.0470803 0.558876 0.277993 0.318343 
152 135 387 
0.863319 0.288905 0.201869 0.564065 0.00572769 0.320176 0.658265 0.56552 
153 713 172 
0.334671 0.392783 0.0807755 0.351639 0.3946 0.154799 0.11913 0.240315 
154 54 692 
0.74999 0.227585 0.209092 0.779879 0.399659 0.256173 0.338755 0.677653 
155 622 20 
0.830819 0.437835 0.148107 0.0326878 0.00189956 0.153835 0.352864 0.660165 
156 129 362 
0.988704 0.0540253 0.114799 0.0694791 0.405664 0.509399 0.224278 0.524794 
157 194 647 
0.658474 0.499703 0.677031 0.867566 0.279582 0.0766902 0.123739 0.618337 
158 23 291 
0.477539 0.585162 0.136089 0.625646 0.617849 0.137988 0.779481 0.970713 
159 301 427 
0.692729 0.786857 0.552861 0.807528 0.856336 0.958525 0.316927 0.080614 
160 576 274 
0.53006 0.141793 0.566344 0.207091 0.00935894 0.845926 0.283781 0.133098 
161 222 689 
0.831352 0.941802 0.623286 0.96744 0.567448 0.241135 0.105429 0.346928 
162 67 406 
0.845764 0.904577 0.690439 0.398624 0.712105 0.546775 0.357149 0.0290317 
163 65 481 
0.095672 0.157449 0.982261 0.662016 0.36454 0.99162 0.507941 0.648321 
164 263 453 
0.686445 0.956069 0.914005 0.309731 0.923509 0.481453 0.550866 0.0289381 
165 758 537 
0.93252 0.674145 0.667292 0.622959 0.0727689 0.379397 0.169734 0.429918 
166 286 742 
0.270386 0.504101 0.954572 0.252646 0.166116 0.319112 0.244266 0.674057 
167 474 217 
0.646261 0.653878 0.325052 0.560266 0.963609 0.248561 0.0417193 0.514476 
168 631 246 
0.27719 0.21002 0.544245 0.944482 0.832979 0.617014 0.323879 0.00271238 
169 95 382 
0.799835 0.317318 0.236409 0.754407 0.569964 0.402525 0.0735183 0.814229 
170 341 246 
0.183212 0.722844 0.694829 0.508264 0.28311 0.658439 0.756826 0.324829 
171 87 670 
0.19493 0.450105 0.244345 0.739175 0.394587 0.0773232 0.35619 0.718466 
172 640 167 
0.450774 0.879871 0.720439 0.687183 0.634277 0.290403 0.0897082 0.707796 
173 708 796 
0.748747 0.287845 0.889134 0.443576 0.796109 0.172244 0.102015 0.552935 
174 120 410 
0.58726 0.692004 0.725033 0.831605 0.431179 0.11962 0.908928 0.787368 
175 90 201 
0.19049 0.288861 0.868834 0.910929 0.976044 0.503111 0.201332 0.0657526 
176 80 748 
0.232043 0.959654 0.593809 0.121177 0.40323 0.389918 0.293422 0.505244 
177 530 323 
0.780173 0.530113 0.482499 0.505207 0.361717 0.913678 0.624827 0.270645 
178 498 104 
0.259608 0.891537 0.751775 0.128442 0.802466 0.72782 0.631554 0.00379758 
179 79 603 
0.309762 0.0256154 0.802114 0.90357 0.146793 0.205344 0.293488 0.440215 
180 437 112 
0.23071 0.490762 0.766453 0.71321 0.995969 0.12817 0.626888 0.620796 
181 602 611 
0.0837096 0.658424 0.219471 0.835485 0.786866 0.0219366 0.563304 0.418419 
182 535 75 
0.26088 0.335496 0.382492 0.0629942 0.239066 0.529285 0.268338 0.532554 
183 390 628 
0.768895 0.20021 0.469689 0.535348 0.913419 0.465657 0.663518 0.540307 
184 48 696 
0.868241 0.170162 0.720757 0.0877121 0.00564718 0.507623 0.109649 0.568952 
185 677 543 
0.925828 0.186923 0.470879 0.30832 0.249917 0.709945 0.837605 0.518255 
186 51 26 
0.497182 0.0113937 0.00731411 0.966871 0.546742 0.920733 0.432528 0.21026 
187 53 227 
0.272594 0.329282 0.689143 0.993351 0.416994 0.69479 0.500975 0.526643 
188 482 433 
0.662025 0.18957 0.61394 0.132904 0.49789 0.863857 0.842849 0.335495 
189 538 505 
0.142599 0.879294 0.0967415 0.149913 0.846165 0.643483 0.0706464 0.278693 
190 36 799 
0.797673 0.126337 0.860969 0.486816 0.119689 0.277962 0.181607 0.620663 
191 561 322 
0.0476803 0.46663 0.634918 0.66162 0.599534 0.132808 0.525477 0.442383 
192 472 579 
0.527731 0.610902 0.786883 0.624472 0.760814 0.633047 0.267956 0.831461 
193 401 370 
0.363148 0.709413 0.248036 0.224116 0.196229 0.367725 0.502079 0.377836 
194 285 21 
0.823185 0.0360685 0.773314 0.458103 0.697689 0.372848 0.590911 0.223165 
195 403 20 
0.130754 0.342962 0.670115 0.917637 0.967434 0.43093 0.550684 0.23539 
196 586 473 
0.357089 0.625538 0.171836 0.605126 0.849655 0.368066 0.972851 0.351733 
197 332 764 
0.658417 0.569086 0.997307 0.43173 0.0271891 0.694996 0.804578 0.6181 
198 188 250 
0.677314 0.0489157 0.962772 0.34743 0.966552 0.930206 0.778359 0.517236 
199 706 582 
0.97966 0.522685 0.666289 0.151496 0.127811 0.515943 0.519562 0.100662 
200 748 591 
0.0619006 0.526093 0.834549 0.059208 0.957823 0.861739 0.754204 0.762402 
201 337 743 
0.382211 0.157153 0.721281 0.344982 0.504582 0.687834 0.275189 0.282942 
202 554 373 
0.323692 0.18473 0.96347 0.98998 0.336226 0.0912812 0.505924 0.855788 
203 668 355 
0.121251 0.253844 0.899693 0.9558 0.313052 0.857516 0.817539 0.0672557 
204 366 242 
0.739621 0.00212849 0.454531 0.460903 0.347111 0.959113 0.148737 0.6223 
205 558 326 
0.0630842 0.565747 0.538536 0.0265544 0.555727 0.874762 0.117836 0.0616504 
206 459 162 
0.43525 0.851801 0.563622 0.334943 0.807601 0.876674 0.192459 0.62514 
207 434 749 
0.922518 0.683551 0.814505 0.377048 0.144453 0.161616 0.336161 0.29319 
208 369 744 
0.646996 0.847 0.143963 0.185533 0.873554 0.69969 0.060295 0.99139 
209 440 670 
0.301168 0.19659 0.642645 0.86479 0.531533 0.450247 0.741464 0.723992 
210 129 300 
0.536369 0.997904 0.368943 0.350874 0.374953 0.513397 0.51249 0.711114 
211 54 602 
0.28933 0.453583 0.143406 0.433293 0.639116 0.01696 0.132982 0.699411 
212 591 99 
0.490256 0.309518 0.0909126 0.132901 0.174308 0.622446 0.583148 0.915772 
213 557 29 
0.601165 0.882808 0.656438 0.970108 0.233682 0.031391 0.483505 0.746172 
214 627 205 
0.0425782 0.0318351 0.743674 0.185984 0.465128 0.38279 0.202944 0.59811 
215 443 458 
0.492432 0.572456 0.520812 0.583345 0.705357 0.69512 0.205791 0.288505 
216 791 438 
0.947039 0.212056 0.435037 0.603477 0.182164 0.668719 0.634868 0.665669 
217 679 127 
0.95576 0.457469 0.409209 0.699434 0.643453 0.874336 0.0822238 0.846397 
218 558 222 
0.0576913 0.964879 0.736881 0.578503 0.548224 0.442238 0.273623 0.754015 
219 487 89 
0.306244 0.677782 0.0965711 0.741281 0.281259 0.278735 0.41 0.916128 
220 49 169 
0.293501 0.900164 0.28236 0.70271 0.599598 0.925814 0.577046 0.681822 
221 588 696 
0.846246 0.829902 0.0143711 0.583127 0.408406 0.562595 0.0253648 0.682029 
222 112 678 
0.566543 0.622854 0.433889 0.663114 0.364135 0.715148 0.94185 0.774135 
223 331 139 
0.599026 0.924777 0.786418 0.881386 0.627486 0.386017 0.8072 0.204532 
224 130 233 
0.254025 0.914085 0.409314 0.268396 0.497212 0.817719 0.83099 0.522577 
225 415 562 
0.278685 0.0662912 0.770454 0.712574 0.729406 0.134588 0.427722 0.671255 
226 548 22 
0.557509 0.507749 0.983775 0.343928 0.389135 0.611262 0.729944 0.196335 
227 684 555 
0.775746 0.0698184 0.711868 0.18506 0.338214 0.20908 0.00277946 0.169205 
228 394 456 
0.316805 0.0103418 0.568819 0.0872582 0.722916 0.298224 0.221846 0.150638 
229 49 512 
0.209636 0.526989 0.638318 0.193411 0.870916 0.0274533 0.804673 0.600861 
230 211 784 
0.398644 0.999535 0.690285 0.110512 0.184595 0.028499 0.319592 0.187374 
231 407 799 
0.689902 0.514508 0.0615914 0.25872 0.601766 0.784507 0.556944 0.823613 
232 285 23 
0.954182 0.144781 0.053412 0.5925 0.338192 0.924328 0.619954 0.142865 
233 295 614 
0.763331 0.923833 0.843277 0.453616 0.0343447 0.0278716 0.482115 0.353937 
234 119 141 
0.405187 0.905147 0.194327 0.466778 0.163868 0.796093 0.251285 0.720812 
235 226 505 
0.247235 0.573888 0.331211 0.300647 0.166388 0.669403 0.224975 0.786342 
236 623 32 
0.630084 0.575599 0.673997 0.473361 0.0292146 0.708342 0.501232 0.51133 
237 360 716 
0.191148 0.467465 0.621626 0.385475 0.934243 0.785493 0.181568 0.185528 
238 400 413 
0.371958 0.75354 0.375162 0.703169 0.0541874 0.541551 0.372572 0.279163 
239 323 191 
0.0293271 0.957977 0.760438 0.703324 0.431338 0.789652 0.411666 0.93257 
240 683 588 
0.649049 0.49213 0.94141 0.270675 0.877605 0.875654 0.056168 0.0591732 
241 589 171 
0.860447 0.43314 0.316013 0.235609 0.136309 0.370201 0.77716 0.50888 
242 575 348 
0.693719 0.678691 0.0630296 0.454157 0.382015 0.494367 0.243809 0.793681 
243 536 63 
0.267625 0.0759866 0.0369206 0.209035 0.346661 0.914526 0.084689 0.402829 
244 112 31 
0.965302 0.834146 0.579011 0.281316 0.0697554 0.715319 0.651516 0.846915 
245 195 742 
0.951968 0.917919 0.97957 0.0149974 0.372075 0.361585 0.509365 0.615884 
246 383 565 
0.160675 0.422891 0.0122894 0.197595 0.631926 0.358951 0.112121 0.716615 
247 35 254 
0.862486 0.727082 0.919966 0.441497 0.00839763 0.989722 0.156816 0.659914 
248 672 408 
0.960794 0.788605 0.298935 0.940364 0.803602 0.67101 0.301949 0.312967 
249 304 145 
0.24927 0.447569 0.880105 0.261559 0.645164 0.512031 0.62051 0.757285 
250 735 93 
0.843105 0.0911324 0.109372 0.763071 0.532629 0.117769 0.752793 0.689445 
251 564 337 
0.0704612 0.738477 0.378034 0.369396 0.678841 0.181637 0.0404056 0.98079 
252 287 262 
0.438004 0.743873 0.774868 0.318109 0.0054327 0.420033 0.83014 0.625943 
253 23 723 
0.00823232 0.0204231 0.149919 0.117604 0.783495 0.682548 0.235373 0.536287 
254 235 695 
0.125717 0.442455 0.751534 0.503752 0.81185 0.430375 0.685388 0.852256 
255 745 475 
0.179556 0.849168 0.923865 0.954424 0.167277 0.929298 0.374457 0.997418 
256 183 300 
0.0562041 0.563473 0.572198 0.206123 0.681077 0.355692 0.888671 0.91645 
257 310 783 
0.929507 0.0176967 0.703119 0.681041 0.521448 0.514969 0.111415 0.206836 
258 728 80 
0.386828 0.546781 0.371748 0.310693 0.501205 0.539025 0.239991 0.875661 
259 763 504 
0.427436 0.592647 0.358704 0.999634 0.79877 0.0397812 0.355326 0.687441 
260 272 788 
0.948106 0.885738 0.265002 0.651225 0.566779 0.78645 0.166194 0.678194 
261 11 552 
0.200774 0.380115 0.0802002 0.572522 0.690808 0.581405 0.111548 0.9308 
262 512 17 
0.726031 0.884503 0.240637 0.0847356 0.884136 0.0394073 0.124517 0.239462 
263 518 794 
0.486767 0.674954 0.966487 0.751769 0.326179 0.533266 0.538219 0.492373 
264 361 42 
0.0257919 0.412234 0.911621 0.105992 0.984757 0.60243 0.687397 0.0963041 
265 62 723 
0.744294 0.25926 0.0289662 0.984932 0.343996 0.913102 0.0243392 0.468513 
266 138 466 
0.549261 0.639331 0.426141 0.515748 0.3911 0.75232 0.0490135 0.92932 
267 261 141 
0.460826 0.270484 0.672708 0.372447 0.376477 0.657465 0.974877 0.0638738 
268 705 633 
0.208337 0.498063 0.767366 0.237304 0.482995 0.111362 0.150406 0.507334 
269 674 312 
0.258522 0.129135 0.942301 0.684663 0.644883 0.333402 0.436983 0.693897 
270 354 673 
0.954371 0.723547 0.95216 0.627079 0.0959937 0.328636 0.284544 0.0708703 
271 509 212 
0.578976 0.600848 0.536376 0.346342 0.838151 0.019371 0.457704 0.988558 
272 616 413 
0.291528 0.785227 0.166714 0.233829 0.46989 0.811597 0.567231 0.906873 
273 49 300 
0.588549 0.459864 0.553498 0.540709 0.0869429 0.649492 0.869345 0.371487 
274 749 193 
0.409799 0.299338 0.862703 0.946175 0.64568 0.700855 0.965546 0.103384 
275 73 390 
0.140962 0.98094 0.277478 0.307676 0.214769 0.747369 0.119273 0.782 
276 255 34 
0.611951 0.242791 0.0846307 0.16545 0.7835 0.171574 0.814942 0.652845 
277 158 700 
0.914701 0.952859 0.834642 0.777404 0.899034 0.480323 0.478259 0.86458 
278 108 520 
0.356831 0.724669 0.148611 0.634309 0.0323448 0.36338 0.381678 0.151618 
279 25 150 
0.776384 0.757331 0.278711 0.861015 0.922781 0.0622103 0.0325888 0.737722 
280 144 57 
0.273026 0.629756 0.528508 0.107669 0.40716 0.427542 0.587991 0.885419 
281 566 547 
0.0530899 0.648953 0.896367 0.201701 0.283262 0.928711 0.565081 0.66494 
282 714 340 
0.70086 0.856714 0.467792 0.97957 0.717729 0.390573 0.0417808 0.750317 
283 788 449 
0.325966 0.401322 0.386592 0.854475 0.508991 0.793752 0.282017 0.0969818 
284 9 489 
0.26868 0.732261 0.223093 0.165046 0.933962 0.506355 0.0937574 0.499043 
285 237 78 
0.209504 0.872155 0.0308001 0.677297 0.851726 0.748529 0.0678694 0.893506 
286 65 333 
0.650343 0.824813 0.597486 0.0369348 0.679287 0.106477 0.830687 0.961305 
287 208 25 
0.535444 0.472138 0.242119 0.758536 0.637184 0.176081 0.264892 0.730942 
288 350 117 
0.905028 0.884629 0.308342 0.935828 0.561925 0.160068 0.684357 0.629795 
289 25 20 
0.825959 0.703917 0.00801612 0.423446 0.740852 0.687304 0.529923 0.571539 
290 767 226 
0.0813967 0.184052 0.20552 0.323516 0.942588 0.842704 0.499597 0.20748 
291 322 428 
0.643667 0.478674 0.0593503 0.952009 0.414503 0.621276 0.112077 0.0988598 
292 683 225 
0.282063 0.0770297 0.869567 0.290079 0.500475 0.610419 0.977383 0.0303979 
293 523 531 
0.763779 0.263354 0.810043 0.969299 0.58687 0.752631 0.812003 0.0864672 
294 760 425 
0.261189 0.603778 0.864322 0.320539 0.555787 0.278825 0.941815 0.667863 
295 374 96 
0.833514 0.659748 0.269915 0.703082 0.949827 0.77039 0.313501 0.92721 
296 60 401 
0.553201 0.564567 0.758813 0.363244 0.533866 0.345683 0.115875 0.345868 
297 523 559 
0.731517 0.693339 0.679765 0.595839 0.0138778 0.235551 0.874664 0.955693 
298 608 301 
0.148578 0.736929 0.912096 0.418493 0.440011 0.861923 0.188883 0.753511 
299 434 261 
0.248969 0.342335 0.554238 0.00778201 0.705579 0.0881038 0.353465 0.821454 
300 257 184 
0.897441 0.165489 0.478953 0.577205 0.761328 0.492831 0.812756 0.635991 
301 720 609 
0.88834 0.597102 0.4531 0.800436 0.0155941 0.893111 0.662359 0.204477 
302 368 348 
0.194148 0.895592 0.793828 0.748386 0.903374 0.499407 0.83649 0.256838 
303 680 211 
0.0424531 0.218301 0.435951 0.521406 0.795506 0.197278 0.0142376 0.608263 
304 73 605 
0.324434 0.721609 0.059863 0.777534 0.522045 0.0754571 0.670645 0.184405 
305 150 80 
0.635898 0.474082 0.21286 0.429725 0.222467 0.116233 0.929132 0.0589569 
306 703 285 
0.329419 0.415525 0.468294 0.765369 0.936931 0.2638 0.962648 0.951169 
307 616 654 
0.41393 0.196497 0.517526 0.473793 0.974032 0.0395717 0.549251 0.644677 
308 569 274 
0.961945 0.859874 0.303266 0.174804 0.289599 0.525734 0.291038 0.218732 
309 755 337 
0.468724 0.914109 0.0796344 0.937018 0.679479 0.0165657 0.200819 0.642126 
310 0 62 
0.438043 0.381665 0.269379 0.95557 0.855458 0.243411 0.995141 0.404709 
311 664 403 
0.233894 0.850033 0.0789916 0.53716 0.0248377 0.368591 0.0628935 0.315875 
312 787 306 
0.979985 0.0560469 0.561693 0.0596194 0.993065 0.241172 0.0761851 0.193884 
313 442 253 
0.266766 0.321341 0.425585 0.536145 0.276911 0.281043 0.779556 0.272053 
314 276 181 
0.49117 0.919646 0.517678 0.570162 0.456806 0.542516 0.938753 0.519699 
315 298 5 
0.167283 0.838376 0.582122 0.728977 0.897996 0.575188 0.970149 0.974181 
316 437 251 
0.0181005 0.035838 0.174788 0.443685 0.571983 0.4517 0.724729 0.35154 
317 671 564 
0.0191846 0.214923 0.330127 0.536863 0.785084 0.786933 0.0793783 0.723837 
318 236 789 
0.249913 0.473915 0.776146 0.832035 0.202892 0.674141 0.407223 0.173041 
319 432 458 
0.0264875 0.666423 0.212133 0.201276 0.110108 0.784116 0.652976 0.834837 
320 615 431 
0.245318 0.154841 0.591651 0.575445 0.691703 0.376735 0.362377 0.771082 
321 112 620 
0.708851 0.350485 0.142924 0.484997 0.18252 0.345816 0.159138 0.589743 
322 505 148 
0.766038 0.545344 0.473883 0.978171 0.74662 0.583991 0.762287 0.399596 
323 249 37 
0.776324 0.664146 0.0527835 0.367974 0.239591 0.744487 0.744709 0.601968 
324 797 28 
0.270978 0.224419 0.195767 0.413902 0.709416 0.378287 0.759718 0.868555 
325 714 376 
0.676015 0.734069 0.823918 0.149898 0.71224 0.570538 0.73389 0.474526 
326 306 337 
0.372469 0.746457 0.816864 0.425253 0.114431 0.0564547 0.16974 0.859141 
327 64 81 
0.704423 0.929401 0.909727 0.90019 0.343302 0.619143 0.278477 0.10302 
328 318 438 
0.381594 0.163713 0.980577 0.205512 0.313611 0.692816 0.77605 0.0475008 
329 380 619 
0.200218 0.539812 0.492641 0.0170823 0.965065 0.607072 0.073537 0.134805 
330 126 417 
0.820112 0.170635 0.661361 0.72984 0.0708248 0.0046631 0.348983 0.349302 
331 326 344 
0.59581 0.489277 0.000394054 0.576386 0.694789 0.314005 0.269203 0.470839 
332 520 228 
0.217022 0.561725 0.976358 0.709663 0.578807 0.941423 0.316735 0.652344 
333 389 203 
0.384304 0.89634 0.953583 0.0456648 0.626179 0.0244074 0.0503279 0.975162 
334 98 324 
0.811843 0.969519 0.647288 0.812237 0.545905 0.342077 0.126243 0.815108 
335 548 656 
0.251654 0.0299377 0.0494735 0.228012 0.7396 0.62828 0.169435 0.0563351 
336 95 150 
0.839282 0.664928 0.142002 0.792865 0.710593 0.768181 0.817272 0.760921 
337 585 236 
0.918932 0.555187 0.160501 0.56622 0.367424 0.706406 0.908297 0.493667 
338 468 674 
0.981416 0.773168 0.75115 0.0308893 0.00118016 0.490751 0.65917 0.170615 
339 753 95 
0.416277 0.386368 0.604722 0.558279 0.179233 0.315315 0.32646 0.996505 
340 54 660 
0.187487 0.995169 0.624991 0.347988 0.561389 0.992415 0.0543937 0.469685 
341 664 454 
0.190898 0.467498 0.349076 0.942048 0.498387 0.350257 0.432799 0.157556 
342 528 777 
0.0973504 0.937148 0.366252 0.702073 0.495427 0.545486 0.0173882 0.821887 
343 667 37 
0.891691 0.729478 0.0887934 0.516682 0.0774655 0.650182 0.509096 0.131859 
344 12 14 
0.707767 0.310765 0.462676 0.0568438 0.252814 0.961063 0.4071 0.685612 
345 369 546 
0.665496 0.215969 0.86512 0.0317489 0.918042 0.360548 0.577234 0.93543 
346 597 119 
0.029055 0.0741258 0.848703 0.117848 0.590807 0.926169 0.76803 0.0999037 
347 1 106 
0.0950819 0.765795 0.198663 0.557758 0.822639 0.451477 0.51882 0.22974 
348 679 606 
0.157712 0.802586 0.853409 0.022832 0.834335 0.771451 0.38338 0.411569 
349 649 271 
0.530794 0.735936 0.63994 0.379498 0.853784 0.230748 0.305666 0.621815 
350 212 188 
0.509713 0.425733 0.12949 0.708376 0.983491 0.952129 0.159853 0.502311 
351 217 403 
0.13975 0.339581 0.099528 0.993159 0.362413 0.933862 0.764609 0.745792 
352 407 652 
0.311607 0.876226 0.207426 0.951547 0.255723 0.0612102 0.182294 0.56139 
353 39 176 
0.925085 0.192738 0.938679 0.0545746 0.901114 0.92217 0.00670393 0.0609671 
354 547 787 
0.357909 0.564231 0.528154 0.457437 0.55739 0.890567 0.3913 0.321999 
355 610 795 
0.793489 0.947966 0.612957 0.000915076 0.899513 0.868681 0.0621253 0.0818074 
356 390 294 
0.594753 0.355155 0.937888 0.533432 0.409729 0.839002 0.455602 0.416433 
357 222 195 
0.605006 0.257878 0.444313 0.13316 0.715315 0.00170282 0.0237272 0.106615 
358 143 35 
0.843347 0.117191 0.608052 0.456304 0.118106 0.507565 0.324984 0.180231 
359 186 245 
0.925381 0.184126 0.11021 0.863269 0.717558 0.519939 0.702271 0.173159 
360 510 761 
0.0532419 0.541379 0.860118 0.497555 0.674539 0.575433 0.499258 0.698267 
361 460 515 
0.358353 0.525395 0.940151 0.966405 0.981699 0.0582564 0.473971 0.306683 
362 86 156 
0.0617378 0.163869 0.247469 0.171947 0.0271381 0.965027 0.691886 0.729409 
363 362 434 
0.331649 0.191428 0.169638 0.191767 0.688984 0.844177 0.7672 0.188242 
364 176 71 
0.0112012 0.900797 0.974644 0.951352 0.867202 0.956343 0.00960812 0.341173 
365 91 558 
0.404516 0.324764 0.411965 0.651985 0.496712 0.439103 0.617012 0.188598 
366 372 488 
0.816857 0.500161 0.946627 0.986495 0.691927 0.635611 0.830672 0.459127 
367 649 323 
0.908376 0.835054 0.273912 0.88302 0.786405 0.141114 0.839364 0.796013 
368 778 786 
0.0441091 0.886804 0.427154 0.456074 0.538789 0.923866 0.895176 0.155801 
369 0 581 
0.911 0.929321 0.563849 0.857628 0.915816 0.255776 0.493238 0.746487 
370 709 87 
0.119603 0.62328 0.152144 0.393515 0.5063 0.93855 0.53463 0.345664 
371 0 521 
0.448054 0.778672 0.90372 0.875208 0.234746 0.442509 0.799074 0.129922 
372 245 584 
0.193611 0.509311 0.840859 0.757459 0.366939 0.756674 0.0132356 0.860177 
373 19 747 
0.177268 0.622764 0.351419 0.329412 0.0162796 0.857719 0.267962 0.550909 
374 62 595 
0.567826 0.651437 0.781198 0.471546 0.526645 0.0159435 0.914056 0.325719 
375 522 93 
0.237257 0.339476 0.0216776 0.0781157 0.0969358 0.388616 0.83479 0.110171 
376 82 408 
0.838311 0.426062 0.960716 0.18973 0.755474 0.976996 0.0474493 0.0234361 
377 367 666 
0.0259613 0.0957307 0.90227 0.807159 0.567277 0.428915 0.823102 0.481333 
378 270 255 
0.993699 0.991891 0.308445 0.0153766 0.0700072 0.40538 0.403993 0.904797 
379 694 217 
0.242749 0.353862 0.078848 0.203464 0.543592 0.834322 0.18046 0.591042 
380 474 27 
0.841874 0.883719 0.804095 0.744144 0.690878 0.371372 0.173059 0.513981 
381 319 11 
0.482949 0.846404 0.919585 0.791393 0.86178 0.989592 0.196774 0.265773 
382 366 651 
0.91856 0.137138 0.0661882 0.997408 0.340602 0.60978 0.83173 0.521062 
383 492 542 
0.229427 0.0426963 0.573207 0.0335225 0.78684 0.264085 0.404895 0.9599 
384 675 134 
0.887594 0.261015 0.104004 0.807179 0.0524083 0.965784 0.796771 0.249182 
385 599 389 
0.961508 0.150117 0.828299 0.0276961 0.147525 0.168901 0.637477 0.979255 
386 573 619 
0.668743 0.919391 0.880995 0.24195 0.952913 0.667835 0.506035 0.357808 
387 60 372 
0.615408 0.515329 0.545116 0.719411 0.322508 0.597524 0.685196 0.119279 
388 340 753 
0.81044 0.808214 0.0668708 0.638738 0.835911 0.214396 0.80764 0.473387 
389 281 196 
0.311686 0.862394 0.416994 0.192681 0.104344 0.369907 0.860516 0.610379 
390 455 727 
0.894481 0.343123 0.00358031 0.439597 0.062534 0.326088 0.0371209 0.74773 
391 162 25 
0.664483 0.255807 0.692042 0.731354 0.894545 0.527952 0.94575 0.702185 
392 259 622 
0.199788 0.313025 0.00179504 0.616782 0.505706 0.106139 0.986689 0.366222 
393 235 290 
0.854473 0.610999 0.0575261 0.858054 0.0505955 0.12006 0.184142 0.0877164 
394 448 649 
0.971544 0.532273 0.885316 0.663585 0.263627 0.779861 0.191538 0.209377 
395 284 497 
0.348778 0.681834 0.505902 0.350573 0.298616 0.011608 0.456712 0.285305 
396 315 577 
0.999708 0.232303 0.784229 0.0572343 0.0903568 0.834824 0.177294 0.274499 
397 295 778 
0.904007 0.894084 0.577357 0.789323 0.55767 0.840984 0.569184 0.749208 
398 599 395 
0.942085 0.399138 0.733064 0.447987 0.74971 0.0316801 0.459595 0.206422 
399 331 388 
0.379652 0.316693 0.0697282 0.163881 0.373927 0.160085 0.998705 0.551222 
400 198 727 
0.596306 0.338591 0.81533 0.173663 0.127914 0.373 0.0146465 0.697098 
401 645 221 
0.748328 0.0642929 0.464145 0.481392 0.51228 0.213855 0.513072 0.971875 
402 486 499 
0.8093 0.799929 0.14675 0.879028 0.96381 0.520677 0.0391131 0.962515 
403 9 618 
0.883761 0.668204 0.812288 0.699092 0.841867 0.940201 0.0720921 0.856514 
404 789 503 
0.92152 0.385627 0.258593 0.385665 0.867019 0.770873 0.59952 0.380091 
405 299 304 
0.210148 0.552048 0.819726 0.356897 0.431076 0.783536 0.877574 0.470189 
406 600 569 
0.943886 0.629813 0.617677 0.756174 0.328905 0.459544 0.696375 0.400997 
407 252 489 
0.595297 0.237578 0.719301 0.85389 0.623243 0.58632 0.624763 0.222763 
408 197 427 
0.24256 0.176559 0.919559 0.0622866 0.533456 0.350636 0.845823 0.411031 
409 516 365 
0.360504 0.764711 0.221687 0.978181 0.520885 0.550592 0.437725 0.21726 
410 467 32 
0.550934 0.546885 0.991361 0.270235 0.400775 0.614604 0.856555 0.0255384 
411 563 234 
0.39305 0.0799281 0.999525 0.312609 0.142215 0.532982 0.663245 0.988037 
412 750 127 
0.579912 0.304516 0.248781 0.801599 0.282697 0.769666 0.352191 0.720421 
413 36 299 
0.474204 0.537859 0.850664 0.465565 0.808094 0.251439 0.0801695 0.664649 
414 656 29 
0.487616 0.670028 0.997465 0.487141 0.982637 0.13968 0.0201225 0.645881 
415 688 755 
0.129951 0.707629 0.268651 0.378732 0.509228 0.551347 0.148398 0.861419 
416 221 512 
0.165198 0.745973 0.673183 0.0158618 0.211538 0.481277 0.267301 0.291708 
417 667 181 
0.209245 0.633542 0.214307 0.20671 0.120683 0.196943 0.34639 0.140806 
418 91 700 
0.104941 0.972776 0.181737 0.373592 0.351508 0.690965 0.924939 0.499906 
419 248 750 
0.63523 0.717581 0.942681 0.308413 0.733443 0.154219 0.78969 0.000744228 
420 764 26 
0.545023 0.655172 0.569159 0.75933 0.861882 0.689842 0.956273 0.208273 
421 540 211 
0.68238 0.935589 0.771874 0.864117 0.30918 0.123382 0.555082 0.234119 
422 270 380 
0.430827 0.258518 0.825047 0.373508 0.566931 0.55849 0.527728 0.356621 
423 679 157 
0.292238 0.104257 0.628827 0.861397 0.863587 0.49071 0.551239 0.819861 
424 458 691 
0.618959 0.381363 0.317476 0.390832 0.24548 0.626656 0.514214 0.800562 
425 574 176 
0.908027 0.291602 0.39602 0.733074 0.66511 0.962951 0.291563 0.192838 
426 34 167 
0.166493 0.61181 0.955054 0.79532 0.473207 0.818642 0.28603 0.0244455 
427 287 735 
0.406332 0.257461 0.366375 0.723808 0.648293 0.611854 0.350464 0.162507 
428 37 500 
0.30001 0.320443 0.50284 0.69603 0.0535169 0.16795 0.658982 0.34508 
429 253 64 
0.195877 0.527281 0.590364 0.150932 0.322601 0.0635701 0.969573 0.608631 
430 760 454 
0.593643 0.494348 0.865536 0.960018 0.218156 0.51383 0.571872 0.568619 
431 328 708 
0.779858 0.976347 0.304732 0.282698 0.672377 0.358248 0.450648 0.331359 
432 641 183 
0.309912 0.899206 0.338717 0.900276 0.050138 0.661318 0.963846 0.0197114 
433 227 623 
0.627787 0.863592 0.546209 0.493323 0.82361 0.764365 0.00715302 0.395482 
434 69 512 
0.37977 0.112842 0.659837 0.684502 0.39554 0.332214 0.0427505 0.846189 
435 503 150 
0.657625 0.973485 0.645285 0.996343 0.873761 0.695423 0.657661 0.837607 
436 306 753 
0.889469 0.342922 0.791202 0.435678 0.836245 0.614812 0.200043 0.843398 
437 531 442 
0.526888 0.390065 0.645871 0.186725 0.0745667 0.0414111 0.518939 0.117317 
438 751 249 
0.863396 0.545225 0.155997 0.508682 0.541568 0.0297584 0.204105 0.199229 
439 308 257 
0.126839 0.756834 0.262162 0.918042 0.192512 0.0984071 0.532854 0.392556 
440 484 708 
0.925584 0.468694 0.933213 0.571454 0.655419 0.00777989 0.612865 0.174358 
441 734 524 
0.35687 0.988493 0.0456907 0.512868 0.497175 0.587259 0.542626 0.701281 
442 718 635 
0.620521 0.913327 0.166826 0.882683 0.831369 0.359338 0.98109 0.364223 
443 323 659 
0.907371 0.677477 0.391589 0.840585 0.248931 0.0470078 0.848364 0.861797 
444 153 678 
0.362262 0.578237 0.961955 0.407953 0.0911044 0.45913 0.995212 0.633731 
445 795 278 
0.0437221 0.780932 0.695027 0.210548 0.663614 0.526395 0.569886 0.644704 
446 456 575 
0.567599 0.79799 0.999256 0.959188 0.638574 0.248187 0.00619594 0.486939 
447 204 226 
0.4604 0.472247 0.805799 0.422355 0.8802 0.896903 0.881486 0.875412 
448 469 326 
0.657111 0.574356 0.822828 0.352137 0.784903 0.486443 0.878533 0.354789 
449 399 671 
0.676568 0.698746 0.567141 0.675824 0.657934 0.205715 0.924011 0.66413 
450 263 697 
0.891692 0.153054 0.506243 0.697491 0.57541 0.386443 0.594394 0.456895 
451 258 786 
0.498792 0.918965 0.699383 0.32162 0.271103 0.484286 0.808063 0.149635 
452 797 26 
0.918787 0.515643 0.637956 0.485928 0.191467 0.29589 0.691643 0.115479 
453 320 499 
0.149474 0.851712 0.537352 0.655717 0.549203 0.112762 0.0421597 0.143597 
454 760 645 
0.268625 0.0684488 0.222979 0.968008 0.390069 0.494081 0.452294 0.198132 
455 442 113 
0.137342 0.562504 0.807013 0.775298 0.0484317 0.99848 0.0711877 0.740075 
456 380 591 
0.124372 0.263433 0.88292 0.661724 0.91915 0.432123 0.774486 0.96131 
457 375 748 
0.265324 0.844345 0.412591 0.488303 0.812352 0.802661 0.982384 0.264647 
458 401 6 
0.556016 0.138134 0.188605 0.363029 0.913432 0.237036 0.361509 0.98462 
459 283 586 
0.0158274 0.101484 0.738901 0.898748 0.763208 0.658051 0.330871 0.537694 
460 45 787 
0.881837 0.884684 0.750936 0.294428 0.372987 0.563288 0.0970885 0.355371 
461 596 403 
0.981472 0.383951 0.236015 0.170077 0.74698 0.149447 0.407113 0.108489 
462 548 712 
0.583956 0.149895 0.485708 0.322857 0.0486421 0.248916 0.980908 0.379513 
463 719 577 
0.286104 0.668447 0.484953 0.0370399 0.962875 0.85794 0.600328 0.0599634 
464 644 134 
0.157844 0.194784 0.812214 0.39386 0.36486 0.559194 0.543307 0.771974 
465 63 152 
0.156198 0.251639 0.827269 0.641906 0.574496 0.875911 0.890823 0.555404 
466 436 392 
0.155673 0.541528 0.34588 0.640627 0.578568 0.308755 0.498567 0.178896 
467 57 249 
0.607159 0.526563 0.906662 0.419373 0.920422 0.271523 0.978567 0.46373 
468 383 184 
0.141104 0.199694 0.897889 0.968373 0.841601 0.472385 0.844284 0.732423 
469 782 274 
0.409857 0.183463 0.641236 0.755736 0.82409 0.219804 0.0644911 0.322658 
470 124 126 
0.0345364 0.00585973 0.959772 0.941199 0.425233 0.880194 0.212722 0.403801 
471 434 575 
0.0500506 0.485028 0.455912 0.94794 0.453401 0.297513 0.420325 0.297685 
472 37 655 
0.397394 0.439793 0.631578 0.03863 0.195529 0.455669 0.258434 0.260021 
473 151 35 
0.69323 0.812862 0.662994 0.653001 0.754061 0.0882274 0.533196 0.966783 
474 393 519 
0.223001 0.542079 0.362147 0.678913 0.490018 0.815549 0.976426 0.910343 
475 454 176 
0.358459 0.510628 0.446155 0.990037 0.549258 0.641685 0.445706 0.807692 
476 19 249 
0.464827 0.594935 0.0368941 0.127821 0.247937 0.790955 0.216048 0.781132 
477 249 399 
0.658252 0.980739 0.250155 0.0203992 0.659652 0.740173 0.835948 0.636078 
478 429 113 
0.642441 0.00897488 0.45981 0.0885963 0.999012 0.00906777 0.730281 0.444717 
479 654 9 
0.668749 0.281586 0.226922 0.705643 0.409407 0.474858 0.496598 0.625455 
480 589 130 
0.333531 0.914242 0.235076 0.583686 0.934642 0.894728 0.323859 0.77059 
481 633 94 
0.719772 0.173247 0.98335 0.179582 0.261844 0.982362 0.188649 0.992125 
482 654 682 
0.624111 0.0958285 0.286995 0.851033 0.801472 0.696402 0.325891 0.29807 
483 211 614 
0.552407 0.655389 0.496124 0.787483 0.239075 0.430766 0.682211 0.562934 
484 154 386 
0.53731 0.921127 0.386265 0.52066 0.100709 0.648108 0.503022 0.289358 
485 360 794 
0.294767 0.264344 0.0259303 0.581763 0.115377 0.827402 0.278165 0.441269 
486 136 701 
0.0231507 0.677879 0.255412 0.519275 0.465362 0.494487 0.950041 0.147573 
487 208 486 
0.36059 0.594732 0.0725245 0.746855 0.115392 0.173233 0.394963 0.618414 
488 601 210 
0.548516 0.757359 0.299541 0.574446 0.339121 0.414918 0.401848 0.617286 
489 215 446 
0.217309 0.879337 0.205199 0.472721 0.398613 0.67056 0.967209 0.348654 
490 34 213 
0.500051 0.178723 0.619362 0.572576 0.925578 0.734754 0.745809 0.320541 
491 630 696 
0.355738 0.901683 0.965759 0.655278 0.476129 0.304881 0.070196 0.877977 
492 529 187 
0.405297 0.139476 0.80572 0.610496 0.612198 0.204332 0.281056 0.579406 
493 304 129 
0.604036 0.0530374 0.277912 0.223398 0.625613 0.20349 0.958152 0.371422 
494 84 742 
0.579822 0.879769 0.213002 0.545582 0.535047 0.689132 0.850463 0.605243 
495 784 0 
0.531626 0.972406 0.912106 0.337346 0.582902 0.524304 0.541678 0.863959 
496 702 333 
0.963148 0.707746 0.147702 0.24106 0.931144 0.773315 0.444551 0.889296 
497 318 662 
0.200615 0.724559 0.848352 0.413617 0.270141 0.383399 0.102749 0.120604 
498 727 333 
0.893233 0.520269 0.642265 0.80534 0.857615 0.225167 0.329643 0.399293 
499 504 76 
0.493958 0.0522734 0.141099 0.64166 0.293334 0.0722434 0.414975 0.737884 
500 353 686 
0.706467 0.162154 0.284271 0.554819 0.575772 0.554412 0.938218 0.678521 
501 689 99 
0.348379 0.56825 0.44713 0.990644 0.373589 0.304745 0.215811 0.703232 
502 455 348 
0.136585 0.197995 0.35721 0.277684 0.839655 0.650544 0.349928 0.25463 
503 612 327 
0.814342 0.0948949 0.473622 0.0986129 0.649714 0.0493934 0.653025 0.587932 
504 306 682 
0.514792 0.0762939 0.896291 0.961922 0.0669381 0.26988 0.266667 0.282749 
505 380 408 
0.587686 0.109698 0.1687 0.944896 0.387383 0.00835469 0.59544 0.73731 
506 617 660 
0.0487776 0.0773262 0.078763 0.522399 0.175939 0.728477 0.571793 0.828964 
507 658 511 
0.157006 0.831201 0.376001 0.0532971 0.793123 0.442939 0.323177 0.0597895 
508 138 707 
0.0304938 0.313374 0.405988 0.199193 0.25827 0.793371 0.207548 0.85371 
509 183 380 
0.837578 0.579459 0.547859 0.916341 0.101858 0.723798 0.644818 0.67365 
510 746 181 
0.973357 0.709768 0.792427 0.349358 0.763065 0.58555 0.792297 0.0862429 
511 306 320 
0.382533 0.675833 0.831359 0.788521 0.875026 0.0896295 0.581892 0.0825746 
512 523 762 
0.553107 0.780918 0.692032 0.100966 0.69726 0.79389 0.824764 0.342078 
513 763 193 
0.303304 0.440897 0.0872944 0.0957312 0.790255 0.85036 0.681281 0.582552 
514 528 287 
0.100537 0.319136 0.00245323 0.931896 0.107657 0.87748 0.0215258 0.689549 
515 56 466 
0.802122 0.513162 0.745784 0.494154 0.614128 0.443044 0.288043 0.438892 
516 760 123 
0.816418 0.0884259 0.19648 0.903712 0.184157 0.986736 0.754072 0.865438 
517 253 583 
0.192058 0.669825 0.00981039 0.194511 0.601721 0.117467 0.0719911 0.623247 
518 531 20 
0.588113 0.609138 0.545207 0.333897 0.103292 0.159334 0.776941 0.391335 
519 382 230 
0.146918 0.414644 0.650488 0.343399 0.318356 0.834645 0.330134 0.0724279 
520 161 578 
0.763103 0.892141 0.569247 0.772913 0.0866526 0.170968 0.89038 0.158644 
521 586 342 
0.190689 0.382328 0.306535 0.735896 0.716225 0.409826 0.89523 0.493165 
522 372 95 
0.0552277 0.94808 0.9081 0.705716 0.291478 0.226456 0.540361 0.621613 
523 171 776 
0.521035 0.061986 0.132585 0.0902817 0.834899 0.219238 0.26125 0.725279 
524 475 605 
0.422676 0.56857 0.437794 0.72921 0.304466 0.154018 0.139037 0.199696 
525 200 307 
0.693152 0.702412 0.888278 0.601252 0.408127 0.179756 0.827708 0.948488 
526 54 536 
0.188932 0.322403 0.188577 0.321518 0.412685 0.0234762 0.540755 0.673935 
527 715 639 
0.729401 0.171431 0.487207 0.167194 0.900641 0.791673 0.321213 0.0396781 
528 46 534 
0.979876 0.684522 0.670808 0.868154 0.285774 0.0789357 0.0479105 0.113482 
529 14 716 
0.240073 0.216357 0.171683 0.42865 0.537874 0.584368 0.452126 0.0786295 
530 99 319 
0.997266 0.987704 0.372313 0.484473 0.154898 0.272954 0.276147 0.47611 
531 433 630 
0.444507 0.292508 0.952038 0.115315 0.160663 0.237812 0.194251 0.208573 
532 678 655 
0.0578526 0.591366 0.438031 0.229535 0.0200162 0.975905 0.813903 0.472142 
533 294 781 
0.673024 0.0518013 0.0599102 0.0453367 0.536275 0.214808 0.318291 0.812421 
534 208 489 
0.0799373 0.135425 0.923431 0.0319751 0.25074 0.0840941 0.269787 0.444991 
535 68 181 
0.666666 0.35052 0.212446 0.104697 0.580056 0.232462 0.0806023 0.393959 
536 353 513 
0.466166 0.377629 0.186939 0.526076 0.422966 0.723213 0.740884 0.741256 
537 502 670 
0.372179 0.615572 0.567227 0.29561 0.647547 0.817967 0.379705 0.917334 
538 494 675 
0.538414 0.929623 0.022892 0.75086 0.0343197 0.602948 0.983323 0.114922 
539 452 774 
0.250059 0.463072 0.0655567 0.436998 0.989148 0.488522 0.160212 0.730031 
540 155 233 
0.161833 0.601958 0.311418 0.72906 0.897568 0.958966 0.547026 0.277273 
541 447 693 
0.949645 0.414714 0.739606 0.972537 0.165574 0.773926 0.575484 0.148897 
542 55 180 
0.836824 0.138907 0.035463 0.902381 0.575905 0.0246107 0.390903 0.736117 
543 382 412 
0.431963 0.916475 0.22264 0.743382 0.645534 0.120208 0.702347 0.192561 
544 154 205 
0.00254412 0.347126 0.99336 0.74215 0.319662 0.158934 0.516076 0.895147 
545 308 372 
0.467538 0.144655 0.543832 0.503001 0.0470365 0.119737 0.527611 0.43794 
546 785 711 
0.0586219 0.287818 0.198728 0.281262 0.0311993 0.844263 0.401469 0.733547 
547 486 530 
0.312193 0.0393674 0.146076 0.305554 0.781518 0.465738 0.464488 0.297594 
548 66 33 
0.702518 0.828423 0.916974 0.24635 0.331423 0.964011 0.366087 0.859035 
549 224 346 
0.141288 0.460573 0.509759 0.340016 0.741834 0.540958 0.184279 0.143304 
550 172 72 
0.942254 0.586698 0.260469 0.0883296 0.892252 0.0419871 0.554068 0.35674 
551 361 307 
0.129059 0.0420997 0.743375 0.0460335 0.28845 0.0747987 0.0100443 0.654537 
552 755 698 
0.876479 0.0751214 0.872568 0.386237 0.415138 0.614402 0.927196 0.599416 
553 196 385 
0.820518 0.699959 0.788399 0.0809876 0.788289 0.680651 0.122975 0.342357 
554 225 99 
0.257309 0.16645 0.504656 0.000684784 0.212483 0.793105 0.0754835 0.222528 
555 367 617 
0.634523 0.324121 0.0844383 0.507091 0.710359 0.499576 0.121492 0.637554 
556 725 766 
0.839255 0.91951 0.579157 0.627653 0.000497959 0.367446 0.308304 0.123473 
557 204 480 
0.586029 0.967113 0.512145 0.0906842 0.967797 0.724628 0.88379 0.0432808 
558 655 675 
0.0525977 0.581679 0.655553 0.137036 0.0887696 0.365912 0.636612 0.210262 
559 387 503 
0.0894599 0.842721 0.655114 0.668617 0.470374 0.655612 0.0360636 0.778678 
560 788 529 
0.124373 0.365113 0.712979 0.636518 0.455798 0.680777 0.361146 0.339587 
561 767 460 
0.67102 0.776655 0.889981 0.326573 0.913691 0.978751 0.692485 0.550303 
562 303 56 
0.285907 0.278473 0.538672 0.941021 0.94709 0.00904625 0.596633 0.983153 
563 453 447 
0.72902 0.912097 0.740832 0.441999 0.548615 0.196629 0.122776 0.909761 
564 280 436 
0.218064 0.207236 0.623489 0.108045 0.533809 0.53718 0.0867958 0.226294 
565 571 763 
0.922246 0.37339 0.554281 0.460918 0.314411 0.501371 0.469964 0.911044 
566 43 359 
0.286762 0.213545 0.169786 0.0275934 0.655544 0.718401 0.224223 0.77832 
567 189 191 
0.625154 0.846226 0.967675 0.248643 0.954271 0.501485 0.785823 0.041067 
568 341 130 
0.316876 0.650025 0.246695 0.871157 0.110943 0.561105 0.372528 0.580907 
569 675 219 
0.838596 0.758911 0.0705976 0.00838159 0.786504 0.726142 0.726783 0.010727 
570 644 353 
0.771166 0.129616 0.201172 0.738842 0.378259 0.155443 0.240326 0.164082 
571 371 231 
0.037387 0.513386 0.61813 0.284082 0.384542 0.729073 0.845187 0.75707 
572 293 530 
0.614123 0.148576 0.0762476 0.684721 0.156958 0.862752 0.410862 0.88374 
573 359 278 
0.238686 0.644645 0.0449412 0.439858 0.383487 0.4232 0.595301 0.623813 
574 9 403 
0.591918 0.624669 0.305196 0.210049 0.908751 0.689738 0.939122 0.753938 
575 229 666 
0.0712747 0.0609318 0.397679 0.147522 0.745652 0.554636 0.0102742 0.156515 
576 605 101 
0.0718397 0.677063 0.528398 0.116781 0.11692 0.911885 0.539981 0.712221 
577 646 200 
0.504032 0.127617 0.751932 0.809228 0.337665 0.660683 0.498966 0.276788 
578 54 671 
0.52589 0.485896 0.00670697 0.923569 0.633418 0.752359 0.478205 0.643692 
579 519 426 
0.527445 0.980714 0.593645 0.055844 0.0974947 0.710565 0.967729 0.637476 
580 233 340 
0.764739 0.926818 0.631044 0.516671 0.736046 0.968709 0.177354 0.235012 
581 103 7 
0.180787 0.771387 0.0778709 0.187494 0.694956 0.711289 0.939854 0.173162 
582 32 343 
0.089744 0.882427 0.829442 0.683389 0.938271 0.926936 0.393954 0.906 
583 662 606 
0.409427 0.329151 0.743558 0.0404709 0.845822 0.479604 0.00918028 0.0231763 
584 343 205 
0.615151 0.895404 0.0260647 0.693022 0.0828978 0.721021 0.404311 0.0227514 
585 5 246 
0.871479 0.983927 0.641719 0.700921 0.667316 0.579989 0.627857 0.0612698 
586 415 207 
0.87801 0.895416 0.521421 0.621569 0.935887 0.367243 0.101173 0.945067 
587 693 594 
0.199744 0.00557106 0.711192 0.225809 0.698593 0.79409 0.94683 0.102904 
588 595 489 
0.862196 0.688321 0.82494 0.503915 0.389242 0.492256 0.0839044 0.0170994 
589 40 559 
0.209369 0.431536 0.465309 0.73079 0.0531044 0.401196 0.0980336 0.154277 
590 787 684 
0.970066 0.546008 0.494024 0.681258 0.771817 0.192618 0.475349 0.718647 
591 687 564 
0.55966 0.157719 0.980511 0.3846 0.661634 0.369753 0.876856 0.745538 
592 605 27 
0.315431 0.596222 0.861918 0.780741 0.327012 0.915022 0.181937 0.425046 
593 666 359 
0.913499 0.0393649 0.0742073 0.407523 0.720623 0.846024 0.600141 0.195972 
594 57 64 
0.488162 0.124331 0.0533815 0.468674 0.508931 0.715015 0.838427 0.385787 
595 309 762 
0.816169 0.775985 0.821502 0.678087 0.556725 0.148514 0.593108 0.738662 
596 627 244 
0.266862 0.487058 0.701772 0.341069 0.894582 0.422396 0.187093 0.494723 
597 741 159 
0.390386 0.10653 0.876095 0.443767 0.575204 0.385027 0.158782 0.413631 
598 716 622 
0.638911 0.586983 0.39532 0.460413 0.26507 0.952046 0.608926 0.858178 
599 551 270 
0.520586 0.95757 0.669544 0.222358 0.298639 0.564126 0.644753 0.485732 
600 231 798 
0.237496 0.449234 0.369651 0.113591 0.893001 0.944855 0.498617 0.0517839 
601 574 193 
0.67112 0.997397 0.856414 0.0664402 0.45781 0.121484 0.018486 0.0667359 
602 454 559 
0.249222 0.500248 0.666763 0.918766 0.722605 0.965402 0.482891 0.367359 
603 781 173 
0.63048 0.68863 0.990974 0.00013087 0.80222 0.883976 0.944986 0.300838 
604 545 204 
0.570269 0.606879 0.300869 0.426684 0.67332 0.758678 0.548168 0.691806 
605 670 9 
0.400999 0.074636 0.0280774 0.0677628 0.993402 0.750683 0.0331648 0.476293 
606 536 114 
0.0180331 0.748521 0.172928 0.00900733 0.748652 0.975148 0.892983 0.693638 
607 48 195 
0.99711 0.846255 0.435622 0.297979 0.272939 0.108942 0.0566575 0.821106 
608 109 602 
0.348936 0.201746 0.956708 0.377014 0.269509 0.95011 0.127696 0.302674 
609 638 732 
0.786973 0.444436 0.994259 0.959901 0.453443 0.742912 0.935049 0.346426 
610 7 212 
0.175169 0.43366 0.057291 0.610791 0.731639 0.33023 0.719732 0.788297 
611 428 427 
0.670369 0.500273 0.722226 0.627076 0.877286 0.991735 0.577186 0.00498238 
612 769 99 
0.25072 0.081382 0.448024 0.24498 0.0412828 0.901467 0.987892 0.976332 
613 767 748 
0.187368 0.423062 0.858102 0.244659 0.0338531 0.589741 0.574888 0.753585 
614 196 74 
0.274065 0.0484063 0.226497 0.996291 0.675483 0.103783 0.988026 0.252669 
615 108 43 
0.256257 0.359486 0.363817 0.704282 0.604466 0.4051 0.605749 0.592358 
616 368 384 
0.0167994 0.5688 0.276705 0.874901 0.813458 0.310558 0.464642 0.388347 
617 681 581 
0.114572 0.338208 0.891086 0.341069 0.334499 0.566569 0.444853 0.322526 
618 91 445 
0.604961 0.0754954 0.913105 0.968779 0.779777 0.517571 0.373879 0.385526 
619 431 53 
0.239169 0.126728 0.324111 0.515874 0.00162934 0.137569 0.826432 0.466272 
620 79 770 
0.308952 0.640488 0.228784 0.200038 0.981557 0.563283 0.766607 0.42641 
621 270 174 
0.980029 0.49077 0.66134 0.893134 0.459549 0.441117 0.410704 0.833428 
622 774 18 
0.588739 0.0658127 0.647361 0.91285 0.581687 0.648991 0.0504195 0.408118 
623 440 730 
0.298694 0.424214 0.216824 0.527478 0.624251 0.198382 0.0907609 0.390858 
624 476 657 
0.976703 0.604821 0.46734 0.638043 0.497954 0.926889 0.0791608 0.908659 
625 329 473 
0.429292 0.349056 0.971617 0.076653 0.261906 0.553304 0.725644 0.312325 
626 455 278 
0.888661 0.260116 0.265119 0.105485 0.787594 0.889371 0.303867 0.878355 
627 563 471 
0.854925 0.256932 0.533479 0.322265 0.894976 0.0314331 0.249154 0.974137 
628 232 198 
0.879941 0.369383 0.358526 0.851558 0.446036 0.620431 0.404862 0.17168 
629 44 91 
0.0125859 0.821417 0.626401 0.277705 0.926903 0.413995 0.167076 0.230769 
630 529 562 
0.159428 0.147274 0.704238 0.692907 0.469539 0.599214 0.72434 0.718692 
631 442 504 
0.728162 0.453291 0.0338149 0.0866882 0.30485 0.479851 0.70712 0.709712 
632 69 14 
0.075997 0.664117 0.461293 0.702398 0.941823 0.388196 0.116393 0.108899 
633 425 658 
0.556204 0.778393 0.556016 0.260442 0.4713 0.025555 0.859656 0.19564 
634 435 607 
0.860071 0.47241 0.886298 0.893886 0.559098 0.191148 0.373737 0.266217 
635 513 40 
0.906093 0.976857 0.689386 0.367387 0.679255 0.631208 0.755583 0.795648 
636 150 290 
0.20439 0.296312 0.152941 0.760406 0.556754 0.624241 0.785961 0.41641 
637 430 588 
0.849416 0.679952 0.00261787 0.735714 0.573838 0.561716 0.926862 0.947576 
638 71 464 
0.972844 0.734027 0.804579 0.66223 0.101413 0.483834 0.293439 0.856996 
639 359 682 
0.231545 0.483871 0.329857 0.384486 0.244277 0.886611 0.0087273 0.030238 
640 720 565 
0.560446 0.152438 0.508561 0.563064 0.888152 0.082399 0.12478 0.815014 
641 623 261 
0.642736 0.00281907 0.686739 0.447315 0.665049 0.788153 0.931149 0.958488 
642 641 108 
0.992034 0.876694 0.694502 0.321891 0.26118 0.938779 0.208502 0.269907 
643 702 334 
0.0985152 0.529463 0.663962 0.607076 0.0925275 0.552114 0.689475 0.217307 
644 358 747 
0.17002 0.00986468 0.722269 0.85676 0.45718 0.387318 0.644913 0.38833 
645 433 72 
0.598961 0.33784 0.166755 0.293463 0.659731 0.427935 0.232242 0.868233 
646 776 764 
0.379757 0.796357 0.730723 0.0437187 0.403433 0.82325 0.595833 0.0929075 
647 406 438 
0.812357 0.210578 0.972826 0.534626 0.0673374 0.430006 0.921944 0.71225 
648 221 159 
0.00231147 0.417296 0.605589 0.169067 0.710759 0.26532 0.597001 0.943001 
649 475 385 
0.14426 0.51331 0.0911994 0.874982 0.557029 0.494632 0.698232 0.152861 
650 363 640 
0.115822 0.399897 0.949367 0.0886478 0.934523 0.0167049 0.518654 0.856466 
651 54 690 
0.124216 0.731266 0.754285 0.729805 0.900333 0.465043 0.995125 0.497334 
652 554 214 
0.792177 0.552304 0.641988 0.883376 0.427286 0.199017 0.378008 0.125518 
653 754 693 
0.864308 0.4677 0.365445 0.813676 0.556348 0.299967 0.83038 0.0750019 
654 180 91 
0.411991 0.28065 0.290601 0.166276 0.0104552 0.190934 0.631319 0.00558052 
655 414 560 
0.134259 0.480445 0.591667 0.776247 0.363822 0.0189527 0.975264 0.74183 
656 339 754 
0.707378 0.00877912 0.794843 0.0728224 0.822455 0.351191 0.37279 0.652835 
657 781 485 
0.21217 0.838184 0.809873 0.502772 0.00445953 0.820328 0.693706 0.635779 
658 469 390 
0.675142 0.960167 0.86242 0.266809 0.736415 0.226242 0.285761 0.711679 
659 190 303 
0.038821 0.675449 0.439012 0.833664 0.748272 0.261466 0.184855 0.121061 
660 247 695 
0.650285 0.126472 0.449232 0.460157 0.629244 0.453691 0.280486 0.32295 
661 576 507 
0.704925 0.764612 0.0665616 0.567345 0.0314204 0.802976 0.793586 0.317182 
662 289 609 
0.747414 0.553476 0.437107 0.186426 0.38714 0.185379 0.447892 0.571995 
663 453 710 
0.183042 0.956725 0.488665 0.632274 0.416882 0.117909 0.085965 0.697368 
664 633 152 
0.803762 0.145784 0.940047 0.870324 0.713129 0.971467 0.6733 0.506715 
665 462 294 
0.268373 0.036063 0.741431 0.70548 0.222489 0.12857 0.890859 0.670381 
666 730 130 
0.0325744 0.883607 0.154024 0.52124 0.515881 0.570907 0.639149 0.601846 
667 128 116 
0.777281 0.0720366 0.225793 0.717327 0.94236 0.938921 0.688794 0.61566 
668 525 795 
0.803615 0.71401 0.0135062 0.545046 0.41949 0.235995 0.673616 0.310349 
669 98 681 
0.507649 0.93895 0.257788 0.661673 0.46019 0.77367 0.23258 0.0993393 
670 602 486 
0.179348 0.152797 0.572891 0.40514 0.870124 0.515251 0.344062 0.558919 
671 763 382 
0.536362 0.934526 0.503708 0.549868 0.479572 0.923198 0.785863 0.153188 
672 250 457 
0.527369 0.741196 0.631189 0.785158 0.402869 0.0913793 0.558827 0.635449 
673 168 627 
0.136304 0.370066 0.0871402 0.709195 0.775207 0.957265 0.224447 0.119268 
674 783 638 
0.908967 0.0525452 0.289885 0.412675 0.602413 0.769457 0.335873 0.388276 
675 104 54 
0.0805152 0.450014 0.310616 0.711704 0.235172 0.713485 0.803084 0.793999 
676 5 244 
0.728343 0.485239 0.363868 0.815483 0.194434 0.139075 0.772748 0.418881 
677 600 577 
0.774239 0.16731 0.341476 0.0641239 0.579985 0.943889 0.833581 0.915858 
678 188 439 
0.485278 0.412681 0.20624 0.795894 0.124385 0.441412 0.509379 0.927469 
679 186 241 
0.921271 0.963754 0.343552 0.285139 0.779237 0.537986 0.424214 0.551985 
680 261 483 
0.840915 0.731106 0.849868 0.182391 0.79523 0.429854 0.126281 0.628811 
681 59 135 
0.385036 0.83099 0.871127 0.591276 0.626884 0.995512 0.0326878 0.136263 
682 491 620 
0.994577 0.844252 0.231853 0.338129 0.129391 0.01109 0.876115 0.553605 
683 535 715 
0.236163 0.40399 0.564088 0.0860316 0.586381 0.359318 0.515885 0.712662 
684 552 116 
0.171108 0.373165 0.692587 0.042235 0.964441 0.319471 0.037747 0.997129 
685 429 40 
0.265228 0.450311 0.804979 0.497081 0.78844 0.93437 0.508171 0.664555 
686 209 199 
0.497537 0.724139 0.475235 0.0616259 0.81017 0.0616165 0.420944 0.326056 
687 353 681 
0.187653 0.945386 0.782239 0.88024 0.987621 0.74668 0.199711 0.0253683 
688 212 651 
0.986096 0.00903665 0.105755 0.791075 0.506118 0.894195 0.725446 0.0142886 
689 628 105 
0.0855342 0.0562877 0.93756 0.56077 0.117914 0.74773 0.622386 0.538858 
690 455 534 
0.947931 0.261439 0.342051 0.73017 0.141678 0.329672 0.476849 0.341389 
691 310 539 
0.996834 0.341136 0.229695 0.102589 0.132212 0.735812 0.996784 0.857657 
692 148 590 
0.0710784 0.835635 0.611822 0.00863834 0.396405 0.729736 0.756369 0.0187908 
693 353 62 
0.415455 0.216525 0.0915932 0.757506 0.946694 0.233272 0.0871774 0.423544 
694 335 458 
0.644202 0.571495 0.783354 0.873897 0.674084 0.915565 0.609709 0.670868 
695 72 310 
0.226403 0.844301 0.195445 0.838225 0.852939 0.59185 0.567961 0.609308 
696 740 183 
0.439462 0.0260961 0.053079 0.531056 0.783602 0.999773 0.764327 0.870779 
697 655 12 
0.312997 0.0675194 0.910483 0.0963503 0.941416 0.584566 0.0119155 0.551125 
698 626 328 
0.910936 0.481837 0.629439 0.106381 0.320062 0.482378 0.698231 0.888023 
699 583 48 
0.724577 0.531148 0.334968 0.777656 0.0622034 0.11857 0.777429 0.826531 
700 400 369 
0.165519 0.302346 0.268266 0.0760012 0.398696 0.209682 0.660568 0.410612 
701 461 475 
0.19575 0.671743 0.397839 0.825188 0.778125 0.717901 0.307566 0.476356 
702 84 407 
0.785228 0.330501 0.9304 0.120197 0.108157 0.992603 0.238767 0.885586 
703 398 337 
0.0863332 0.984652 0.530462 0.354599 0.0606536 0.929159 0.564282 0.721221 
704 685 708 
0.637223 0.53552 0.996833 0.0350628 0.360709 0.774957 0.752964 0.668275 
705 601 292 
0.0675267 0.0365416 0.689389 0.997926 0.156738 0.797546 0.99053 0.395506 
706 543 610 
0.623622 0.769466 0.794316 0.154084 0.124065 0.854969 0.0832433 0.688347 
707 263 360 
0.0134362 0.213414 0.958534 0.0102689 0.248477 0.319243 0.785226 0.00144121 
708 737 302 
0.360329 0.0550445 0.0730809 0.0497188 0.052971 0.229819 0.847265 0.0435007 
709 603 200 
0.853164 0.248947 0.299864 0.64748 0.403031 0.423929 0.502449 0.486275 
710 202 173 
0.909289 0.125712 0.292054 0.867823 0.135981 0.540531 0.187066 0.921207 
711 693 349 
0.957747 0.902302 0.229628 0.0308275 0.952021 0.282599 0.260647 0.799286 
712 569 316 
0.329684 0.179264 0.134919 0.629548 0.826744 0.53795 0.0534775 0.329193 
713 698 580 
0.407834 0.933513 0.291466 0.699888 0.801336 0.427447 0.24042 0.988402 
714 116 182 
0.162986 0.306401 0.684694 0.392614 0.337229 0.636715 0.675213 0.597876 
715 626 767 
0.483848 0.765686 0.180577 0.618766 0.395234 0.00732114 0.156716 0.448711 
716 307 189 
0.614465 0.744348 0.114455 0.905931 0.444236 0.915791 0.333379 0.684656 
717 78 438 
0.467048 0.0671791 0.988435 0.151743 0.459793 0.325664 0.788458 0.135006 
718 103 703 
0.13632 0.407387 0.990145 0.316897 0.0261537 0.385379 0.324218 0.18287 
719 167 14 
0.363811 0.448555 0.405081 0.478266 0.354487 0.849317 0.394057 0.687865 
720 31 668 
0.369899 0.00102079 0.365429 0.358333 0.152763 0.825222 0.683997 0.941221 
721 28 736 
0.165681 0.0965481 0.0149245 0.155826 0.413445 0.0410782 0.541205 0.737663 
722 549 594 
0.398395 0.58776 0.823851 0.803476 0.0660255 0.178337 0.652793 0.460082 
723 146 39 
0.758332 0.236101 0.187786 0.123761 0.594434 0.340549 0.948984 0.278432 
724 120 97 
0.885969 0.447451 0.00576042 0.900893 0.603277 0.419205 0.941971 0.144482 
725 152 327 
0.519778 0.555263 0.753679 0.343628 0.358739 0.819705 0.521966 0.0115312 
726 102 713 
0.0381195 0.624269 0.386082 0.161881 0.218703 0.726632 0.110865 0.497135 
727 671 443 
0.383104 0.455854 0.0258373 0.283997 0.059131 0.445043 0.225968 0.203613 
728 256 42 
0.723391 0.157174 0.145567 0.0670192 0.515912 0.965272 0.588985 0.527443 
729 624 721 
0.72574 0.283179 0.601421 0.111822 0.44506 0.820124 0.838454 0.555924 
730 794 639 
0.576001 0.700363 0.30271 0.601839 0.984359 0.361841 0.0468812 0.210328 
731 616 776 
0.602215 0.288845 0.805965 0.747783 0.355864 0.321878 0.713055 0.944849 
732 561 334 
0.922002 0.575061 0.241293 0.523423 0.686883 0.686352 0.343547 0.525337 
733 230 517 
0.372194 0.818278 0.361169 0.674904 0.420116 0.345528 0.0367447 0.466998 
734 310 467 
0.115789 0.158071 0.891044 0.921755 0.905854 0.246908 0.243632 0.618909 
735 175 771 
0.577023 0.113759 0.668014 0.818315 0.637182 0.354897 0.504667 0.980729 
736 107 612 
0.641536 0.252428 0.565222 0.0027047 0.927332 0.985338 0.348233 0.964076 
737 592 406 
0.566275 0.568125 0.0621604 0.457319 0.48988 0.968014 0.704228 0.733512 
738 472 656 
0.826465 0.163946 0.00974466 0.494479 0.982261 0.646927 0.849376 0.486928 
739 123 237 
0.233872 0.269192 0.982038 0.799094 0.271896 0.90937 0.784433 0.620129 
740 177 393 
0.524218 0.439722 0.804894 0.586379 0.897041 0.294773 0.554393 0.601269 
741 272 785 
0.497255 0.854749 0.305262 0.506999 0.349228 0.287523 0.153926 0.198604 
742 340 623 
0.928214 0.00832357 0.0507735 0.910252 0.807418 0.32267 0.819622 0.591851 
743 419 456 
0.828619 0.467018 0.13279 0.633513 0.0533966 0.0298307 0.928286 0.60779 
744 280 116 
0.749106 0.128354 0.81132 0.054368 0.635353 0.160548 0.341891 0.789279 
745 789 778 
0.570861 0.287366 0.124665 0.621635 0.197618 0.932083 0.944304 0.01724 
746 359 732 
0.710308 0.352553 0.354121 0.843098 0.986065 0.407518 0.872928 0.914351 
747 607 207 
0.870922 0.764414 0.632382 0.682241 0.818782 0.267736 0.842789 0.160673 
748 617 779 
0.277015 0.627876 0.489307 0.40168 0.249511 0.686925 0.333764 0.193815 
749 85 160 
0.080919 0.414473 0.21025 0.435041 0.257571 0.196316 0.842559 0.1305 
750 371 570 
0.634528 0.981589 0.62228 0.26691 0.66383 0.441062 0.534646 0.506619 
751 343 718 
0.708561 0.87875 0.219537 0.197868 0.28043 0.469048 0.884793 0.614194 
752 426 471 
0.471891 0.743782 0.00343151 0.682141 0.178823 0.261003 0.878457 0.0213816 
753 491 414 
0.879248 0.0260299 0.970713 0.501528 0.29294 0.634543 0.942591 0.827586 
754 108 639 
0.419247 0.849723 0.423076 0.638784 0.0475904 0.703506 0.107832 0.932383 
755 357 321 
0.521342 0.78959 0.514478 0.524773 0.471732 0.693301 0.785776 0.350189 
756 716 532 
0.339314 0.593931 0.203308 0.310026 0.0954592 0.496248 0.944569 0.03805 
757 743 189 
0.582376 0.74308 0.935454 0.0054517 0.381864 0.983044 0.708957 0.489697 
758 666 757 
0.260392 0.436769 0.816247 0.77487 0.961542 0.287979 0.468172 0.747318 
759 719 682 
0.924596 0.977481 0.776785 0.127904 0.287508 0.872244 0.624151 0.232077 
760 647 644 
0.317808 0.49267 0.691065 0.253262 0.498122 0.0729297 0.236307 0.207079 
761 398 311 
0.233736 0.823019 0.588504 0.0499831 0.597889 0.550046 0.337962 0.0660606 
762 168 167 
0.248915 0.221961 0.953611 0.0257 0.349865 0.241119 0.897944 0.974016 
763 627 184 
0.922001 0.791004 0.300909 0.613066 0.0442667 0.799031 0.685996 0.280573 
764 494 407 
0.432308 0.239847 0.0716409 0.020812 0.28983 0.66953 0.570858 0.627791 
765 491 499 
0.603921 0.984505 0.0901838 0.557532 0.0102054 0.440048 0.798651 0.90815 
766 623 102 
0.716388 0.336065 0.0628515 0.0172974 0.949132 0.107118 0.816328 0.635128 
767 467 474 
0.88375 0.82 0.0622854 0.955391 0.840811 0.352115 0.624921 0.41167 
768 274 398 
0.279893 0.583828 0.345017 0.370077 0.14136 0.355222 0.810125 0.940011 
769 368 536 
0.211858 0.97976 0.560255 0.27471 0.997058 0.509387 0.381828 0.813386 
770 745 407 
0.635825 0.0282649 0.589519 0.69811 0.983656 0.43033 0.0502255 0.608577 
771 88 650 
0.969088 0.121893 0.613959 0.314105 0.49197 0.755319 0.669327 0.302095 
772 683 322 
0.526285 0.907188 0.912459 0.0865402 0.181898 0.909517 0.595927 0.563726 
773 588 687 
0.333245 0.358728 0.768707 0.922764 0.0568388 0.752363 0.353094 0.107064 
774 642 169 
0.330028 0.316987 0.751156 0.644134 0.808957 0.506475 0.313461 0.111053 
775 528 75 
0.637338 0.108993 0.15862 0.723878 0.290891 0.0681368 0.319805 0.854617 
776 29 157 
0.187862 0.149768 0.828954 0.110625 0.206607 0.581317 0.463719 0.313671 
777 322 711 
0.450868 0.272286 0.975801 0.202023 0.916419 0.784758 0.708498 0.22988 
778 405 48 
0.47604 0.533149 0.0192969 0.63466 0.257027 0.310188 0.702797 0.576832 
779 535 585 
0.63708 0.352667 0.643605 0.466034 0.463292 0.850212 0.0473512 0.927012 
780 476 741 
0.585825 0.614751 0.261894 0.561626 0.816774 0.178313 0.346384 0.525273 
781 152 114 
0.435576 0.884233 0.775344 0.454873 0.518893 0.0323713 0.765061 0.22169 
782 606 26 
0.715526 0.246283 0.282533 0.359131 0.712317 0.745826 0.209344 0.759669 
783 516 195 
0.749277 0.258663 0.987978 0.0111711 0.820289 0.804753 0.189484 0.166673 
784 30 639 
0.765601 0.481911 0.184213 0.220474 0.000803906 0.216584 0.985535 0.222494 
785 24 607 
0.93802 0.0720711 0.197935 0.297152 0.784389 0.943761 0.506495 0.544057 
786 34 94 
0.293334 0.875261 0.867701 0.304505 0.69555 0.672454 0.49399 0.862223 
787 357 724 
0.271092 0.76808 0.573578 0.455304 0.988555 0.574382 0.671888 0.97409 
788 57 768 
0.889492 0.734895 0.569747 0.0874267 0.0320471 0.354136 0.0311876 0.538542 
789 375 468 
0.418265 0.191527 0.523047 0.285966 0.496033 0.218598 0.958419 0.990022 
790 474 644 
0.0816895 0.351912 0.728979 0.655267 0.807217 0.717533 0.229649 0.479105 
791 219 786 
0.976781 0.581115 0.76142 0.546528 0.668541 0.793467 0.900664 0.699729 
792 613 422 
0.347515 0.750274 0.990384 0.870562 0.0362399 0.486417 0.0891598 0.994659 
793 675 181 
0.955558 0.558129 0.521893 0.684536 0.213396 0.32911 0.402069 0.443046 
794 789 295 
0.46957 0.784996 0.674807 0.23099 0.331524 0.343348 0.0244569 0.232188 
795 273 509 
0.0310452 0.390592 0.10674 0.0214296 0.261154 0.14298 0.507847 0.350314 
796 212 430 
0.520294 0.0931971 0.542415 0.0421874 0.777733 0.755812 0.371297 0.179803 
797 718 454 
0.273495 0.668427 0.964508 0.948302 0.899417 0.296032 0.29165 0.923874 
798 683 614 
0.28034 0.559265 0.725318 0.387081 0.580695 0.986472 0.530061 0.0885415 
799 693 587 
0.0728279 0.85708 0.760898 0.615243 0.899268 0.538631 0.371055 0.270565 
