40 6
0 1 1 0 0 0 1 1 1 1 1 1 0 0 0 0 0 1 1 0 0 1 1 0 0 1 0 1 1 1 0 0 1 1 1 0 0 1 0 1 
0 20 36 26 5 1 
0.509534 0.396601 0.609436 0.0973022 0.642811 0.188217 0.483484 0.799067 0.000762981 0.45158 0.883307 0.936613 0.75309 0.013377 0.773693 0.306232 0.539329 0.156894 0.393537 0.731006 0.681411 0.146099 0.145559 0.81783 0.801356 0.973326 0.191925 0.85932 0.730907 0.00696929 0.417766 0.240441 0.40357 0.0272019 0.337743 0.0463811 0.215419 0.821227 0.845448 0.216182 0.272807 0.728755 0.152796 0.0258979 0.742132 0.926489 0.33213 0.281461 0.0833834 0.725667 0.0124678 0.764794 0.871765 0.158027 0.582624 0.673121 0.131353 0.774549 0.532442 0.86226 0.781518 0.950208 0.102701 0.185088 
1 16 34 20 24 10 
0.0769178 0.409011 0.534479 0.805673 0.561807 0.560377 0.547805 0.488296 0.892507 0.829266 0.571679 0.618174 0.841734 0.336474 0.489939 0.999761 0.919097 0.16306 0.131114 0.693646 0.695502 0.993374 0.475164 0.645709 0.0960755 0.660253 0.623119 0.53652 0.891722 0.815948 0.798192 0.96864 0.224959 0.332672 0.774313 0.786766 0.893049 0.322118 0.275062 0.785556 0.151385 0.846741 0.40373 0.993119 0.183215 0.893669 0.99288 0.102312 0.0567292 0.123993 0.795958 0.752231 0.117367 0.271123 0.39794 0.213443 0.931376 0.0210592 0.749963 0.823098 0.837007 0.548155 0.791738 0.0619656 
2 39 10 37 8 22 
0.123793 0.559432 0.0395542 0.970534 0.963162 0.0326729 0.153749 0.856831 0.0255524 0.256061 0.91356 0.149546 0.0520191 0.665791 0.266913 0.323142 0.0637312 0.480356 0.254518 0.0847904 0.230319 0.0776159 0.921797 0.778474 0.869354 0.983763 0.659301 0.435405 0.832494 0.433177 0.323575 0.956287 0.992609 0.363129 0.926821 0.955771 0.395802 0.0805694 0.812602 0.421355 0.33663 0.726161 0.5709 0.388649 0.391952 0.837813 0.711791 0.455683 0.318169 0.966309 0.540474 0.548487 0.043925 0.462271 0.326962 0.913279 0.446034 0.986263 0.348685 0.278528 0.41944 0.67226 0.234815 0.412049 
3 21 33 34 2 8 
0.852546 0.578835 0.906583 0.423446 0.967484 0.298535 0.261259 0.679276 0.754218 0.579428 0.645585 0.294692 0.127915 0.68951 0.756964 0.454877 0.602789 0.202997 0.44114 0.951473 0.481525 0.86058 0.623733 0.71634 0.272629 0.659122 0.877976 0.640449 0.0903133 0.120181 0.82087 0.942859 0.699016 0.727453 0.366305 0.6665 0.0259879 0.627564 0.345776 0.780206 0.206992 0.991361 0.0748988 0.334907 0.68087 0.831862 0.789784 0.283659 0.0348597 0.230923 0.235133 0.516385 0.0915029 0.858866 0.232725 0.364132 0.517988 0.110701 0.00458007 0.608301 0.230882 0.82545 0.55116 0.929898 
4 23 5 20 38 11 
0.752021 0.933535 0.433996 0.0869285 0.614406 0.265858 0.876712 0.898065 0.300718 0.107636 0.133198 0.817103 0.199139 0.992064 0.0498286 0.56327 0.510052 0.16053 0.56785 0.118354 0.391412 0.3933 0.669514 0.321311 0.946203 0.586979 0.917709 0.525094 0.132009 0.859884 0.884191 0.884031 0.793419 0.318187 0.970959 0.407825 0.584046 0.847671 0.30589 0.884764 0.955307 0.439088 0.701867 0.154446 0.431152 0.751695 0.717716 0.941205 0.912225 0.285566 0.0595581 0.303638 0.678867 0.729072 0.624948 0.62507 0.316052 0.542657 0.150164 0.448061 0.402541 0.0343554 0.332091 0.195961 
5 38 29 37 23 4 
0.909676 0.821352 0.106029 0.348765 0.523219 0.260474 0.779917 0.274915 0.97819 0.721122 0.18714 0.263757 0.78068 0.490778 0.942623 0.509752 0.115726 0.567693 0.825803 0.658383 0.717857 0.273864 0.0609241 0.752212 0.605955 0.256885 0.104755 0.909005 0.860671 0.0413436 0.0597269 0.770347 0.862696 0.165755 0.119112 0.385915 0.42623 0.899029 0.660829 0.40442 0.620151 0.847969 0.668177 0.40083 0.338747 0.6108 0.910582 0.454472 0.178493 0.736386 0.112855 0.89635 0.0102495 0.173779 0.648562 0.616205 0.430664 0.753317 0.52521 0.291335 0.794661 0.584937 0.0616817 0.657357 
6 22 28 10 39 36 
0.581342 0.699973 0.55207 0.249519 0.100803 0.890817 0.860319 0.0113852 0.34529 0.0388119 0.747771 0.458145 0.935162 0.75802 0.631924 0.583724 0.374225 0.0625887 0.337041 0.899435 0.353923 0.131702 0.484372 0.415605 0.789058 0.235064 0.596399 0.83233 0.411987 0.676221 0.536431 0.993329 0.376194 0.0885012 0.242848 0.476997 0.979318 0.103168 0.488382 0.324608 0.141979 0.236153 0.782753 0.077141 0.994173 0.414678 0.660865 0.368398 0.477266 0.997906 0.267833 0.83119 0.129607 0.752205 0.246795 0.918666 0.987269 0.843193 0.750995 0.399256 0.519414 0.287426 0.392585 0.895608 
7 28 24 16 3 20 
0.860986 0.679854 0.880581 0.0971391 0.462607 0.957722 0.0913121 0.877285 0.618586 0.45971 0.354551 0.616492 0.727543 0.185741 0.746099 0.479748 0.432535 0.664765 0.467018 0.275729 0.41576 0.866274 0.795143 0.703186 0.258859 0.690751 0.0791138 0.894293 0.0633552 0.43436 0.632894 0.924342 0.114214 0.513474 0.0214807 0.576821 0.471196 0.112793 0.454105 0.0897819 0.572503 0.808656 0.706274 0.300046 0.994396 0.452373 0.779794 0.426932 0.117137 0.246812 0.702661 0.532897 0.113086 0.497804 0.236083 0.371945 0.188554 0.315197 0.266238 0.251909 0.749557 0.899131 0.176251 0.863771 
8 10 24 38 30 2 
0.973583 0.883027 0.703352 0.679857 0.183073 0.697749 0.132229 0.962868 0.124681 0.249367 0.20968 0.827341 0.782264 0.322766 0.325145 0.0183473 0.694711 0.513699 0.333545 0.960949 0.765609 0.0831014 0.86008 0.94186 0.946872 0.272685 0.139591 0.387463 0.156487 0.450116 0.282159 0.13007 0.333143 0.985512 0.809927 0.516217 0.683261 0.942156 0.479085 0.807941 0.191523 0.688765 0.635283 0.973786 0.011531 0.960428 0.992134 0.706242 0.474127 0.325678 0.667191 0.239736 0.40878 0.527271 0.181595 0.355652 0.799956 0.321187 0.743115 0.956443 0.771303 0.0252742 0.0865128 0.104446 
9 37 32 12 29 10 
0.0301179 0.788512 0.137271 0.0039043 0.800043 0.0976983 0.996038 0.506285 0.571825 0.321716 0.173476 0.811561 0.730496 0.700747 0.993156 0.0861473 0.500704 0.314343 0.829262 0.457147 0.0856453 0.854536 0.54366 0.190091 0.865322 0.440099 0.810754 0.559369 0.278694 0.910501 0.0613569 0.308812 0.699013 0.198628 0.312716 0.499056 0.296326 0.308754 0.00534175 0.868151 0.63047 0.178818 0.679712 0.360966 0.879565 0.672868 0.447113 0.380269 0.98721 0.276375 0.837416 0.0728558 0.130912 0.381075 0.262947 0.996234 0.821174 0.0737008 0.555603 0.0998682 0.984202 0.61696 0.40868 0.683215 
10 37 35 7 5 13 
0.187613 0.980064 0.660621 0.366431 0.659776 0.0215876 0.245997 0.332644 0.468701 0.626266 0.319854 0.745077 0.463681 0.39271 0.875988 0.844756 0.655657 0.872222 0.66593 0.729358 0.427825 0.765798 0.71356 0.0447849 0.174479 0.396775 0.860372 0.895875 0.579047 0.972286 0.926026 0.76666 0.95235 0.586648 0.133092 0.612126 0.608235 0.379089 0.94477 0.0769364 0.00535411 0.264625 0.822013 0.469035 0.657335 0.698001 0.313791 0.312992 0.570223 0.979722 0.04235 0.998048 0.74552 0.75591 0.0428334 0.919999 0.152685 0.903206 0.815874 0.731732 0.875491 0.7419 0.498393 0.827842 
11 34 27 38 18 14 
0.384738 0.0137198 0.0159272 0.649363 0.835733 0.484962 0.306698 0.533734 0.798754 0.61969 0.103957 0.778475 0.66204 0.102006 0.523995 0.41795 0.144839 0.443994 0.570635 0.048045 0.259868 0.302367 0.923536 0.00176808 0.80076 0.751378 0.330316 0.432245 0.191346 0.267099 0.442818 0.576085 0.280819 0.458745 0.225448 0.116552 0.943707 0.532146 0.650286 0.742461 0.151836 0.754243 0.520937 0.813876 0.856249 0.0449322 0.231825 0.00108841 0.488926 0.802461 0.0491334 0.748794 0.104828 0.97267 0.750562 0.905588 0.724048 0.0808782 0.337833 0.915394 0.347978 0.78065 0.491479 0.628797 
12 38 29 16 28 10 
0.395635 0.925564 0.400907 0.149878 0.446501 0.214783 0.00612705 0.491433 0.446608 0.00721546 0.980359 0.249069 0.0563489 0.729153 0.353897 0.0290187 0.479715 0.259485 0.753067 0.560594 0.597318 0.668461 0.908571 0.377968 0.159939 0.537368 0.617364 0.876865 0.282717 0.800466 0.125937 0.678351 0.72603 0.526845 0.828229 0.172531 0.741628 0.834356 0.663964 0.188236 0.841572 0.644323 0.437305 0.897921 0.373476 0.791202 0.926939 0.853192 0.0506876 0.680006 0.413786 0.648005 0.348467 0.322357 0.0259736 0.508406 0.859725 0.643337 0.385271 0.142442 0.443803 0.511209 0.820793 0.169834 
13 38 10 37 5 14 
0.00632852 0.967917 0.324951 0.650652 0.405222 0.222872 0.0241279 0.196425 0.149811 0.87732 0.247112 0.829817 0.291105 0.895118 0.178283 0.613462 0.921091 0.686689 0.473187 0.564428 0.0719605 0.615629 0.00823185 0.583169 0.436423 0.178066 0.621222 0.0854451 0.52043 0.400903 0.568824 0.526759 0.36882 0.893775 0.17741 0.774043 0.116646 0.201538 0.970467 0.266457 0.0788579 0.217579 0.0962741 0.369963 0.112697 0.274558 0.983425 0.0337882 0.961247 0.456613 0.598217 0.0332073 0.0722419 0.606448 0.616376 0.508664 0.784514 0.237599 0.59411 0.304944 0.638502 0.162934 0.831703 0.00732235 
14 0 13 32 20 12 
0.751832 0.439812 0.289509 0.969412 0.536087 0.659472 0.0821086 0.810644 0.642898 0.115897 0.771891 0.0995103 0.714113 0.805098 0.171752 0.320562 0.421474 0.680417 0.105076 0.659073 0.274526 0.41002 0.297575 0.43746 0.241723 0.304897 0.494168 0.250836 0.0862624 0.667523 0.461487 0.838095 0.107336 0.750996 0.807506 0.643422 0.410468 0.889615 0.454067 0.0533658 0.00551162 0.225957 0.152876 0.719625 0.0310554 0.324628 0.0401869 0.45253 0.0050448 0.145263 0.111603 0.279571 0.555283 0.409178 0.717031 0.797006 0.714075 0.211199 0.0478414 0.800338 0.878722 0.509328 0.638433 0.986058 
15 12 18 3 27 29 
0.724158 0.341065 0.309505 0.877034 0.0606903 0.34056 0.201663 0.100877 0.79309 0.206708 0.24614 0.904693 0.486278 0.801423 0.313871 0.203309 0.598428 0.0279463 0.414508 0.64627 0.828284 0.29323 0.155598 0.466717 0.279289 0.415922 0.912655 0.908769 0.0867149 0.248209 0.992317 0.810873 0.589274 0.301821 0.687908 0.649965 0.642381 0.889571 0.750842 0.435471 0.096278 0.996982 0.340164 0.582556 0.798404 0.654035 0.785865 0.396832 0.681981 0.200373 0.0431019 0.510265 0.493604 0.1987 0.976982 0.772893 0.614622 0.889637 0.681662 0.701337 0.137847 0.673979 0.51221 0.727121 
16 26 5 4 15 34 
0.127927 0.0536525 0.185967 0.124909 0.393816 0.768523 0.923313 0.0478512 0.554388 0.320145 0.729832 0.754762 0.363247 0.240097 0.248366 0.561947 0.217079 0.0212586 0.176569 0.106717 0.702921 0.877906 0.244563 0.3769 0.390116 0.971684 0.3527 0.590234 0.348769 0.970881 0.679923 0.476697 0.0245338 0.865889 0.601605 0.41835 0.634412 0.524918 0.466201 0.188801 0.845063 0.196034 0.943563 0.208311 0.436131 0.191929 0.770258 0.65321 0.213187 0.946827 0.759927 0.916108 0.824733 0.00449023 0.293008 0.214849 0.976174 0.645708 0.805083 0.324944 0.616589 0.485006 0.80164 0.641123 
17 5 18 30 34 33 
0.525674 0.174108 0.773227 0.721708 0.117671 0.981538 0.157839 0.3096 0.751795 0.811049 0.522787 0.698622 0.570976 0.438895 0.523355 0.575466 0.731903 0.738204 0.551641 0.377611 0.543287 0.876584 0.9942 0.0282925 0.678225 0.635322 0.379188 0.0814701 0.694795 0.364495 0.00963388 0.22047 0.538603 0.782861 0.942177 0.656275 0.764399 0.100016 0.965874 0.516194 0.911065 0.488662 0.214817 0.482041 0.927557 0.738171 0.0575076 0.65946 0.476375 0.609148 0.0370713 0.0196615 0.485732 0.0312711 0.047954 0.163957 0.666594 0.427142 0.245427 0.361389 0.791637 0.255061 0.581859 0.33024 
18 29 10 35 25 19 
0.318515 0.535118 0.441051 0.533332 0.017159 0.368608 0.271503 0.0746665 0.0280683 0.747878 0.683815 0.0651395 0.76754 0.169547 0.0964106 0.815494 0.333504 0.763004 0.242635 0.578931 0.124393 0.0342719 0.833992 0.706252 0.364512 0.871914 0.230288 0.351027 0.674235 0.85434 0.303416 0.99275 0.389458 0.744467 0.526082 0.406617 0.113075 0.797586 0.481283 0.141143 0.545464 0.165098 0.206283 0.313003 0.334645 0.302693 0.128497 0.668149 0.0656974 0.371132 0.24708 0.190091 0.405404 0.0810717 0.896342 0.769916 0.952986 0.12663 0.120943 0.62722 0.980971 0.424359 0.619971 0.370429 
19 25 3 37 13 39 
0.489102 0.423427 0.629326 0.802106 0.758072 0.932019 0.930603 0.426221 0.997717 0.301735 0.673301 0.187807 0.707139 0.754373 0.0841498 0.477055 0.707358 0.21078 0.597998 0.334579 0.191751 0.022357 0.95455 0.56218 0.191183 0.100603 0.339225 0.473083 0.0442414 0.597555 0.896127 0.533344 0.0209817 0.525453 0.33545 0.779054 0.457472 0.266052 0.205275 0.455189 0.567787 0.878576 0.642997 0.274926 0.632949 0.727146 0.751981 0.340307 0.937927 0.349979 0.674886 0.129678 0.372336 0.629435 0.691857 0.563519 0.730038 0.0310827 0.0366022 0.774279 0.628637 0.932729 0.307623 0.649619 
20 35 11 32 21 29 
0.633948 0.370844 0.476912 0.512524 0.0138405 0.751838 0.145473 0.740987 0.503819 0.48578 0.678914 0.853798 0.160665 0.808591 0.226134 0.790101 0.500449 0.789653 0.520139 0.531531 0.826255 0.294418 0.160169 0.758985 0.602041 0.809788 0.217167 0.245114 0.23846 0.132821 0.154239 0.872408 0.503665 0.631151 0.384932 0.517506 0.382989 0.530405 0.258493 0.886809 0.0161849 0.937407 0.740607 0.17685 0.745998 0.966741 0.966951 0.246447 0.756394 0.48709 0.777978 0.58265 0.781508 0.938147 0.341635 0.383549 0.747934 0.558801 0.628663 0.986394 0.691623 0.782902 0.858803 0.195288 
21 14 2 33 12 38 
0.683852 0.790325 0.908694 0.424458 0.967176 0.654691 0.3912 0.934127 0.901138 0.147594 0.421217 0.679116 0.730244 0.202725 0.617263 0.0718786 0.586274 0.365197 0.63068 0.214937 0.351591 0.322303 0.997839 0.210394 0.517591 0.411892 0.454129 0.230385 0.208935 0.22827 0.201672 0.892787 0.0185952 0.110366 0.317245 0.985771 0.765057 0.708445 0.919898 0.666195 0.856039 0.341115 0.345311 0.586283 0.543839 0.962574 0.658162 0.130113 0.32777 0.288842 0.345049 0.679362 0.611144 0.342888 0.889756 0.128735 0.75478 0.343885 0.35912 0.963715 0.572155 0.560792 0.856502 0.59075 
22 7 5 2 16 24 
0.496419 0.10241 0.73823 0.837534 0.447721 0.324514 0.381373 0.410295 0.982675 0.511486 0.738065 0.271517 0.856535 0.417427 0.882661 0.199423 0.307182 0.0113967 0.954203 0.651067 0.370517 0.917918 0.223222 0.931309 0.774419 0.813972 0.602467 0.948166 0.390493 0.0386822 0.830357 0.886912 0.141092 0.568588 0.724446 0.588813 0.893101 0.105819 0.999108 0.875777 0.617304 0.737173 0.147293 0.473839 0.1546 0.0299548 0.673262 0.461782 0.0413514 0.627465 0.112849 0.411868 0.545382 0.336072 0.343178 0.319802 0.150044 0.945645 0.267968 0.540538 0.984327 0.0983251 0.42745 0.12542 
23 29 32 0 15 16 
0.71334 0.435791 0.87502 0.450513 0.583084 0.348859 0.605113 0.613039 0.0221208 0.0668948 0.654391 0.649585 0.179744 0.0662591 0.194968 0.515816 0.409437 0.514769 0.66586 0.355082 0.782737 0.206398 0.33941 0.881062 0.633848 0.464829 0.547975 0.785745 0.179062 0.107989 0.0434599 0.892402 0.54378 0.91848 0.342916 0.126864 0.267339 0.948029 0.739904 0.289459 0.0149234 0.394294 0.939045 0.194668 0.460553 0.134012 0.710484 0.86999 0.648781 0.376344 0.225073 0.431518 0.582742 0.564483 0.31258 0.21659 0.0293119 0.860555 0.00233486 0.208374 0.968544 0.0457947 0.100776 0.512324 
24 26 29 1 30 37 
0.379092 0.521072 0.406644 0.773386 0.460117 0.601312 0.23394 0.594129 0.311795 0.10393 0.24291 0.688139 0.329003 0.674428 0.270881 0.893485 0.987008 0.487472 0.922797 0.847563 0.489807 0.131171 0.816107 0.535601 0.231948 0.32843 0.499876 0.67564 0.967618 0.731489 0.0673604 0.34671 0.252561 0.474005 0.120096 0.712678 0.0753162 0.354036 0.306807 0.387112 0.457966 0.549717 0.075251 0.786969 0.224145 0.346132 0.680454 0.211154 0.833604 0.603251 0.0587165 0.323411 0.734423 0.874823 0.859012 0.96637 0.203253 0.358887 0.64201 0.170872 0.0903759 0.70937 0.517582 0.342937 
25 11 36 33 20 26 
0.362421 0.645803 0.44968 0.912138 0.721054 0.236649 0.136283 0.067186 0.917103 0.347437 0.90079 0.520354 0.406153 0.2242 0.254777 0.280976 0.0832122 0.221147 0.48423 0.4421 0.863157 0.655101 0.532476 0.572527 0.172683 0.875412 0.755902 0.810361 0.931027 0.0145932 0.802075 0.293448 0.660396 0.251755 0.205586 0.381449 0.488404 0.341869 0.448635 0.405507 0.689306 0.349425 0.925861 0.0954594 0.573626 0.180638 0.376436 0.656838 0.401785 0.860666 0.0989377 0.264942 0.515767 0.631413 0.83747 0.68845 0.506825 0.593372 0.498811 0.437852 0.607965 0.300886 0.7313 0.268361 
26 38 6 30 20 31 
0.0984457 0.44655 0.96806 0.447871 0.372411 0.0635195 0.0214969 0.553049 0.439955 0.678335 0.954835 0.300621 0.777273 0.219777 0.816388 0.408686 0.0572463 0.504837 0.915511 0.650618 0.00364798 0.353363 0.258583 0.304533 0.0846631 0.526944 0.857174 0.0215483 0.176754 0.898218 0.300302 0.2752 0.344768 0.268362 0.723071 0.717179 0.331882 0.744568 0.270229 0.771837 0.422903 0.225063 0.0724581 0.200176 0.44484 0.888846 0.608861 0.502086 0.393683 0.524373 0.152704 0.397331 0.877736 0.411287 0.701865 0.962399 0.938231 0.559038 0.983948 0.114985 0.457256 0.28425 0.390185 0.802024 
27 28 39 30 29 15 
0.789432 0.656332 0.280726 0.0144953 0.72879 0.480902 0.459335 0.617636 0.0897635 0.961422 0.0113187 0.614136 0.114126 0.40865 0.491873 0.525414 0.110514 0.454272 0.463645 0.669553 0.43822 0.57863 0.126809 0.72247 0.968815 0.928833 0.275082 0.0820709 0.448036 0.159577 0.939895 0.237468 0.815908 0.220621 0.251963 0.544698 0.701523 0.711299 0.162334 0.791286 0.672721 0.173652 0.405423 0.786847 0.582302 0.897295 0.31226 0.692816 0.351568 0.775905 0.362369 0.789787 0.354535 0.489178 0.512257 0.32335 0.41801 0.78734 0.405421 0.866046 0.946916 0.345316 0.103514 0.762825 
28 31 17 33 12 29 
0.0587464 0.739497 0.643509 0.464169 0.526344 0.225811 0.361465 0.838604 0.918628 0.713032 0.61451 0.280997 0.50282 0.969045 0.770174 0.0150767 0.292395 0.188185 0.802416 0.697817 0.0542313 0.749333 0.0431326 0.157746 0.512157 0.60907 0.513223 0.81968 0.87653 0.58 0.289537 0.935276 0.319497 0.933046 0.399445 0.845841 0.158857 0.76091 0.684445 0.0774842 0.473942 0.298955 0.358481 0.976762 0.268 0.128655 0.991838 0.560395 0.31684 0.794254 0.258212 0.371072 0.543587 0.301344 0.528817 0.0557442 0.910414 0.0420406 0.875424 0.786943 0.62204 0.164961 0.722219 0.941537 
29 36 4 32 0 14 
0.471823 0.334347 0.356516 0.770778 0.692828 0.333278 0.0387774 0.821484 0.325116 0.599172 0.138324 0.11937 0.857384 0.509395 0.662957 0.158728 0.0382124 0.718702 0.0691421 0.080253 0.594126 0.856086 0.702294 0.759087 0.578305 0.643831 0.857093 0.699969 0.431209 0.113956 0.582544 0.903032 0.448303 0.93906 0.67381 0.141131 0.272337 0.712588 0.962615 0.597453 0.31176 0.100939 0.716824 0.169144 0.610334 0.379781 0.327872 0.648546 0.098483 0.397014 0.728799 0.692609 0.2531 0.431093 0.451695 0.831404 0.0749238 0.308788 0.531374 0.506133 0.422744 0.113917 0.409165 0.871048 
30 5 37 17 11 1 
0.974794 0.922768 0.107323 0.0757322 0.639592 0.276467 0.686066 0.019373 0.604339 0.334612 0.117856 0.00135262 0.0634116 0.810465 0.254452 0.494504 0.26216 0.0858567 0.569428 0.570949 0.61723 0.0755611 0.993693 0.731148 0.484726 0.864741 0.784125 0.567702 0.87692 0.109439 0.363265 0.851713 0.0322066 0.470588 0.927445 0.671798 0.747054 0.613511 0.691171 0.351393 0.948124 0.809027 0.352745 0.0115352 0.619492 0.607198 0.50604 0.881652 0.693054 0.0754678 0.452601 0.310285 0.151029 0.446294 0.0414323 0.635755 0.311035 0.825557 0.203457 0.187955 0.934996 0.566722 0.0396677 0.967202 
31 2 16 18 13 32 
0.135757 0.528748 0.139199 0.488502 0.540283 0.758691 0.0956997 0.0463228 0.640344 0.788754 0.121791 0.0929449 0.0990387 0.272819 0.539239 0.140471 0.908575 0.850274 0.966028 0.112032 0.0382287 0.901023 0.678754 0.0778964 0.868226 0.716063 0.0450094 0.507226 0.500427 0.625634 0.837398 0.636184 0.154382 0.976597 0.124686 0.694665 0.735289 0.220386 0.740988 0.375632 0.00913971 0.862778 0.468577 0.108178 0.135598 0.0078164 0.248649 0.0441724 0.858091 0.214677 0.156204 0.896319 0.1157 0.834958 0.974216 0.983926 0.551021 0.019225 0.491153 0.0514482 0.644859 0.328551 0.687632 0.799241 
32 9 35 38 22 16 
0.234893 0.416069 0.0418435 0.0976716 0.884647 0.150022 0.233269 0.892463 0.398671 0.277442 0.750554 0.613348 0.433646 0.646873 0.729049 0.268603 0.621089 0.712975 0.819625 0.640314 0.204128 0.871073 0.285172 0.532679 0.558705 0.0844129 0.837827 0.371023 0.578318 0.878264 0.403727 0.813212 0.294334 0.44557 0.910883 0.17898 0.595592 0.144152 0.0714431 0.994264 0.421594 0.821997 0.607612 0.85524 0.46887 0.336661 0.123843 0.0899581 0.0496356 0.943468 0.730272 0.253763 0.814541 0.015444 0.786442 0.373245 0.0998569 0.624269 0.744268 0.678175 0.502533 0.147995 0.491387 0.796867 
33 12 28 24 0 23 
0.0472901 0.183421 0.968017 0.869287 0.791033 0.823256 0.338156 0.127694 0.9471 0.428114 0.177329 0.890567 0.158386 0.431093 0.705108 0.17383 0.217535 0.0783534 0.273687 0.841804 0.822622 0.951862 0.344337 0.970617 0.443249 0.141204 0.564183 0.845519 0.117051 0.75334 0.391941 0.164341 0.936762 0.359958 0.0336281 0.727795 0.183214 0.371784 0.855489 0.130314 0.799899 0.032818 0.0208814 0.958285 0.463911 0.725989 0.132115 0.681445 0.804343 0.405802 0.523249 0.626965 0.357664 0.867587 0.597582 0.800913 0.0087908 0.161764 0.646432 0.125842 0.915105 0.0383739 0.290183 0.851866 
34 4 36 14 17 8 
0.43515 0.71186 0.495495 0.467968 0.732742 0.45378 0.931878 0.458731 0.585895 0.613324 0.263074 0.991697 0.136573 0.890038 0.349362 0.00415989 0.48762 0.150275 0.0129507 0.649384 0.796707 0.138793 0.564489 0.835081 0.428976 0.416355 0.233413 0.752787 0.996016 0.814959 0.448383 0.431166 0.52682 0.943878 0.899134 0.259561 0.397657 0.831012 0.718292 0.983552 0.444336 0.981366 0.97525 0.580909 0.871405 0.324611 0.585069 0.359025 0.474886 0.59802 0.00840874 0.271593 0.736812 0.572897 0.106675 0.165788 0.989252 0.340088 0.918575 0.985268 0.155047 0.366958 0.416434 0.681867 
35 10 23 6 18 28 
0.65972 0.692045 0.590916 0.641087 0.667295 0.171825 0.512491 0.991906 0.756894 0.871516 0.466792 0.354913 0.879925 0.738385 0.0917258 0.452822 0.84506 0.257514 0.442074 0.185148 0.176089 0.427343 0.340195 0.543047 0.843777 0.0220621 0.853883 0.159344 0.96349 0.562375 0.305924 0.623211 0.254421 0.896839 0.264297 0.921715 0.0686641 0.776789 0.913621 0.825558 0.648305 0.380413 0.180471 0.52823 0.118799 0.272197 0.981052 0.963859 0.529711 0.423126 0.149007 0.7058 0.850469 0.489202 0.248847 0.694245 0.511264 0.10273 0.85359 0.474755 0.665105 0.159514 0.0979652 0.919526 
36 38 3 30 17 22 
0.950575 0.787356 0.135276 0.131046 0.315586 0.254075 0.403243 0.296638 0.217934 0.932954 0.719765 0.366941 0.638755 0.570234 0.856143 0.887602 0.264479 0.367408 0.990332 0.118069 0.842162 0.655437 0.277583 0.940127 0.574963 0.333935 0.30239 0.416205 0.458953 0.441441 0.171067 0.409527 0.228798 0.306344 0.540574 0.544384 0.560418 0.943817 0.841023 0.778352 0.876772 0.560787 0.145293 0.515526 0.131021 0.00143637 0.403128 0.395501 0.368844 0.393459 0.51357 0.211006 0.0488965 0.791152 0.151134 0.62386 0.125088 0.453524 0.0400642 0.58404 0.894965 0.211132 0.993568 0.123763 
37 8 33 19 12 39 
0.509169 0.856246 0.35473 0.0699568 0.00153901 0.870256 0.200978 0.00297538 0.273384 0.596479 0.371819 0.666843 0.110048 0.582826 0.71574 0.9012 0.733959 0.339599 0.0262878 0.187483 0.379663 0.610328 0.0824475 0.590795 0.603895 0.20621 0.10827 0.138037 0.874357 0.186164 0.615995 0.383526 0.0424097 0.970725 0.453483 0.0439487 0.840981 0.654461 0.0469241 0.114365 0.25094 0.418743 0.781209 0.360988 0.00156898 0.496948 0.262189 0.735528 0.836548 0.288476 0.923011 0.216211 0.898804 0.00545821 0.807006 0.5027 0.211668 0.915276 0.640736 0.0860255 0.10144 0.256732 0.469552 0.14385 
38 20 13 9 10 22 
0.234723 0.182804 0.828437 0.653466 0.964012 0.189425 0.655035 0.46096 0.451613 0.390563 0.297508 0.74009 0.313574 0.513719 0.638894 0.319032 0.320725 0.141594 0.530701 0.236002 0.78233 0.616726 0.337442 0.0390616 0.086278 0.481292 0.266519 0.00931333 0.66909 0.334957 0.58681 0.903813 0.51776 0.415247 0.557279 0.481772 0.604672 0.212314 0.942733 0.056285 0.602878 0.240241 0.796375 0.916451 0.75396 0.435269 0.235484 0.0746851 0.576862 0.766184 0.310687 0.359192 0.38291 0.648129 0.398254 0.469188 0.12942 0.664772 0.478501 0.798511 0.999729 0.0653115 0.702324 0.51749 
39 22 12 27 6 20 
0.141515 0.0747948 0.182236 0.937889 0.991246 0.936196 0.373158 0.22673 0.0108807 0.95002 0.992914 0.321567 0.309213 0.375824 0.969696 0.707467 0.845012 0.0991162 0.372239 0.323513 0.897627 0.371968 0.388825 0.599951 0.889458 0.869383 0.859554 0.88872 0.954613 0.331471 0.830715 0.0961274 0.406266 0.0129504 0.0340169 0.397512 0.949146 0.407175 0.624241 0.960027 0.357196 0.617155 0.281594 0.666408 0.992979 0.25129 0.373875 0.837991 0.350406 0.746114 0.161504 0.248033 0.118082 0.550329 0.847984 0.00753966 0.419712 0.707537 0.896259 0.374325 0.0390082 0.726974 0.470452 0.445274 
