39 5
0 1 1 0 1 1 0 1 1 0 0 0 0 0 1 0 0 1 1 0 0 1 0 1 1 1 0 1 0 0 1 0 0 1 1 0 1 0 1 
0 20 11 37 8 
0.334471 0.475332 0.0901619 0.574953 0.798364 0.615877 0.0447795 0.72802 0.206865 0.479446 0.227243 0.683904 0.13925 0.743419 0.138879 0.979635 0.207454 0.428237 0.53189 0.283559 0.0984477 0.537105 0.219808 0.196721 0.379299 0.82286 0.516437 0.409649 0.823509 0.699746 0.718565 0.157981 
1 27 12 38 16 
0.424603 0.777713 0.701462 0.631469 0.257159 0.928705 0.315372 0.396409 0.672124 0.454251 0.376044 0.879579 0.882488 0.907935 0.163138 0.980936 0.445039 0.382946 0.177657 0.824338 0.205806 0.694094 0.233987 0.0293149 0.39384 0.952552 0.187295 0.568918 0.761278 0.920229 0.54236 0.185881 
2 26 27 16 11 
0.172527 0.132722 0.35151 0.844652 0.586974 0.727554 0.724231 0.469462 0.635489 0.887368 0.450398 0.0805283 0.270314 0.628055 0.904867 0.47612 0.32215 0.138854 0.505435 0.715989 0.0914052 0.69273 0.284907 0.852683 0.612959 0.827267 0.0385645 0.310901 0.0710893 0.855915 0.266001 0.243617 
3 18 2 31 17 
0.345065 0.812499 0.0450728 0.980554 0.699868 0.495471 0.0610828 0.970182 0.123526 0.965949 0.446302 0.445676 0.104803 0.951736 0.161665 0.196208 0.644467 0.446573 0.0488916 0.257426 0.27384 0.0874561 0.568327 0.344929 0.943371 0.834328 0.588546 0.932008 0.451839 0.676814 0.507618 0.796905 
4 15 18 10 36 
0.838542 0.159362 0.171688 0.804491 0.605664 0.617364 0.909294 0.557401 0.77903 0.105503 0.201867 0.225602 0.154394 0.459293 0.499442 0.241851 0.0276197 0.844371 0.185221 0.861948 0.432917 0.117229 0.313787 0.109731 0.624847 0.110691 0.599044 0.177538 0.88815 0.788225 0.2257 0.726692 
5 37 38 0 10 
0.440478 0.110652 0.793782 0.545981 0.31252 0.0193849 0.700375 0.771813 0.518827 0.942225 0.799433 0.363198 0.127447 0.66138 0.796115 0.244675 0.975167 0.905846 0.869522 0.0858581 0.50489 0.0470603 0.974008 0.293115 0.27276 0.7007 0.240702 0.670148 0.231884 0.793954 0.684901 0.672362 
6 5 13 7 26 
0.498068 0.918717 0.988939 0.0168952 0.860943 0.788371 0.380093 0.988389 0.449752 0.176208 0.233065 0.424918 0.0820538 0.102587 0.510776 0.586944 0.149647 0.484785 0.880059 0.422407 0.185485 0.120761 0.0925556 0.417369 0.914715 0.777457 0.0897303 0.819321 0.25614 0.308072 0.0364471 0.754208 
7 4 9 12 18 
0.813757 0.151197 0.0761212 0.263509 0.327405 0.309186 0.688427 0.409459 0.411773 0.199204 0.996403 0.56142 0.683988 0.876461 0.983827 0.869473 0.997222 0.0763828 0.286842 0.911937 0.853839 0.376573 0.731258 0.109979 0.684645 0.767705 0.864188 0.911434 0.793091 0.635291 0.999166 0.606848 
8 1 24 27 15 
0.384473 0.558784 0.523352 0.796246 0.757988 0.519754 0.357666 0.441976 0.396216 0.341493 0.311449 0.393438 0.417876 0.598292 0.305375 0.271715 0.974864 0.0366332 0.381695 0.659509 0.804339 0.245882 0.570943 0.59743 0.881174 0.57011 0.204278 0.667662 0.645397 0.0746353 0.781555 0.0298707 
9 33 10 8 17 
0.183782 0.833383 0.220877 0.525275 0.144833 0.614315 0.943151 0.743124 0.91969 0.214866 0.717989 0.956323 0.596561 0.377498 0.760661 0.842443 0.948441 0.358091 0.723616 0.518551 0.562369 0.391278 0.163948 0.637005 0.172833 0.193819 0.270424 0.47774 0.0199355 0.661832 0.302401 0.203718 
10 2 33 18 38 
0.137592 0.672144 0.383172 0.0572821 0.88701 0.101161 0.013605 0.483571 0.478659 0.774266 0.326014 0.4271 0.132358 0.0496303 0.94565 0.694727 0.440909 0.109599 0.331732 0.613742 0.303418 0.602156 0.0914814 0.323353 0.263988 0.393882 0.527071 0.759203 0.91716 0.256064 0.399251 0.0547527 
11 12 15 8 26 
0.883584 0.12564 0.29879 0.362243 0.899906 0.624804 0.789343 0.0322639 0.674434 0.734993 0.726991 0.115342 0.844592 0.0587229 0.729084 0.148009 0.660879 0.820565 0.471363 0.924867 0.214448 0.998434 0.68407 0.131608 0.254498 0.0833214 0.186361 0.182707 0.865745 0.298396 0.997925 0.749329 
12 8 14 32 20 
0.921519 0.900915 0.356206 0.595953 0.635908 0.0831966 0.711295 0.4805 0.141919 0.440379 0.62851 0.802799 0.260945 0.0998722 0.727666 0.475393 0.0983059 0.411736 0.607001 0.352804 0.495057 0.793362 0.53551 0.360802 0.0917575 0.533436 0.110132 0.515793 0.830151 0.221704 0.839735 0.75167 
13 4 17 18 3 
0.0589178 0.239028 0.421056 0.499297 0.867537 0.223855 0.760242 0.967409 0.951521 0.235634 0.0657152 0.363257 0.842635 0.418519 0.858314 0.635997 0.954029 0.219116 0.727754 0.487465 0.329248 0.243547 0.317616 0.550952 0.0832821 0.0692864 0.673572 0.279222 0.416909 0.432099 0.558359 0.475827 
14 19 22 6 37 
0.20327 0.735366 0.506073 0.154791 0.971 0.571789 0.518048 0.813635 0.990308 0.376362 0.449632 0.944337 0.595478 0.177386 0.431803 0.924726 0.420934 0.749419 0.475679 0.504216 0.818705 0.14925 0.783438 0.235614 0.58135 0.341797 0.711441 0.252477 0.321213 0.686565 0.791141 0.524483 
15 34 19 6 11 
0.869003 0.197322 0.206566 0.859311 0.573683 0.656198 0.803648 0.169161 0.833584 0.235451 0.0938875 0.254517 0.98487 0.569566 0.758733 0.803575 0.718817 0.542171 0.0391894 0.300166 0.883968 0.750631 0.552643 0.205181 0.437196 0.343784 0.729664 0.859127 0.640999 0.408939 0.252057 0.510002 
16 13 0 9 27 
0.114821 0.172961 0.349105 0.948405 0.408412 0.442992 0.202922 0.393281 0.0125586 0.961655 0.196856 0.731375 0.503826 0.236046 0.0315415 0.387794 0.986677 0.584185 0.592975 0.423873 0.927969 0.32264 0.282999 0.568968 0.731578 0.535057 0.0789702 0.337839 0.99368 0.448283 0.517782 0.1085 
17 33 12 26 18 
0.30988 0.259827 0.422938 0.322438 0.221482 0.619794 0.0538135 0.725308 0.85584 0.085355 0.113102 0.842517 0.66954 0.706078 0.266389 0.597509 0.0287175 0.549388 0.166477 0.760296 0.0844451 0.245447 0.0981345 0.0781248 0.69373 0.615917 0.186625 0.314975 0.482804 0.24353 0.344631 0.792684 
18 7 1 14 13 
0.387363 0.168936 0.450147 0.243203 0.254291 0.56325 0.0857197 0.923831 0.269327 0.352109 0.52134 0.298045 0.901497 0.687817 0.0583406 0.985942 0.933264 0.156475 0.0640672 0.626995 0.772392 0.250692 0.941969 0.255196 0.494223 0.286601 0.0478803 0.99758 0.0541693 0.163003 0.722419 0.441532 
19 27 35 5 26 
0.735816 0.770455 0.510061 0.00514318 0.122564 0.031401 0.303188 0.0240612 0.719218 0.361528 0.0100036 0.652482 0.518004 0.0740708 0.279477 0.290395 0.324763 0.221446 0.545592 0.818986 0.508047 0.593472 0.816566 0.562216 0.756475 0.538985 0.00374828 0.0884139 0.711552 0.688484 0.674644 0.447367 
20 32 12 21 10 
0.216106 0.755699 0.605564 0.935324 0.117227 0.615567 0.587806 0.635231 0.689638 0.867283 0.925626 0.0144014 0.0887288 0.471218 0.833387 0.596775 0.0646898 0.649953 0.158991 0.821165 0.188938 0.16274 0.909579 0.90049 0.851223 0.584223 0.347857 0.310162 0.768928 0.800368 0.891664 0.985034 
21 8 32 24 13 
0.112795 0.508164 0.308524 0.802434 0.375447 0.23415 0.816835 0.464176 0.705368 0.650222 0.0609512 0.770057 0.300175 0.219943 0.591222 0.489114 0.382682 0.500801 0.389603 0.233906 0.0850234 0.737461 0.544068 0.853951 0.537828 0.435732 0.838985 0.0938947 0.93296 0.759343 0.767188 0.0457554 
22 13 25 9 20 
0.309862 0.665024 0.10713 0.0152297 0.315246 0.168081 0.785287 0.615422 0.388023 0.376509 0.104535 0.770706 0.87731 0.494139 0.00461137 0.962333 0.231599 0.548679 0.816285 0.769428 0.984411 0.65527 0.863322 0.917371 0.414613 0.63051 0.963126 0.68212 0.706222 0.811315 0.325074 0.0160844 
23 33 7 35 3 
0.600284 0.816601 0.407007 0.988308 0.193111 0.511542 0.759014 0.0704208 0.0056805 0.763625 0.0327543 0.23728 0.312304 0.849039 0.00670719 0.296715 0.504309 0.870029 0.214085 0.918921 0.50054 0.177211 0.601041 0.206762 0.988527 0.926115 0.222847 0.464866 0.358318 0.254161 0.256451 0.958603 
24 16 36 26 21 
0.175 0.705924 0.334294 0.18068 0.469549 0.367048 0.41796 0.781853 0.216087 0.424667 0.0785675 0.720395 0.294696 0.292653 0.639317 0.795236 0.469864 0.240358 0.00199841 0.458391 0.166473 0.224845 0.923257 0.524791 0.479006 0.179708 0.483394 0.549768 0.843165 0.430305 0.81364 0.0181647 
25 17 28 35 2 
0.514982 0.616805 0.387631 0.731069 0.0414714 0.466199 0.451464 0.336168 0.758852 0.0907807 0.131404 0.228716 0.331139 0.133402 0.687107 0.497611 0.358247 0.610364 0.0224027 0.837253 0.790071 0.505797 0.387021 0.633236 0.936102 0.200661 0.651401 0.0723308 0.348595 0.850246 0.678109 0.863577 
26 18 12 9 37 
0.531939 0.0461097 0.844689 0.290791 0.13689 0.976093 0.519507 0.468029 0.109496 0.206613 0.96564 0.467743 0.816977 0.988043 0.304996 0.607048 0.49384 0.692017 0.240284 0.429942 0.892679 0.891685 0.502273 0.241274 0.741931 0.180382 0.104851 0.208981 0.246122 0.699497 0.717503 0.778061 
27 22 6 21 18 
0.538286 0.588358 0.350526 0.647782 0.794971 0.316166 0.115525 0.611948 0.304209 0.420521 0.218996 0.798049 0.112539 0.459281 0.227991 0.00521724 0.350966 0.730263 0.246491 0.0928968 0.910645 0.351342 0.301878 0.156767 0.0508385 0.019381 0.934828 0.796445 0.581574 0.00367904 0.678942 0.119859 
28 9 14 8 24 
0.883166 0.998956 0.649843 0.303688 0.217953 0.447892 0.416227 0.677233 0.675883 0.421444 0.0281991 0.406147 0.667935 0.121096 0.316792 0.0192768 0.422974 0.473559 0.0701153 0.442355 0.408386 0.86656 0.0239285 0.412065 0.545502 0.143788 0.00410218 0.574969 0.911429 0.39111 0.920603 0.794596 
29 13 19 35 8 
0.0183379 0.51451 0.285253 0.694221 0.935954 0.313452 0.100368 0.603889 0.434548 0.417159 0.623166 0.857522 0.890718 0.693281 0.299876 0.299104 0.559841 0.323805 0.711169 0.105343 0.467593 0.715272 0.680312 0.379022 0.106382 0.600915 0.173618 0.496449 0.17136 0.271901 0.104468 0.189698 
30 1 13 31 11 
0.703173 0.984287 0.326254 0.13772 0.401446 0.94942 0.995242 0.292164 0.642701 0.295118 0.591268 0.202542 0.618923 0.302438 0.307885 0.0865162 0.0177094 0.988196 0.465538 0.124091 0.589111 0.639156 0.62054 0.760471 0.911058 0.725008 0.950169 0.697469 0.114729 0.834088 0.419835 0.817902 
31 22 34 12 13 
0.950864 0.511985 0.33821 0.245982 0.103254 0.540752 0.864905 0.405691 0.848637 0.951421 0.423401 0.836833 0.41696 0.547492 0.425944 0.056116 0.168032 0.186415 0.967174 0.89304 0.136585 0.664643 0.00776944 0.970673 0.0844777 0.825671 0.789048 0.830567 0.781293 0.00886928 0.526076 0.732157 
32 13 22 12 18 
0.843044 0.0297993 0.253676 0.794466 0.4532 0.0905089 0.211425 0.00069189 0.516453 0.267542 0.168724 0.702869 0.234715 0.0617642 0.839453 0.899358 0.0695336 0.810126 0.983836 0.895205 0.599174 0.814403 0.676498 0.608044 0.340479 0.408655 0.128898 0.204765 0.386794 0.753006 0.609804 0.229838 
33 1 25 23 4 
0.953988 0.235729 0.236698 0.470442 0.503271 0.405421 0.17331 0.737986 0.467186 0.0127637 0.637344 0.536719 0.82289 0.62118 0.431924 0.422064 0.435583 0.108422 0.0301082 0.776062 0.517077 0.159006 0.980827 0.903871 0.912013 0.590631 0.13371 0.694819 0.454111 0.158014 0.930824 0.408099 
34 37 7 38 1 
0.572943 0.0518513 0.635 0.0401288 0.064615 0.272345 0.576848 0.887505 0.893525 0.00877223 0.30957 0.329108 0.117194 0.339678 0.10517 0.634272 0.498684 0.0859971 0.538143 0.410697 0.676628 0.671853 0.105515 0.130739 0.829867 0.0363396 0.538839 0.22361 0.203861 0.417379 0.120625 0.776804 
35 18 2 22 19 
0.0279699 0.393781 0.421351 0.921495 0.402554 0.73092 0.250603 0.519748 0.070598 0.355773 0.15402 0.569282 0.44177 0.692163 0.979979 0.118398 0.364016 0.0854947 0.249137 0.193883 0.121834 0.787976 0.417494 0.325696 0.205355 0.538118 0.1025 0.674586 0.293743 0.919433 0.208432 0.321713 
36 8 30 33 10 
0.360703 0.493811 0.235516 0.431301 0.849584 0.389536 0.000583212 0.291354 0.0816993 0.980562 0.409752 0.445716 0.066057 0.658889 0.639599 0.187891 0.446865 0.0570923 0.513587 0.652221 0.59521 0.616087 0.326807 0.888954 0.53552 0.535239 0.210667 0.848735 0.165022 0.453875 0.564503 0.525725 
37 8 33 25 19 
0.189556 0.957609 0.0886228 0.271255 0.938171 0.498375 0.71697 0.00422831 0.157264 0.356569 0.19212 0.604129 0.413661 0.705707 0.25635 0.00887181 0.321794 0.583157 0.897825 0.857314 0.118396 0.108492 0.706049 0.283418 0.562367 0.270552 0.809143 0.510052 0.0705715 0.766168 0.307321 0.260127 
38 28 6 10 32 
0.894319 0.248352 0.666177 0.0515829 0.604921 0.858296 0.655712 0.0185827 0.564003 0.912063 0.0274545 0.885797 0.49522 0.92528 0.74311 0.613616 0.0337718 0.449159 0.897034 0.596138 0.719712 0.706176 0.10619 0.790283 0.472345 0.413512 0.0504101 0.196122 0.809456 0.581792 0.85807 0.703774 
