53 7
1 0 0 1 1 1 1 0 1 0 1 1 1 0 0 1 1 0 0 1 1 0 0 0 0 1 1 0 0 1 1 0 0 1 0 0 1 0 1 0 0 0 0 0 1 1 1 1 0 0 1 1 0 
0 5 49 32 16 35 47 
0.243517 0.675476 0.290487 0.652929 0.427508 0.439909 0.958374 0.919998 0.432663 0.360689 0.157328 0.993393 0.180304 0.823414 0.222902 0.147408 0.199348 0.889504 0.955384 0.536179 0.117564 0.775483 0.627169 0.0500861 0.899232 0.601994 0.941214 0.701022 0.0854283 0.730363 0.818145 0.328946 0.405839 0.108632 0.981874 0.833347 0.548541 0.940248 0.753346 0.981204 0.300937 0.910674 0.974597 0.481241 0.734088 0.197499 0.62865 0.933436 0.0870027 0.584034 0.469615 0.204566 0.359517 0.0967842 0.254653 0.258749 0.698778 0.195867 0.959771 0.784207 0.926229 0.777916 0.113152 0.332068 0.886548 0.0950269 0.165416 0.435089 0.035275 0.918762 0.416293 0.336212 0.829435 0.390891 0.817453 0.563523 0.58839 0.446103 0.496959 0.675393 0.0301364 0.966574 0.879959 0.389653 0.0633584 0.134612 0.648402 0.762137 0.330478 0.608173 0.546344 0.256708 0.386089 0.659496 0.588776 0.272637 0.754523 0.754192 0.707726 0.789798 0.672954 0.124019 0.12601 0.502389 0.51491 0.943463 0.0659126 0.1033 0.389566 0.562872 0.778693 0.419702 0.529446 0.658652 0.809355 0.592805 0.793264 0.457757 0.354942 0.123742 0.0659301 0.901285 0.38045 0.452019 0.560781 0.969226 0.724655 0.315304 
1 17 26 10 21 42 13 
0.898761 0.0713103 0.174575 0.964674 0.17461 0.564141 0.527546 0.953303 0.983843 0.0569925 0.611955 0.793198 0.649797 0.405219 0.250955 0.00473876 0.528961 0.316886 0.906024 0.909412 0.768904 0.466805 0.878638 0.49356 0.78211 0.602057 0.925941 0.887212 0.998429 0.482341 0.118325 0.897191 0.553651 0.2929 0.861865 0.728262 0.857041 0.389411 0.681565 0.840884 0.446403 0.29352 0.634082 0.0962004 0.69874 0.885037 0.100939 0.227701 0.201923 0.00696318 0.137113 0.970827 0.473768 0.0157506 0.464387 0.255878 0.617807 0.390327 0.14309 0.616236 0.872668 0.261415 0.513427 0.426319 0.554315 0.375291 0.154581 0.411356 0.764702 0.836146 0.252239 0.211105 0.129666 0.886321 0.307306 0.828406 0.771358 0.408245 0.0561067 0.973281 0.415208 0.193219 0.944108 0.888977 0.20897 0.408494 0.144855 0.826777 0.798822 0.287945 0.443013 0.67149 0.54936 0.95644 0.097809 0.103675 0.331732 0.25239 0.515031 0.0964339 0.0885358 0.76727 0.307539 0.218202 0.653592 0.614845 0.0466078 0.42495 0.0230904 0.102714 0.398231 0.438299 0.295934 0.342338 0.327275 0.504904 0.750833 0.47213 0.331681 0.549654 0.760076 0.774694 0.221144 0.309436 0.731135 0.318953 0.413112 0.0628663 
2 46 14 19 33 21 10 
0.878081 0.349005 0.0816849 0.924688 0.773954 0.104775 0.0274029 0.172185 0.543074 0.323337 0.514523 0.870349 0.82824 0.265356 0.34248 0.159921 0.815011 0.102556 0.934615 0.0361546 0.411992 0.66575 0.355108 0.825103 0.728616 0.92645 0.753246 0.887917 0.586329 0.448659 0.354756 0.46441 0.797664 0.436441 0.389098 0.571618 0.541216 0.416501 0.743803 0.0842904 0.739838 0.258327 0.95464 0.568078 0.523683 0.29712 0.727999 0.338694 0.399675 0.662614 0.374848 0.811667 0.328364 0.729956 0.63677 0.0569806 0.656406 0.390016 0.944897 0.242736 0.838675 0.299653 0.707145 0.636339 0.736095 0.0962436 0.207958 0.277311 0.512745 0.951761 0.361601 0.252582 0.210088 0.316241 0.82066 0.733771 0.613361 0.548659 0.0724649 0.0130359 0.211274 0.447313 0.824703 0.539638 0.177269 0.461473 0.596619 0.833676 0.851489 0.541516 0.0764113 0.690164 0.841169 0.783557 0.326504 0.577264 0.8798 0.534461 0.854575 0.392545 0.486222 0.216176 0.645127 0.69631 0.532418 0.465788 0.430081 0.145778 0.014447 0.502546 0.158814 0.225721 0.94986 0.983517 0.765359 0.127129 0.44499 0.361978 0.960805 0.296479 0.903494 0.0372161 0.986644 0.744663 0.820773 0.313147 0.321927 0.700573 
3 31 5 8 36 9 1 
0.925096 0.204033 0.460222 0.0708747 0.21848 0.962769 0.229689 0.444201 0.912628 0.213206 0.20956 0.0397574 0.658196 0.571537 0.000562105 0.954675 0.475031 0.0377782 0.941319 0.219694 0.858551 0.254466 0.541621 0.559124 0.102075 0.718123 0.652242 0.435906 0.110802 0.390487 0.466047 0.0358979 0.59452 0.926269 0.106773 0.813 0.889038 0.336462 0.2572 0.801666 0.549668 0.46676 0.841424 0.207864 0.0382971 0.841986 0.16254 0.513328 0.879764 0.103859 0.733022 0.738315 0.358325 0.274643 0.297439 0.4604 0.992766 0.949681 0.896306 0.103568 0.340168 0.362352 0.139466 0.934687 0.288621 0.246239 0.747687 0.177659 0.5827 0.00488708 0.979326 0.132368 0.471647 0.820749 0.340233 0.509944 0.662735 0.502772 0.0232722 0.542499 0.606631 0.756294 0.280814 0.964956 0.0309376 0.578253 0.425356 0.023704 0.527933 0.321662 0.127272 0.868101 0.684014 0.266738 0.802788 0.972636 0.512977 0.550475 0.150295 0.0956772 0.555362 0.129621 0.228046 0.0270087 0.95037 0.568278 0.536953 0.613105 0.0710507 0.560225 0.155604 0.677682 0.316519 0.436418 0.642638 0.347457 0.0146703 0.0679945 0.371161 0.542603 0.389656 0.498433 0.410704 0.0736707 0.765171 0.213492 0.0463064 0.278148 
4 31 28 8 10 42 43 
0.170149 0.88329 0.889697 0.2412 0.443515 0.0453013 0.918882 0.760034 0.481719 0.56152 0.107491 0.496389 0.629515 0.478652 0.0389928 0.0191711 0.977086 0.449697 0.0928418 0.742257 0.663189 0.139148 0.020405 0.427155 0.33575 0.39423 0.746484 0.661972 0.996101 0.092821 0.938564 0.16625 0.976111 0.828261 0.40745 0.419626 0.873563 0.326332 0.17966 0.355282 0.887852 0.287152 0.851671 0.517367 0.765804 0.890664 0.536538 0.742889 0.340361 0.62938 0.485146 0.00354941 0.768528 0.505551 0.430705 0.104277 0.899782 0.177189 0.766249 0.895883 0.27001 0.704814 0.0621332 0.246121 0.533075 0.469583 0.665746 0.406638 0.795916 0.845407 0.761919 0.683768 0.132558 0.613591 0.201134 0.898362 0.504254 0.737672 0.641252 0.844615 0.367052 0.126398 0.848164 0.13558 0.631949 0.278869 0.239857 0.531731 0.456058 0.00610641 0.427614 0.726067 0.71092 0.489747 0.972188 0.243995 0.959331 0.637934 0.650633 0.755246 0.483341 0.412552 0.439014 0.615899 0.0261426 0.640148 0.514261 0.530397 0.37782 0.155513 0.375012 0.744872 0.281911 0.223177 0.880452 0.91386 0.502046 0.120309 0.445591 0.958104 0.126415 0.873205 0.684171 0.837335 0.362952 0.656359 0.0813302 0.322283 
5 34 20 46 27 18 30 
0.393534 0.170658 0.156691 0.907795 0.701055 0.534512 0.0633081 0.0760666 0.279384 0.345219 0.299243 0.159836 0.259079 0.801289 0.280145 0.704671 0.759393 0.40656 0.577876 0.443564 0.243895 0.940829 0.0999229 0.325225 0.263112 0.394216 0.0571882 0.340641 0.171851 0.201703 0.857184 0.565385 0.372361 0.0138751 0.47318 0.0734151 0.548387 0.536488 0.149482 0.827771 0.881707 0.448725 0.987606 0.140787 0.250014 0.267751 0.845457 0.0094065 0.674311 0.423333 0.45297 0.918206 0.364162 0.552893 0.243431 0.627274 0.94711 0.300619 0.967914 0.118961 0.502322 0.825098 0.684345 0.874683 0.838973 0.157525 0.948098 0.38736 0.694013 0.0975799 0.215131 0.575721 0.546305 0.202737 0.716507 0.796319 0.470488 0.561964 0.805725 0.144798 0.985298 0.258695 0.0630044 0.34946 0.811589 0.306436 0.976733 0.758698 0.607055 0.944648 0.877659 0.109378 0.769746 0.562004 0.984061 0.60872 0.71953 0.932159 0.99608 0.413543 0.0297388 0.21121 0.989264 0.576044 0.413947 0.705771 0.372362 0.884435 0.267735 0.178087 0.0292333 0.253033 0.436783 0.0922377 0.602493 0.248371 0.398673 0.579226 0.00706969 0.0057285 0.523874 0.884729 0.115106 0.29362 0.446733 0.0991668 0.90234 0.166262 
6 4 31 1 52 23 19 
0.637108 0.523577 0.27484 0.00947031 0.408012 0.542575 0.187558 0.437245 0.795608 0.624341 0.529483 0.398101 0.872712 0.928156 0.977328 0.879782 0.933885 0.501202 0.76451 0.0489911 0.794822 0.211243 0.148158 0.697162 0.377505 0.179484 0.595581 0.957311 0.240548 0.705211 0.52638 0.877656 0.228788 0.80122 0.887126 0.6368 0.343795 0.0746841 0.0740457 0.139404 0.699025 0.603529 0.537505 0.571737 0.531685 0.514833 0.451518 0.46557 0.0160343 0.216029 0.514561 0.810856 0.427272 0.662719 0.508018 0.804777 0.842203 0.103599 0.762088 0.0827506 0.808811 0.288468 0.960407 0.037599 0.0896877 0.847533 0.674399 0.433483 0.922217 0.748445 0.572887 0.621242 0.351974 0.110392 0.192978 0.883659 0.625224 0.644497 0.349229 0.641259 0.860525 0.86379 0.452115 0.287797 0.52651 0.960133 0.0925742 0.368712 0.0637321 0.854662 0.451463 0.872543 0.14313 0.411869 0.910142 0.232818 0.259402 0.584541 0.6663 0.181619 0.332986 0.239187 0.802861 0.68496 0.349579 0.995839 0.568619 0.974803 0.640336 0.917848 0.616061 0.500862 0.781639 0.0681761 0.788659 0.308148 0.0283088 0.881233 0.676861 0.092041 0.735895 0.128323 0.964584 0.879025 0.540193 0.874725 0.111842 0.799595 
7 6 33 13 40 19 24 
0.477213 0.366908 0.779914 0.0458317 0.341711 0.420251 0.96368 0.957772 0.921112 0.745319 0.0259484 0.709771 0.0534674 0.0542573 0.591004 0.730328 0.146298 0.326899 0.858651 0.110882 0.205924 0.398844 0.985607 0.317767 0.198439 0.444874 0.0959095 0.179653 0.237126 0.113239 0.963728 0.714339 0.480148 0.743642 0.760171 0.821859 0.163893 0.723851 0.779631 0.0850055 0.46917 0.80558 0.794777 0.522637 0.859837 0.385781 0.252965 0.00613512 0.71268 0.111616 0.117017 0.918605 0.51046 0.102624 0.236371 0.708899 0.547498 0.332281 0.888552 0.784624 0.44552 0.85228 0.498963 0.925668 0.595922 0.259134 0.747527 0.759815 0.982984 0.527158 0.844821 0.452154 0.332737 0.639597 0.974791 0.192574 0.0253785 0.227756 0.198709 0.738059 0.339372 0.315726 0.656663 0.849832 0.418351 0.893035 0.558731 0.965849 0.225316 0.447283 0.750473 0.670836 0.299563 0.249436 0.596504 0.895485 0.50857 0.34403 0.6553 0.491554 0.871188 0.500121 0.943708 0.203926 0.139718 0.918499 0.3965 0.165097 0.146255 0.595209 0.903156 0.485627 0.910936 0.559819 0.335459 0.329286 0.452854 0.894191 0.295135 0.678169 0.341474 0.0456083 0.349005 0.641036 0.295044 0.945509 0.536521 0.803614 
8 32 39 13 0 40 1 
0.364653 0.831661 0.157375 0.761153 0.996758 0.303629 0.356362 0.899914 0.789256 0.267298 0.459733 0.124715 0.596584 0.912586 0.0189059 0.891719 0.590756 0.36038 0.937327 0.939761 0.00141606 0.232372 0.88527 0.537937 0.0359861 0.174809 0.729759 0.331154 0.335537 0.421701 0.57003 0.70019 0.253362 0.727405 0.461343 0.25012 0.031034 0.817705 0.150034 0.82029 0.0850024 0.609767 0.945005 0.681586 0.522353 0.963911 0.573306 0.113109 0.324291 0.510633 0.05287 0.325707 0.743005 0.93814 0.863644 0.778991 0.112949 0.593403 0.110145 0.448486 0.0151048 0.680176 0.148676 0.268467 0.407581 0.610019 0.518588 0.438615 0.427724 0.668621 0.258905 0.512726 0.278388 0.20391 0.194313 0.800741 0.167821 0.767618 0.91385 0.492112 0.278251 0.96672 0.817819 0.0212564 0.90486 0.681463 0.800248 0.0178093 0.274866 0.910393 0.466296 0.289971 0.590569 0.614972 0.558438 0.998149 0.224991 0.077026 0.436764 0.652714 0.745647 0.695668 0.16544 0.0240353 0.899578 0.359753 0.824776 0.0673994 0.127371 0.738626 0.559511 0.405622 0.705346 0.37733 0.426879 0.610206 0.0587936 0.227126 0.628015 0.33366 0.137519 0.0943107 0.623631 0.728088 0.709282 0.18207 0.726237 0.934273 
9 5 34 23 17 8 50 
0.0287784 0.758247 0.11218 0.853555 0.825646 0.239551 0.592181 0.385158 0.645173 0.297527 0.762488 0.0720522 0.907732 0.821282 0.299178 0.535747 0.154942 0.436698 0.630058 0.778573 0.164785 0.33934 0.960643 0.891022 0.273613 0.219739 0.0540228 0.8606 0.224482 0.912692 0.613028 0.25326 0.670939 0.725208 0.106815 0.496585 0.964759 0.698995 0.881743 0.609932 0.996522 0.644231 0.681984 0.904254 0.465513 0.981163 0.440002 0.620455 0.41786 0.0700599 0.399028 0.582646 0.4094 0.359671 0.473668 0.683014 0.57941 0.527691 0.543614 0.803892 0.440383 0.156642 0.0571516 0.111321 0.88185 0.163966 0.607907 0.846609 0.862962 0.48965 0.456541 0.859483 0.133881 0.138525 0.763738 0.599394 0.119688 0.203739 0.219849 0.537549 0.273799 0.618878 0.120195 0.6832 0.978549 0.593863 0.366214 0.557959 0.121554 0.909828 0.36185 0.561936 0.0664697 0.419002 0.673258 0.948319 0.582968 0.281164 0.794928 0.44593 0.770814 0.251469 0.305413 0.904695 0.389994 0.0691507 0.50409 0.509682 0.27289 0.723939 0.0472311 0.54669 0.342817 0.167426 0.229889 0.321365 0.761288 0.596103 0.879324 0.882842 0.505931 0.241174 0.444779 0.572401 0.660176 0.118036 0.52072 0.243144 
10 12 9 14 36 27 31 
0.0747106 0.957111 0.063637 0.5788 0.466793 0.336527 0.302739 0.514024 0.883217 0.645556 0.68145 0.113106 0.966921 0.442738 0.709209 0.846245 0.325581 0.21514 0.0874192 0.770359 0.787541 0.747595 0.888396 0.308261 0.990739 0.287597 0.623909 0.679812 0.457612 0.191026 0.674298 0.532322 0.148137 0.737935 0.111123 0.61493 0.0744622 0.413862 0.128955 0.957679 0.0594179 0.810405 0.0707854 0.0263391 0.253143 0.779995 0.872584 0.578724 0.995135 0.960003 0.349083 0.782676 0.707598 0.237479 0.0909369 0.698337 0.525075 0.714846 0.378149 0.982687 0.905872 0.0524468 0.51501 0.0540083 0.790382 0.626133 0.668938 0.864844 0.0399946 0.797893 0.822523 0.0994125 0.608298 0.893309 0.125752 0.861441 0.673303 0.998336 0.440165 0.668438 0.958339 0.789248 0.451114 0.665938 0.0267265 0.542051 0.364275 0.551802 0.256897 0.742423 0.534489 0.162769 0.79487 0.0494992 0.216777 0.585252 0.675632 0.885716 0.450096 0.715626 0.683609 0.272619 0.815039 0.291906 0.165928 0.940791 0.153347 0.839231 0.939127 0.593512 0.507669 0.897466 0.38276 0.958784 0.563404 0.409486 0.500835 0.927678 0.961288 0.757733 0.670102 0.495778 0.920501 0.464972 0.545277 0.137279 0.0502242 0.220909 
11 42 2 32 30 23 10 
0.998509 0.938867 0.692365 0.151857 0.778098 0.631491 0.745369 0.285767 0.528957 0.128128 0.244551 0.092361 0.537615 0.745387 0.0200395 0.498903 0.503119 0.690141 0.994681 0.423621 0.155114 0.539957 0.560899 0.205338 0.760866 0.583893 0.705658 0.697401 0.290496 0.478597 0.448975 0.289005 0.417464 0.14134 0.440862 0.195562 0.772832 0.186231 0.481329 0.301789 0.314359 0.725881 0.39415 0.851974 0.471267 0.414189 0.350877 0.974387 0.104331 0.345557 0.398007 0.259444 0.885515 0.958906 0.464782 0.646381 0.5428 0.17044 0.343782 0.833296 0.649037 0.792758 0.122301 0.0665015 0.934098 0.563163 0.262063 0.706929 0.749394 0.743393 0.00871808 0.0637529 0.469273 0.402868 0.915726 0.940541 0.817057 0.266603 0.914927 0.921388 0.61216 0.312935 0.180833 0.497675 0.271841 0.645615 0.144055 0.814641 0.816055 0.487837 0.647937 0.465092 0.280595 0.770238 0.531594 0.214693 0.333402 0.793657 0.921622 0.0827955 0.53705 0.93034 0.146548 0.00632342 0.333208 0.0622748 0.946864 0.150265 0.328878 0.861791 0.0716534 0.941038 0.174726 0.252486 0.438712 0.446567 0.898101 0.582768 0.261208 0.714156 0.070605 0.909144 0.179248 0.3512 0.679382 0.710842 0.565893 0.012784 
12 5 21 38 30 17 44 
0.047873 0.751062 0.304403 0.994737 0.901328 0.63328 0.856529 0.972981 0.574318 0.0312544 0.225467 0.0130303 0.477821 0.123568 0.595798 0.739029 0.837724 0.666403 0.648173 0.0169724 0.0176029 0.327556 0.727815 0.583495 0.34034 0.232314 0.0710098 0.435919 0.273864 0.488864 0.678047 0.321737 0.239926 0.982449 0.316474 0.141254 0.61573 0.173003 0.114235 0.190048 0.204257 0.339702 0.203078 0.682078 0.46327 0.798876 0.421107 0.300994 0.465279 0.0692803 0.317966 0.482882 0.396836 0.0457811 0.066377 0.737176 0.278095 0.137387 0.173095 0.551959 0.626251 0.851141 0.873696 0.866177 0.833591 0.19017 0.00743141 0.449321 0.363173 0.121666 0.639368 0.56743 0.461368 0.842446 0.249508 0.924638 0.641322 0.670615 0.225632 0.106601 0.739896 0.543599 0.589482 0.136731 0.58938 0.655859 0.873907 0.867475 0.793246 0.0470015 0.419434 0.419497 0.898143 0.293131 0.285675 0.731734 0.483301 0.293106 0.181054 0.846474 0.414772 0.820422 0.413904 0.876141 0.662869 0.663412 0.800779 0.30419 0.334027 0.0264114 0.410791 0.0739228 0.57001 0.000273508 0.210654 0.15939 0.656133 0.0845611 0.0268651 0.449379 0.131563 0.4463 0.868876 0.0297057 0.73943 0.154551 0.76144 0.222731 
13 2 36 27 48 9 22 
0.425785 0.146521 0.539349 0.729975 0.480548 0.565761 0.140767 0.554471 0.135771 0.14104 0.765125 0.295161 0.797173 0.849687 0.322026 0.246552 0.981249 0.768326 0.115429 0.010955 0.507756 0.26998 0.772395 0.730487 0.717637 0.714888 0.799693 0.580066 0.477805 0.282802 0.318637 0.90359 0.429323 0.857986 0.633565 0.909872 0.423747 0.774332 0.464343 0.559518 0.915372 0.229468 0.854679 0.712545 0.079155 0.176705 0.959097 0.0604042 0.945031 0.0745254 0.0713592 0.452787 0.344505 0.843754 0.183274 0.0621419 0.558642 0.982967 0.642208 0.0364471 0.265769 0.960845 0.940037 0.695092 0.818831 0.573602 0.604964 0.242578 0.347934 0.0693068 0.802097 0.263306 0.298775 0.656776 0.97585 0.37793 0.833481 0.934947 0.438334 0.778512 0.00947273 0.509694 0.231299 0.353978 0.353447 0.414573 0.41612 0.91209 0.39754 0.058328 0.948537 0.663309 0.019173 0.888574 0.358402 0.838004 0.462176 0.963365 0.0805827 0.81011 0.0326722 0.882679 0.0734154 0.331447 0.539455 0.0492658 0.709378 0.372936 0.984213 0.147712 0.151448 0.993686 0.657406 0.382746 0.347664 0.0108529 0.797319 0.763783 0.922942 0.19486 0.822111 0.871479 0.858169 0.841284 0.760053 0.21657 0.679289 0.222228 
14 7 50 30 33 10 20 
0.544056 0.182006 0.155019 0.253433 0.554941 0.139232 0.401145 0.706389 0.132918 0.0585506 0.0891351 0.480582 0.0694035 0.886454 0.244365 0.992346 0.081314 0.0664763 0.863825 0.939483 0.907761 0.623878 0.156053 0.587049 0.846106 0.335989 0.34692 0.878444 0.548597 0.989471 0.984197 0.0926529 0.171476 0.139216 0.346086 0.726418 0.278448 0.747231 0.432807 0.411366 0.805782 0.521942 0.891948 0.875185 0.408396 0.136313 0.867531 0.48971 0.202789 0.731356 0.429193 0.11055 0.355234 0.585246 0.697599 0.201339 0.921236 0.0445192 0.0797832 0.469833 0.0339902 0.0639802 0.562486 0.205467 0.203196 0.908572 0.931885 0.481645 0.655803 0.364691 0.893011 0.461585 0.886633 0.784959 0.33677 0.295029 0.921272 0.204301 0.784739 0.124061 0.935657 0.213932 0.234611 0.290891 0.799179 0.932209 0.49223 0.720414 0.976729 0.572014 0.190247 0.0107188 0.635994 0.752733 0.216186 0.83919 0.661305 0.14807 0.320835 0.317107 0.512761 0.213845 0.778692 0.399394 0.998804 0.115462 0.694424 0.920076 0.319763 0.479163 0.0441368 0.25542 0.693095 0.278747 0.546311 0.492274 0.210957 0.0385417 0.212688 0.187685 0.610555 0.402936 0.198404 0.246549 0.155669 0.41459 0.085739 0.816973 
15 13 4 17 19 38 10 
0.619223 0.0282346 0.169239 0.539299 0.347998 0.648402 0.583436 0.603418 0.341497 0.862183 0.149729 0.833771 0.07314 0.188271 0.0464598 0.260825 0.798826 0.449395 0.459229 0.0453752 0.605064 0.873819 0.131114 0.422037 0.436479 0.537688 0.556118 0.5119 0.158107 0.46889 0.986715 0.77733 0.497125 0.155954 0.316629 0.845123 0.804356 0.900065 0.448541 0.145853 0.762249 0.59827 0.979624 0.835389 0.786541 0.0260841 0.0962138 0.585367 0.475479 0.555443 0.630742 0.0805434 0.429262 0.761856 0.50258 0.865741 0.299544 0.058698 0.377641 0.457651 0.527588 0.364356 0.234981 0.0247134 0.52031 0.55161 0.869836 0.324666 0.451675 0.318377 0.470519 0.213924 0.916647 0.450143 0.0493124 0.703188 0.476227 0.145526 0.288555 0.951706 0.700969 0.919297 0.0322497 0.130231 0.681153 0.53483 0.995972 0.980698 0.593528 0.373613 0.438349 0.121117 0.737969 0.673329 0.14583 0.258279 0.22494 0.0156659 0.582944 0.676615 0.334043 0.0534628 0.890539 0.250689 0.503606 0.939851 0.953877 0.979833 0.0853773 0.242432 0.931539 0.786347 0.161729 0.963789 0.916578 0.842882 0.498619 0.91255 0.82358 0.0921469 0.286163 0.261928 0.213263 0.024132 0.935258 0.359093 0.282411 0.160197 
16 22 34 13 44 30 17 
0.959491 0.422423 0.667202 0.913368 0.402256 0.75258 0.1558 0.333795 0.538926 0.317528 0.297583 0.455504 0.16041 0.796202 0.368054 0.98399 0.888349 0.654218 0.245919 0.101612 0.67835 0.181176 0.460706 0.96076 0.341374 0.835465 0.826115 0.178186 0.544267 0.744933 0.905537 0.503758 0.167356 0.572739 0.417126 0.569611 0.325319 0.572926 0.903406 0.864245 0.890454 0.200989 0.319749 0.0508645 0.997191 0.687804 0.0348548 0.88554 0.342021 0.280773 0.987153 0.020371 0.46195 0.447859 0.981131 0.803324 0.283324 0.807246 0.98151 0.827591 0.552179 0.887047 0.331349 0.719534 0.459787 0.748475 0.289146 0.785105 0.321401 0.192552 0.64935 0.211855 0.393541 0.9691 0.262719 0.390733 0.656903 0.297574 0.276273 0.998924 0.578347 0.263426 0.0192954 0.0402973 0.711285 0.000426578 0.843621 0.994608 0.807673 0.825131 0.822199 0.359851 0.712178 0.153548 0.0793857 0.171965 0.902022 0.368531 0.95707 0.223423 0.561083 0.606421 0.435278 0.954624 0.57552 0.697997 0.345357 0.232423 0.995571 0.62163 0.231348 0.573918 0.885056 0.250643 0.614215 0.596341 0.25107 0.457837 0.590949 0.0587425 0.282968 0.413148 0.418594 0.995146 0.566696 0.49798 0.167111 0.468718 
17 38 11 47 12 33 23 
0.382219 0.306122 0.825416 0.727576 0.538545 0.820987 0.349206 0.769893 0.394905 0.234262 0.020536 0.00912014 0.830603 0.271606 0.466957 0.421552 0.330348 0.749924 0.8347 0.748942 0.74507 0.401396 0.246922 0.91218 0.870114 0.113433 0.0363612 0.562256 0.541027 0.766963 0.689675 0.923246 0.0730841 0.51509 0.650822 0.611629 0.336077 2.82875e-05 0.381522 0.730982 0.234291 0.402058 0.740102 0.0648936 0.673663 0.207059 0.486446 0.00401177 0.956983 0.321146 0.752954 0.702053 0.722542 0.999876 0.614233 0.592656 0.113309 0.650594 0.154912 0.654336 0.417557 0.844586 0.577582 0.490641 0.359677 0.228405 0.10227 0.695754 0.228433 0.483792 0.426736 0.462723 0.885849 0.166838 0.527617 0.559513 0.373896 0.0140629 0.563525 0.330879 0.335209 0.316479 0.0329314 0.057751 0.316354 0.647165 0.650407 0.429663 0.297759 0.805319 0.0839995 0.715316 0.649906 0.661582 0.205957 0.00958268 0.889986 0.308226 0.705337 0.118419 0.792018 0.132072 0.581143 0.677867 0.29891 0.10876 0.23738 0.672806 0.122822 0.800905 0.00368447 0.458031 0.117383 0.0366159 0.515782 0.433738 0.68378 0.16619 0.863401 0.981539 0.971509 0.9474 0.696855 0.621415 0.608982 0.902812 0.630998 0.498969 
18 24 5 21 39 44 35 
0.680924 0.767316 0.30729 0.918304 0.440122 0.430112 0.719209 0.443806 0.888144 0.836592 0.480422 0.403926 0.27033 0.164203 0.570116 0.133731 0.145742 0.541625 0.0811311 0.842597 0.16304 0.690113 0.745409 0.794038 0.189082 0.956447 0.130372 0.80647 0.959503 0.598778 0.00500027 0.640427 0.366094 0.31229 0.55873 0.806216 0.742403 0.277939 0.250022 0.630547 0.114531 0.730444 0.034473 0.38486 0.894647 0.604589 0.518591 0.0403888 0.146214 0.599722 0.882986 0.309254 0.289835 0.628394 0.103292 0.478918 0.584841 0.233664 0.285387 0.544344 0.832442 0.290388 0.184771 0.198536 0.602678 0.743501 0.00475196 0.345081 0.0214398 0.254774 0.975627 0.135971 0.985218 0.0101003 0.520831 0.879865 0.614689 0.0394218 0.920254 0.760904 0.639144 0.80324 0.0701582 0.928979 0.431634 0.17345 0.407897 0.0164755 0.407114 0.693284 0.56082 0.239556 0.983672 0.74559 0.438092 0.58635 0.489091 0.442844 0.931431 0.510531 0.697618 0.907058 0.646501 0.682837 0.917158 0.167332 0.562702 0.531848 0.206754 0.482956 0.292751 0.845898 0.286196 0.36291 0.774877 0.71783 0.53636 0.182774 0.734306 0.943474 0.876058 0.295125 0.18303 0.85973 0.0407156 0.621122 0.44608 0.529807 
19 30 28 46 45 47 9 
0.854171 0.00712236 0.733574 0.0609254 0.490078 0.0263255 0.906823 0.776274 0.389235 0.681701 0.494105 0.925595 0.864475 0.228411 0.869069 0.740533 0.523536 0.0520985 0.600264 0.564252 0.67322 0.046344 0.0940584 0.737186 0.423855 0.134396 0.49877 0.708423 0.821235 0.943191 0.91015 0.675406 0.950313 0.643724 0.736332 0.440391 0.67005 0.643155 0.216666 0.0592846 0.324856 0.71077 0.984879 0.189331 0.939181 0.853948 0.929865 0.462717 0.906047 0.530128 0.0269685 0.579267 0.576472 0.121027 0.316453 0.000327147 0.255423 0.815223 0.70875 0.076658 0.758414 0.6189 0.752064 0.708727 0.262624 0.488396 0.149118 0.932674 0.131552 0.365784 0.991958 0.456408 0.0765545 0.976838 0.645739 0.0157354 0.830786 0.575604 0.478452 0.736833 0.105732 0.505421 0.3161 0.682204 0.626448 0.632553 0.682532 0.88187 0.447776 0.391282 0.958528 0.20619 0.0101821 0.710593 0.914917 0.272806 0.198989 0.0640357 0.20548 0.330541 0.42982 0.197438 0.786948 0.506374 0.174276 0.432687 0.52211 0.00506246 0.00829085 0.000561821 0.741895 0.114023 0.505983 0.0579949 0.796227 0.13243 0.690548 0.478759 0.0143007 0.138324 0.870041 0.972829 0.344515 0.880223 0.683422 0.259432 0.153029 0.882411 
20 3 6 27 17 24 41 
0.730224 0.432587 0.781771 0.735287 0.440878 0.782333 0.477182 0.554901 0.288315 0.535177 0.351129 0.420746 0.225725 0.829887 0.435046 0.364049 0.699928 0.407875 0.708564 0.580151 0.0912973 0.967995 0.733181 0.973708 0.291463 0.0916898 0.18666 0.0447502 0.647638 0.18656 0.304412 0.377862 0.619148 0.0861826 0.113149 0.0600261 0.868515 0.59033 0.614927 0.156831 0.125507 0.966056 0.577576 0.351232 0.795943 0.0126227 0.715281 0.495872 0.420498 0.423844 0.0760228 0.511795 0.39184 0.809203 0.485504 0.683303 0.900893 0.672164 0.728053 0.548531 0.858724 0.0324647 0.926393 0.477872 0.118647 0.0395413 0.537898 0.987163 0.629872 0.152825 0.143994 0.755379 0.118881 0.72157 0.106611 0.914824 0.734193 0.821891 0.410696 0.154691 0.245736 0.486719 0.666486 0.637576 0.295922 0.15199 0.320878 0.196815 0.824154 0.0489315 0.745346 0.682878 0.0813962 0.671739 0.160749 0.200043 0.71128 0.698647 0.187206 0.341152 0.851473 0.3312 0.0965306 0.970354 0.0527697 0.203141 0.885178 0.786962 0.0250327 0.295874 0.941653 0.270769 0.782592 0.608139 0.908344 0.0785144 0.760129 0.229223 0.27533 0.584282 0.278154 0.0206758 0.26716 0.35955 0.692415 0.427909 0.559594 0.403695 
21 33 45 48 49 46 31 
0.948383 0.130769 0.0445184 0.83356 0.917732 0.0695511 0.129434 0.859385 0.34032 0.912027 0.467524 0.248664 0.990541 0.227652 0.477887 0.265871 0.811934 0.756041 0.286546 0.0790941 0.115591 0.978961 0.507003 0.675185 0.382656 0.63356 0.421985 0.127503 0.611589 0.499985 0.96888 0.559971 0.630754 0.0133982 0.393532 0.548486 0.0829493 0.522966 0.407871 0.423269 0.434993 0.875394 0.671933 0.425534 0.103046 0.14982 0.691404 0.914981 0.905861 0.977951 0.994075 0.0214516 0.956912 0.501078 0.696637 0.339568 0.134638 0.118621 0.467071 0.746227 0.618606 0.43595 0.306198 0.24936 0.449348 0.69973 0.797846 0.532298 0.222696 0.205717 0.955567 0.657689 0.0811109 0.6275 0.0832223 0.184157 0.77732 0.774627 0.0991382 0.68318 0.752577 0.0932132 0.704632 0.709489 0.594292 0.401268 0.0490572 0.72893 0.51989 0.516128 0.475156 0.138496 0.952078 0.781355 0.387856 0.401427 0.481085 0.185702 0.933724 0.703781 0.391419 0.889291 0.361469 0.472529 0.516791 0.444692 0.656687 0.29411 0.219318 0.755825 0.97729 0.971896 0.849038 0.681922 0.681385 0.44333 0.0831903 0.730442 0.172259 0.60308 0.24657 0.647416 0.741576 0.198648 0.42877 0.129431 0.600074 0.909855 
22 29 1 14 48 0 19 
0.179081 0.939881 0.419797 0.835768 0.233991 0.639116 0.591593 0.211282 0.611011 0.440631 0.893204 0.292396 0.883961 0.976394 0.022838 0.0562203 0.579474 0.269408 0.703636 0.321049 0.468056 0.132407 0.450481 0.0681298 0.0422618 0.765614 0.601928 0.655898 0.472166 0.0250181 0.631003 0.651247 0.964899 0.0508006 0.487015 0.19889 0.689916 0.0786083 0.410171 0.300927 0.51924 0.303375 0.593323 0.4032 0.279769 0.616161 0.459421 0.859243 0.885569 0.163057 0.180292 0.353625 0.295463 0.630773 0.421754 0.337725 0.396387 0.0236829 0.993623 0.868553 0.0487009 0.624626 0.5198 0.0135996 0.675427 0.00681551 0.212489 0.365343 0.0854239 0.622661 0.666271 0.604663 0.926035 0.259594 0.00786384 0.205804 0.875755 0.467285 0.0650467 0.761325 0.630341 0.245339 0.114949 0.925805 0.876111 0.536704 0.26353 0.272498 0.560387 0.257153 0.141051 0.609087 0.88178 0.660851 0.622687 0.557207 0.667667 0.835176 0.92255 0.753091 0.457837 0.588821 0.357754 0.383872 0.848415 0.365618 0.589676 0.72417 0.832902 0.654723 0.485495 0.463244 0.900062 0.600444 0.389049 0.776173 0.137148 0.652579 0.0486714 0.697534 0.909733 0.189723 0.306622 0.791512 0.850574 0.929309 0.348719 0.518241 
23 45 9 24 3 41 51 
0.606194 0.708506 0.994703 0.195871 0.432676 0.827606 0.850594 0.918171 0.290849 0.750655 0.518615 0.679898 0.526829 0.655763 0.332477 0.5755 0.353297 0.24221 0.765223 0.659919 0.0337223 0.615796 0.589228 0.382442 0.134037 0.353714 0.653711 0.405368 0.576036 0.513802 0.0344535 0.18223 0.222308 0.0291566 0.378101 0.654984 0.856762 0.228695 0.573155 0.147612 0.97935 0.0917698 0.82751 0.506179 0.747533 0.159987 0.0816788 0.10083 0.402197 0.846901 0.76075 0.43592 0.462698 0.349978 0.818361 0.596735 0.703692 0.472073 0.00210312 0.279728 0.985875 0.0365566 0.461958 0.208182 0.0657132 0.840059 0.863166 0.922475 0.0687536 0.436321 0.070087 0.0481036 0.52809 0.897597 0.554282 0.275623 0.0575842 0.635961 0.376454 0.459781 0.482862 0.137203 0.895701 0.94556 0.487181 0.714062 0.542295 0.190873 0.186135 0.544398 0.470601 0.172009 0.580955 0.932559 0.380192 0.646668 0.772618 0.243358 0.569144 0.841372 0.679678 0.639231 0.889476 0.207769 0.536827 0.443758 0.483392 0.594412 0.0797189 0.859846 0.054193 0.562581 0.997049 0.949894 0.508142 0.484231 0.663956 0.0504367 0.675104 0.850091 0.594835 0.145705 0.0221001 0.17579 0.0782646 0.402292 0.822458 0.850883 
24 17 25 31 8 44 50 
0.567659 0.0254882 0.0164891 0.162071 0.105207 0.876335 0.216264 0.667788 0.873384 0.166158 0.17593 0.357614 0.830114 0.226367 0.0327183 0.680205 0.821202 0.178424 0.702305 0.996992 0.256688 0.104597 0.81945 0.107571 0.750246 0.211051 0.799826 0.0755745 0.241883 0.381556 0.608671 0.809543 0.407045 0.625161 0.971614 0.512252 0.501495 0.187878 0.18004 0.374879 0.354036 0.35597 0.732494 0.18415 0.582337 0.765212 0.864355 0.403538 0.943635 0.566659 0.40053 0.200324 0.671256 0.219979 0.307895 0.421502 0.431031 0.107721 0.497077 0.672914 0.489277 0.105748 0.482456 0.896322 0.730909 0.45407 0.408573 0.232405 0.641948 0.588613 0.607284 0.995984 0.944583 0.339777 0.180133 0.52692 0.104989 0.0444879 0.930458 0.0486248 0.611147 0.330988 0.248948 0.282403 0.550968 0.556843 0.703906 0.981998 0.664564 0.200983 0.654912 0.153841 0.306731 0.137368 0.0501625 0.0376403 0.591438 0.458736 0.270045 0.233386 0.047349 0.877329 0.229369 0.991932 0.217106 0.409503 0.518852 0.322095 0.453991 0.449311 0.37072 0.0651378 0.780299 0.619669 0.347541 0.331267 0.176512 0.0514469 0.313265 0.841076 0.25243 0.968177 0.994917 0.559161 0.105545 0.0450791 0.596801 0.696983 
25 31 43 40 1 9 45 
0.961281 0.569241 0.0619483 0.283376 0.0232315 0.511259 0.654097 0.0883693 0.291558 0.273765 0.43591 0.622824 0.450277 0.487357 0.936089 0.291353 0.739787 0.904266 0.286269 0.298948 0.00981146 0.331349 0.895749 0.706795 0.835163 0.762595 0.637163 0.386327 0.50677 0.796902 0.929423 0.468051 0.366143 0.991372 0.751427 0.389374 0.50263 0.405524 0.477744 0.794188 0.679289 0.913654 0.417013 0.129566 0.401011 0.353102 0.420919 0.140798 0.257369 0.707189 0.439746 0.26718 0.0385373 0.335495 0.973975 0.873701 0.0980902 0.611138 0.260028 0.60486 0.40804 0.189451 0.072911 0.774182 0.180823 0.824338 0.163557 0.683453 0.229862 0.6413 0.477641 0.909151 0.554954 0.894654 0.0387178 0.955965 0.247756 0.459637 0.0967637 0.505125 0.166826 0.53651 0.772305 0.205363 0.872005 0.746279 0.0790637 0.970095 0.357417 0.339092 0.574955 0.765457 0.528543 0.647866 0.53964 0.709365 0.472204 0.703196 0.392819 0.702066 0.344497 0.87046 0.611218 0.899451 0.765114 0.649936 0.855416 0.0128701 0.109573 0.95218 0.517995 0.276399 0.48869 0.2903 0.481762 0.360694 0.0365789 0.560825 0.330789 0.393996 0.899917 0.905744 0.159453 0.42846 0.55361 0.699093 0.137825 0.0258142 
26 9 21 50 33 12 14 
0.166218 0.989034 0.501653 0.179088 0.098607 0.453833 0.697083 0.375006 0.942523 0.987382 0.856767 0.303217 0.023961 0.417592 0.634006 0.417957 0.317509 0.539751 0.577411 0.745969 0.0933606 0.276504 0.883794 0.119175 0.678793 0.414438 0.847055 0.425579 0.815542 0.186154 0.0718163 0.981759 0.175188 0.57347 0.160847 0.273795 0.027303 0.857929 0.648801 0.969826 0.845311 0.505568 0.273043 0.869272 0.92316 0.90705 0.28723 0.240669 0.446801 0.86464 0.986638 0.540161 0.141144 0.870433 0.659336 0.819937 0.284871 0.506391 0.245517 0.100412 0.692545 0.317333 0.0821713 0.867733 0.890803 0.243018 0.141529 0.918106 0.100948 0.790329 0.887932 0.946259 0.295897 0.160975 0.815531 0.219057 0.0680252 0.102761 0.459727 0.514826 0.967401 0.446365 0.0549868 0.108545 0.316798 0.714323 0.928483 0.601668 0.220714 0.173999 0.70208 0.913259 0.491332 0.784252 0.780993 0.382135 0.0272699 0.922521 0.300241 0.128217 0.712851 0.188173 0.0744764 0.00874763 0.349148 0.890008 0.227805 0.417173 0.992769 0.687531 0.931999 0.96017 0.133896 0.986986 0.0687157 0.450694 0.701308 0.997198 0.0523624 0.922022 0.171198 0.754443 0.835282 0.66253 0.538694 0.616274 0.0446655 0.565964 
27 41 20 5 16 1 24 
0.882227 0.658666 0.488199 0.2994 0.651435 0.17573 0.231399 0.611605 0.309627 0.218384 0.680321 0.760321 0.919692 0.677519 0.812683 0.841715 0.848717 0.567126 0.676996 0.511248 0.10582 0.293271 0.555913 0.671785 0.832066 0.900819 0.365966 0.0837128 0.433898 0.134625 0.344107 0.316125 0.793291 0.832306 0.615525 0.444725 0.00803588 0.846923 0.0563305 0.317662 0.0653076 0.736651 0.0779832 0.985 0.41417 0.890666 0.826715 0.262887 0.457792 0.503711 0.774135 0.563612 0.796982 0.330048 0.235397 0.629048 0.230867 0.601363 0.712761 0.664766 0.735988 0.0568678 0.980891 0.529279 0.889173 0.596415 0.974004 0.897209 0.443339 0.0303345 0.214872 0.508646 0.766986 0.292855 0.493646 0.181156 0.183521 0.320361 0.444043 0.641313 0.824072 0.218178 0.204926 0.621054 0.548227 0.440323 0.250102 0.779094 0.0416864 0.962863 0.44386 0.777674 0.0197303 0.42475 0.306953 0.908904 0.0211658 0.280957 0.806113 0.464505 0.311292 0.020985 0.973151 0.0782772 0.31384 0.466797 0.259433 0.497361 0.787159 0.703477 0.138675 0.611231 0.921655 0.343601 0.232284 0.469882 0.783924 0.482386 0.248976 0.82561 0.445249 0.692835 0.603284 0.464979 0.117586 0.910238 0.373883 0.138752 
28 12 41 2 6 23 38 
0.580763 0.514821 0.0432046 0.840196 0.0121823 0.830363 0.543673 0.150857 0.441594 0.465328 0.494457 0.673878 0.93521 0.278381 0.156264 0.184186 0.103991 0.601513 0.877021 0.707275 0.0664919 0.994607 0.617513 0.440375 0.133359 0.808707 0.620371 0.736615 0.311194 0.821352 0.313022 0.891957 0.336173 0.356227 0.732153 0.348355 0.18659 0.275826 0.499212 0.628184 0.741155 0.993669 0.302062 0.676365 0.27205 0.458326 0.86055 0.376041 0.0598389 0.737571 0.0833168 0.126331 0.732178 0.70083 0.566706 0.865537 0.509537 0.187076 0.602152 0.820731 0.00842814 0.915174 0.712688 0.344601 0.2714 0.444841 0.692956 0.45799 0.720668 0.192168 0.0861736 0.461822 0.185837 0.388235 0.138187 0.457888 0.846561 0.998737 0.833929 0.9064 0.736308 0.917246 0.0327311 0.468486 0.618076 0.599437 0.334023 0.127613 0.786513 0.936175 0.948344 0.794941 0.851348 0.661032 0.139542 0.122748 0.105873 0.832498 0.580739 0.82654 0.0246658 0.666912 0.288363 0.210503 0.0551475 0.426549 0.668391 0.901709 0.425286 0.50232 0.808109 0.161595 0.419566 0.84084 0.630081 0.0376418 0.440277 0.964104 0.165255 0.22679 0.900279 0.113599 0.0217309 0.751627 0.77463 0.161273 0.874376 0.880503 
29 45 30 50 5 36 48 
0.22894 0.177174 0.421955 0.897331 0.0788825 0.847241 0.399651 0.886992 0.00883608 0.819217 0.727832 0.638917 0.856859 0.168108 0.603021 0.0221138 0.394898 0.5033 0.135712 0.416629 0.254927 0.910343 0.577902 0.129303 0.790845 0.571673 0.584417 0.497889 0.59011 0.706443 0.493294 0.81905 0.883617 0.915249 0.716381 0.962499 0.762491 0.116032 0.849491 0.771327 0.935249 0.577322 0.410244 0.792108 0.745431 0.0132654 0.814222 0.140329 0.516566 0.949934 0.556958 0.771493 0.860277 0.13486 0.900795 0.651122 0.706533 0.485212 0.149011 0.296643 0.191655 0.642305 0.115693 0.0752721 0.557555 0.832074 0.0377713 0.320046 0.948106 0.887262 0.0913727 0.883355 0.464584 0.501617 0.675463 0.210015 0.514882 0.489685 0.350344 0.0314477 0.439619 0.907301 0.80294 0.299896 0.0421613 0.703736 0.951018 0.748694 0.188948 0.100029 0.0453373 0.380604 0.742334 0.16103 0.455876 0.299889 0.993104 0.493647 0.619934 0.94121 0.380909 0.711307 0.824565 0.845493 0.212924 0.500027 0.0555081 0.727806 0.989712 0.405852 0.759254 0.429331 0.313153 0.562194 0.729227 0.355315 0.26593 0.680245 0.104009 0.454878 0.780274 0.149346 0.835482 0.522608 0.310376 0.291357 0.822497 0.30348 
30 16 8 39 12 10 40 
0.366662 0.569282 0.0669142 0.0944684 0.558994 0.472766 0.853722 0.988325 0.785919 0.415916 0.717552 0.141234 0.681846 0.397798 0.245242 0.136724 0.178072 0.394588 0.972206 0.70068 0.704965 0.263563 0.523177 0.00844497 0.0485673 0.965609 0.253135 0.21448 0.119347 0.322389 0.225886 0.486009 0.891671 0.292801 0.580478 0.450666 0.765567 0.4342 0.438991 0.551486 0.850116 0.156543 0.692719 0.531962 0.554341 0.937962 0.668686 0.732413 0.33255 0.640892 0.433093 0.0375148 0.904455 0.95627 0.0459598 0.953023 0.921879 0.299095 0.167503 0.0412255 0.621484 0.393389 0.527235 0.513156 0.68619 0.107713 0.963821 0.451756 0.541913 0.402812 0.00324204 0.392029 0.559356 0.695961 0.923991 0.113697 0.633923 0.592677 0.84611 0.966473 0.233569 0.279203 0.00398776 0.138024 0.235473 0.0499476 0.0910469 0.157351 0.349042 0.25855 0.198577 0.970527 0.651939 0.725811 0.483682 0.338129 0.833524 0.447503 0.789885 0.375437 0.850315 0.793127 0.767465 0.409671 0.489089 0.691456 0.523368 0.123011 0.284133 0.369477 0.0894843 0.517702 0.64868 0.0934721 0.655726 0.884152 0.14342 0.746773 0.0415034 0.492462 0.00532307 0.24008 0.462988 0.657262 0.965891 0.946671 0.995391 0.799416 
31 32 12 24 29 22 46 
0.65416 0.0674921 0.633774 0.177528 0.190503 0.917907 0.547005 0.279988 0.435609 0.195685 0.37346 0.0913351 0.0798378 0.51688 0.838108 0.121341 0.00934151 0.843432 0.361421 0.47233 0.500694 0.327313 0.419001 0.496084 0.126728 0.813174 0.281361 0.301581 0.0576637 0.859764 0.243898 0.711824 0.927256 0.877672 0.889352 0.11776 0.795579 0.436358 0.397748 0.231187 0.632043 0.771207 0.322522 0.711881 0.288087 0.160631 0.833222 0.297429 0.00406241 0.194643 0.769758 0.504756 0.521956 0.188759 0.000840493 0.648684 0.00193343 0.282201 0.950264 0.0595971 0.141965 0.194162 0.771421 0.0692217 0.0718344 0.660773 0.186981 0.867413 0.0971308 0.584729 0.0986003 0.729174 0.355936 0.421123 0.441054 0.644023 0.581754 0.274276 0.941452 0.585816 0.468919 0.71121 0.090572 0.990875 0.899969 0.0914125 0.639558 0.901903 0.373614 0.589823 0.9615 0.515579 0.783985 0.732921 0.584801 0.855819 0.393694 0.771782 0.723232 0.490825 0.356511 0.821833 0.219999 0.712448 0.242955 0.661053 0.356471 0.824709 0.935329 0.297923 0.410525 0.404249 0.00913359 0.501097 0.395123 0.909103 0.592509 0.0346817 0.811006 0.966123 0.624504 0.772506 0.481702 0.408489 0.505427 0.0665027 0.264309 0.899122 
32 5 9 18 3 48 30 
0.907244 0.0523291 0.270999 0.263715 0.877038 0.206328 0.561638 0.287563 0.610577 0.570772 0.78866 0.00570027 0.479875 0.381169 0.0403819 0.290881 0.347292 0.664886 0.0633869 0.828994 0.0733754 0.568814 0.895497 0.337684 0.467936 0.733782 0.325225 0.857882 0.928578 0.134599 0.467828 0.835822 0.186928 0.738827 0.0995367 0.0639659 0.945155 0.661175 0.351529 0.555732 0.231947 0.140189 0.561432 0.711822 0.521358 0.601814 0.0027024 0.86865 0.2667 0.0660893 0.697644 0.340076 0.634903 0.59314 0.67776 0.102839 0.326922 0.00298498 0.960721 0.2555 0.137584 0.428549 0.0913215 0.324512 0.167376 0.190858 0.388478 0.112531 0.852033 0.740007 0.668263 0.0839799 0.880195 0.229696 0.795801 0.401553 0.83151 0.798504 0.270202 0.0982106 0.864593 0.967846 0.438286 0.499496 0.560986 0.116046 0.602335 0.887908 0.119031 0.563057 0.143408 0.256615 0.991606 0.23473 0.581127 0.158982 0.425588 0.969605 0.271513 0.277621 0.709611 0.939777 0.361601 0.589806 0.169473 0.157402 0.991359 0.000982772 0.955906 0.261561 0.0991933 0.820499 0.229407 0.53748 0.319996 0.790393 0.653526 0.922331 0.678302 0.772557 0.485388 0.82171 0.0291724 0.476994 0.0564393 0.610299 0.635976 0.482027 
33 17 14 48 30 27 44 
0.879321 0.0167392 0.278652 0.87068 0.017722 0.234558 0.132241 0.116915 0.0550576 0.361649 0.654395 0.375054 0.152042 0.307921 0.297385 0.830344 0.0804785 0.782773 0.652053 0.109651 0.259767 0.708493 0.71995 0.895743 0.19052 0.299854 0.803233 0.950168 0.589369 0.650499 0.0714174 0.46869 0.667239 0.350069 0.33937 0.684961 0.584627 0.471612 0.801876 0.639685 0.83326 0.456271 0.0147382 0.985302 0.764192 0.312123 0.815646 0.844671 0.094896 0.467699 0.954321 0.354663 0.176192 0.674272 0.250406 0.366712 0.974126 0.0536391 0.31688 0.563495 0.704139 0.388297 0.032185 0.371377 0.738366 0.371555 0.0563378 0.322993 0.843167 0.858214 0.962678 0.676427 0.314485 0.977416 0.66173 0.0786768 0.289539 0.477376 0.923347 0.384435 0.945075 0.877669 0.739098 0.121267 0.551941 0.989505 0.487978 0.526066 0.0431438 0.804858 0.0895611 0.747282 0.193156 0.121746 0.118659 0.931522 0.493301 0.174997 0.254515 0.336469 0.033211 0.217194 0.0128959 0.347696 0.19461 0.674626 0.426372 0.484149 0.152001 0.34972 0.868585 0.0970758 0.227389 0.607683 0.218342 0.779329 0.597188 0.706321 0.305396 0.640332 0.511179 0.394957 0.387614 0.704335 0.516703 0.506273 0.635857 0.0100043 
34 45 40 18 22 14 10 
0.302176 0.0339944 0.48855 0.786325 0.185995 0.83827 0.65491 0.283071 0.0656584 0.262594 0.501414 0.844988 0.859782 0.207735 0.150383 0.500113 0.718914 0.54534 0.887727 0.423249 0.0620426 0.394001 0.059106 0.0720469 0.0752716 0.949478 0.41852 0.789753 0.0570444 0.777889 0.851931 0.35922 0.811883 0.340481 0.145546 0.997878 0.17875 0.800456 0.28095 0.244409 0.0630498 0.782363 0.0893963 0.922831 0.990098 0.23978 0.422945 0.709012 0.785119 0.310672 0.132261 0.847162 0.704673 0.191367 0.919209 0.779945 0.140845 0.337729 0.569698 0.19789 0.115617 0.421629 0.55711 0.9275 0.762109 0.702656 0.925379 0.94086 0.503112 0.206328 0.185268 0.566162 0.988691 0.274665 0.488993 0.978789 0.514444 0.911938 0.687801 0.299564 0.22261 0.820062 0.146726 0.927283 0.0114292 0.0659346 0.707228 0.152275 0.403663 0.276926 0.350164 0.519281 0.698555 0.907274 0.446781 0.460664 0.60993 0.37216 0.401524 0.113042 0.578488 0.586792 0.679204 0.567179 0.861456 0.168197 0.545969 0.375901 0.0801356 0.23377 0.675464 0.302746 0.0538324 0.82219 0.230029 0.0652616 0.888124 0.937257 0.217536 0.291788 0.214183 0.5677 0.811068 0.912738 0.474975 0.25785 0.373402 0.0849046 
35 41 33 29 11 4 14 
0.223174 0.0453483 0.321645 0.599074 0.125484 0.555415 0.274538 0.42823 0.609248 0.0967279 0.658259 0.674509 0.984852 0.595516 0.892046 0.27664 0.8097 0.459746 0.0877084 0.722438 0.93472 0.345558 0.0958395 0.019625 0.975567 0.870765 0.217572 0.184064 0.232482 0.0947226 0.959741 0.455656 0.140071 0.281386 0.0547298 0.265555 0.836802 0.329268 0.693785 0.44605 0.425996 0.352044 0.120559 0.410848 0.94756 0.0126046 0.687488 0.75726 0.47235 0.775197 0.479698 0.407071 0.120755 0.575537 0.426696 0.0963218 0.446302 0.644268 0.280386 0.678784 0.73899 0.240127 0.13444 0.879061 0.521513 0.18917 0.144616 0.358315 0.518438 0.838401 0.804365 0.944434 0.190445 0.924924 0.355282 0.138005 0.937528 0.04277 0.895265 0.409879 0.817967 0.374963 0.81695 0.938721 0.9505 0.243645 0.035043 0.396802 0.887913 0.315429 0.0755865 0.626903 0.555556 0.210026 0.505964 0.0770696 0.399196 0.65058 0.435385 0.917634 0.488981 0.239749 0.862067 0.679426 0.164673 0.217349 0.817431 0.102202 0.260119 0.712696 0.51208 0.0780854 0.0876588 0.32903 0.0168066 0.0381589 0.572675 0.0518496 0.434961 0.460588 0.367279 0.510548 0.0874916 0.922835 0.720574 0.593456 0.999905 0.11977 
36 42 1 7 3 10 41 
0.412443 0.839712 0.116819 0.229874 0.941914 0.376938 0.94257 0.453994 0.455024 0.0302285 0.783024 0.47183 0.0683874 0.355699 0.52368 0.503349 0.816287 0.890959 0.0138961 0.903779 0.813794 0.73447 0.497235 0.813698 0.85424 0.741271 0.248988 0.891643 0.474289 0.924026 0.791114 0.886732 0.763738 0.907933 0.116606 0.705652 0.284871 0.0591754 0.159646 0.739895 0.0894039 0.942669 0.211725 0.157791 0.298369 0.735405 0.66114 0.114656 0.626363 0.675036 0.0184349 0.440157 0.409506 0.51567 0.253855 0.263746 0.256941 0.502843 0.155389 0.73123 0.426869 0.946502 0.617961 0.190608 0.854435 0.734567 0.89626 0.139306 0.793742 0.0559052 0.879201 0.883146 0.998575 0.0909256 0.0409375 0.296943 0.82633 0.702077 0.411599 0.452694 0.377113 0.430034 0.89285 0.786619 0.945704 0.146706 0.0503645 0.202645 0.649548 0.205753 0.933875 0.0764175 0.152256 0.551836 0.267025 0.00669075 0.286403 0.163285 0.145997 0.0801454 0.21919 0.0251978 0.963292 0.217765 0.116123 0.00422925 0.514708 0.942454 0.706307 0.926307 0.395147 0.0834197 0.356341 0.287998 0.870039 0.302045 0.434703 0.920403 0.50469 0.0842517 0.126156 0.438564 0.160669 0.278412 0.9904 0.427694 0.285103 0.276803 
37 39 31 27 48 33 35 
0.0279332 0.572421 0.32447 0.542641 0.514875 0.0307761 0.468948 0.910022 0.114196 0.825289 0.19802 0.984234 0.127333 0.632723 0.904637 0.632023 0.716975 0.0307938 0.0705872 0.877644 0.309206 0.0609873 0.305338 0.594308 0.33779 0.896317 0.025408 0.694739 0.706485 0.481705 0.0149792 0.734419 0.0541264 0.339449 0.27706 0.569001 0.370225 0.746007 0.479023 0.484421 0.571296 0.677043 0.468655 0.698629 0.309766 0.373292 0.330652 0.0267404 0.404086 0.40124 0.904384 0.713292 0.462227 0.209722 0.3076 0.800017 0.106039 0.333008 0.494756 0.812525 0.814714 0.509736 0.546943 0.86884 0.849184 0.824003 0.437841 0.219409 0.57001 0.916864 0.70383 0.141306 0.593907 0.172485 0.839936 0.903673 0.545777 0.170588 0.930413 0.949863 0.571828 0.834797 0.663155 0.0340546 0.0445198 0.970755 0.834072 0.150559 0.303764 0.328828 0.963084 0.118478 0.838564 0.510027 0.987318 0.687748 0.33403 0.425159 0.907157 0.90404 0.342024 0.610987 0.045346 0.935931 0.783472 0.885282 0.839603 0.329249 0.0558697 0.770017 0.279112 0.627697 0.604814 0.942267 0.661752 0.649334 0.913022 0.495824 0.799893 0.216786 0.824652 0.762976 0.335264 0.663216 0.273003 0.322582 0.350964 0.607033 
38 8 33 5 42 24 7 
0.0256955 0.652579 0.4417 0.865299 0.981828 0.49757 0.635315 0.26094 0.125267 0.24013 0.203207 0.787019 0.889463 0.116229 0.282843 0.689356 0.333016 0.107496 0.452332 0.66828 0.770712 0.725335 0.990862 0.121675 0.332368 0.738603 0.379797 0.843441 0.828368 0.248904 0.399859 0.854063 0.901484 0.841559 0.719362 0.883312 0.339129 0.354677 0.144252 0.464396 0.594807 0.347459 0.251416 0.48427 0.463688 0.534259 0.173626 0.796703 0.641755 0.625959 0.464983 0.412466 0.351294 0.455845 0.534142 0.683663 0.194447 0.913938 0.527103 0.0228149 0.162843 0.926962 0.876878 0.0643266 0.768521 0.59624 0.947639 0.10765 0.950917 0.0918904 0.572047 0.545724 0.439349 0.823462 0.0299947 0.903037 0.357721 0.203621 0.69974 0.999476 0.82958 0.164723 0.411942 0.180874 0.620568 0.946084 0.864537 0.815015 0.860022 0.39164 0.83783 0.0228643 0.318602 0.714708 0.0871909 0.0871237 0.310948 0.0348294 0.194774 0.261865 0.12672 0.766821 0.80759 0.566069 0.590283 0.837585 0.469106 0.948004 0.0412057 0.168846 0.94748 0.870786 0.333569 0.359422 0.0516603 0.954137 0.305506 0.916197 0.769152 0.165527 0.307837 0.606982 0.188392 0.62644 0.32169 0.275583 0.713564 0.632638 
39 9 23 30 5 21 43 
0.00320077 0.265441 0.539678 0.472306 0.213446 0.580883 0.641152 0.160926 0.451669 0.974722 0.520348 0.50333 0.928859 0.825854 0.419527 0.698011 0.991381 0.727364 0.304993 0.179773 0.353804 0.626683 0.455356 0.0673677 0.259321 0.765768 0.975705 0.153824 0.2029 0.650864 0.855917 0.2061 0.916305 0.395595 0.678407 0.129751 0.976479 0.319559 0.290677 0.428148 0.294281 0.811025 0.931478 0.22314 0.636878 0.351005 0.92115 0.62826 0.0783688 0.226143 0.808033 0.432173 0.852825 0.263388 0.499541 0.112146 0.0291559 0.475246 0.26597 0.232055 0.12611 0.121888 0.438156 0.042415 0.517483 0.116563 0.172166 0.493962 0.436122 0.462842 0.92211 0.730403 0.273867 0.853587 0.953542 0.910746 0.204592 0.874692 0.539005 0.282961 0.100835 0.347038 0.715134 0.953661 0.610426 0.214674 0.0658067 0.639582 0.689921 0.331777 0.871638 0.81603 0.453665 0.309793 0.858445 0.971148 0.426356 0.0306111 0.46511 0.862478 0.493454 0.387219 0.59288 0.767321 0.240807 0.546422 0.678066 0.445399 0.421115 0.217072 0.728359 0.52195 0.56411 0.443493 0.475611 0.174536 0.658168 0.541417 0.814118 0.348088 0.873194 0.685755 0.164118 0.326859 0.995549 0.0225638 0.298007 0.421904 
40 22 7 48 9 2 35 
0.313949 0.391142 0.423685 0.992015 0.836541 0.8448 0.209087 0.5649 0.36675 0.773197 0.00839354 0.84236 0.947732 0.666561 0.383777 0.76185 0.0146492 0.256972 0.447606 0.178768 0.583831 0.443155 0.201331 0.881837 0.865059 0.254506 0.644954 0.149441 0.801135 0.79529 0.0267032 0.115084 0.186432 0.450388 0.107099 0.022973 0.295187 0.316186 0.587873 0.661937 0.0893826 0.596267 0.504297 0.0371149 0.262828 0.888075 0.798965 0.277477 0.145046 0.246571 0.456245 0.728877 0.689726 0.657576 0.610714 0.554784 0.912083 0.255668 0.704225 0.713217 0.0509576 0.730929 0.828301 0.23739 0.181317 0.9354 0.260362 0.476504 0.251586 0.848236 0.138441 0.340969 0.444503 0.642738 0.378084 0.707331 0.530813 0.177049 0.984808 0.675859 0.42362 0.441053 0.404736 0.113345 0.0986293 0.0154501 0.66813 0.0107119 0.271118 0.372355 0.723929 0.322076 0.103284 0.55223 0.559465 0.2846 0.48763 0.819828 0.761105 0.739216 0.668064 0.899546 0.0801846 0.112566 0.542284 0.458268 0.819897 0.0730969 0.635317 0.804705 0.748956 0.0589366 0.245758 0.153692 0.172282 0.344388 0.169142 0.840412 0.3551 0.44026 0.212767 0.0790286 0.762336 0.316051 0.631259 0.321801 0.600651 0.118889 
41 15 31 1 5 23 13 
0.922259 0.803585 0.396557 0.742156 0.876682 0.0318743 0.546862 0.625638 0.0908109 0.79262 0.77933 0.263093 0.137008 0.948472 0.103504 0.492107 0.388732 0.316271 0.571136 0.151068 0.632322 0.202394 0.472869 0.232973 0.321283 0.614498 0.594729 0.179388 0.42419 0.85603 0.117677 0.346449 0.659616 0.514234 0.0886053 0.536298 0.546109 0.635467 0.161936 0.63692 0.428087 0.941266 0.900013 0.565095 0.889738 0.00351692 0.0572017 0.27847 0.319788 0.628337 0.429538 0.95211 0.830732 0.902407 0.185083 0.152015 0.516905 0.779812 0.331403 0.941095 0.635842 0.44908 0.287544 0.295458 0.963314 0.37615 0.831756 0.509423 0.0116167 0.993692 0.146343 0.439704 0.934959 0.0463551 0.00479806 0.824697 0.049872 0.0619997 0.103168 0.36966 0.690337 0.532706 0.32177 0.521069 0.435113 0.506853 0.673084 0.952018 0.286665 0.00448651 0.893114 0.922507 0.453566 0.180658 0.217966 0.41688 0.556808 0.0497217 0.926303 0.568425 0.0434142 0.0726454 0.00812806 0.978373 0.119001 0.0129261 0.80307 0.168873 0.0749259 0.906238 0.538533 0.765263 0.438944 0.860303 0.286332 0.874057 0.367156 0.959416 0.826075 0.653821 0.963903 0.719189 0.576329 0.417469 0.899847 0.794294 0.834349 0.456655 
42 7 40 21 13 37 28 
0.865803 0.952298 0.0461335 0.668873 0.12117 0.121059 0.575111 0.659703 0.886322 0.0140554 0.520006 0.172655 0.888113 0.887162 0.132071 0.714188 0.540983 0.0959732 0.433377 0.117312 0.513442 0.333224 0.911606 0.347791 0.789879 0.755622 0.108442 0.814958 0.643052 0.941739 0.848166 0.508855 0.894037 0.894299 0.177729 0.015207 0.0153584 0.75284 0.67491 0.901681 0.766896 0.194916 0.0743354 0.655008 0.0820774 0.206406 0.369196 0.62306 0.302379 0.802573 0.740372 0.815821 0.135797 0.651978 0.163612 0.925676 0.4076 0.272054 0.740634 0.0506524 0.213793 0.5888 0.559508 0.10783 0.483099 0.737237 0.123037 0.498457 0.490077 0.797947 0.400138 0.256972 0.992862 0.474474 0.911981 0.0749398 0.68088 0.281177 0.698 0.983259 0.0837499 0.438372 0.79908 0.219547 0.0903506 0.962692 0.145223 0.497951 0.234745 0.885858 0.548603 0.448538 0.474657 0.108111 0.556368 0.957756 0.845347 0.679405 0.456214 0.335424 0.477352 0.856352 0.592397 0.470215 0.330826 0.504377 0.545155 0.0117054 0.785554 0.243155 0.994964 0.869304 0.681527 0.794044 0.088851 0.771878 0.756736 0.234074 0.269829 0.991481 0.119932 0.818432 0.44002 0.594589 0.926543 0.996388 0.552346 0.77189 
43 2 38 20 40 5 44 
0.62336 0.195737 0.204088 0.168515 0.207443 0.989642 0.41167 0.202407 0.858946 0.0931967 0.996451 0.947797 0.865074 0.753187 0.181871 0.134903 0.744668 0.301803 0.953335 0.184687 0.896392 0.879877 0.181075 0.448738 0.651768 0.856868 0.457297 0.759082 0.0100139 0.322209 0.458793 0.633374 0.517946 0.662881 0.801889 0.725388 0.652524 0.213558 0.927795 0.51147 0.306755 0.924246 0.459267 0.17183 0.677433 0.641138 0.306733 0.4221 0.942941 0.260067 0.606788 0.839333 0.139945 0.787863 0.288071 0.791713 0.644731 0.745368 0.550795 0.654745 0.067577 0.00958785 0.288119 0.585523 0.672469 0.0900081 0.310911 0.324993 0.303567 0.238706 0.836462 0.610322 0.162952 0.295729 0.782151 0.840385 0.936867 0.0888841 0.262485 0.879808 0.348952 0.869273 0.719141 0.488896 0.657135 0.00721181 0.280609 0.301867 0.75258 0.831404 0.956612 0.820157 0.840992 0.244731 0.40568 0.513461 0.334739 0.716591 0.838454 0.638306 0.955297 0.674916 0.248627 0.118249 0.970645 0.0307789 0.958634 0.907512 0.119663 0.221119 0.787319 0.468615 0.0903916 0.50646 0.957511 0.747527 0.513672 0.23812 0.0493936 0.266252 0.0695236 0.0060053 0.0864089 0.910515 0.250736 0.492089 0.423976 0.585475 
44 14 47 46 28 24 15 
0.282226 0.90799 0.503187 0.24086 0.815502 0.62285 0.461978 0.602821 0.0914645 0.55237 0.109281 0.0489754 0.299897 0.622952 0.287095 0.349291 0.889204 0.356619 0.355296 0.975613 0.267134 0.606032 0.467702 0.69111 0.191507 0.676381 0.953539 0.415288 0.840358 0.890885 0.887696 0.122583 0.798875 0.390883 0.363443 0.614376 0.0137329 0.825421 0.217197 0.105197 0.377791 0.326478 0.154173 0.677688 0.94943 0.441268 0.026979 0.838634 0.797887 0.382275 0.814247 0.0650211 0.988307 0.281949 0.756131 0.179814 0.95833 0.70967 0.595102 0.798688 0.600555 0.482798 0.921271 0.39943 0.873681 0.284714 0.013806 0.887414 0.110136 0.231003 0.992612 0.487927 0.557481 0.146785 0.165615 0.506911 0.588053 0.192594 0.345545 0.38594 0.574869 0.159792 0.450961 0.563176 0.441741 0.207092 0.742991 0.400071 0.916762 0.338093 0.198759 0.517317 0.820892 0.12003 0.916747 0.694573 0.404744 0.930553 0.581987 0.51488 0.161556 0.574599 0.00280698 0.719037 0.721383 0.168422 0.225947 0.309436 0.361017 0.571492 0.695376 0.935886 0.731284 0.146337 0.499062 0.173026 0.353429 0.242053 0.573097 0.270191 0.580146 0.771856 0.787508 0.401038 0.891886 0.704255 0.0956107 0.29663 
45 9 49 17 29 24 51 
0.5154 0.97358 0.98274 0.741347 0.283016 0.343756 0.31284 0.978392 0.279642 0.0441243 0.124729 0.778705 0.21715 0.478158 0.020758 0.790246 0.748349 0.600904 0.562102 0.535857 0.00194217 0.453988 0.240111 0.0975529 0.750618 0.874919 0.775151 0.562129 0.671282 0.0273478 0.376446 0.186683 0.000928104 0.359186 0.92803 0.283945 0.702943 0.24087 0.262337 0.982585 0.284994 0.387066 0.76129 0.502144 0.865224 0.782048 0.292391 0.613572 0.382952 0.854493 0.149429 0.384894 0.308481 0.38954 0.482447 0.0590992 0.264459 0.257598 0.621228 0.935742 0.284946 0.997675 0.122424 0.285874 0.356861 0.0504544 0.569818 0.0598033 0.291324 0.832155 0.0423881 0.576319 0.219221 0.803678 0.0784625 0.0844451 0.585725 0.370853 0.698017 0.968677 0.225346 0.847446 0.353571 0.533826 0.236987 0.836018 0.592926 0.501446 0.093616 0.214154 0.437187 0.378562 0.211828 0.559612 0.664435 0.568689 0.610066 0.234254 0.628492 0.901391 0.0664088 0.670881 0.477709 0.28563 0.474558 0.556172 0.370075 0.0602835 0.927025 0.0680927 0.0289607 0.15237 0.915539 0.382532 0.686197 0.152526 0.21855 0.279122 0.653971 0.312166 0.493276 0.0911589 0.690728 0.705105 0.650771 0.355163 0.273794 0.260837 
46 35 20 39 24 18 50 
0.0477249 0.196108 0.31153 0.108008 0.123133 0.379623 0.136969 0.275503 0.295162 0.519501 0.9617 0.447688 0.738051 0.240822 0.101659 0.0502169 0.734098 0.192818 0.740944 0.439203 0.843589 0.0961072 0.712996 0.104426 0.685523 0.615283 0.266653 0.341349 0.188449 0.906589 0.282804 0.236174 0.102697 0.594334 0.344183 0.22583 0.973957 0.481152 0.501333 0.26912 0.000652807 0.463032 0.716807 0.738704 0.703854 0.818467 0.788921 0.437953 0.0112848 0.529865 0.877155 0.854874 0.625972 0.590152 0.959299 0.311496 0.205435 0.225952 0.652844 0.393884 0.132541 0.935648 0.630058 0.235239 0.529982 0.974241 0.461069 0.50394 0.455393 0.962401 0.773059 0.456046 0.425434 0.489867 0.194749 0.129288 0.308333 0.98367 0.567241 0.319618 0.513535 0.444396 0.174492 0.139507 0.0345479 0.133791 0.451003 0.239982 0.359743 0.103847 0.633866 0.492285 0.0394954 0.263924 0.727523 0.569478 0.238165 0.188592 0.0734174 0.693558 0.150993 0.846477 0.149603 0.576427 0.336343 0.344353 0.705715 0.644676 0.328023 0.272955 0.964294 0.841558 0.717351 0.138786 0.981065 0.751899 0.272577 0.432068 0.991882 0.63232 0.535915 0.625748 0.124605 0.575411 0.889672 0.852128 0.144888 0.127838 
47 8 36 23 52 12 17 
0.768139 0.401125 0.315352 0.473854 0.0458016 0.643375 0.746809 0.0100959 0.484932 0.464161 0.148882 0.465997 0.21606 0.421459 0.898065 0.207942 0.0537791 0.43398 0.83369 0.178384 0.00939075 0.723362 0.0305116 0.154279 0.8512 0.0712313 0.372585 0.672596 0.262944 0.437367 0.643595 0.0310834 0.838492 0.958947 0.504937 0.884294 0.602321 0.251747 0.89439 0.0872537 0.715908 0.0432718 0.553251 0.931968 0.464731 0.451316 0.13991 0.51851 0.885296 0.9736 0.696894 0.894687 0.696962 0.727405 0.0489658 0.548162 0.798637 0.421551 0.220758 0.0615805 0.858918 0.864353 0.0926639 0.69741 0.8233 0.597601 0.581704 0.425621 0.849348 0.476094 0.512875 0.565256 0.519365 0.0661256 0.497224 0.984096 0.517441 0.637134 0.502606 0.402737 0.610733 0.1995 0.297424 0.307695 0.926905 0.34639 0.855857 0.725541 0.76794 0.0766147 0.787122 0.626858 0.940967 0.879786 0.324268 0.764267 0.477387 0.905972 0.189888 0.326736 0.382065 0.702763 0.891992 0.901431 0.768888 0.389215 0.885527 0.28633 0.0263488 0.388133 0.689067 0.637082 0.587633 0.986491 0.944777 0.514538 0.332881 0.800634 0.240079 0.100821 0.877249 0.0272015 0.727679 0.818216 0.906987 0.0519467 0.582483 0.384375 
48 13 37 42 43 41 6 
0.244022 0.992317 0.126942 0.530351 0.0186658 0.515075 0.219418 0.655748 0.102708 0.205909 0.600525 0.617246 0.53879 0.401159 0.857326 0.639611 0.278407 0.884527 0.367289 0.096623 0.791514 0.419236 0.679106 0.175889 0.377154 0.451477 0.886999 0.717138 0.92661 0.490101 0.958553 0.170632 0.482418 0.0854944 0.700983 0.501084 0.600569 0.920401 0.156831 0.703277 0.12631 0.757356 0.320524 0.6651 0.158514 0.177849 0.304711 0.436921 0.0623763 0.672 0.533544 0.853891 0.0912361 0.21265 0.0297797 0.468391 0.664127 0.916779 0.185529 0.590737 0.40688 0.144082 0.761369 0.889297 0.229576 0.462352 0.390381 0.830145 0.382753 0.547212 0.533423 0.509063 0.304568 0.853946 0.174164 0.463082 0.0317956 0.478874 0.900004 0.0941718 0.150874 0.433548 0.948063 0.24211 0.646199 0.977842 0.710501 0.310326 0.894621 0.89603 0.901063 0.301501 0.0401113 0.662431 0.190798 0.269687 0.124783 0.581179 0.0998325 0.507536 0.128391 0.633255 0.0165998 0.432959 0.487202 0.190763 0.896042 0.518997 0.669637 0.796046 0.613169 0.820512 0.229594 0.561232 0.0626219 0.875793 0.539074 0.773123 0.186119 0.433695 0.669153 0.0871813 0.735195 0.709264 0.749613 0.925994 0.978951 0.874396 
49 46 6 18 41 38 16 
0.0685229 0.199241 0.589295 0.964565 0.718238 0.258933 0.76061 0.331407 0.0794445 0.990204 0.892639 0.142066 0.865997 0.431713 0.915189 0.0521159 0.865407 0.584342 0.139297 0.600603 0.293606 0.88891 0.526596 0.272557 0.763306 0.0337689 0.35134 0.145238 0.669332 0.0633791 0.54377 0.737855 0.26262 0.133066 0.70242 0.980858 0.391998 0.46303 0.312265 0.471443 0.453235 0.204903 0.613509 0.319232 0.636616 0.528698 0.371348 0.502023 0.11304 0.510645 0.102626 0.406646 0.399555 0.629223 0.679202 0.162861 0.662992 0.0305426 0.308099 0.332324 0.0939217 0.851869 0.0701794 0.356541 0.984934 0.772599 0.337399 0.376933 0.23563 0.649664 0.848376 0.688864 0.854567 0.461885 0.00809631 0.491183 0.990583 0.379444 0.993207 0.103623 0.890089 0.095833 0.510269 0.289644 0.725056 0.189471 0.452505 0.388047 0.220014 0.760603 0.720371 0.313936 0.612472 0.790551 0.670477 0.597406 0.56315 0.00787635 0.974339 0.79878 0.65754 0.822714 0.487644 0.512108 0.284599 0.49574 0.00329084 0.275182 0.875184 0.996498 0.378806 0.765274 0.0923305 0.889075 0.0549175 0.817386 0.0785461 0.507422 0.205433 0.29856 0.268025 0.925804 0.612496 0.880497 0.716355 0.282973 0.477903 0.279505 
50 26 8 40 41 27 45 
0.834738 0.936853 0.460286 0.213544 0.702126 0.552616 0.102618 0.757044 0.370002 0.181164 0.264466 0.575435 0.479724 0.532491 0.50124 0.0922203 0.412988 0.217595 0.375193 0.890892 0.4971 0.666043 0.343134 0.575384 0.614433 0.618091 0.141312 0.0749298 0.177646 0.20298 0.538718 0.0123842 0.139833 0.999003 0.225928 0.841959 0.55162 0.328546 0.599003 0.921622 0.50971 0.863468 0.497057 0.989435 0.39596 0.998297 0.081655 0.808948 0.215892 0.456848 0.69984 0.712991 0.122891 0.0429738 0.288375 0.737324 0.661064 0.429687 0.812254 0.838711 0.632668 0.350972 0.851095 0.772501 0.349975 0.0770227 0.61446 0.901595 0.405569 0.213462 0.823216 0.915279 0.0769308 0.320274 0.904714 0.47289 0.318571 0.986368 0.281838 0.534462 0.443217 0.981678 0.247454 0.566108 0.0246519 0.535829 0.303432 0.685716 0.965516 0.115686 0.524427 0.598184 0.466658 0.375522 0.370685 0.816633 0.452545 0.985144 0.718227 0.858113 0.198607 0.541444 0.773392 0.275537 0.861717 0.678106 0.748428 0.180288 0.664474 0.0302661 0.71475 0.107691 0.0119441 0.962204 0.673799 0.036596 0.498033 0.977232 0.722312 0.46355 0.0929175 0.246739 0.061734 0.559575 0.622261 0.432419 0.376208 0.074806 
51 18 35 31 29 52 11 
0.497596 0.384417 0.640135 0.677884 0.0488917 0.670401 0.392634 0.156583 0.682345 0.354839 0.830382 0.718941 0.852872 0.807614 0.441253 0.316422 0.900531 0.687993 0.378156 0.460106 0.310254 0.810575 0.836314 0.38506 0.228138 0.930749 0.317979 0.844307 0.566627 0.024291 0.736014 0.0642232 0.408708 0.376149 0.742107 0.4576 0.0465501 0.134741 0.614183 0.728895 0.48958 0.444565 0.447836 0.342452 0.252179 0.889089 0.658874 0.15271 0.577082 0.0370301 0.612816 0.887336 0.847605 0.44913 0.272396 0.0757426 0.379879 0.590375 0.92005 0.946506 0.614666 0.656064 0.0107292 0.0233746 0.0322137 0.752836 0.480975 0.0787638 0.887578 0.0951576 0.807659 0.377157 0.539723 0.255495 0.719609 0.791902 0.144584 0.378483 0.944612 0.721666 0.415514 0.557428 0.609002 0.263118 0.00655771 0.881398 0.338861 0.386436 0.471773 0.258911 0.332942 0.086439 0.914976 0.343672 0.109814 0.947189 0.096508 0.590788 0.0259531 0.984086 0.685946 0.833612 0.361243 0.225669 0.0891068 0.0808524 0.0175702 0.233691 0.459336 0.962182 0.955357 0.87485 0.519609 0.564359 0.137968 0.526167 0.445757 0.476829 0.912604 0.917529 0.73574 0.245546 0.0039684 0.650716 0.589218 0.113782 0.597905 0.685726 
52 41 19 34 47 24 36 
0.616185 0.546577 0.111907 0.633755 0.780268 0.571243 0.595937 0.735625 0.446092 0.115546 0.299984 0.58406 0.641713 0.745741 0.0608892 0.554317 0.66327 0.796629 0.799863 0.667239 0.447345 0.389081 0.78102 0.0452507 0.0748068 0.485591 0.669109 0.744618 0.876107 0.126579 0.775672 0.492292 0.673157 0.887579 0.126047 0.453425 0.458822 0.721984 0.18905 0.904914 0.83753 0.489034 0.488974 0.479243 0.234774 0.549863 0.0335605 0.898045 0.346492 0.833424 0.565283 0.793838 0.222505 0.346304 0.839088 0.297311 0.831894 0.508198 0.0419295 0.708001 0.634777 0.817602 0.200293 0.307934 0.705181 0.32634 0.761358 0.164002 0.0483234 0.950408 0.0689158 0.885853 0.439442 0.55789 0.365097 0.674216 0.107752 0.398657 0.572261 0.454245 0.232081 0.137544 0.248082 0.454586 0.483847 0.087171 0.751897 0.315742 0.595369 0.793827 0.0237429 0.230146 0.611428 0.224036 0.538079 0.316609 0.550376 0.299437 0.480611 0.598699 0.249845 0.549527 0.484552 0.689287 0.107417 0.849649 0.363503 0.215169 0.248306 0.935764 0.669414 0.480387 0.0733076 0.917496 0.934972 0.557155 0.00466723 0.686869 0.872897 0.600036 0.480696 0.89664 0.830181 0.0921243 0.120676 0.368261 0.408733 0.671051 
