12 3
1 0 1 1 1 0 1 1 1 1 1 0 
0 7 9 
0.0450197 0.474584 0.466863 0.458314 0.707508 0.971382 0.594076 0.941068 
1 8 7 
0.697608 0.505163 0.69605 0.191805 0.408773 0.938583 0.377954 0.746247 
2 11 9 
0.936934 0.896097 0.585206 0.844644 0.174517 0.159485 0.671594 0.728515 
3 5 8 
0.167065 0.990334 0.459081 0.625379 0.697842 0.430462 0.219455 0.63891 
4 0 5 
0.264584 0.987877 0.528323 0.673358 0.92646 0.906277 0.419605 0.0695872 
5 6 7 
0.965684 0.485517 0.201183 0.140201 0.645003 0.872776 0.868717 0.767048 
6 11 3 
0.934113 0.37886 0.320015 0.559491 0.0767015 0.750478 0.778946 0.715612 
7 9 2 
0.0521301 0.774483 0.0586503 0.580453 0.447841 0.98511 0.48673 0.867445 
8 3 6 
0.223984 0.0203821 0.872558 0.425167 0.160584 0.517561 0.297943 0.0293003 
9 4 3 
0.890235 0.218722 0.0653285 0.21025 0.778213 0.14203 0.960727 0.557159 
10 0 5 
0.245109 0.686582 0.490225 0.69295 0.671693 0.976955 0.560395 0.726391 
11 2 1 
0.746773 0.236555 0.209547 0.907356 0.754116 0.507489 0.936657 0.0387248 
