71 4
0 1 1 1 1 1 1 0 1 1 0 0 1 1 0 1 0 1 1 0 0 0 0 0 1 0 1 1 0 1 0 1 0 0 1 0 0 1 1 1 1 0 0 0 1 1 0 0 1 0 0 0 1 1 0 1 0 0 1 1 1 1 1 0 0 1 1 0 1 0 0 
0 60 25 17 
0.627908 0.479715 0.70546 0.91499 0.484805 0.628813 0.00275273 0.509124 0.691486 0.552947 0.847817 0.161914 0.785937 0.720698 0.248084 0.646944 
1 70 2 50 
0.662397 0.888419 0.924872 0.254741 0.715838 0.745108 0.342469 0.717955 0.772883 0.999247 0.0526585 0.243914 0.627155 0.532373 0.949374 0.542145 
2 10 61 54 
0.526302 0.269673 0.0978447 0.37412 0.431587 0.883782 0.0948173 0.679671 0.530726 0.908058 0.247136 0.636679 0.570455 0.135555 0.561551 0.825196 
3 34 69 50 
0.569347 0.0795419 0.166912 0.622006 0.323456 0.794067 0.154379 0.27283 0.336212 0.171557 0.851018 0.881109 0.697859 0.120691 0.978954 0.0719792 
4 65 70 25 
0.23195 0.393461 0.0748546 0.479086 0.0301404 0.64531 0.614641 0.591691 0.470506 0.466033 0.898351 0.63817 0.0353805 0.977893 0.805082 0.657386 
5 30 4 15 
0.574179 0.935361 0.983323 0.425197 0.81647 0.681182 0.545888 0.795424 0.753161 0.098167 0.65816 0.919958 0.330117 0.0516208 0.994812 0.809203 
6 44 63 2 
0.673453 0.110627 0.889877 0.571803 0.748798 0.925257 0.549696 0.55388 0.582644 0.851044 0.15303 0.394409 0.425224 0.0883911 0.377732 0.850421 
7 3 56 48 
0.700286 0.812075 0.494476 0.358445 0.732032 0.824593 0.410066 0.726845 0.633796 0.491827 0.366966 0.0576397 0.16528 0.477594 0.947516 0.737083 
8 21 13 35 
0.780272 0.455417 0.137823 0.933302 0.849827 0.563047 0.021693 0.227558 0.413467 0.926554 0.286472 0.809776 0.62684 0.0985465 0.304252 0.985285 
9 30 52 3 
0.557423 0.762641 0.887178 0.92439 0.820281 0.052458 0.401984 0.767797 0.789541 0.628375 0.640571 0.0763197 0.408647 0.0959884 0.214143 0.341949 
10 32 12 11 
0.190657 0.290197 0.459845 0.000433091 0.917037 0.558392 0.304685 0.902322 0.38897 0.43353 0.297673 0.946394 0.196171 0.184851 0.870783 0.0164518 
11 60 45 39 
0.0268501 0.901142 0.42482 0.10317 0.30979 0.520808 0.317313 0.651739 0.466623 0.0945023 0.0153813 0.639997 0.285159 0.305578 0.0998416 0.285592 
12 17 63 28 
0.124937 0.0472035 0.0238075 0.422609 0.993597 0.219979 0.607461 0.864381 0.23643 0.84477 0.137148 0.0206795 0.87162 0.0382902 0.445499 0.97479 
13 38 70 7 
0.999819 0.432931 0.386605 0.0152005 0.0729276 0.671764 0.320778 0.172769 0.957356 0.543393 0.831002 0.547634 0.66833 0.878206 0.571441 0.0909392 
14 8 64 24 
0.736183 0.0278503 0.54317 0.873331 0.0485298 0.41479 0.911621 0.494029 0.389579 0.259701 0.460337 0.681682 0.259521 0.893268 0.0682862 0.274721 
15 33 41 1 
0.138965 0.697406 0.138893 0.969967 0.24504 0.807222 0.848173 0.816481 0.898162 0.719976 0.607901 0.596562 0.456159 0.635751 0.139731 0.329491 
16 40 68 66 
0.178311 0.9441 0.500813 0.638648 0.625782 0.760334 0.531916 0.694068 0.035055 0.498112 0.434118 0.630554 0.637077 0.131525 0.769447 0.607044 
17 54 4 44 
0.193046 0.474831 0.175193 0.800947 0.0713928 0.631352 0.436698 0.211124 0.960843 0.12098 0.765645 0.201955 0.29929 0.709745 0.702769 0.937938 
18 52 5 41 
0.498158 0.967965 0.463714 0.128712 0.605042 0.595238 0.898159 0.212086 0.971803 0.474829 0.667303 0.164849 0.94966 0.842496 0.965795 0.0210526 
19 25 26 50 
0.434692 0.523473 0.997822 0.636647 0.822763 0.707567 0.339415 0.760701 0.0430943 0.802518 0.230554 0.0726896 0.300675 0.198519 0.536403 0.429387 
20 18 12 53 
0.0156471 0.103444 0.802375 0.68295 0.268293 0.752035 0.525446 0.234088 0.773088 0.999294 0.636582 0.00526424 0.433986 0.160055 0.00308597 0.0706324 
21 36 70 10 
0.743519 0.753747 0.212565 0.974073 0.826437 0.513241 0.172593 0.36284 0.942628 0.976154 0.494482 0.270175 0.991801 0.597926 0.0725498 0.674751 
22 62 32 61 
0.100307 0.597672 0.199491 0.736888 0.602937 0.633477 0.896943 0.606022 0.704109 0.879762 0.316676 0.114157 0.623281 0.0704228 0.326722 0.597354 
23 48 41 63 
0.2597 0.782591 0.746101 0.754181 0.0527661 0.737902 0.352107 0.125316 0.412653 0.218326 0.949901 0.61285 0.318632 0.547573 0.812341 0.0555208 
24 63 61 64 
0.756532 0.149927 0.832226 0.0732075 0.264084 0.455506 0.14363 0.590806 0.0528601 0.04049 0.43077 0.822807 0.30019 0.213361 0.568908 0.0543714 
25 44 36 64 
0.391443 0.719462 0.624804 0.341344 0.332312 0.943437 0.888917 0.144653 0.998958 0.0394261 0.59047 0.951422 0.795958 0.740397 0.783647 0.869166 
26 42 10 58 
0.595287 0.292014 0.0532858 0.026057 0.11482 0.353476 0.239418 0.683728 0.407847 0.505545 0.990537 0.814326 0.896988 0.709999 0.43913 0.238332 
27 16 24 60 
0.186964 0.381525 0.166675 0.777434 0.332946 0.962633 0.517832 0.116594 0.831799 0.522313 0.355747 0.844595 0.1176 0.647761 0.89788 0.143657 
28 44 1 23 
0.446309 0.659203 0.88862 0.436847 0.473529 0.785609 0.146846 0.912659 0.0239411 0.189157 0.295226 0.15119 0.376121 0.676751 0.317865 0.153556 
29 26 35 17 
0.126291 0.112297 0.1937 0.482038 0.956892 0.3113 0.129799 0.854772 0.454957 0.89238 0.106128 0.838032 0.33869 0.765331 0.726653 0.775536 
30 44 51 25 
0.151519 0.536203 0.11154 0.446745 0.687393 0.487661 0.123496 0.00525793 0.641217 0.133193 0.285756 0.312604 0.259484 0.398053 0.506304 0.741522 
31 54 67 52 
0.209717 0.272562 0.763701 0.315845 0.110594 0.102391 0.0811761 0.837246 0.877927 0.320036 0.349508 0.800309 0.471555 0.88571 0.911849 0.918301 
32 42 31 16 
0.578361 0.040727 0.174991 0.864117 0.353331 0.434475 0.262171 0.859636 0.175997 0.617116 0.67724 0.0473182 0.826833 0.949802 0.81102 0.142678 
33 5 66 32 
0.897642 0.791337 0.54389 0.247149 0.591647 0.0154454 0.132859 0.503495 0.933746 0.705962 0.903005 0.975544 0.284323 0.943732 0.150534 0.14844 
34 25 45 0 
0.1567 0.761006 0.0277268 0.83394 0.808324 0.854559 0.783742 0.619344 0.997237 0.844137 0.532754 0.221091 0.741779 0.324092 0.764981 0.988928 
35 38 58 60 
0.714173 0.82775 0.322239 0.689716 0.112073 0.265972 0.840251 0.260514 0.563035 0.42526 0.671125 0.719735 0.186266 0.698851 0.553675 0.99459 
36 55 35 46 
0.550648 0.181553 0.146689 0.771739 0.923332 0.47078 0.53672 0.91226 0.386519 0.317146 0.0340472 0.805753 0.0313187 0.861797 0.127992 0.721035 
37 30 43 10 
0.234384 0.956999 0.986545 0.905508 0.676734 0.172811 0.60436 0.230408 0.167401 0.157771 0.567825 0.781336 0.708419 0.749378 0.928024 0.480158 
38 27 13 61 
0.58497 0.785324 0.334024 0.619017 0.591076 0.365342 0.480814 0.719068 0.0863771 0.454684 0.113031 0.647663 0.689068 0.0700301 0.634208 0.594576 
39 14 31 20 
0.977172 0.97442 0.356706 0.544997 0.755756 0.0651248 0.294374 0.68378 0.545282 0.967084 0.0825851 0.56216 0.552054 0.867909 0.896183 0.171071 
40 14 26 27 
0.178053 0.347903 0.106568 0.291085 0.995565 0.795636 0.361115 0.629773 0.390212 0.107878 0.436792 0.589147 0.0850505 0.411212 0.945853 0.630047 
41 47 14 45 
0.850748 0.556261 0.891506 0.933333 0.118421 0.443559 0.801241 0.0146041 0.61463 0.260227 0.27613 0.266514 0.43828 0.624033 0.373082 0.729364 
42 6 38 0 
0.249371 0.55893 0.198357 0.686163 0.148077 0.283408 0.0973743 0.0939302 0.913455 0.264342 0.104908 0.837876 0.115089 0.661169 0.729382 0.0484219 
43 9 17 44 
0.794194 0.787571 0.10989 0.0703234 0.0540856 0.54817 0.694356 0.427168 0.277534 0.313954 0.595886 0.368013 0.563325 0.154816 0.56637 0.249488 
44 53 31 6 
0.396823 0.763233 0.611203 0.501731 0.60111 0.726293 0.1629 0.330492 0.774715 0.94249 0.503433 0.624378 0.736683 0.291005 0.734268 0.807007 
45 54 53 7 
0.772258 0.559972 0.815317 0.368144 0.927984 0.378642 0.52296 0.494355 0.628129 0.825853 0.344133 0.974991 0.222676 0.107367 0.586195 0.724407 
46 21 49 22 
0.0872019 0.829797 0.542402 0.71158 0.56648 0.833406 0.445848 0.373487 0.178497 0.728285 0.87485 0.950755 0.288257 0.690167 0.318899 0.216241 
47 20 51 1 
0.696938 0.667713 0.0547296 0.671929 0.890388 0.162096 0.258124 0.614795 0.870573 0.570611 0.502103 0.909541 0.657813 0.3319 0.451942 0.369393 
48 22 55 50 
0.271867 0.463845 0.543526 0.146718 0.4146 0.831783 0.836885 0.7335 0.0480246 0.905693 0.575359 0.758621 0.602632 0.243072 0.813351 0.274561 
49 35 8 61 
0.748255 0.846019 0.103296 0.250358 0.75556 0.761109 0.582258 0.207502 0.130502 0.480638 0.492851 0.945743 0.752505 0.956696 0.48927 0.899223 
50 45 14 13 
0.104796 0.369077 0.641801 0.680155 0.127698 0.244433 0.923227 0.941049 0.518994 0.0566868 0.916495 0.0516785 0.804942 0.762515 0.154975 0.0553004 
51 17 16 38 
0.725577 0.0465865 0.118196 0.218428 0.99233 0.870701 0.175125 0.481599 0.769924 0.546421 0.802652 0.506032 0.651217 0.17173 0.147833 0.331372 
52 40 9 38 
0.240477 0.911259 0.311286 0.156972 0.962937 0.116228 0.919487 0.117912 0.171529 0.437562 0.033996 0.809087 0.163139 0.0805825 0.927283 0.381568 
53 23 37 26 
0.554512 0.567909 0.103114 0.357164 0.0739406 0.754331 0.528893 0.221773 0.0857036 0.828321 0.614039 0.340303 0.0687977 0.525298 0.651589 0.22577 
54 59 14 67 
0.606147 0.939346 0.582818 0.640143 0.748433 0.745957 0.720725 0.675716 0.127525 0.793638 0.4737 0.684217 0.348149 0.0416092 0.787331 0.705313 
55 26 52 15 
0.337323 0.627365 0.0625278 0.951362 0.967668 0.131325 0.476659 0.619257 0.357095 0.964894 0.387074 0.502351 0.571041 0.32642 0.0851695 0.211184 
56 43 7 23 
0.750569 0.958651 0.725547 0.22427 0.642868 0.0736965 0.265879 0.430199 0.77901 0.381429 0.971861 0.0132164 0.718752 0.599226 0.0757441 0.670114 
57 35 15 59 
0.186151 0.564165 0.111667 0.573225 0.0665161 0.682708 0.899646 0.151686 0.893892 0.974499 0.982812 0.825801 0.725068 0.941463 0.551348 0.949337 
58 5 64 48 
0.0145305 0.404055 0.596645 0.986391 0.417271 0.315397 0.585617 0.493015 0.98551 0.152511 0.700085 0.132283 0.338662 0.264249 0.24395 0.911887 
59 4 64 43 
0.482451 0.82055 0.786032 0.465263 0.646352 0.511099 0.406727 0.1977 0.460437 0.991059 0.822745 0.675653 0.00558917 0.2268 0.272298 0.99198 
60 54 21 39 
0.137086 0.573205 0.730108 0.837171 0.705488 0.0687705 0.10142 0.949438 0.980658 0.432186 0.876096 0.792191 0.914637 0.696646 0.578222 0.3799 
61 47 62 4 
0.540698 0.549759 0.777686 0.363443 0.225412 0.783275 0.590242 0.49771 0.775255 0.234313 0.0854043 0.352853 0.371399 0.658609 0.0829611 0.208569 
62 29 24 44 
0.313534 0.132389 0.742175 0.18963 0.92458 0.656812 0.886275 0.502803 0.0367121 0.229273 0.592125 0.823339 0.76997 0.141883 0.601025 0.133413 
63 57 65 16 
0.865005 0.159556 0.957968 0.950409 0.512408 0.329367 0.609018 0.595369 0.537936 0.973115 0.747101 0.847926 0.286648 0.87949 0.590101 0.476278 
64 58 59 63 
0.306873 0.283625 0.591826 0.898998 0.106964 0.361797 0.0408812 0.707989 0.49521 0.408176 0.0922898 0.218865 0.273182 0.251845 0.176833 0.223591 
65 42 0 59 
0.359623 0.0441358 0.805724 0.106724 0.892061 0.0923721 0.986215 0.482162 0.56865 0.790285 0.729075 0.931204 0.0971585 0.0126998 0.52303 0.996156 
66 55 69 39 
0.827653 0.380036 0.445214 0.919943 0.598901 0.718396 0.171789 0.775733 0.941987 0.936042 0.281933 0.774596 0.295666 0.326069 0.580319 0.40239 
67 7 29 48 
0.700292 0.241342 0.17889 0.429367 0.172545 0.276048 0.442067 0.695575 0.272205 0.561731 0.580402 0.309242 0.389384 0.960438 0.754456 0.309328 
68 52 39 7 
0.335071 0.414838 0.417159 0.617004 0.189434 0.712824 0.943073 0.769754 0.115214 0.161203 0.442445 0.503819 0.861495 0.683787 0.682709 0.290863 
69 18 16 63 
0.551907 0.230962 0.294661 0.132309 0.540204 0.684045 0.0927464 0.29466 0.993373 0.652085 0.767512 0.474489 0.987156 0.18235 0.891648 0.60416 
70 4 14 32 
0.141538 0.719687 0.708436 0.583984 0.223506 0.569931 0.267771 0.906214 0.860794 0.124103 0.864971 0.593724 0.676011 0.0959329 0.888384 0.808319 
