43 3
0 0 0 0 0 0 1 1 0 0 0 1 1 1 1 1 1 0 0 1 0 0 1 0 0 1 1 1 0 0 0 1 1 0 1 1 1 1 1 0 0 0 1 
0 39 16 
0.277828 0.914827 0.704953 0.799005 0.672488 0.39195 0.623948 0.283182 
1 31 35 
0.351232 0.519586 0.442137 0.0212072 0.0669284 0.574539 0.0528779 0.31999 
2 40 3 
0.876341 0.958076 0.405147 0.738276 0.0437949 0.509832 0.938822 0.657327 
3 41 2 
0.447022 0.92477 0.712093 0.151975 0.723776 0.38458 0.543926 0.347723 
4 34 33 
0.262655 0.0189951 0.9099 0.704792 0.0402023 0.976828 0.27933 0.0930801 
5 22 31 
0.276196 0.173159 0.349319 0.681343 0.911435 0.393114 0.191175 0.850257 
6 22 10 
0.647523 0.497463 0.762887 0.359616 0.649439 0.486663 0.744196 0.193364 
7 30 41 
0.583678 0.0970413 0.430954 0.493578 0.801833 0.471157 0.470406 0.0811631 
8 25 26 
0.472407 0.840433 0.940383 0.821726 0.521776 0.851818 0.21484 0.712951 
9 18 15 
0.551068 0.349599 0.762745 0.313956 0.709215 0.412183 0.800619 0.453411 
10 21 4 
0.189225 0.732047 0.296324 0.682803 0.53388 0.767481 0.153208 0.615043 
11 40 20 
0.0874497 0.17215 0.860815 0.909176 0.693927 0.712633 0.124016 0.406878 
12 9 20 
0.957946 0.764308 0.152043 0.271902 0.473522 0.564227 0.0725209 0.926933 
13 11 35 
0.792303 0.359 0.439573 0.0886276 0.0418024 0.973453 0.856109 0.195011 
14 15 26 
0.115443 0.675946 0.359977 0.976258 0.585122 0.0539032 0.688891 0.709138 
15 38 36 
0.0984363 0.418727 0.867908 0.250479 0.690629 0.34143 0.814706 0.76315 
16 32 1 
0.470676 0.0606664 0.34348 0.91025 0.149294 0.385282 0.883703 0.00540258 
17 14 30 
0.193229 0.695736 0.148145 0.553205 0.671994 0.733266 0.607109 0.360885 
18 37 14 
0.464485 0.540841 0.486617 0.332392 0.79132 0.177246 0.673822 0.606026 
19 16 31 
0.590506 0.411072 0.00285206 0.933986 0.321321 0.152146 0.319268 0.205024 
20 27 25 
0.677223 0.350777 0.595296 0.825367 0.903983 0.26729 0.558634 0.511091 
21 14 30 
0.578981 0.0926595 0.541879 0.0655977 0.425052 0.333199 0.242843 0.0988744 
22 34 12 
0.0410601 0.529732 0.59431 0.0439122 0.463718 0.915631 0.196058 0.782985 
23 32 28 
0.682546 0.797878 0.704384 0.277843 0.623245 0.608367 0.545133 0.181879 
24 38 22 
0.182917 0.69844 0.265967 0.724796 0.764037 0.691019 0.0579955 0.00688066 
25 35 39 
0.190119 0.830953 0.526953 0.784429 0.874866 0.99067 0.70006 0.0709238 
26 25 19 
0.424531 0.456202 0.618593 0.128915 0.734044 0.241838 0.737282 0.279177 
27 24 13 
0.452484 0.606634 0.55518 0.718451 0.331431 0.319218 0.40947 0.389426 
28 8 32 
0.386647 0.516218 0.0303163 0.9136 0.300647 0.905182 0.90427 0.000707258 
29 16 0 
0.821423 0.400636 0.134127 0.440016 0.529551 0.868171 0.681854 0.266833 
30 38 23 
0.123574 0.599832 0.712206 0.678755 0.318283 0.0436365 0.997972 0.727753 
31 32 15 
0.927116 0.81971 0.840289 0.957432 0.73331 0.140935 0.862614 0.63758 
32 29 18 
0.315506 0.963065 0.239356 0.449633 0.403081 0.768907 0.317805 0.0849354 
33 6 16 
0.190507 0.159315 0.064985 0.902713 0.83807 0.383268 0.946349 0.836042 
34 31 9 
0.160113 0.0381372 0.199122 0.000401236 0.99557 0.932432 0.141337 0.858184 
35 8 4 
0.696904 0.885518 0.246045 0.93626 0.335151 0.649126 0.705167 0.652955 
36 8 22 
0.118108 0.924568 0.900223 0.183093 0.827281 0.738293 0.566361 0.77363 
37 14 7 
0.153042 0.734447 0.71552 0.352164 0.734849 0.711089 0.284596 0.876185 
38 17 21 
0.159165 0.266177 0.740126 0.405209 0.202437 0.0752767 0.0543351 0.907604 
39 4 30 
0.648512 0.84634 0.712965 0.548735 0.0294329 0.540246 0.287028 0.595794 
40 4 37 
0.273177 0.466918 0.59581 0.988696 0.819083 0.330659 0.699786 0.103679 
41 42 32 
0.958288 0.366008 0.535235 0.698413 0.771218 0.737672 0.77369 0.825553 
42 28 23 
0.613949 0.293788 0.348262 0.326914 0.842523 0.377695 0.867159 0.129551 
