90 6
0 0 1 1 1 1 1 1 1 1 0 1 1 0 1 1 0 1 1 1 0 1 1 0 0 0 0 0 1 1 1 0 1 1 0 1 1 0 1 0 1 1 0 1 0 0 1 1 0 1 0 0 1 0 1 0 0 0 0 0 0 0 0 0 0 1 0 0 1 1 1 1 1 0 1 0 0 0 0 1 0 1 0 1 1 0 0 0 1 1 
0 74 24 67 49 27 
0.0518263 0.824292 0.152196 0.130672 0.175802 0.619852 0.402235 0.730058 0.0465332 0.437001 0.0790893 0.0629255 0.335613 0.330353 0.624181 0.00539555 0.903491 0.439164 0.161446 0.100988 0.245262 0.98908 0.229664 0.780074 0.138463 0.281806 0.739697 0.528561 0.816912 0.764246 0.583581 0.868738 0.588539 0.735778 0.99941 0.764341 0.35563 0.401645 0.494398 0.402163 0.838646 0.573488 0.465089 0.174259 0.90384 0.0892695 0.179654 0.807331 0.528433 0.3411 0.908319 0.773695 0.33018 0.137984 0.553769 0.468643 0.419789 0.293465 0.997204 0.236701 0.0577115 0.580785 0.10544 0.64625 
1 83 41 28 62 46 
0.904989 0.0743559 0.34514 0.478476 0.539445 0.519399 0.382317 0.628714 0.699053 0.189648 0.157147 0.0401533 0.0979669 0.930842 0.370333 0.235951 0.48461 0.838976 0.65574 0.778076 0.83618 0.892441 0.835787 0.416965 0.997881 0.482037 0.733528 0.10273 0.892628 0.405721 0.609225 0.797617 0.480077 0.954365 0.276093 0.0195212 0.473763 0.65841 0.648235 0.172817 0.848058 0.805382 0.21297 0.946025 0.736224 0.583303 0.181975 0.220834 0.422279 0.837715 0.99891 0.258459 0.730156 0.834697 0.675424 0.728037 0.316734 0.408952 0.830767 0.209362 0.814673 0.439991 0.00697888 0.29475 
2 41 51 4 49 85 
0.962506 0.0409363 0.789541 0.767888 0.253906 0.735566 0.504112 0.83721 0.917541 0.724946 0.259489 0.755256 0.723856 0.517948 0.485412 0.558553 0.193372 0.213449 0.875287 0.602325 0.0442158 0.0846487 0.416998 0.484207 0.0916276 0.711747 0.878563 0.3747 0.0260184 0.746683 0.316182 0.988525 0.787619 0.105723 0.756413 0.0415256 0.841289 0.260525 0.878735 0.758829 0.985472 0.138224 0.514086 0.709328 0.656172 0.999498 0.267881 0.849545 0.212947 0.143167 0.451869 0.257162 0.227816 0.868867 0.74137 0.319444 0.580615 0.619933 0.694144 0.606633 0.366616 0.0103261 0.595158 0.154235 
3 13 47 49 6 41 
0.0744958 0.716167 0.597568 0.21272 0.230253 0.306896 0.868892 0.22975 0.574776 0.718437 0.442697 0.717944 0.170307 0.699859 0.94576 0.0391737 0.441229 0.265203 0.619788 0.0611618 0.959347 0.226421 0.427777 0.969673 0.821579 0.582012 0.0857223 0.173149 0.777773 0.0430601 0.785245 0.852269 0.759227 0.382813 0.0649886 0.98948 0.689708 0.933881 0.219231 0.264485 0.652318 0.661928 0.982428 0.822625 0.361787 0.928188 0.861798 0.803016 0.193392 0.481587 0.864178 0.152739 0.708008 0.291955 0.122412 0.529587 0.873967 0.208134 0.702736 0.65174 0.251194 0.487981 0.504009 0.0104215 
4 83 24 20 70 86 
0.219132 0.824987 0.155197 0.88106 0.807416 0.977821 0.242847 0.735604 0.83962 0.0458625 0.928995 0.321206 0.91004 0.081734 0.0292141 0.201995 0.204146 0.558801 0.0759624 0.41228 0.261537 0.727703 0.663474 0.749518 0.231712 0.673896 0.620312 0.800709 0.673797 0.180814 0.303588 0.89293 0.00580144 0.458784 0.773989 0.813217 0.436606 0.0168361 0.548821 0.276225 0.0626986 0.477816 0.597432 0.972739 0.55955 0.626646 0.174734 0.763696 0.185446 0.250696 0.175976 0.446983 0.978399 0.83945 0.196501 0.21011 0.513346 0.816812 0.0108196 0.187143 0.997627 0.314407 0.0800725 0.00342798 
5 88 82 34 35 69 
0.365466 0.486023 0.933597 0.843282 0.0834541 0.906335 0.402832 0.7101 0.0810689 0.166528 0.895546 0.331765 0.342503 0.342529 0.310164 0.181953 0.53903 0.520274 0.695299 0.355842 0.531094 0.882442 0.353468 0.845501 0.962514 0.356896 0.618693 0.816576 0.173541 0.82849 0.687474 0.539007 0.314513 0.621071 0.382289 0.397967 0.527406 0.785121 0.108067 0.608475 0.951648 0.00361271 0.94024 0.294152 0.346142 0.250404 0.476105 0.885171 0.770678 0.171404 0.241013 0.301772 0.0538453 0.594482 0.147273 0.0163596 0.951378 0.765966 0.832936 0.12492 0.594456 0.52041 0.663927 0.908969 
6 1 65 86 78 14 
0.277362 0.782984 0.418615 0.217601 0.0771359 0.764757 0.468005 0.553241 0.649928 0.238683 0.724644 0.890942 0.540455 0.77849 0.485423 0.687728 0.794849 0.436801 0.453694 0.627785 0.561721 0.0481502 0.148195 0.225648 0.957119 0.289676 0.271863 0.264055 0.958562 0.103199 0.679058 0.235924 0.886184 0.0976729 0.453525 0.96332 0.86243 0.921531 0.51656 0.512358 0.160214 0.241205 0.4033 0.700668 0.0196943 0.888723 0.388396 0.814544 0.325524 0.84209 0.442329 0.887245 0.89024 0.590524 0.112893 0.84736 0.880199 0.384756 0.111415 0.838762 0.487956 0.790472 0.0746859 0.374139 
7 5 62 25 52 65 
0.85402 0.262933 0.609955 0.0952242 0.666233 0.310624 0.114919 0.554956 0.69902 0.929462 0.88048 0.54111 0.371791 0.767725 0.431351 0.962314 0.880618 0.27871 0.842514 0.265374 0.390125 0.681275 0.75333 0.180598 0.755961 0.127469 0.0687429 0.284173 0.464928 0.819318 0.733914 0.318948 0.0822513 0.34387 0.414172 0.748484 0.654494 0.529091 0.30344 0.353514 0.458553 0.18392 0.894624 0.830343 0.951645 0.325975 0.792658 0.832263 0.604686 0.635171 0.0976376 0.994811 0.316447 0.850967 0.175408 0.0724079 0.978437 0.244151 0.356581 0.443365 0.0634692 0.090495 0.762313 0.14572 
8 40 22 49 77 35 
0.197645 0.442373 0.164129 0.381565 0.336997 0.994473 0.33321 0.662972 0.78713 0.165473 0.267658 0.422302 0.263111 0.262468 0.738748 0.114078 0.437877 0.811156 0.092515 0.682028 0.167737 0.53588 0.745497 0.258232 0.298194 0.891217 0.692597 0.474679 0.785422 0.781455 0.180255 0.983067 0.223828 0.344385 0.364632 0.560825 0.338857 0.697842 0.223797 0.125988 0.863315 0.491455 0.548289 0.126426 0.753923 0.287038 0.240504 0.191799 0.0981941 0.333019 0.873827 0.265931 0.868899 0.619324 0.524163 0.167093 0.510542 0.216759 0.641772 0.295964 0.998215 0.822027 0.279031 0.222043 
9 66 39 7 79 32 
0.204819 0.49812 0.179546 0.331244 0.252043 0.466584 0.571748 0.443842 0.564778 0.904767 0.317669 0.830709 0.773666 0.936994 0.354872 0.940759 0.447535 0.571631 0.58253 0.743499 0.569846 0.404557 0.0225297 0.791889 0.570969 0.666192 0.574757 0.0762381 0.00769583 0.581422 0.707495 0.212514 0.0795417 0.887041 0.543759 0.331584 0.353625 0.115507 0.775426 0.918403 0.0202737 0.0930956 0.749112 0.79394 0.0300892 0.103984 0.734698 0.477624 0.675615 0.317229 0.221123 0.245461 0.721786 0.243653 0.0373498 0.292755 0.909845 0.612107 0.368993 0.917541 0.193529 0.076488 0.130055 0.27307 
10 41 34 42 57 87 
0.380081 0.235558 0.809594 0.473177 0.98467 0.603534 0.503266 0.0886537 0.338232 0.98089 0.764269 0.655461 0.202013 0.00972951 0.377247 0.445666 0.0470793 0.670002 0.355511 0.659186 0.038995 0.273052 0.852715 0.115483 0.403108 0.125785 0.0790121 0.0769216 0.730439 0.396166 0.866242 0.11052 0.631724 0.675837 0.583697 0.616394 0.279371 0.0869627 0.705047 0.617603 0.0678528 0.469316 0.273064 0.269866 0.479046 0.650311 0.715533 0.526125 0.320313 0.0710441 0.185311 0.359308 0.344096 0.0380253 0.474791 0.747204 0.16381 0.553803 0.824126 0.89425 0.949969 0.690368 0.00477016 0.581693 
11 40 10 13 14 71 
0.903134 0.263179 0.743283 0.372451 0.536243 0.0131489 0.851496 0.186554 0.728682 0.377621 0.506867 0.799726 0.562932 0.866175 0.143822 0.600957 0.340966 0.891026 0.764767 0.894769 0.715152 0.659017 0.844739 0.40552 0.663787 0.426432 0.771725 0.252254 0.624519 0.417301 0.927684 0.527654 0.68048 0.670967 0.900104 0.216723 0.684116 0.7516 0.403277 0.412797 0.129221 0.910145 0.212523 0.692153 0.77632 0.356345 0.29311 0.117286 0.247371 0.0578769 0.0120553 0.962523 0.716894 0.856794 0.368043 0.380681 0.283226 0.139768 0.632935 0.907745 0.557069 0.560619 0.435399 0.237548 
12 45 46 10 5 66 
0.857548 0.328499 0.216324 0.767693 0.541022 0.908477 0.544013 0.897367 0.201587 0.661299 0.144739 0.259464 0.673354 0.107262 0.976358 0.530148 0.475305 0.357039 0.813374 0.615073 0.989974 0.721119 0.172142 0.550593 0.156518 0.40969 0.782179 0.492021 0.863961 0.697881 0.579124 0.72151 0.0263801 0.795449 0.489203 0.567402 0.703926 0.0332156 0.46477 0.905513 0.694515 0.609509 0.164976 0.367869 0.716771 0.141334 0.898017 0.192076 0.498373 0.711391 0.80715 0.488346 0.43251 0.979292 0.0389393 0.589028 0.388982 0.821118 0.0810492 0.252943 0.518999 0.660173 0.974453 0.54538 
13 7 55 2 19 68 
0.577552 0.0650603 0.191386 0.187061 0.230037 0.559254 0.903832 0.371371 0.457271 0.095908 0.869743 0.168662 0.903058 0.358089 0.601172 0.882349 0.397029 0.1902 0.271331 0.218147 0.27125 0.524274 0.737147 0.931423 0.498727 0.282526 0.387045 0.962383 0.395308 0.546593 0.459254 0.97286 0.611653 0.650639 0.159921 0.84169 0.209893 0.0637522 0.21306 0.667165 0.15966 0.0828034 0.835827 0.062718 0.440893 0.436999 0.945067 0.837922 0.627199 0.216399 0.0560689 0.898449 0.740673 0.793215 0.829872 0.2394 0.0757416 0.216917 0.201783 0.47105 0.76351 0.661036 0.44391 0.375163 
14 38 51 39 52 9 
0.429912 0.188733 0.827243 0.512716 0.02456 0.889961 0.953609 0.461559 0.835028 0.79153 0.088758 0.0514268 0.847599 0.987207 0.7921 0.640815 0.817079 0.0315002 0.716556 0.0339957 0.233283 0.187606 0.797505 0.894319 0.631516 0.172668 0.205995 0.235346 0.38952 0.727564 0.902928 0.819433 0.916297 0.730171 0.332148 0.940857 0.620132 0.285757 0.402416 0.45516 0.0772873 0.491174 0.506586 0.924886 0.478381 0.298686 0.565701 0.29546 0.330187 0.282257 0.329455 0.56347 0.469863 0.126961 0.457789 0.101379 0.299629 0.663784 0.336725 0.689149 0.391348 0.239653 0.508581 0.307645 
15 74 24 4 36 53 
0.650919 0.0451157 0.203774 0.142093 0.551702 0.12866 0.620474 0.850389 0.694362 0.915934 0.180575 0.976619 0.245389 0.744045 0.446483 0.37235 0.201834 0.547862 0.671978 0.865618 0.884587 0.361127 0.256966 0.12424 0.869708 0.564611 0.0940647 0.710438 0.813114 0.684021 0.836925 0.464032 0.729136 0.0406985 0.606125 0.280839 0.169359 0.226599 0.131227 0.863721 0.142532 0.311803 0.84034 0.387921 0.0558477 0.286822 0.760271 0.257682 0.834684 0.43225 0.1233 0.719271 0.793377 0.380266 0.843511 0.663085 0.944877 0.937576 0.373523 0.757991 0.621596 0.210447 0.222023 0.350733 
16 85 7 52 41 26 
0.762799 0.284226 0.197279 0.0746016 0.124565 0.585201 0.130449 0.411387 0.345472 0.388131 0.246071 0.777722 0.511431 0.965342 0.571098 0.891697 0.808853 0.234183 0.836574 0.746428 0.607706 0.594565 0.368025 0.818154 0.816588 0.718758 0.0692996 0.644737 0.350329 0.489805 0.699484 0.113128 0.77403 0.896763 0.18773 0.898595 0.481964 0.318179 0.309983 0.827436 0.70631 0.556054 0.605158 0.217742 0.521395 0.176256 0.109439 0.330248 0.410439 0.946013 0.0766765 0.0181451 0.540579 0.444701 0.836299 0.357167 0.163459 0.905598 0.00190338 0.513789 0.395403 0.701387 0.626917 0.169433 
17 23 74 28 12 21 
0.90755 0.839136 0.934065 0.512707 0.0568777 0.45546 0.688963 0.166316 0.785708 0.0994024 0.11233 0.862385 0.117548 0.652908 0.307086 0.953846 0.010075 0.470545 0.859445 0.0119784 0.984334 0.254847 0.713365 0.611251 0.424281 0.311515 0.425897 0.492309 0.391629 0.558723 0.87032 0.299179 0.397859 0.804385 0.811886 0.454737 0.259845 0.500849 0.621053 0.0455534 0.600252 0.733383 0.907938 0.717799 0.386291 0.215024 0.671646 0.396366 0.68557 0.53109 0.408345 0.669904 0.785938 0.12171 0.281154 0.210218 0.433225 0.707051 0.702527 0.824854 0.265775 0.572847 0.124032 0.663634 
18 64 47 69 27 19 
0.739424 0.682631 0.0370196 0.472807 0.590569 0.754819 0.859098 0.805593 0.426465 0.255464 0.491163 0.957555 0.663809 0.161066 0.743492 0.785519 0.442221 0.953711 0.218744 0.149272 0.656238 0.0435975 0.415047 0.229085 0.16763 0.0786804 0.606317 0.103548 0.197051 0.243394 0.540316 0.936475 0.926025 0.577336 0.409283 0.516594 0.332155 0.268381 0.322187 0.758619 0.523845 0.81335 0.716174 0.187654 0.974416 0.459667 0.973173 0.416637 0.413377 0.191917 0.565909 0.0696151 0.235514 0.980955 0.2987 0.403144 0.0596355 0.905017 0.506693 0.256687 0.148411 0.0470087 0.193162 0.0744362 
19 45 51 80 81 71 
0.913217 0.715119 0.394671 0.726566 0.431293 0.582325 0.700982 0.890959 0.555499 0.117619 0.304337 0.747416 0.683528 0.373952 0.98293 0.664483 0.672652 0.386074 0.724118 0.577669 0.892767 0.980805 0.726081 0.939776 0.173967 0.800517 0.56412 0.776412 0.391546 0.520619 0.647237 0.304763 0.235738 0.0419083 0.0313292 0.667031 0.624234 0.732312 0.55799 0.179732 0.849931 0.862327 0.927148 0.533458 0.236279 0.910078 0.197941 0.908931 0.296153 0.922059 0.4866 0.18892 0.902864 0.21268 0.128695 0.0768314 0.0131971 0.692815 0.853243 0.404744 0.213435 0.50048 0.709507 0.449173 
20 75 53 14 36 72 
0.674194 0.346355 0.323078 0.536522 0.273503 0.856536 0.772801 0.183581 0.054477 0.681731 0.479734 0.976536 0.168331 0.668653 0.879401 0.381012 0.797348 0.956232 0.394209 0.490164 0.809475 0.798952 0.703599 0.309956 0.508459 0.152772 0.852345 0.249295 0.268976 0.0189671 0.722442 0.94317 0.365322 0.0455196 0.479692 0.638825 0.902056 0.252492 0.822406 0.956533 0.934224 0.302139 0.933069 0.102555 0.970793 0.81247 0.483567 0.768141 0.768702 0.877776 0.258305 0.578177 0.676728 0.961903 0.888133 0.185187 0.114675 0.740477 0.434482 0.383651 0.759444 0.156924 0.326821 0.124766 
21 84 69 0 87 76 
0.585997 0.0610314 0.993229 0.888136 0.9941 0.0957841 0.858929 0.80657 0.579351 0.62707 0.575272 0.457127 0.885375 0.153449 0.133855 0.847278 0.0415812 0.319042 0.961953 0.782058 0.753524 0.345604 0.541503 0.910448 0.672425 0.666269 0.112891 0.478938 0.42986 0.21739 0.537944 0.0158569 0.278421 0.531173 0.903993 0.272522 0.626957 0.762922 0.0790916 0.206307 0.389992 0.654363 0.663434 0.275367 0.807812 0.797289 0.122645 0.849393 0.116331 0.0845977 0.631451 0.869855 0.430202 0.172954 0.780303 0.102627 0.839223 0.893194 0.581565 0.269083 0.110583 0.119509 0.28494 0.389005 
22 47 76 36 77 67 
0.740618 0.483945 0.341848 0.394981 0.14738 0.617214 0.202793 0.944669 0.739859 0.0521859 0.0609998 0.824457 0.683637 0.930855 0.254659 0.856591 0.711158 0.357286 0.695814 0.604351 0.938851 0.964897 0.714935 0.0583598 0.249836 0.10394 0.709041 0.438769 0.765466 0.986679 0.390625 0.506084 0.470625 0.732472 0.901065 0.618004 0.349687 0.103858 0.562673 0.0895454 0.156044 0.623673 0.914002 0.839681 0.554528 0.168661 0.696273 0.265685 0.525946 0.392087 0.870037 0.464797 0.356984 0.584972 0.523157 0.60682 0.688911 0.232198 0.0455894 0.454377 0.218877 0.436214 0.960461 0.689502 
23 55 66 45 2 67 
0.870179 0.607918 0.121428 0.493852 0.52192 0.961109 0.0483797 0.690581 0.657382 0.314065 0.216527 0.0494689 0.184102 0.681324 0.406453 0.769074 0.204481 0.0132726 0.457985 0.43668 0.058862 0.912362 0.655557 0.495076 0.872824 0.345059 0.663763 0.73435 0.652566 0.182135 0.699734 0.522745 0.790054 0.821162 0.0165967 0.311974 0.782272 0.0649764 0.00255516 0.439654 0.379041 0.219082 0.489123 0.563143 0.900407 0.895575 0.332217 0.104888 0.908848 0.790202 0.541568 0.96771 0.702564 0.197125 0.462786 0.575388 0.542184 0.126548 0.309737 0.19475 0.308684 0.00947147 0.717495 0.0987376 
24 26 51 75 6 60 
0.413267 0.0525592 0.178109 0.632349 0.541682 0.741253 0.532756 0.437257 0.0734695 0.637644 0.346105 0.863671 0.179212 0.313815 0.566235 0.376338 0.776601 0.141623 0.918522 0.903149 0.451361 0.113272 0.211833 0.460832 0.830767 0.310571 0.291466 0.564858 0.721283 0.904371 0.363926 0.134549 0.95693 0.542035 0.766899 0.498612 0.283287 0.299655 0.93587 0.356757 0.937299 0.281975 0.220428 0.116512 0.595789 0.786664 0.492849 0.37239 0.928287 0.411371 0.27554 0.379647 0.524643 0.487373 0.840479 0.35541 0.797944 0.131945 0.920268 0.519226 0.036316 0.284193 0.653776 0.993246 
25 32 87 52 48 47 
0.427728 0.466273 0.657629 0.709703 0.686701 0.774141 0.305492 0.473364 0.26699 0.677883 0.401651 0.678361 0.953422 0.781299 0.203005 0.440795 0.621778 0.558414 0.238739 0.753723 0.478682 0.757965 0.790039 0.762875 0.411741 0.783285 0.589104 0.832415 0.275144 0.698619 0.552745 0.702872 0.164892 0.210374 0.412575 0.851593 0.984514 0.718067 0.324957 0.251504 0.39595 0.726608 0.929865 0.349372 0.507907 0.13287 0.790168 0.129685 0.691284 0.0289066 0.883407 0.169967 0.786872 0.673446 0.932842 0.198613 0.456731 0.521946 0.0310284 0.731875 0.220565 0.583773 0.434747 0.385457 
26 16 87 13 20 44 
0.562007 0.0301651 0.961339 0.288615 0.960031 0.310711 0.796522 0.0929006 0.100878 0.926206 0.784185 0.129785 0.809614 0.954152 0.916657 0.48306 0.886994 0.11527 0.939791 0.408939 0.146298 0.671666 0.629504 0.730072 0.106413 0.0149608 0.524218 0.953734 0.25201 0.302879 0.519123 0.814017 0.333045 0.480462 0.102632 0.293075 0.791173 0.899154 0.385976 0.892051 0.82536 0.170161 0.0218362 0.634974 0.124312 0.938493 0.118034 0.0113061 0.053763 0.0578245 0.420245 0.200061 0.72949 0.0497494 0.930133 0.835903 0.0647102 0.454351 0.789637 0.31672 0.757231 0.30876 0.130737 0.0902752 
27 20 4 66 55 77 
0.769326 0.472445 0.957882 0.939487 0.494281 0.592856 0.0637993 0.432774 0.71089 0.0751054 0.486537 0.768714 0.495351 0.686599 0.498205 0.5451 0.616732 0.334107 0.60981 0.0710829 0.123744 0.926531 0.828314 0.432504 0.0572678 0.918589 0.221726 0.290637 0.301939 0.80212 0.423159 0.0712649 0.274565 0.381042 0.0107516 0.768846 0.973898 0.0745509 0.201621 0.684788 0.149656 0.688158 0.453502 0.645007 0.374757 0.951707 0.190107 0.991489 0.285814 0.799917 0.0625716 0.409559 0.726448 0.890885 0.842063 0.783716 0.809474 0.0637888 0.0743523 0.111413 0.865909 0.497511 0.182678 0.140474 
28 45 79 87 29 67 
0.110941 0.537238 0.417636 0.799099 0.990741 0.0626434 0.173856 0.942447 0.25275 0.165345 0.228262 0.0526676 0.227917 0.637821 0.779115 0.118802 0.479884 0.562831 0.928276 0.543672 0.637183 0.0396885 0.409581 0.134695 0.222366 0.550055 0.0132476 0.415795 0.459375 0.865698 0.683776 0.570316 0.402937 0.101412 0.369415 0.393677 0.164055 0.543272 0.336125 0.416806 0.708617 0.564386 0.469473 0.936534 0.202207 0.248589 0.0553355 0.68209 0.81142 0.983611 0.225763 0.448604 0.0232998 0.635344 0.583298 0.245666 0.185399 0.596546 0.661461 0.644774 0.462244 0.345237 0.21509 0.865181 
29 22 88 37 0 2 
0.0275102 0.836394 0.159369 0.496984 0.772927 0.361576 0.745573 0.828263 0.0436662 0.556993 0.811874 0.269429 0.00559623 0.835174 0.904773 0.588895 0.0808399 0.0901719 0.18544 0.742301 0.734946 0.647685 0.0875382 0.950036 0.512865 0.534187 0.534541 0.771723 0.144892 0.662318 0.366706 0.172402 0.498711 0.526074 0.669385 0.271639 0.88765 0.414958 0.0999016 0.931316 0.971951 0.911776 0.200745 0.977547 0.74695 0.105518 0.566441 0.827789 0.19569 0.751882 0.570091 0.930636 0.399566 0.657629 0.880672 0.912432 0.191816 0.415213 0.684155 0.336708 0.0775303 0.0508605 0.509109 0.576242 
30 42 41 54 60 15 
0.947782 0.395901 0.565403 0.859558 0.596647 0.54295 0.606507 0.702165 0.109392 0.434297 0.897856 0.861274 0.00438746 0.828492 0.26084 0.662016 0.709164 0.173272 0.853832 0.124376 0.857427 0.19054 0.201906 0.908287 0.699649 0.778148 0.485222 0.878144 0.626029 0.949807 0.471596 0.573811 0.345709 0.0369997 0.433368 0.942356 0.57995 0.0398757 0.644521 0.689342 0.474172 0.542377 0.550615 0.47856 0.370869 0.811456 0.140576 0.0800325 0.984728 0.994409 0.204409 0.842154 0.184948 0.406315 0.750442 0.884598 0.184463 0.235664 0.762741 0.810492 0.185471 0.234338 0.384303 0.53118 
31 81 67 5 21 8 
0.118057 0.540629 0.331719 0.660434 0.0912446 0.810279 0.0313033 0.9027 0.950855 0.111336 0.887428 0.945264 0.315744 0.729582 0.130212 0.72206 0.480024 0.0148097 0.906523 0.715688 0.777551 0.717015 0.901159 0.0118886 0.101318 0.43234 0.283226 0.918989 0.905876 0.134513 0.776535 0.0239333 0.675142 0.108254 0.684368 0.766387 0.918533 0.715671 0.669087 0.869388 0.827007 0.556515 0.814652 0.142751 0.286097 0.944864 0.864811 0.766121 0.959674 0.771334 0.481809 0.737225 0.488349 0.382968 0.749114 0.589666 0.815308 0.0323396 0.508655 0.721184 0.166853 0.28519 0.745117 0.841995 
32 22 60 62 43 29 
0.27747 0.181366 0.972162 0.833985 0.996018 0.114913 0.120082 0.940882 0.979724 0.886203 0.900556 0.751058 0.368012 0.637781 0.239407 0.75098 0.386895 0.829073 0.566288 0.419234 0.337728 0.287471 0.586087 0.622917 0.0325879 0.428082 0.0163616 0.462072 0.0364648 0.328339 0.607228 0.313935 0.509705 0.57939 0.147919 0.505722 0.694304 0.268001 0.446604 0.674028 0.154204 0.34716 0.425086 0.522216 0.984941 0.664493 0.273196 0.371836 0.493566 0.839484 0.79107 0.831293 0.126955 0.377157 0.454211 0.159543 0.80524 0.470572 0.621615 0.841704 0.798911 0.228843 0.155639 0.308616 
33 65 11 12 54 73 
0.260942 0.176565 0.725764 0.608103 0.601651 0.24798 0.593044 0.266143 0.521176 0.96488 0.759709 0.36066 0.75595 0.591002 0.487615 0.133107 0.0452128 0.647157 0.938347 0.515785 0.268772 0.780051 0.314696 0.497615 0.93569 0.623312 0.305848 0.239248 0.43765 0.808385 0.810808 0.698592 0.984949 0.536572 0.306695 0.5866 0.784552 0.899739 0.852743 0.305729 0.864619 0.612452 0.666389 0.620569 0.203454 0.154004 0.753676 0.248667 0.801161 0.692023 0.764452 0.0699333 0.472074 0.0791482 0.567548 0.407765 0.70246 0.873397 0.647013 0.14011 0.681781 0.457821 0.838702 0.666731 
34 10 82 1 78 30 
0.106074 0.0846742 0.909755 0.718526 0.751063 0.530324 0.92198 0.905067 0.284001 0.170647 0.706228 0.976024 0.935099 0.776161 0.448098 0.0142476 0.34371 0.855863 0.716708 0.217106 0.502876 0.856818 0.898888 0.960696 0.69552 0.565618 0.955089 0.840917 0.818949 0.734035 0.886053 0.925023 0.818709 0.795808 0.643549 0.569772 0.326132 0.56553 0.474839 0.610133 0.736177 0.181067 0.586157 0.671277 0.957228 0.0342551 0.685524 0.300938 0.890118 0.402232 0.518044 0.392993 0.259049 0.416932 0.35369 0.954569 0.98255 0.308779 0.795486 0.801499 0.0428143 0.681539 0.726522 0.861523 
35 22 27 4 61 62 
0.413613 0.671779 0.0872017 0.999769 0.343055 0.0444299 0.0340245 0.0285794 0.345368 0.924142 0.430811 0.863412 0.317136 0.689861 0.280344 0.670826 0.64443 0.262894 0.979605 0.439916 0.0643928 0.0224196 0.121455 0.790915 0.883943 0.598802 0.160987 0.315238 0.402282 0.0965881 0.221373 0.815894 0.768367 0.308575 0.815664 0.111422 0.353005 0.849688 0.140001 0.698372 0.773831 0.570812 0.561784 0.0909665 0.260673 0.842128 0.761792 0.905103 0.105021 0.741398 0.345019 0.169414 0.763817 0.466474 0.960329 0.64776 0.0652757 0.121316 0.962999 0.467557 0.217904 0.184372 0.283452 0.986271 
36 12 3 20 23 72 
0.237694 0.544324 0.722634 0.808506 0.106108 0.813601 0.0691794 0.948236 0.575393 0.974282 0.0532569 0.316791 0.319301 0.222671 0.0806079 0.785775 0.183 0.728368 0.85105 0.304316 0.691367 0.318608 0.52222 0.875738 0.602059 0.508491 0.368685 0.701175 0.606183 0.214636 0.649979 0.843877 0.758959 0.372613 0.652383 0.865067 0.186214 0.721563 0.813303 0.761607 0.695845 0.86656 0.0783973 0.0151462 0.0892309 0.159005 0.800921 0.272231 0.887373 0.651971 0.576547 0.57874 0.970579 0.0987674 0.454478 0.572638 0.607258 0.823163 0.273813 0.213442 0.0377986 0.923792 0.0573189 0.796758 
37 61 9 0 13 24 
0.475128 0.244225 0.12711 0.341688 0.322622 0.142257 0.430919 0.481627 0.943177 0.70315 0.369001 0.595148 0.279697 0.94774 0.565727 0.378465 0.402219 0.138366 0.985723 0.225381 0.412179 0.199165 0.26318 0.335971 0.256484 0.0599381 0.632375 0.966186 0.721763 0.114993 0.397451 0.196892 0.359218 0.524562 0.53858 0.68184 0.666818 0.969499 0.163467 0.609996 0.672649 0.532467 0.205144 0.952347 0.480208 0.770872 0.330812 0.882426 0.909237 0.316535 0.107808 0.321416 0.5157 0.370988 0.657387 0.772183 0.430926 0.289762 0.73837 0.152689 0.404755 0.135821 0.349581 0.763973 
38 44 8 39 69 79 
0.937197 0.53031 0.141747 0.142342 0.482657 0.621955 0.913213 0.813468 0.504381 0.82245 0.130003 0.612189 0.143867 0.645703 0.983176 0.801253 0.417886 0.414102 0.0910152 0.156256 0.566791 0.49577 0.292077 0.916372 0.259743 0.95246 0.804534 0.705555 0.279661 0.662194 0.314834 0.216859 0.192504 0.456581 0.3592 0.67516 0.0785355 0.272413 0.488628 0.582917 0.0948638 0.618631 0.195105 0.23873 0.264334 0.178282 0.0399838 0.68222 0.592384 0.130999 0.838476 0.159175 0.626769 0.130553 0.0755477 0.886512 0.0830132 0.880081 0.592067 0.362675 0.542275 0.906901 0.579533 0.734779 
39 52 22 23 60 47 
0.898567 0.0249345 0.30601 0.517198 0.22004 0.544741 0.781532 0.398322 0.584725 0.463753 0.990705 0.715724 0.302229 0.149881 0.342493 0.432782 0.225428 0.229005 0.515795 0.10551 0.821072 0.87847 0.647785 0.727973 0.458003 0.382563 0.0914558 0.396736 0.792502 0.533474 0.607883 0.691069 0.558408 0.913893 0.208268 0.778448 0.458634 0.9898 0.176769 0.0433589 0.453553 0.167475 0.759083 0.755782 0.317355 0.101576 0.188564 0.542784 0.33058 0.70436 0.648293 0.151653 0.58283 0.296078 0.879626 0.0408327 0.678642 0.971082 0.437569 0.471144 0.504555 0.0454522 0.162213 0.0629636 
40 88 8 55 56 75 
0.018181 0.461339 0.813833 0.185656 0.220421 0.569615 0.503011 0.321997 0.758179 0.0457952 0.652577 0.462539 0.694089 0.80423 0.0453686 0.990167 0.683856 0.0862013 0.668809 0.654938 0.52377 0.139952 0.159493 0.569223 0.302166 0.222457 0.528568 0.672646 0.0638683 0.946548 0.0329268 0.0820493 0.407887 0.84676 0.267705 0.628309 0.416376 0.770717 0.950306 0.174555 0.816512 0.602883 0.637094 0.5106 0.407113 0.682463 0.500767 0.0909689 0.768664 0.169576 0.745907 0.292434 0.309528 0.9054 0.861657 0.611694 0.127857 0.390225 0.28434 0.191725 0.336774 0.317267 0.273774 0.744661 
41 22 32 13 37 10 
0.323275 0.754958 0.128708 0.926158 0.392052 0.639308 0.333271 0.0745147 0.140075 0.42424 0.843179 0.309651 0.170147 0.135613 0.619179 0.0755463 0.99727 0.230873 0.203403 0.387495 0.515213 0.395128 0.724269 0.83248 0.668902 0.46893 0.996508 0.210381 0.841899 0.576911 0.522577 0.165174 0.331868 0.651285 0.0913323 0.72392 0.290593 0.424603 0.798435 0.430668 0.848843 0.641614 0.740319 0.0189898 0.777227 0.359499 0.0945361 0.774496 0.590372 0.297939 0.161992 0.105586 0.693067 0.886261 0.938066 0.361969 0.35519 0.934574 0.57235 0.197089 0.511484 0.0949275 0.362264 0.843353 
42 75 18 38 37 10 
0.365708 0.467474 0.727043 0.00732175 0.207793 0.746032 0.784548 0.567292 0.840568 0.559045 0.157664 0.138507 0.721037 0.263249 0.831574 0.607297 0.201315 0.193543 0.962487 0.135889 0.765893 0.159577 0.647373 0.86082 0.52184 0.490726 0.607033 0.975436 0.0579985 0.643838 0.853635 0.423707 0.111312 0.580678 0.431028 0.319105 0.32671 0.215577 0.886396 0.167279 0.774621 0.0440601 0.305786 0.495658 0.307309 0.13736 0.102955 0.508625 0.330903 0.0654423 0.644513 0.096796 0.225019 0.291886 0.957616 0.746859 0.782612 0.564649 0.722295 0.84061 0.208488 0.575931 0.264317 0.319799 
43 30 3 25 66 23 
0.650597 0.685543 0.569361 0.956383 0.181201 0.87667 0.0937437 0.284156 0.385295 0.424647 0.349599 0.029808 0.521443 0.574618 0.321694 0.479059 0.321477 0.104306 0.0437085 0.0437722 0.944917 0.252196 0.619703 0.209234 0.571996 0.776311 0.904579 0.2109 0.25963 0.815501 0.7362 0.910227 0.501044 0.305561 0.866611 0.682246 0.182231 0.960354 0.966402 0.567526 0.385001 0.316001 0.597334 0.906444 0.890619 0.919028 0.385503 0.212096 0.0233346 0.429212 0.255868 0.968251 0.681408 0.875571 0.177485 0.253403 0.651882 0.0820642 0.464303 0.911512 0.897565 0.200504 0.821739 0.39861 
44 33 28 73 49 63 
0.047258 0.255822 0.0337053 0.363259 0.853155 0.940149 0.253878 0.772184 0.325653 0.465974 0.795518 0.754864 0.721842 0.76377 0.436272 0.597413 0.941255 0.689675 0.249295 0.0233189 0.153979 0.160807 0.920884 0.354482 0.982546 0.319494 0.860547 0.670896 0.400349 0.548843 0.3196 0.447607 0.804664 0.353305 0.810867 0.65782 0.293455 0.0647449 0.430003 0.619107 0.530719 0.225522 0.373971 0.252561 0.989291 0.810244 0.849975 0.930546 0.499919 0.0992698 0.953865 0.653898 0.260077 0.874749 0.00837976 0.242623 0.194243 0.868927 0.913519 0.594592 0.417769 0.233119 0.0421999 0.222434 
45 74 1 65 12 88 
0.498985 0.448531 0.535778 0.872957 0.701092 0.52507 0.6832 0.551067 0.455616 0.183119 0.650336 0.409481 0.837017 0.910413 0.28423 0.845397 0.153036 0.478473 0.714323 0.0665548 0.0730656 0.132092 0.299673 0.115265 0.354526 0.886097 0.968332 0.234779 0.765975 0.886144 0.545036 0.264961 0.334674 0.0808144 0.137917 0.035766 0.605884 0.821117 0.586833 0.0615001 0.0042367 0.237169 0.470981 0.841254 0.147582 0.755211 0.68665 0.300618 0.233684 0.400973 0.367173 0.30675 0.533066 0.666846 0.422015 0.887592 0.552943 0.390347 0.122371 0.318919 0.276491 0.667407 0.583879 0.611165 
46 78 36 63 13 42 
0.233764 0.415606 0.547151 0.470933 0.886587 0.388404 0.618515 0.641798 0.0750544 0.919133 0.875482 0.476028 0.286306 0.182232 0.00909322 0.953153 0.604248 0.896685 0.506096 0.994595 0.0190556 0.825015 0.271086 0.686462 0.408894 0.882251 0.434684 0.130691 0.529182 0.788789 0.673605 0.762946 0.204394 0.220756 0.233878 0.0909811 0.60916 0.852393 0.732779 0.684214 0.771526 0.608261 0.160242 0.0578323 0.790493 0.169335 0.0109849 0.394741 0.06602 0.517081 0.389336 0.0850756 0.342096 0.660422 0.771538 0.75099 0.542673 0.206221 0.881681 0.0718547 0.99501 0.555286 0.8348 0.199405 
47 26 28 5 69 19 
0.0231649 0.0694158 0.692598 0.631426 0.229658 0.75043 0.421919 0.398993 0.761415 0.81666 0.465013 0.278496 0.205996 0.550089 0.620592 0.866417 0.321627 0.371582 0.40909 0.527848 0.253262 0.480945 0.522859 0.808548 0.315745 0.722263 0.584589 0.384424 0.0126494 0.969791 0.305496 0.0358143 0.0392065 0.998094 0.66724 0.268864 0.748524 0.0891595 0.667857 0.509939 0.905819 0.132871 0.788435 0.111815 0.682959 0.409027 0.978232 0.0045861 0.780609 0.387322 0.532434 0.0338709 0.868267 0.0552929 0.842419 0.184012 0.777556 0.427008 0.568436 0.790206 0.396799 0.873931 0.82602 0.436005 
48 86 74 9 53 18 
0.372727 0.130488 0.48824 0.505598 0.918923 0.600055 0.188557 0.32795 0.578287 0.193143 0.108559 0.96561 0.725577 0.14243 0.833877 0.78087 0.984848 0.0178888 0.558427 0.411857 0.586325 0.348632 0.808655 0.460256 0.174653 0.244661 0.332281 0.667913 0.94953 0.95283 0.250333 0.322257 0.0833183 0.738573 0.827855 0.00224149 0.338627 0.0164118 0.330192 0.916915 0.209555 0.43875 0.882524 0.935132 0.58118 0.716401 0.716003 0.566028 0.73429 0.274429 0.977885 0.320614 0.623062 0.78654 0.780871 0.797714 0.0312009 0.113152 0.465627 0.980731 0.0659822 0.715961 0.302988 0.149301 
49 58 69 32 36 71 
0.481734 0.710075 0.35681 0.920484 0.592599 0.291942 0.501664 0.309 0.0079447 0.0676919 0.04329 0.282374 0.0455768 0.363905 0.905436 0.832117 0.144775 0.70315 0.863318 0.257927 0.168777 0.844049 0.323909 0.884738 0.147038 0.47321 0.339271 0.277881 0.624752 0.132432 0.425136 0.106486 0.842507 0.781946 0.0269695 0.435107 0.073888 0.528633 0.744107 0.0818327 0.596325 0.787397 0.364207 0.641902 0.151301 0.269642 0.474019 0.296077 0.972792 0.337337 0.554004 0.141569 0.181386 0.877913 0.0263072 0.328423 0.351123 0.365578 0.606304 0.975875 0.49801 0.0314401 0.0823608 0.340518 
50 8 46 79 61 42 
0.519731 0.969107 0.234289 0.307128 0.333313 0.87619 0.45843 0.602955 0.350209 0.754506 0.575747 0.687546 0.30851 0.717317 0.868932 0.186423 0.743624 0.197355 0.537547 0.109202 0.803659 0.513422 0.607213 0.8351 0.595783 0.94773 0.648486 0.705113 0.723355 0.53576 0.343076 0.243086 0.504866 0.577365 0.550214 0.83818 0.453555 0.00864366 0.441135 0.803764 0.76315 0.0168823 0.49131 0.0716601 0.734199 0.360242 0.258083 0.477823 0.557597 0.79563 0.587025 0.361257 0.309052 0.194238 0.196356 0.904834 0.141968 0.844842 0.609947 0.865323 0.380601 0.953024 0.108409 0.885468 
51 50 29 68 35 12 
0.164782 0.787708 0.430417 0.181664 0.279018 0.502077 0.915863 0.63926 0.76016 0.393686 0.196857 0.55579 0.980711 0.558114 0.864842 0.174949 0.75447 0.769676 0.316917 0.599312 0.379623 0.18224 0.979914 0.332647 0.290649 0.865382 0.863036 0.949272 0.589029 0.846979 0.616539 0.753811 0.634688 0.0469555 0.935476 0.913706 0.549032 0.851339 0.552966 0.309192 0.245025 0.749824 0.864982 0.225736 0.307938 0.729824 0.400686 0.0624082 0.4995 0.717603 0.661721 0.879124 0.899844 0.641634 0.211771 0.190493 0.507016 0.0748066 0.139765 0.096045 0.921786 0.756304 0.849856 0.556474 
52 14 7 62 37 75 
0.0231458 0.661484 0.881696 0.772969 0.526466 0.107432 0.0809071 0.25629 0.508118 0.143315 0.755791 0.225721 0.805036 0.634915 0.125565 0.44667 0.846686 0.316058 0.953687 0.921492 0.455823 0.0497315 0.843278 0.212127 0.899588 0.399752 0.0153864 0.684919 0.869932 0.367678 0.32159 0.893077 0.029162 0.203286 0.666047 0.555628 0.310718 0.746954 0.811919 0.818836 0.890269 0.56771 0.0445575 0.695305 0.202624 0.170122 0.141976 0.0493099 0.48618 0.0956622 0.970802 0.942002 0.145394 0.814081 0.154129 0.0449814 0.213833 0.169516 0.729901 0.0837644 0.537194 0.0514909 0.976842 0.566356 
53 46 66 22 87 23 
0.933903 0.384332 0.280112 0.501613 0.428889 0.975417 0.704237 0.599012 0.117393 0.753547 0.0851912 0.213055 0.724349 0.0271935 0.358449 0.53843 0.181323 0.403431 0.752262 0.350838 0.133331 0.836027 0.888032 0.184822 0.812868 0.454388 0.439599 0.455757 0.576372 0.00509486 0.8456 0.510275 0.389427 0.125712 0.0118872 0.818316 0.101129 0.716124 0.417328 0.218523 0.469671 0.502519 0.431578 0.19402 0.529713 0.790027 0.732449 0.711035 0.193458 0.484711 0.0618736 0.326789 0.320738 0.949906 0.511611 0.133606 0.404293 0.951211 0.589364 0.980665 0.956306 0.434963 0.49094 0.345733 
54 35 29 72 39 32 
0.581377 0.880327 0.688622 0.0838958 0.311905 0.882641 0.613608 0.101933 0.615091 0.324644 0.29539 0.0998022 0.386517 0.622179 0.42054 0.336423 0.133791 0.554147 0.740716 0.0850018 0.14351 0.721381 0.0413076 0.578474 0.212321 0.38704 0.139149 0.715148 0.551089 0.800954 0.934098 0.132466 0.681282 0.62272 0.216361 0.993187 0.505361 0.82997 0.0951197 0.120452 0.154614 0.39051 0.220254 0.541131 0.0126895 0.640795 0.877554 0.14648 0.194941 0.61827 0.231482 0.338451 0.339651 0.27279 0.916925 0.551972 0.65983 0.0560743 0.26712 0.210919 0.857028 0.201218 0.343385 0.53831 
55 11 60 10 43 74 
0.626617 0.449752 0.54433 0.0171269 0.670006 0.0854606 0.0298163 0.310801 0.963015 0.176297 0.505742 0.581285 0.407779 0.844193 0.920936 0.680569 0.761118 0.472908 0.340399 0.817193 0.740027 0.551318 0.674221 0.941245 0.894702 0.212531 0.765183 0.454449 0.744028 0.0944831 0.844165 0.370645 0.544235 0.388494 0.387772 0.214241 0.473955 0.417588 0.525042 0.436969 0.593885 0.0307836 0.0182539 0.00166429 0.874977 0.93919 0.682233 0.636095 0.412097 0.0226322 0.453288 0.152124 0.57395 0.127509 0.0933697 0.468652 0.34004 0.858553 0.923101 0.0840685 0.953036 0.767265 0.454714 0.497271 
56 32 4 49 64 59 
0.236554 0.0666838 0.853959 0.267337 0.0849377 0.855624 0.142314 0.0241272 0.537857 0.778409 0.436224 0.560489 0.231697 0.588349 0.134439 0.359206 0.681718 0.603092 0.699246 0.540271 0.526192 0.783315 0.493308 0.293458 0.238028 0.990579 0.449218 0.0805141 0.702091 0.0789321 0.340588 0.938645 0.145616 0.194547 0.205982 0.230554 0.0501711 0.348296 0.254681 0.588028 0.126706 0.690905 0.148517 0.358403 0.279254 0.282956 0.717609 0.960972 0.886047 0.416855 0.501244 0.41224 0.20017 0.994551 0.705698 0.438198 0.98513 0.154916 0.518712 0.687221 0.233848 0.859301 0.625866 0.379464 
57 88 13 53 22 17 
0.864698 0.692047 0.30685 0.555603 0.840564 0.665253 0.834857 0.12352 0.382862 0.795829 0.00956742 0.799717 0.297073 0.421807 0.999887 0.291624 0.127505 0.438085 0.276754 0.282421 0.956798 0.963975 0.516269 0.816098 0.589841 0.895732 0.869946 0.421689 0.50575 0.973966 0.601833 0.370448 0.666013 0.908683 0.926051 0.506577 0.573936 0.760908 0.630097 0.956797 0.556737 0.639664 0.756514 0.85381 0.0614714 0.756401 0.145434 0.188977 0.194487 0.422189 0.471398 0.151284 0.386164 0.987666 0.967383 0.976005 0.883399 0.837329 0.397694 0.389149 0.811295 0.999527 0.759596 0.477307 
58 78 28 5 13 64 
0.613981 0.438943 0.00329246 0.253645 0.195458 0.857103 0.315116 0.951859 0.00253709 0.504093 0.146346 0.424726 0.975491 0.29763 0.81089 0.963157 0.265012 0.786896 0.846556 0.102341 0.18459 0.235704 0.913636 0.184117 0.995301 0.390943 0.0923273 0.680948 0.374827 0.574473 0.127503 0.988808 0.0134165 0.130796 0.242453 0.208874 0.987898 0.557569 0.160733 0.990435 0.0616615 0.307079 0.415161 0.0371522 0.604709 0.226052 0.000309295 0.869721 0.0129471 0.846865 0.972062 0.197537 0.0825697 0.885698 0.381654 0.0778704 0.276641 0.473981 0.758818 0.651469 0.0484543 0.886322 0.640277 0.0618708 
59 40 66 56 63 19 
0.431478 0.995451 0.501959 0.738557 0.410612 0.539111 0.343265 0.636664 0.539421 0.212986 0.649611 0.386286 0.185048 0.847147 0.468856 0.0707467 0.228801 0.546726 0.347388 0.702783 0.305544 0.998857 0.751237 0.191866 0.639133 0.813108 0.208983 0.521862 0.0838526 0.213998 0.96216 0.515331 0.209449 0.464119 0.253888 0.620061 0.00323081 0.597153 0.256725 0.542652 0.810139 0.906336 0.928938 0.995188 0.753483 0.397793 0.0659344 0.982284 0.944519 0.413322 0.685067 0.250064 0.412179 0.436304 0.441929 0.0513127 0.249412 0.650912 0.573175 0.333264 0.864911 0.535335 0.848595 0.0743602 
60 15 48 3 75 54 
0.951146 0.545337 0.509775 0.857482 0.474274 0.504962 0.610965 0.872068 0.570897 0.59325 0.816587 0.984219 0.278317 0.0666503 0.396399 0.714621 0.50858 0.447711 0.964032 0.159492 0.0208865 0.297296 0.024403 0.556222 0.145891 0.0987632 0.555676 0.248374 0.793185 0.558362 0.94801 0.744331 0.103699 0.457784 0.601813 0.577973 0.962747 0.212778 0.450041 0.533644 0.806028 0.266628 0.517863 0.0843444 0.333278 0.914262 0.798965 0.841858 0.361973 0.762997 0.00134959 0.382859 0.0602933 0.0257526 0.939081 0.206185 0.124516 0.494758 0.454559 0.9177 0.0531193 0.402568 0.662031 0.156818 
61 78 59 23 29 46 
0.184832 0.356743 0.28265 0.45146 0.874606 0.366995 0.784738 0.788867 0.16596 0.626595 0.15084 0.928957 0.627945 0.5337 0.98925 0.653697 0.472781 0.195435 0.778213 0.967539 0.649993 0.695913 0.0206578 0.0525612 0.357945 0.177476 0.912914 0.621789 0.912267 0.736013 0.0984119 0.0970992 0.0927557 0.381062 0.548559 0.967362 0.748057 0.333296 0.756229 0.914017 0.959891 0.907069 0.842973 0.587836 0.440769 0.832223 0.241533 0.91355 0.0276579 0.0197463 0.881089 0.677651 0.71566 0.901747 0.730212 0.0736043 0.0792226 0.643126 0.695394 0.99149 0.379139 0.793805 0.0885889 0.471894 
62 87 10 73 14 52 
0.195485 0.836942 0.930336 0.102554 0.679915 0.518172 0.543323 0.512138 0.759705 0.456874 0.539796 0.779451 0.337963 0.217447 0.495111 0.239709 0.94766 0.568715 0.318932 0.590785 0.264109 0.310422 0.969924 0.0579143 0.399011 0.441818 0.232782 0.0361584 0.881074 0.155707 0.00660256 0.0765585 0.992648 0.936938 0.179113 0.672563 0.45511 0.722436 0.184702 0.214815 0.17931 0.724498 0.994266 0.517273 0.941945 0.489377 0.756982 0.889605 0.0580926 0.075914 0.48039 0.322201 0.386336 0.450314 0.380116 0.785346 0.892132 0.612898 0.821505 0.773206 0.768605 0.828107 0.849765 0.761253 
63 53 58 36 46 29 
0.618518 0.43497 0.930623 0.343016 0.429237 0.447896 0.284962 0.918614 0.204878 0.174567 0.976707 0.280792 0.654957 0.298908 0.667127 0.105271 0.679024 0.452474 0.997403 0.291922 0.273978 0.770609 0.060526 0.102086 0.620374 0.821779 0.867131 0.649251 0.255595 0.0872864 0.400564 0.874113 0.522257 0.331187 0.21713 0.951494 0.779083 0.502091 0.870108 0.983961 0.676658 0.846815 0.264753 0.331615 0.145723 0.93188 0.436886 0.824747 0.384354 0.434289 0.116668 0.658332 0.204898 0.177194 0.760418 0.825272 0.998973 0.627549 0.474522 0.254569 0.714835 0.875087 0.128682 0.237092 
64 0 21 6 15 48 
0.0586935 0.969318 0.524561 0.905508 0.234071 0.856175 0.051231 0.165951 0.293061 0.875978 0.550304 0.72735 0.992646 0.208637 0.932247 0.16984 0.969054 0.757519 0.168814 0.596603 0.232041 0.423382 0.311438 0.107128 0.552064 0.54853 0.313402 0.897876 0.737116 0.298759 0.745779 0.795809 0.268077 0.27034 0.701317 0.502147 0.126515 0.752548 0.668098 0.419576 0.628526 0.218403 0.146926 0.621172 0.427039 0.0791731 0.791012 0.396094 0.836692 0.959826 0.992697 0.0687335 0.383208 0.304135 0.175861 0.935272 0.852665 0.489263 0.833148 0.58978 0.788022 0.578927 0.385589 0.0560991 
65 73 45 27 71 33 
0.395358 0.467981 0.444747 0.542284 0.0891525 0.871786 0.621457 0.880165 0.26788 0.458149 0.839991 0.260577 0.526882 0.223198 0.564711 0.702744 0.158471 0.417376 0.192007 0.991619 0.00715614 0.980029 0.570546 0.392745 0.0361284 0.419812 0.479652 0.594375 0.395594 0.319106 0.82072 0.790952 0.787087 0.265467 0.333236 0.876239 0.137253 0.954692 0.756404 0.405133 0.412841 0.596395 0.66571 0.939724 0.819593 0.230421 0.642467 0.978064 0.647797 0.834474 0.969682 0.654953 0.814504 0.540228 0.0476987 0.850632 0.96004 0.52735 0.445007 0.355634 0.846457 0.265727 0.146586 0.633543 
66 4 56 36 76 50 
0.266187 0.0735804 0.847356 0.862581 0.73929 0.787079 0.682174 0.969712 0.429547 0.660238 0.617509 0.264021 0.62992 0.272462 0.0785245 0.170148 0.320161 0.929157 0.130187 0.847512 0.374164 0.485821 0.693968 0.63989 0.632408 0.327512 0.171084 0.112229 0.837294 0.839531 0.546743 0.103481 0.913112 0.394099 0.966063 0.652402 0.181178 0.648237 0.622114 0.610725 0.308475 0.239623 0.874746 0.938395 0.512085 0.95327 0.108542 0.832246 0.882427 0.23873 0.679758 0.25659 0.724551 0.373726 0.896481 0.356959 0.701238 0.0675651 0.469188 0.538532 0.907096 0.0159313 0.642014 0.820208 
67 45 36 1 8 14 
0.0947238 0.201933 0.564788 0.334347 0.0766786 0.503182 0.846432 0.0299487 0.611724 0.678678 0.912375 0.850454 0.358436 0.168966 0.575005 0.732162 0.0654467 0.931964 0.4334 0.133012 0.401152 0.971932 0.0401081 0.417083 0.613946 0.860316 0.827113 0.222022 0.332926 0.418322 0.478335 0.42765 0.620255 0.0431224 0.761996 0.696933 0.546305 0.608428 0.726882 0.158029 0.287106 0.639257 0.00848287 0.645542 0.808223 0.583488 0.377704 0.87367 0.515452 0.811104 0.00668178 0.916603 0.783037 0.0467899 0.333686 0.396982 0.907106 0.160799 0.619004 0.240032 0.579121 0.0973388 0.667682 0.199375 
68 76 46 37 57 54 
0.623191 0.844795 0.325213 0.262448 0.853277 0.970755 0.0706714 0.436765 0.34846 0.944341 0.952217 0.159564 0.951023 0.86882 0.9426 0.997813 0.202506 0.339583 0.904919 0.363305 0.958587 0.144951 0.942426 0.0559255 0.812633 0.141801 0.196387 0.242311 0.0381098 0.883152 0.280418 0.661301 0.727947 0.605631 0.923749 0.581224 0.576386 0.99442 0.0179897 0.924846 0.938761 0.970207 0.0844096 0.889785 0.839027 0.02701 0.887598 0.0415325 0.366593 0.792517 0.404837 0.325179 0.937468 0.347263 0.381105 0.750101 0.489064 0.577491 0.992412 0.527174 0.460644 0.27283 0.188475 0.188591 
69 48 85 83 76 46 
0.787805 0.379692 0.0454047 0.758011 0.464102 0.935189 0.597038 0.491112 0.822787 0.638571 0.857705 0.615303 0.0434081 0.182884 0.552771 0.390671 0.563989 0.302872 0.879735 0.141481 0.295283 0.40691 0.602124 0.568113 0.595384 0.790715 0.446574 0.707607 0.56053 0.901421 0.814251 0.348335 0.281114 0.859656 0.106346 0.745216 0.794845 0.703384 0.236328 0.617632 0.341955 0.0940325 0.232935 0.385363 0.276917 0.785706 0.776034 0.840906 0.0885773 0.65577 0.982386 0.383861 0.0626792 0.58451 0.951974 0.658063 0.375225 0.398548 0.365671 0.935755 0.29997 0.179922 0.28409 0.581083 
70 41 73 32 21 51 
0.562627 0.452053 0.435775 0.656659 0.684988 0.821138 0.933576 0.470694 0.597173 0.774481 0.559271 0.252942 0.756868 0.943132 0.315622 0.341378 0.895106 0.973685 0.716603 0.293655 0.339356 0.652359 0.593624 0.519277 0.936449 0.174708 0.558854 0.326885 0.501007 0.393276 0.420706 0.0636332 0.845329 0.856481 0.720292 0.530317 0.67762 0.653868 0.00101144 0.274792 0.428349 0.560283 0.527735 0.185217 0.503415 0.843356 0.526595 0.398521 0.817041 0.243198 0.692176 0.156397 0.895557 0.2858 0.675674 0.832006 0.460508 0.234528 0.158892 0.961514 0.627804 0.579597 0.0251475 0.473133 
71 10 56 51 60 19 
0.00446217 0.38849 0.827657 0.564745 0.916225 0.0128741 0.0681596 0.759581 0.539469 0.466681 0.576622 0.782668 0.158856 0.733019 0.678225 0.444656 0.408693 0.510231 0.905164 0.643221 0.669123 0.866678 0.271024 0.24872 0.891826 0.744158 0.684799 0.637266 0.747608 0.798497 0.0365735 0.752071 0.186987 0.864231 0.316815 0.103212 0.877105 0.384975 0.862793 0.416574 0.851656 0.439415 0.199241 0.0105119 0.172434 0.877466 0.455168 0.581127 0.387697 0.360332 0.224347 0.05682 0.227011 0.495372 0.30554 0.118837 0.239529 0.990339 0.756103 0.987138 0.788835 0.792676 0.739208 0.975823 
72 61 78 74 29 27 
0.950585 0.292655 0.381243 0.149827 0.303166 0.553677 0.0272928 0.758335 0.134804 0.41499 0.118667 0.359151 0.47181 0.345678 0.854523 0.77735 0.464515 0.0940521 0.767689 0.220618 0.0811899 0.556524 0.0132941 0.820398 0.532346 0.670201 0.876422 0.611381 0.204213 0.317421 0.553209 0.154798 0.610076 0.934452 0.304625 0.913242 0.48813 0.331917 0.671577 0.622934 0.746907 0.790244 0.982085 0.218717 0.135923 0.836608 0.996068 0.600438 0.93066 0.763756 0.821056 0.0118499 0.32028 0.83435 0.832248 0.852626 0.504551 0.708671 0.464007 0.708763 0.0260918 0.0172166 0.863561 0.636168 
73 68 56 60 13 34 
0.220987 0.0627329 0.247011 0.0112315 0.044818 0.465728 0.147154 0.881426 0.461796 0.747592 0.812086 0.225552 0.568648 0.823936 0.545832 0.402998 0.656184 0.398458 0.907549 0.364855 0.862466 0.616312 0.390946 0.879682 0.479874 0.0271141 0.831351 0.648059 0.576524 0.27115 0.148163 0.797511 0.333883 0.395173 0.808743 0.378701 0.860901 0.955897 0.260127 0.322697 0.703489 0.0722127 0.548249 0.272137 0.896148 0.0940803 0.675135 0.552332 0.492538 0.582683 0.917187 0.355004 0.198996 0.308134 0.234686 0.678869 0.335248 0.0660371 0.326929 0.911772 0.337187 0.475091 0.709283 0.67107 
74 5 31 45 82 9 
0.053863 0.177411 0.382111 0.602112 0.449548 0.278259 0.696192 0.124683 0.830592 0.18873 0.707366 0.747779 0.543734 0.906362 0.0559126 0.77842 0.585231 0.39116 0.844457 0.91216 0.302932 0.181644 0.387251 0.0122152 0.852715 0.257516 0.530241 0.902486 0.988682 0.00416335 0.212384 0.0425451 0.181575 0.594495 0.644657 0.631123 0.872755 0.340849 0.755805 0.703347 0.529579 0.463171 0.451126 0.0733131 0.369533 0.507038 0.851733 0.954764 0.898199 0.69619 0.866924 0.201131 0.877835 0.254175 0.213346 0.73055 0.511691 0.743587 0.633036 0.500373 0.74775 0.84542 0.542918 0.929325 
75 17 76 69 34 68 
0.316253 0.016017 0.0580026 0.779424 0.467143 0.131316 0.148957 0.974181 0.983049 0.103721 0.872379 0.679239 0.970645 0.07351 0.557074 0.22482 0.286856 0.287623 0.736511 0.0304425 0.920659 0.236884 0.778193 0.766079 0.779802 0.707517 0.205995 0.967377 0.267965 0.518665 0.4958 0.584217 0.534682 0.553803 0.363642 0.00182477 0.685119 0.512599 0.976006 0.668167 0.61632 0.848385 0.347406 0.586964 0.921895 0.90448 0.811784 0.208751 0.192103 0.548295 0.239193 0.112762 0.785179 0.0173857 0.878842 0.564981 0.724903 0.0848364 0.532358 0.992868 0.603502 0.0281584 0.577085 0.138184 
76 59 52 23 37 39 
0.116014 0.935247 0.069645 0.964399 0.282654 0.656609 0.886294 0.187134 0.468394 0.0950445 0.379237 0.0166887 0.334238 0.492 0.801868 0.351623 0.370841 0.366849 0.0765263 0.455678 0.899207 0.069394 0.0591791 0.927365 0.646479 0.197363 0.509326 0.587206 0.337371 0.776407 0.0405312 0.453386 0.711654 0.110176 0.417785 0.994308 0.766786 0.304078 0.181442 0.235179 0.399123 0.560679 0.251868 0.733361 0.0526786 0.0537357 0.084984 0.42352 0.420584 0.16151 0.879197 0.319791 0.230904 0.938376 0.247156 0.877384 0.135739 0.756483 0.464589 0.473111 0.532889 0.505121 0.926496 0.244543 
77 51 28 55 31 52 
0.420293 0.617262 0.0474825 0.980972 0.86913 0.780843 0.0336505 0.922865 0.865827 0.45717 0.34345 0.0273373 0.336368 0.663241 0.258242 0.274744 0.910397 0.135625 0.410483 0.666879 0.600215 0.883594 0.199768 0.105335 0.810091 0.444311 0.720632 0.154372 0.683162 0.102714 0.802731 0.103455 0.719976 0.850214 0.0844272 0.589105 0.631057 0.118078 0.511971 0.496884 0.575248 0.85542 0.524221 0.911616 0.518661 0.782463 0.18636 0.429058 0.918088 0.596843 0.0959367 0.518303 0.480437 0.295705 0.623638 0.290528 0.740016 0.34427 0.4449 0.423179 0.446984 0.247631 0.526634 0.16696 
78 9 74 64 22 33 
0.268036 0.225786 0.304387 0.123457 0.750007 0.216003 0.642118 0.53247 0.402362 0.0711751 0.450558 0.999206 0.167112 0.968861 0.479643 0.462817 0.592499 0.770171 0.202833 0.936769 0.215071 0.626012 0.383753 0.462703 0.152646 0.550713 0.560548 0.763707 0.306779 0.28945 0.492846 0.574815 0.515236 0.797233 0.698272 0.265243 0.0132358 0.34039 0.797713 0.415598 0.411565 0.248271 0.414804 0.578677 0.217132 0.894447 0.0414935 0.809631 0.664618 0.244327 0.746399 0.879689 0.870339 0.130152 0.342392 0.0229845 0.680865 0.90294 0.786692 0.987644 0.19239 0.279538 0.562459 0.707626 
79 11 17 72 63 6 
0.0126863 0.0188534 0.920409 0.591363 0.235985 0.814855 0.632857 0.0456159 0.479473 0.877183 0.792015 0.359163 0.747522 0.922167 0.701555 0.770506 0.603032 0.604494 0.557198 0.590676 0.796884 0.836736 0.153135 0.50451 0.913507 0.413867 0.477379 0.00351372 0.0149883 0.247962 0.509119 0.0276746 0.266815 0.429527 0.619038 0.5028 0.244383 0.251894 0.548416 0.723856 0.129077 0.340431 0.0830189 0.876599 0.262598 0.784574 0.647106 0.86563 0.389068 0.204304 0.456306 0.185952 0.0410397 0.609441 0.690463 0.954547 0.023308 0.167842 0.95806 0.0382963 0.415804 0.467179 0.0659708 0.682619 
80 84 65 75 46 34 
0.733835 0.864946 0.06598 0.0742666 0.947965 0.942579 0.336865 0.732538 0.589685 0.202495 0.121606 0.793989 0.6588 0.307559 0.835028 0.268242 0.998021 0.789575 0.29155 0.165863 0.747635 0.329846 0.581667 0.214814 0.395817 0.264286 0.111521 0.0808252 0.449705 0.25261 0.0177278 0.18354 0.117556 0.0837078 0.257807 0.0655204 0.0262871 0.594672 0.798059 0.615972 0.797166 0.919665 0.409961 0.455967 0.227223 0.244989 0.724208 0.225245 0.0345639 0.015758 0.391108 0.782199 0.345604 0.972775 0.997013 0.741421 0.237061 0.108534 0.822246 0.686766 0.361144 0.839974 0.870306 0.4787 
81 13 19 76 8 6 
0.565941 0.519951 0.261944 0.975901 0.975918 0.489167 0.22089 0.700126 0.714411 0.255454 0.715884 0.10552 0.0376532 0.061488 0.0782946 0.0346665 0.802909 0.315356 0.143201 0.625155 0.00212144 0.504345 0.465129 0.872428 0.983045 0.38881 0.000540616 0.527265 0.338779 0.723325 0.869544 0.90472 0.243276 0.131488 0.880621 0.219194 0.620655 0.101511 0.91932 0.335066 0.356965 0.635204 0.440586 0.394618 0.696692 0.518881 0.429285 0.499601 0.834236 0.572486 0.124756 0.836358 0.0768305 0.589884 0.708785 0.0598754 0.978695 0.709326 0.587141 0.317474 0.432651 0.456685 0.222193 0.675927 
82 63 5 70 55 30 
0.814441 0.543894 0.561291 0.449644 0.98448 0.955909 0.146336 0.503361 0.385194 0.645937 0.337597 0.957679 0.770693 0.173954 0.0345099 0.360577 0.88274 0.0943853 0.339271 0.592065 0.681526 0.656745 0.0247162 0.138211 0.878938 0.700643 0.726384 0.981752 0.595764 0.935212 0.186078 0.410205 0.479107 0.747368 0.859849 0.463587 0.703277 0.0061856 0.966948 0.0884711 0.652123 0.304545 0.0461505 0.422815 0.478499 0.0806604 0.783392 0.361238 0.175046 0.122664 0.953304 0.856572 0.779409 0.97802 0.994783 0.658347 0.678663 0.721168 0.640099 0.274427 0.65638 0.826177 0.684632 0.135487 
83 80 85 86 2 5 
0.566021 0.365294 0.20279 0.870566 0.411444 0.625605 0.349065 0.492105 0.408997 0.710303 0.667151 0.531661 0.663607 0.523723 0.311069 0.641627 0.518506 0.969416 0.32029 0.239673 0.609516 0.594717 0.896053 0.435693 0.27935 0.0315397 0.0092383 0.823831 0.630613 0.286061 0.374498 0.196634 0.651355 0.577288 0.0671999 0.0627996 0.202893 0.416264 0.554905 0.61189 0.126568 0.222055 0.143551 0.790174 0.745778 0.45462 0.431801 0.264284 0.424036 0.752091 0.503957 0.0335517 0.346808 0.40001 0.469244 0.626158 0.43155 0.478483 0.449989 0.0621629 0.764544 0.824487 0.258797 0.415899 
84 74 23 26 83 54 
0.0336031 0.216558 0.868829 0.255658 0.360108 0.659003 0.00143618 0.814728 0.0908042 0.26572 0.238764 0.842895 0.769677 0.272316 0.189703 0.169687 0.741561 0.815861 0.601237 0.220043 0.26585 0.6634 0.984587 0.0903365 0.922197 0.400486 0.492111 0.248194 0.879185 0.0967791 0.990455 0.912788 0.313337 0.859284 0.168446 0.673445 0.518287 0.169882 0.488174 0.609091 0.435602 0.726938 0.451987 0.205279 0.999254 0.64169 0.374966 0.740815 0.457551 0.976203 0.960858 0.7234 0.639602 0.945445 0.813737 0.561799 0.345931 0.305848 0.809992 0.225116 0.402627 0.800448 0.137904 0.715964 
85 4 45 58 44 7 
0.78711 0.911835 0.604521 0.239097 0.117114 0.603775 0.880787 0.492079 0.34459 0.338337 0.468282 0.305448 0.0617374 0.107884 0.250893 0.875474 0.669683 0.596825 0.181322 0.479676 0.821941 0.58395 0.280123 0.959845 0.299914 0.939855 0.266195 0.689323 0.117874 0.742427 0.566906 0.904984 0.654262 0.171427 0.144081 0.771376 0.775202 0.0248673 0.263455 0.119791 0.363204 0.731737 0.425239 0.424942 0.839621 0.676132 0.300416 0.509305 0.272957 0.481738 0.98898 0.0948977 0.0656877 0.269103 0.0547425 0.365601 0.208958 0.320938 0.0549242 0.326832 0.063365 0.62183 0.231816 0.717627 
86 59 12 33 83 62 
0.688249 0.763968 0.484195 0.113488 0.18891 0.323816 0.789621 0.489326 0.833121 0.0625775 0.971064 0.822101 0.157475 0.0367515 0.0912042 0.212218 0.402353 0.300162 0.533155 0.457277 0.626994 0.59652 0.0791068 0.85881 0.314147 0.872363 0.234706 0.80315 0.440821 0.63547 0.555607 0.12907 0.399438 0.0398018 0.242559 0.588348 0.363618 0.0321795 0.0776733 0.196738 0.0947571 0.0487371 0.0188391 0.252232 0.0854886 0.110043 0.46445 0.487841 0.410206 0.997605 0.945118 0.0372 0.594125 0.024225 0.89601 0.908273 0.896588 0.130716 0.711422 0.337409 0.766186 0.26703 0.46648 0.165624 
87 14 22 27 86 2 
0.831645 0.867188 0.835975 0.880382 0.886027 0.0882076 0.965871 0.99607 0.552658 0.453712 0.406276 0.550263 0.39883 0.443476 0.144388 0.423055 0.339486 0.0526609 0.319643 0.470202 0.764083 0.657053 0.236388 0.0311128 0.123533 0.402011 0.337944 0.832571 0.155983 0.0083933 0.573789 0.987628 0.875581 0.409765 0.86801 0.761607 0.497972 0.833881 0.757678 0.0506299 0.287593 0.163953 0.600893 0.686423 0.607429 0.745281 0.109478 0.946915 0.797942 0.429121 0.417116 0.562025 0.0861742 0.653504 0.593138 0.209707 0.0555154 0.931082 0.0422781 0.211498 0.939475 0.616068 0.199126 0.815056 
88 15 31 51 8 64 
0.334341 0.574435 0.18861 0.498294 0.175327 0.875033 0.105724 0.920608 0.984511 0.0526382 0.71855 0.413632 0.469754 0.280575 0.499806 0.123258 0.873713 0.709513 0.178774 0.804795 0.751791 0.390272 0.744271 0.367859 0.589399 0.559327 0.393691 0.656535 0.13599 0.917496 0.557552 0.470332 0.491931 0.746162 0.968626 0.667258 0.621194 0.0743495 0.587866 0.605705 0.126988 0.306416 0.0193374 0.596742 0.586991 0.519144 0.720001 0.460705 0.228657 0.898774 0.2655 0.980448 0.289047 0.00977031 0.348307 0.878445 0.569097 0.741999 0.53498 0.705087 0.659495 0.0925325 0.175419 0.151425 
89 9 32 81 22 19 
0.406549 0.065594 0.345382 0.712965 0.0849314 0.942124 0.299957 0.604075 0.662125 0.760661 0.832732 0.560899 0.0261608 0.813181 0.849946 0.0359312 0.161488 0.728391 0.605028 0.903487 0.263371 0.310116 0.562981 0.355904 0.485535 0.714406 0.194598 0.62958 0.533089 0.654487 0.847974 0.939638 0.720081 0.193356 0.652603 0.805012 0.13548 0.95256 0.409087 0.797605 0.713221 0.24182 0.358504 0.739382 0.0550003 0.20845 0.775313 0.216488 0.93684 0.380341 0.119975 0.200211 0.690457 0.682956 0.556115 0.175991 0.397362 0.750713 0.805571 0.930451 0.4052 0.653545 0.870089 0.125281 
