18 4
1 0 1 0 0 0 1 0 0 1 0 1 1 0 0 1 1 1 
0 7 6 15 
0.100265 0.438322 0.164682 0.202431 0.574369 0.0302595 0.651981 0.131133 0.949664 0.99264 0.104816 0.84709 0.204834 0.316231 0.201519 0.0551899 
1 11 17 16 
0.442206 0.706769 0.656705 0.0347909 0.916878 0.489255 0.405169 0.191171 0.901093 0.407539 0.507724 0.00135815 0.845862 0.672405 0.20379 0.420231 
2 13 12 7 
0.652329 0.848411 0.656179 0.499419 0.0532445 0.97241 0.700938 0.108434 0.678696 0.777741 0.461415 0.375186 0.219946 0.168184 0.0318907 0.254737 
3 4 5 8 
0.276232 0.422239 0.0674453 0.783956 0.423597 0.913307 0.456361 0.627387 0.333538 0.159026 0.483158 0.884902 0.811355 0.331568 0.541082 0.310774 
4 6 1 11 
0.493247 0.192188 0.789452 0.954662 0.567374 0.00939862 0.122846 0.599264 0.264136 0.207907 0.12041 0.924042 0.48414 0.54265 0.991487 0.268096 
5 6 13 4 
0.593634 0.238333 0.883483 0.0767915 0.123235 0.694838 0.40836 0.664316 0.00561169 0.793173 0.177808 0.0173233 0.28642 0.369996 0.806776 0.241082 
6 12 5 0 
0.08031 0.571835 0.657044 0.00435181 0.0559745 0.199694 0.995839 0.32407 0.16594 0.900633 0.0485271 0.759574 0.138966 0.93201 0.836366 0.262201 
7 14 13 1 
0.63246 0.0378983 0.104325 0.649783 0.324318 0.47432 0.456559 0.5654 0.41169 0.272733 0.929328 0.948323 0.353043 0.501163 0.605367 0.357395 
8 5 6 16 
0.881207 0.971001 0.253867 0.929735 0.730575 0.392833 0.861745 0.566941 0.655033 0.488593 0.811667 0.58155 0.121053 0.849565 0.685875 0.770836 
9 14 3 12 
0.739283 0.571885 0.500128 0.668611 0.520208 0.853171 0.169774 0.125575 0.210566 0.726911 0.930636 0.5638 0.608119 0.901637 0.817667 0.537853 
10 13 5 1 
0.199154 0.865533 0.888191 0.0108208 0.447083 0.00924458 0.860386 0.132958 0.780081 0.0342694 0.293153 0.00747628 0.773553 0.865038 0.507605 0.442164 
11 15 10 9 
0.510821 0.571342 0.33885 0.441457 0.135142 0.946969 0.343095 0.952809 0.484822 0.975307 0.163309 0.88442 0.174461 0.0288415 0.772612 0.185282 
12 16 2 5 
0.608883 0.561937 0.0799371 0.902036 0.569414 0.85349 0.767074 0.0770182 0.295654 0.15232 0.437794 0.907592 0.663142 0.00913616 0.246442 0.104599 
13 9 1 3 
0.0970871 0.678233 0.423001 0.260396 0.562653 0.597462 0.289237 0.335265 0.782743 0.765162 0.117121 0.828411 0.374044 0.679058 0.908348 0.27608 
14 5 17 0 
0.32549 0.0574921 0.195474 0.763284 0.965084 0.858616 0.77242 0.211526 0.963215 0.916699 0.404937 0.410908 0.0137856 0.0831694 0.833909 0.274181 
15 5 6 2 
0.981087 0.214114 0.32858 0.0982077 0.0425249 0.702624 0.777266 0.950873 0.978704 0.0257379 0.712711 0.0218582 0.351228 0.770203 0.217332 0.114512 
16 3 12 8 
0.946814 0.0391624 0.803631 0.351751 0.450071 0.817417 0.43492 0.283979 0.0915979 0.0807423 0.71535 0.655016 0.0618291 0.929464 0.983597 0.160037 
17 1 16 0 
0.922862 0.664925 0.963041 0.635573 0.686783 0.314269 0.405776 0.904116 0.428781 0.141063 0.980063 0.315713 0.0878774 0.0192257 0.119344 0.439628 
