25 1
0 1 1 0 0 0 0 0 0 0 1 1 0 1 1 0 1 0 1 1 0 0 0 1 1 
0 
0.371857 0.870751 
1 
0.837621 0.17893 
2 
0.940687 0.811355 
3 
0.60037 0.888562 
4 
0.86107 0.339768 
5 
0.525025 0.150525 
6 
0.709338 0.154592 
7 
0.820722 0.641067 
8 
0.134709 0.4697 
9 
0.0281064 0.309262 
10 
0.104493 0.431871 
11 
0.692093 0.805918 
12 
0.988185 0.492321 
13 
0.442308 0.458566 
14 
0.682632 0.71744 
15 
0.21545 0.054489 
16 
0.588191 0.0530714 
17 
0.233419 0.528878 
18 
0.864426 0.833789 
19 
0.41744 0.725496 
20 
0.173557 0.942465 
21 
0.876021 0.882895 
22 
0.0970571 0.696742 
23 
0.523962 0.231766 
24 
0.166442 0.552069 
