89 6
1 1 0 1 1 0 1 0 1 1 1 1 1 0 1 1 1 1 0 0 0 1 0 1 0 0 0 0 0 0 0 0 1 0 0 1 1 1 0 1 1 0 0 1 0 0 1 0 0 0 1 0 0 0 0 0 0 1 1 1 0 0 0 0 1 1 1 1 1 0 0 1 0 1 1 1 0 0 0 0 1 1 1 1 0 0 0 1 0 
0 9 37 62 79 29 
0.936523 0.820643 0.0566388 0.18922 0.220779 0.183136 0.541918 0.220202 0.0640662 0.935672 0.305194 0.374967 0.677292 0.717928 0.374582 0.82123 0.145886 0.397103 0.992441 0.156257 0.884346 0.189446 0.00796748 0.977997 0.48794 0.00841493 0.0526886 0.611715 0.0708961 0.324512 0.496423 0.00741901 0.145155 0.553062 0.196639 0.365934 0.736198 0.738557 0.586136 0.800264 0.674229 0.89133 0.175231 0.351521 0.609257 0.549813 0.172751 0.755144 0.946916 0.165192 0.911401 0.831262 0.354637 0.919368 0.80926 0.842577 0.927783 0.861948 0.454292 0.998679 0.18646 0.950715 0.00609807 0.331615 
1 44 46 74 58 82 
0.283684 0.040238 0.615524 0.175014 0.215469 0.967045 0.784271 0.765282 0.139796 0.539414 0.712199 0.304987 0.450815 0.543461 0.659625 0.370183 0.35272 0.502202 0.297966 0.214669 0.956494 0.296645 0.401129 0.907208 0.302743 0.732743 0.410985 0.50548 0.430291 0.650959 0.446775 0.713975 0.691197 0.0622991 0.888989 0.906666 0.0293436 0.67326 0.671948 0.169139 0.212674 0.384147 0.474126 0.663489 0.927608 0.133751 0.0336716 0.280328 0.635953 0.331637 0.494997 0.592446 0.628282 0.896125 0.499655 0.931025 0.628868 0.910639 0.436506 0.0591595 0.561598 0.883281 0.773135 0.252795 
2 28 27 58 74 46 
0.144063 0.548057 0.215555 0.618189 0.211546 0.143163 0.75194 0.245217 0.423491 0.387893 0.576855 0.918488 0.980339 0.205137 0.814613 0.479994 0.136162 0.443482 0.390633 0.572668 0.502641 0.952231 0.455948 0.275776 0.205025 0.401528 0.937899 0.364486 0.376452 0.273283 0.195894 0.520514 0.82134 0.411449 0.138703 0.0328854 0.554612 0.890643 0.278103 0.978104 0.278536 0.854958 0.896591 0.258875 0.0600946 0.711205 0.738869 0.196257 0.154686 0.129502 0.768925 0.657327 0.0817327 0.224873 0.933103 0.286758 0.626401 0.871003 0.651244 0.00285273 0.144285 0.847138 0.523367 0.965625 
3 81 54 30 57 83 
0.276613 0.791303 0.831249 0.131571 0.687894 0.0901243 0.191665 0.399099 0.828993 0.387922 0.553785 0.958496 0.156846 0.211113 0.0402282 0.381719 0.144216 0.326986 0.00812062 0.015219 0.97823 0.0109733 0.159504 0.825367 0.53434 0.125129 0.0839543 0.19641 0.12364 0.897154 0.749123 0.400253 0.688457 0.580372 0.531823 0.376351 0.670496 0.723488 0.77545 0.49949 0.11141 0.329236 0.457985 0.268257 0.540348 0.498214 0.649976 0.684565 0.8252 0.658097 0.699784 0.803429 0.66907 0.859288 0.628797 0.203411 0.984417 0.712751 0.399821 0.108057 0.609905 0.148944 0.50831 0.298361 
4 6 2 66 76 49 
0.875032 0.779398 0.357287 0.143289 0.319747 0.855501 0.793265 0.0043112 0.6807 0.451362 0.704095 0.48413 0.120433 0.563383 0.112926 0.323843 0.5478 0.825677 0.723664 0.655857 0.435582 0.872607 0.164167 0.733943 0.601923 0.2043 0.408656 0.00173468 0.967921 0.858818 0.901036 0.842953 0.638216 0.258323 0.986242 0.957963 0.113824 0.779507 0.962274 0.794524 0.230869 0.666369 0.278654 0.351302 0.229752 0.39158 0.675145 0.777552 0.217258 0.398808 0.433409 0.65284 0.271415 0.597576 0.386783 0.873338 0.801875 0.795438 0.875073 0.769796 0.654256 0.776109 0.612749 0.292472 
5 65 44 55 28 19 
0.212709 0.942781 0.609366 0.879077 0.221435 0.960668 0.108829 0.613016 0.635813 0.886381 0.830274 0.0346209 0.31979 0.483113 0.306036 0.917365 0.869896 0.179375 0.71924 0.665334 0.0544475 0.489037 0.31959 0.830557 0.101786 0.612063 0.86499 0.700776 0.862498 0.0132466 0.0792736 0.0752066 0.956028 0.68864 0.954284 0.177463 0.649308 0.063113 0.790479 0.285121 0.949494 0.620753 0.319741 0.269283 0.103866 0.625778 0.186648 0.973762 0.805152 0.905889 0.639096 0.8596 0.394925 0.958687 0.690157 0.496711 0.570749 0.555146 0.197487 0.433247 0.568393 0.276761 0.508454 0.524421 
6 81 46 9 83 14 
0.492364 0.899829 0.475344 0.113117 0.219571 0.744628 0.216983 0.845348 0.931276 0.190745 0.650501 0.837165 0.829841 0.510101 0.232091 0.788527 0.200257 0.728802 0.359277 0.755404 0.926289 0.792524 0.323797 0.20305 0.300978 0.848217 0.16845 0.763715 0.550102 0.783159 0.289566 0.0424654 0.682988 0.764911 0.155582 0.902559 0.509538 0.372565 0.747907 0.440815 0.563309 0.398408 0.27798 0.39315 0.908509 0.51007 0.181677 0.108766 0.238872 0.540954 0.86417 0.165161 0.333478 0.187966 0.36821 0.634455 0.0361837 0.53666 0.398171 0.586285 0.319819 0.687737 0.628751 0.00280757 
7 76 83 43 85 2 
0.653274 0.403 0.720207 0.0516821 0.68098 0.113357 0.960191 0.19105 0.295034 0.0689572 0.429922 0.835988 0.933127 0.595083 0.169465 0.121093 0.963293 0.80392 0.157277 0.499953 0.202091 0.743563 0.819772 0.889828 0.372313 0.82258 0.342475 0.156646 0.727947 0.304661 0.313544 0.38122 0.707661 0.033751 0.432903 0.388641 0.147108 0.393094 0.579691 0.442142 0.462051 0.00961358 0.278129 0.395178 0.604696 0.447595 0.516271 0.567989 0.251515 0.673548 0.0679422 0.453606 0.417111 0.887715 0.343434 0.789424 0.710295 0.685909 0.946071 0.438241 0.99057 0.259615 0.819462 0.698231 
8 83 57 72 54 78 
0.666563 0.882615 0.107509 0.676177 0.160745 0.502686 0.280873 0.608339 0.0189578 0.848862 0.859855 0.692506 0.916804 0.313461 0.109617 0.804519 0.656894 0.899042 0.514814 0.342803 0.845112 0.953055 0.333373 0.104727 0.772516 0.0316035 0.398093 0.0248806 0.118475 0.838567 0.670338 0.785038 0.721183 0.777847 0.461215 0.881927 0.280533 0.742088 0.490267 0.299491 0.59095 0.350121 0.991997 0.507755 0.663582 0.101614 0.312274 0.320476 0.000656087 0.827087 0.66328 0.845769 0.780142 0.996652 0.950496 0.552658 0.0282559 0.348589 0.577539 0.146731 0.187156 0.247877 0.931769 0.908339 
9 4 65 69 57 88 
0.280533 0.605749 0.726023 0.630654 0.597746 0.233778 0.294236 0.699361 0.546051 0.614713 0.700017 0.373138 0.277992 0.545785 0.15328 0.274645 0.496281 0.705939 0.302901 0.844871 0.283478 0.449632 0.0320268 0.531355 0.381401 0.940366 0.557079 0.774386 0.730632 0.863337 0.909458 0.0111648 0.469086 0.635481 0.641819 0.0668321 0.869259 0.936056 0.766193 0.41531 0.550769 0.46621 0.788448 0.828761 0.0119951 0.941729 0.103406 0.508276 0.647668 0.406306 0.353147 0.931146 0.855938 0.385174 0.462501 0.237339 0.325539 0.01958 0.0117245 0.0561712 0.882917 0.921183 0.067336 0.352003 
10 74 44 16 38 11 
0.185028 0.841233 0.19598 0.651238 0.629682 0.0247404 0.663233 0.57141 0.128146 0.171509 0.219078 0.534452 0.524656 0.150224 0.39039 0.90983 0.612724 0.627729 0.235369 0.632304 0.639453 0.29154 0.515221 0.560636 0.358876 0.867224 0.1173 0.0680317 0.286059 0.543223 0.713243 0.471087 0.384456 0.909222 0.122325 0.0141378 0.933963 0.785558 0.585548 0.0621087 0.957067 0.804627 0.596561 0.481723 0.95485 0.986951 0.391552 0.567575 0.61468 0.626922 0.199879 0.254133 0.918462 0.7151 0.814769 0.277338 0.582325 0.932069 0.34537 0.868384 0.475292 0.0586128 0.339471 0.859749 
11 49 85 55 88 81 
0.459435 0.963906 0.20442 0.264061 0.560467 0.686143 0.218912 0.547418 0.0776954 0.786486 0.162097 0.704617 0.986365 0.41623 0.623079 0.701466 0.230999 0.900417 0.283791 0.163069 0.245788 0.152175 0.638361 0.3044 0.491646 0.49811 0.272235 0.953442 0.371997 0.174033 0.200796 0.831431 0.13794 0.405216 0.0954929 0.698407 0.0913593 0.314405 0.245825 0.169055 0.100891 0.407922 0.873672 0.0872564 0.824153 0.496751 0.788722 0.0551521 0.397168 0.0725129 0.218221 0.642956 0.224688 0.856582 0.947356 0.716333 0.354692 0.219592 0.669776 0.726688 0.393625 0.870572 0.55812 0.531565 
12 61 37 34 58 7 
0.475796 0.536202 0.0689084 0.883719 0.409874 0.156165 0.707872 0.906624 0.944887 0.763024 0.303792 0.0173999 0.981245 0.946748 0.242087 0.837826 0.894104 0.958421 0.192518 0.113696 0.628197 0.919207 0.507321 0.498768 0.477326 0.0388851 0.774556 0.130939 0.268857 0.141703 0.0989565 0.744653 0.677905 0.167865 0.628372 0.0877784 0.32403 0.336244 0.994403 0.268917 0.0992673 0.298195 0.286317 0.0805119 0.244943 0.528404 0.918338 0.139048 0.486825 0.110857 0.252743 0.115022 0.0300631 0.760064 0.61379 0.507389 0.798949 0.388346 0.638329 0.0678055 0.530049 0.737285 0.812459 0.207953 
13 87 61 40 78 51 
0.290135 0.498096 0.876341 0.58833 0.784413 0.956853 0.833273 0.312817 0.875191 0.972321 0.799642 0.986048 0.225064 0.914664 0.016111 0.985128 0.528453 0.5235 0.784077 0.916799 0.161829 0.851883 0.446848 0.899114 0.664341 0.654801 0.804264 0.105172 0.950533 0.0334438 0.882246 0.240668 0.53154 0.758587 0.828998 0.315953 0.71544 0.662271 0.62877 0.590631 0.634592 0.428412 0.576679 0.859657 0.343076 0.59279 0.844785 0.871529 0.116291 0.628862 0.788328 0.27812 0.480745 0.235176 0.177234 0.145086 0.889977 0.981498 0.250258 0.84051 0.0149416 0.132504 0.0811775 0.546482 
14 60 68 58 36 67 
0.491205 0.197162 0.207038 0.919618 0.773841 0.0666946 0.262694 0.366631 0.911479 0.134223 0.482922 0.540342 0.922552 0.761041 0.0210865 0.157728 0.938275 0.166173 0.0477047 0.919773 0.416431 0.888214 0.934714 0.548934 0.969392 0.481196 0.440025 0.879567 0.343631 0.0465551 0.452013 0.834837 0.243717 0.659051 0.754454 0.0175576 0.725746 0.0171483 0.384189 0.637225 0.151372 0.86711 0.177567 0.0739237 0.628152 0.198653 0.231651 0.566426 0.364826 0.279356 0.486199 0.781257 0.167571 0.420914 0.330191 0.136963 0.90211 0.770216 0.0165296 0.245741 0.816771 0.468543 0.0805775 0.0604875 
15 32 43 7 74 44 
0.462234 0.490565 0.00355208 0.329344 0.668132 0.0774758 0.957496 0.866785 0.309127 0.523922 0.231611 0.588483 0.0101215 0.0128676 0.756054 0.431035 0.343059 0.893017 0.333145 0.113274 0.909546 0.578886 0.930045 0.378089 0.659464 0.990533 0.505683 0.494495 0.0685777 0.359022 0.346676 0.530812 0.849587 0.350228 0.860156 0.517719 0.427704 0.817651 0.384503 0.736831 0.341574 0.616114 0.325314 0.351695 0.628982 0.0813682 0.78273 0.972041 0.974385 0.115875 0.0853148 0.883931 0.694761 0.0153598 0.26202 0.354225 0.0058923 0.767702 0.84872 0.07447 0.126725 0.195396 0.605282 0.976312 
16 60 49 74 11 44 
0.878534 0.710158 0.624662 0.494648 0.0354725 0.976357 0.12363 0.116841 0.759087 0.0956704 0.0912255 0.874963 0.180985 0.975157 0.569724 0.196345 0.237176 0.923949 0.202237 0.00487879 0.772669 0.276707 0.131603 0.968065 0.881989 0.107915 0.513689 0.347426 0.601945 0.487017 0.630515 0.480479 0.197175 0.255177 0.975127 0.232647 0.231534 0.0987565 0.349488 0.990621 0.194427 0.440714 0.865584 0.375412 0.41587 0.435308 0.571757 0.653046 0.359257 0.773994 0.657925 0.131926 0.0507015 0.789529 0.0999913 0.93269 0.897444 0.61368 0.280116 0.499389 0.100697 0.910631 0.979867 0.297872 
17 64 37 1 3 18 
0.880007 0.387963 0.248177 0.320721 0.253547 0.623589 0.736591 0.688855 0.195346 0.389637 0.0481123 0.969341 0.0475625 0.180038 0.0200423 0.837091 0.28003 0.952733 0.734535 0.89371 0.232849 0.233923 0.994407 0.14348 0.213791 0.292279 0.309287 0.168785 0.822798 0.706629 0.222535 0.702805 0.0945919 0.470713 0.0235257 0.348139 0.0943022 0.760117 0.0369946 0.289649 0.149754 0.0851069 0.258989 0.197316 0.265145 0.279032 0.0344074 0.545175 0.231764 0.768942 0.438885 0.464613 0.00286563 0.433292 0.608093 0.216656 0.725571 0.91738 0.385441 0.548369 0.624009 0.607977 0.251174 0.7186 
18 66 59 8 83 70 
0.103734 0.46264 0.18457 0.188841 0.72163 0.381886 0.453987 0.000661306 0.416294 0.999162 0.232426 0.185236 0.438047 0.697038 0.188101 0.871339 0.305131 0.404758 0.59691 0.222511 0.790199 0.145279 0.846519 0.398176 0.396453 0.56512 0.476865 0.671153 0.63186 0.649857 0.705969 0.735594 0.112497 0.890539 0.924435 0.834126 0.272425 0.378422 0.834788 0.688719 0.377583 0.0672133 0.873955 0.81563 0.764252 0.062056 0.686969 0.0693828 0.466814 0.283879 0.291894 0.257013 0.429157 0.138413 0.655189 0.82561 0.703533 0.132054 0.496763 0.335392 0.781911 0.202732 0.070986 0.894408 
19 31 42 12 55 4 
0.563322 0.054414 0.751426 0.630535 0.928369 0.567055 0.394787 0.990425 0.254024 0.46417 0.457239 0.537903 0.756063 0.714252 0.96706 0.894476 0.369441 0.79267 0.598009 0.501495 0.289433 0.933401 0.283406 0.492164 0.00438679 0.177814 0.585435 0.999808 0.906348 0.95113 0.37365 0.469669 0.00554392 0.125076 0.100205 0.933912 0.692131 0.494991 0.924337 0.946155 0.959161 0.381576 0.484058 0.715224 0.0958272 0.451118 0.6097 0.465268 0.243788 0.207709 0.966763 0.533221 0.14111 0.250169 0.025385 0.145496 0.427982 0.61082 0.145304 0.33433 0.56195 0.518954 0.803999 0.567493 
20 30 77 82 52 65 
0.282317 0.358356 0.807318 0.766374 0.0735806 0.903146 0.217492 0.683281 0.368414 0.46128 0.890989 0.335177 0.9945 0.032099 0.585346 0.0198855 0.177595 0.0133279 0.630705 0.322899 0.347658 0.192655 0.841854 0.151657 0.760148 0.485884 0.0558615 0.261554 0.822046 0.455057 0.687297 0.104362 0.813413 0.494615 0.870737 0.886994 0.397761 0.0882289 0.570275 0.766175 0.549509 0.461264 0.101351 0.544009 0.493363 0.686697 0.563895 0.670959 0.700025 0.1946 0.993858 0.0476826 0.387254 0.835712 0.19934 0.147402 0.321596 0.255202 0.408956 0.143642 0.710259 0.0962533 0.248004 0.523672 
21 44 30 60 28 22 
0.980941 0.754804 0.756478 0.442205 0.856155 0.300488 0.935568 0.542852 0.864382 0.606527 0.242876 0.0589822 0.600385 0.290559 0.446237 0.436097 0.489899 0.593639 0.757693 0.745101 0.00259547 0.901335 0.455359 0.0988488 0.149338 0.979031 0.689717 0.268079 0.389697 0.678347 0.475049 0.370638 0.433151 0.231527 0.812843 0.289306 0.532015 0.748412 0.832158 0.396397 0.354939 0.075034 0.455379 0.955324 0.365593 0.901616 0.39142 0.855492 0.495255 0.149113 0.600593 0.49785 0.0504479 0.0559519 0.596699 0.199786 0.034983 0.286416 0.467865 0.42468 0.964763 0.942914 0.795318 0.397914 
22 67 59 47 23 70 
0.519377 0.102853 0.711511 0.594411 0.558232 0.666835 0.960004 0.459848 0.0582553 0.815496 0.955103 0.207369 0.416089 0.452953 0.257817 0.472041 0.0496522 0.457603 0.507024 0.336069 0.925468 0.931704 0.300832 0.868382 0.727022 0.698745 0.0428234 0.335183 0.385965 0.749279 0.691756 0.905342 0.852132 0.403267 0.499753 0.410364 0.0701023 0.459757 0.870212 0.128358 0.275253 0.825315 0.335726 0.691342 0.278268 0.593543 0.163383 0.32792 0.0511457 0.670407 0.663989 0.976614 0.60211 0.96482 0.844996 0.329133 0.663566 0.88782 0.664316 0.0495304 0.637099 0.356072 0.954872 0.489231 
23 42 58 48 83 30 
0.769808 0.957799 0.189634 0.595123 0.293526 0.880976 0.873391 0.887069 0.0443588 0.201311 0.938214 0.714765 0.8653 0.914828 0.316876 0.83012 0.759825 0.646008 0.493686 0.647644 0.310324 0.543216 0.284743 0.666396 0.498088 0.773975 0.425736 0.952713 0.67357 0.255178 0.867094 0.443378 0.212977 0.0567285 0.0385004 0.506503 0.937705 0.911891 0.393571 0.982063 0.113202 0.331785 0.696829 0.978502 0.246614 0.0137045 0.808623 0.00643827 0.659713 0.302309 0.654083 0.970037 0.845525 0.938826 0.636433 0.343614 0.712801 0.0621691 0.296327 0.386371 0.317347 0.163421 0.829748 0.530324 
24 47 44 25 26 6 
0.139917 0.893342 0.762183 0.836746 0.871845 0.00879662 0.85045 0.680467 0.0152349 0.510163 0.982776 0.669318 0.4802 0.828301 0.608144 0.116633 0.171915 0.320944 0.178802 0.468241 0.707315 0.496149 0.631662 0.537063 0.0264728 0.851811 0.405312 0.0632991 0.00966521 0.185452 0.493697 0.149582 0.0787942 0.25588 0.986328 0.950639 0.264676 0.836778 0.631106 0.279911 0.346941 0.613883 0.949229 0.827141 0.442184 0.557372 0.943775 0.614099 0.878316 0.122577 0.0823404 0.585631 0.618726 0.714003 0.122694 0.645199 0.565814 0.528006 0.708498 0.575479 0.713457 0.202195 0.725062 0.792252 
25 37 77 82 14 73 
0.895109 0.98788 0.951891 0.722251 0.430064 0.509263 0.666025 0.0441626 0.387579 0.788603 0.126503 0.97321 0.407329 0.840506 0.0959039 0.0525285 0.40632 0.62391 0.761027 0.981799 0.337367 0.963222 0.70686 0.129619 0.421297 0.41825 0.872509 0.144048 0.966418 0.246506 0.14671 0.861527 0.234386 0.0986002 0.583778 0.664449 0.607863 0.249803 0.708612 0.995442 0.0384061 0.835115 0.968652 0.445735 0.675621 0.0645558 0.498264 0.0819401 0.688465 0.259291 0.0637389 0.0258326 0.222513 0.770599 0.155451 0.64381 0.188849 0.0279606 0.787857 0.155267 0.274467 0.934567 0.0167944 0.508853 
26 18 63 65 77 56 
0.881914 0.636472 0.888782 0.717029 0.605124 0.334517 0.39265 0.66968 0.832781 0.47459 0.358145 0.0920715 0.538329 0.383978 0.314584 0.308928 0.539429 0.958394 0.497777 0.56739 0.746251 0.653044 0.841857 0.680818 0.669839 0.350709 0.713985 0.270411 0.524011 0.355015 0.120786 0.405925 0.991487 0.00956785 0.122955 0.596611 0.344085 0.515604 0.266291 0.176865 0.990194 0.624436 0.268937 0.528522 0.00841367 0.583521 0.83745 0.547843 0.541915 0.335227 0.115232 0.288167 0.988272 0.957089 0.968985 0.658111 0.307798 0.68297 0.928521 0.83181 0.0379859 0.0493078 0.237735 0.0294733 
27 71 34 36 78 69 
0.892375 0.579826 0.866488 0.516811 0.848762 0.39501 0.525225 0.432284 0.23246 0.0730678 0.974199 0.567688 0.1883 0.262366 0.55596 0.145389 0.231351 0.21407 0.453187 0.914321 0.142592 0.284997 0.952307 0.191899 0.522732 0.98178 0.250775 0.883422 0.607865 0.653735 0.759716 0.50024 0.233561 0.626203 0.0170515 0.0823233 0.0212132 0.542277 0.514607 0.253673 0.615344 0.488806 0.821361 0.803645 0.751171 0.377321 0.949034 0.982522 0.591391 0.402221 0.896843 0.733982 0.687218 0.84915 0.925882 0.20995 0.83093 0.176657 0.0933723 0.438795 0.830392 0.853088 0.939035 0.0639528 
28 32 7 24 12 44 
0.660883 0.754178 0.113708 0.149689 0.575539 0.917352 0.90086 0.95286 0.866386 0.883382 0.544251 0.268607 0.780225 0.278233 0.955825 0.629375 0.204115 0.165776 0.460305 0.380771 0.259148 0.8991 0.211163 0.112236 0.838136 0.275116 0.591527 0.794222 0.421392 0.0920315 0.292585 0.082275 0.846209 0.406293 0.231964 0.421748 0.323645 0.132824 0.374608 0.190031 0.0162061 0.918859 0.458638 0.796431 0.197092 0.414464 0.425807 0.401206 0.58024 0.886112 0.781978 0.839388 0.785213 0.993141 0.951624 0.623348 0.268257 0.543151 0.41757 0.689649 0.635182 0.710156 0.771924 0.481392 
29 22 11 47 37 59 
0.277748 0.630125 0.152918 0.196606 0.0887634 0.949349 0.393698 0.503227 0.375156 0.794904 0.0834667 0.261268 0.576882 0.922854 0.0464802 0.570023 0.874478 0.669828 0.83828 0.417629 0.0873986 0.527929 0.0528115 0.797554 0.299853 0.534203 0.914003 0.30374 0.437343 0.354097 0.440452 0.715091 0.984222 0.593369 0.911697 0.0729856 0.542718 0.305395 0.576213 0.917874 0.100299 0.659679 0.179142 0.67718 0.582534 0.225622 0.247203 0.457012 0.89545 0.0854825 0.874641 0.982849 0.613411 0.927453 0.780403 0.913264 0.461656 0.694406 0.217004 0.898999 0.0485032 0.657456 0.61409 0.0327254 
30 31 16 65 70 22 
0.681924 0.711417 0.93148 0.341603 0.890559 0.608661 0.924137 0.116181 0.855864 0.381149 0.0116309 0.941346 0.25579 0.99448 0.554757 0.183243 0.774883 0.468021 0.644899 0.469289 0.685025 0.543898 0.517792 0.342481 0.157987 0.550517 0.593306 0.683774 0.656228 0.386849 0.514955 0.338152 0.0982665 0.446435 0.679755 0.988825 0.0550958 0.603892 0.105006 0.910959 0.985041 0.116637 0.852305 0.240831 0.111117 0.407063 0.424074 0.885999 0.875083 0.0689729 0.355288 0.560108 0.612871 0.87308 0.902589 0.770858 0.423598 0.495894 0.454632 0.0798262 0.882743 0.969587 0.417978 0.98101 
31 19 68 70 13 52 
0.382077 0.686667 0.191478 0.234383 0.927498 0.302595 0.641445 0.351572 0.188594 0.516529 0.420545 0.543883 0.0766367 0.0334154 0.416963 0.979225 0.804273 0.840561 0.47512 0.258905 0.920387 0.357863 0.228492 0.338365 0.338873 0.644514 0.436099 0.308709 0.115632 0.137724 0.38355 0.49771 0.824391 0.575029 0.732092 0.751889 0.877624 0.373538 0.103461 0.066218 0.890066 0.524005 0.610101 0.966703 0.557421 0.0270636 0.945928 0.361694 0.867624 0.421048 0.620599 0.788011 0.778911 0.849091 0.126376 0.117785 0.493605 0.562475 0.426493 0.609237 0.700199 0.810043 0.106947 0.52459 
32 9 86 20 59 51 
0.37994 0.328913 0.102643 0.903945 0.939014 0.0693461 0.461366 0.966078 0.0152744 0.82306 0.833702 0.436323 0.443659 0.621713 0.215234 0.292749 0.74809 0.333018 0.786354 0.310565 0.759512 0.395592 0.0107642 0.569555 0.502538 0.535355 0.954627 0.341577 0.811834 0.217322 0.554154 0.191773 0.546235 0.656797 0.0957181 0.485249 0.726143 0.557084 0.451327 0.741418 0.380144 0.285029 0.17774 0.823802 0.906742 0.392974 0.116552 0.654831 0.725993 0.902906 0.965396 0.485504 0.298497 0.97616 0.055059 0.801036 0.511515 0.0096855 0.142613 0.323349 0.227007 0.696767 0.515122 0.773243 
33 71 26 51 67 38 
0.709819 0.821126 0.548067 0.994848 0.998867 0.371869 0.901589 0.391841 0.488421 0.556421 0.117834 0.391327 0.521817 0.603338 0.689824 0.497977 0.658397 0.49086 0.00949229 0.668082 0.633473 0.332841 0.89509 0.330241 0.847963 0.668332 0.683805 0.458802 0.926824 0.763514 0.626726 0.636643 0.58464 0.174793 0.631491 0.583506 0.546663 0.53308 0.975347 0.0350838 0.0895008 0.0931808 0.426411 0.611318 0.696519 0.116235 0.109295 0.354915 0.607095 0.118787 0.0229976 0.240568 0.451628 0.918087 0.570809 0.299591 0.58642 0.254615 0.758393 0.513244 0.0181283 0.385119 0.149887 0.602768 
34 24 87 15 19 40 
0.161622 0.141659 0.403959 0.254803 0.56807 0.0152764 0.951321 0.684305 0.124572 0.306237 0.2914 0.243359 0.329234 0.531969 0.694987 0.247322 0.102778 0.994578 0.833741 0.357392 0.752971 0.346985 0.375521 0.13809 0.496872 0.978289 0.698003 0.27825 0.164563 0.804579 0.592708 0.326185 0.946238 0.996666 0.580988 0.514308 0.0119429 0.532309 0.198614 0.136514 0.838546 0.490014 0.379873 0.16778 0.0219828 0.0748604 0.415102 0.124761 0.0694383 0.248843 0.482153 0.822409 0.595828 0.857673 0.9605 0.0927006 0.835962 0.658503 0.37095 0.000525608 0.463082 0.963658 0.326711 0.40932 
35 85 45 28 29 10 
0.108782 0.278554 0.612257 0.488655 0.446335 0.634239 0.563516 0.861437 0.759 0.632954 0.11028 0.241153 0.455364 0.706108 0.0988263 0.415863 0.798809 0.934789 0.0743666 0.169759 0.935314 0.537449 0.133417 0.262025 0.946769 0.0937422 0.169724 0.870398 0.0660098 0.609732 0.99264 0.174792 0.888286 0.604897 0.663447 0.334621 0.239136 0.226963 0.196057 0.998136 0.859917 0.306337 0.239289 0.31528 0.0124452 0.338115 0.731144 0.811254 0.272904 0.80551 0.981013 0.208218 0.342959 0.114431 0.470243 0.289728 0.208173 0.639967 0.160126 0.274183 0.249699 0.152766 0.448974 0.137985 
36 66 18 78 79 42 
0.668663 0.994936 0.199301 0.975 0.234224 0.514582 0.987445 0.57234 0.245726 0.798699 0.845243 0.0512361 0.779712 0.0534614 0.394195 0.894143 0.523704 0.683923 0.102316 0.163671 0.844049 0.376498 0.41337 0.996816 0.825473 0.551355 0.754479 0.937895 0.02396 0.751278 0.277279 0.692623 0.746214 0.47658 0.667622 0.980438 0.991162 0.655067 0.552778 0.236888 0.453766 0.398021 0.288124 0.233478 0.451483 0.682319 0.127621 0.975187 0.366242 0.229937 0.138858 0.210292 0.606435 0.552228 0.207107 0.431908 0.103582 0.961586 0.369803 0.127542 0.712864 0.647082 0.820165 0.459077 
37 6 8 80 81 5 
0.992293 0.351712 0.59662 0.390314 0.639835 0.830098 0.841797 0.322154 0.957719 0.816984 0.688397 0.187656 0.955842 0.898688 0.794091 0.508069 0.105795 0.225999 0.611652 0.0673811 0.595802 0.739194 0.780245 0.242883 0.559359 0.239322 0.366545 0.0471464 0.678838 0.481369 0.190001 0.671131 0.83308 0.786621 0.0614448 0.472916 0.616719 0.903241 0.79507 0.574438 0.720225 0.483467 0.762094 0.676067 0.382155 0.556185 0.184136 0.487951 0.782184 0.795788 0.555332 0.377985 0.534982 0.335577 0.620868 0.0943414 0.574899 0.987413 0.141488 0.253737 0.468782 0.331488 0.924867 0.301863 
38 46 59 63 57 36 
0.309267 0.609779 0.0533156 0.0713604 0.285845 0.435471 0.627545 0.469981 0.923421 0.409729 0.265769 0.478753 0.787714 0.800751 0.81433 0.408582 0.895093 0.389229 0.395996 0.0365804 0.642965 0.864778 0.368069 0.567832 0.16664 0.486178 0.554144 0.941419 0.221007 0.443698 0.511267 0.530273 0.0534763 0.564583 0.601634 0.339322 5.37401e-05 0.229179 0.809303 0.923475 0.638908 0.075072 0.402228 0.426622 0.875823 0.216558 0.835204 0.770916 0.605787 0.2312 0.807496 0.248752 0.0959773 0.175565 0.816584 0.262618 0.661744 0.370729 0.204036 0.88275 0.814426 0.715304 0.413024 0.867903 
39 6 2 9 68 13 
0.016527 0.203416 0.882744 0.091599 0.605644 0.309366 0.967422 0.822202 0.14457 0.738338 0.427989 0.375769 0.545835 0.67674 0.471747 0.7214 0.493325 0.734364 0.383144 0.864053 0.938401 0.265894 0.67848 0.653705 0.678918 0.546382 0.933591 0.693575 0.753607 0.213532 0.937412 0.770134 0.416948 0.820156 0.861733 0.0225917 0.129522 0.829155 0.844794 0.274091 0.567493 0.272782 0.649861 0.113328 0.949523 0.121607 0.834728 0.442848 0.855971 0.217871 0.306901 0.794372 0.483765 0.985381 0.448077 0.162683 0.531763 0.381668 0.856258 0.28537 0.5952 0.793669 0.0555034 0.0121481 
40 2 8 30 43 18 
0.879533 0.017438 0.313884 0.152316 0.667299 0.427211 0.101838 0.788906 0.261939 0.544686 0.644877 0.47981 0.851587 0.439249 0.963575 0.836967 0.887326 0.126258 0.368731 0.268994 0.982515 0.6541 0.864195 0.776185 0.709604 0.876343 0.39001 0.62684 0.911083 0.133357 0.373231 0.790616 0.150795 0.687114 0.942932 0.818093 0.114326 0.0447703 0.606999 0.376265 0.589456 0.251876 0.856075 0.441043 0.691125 0.81965 0.278011 0.578451 0.945908 0.646741 0.847446 0.928423 0.300841 0.71164 0.704608 0.0104452 0.587983 0.0946178 0.637285 0.499066 0.227974 0.0105155 0.289682 0.378769 
41 16 13 3 55 36 
0.803861 0.188221 0.86684 0.0557375 0.0442959 0.307883 0.746863 0.863946 0.585894 0.325314 0.809854 0.232635 0.17276 0.738277 0.533476 0.8844 0.442884 0.543921 0.472383 0.537502 0.181206 0.971449 0.765477 0.191722 0.26113 0.144246 0.889352 0.493744 0.341108 0.701308 0.771128 0.14497 0.889528 0.637968 0.200707 0.933824 0.945851 0.94757 0.79777 0.531744 0.272884 0.607624 0.764379 0.445644 0.3459 0.297855 0.330044 0.788785 0.841777 0.802427 0.326287 0.0229832 0.773875 0.0917633 0.214705 0.0350057 0.236009 0.104057 0.528749 0.577117 0.805364 0.299877 0.722087 0.694893 
42 53 1 84 61 60 
0.415439 0.143248 0.0341108 0.179819 0.588892 0.380011 0.477674 0.918935 0.168796 0.319451 0.721362 0.495082 0.342434 0.495237 0.586846 0.557139 0.530243 0.822855 0.661196 0.0589925 0.399972 0.46656 0.358869 0.122059 0.161453 0.296714 0.0448533 0.79017 0.180409 0.915217 0.216657 0.595849 0.0584651 0.250768 0.775667 0.647357 0.630779 0.253341 0.566292 0.799574 0.572792 0.287654 0.294657 0.915226 0.782891 0.881503 0.472365 0.313134 0.704357 0.133561 0.372127 0.10433 0.600121 0.730996 0.226389 0.761574 0.0277102 0.271242 0.551743 0.208119 0.186459 0.7684 0.803968 0.244924 
43 34 75 21 39 72 
0.458573 0.44952 0.405768 0.746227 0.744177 0.320994 0.529118 0.62568 0.79336 0.842253 0.330037 0.926921 0.214379 0.434367 0.527042 0.945376 0.660756 0.288615 0.973086 0.931998 0.840358 0.181205 0.118457 0.608758 0.985173 0.363382 0.627926 0.564808 0.255663 0.277872 0.397784 0.714236 0.727392 0.803552 0.460463 0.47157 0.124546 0.989581 0.0972495 0.917906 0.831834 0.427287 0.844827 0.0462135 0.861654 0.371868 0.991589 0.52241 0.660483 0.964675 0.454407 0.500842 0.145881 0.572865 0.1096 0.131054 0.936246 0.737525 0.695862 0.191909 0.0153973 0.0936457 0.906145 0.74279 
44 11 1 70 53 57 
0.311609 0.93965 0.188023 0.738896 0.784477 0.234236 0.600549 0.156345 0.225826 0.122959 0.816828 0.190501 0.577366 0.31767 0.336382 0.150231 0.42727 0.467435 0.0864772 0.164795 0.163297 0.278386 0.180192 0.256943 0.184531 0.922982 0.154141 0.551139 0.137341 0.175885 0.907328 0.44895 0.115535 0.0953505 0.187846 0.900012 0.329587 0.788395 0.0563572 0.555413 0.911354 0.873185 0.745914 0.488721 0.190855 0.0822951 0.638952 0.618125 0.54973 0.725429 0.78292 0.713027 0.00381483 0.963112 0.96997 0.188346 0.886094 0.12411 0.739484 0.0234357 0.299995 0.646812 0.472386 0.41553 
45 14 79 69 20 12 
0.3719 0.627162 0.359981 0.245085 0.373075 0.848702 0.435941 0.45537 0.487653 0.0540655 0.00510071 0.213082 0.836985 0.718128 0.216897 0.800098 0.688098 0.405243 0.686192 0.812208 0.144727 0.709628 0.112203 0.791538 0.182013 0.527734 0.533701 0.842245 0.843276 0.60545 0.290872 0.215176 0.232612 0.650853 0.460262 0.605687 0.499555 0.896202 0.0610574 0.987208 0.950268 0.0661581 0.20029 0.787253 0.784286 0.417187 0.587351 0.472384 0.822429 0.273543 0.284591 0.967156 0.98317 0.396795 0.758695 0.165184 0.924528 0.292395 0.0074289 0.767804 0.897845 0.298301 0.98298 0.130457 
46 1 49 44 20 79 
0.797201 0.435916 0.289712 0.863359 0.636206 0.0769651 0.647645 0.0533929 0.664316 0.120028 0.875822 0.937859 0.40462 0.842978 0.921029 0.801414 0.601673 0.0862129 0.725943 0.894068 0.0936418 0.493747 0.791913 0.391943 0.476727 0.92237 0.341096 0.919969 0.658513 0.789805 0.259414 0.455714 0.225721 0.549126 0.319073 0.861927 0.626091 0.966718 0.91532 0.290407 0.0867465 0.791142 0.228265 0.491366 0.63412 0.149294 0.292781 0.235793 0.235507 0.0187233 0.129861 0.329149 0.51247 0.921774 0.721092 0.989198 0.844144 0.0621879 0.909167 0.502657 0.851993 0.168581 0.958371 0.0777133 
47 31 20 77 81 15 
0.85496 0.634204 0.330909 0.646102 0.862469 0.822275 0.280223 0.0117632 0.115056 0.516016 0.24727 0.133779 0.645877 0.576419 0.64625 0.567652 0.297511 0.635447 0.411796 0.359699 0.544614 0.914453 0.211692 0.713195 0.872824 0.289405 0.430901 0.150269 0.229045 0.774698 0.394431 0.0840052 0.408902 0.72534 0.730107 0.27137 0.547615 0.0103301 0.283134 0.662672 0.526346 0.530404 0.796451 0.172223 0.106824 0.442701 0.739875 0.404335 0.0781478 0.15167 0.764034 0.622762 0.0661231 0.975725 0.335957 0.938947 0.26513 0.766858 0.0892159 0.494175 0.541555 0.483647 0.57818 0.950457 
48 15 49 3 51 64 
0.504961 0.419274 0.844964 0.0353652 0.215725 0.0171869 0.142189 0.658426 0.757062 0.546523 0.736574 0.908732 0.310557 0.359336 0.974855 0.286282 0.695292 0.913802 0.551412 0.46215 0.00301809 0.0455868 0.00370533 0.486665 0.623767 0.954162 0.695652 0.932055 0.17599 0.452255 0.250673 0.680951 0.871529 0.0956363 0.716316 0.0872544 0.112823 0.858505 0.74568 0.869885 0.405028 0.482254 0.778617 0.715585 0.84159 0.753472 0.00186688 0.536882 0.667274 0.553279 0.999032 0.670292 0.598866 0.00273707 0.156957 0.222633 0.956899 0.852609 0.154687 0.132889 0.304864 0.40536 0.81384 0.176394 
49 20 83 14 3 16 
0.00932837 0.483704 0.793689 0.491582 0.262321 0.509274 0.333172 0.0157927 0.511141 0.870054 0.683067 0.06442 0.869086 0.353359 0.663286 0.871823 0.510316 0.885918 0.828722 0.362925 0.0406056 0.961611 0.66779 0.445965 0.775452 0.844183 0.946962 0.305608 0.107831 0.560781 0.69427 0.11716 0.0444854 0.487959 0.608742 0.306806 0.997233 0.941914 0.322599 0.508375 0.811968 0.00566565 0.572795 0.681054 0.359024 0.23608 0.552876 0.86934 0.121998 0.381599 0.232265 0.162604 0.34321 0.900055 0.608569 0.118662 0.744238 0.555531 0.42427 0.852069 0.116312 0.11854 0.969229 0.160798 
50 87 28 11 55 27 
0.790203 0.112107 0.331853 0.795869 0.684901 0.0129065 0.154893 0.920981 0.565783 0.0242327 0.0429798 0.947382 0.256498 0.205584 0.290592 0.156552 0.814153 0.409254 0.90079 0.369684 0.833524 0.752859 0.485996 0.952063 0.722088 0.646794 0.558562 0.300058 0.114398 0.162294 0.819943 0.904601 0.274401 0.151796 0.70047 0.959302 0.164703 0.855363 0.880284 0.730486 0.879595 0.923263 0.677867 0.136093 0.128847 0.968459 0.292645 0.943 0.377712 0.193435 0.312684 0.211236 0.946294 0.798681 0.1633 0.668382 0.445475 0.721862 0.96844 0.559873 0.884156 0.788383 0.464474 0.158557 
51 15 48 9 36 57 
0.998143 0.835367 0.899901 0.921406 0.513234 0.0359944 0.0502535 0.481693 0.32864 0.993254 0.859406 0.522075 0.305938 0.0706419 0.468369 0.104619 0.233942 0.13675 0.550094 0.955804 0.10519 0.109967 0.83996 0.893573 0.574441 0.998517 0.833753 0.739384 0.116376 0.938634 0.75969 0.114519 0.774002 0.659592 0.0359254 0.287236 0.695586 0.0861789 0.768929 0.0242257 0.0794326 0.628335 0.5463 0.385371 0.698977 0.0146689 0.48999 0.932919 0.151419 0.0400838 0.888722 0.256609 0.15005 0.728682 0.150183 0.724491 0.727199 0.983935 0.463875 0.843575 0.92257 0.223565 0.958094 0.696571 
52 87 62 26 48 27 
0.752737 0.602969 0.15963 0.381072 0.149269 0.545001 0.0800484 0.163938 0.0349912 0.0129669 0.315357 0.0750749 0.901689 0.571967 0.225125 0.630371 0.722149 0.949616 0.357569 0.706084 0.413492 0.201144 0.628654 0.637057 0.159238 0.325225 0.520214 0.153257 0.309033 0.0989569 0.233454 0.0617691 0.701926 0.393085 0.442841 0.851195 0.938086 0.522889 0.015133 0.973077 0.535856 0.33049 0.0481523 0.437545 0.902457 0.273278 0.0679158 0.624606 0.222894 0.425485 0.33069 0.636386 0.626629 0.959344 0.273443 0.785867 0.28457 0.793656 0.939123 0.593602 0.892613 0.172578 0.655371 0.594539 
53 7 87 28 22 15 
0.460867 0.476826 0.156957 0.791357 0.524978 0.594502 0.693814 0.798256 0.662418 0.31842 0.0211502 0.0879028 0.64911 0.657536 0.714532 0.608454 0.930978 0.500399 0.893024 0.724635 0.439522 0.486626 0.617248 0.612099 0.141997 0.211787 0.177762 0.240209 0.657521 0.68151 0.86131 0.118388 0.158336 0.0182668 0.909745 0.683315 0.612769 0.603559 0.481571 0.275187 0.921979 0.502721 0.363089 0.571089 0.160257 0.0776212 0.179543 0.0912352 0.57802 0.0725665 0.81587 0.0175415 0.559192 0.433118 0.629641 0.701189 0.644906 0.807403 0.941398 0.302427 0.488913 0.802708 0.420815 0.64725 
54 81 77 40 88 24 
0.812135 0.70893 0.856098 0.314856 0.0720196 0.427187 0.475112 0.149641 0.60673 0.566348 0.727661 0.679296 0.382218 0.745202 0.238489 0.815336 0.374843 0.939678 0.460242 0.182245 0.881076 0.762669 0.671158 0.683785 0.183484 0.318408 0.50476 0.514045 0.648972 0.938503 0.448165 0.461107 0.647433 0.304263 0.775963 0.719453 0.731451 0.251075 0.869094 0.33818 0.817423 0.596754 0.0174768 0.199641 0.341956 0.255966 0.0149769 0.716799 0.195644 0.475219 0.899044 0.0767202 0.237888 0.570203 0.760505 0.421372 0.888611 0.265264 0.935418 0.537583 0.203768 0.383583 0.99869 0.851201 
55 68 10 57 67 41 
0.439748 0.757477 0.84315 0.0365022 0.774954 0.042791 0.378459 0.0309193 0.0577678 0.0952576 0.226563 0.532987 0.994302 0.303283 0.770875 0.564505 0.063788 0.192247 0.453115 0.329052 0.127665 0.990698 0.53282 0.511247 0.989388 0.384021 0.199093 0.76404 0.954675 0.61839 0.789768 0.394423 0.375867 0.632918 0.430925 0.150821 0.675709 0.809383 0.18174 0.733477 0.904641 0.408303 0.266464 0.898943 0.711586 0.0373384 0.463448 0.775374 0.229586 0.916563 0.104426 0.35725 0.907261 0.637246 0.868498 0.896649 0.021267 0.0675911 0.660689 0.975942 0.685981 0.450457 0.370365 0.0618479 
56 84 7 9 5 50 
0.394408 0.492562 0.515314 0.802711 0.759025 0.414257 0.514298 0.796364 0.877705 0.289672 0.0259493 0.794268 0.394098 0.3832 0.701529 0.0313441 0.251698 0.598178 0.0526111 0.319289 0.258867 0.028553 0.00526968 0.709325 0.398918 0.0671175 0.7927 0.200207 0.279786 0.551785 0.81088 0.674194 0.0443461 0.326194 0.476906 0.803371 0.740451 0.991203 0.599735 0.618156 0.280875 0.625684 0.412423 0.674973 0.00888423 0.113952 0.706317 0.260582 0.71213 0.758928 0.57987 0.970997 0.787481 0.58514 0.680322 0.186399 0.652258 0.473022 0.386606 0.932044 0.0248065 0.197486 0.606238 0.0691526 
57 39 68 61 76 37 
0.472259 0.882287 0.355222 0.0979436 0.29471 0.0301951 0.106828 0.408662 0.736512 0.36741 0.120792 0.49544 0.94728 0.0917892 0.282922 0.53242 0.772111 0.46932 0.184678 0.245133 0.855926 0.116721 0.269939 0.053412 0.722959 0.339092 0.577092 0.806103 0.211616 0.841223 0.880451 0.683875 0.72351 0.235673 0.781819 0.0182195 0.265868 0.888646 0.426881 0.00238005 0.256056 0.547673 0.49782 0.203336 0.639462 0.780742 0.735756 0.411573 0.250062 0.920434 0.656706 0.105988 0.037155 0.926646 0.1594 0.760114 0.265738 0.736492 0.566218 0.477354 0.577716 0.446668 0.161229 0.301225 
58 53 0 37 26 5 
0.746326 0.950589 0.0877497 0.293999 0.448409 0.291086 0.933461 0.229151 0.0268415 0.345035 0.479214 0.947275 0.00174118 0.585202 0.98443 0.928387 0.744602 0.744544 0.194125 0.481095 0.310762 0.671479 0.0588104 0.757431 0.832707 0.360036 0.439772 0.775755 0.67948 0.387981 0.607448 0.425806 0.33857 0.695198 0.719805 0.786979 0.986284 0.653267 0.0161307 0.0131251 0.998301 0.495344 0.9604 4.25158e-05 0.0805464 0.94483 0.928429 0.825149 0.689375 0.122554 0.306244 0.000136941 0.794033 0.365054 0.757568 0.62674 0.72509 0.197339 0.402495 0.40457 0.58532 0.00994308 0.830376 0.92389 
59 46 34 56 4 81 
0.727 0.70455 0.201749 0.222344 0.66495 0.201791 0.302891 0.60978 0.130221 0.12804 0.299155 0.252775 0.434283 0.299292 0.0468077 0.799337 0.0568594 0.673548 0.524427 0.254199 0.0760424 0.928996 0.839519 0.0859855 0.759372 0.763409 0.791127 0.309553 0.474278 0.482551 0.513 0.201278 0.187101 0.714749 0.423622 0.852051 0.91654 0.726513 0.461831 0.0467605 0.854553 0.760986 0.299535 0.288836 0.0602779 0.346343 0.0881731 0.117137 0.0198907 0.6126 0.371336 0.0959331 0.541596 0.210855 0.181919 0.300968 0.974264 0.973045 0.610521 0.448542 0.455597 0.123521 0.64982 0.642698 
60 88 24 46 79 20 
0.80157 0.654508 0.717566 0.101105 0.943344 0.777844 0.447448 0.0315172 0.894981 0.467339 0.644117 0.266317 0.563272 0.185713 0.477172 0.745191 0.486681 0.451436 0.718236 0.0972018 0.899978 0.173832 0.220723 0.549797 0.81653 0.0589922 0.62324 0.311279 0.813802 0.423195 0.267859 0.615371 0.0777031 0.985425 0.716476 0.0210472 0.763269 0.163925 0.0525643 0.658251 0.631264 0.696681 0.924568 0.194536 0.882394 0.40174 0.939726 0.369075 0.853176 0.657962 0.466277 0.753154 0.831794 0.687 0.302951 0.648325 0.745992 0.926191 0.959603 0.559793 0.349386 0.227463 0.175165 0.427089 
61 59 40 36 34 22 
0.634408 0.686829 0.197382 0.558976 0.881365 0.0797759 0.960717 0.821091 0.448851 0.813893 0.479053 0.915128 0.567047 0.310848 0.602128 0.869998 0.959172 0.34812 0.796189 0.918776 0.907914 0.145575 0.146238 0.0830784 0.572664 0.359126 0.97472 0.0207998 0.335283 0.0302855 0.5215 0.969692 0.717115 0.718882 0.528668 0.59848 0.798658 0.489385 0.419571 0.247509 0.303278 0.898624 0.162637 0.870326 0.209472 0.764765 0.740324 0.168644 0.112885 0.536513 0.0874198 0.0207989 0.682088 0.233658 0.103877 0.254752 0.592784 0.0785969 0.275552 0.928067 0.108882 0.797052 0.897759 0.825998 
62 17 53 0 63 23 
0.844049 0.5621 0.21909 0.742673 0.724737 0.0894161 0.952145 0.489502 0.82974 0.12079 0.602388 0.366253 0.208209 0.623186 0.0483418 0.441867 0.727064 0.303094 0.0346514 0.805661 0.578646 0.962719 0.914543 0.375697 0.860478 0.740541 0.891631 0.286905 0.165018 0.206222 0.202717 0.009067 0.768322 0.421807 0.75174 0.493059 0.511223 0.703886 0.982561 0.340963 0.824675 0.584949 0.707217 0.0328845 0.208135 0.755559 0.474752 0.935199 0.0586524 0.509403 0.74086 0.637298 0.472122 0.655403 0.0129954 0.3326 0.395944 0.904626 0.619504 0.560962 0.110849 0.822221 0.570029 0.879171 
63 32 46 22 14 55 
0.354791 0.0962145 0.85033 0.93974 0.803431 0.883214 0.147875 0.55899 0.357966 0.0830736 0.617642 0.867369 0.823933 0.25494 0.339491 0.479336 0.267936 0.672091 0.87528 0.172562 0.291595 0.436241 0.283411 0.113816 0.00627005 0.162582 0.357844 0.328039 0.534811 0.113095 0.353694 0.889602 0.209309 0.204023 0.829342 0.0127409 0.0872375 0.977216 0.571731 0.445203 0.0602898 0.189373 0.312573 0.884223 0.444314 0.652064 0.363559 0.71225 0.324155 0.238839 0.884812 0.61575 0.67508 0.168223 0.729565 0.68135 0.330805 0.0874091 0.00938906 0.865616 0.200504 0.363083 0.755218 0.409814 
64 77 41 71 3 62 
0.994285 0.0995469 0.622065 0.183659 0.41212 0.506289 0.627973 0.0641836 0.869848 0.340222 0.388338 0.108686 0.225035 0.0040878 0.783766 0.393258 0.733653 0.465116 0.724063 0.821062 0.474505 0.589679 0.0215663 0.837588 0.344897 0.43138 0.404694 0.929456 0.853934 0.0590373 0.491232 0.84822 0.158584 0.113297 0.0318783 0.570704 0.619586 0.659851 0.634887 0.489433 7.3486e-05 0.0232256 0.59812 0.225108 0.0273134 0.381886 0.618366 0.760967 0.847002 0.342429 0.582029 0.321508 0.932107 0.603595 0.159096 0.277004 0.0349749 0.56379 0.20646 0.888909 0.622827 0.697692 0.737129 0.781411 
65 48 83 59 72 24 
0.987002 0.920008 0.428931 0.0102279 0.518128 0.65404 0.0375413 0.900014 0.272406 0.798508 0.747016 0.614835 0.380537 0.0685233 0.546942 0.984132 0.227619 0.823946 0.0191068 0.791408 0.0304059 0.908016 0.414235 0.728098 0.645145 0.195646 0.539086 0.414152 0.547761 0.969661 0.84301 0.534764 0.889669 0.271941 0.544991 0.407796 0.925981 0.582533 0.30781 0.198387 0.381041 0.0548257 0.813221 0.761577 0.123349 0.360163 0.745709 0.350968 0.184109 0.764816 0.142376 0.214515 0.672832 0.556612 0.942613 0.317977 0.752258 0.481699 0.732128 0.300019 0.45136 0.575138 0.834783 0.341029 
66 28 32 67 11 82 
0.971446 0.343348 0.111461 0.784667 0.104925 0.23481 0.14483 0.850635 0.585778 0.328939 0.615451 0.728154 0.543454 0.288283 0.284766 0.486067 0.606259 0.037024 0.967766 0.338387 0.337043 0.419125 0.913525 0.171827 0.760154 0.760604 0.551601 0.508979 0.533663 0.513908 0.565614 0.505109 0.857256 0.677075 0.289776 0.962182 0.911884 0.434607 0.812816 0.497662 0.763546 0.428267 0.225816 0.307 0.716549 0.510582 0.793067 0.322808 0.547606 0.760833 0.661195 0.884649 0.179958 0.57472 0.0564758 0.940112 0.335324 0.608077 0.449091 0.868987 0.121985 0.0147056 0.374097 0.979241 
67 36 25 30 46 40 
0.754239 0.101327 0.862026 0.182506 0.327143 0.169026 0.899055 0.837725 0.962093 0.221864 0.385331 0.722926 0.883059 0.26998 0.902884 0.457779 0.326456 0.842996 0.793103 0.934533 0.292088 0.662091 0.0565179 0.306793 0.0361872 0.0357593 0.998574 0.70006 0.977182 0.602239 0.79854 0.731421 0.703565 0.660566 0.913927 0.0307084 0.829592 0.812983 0.868433 0.791685 0.0348462 0.253764 0.514611 0.917905 0.523744 0.417495 0.375685 0.8502 0.260491 0.168788 0.784733 0.552579 0.830879 0.841251 0.859372 0.867066 0.87701 0.857946 0.567126 0.854192 0.460184 0.365666 0.585614 0.16375 
68 86 49 55 37 83 
0.0628916 0.64751 0.34737 0.316656 0.162121 0.265275 0.8404 0.579616 0.64096 0.6906 0.840107 0.809748 0.475333 0.392686 0.640627 0.316583 0.252059 0.507693 0.193593 0.110004 0.0748187 0.0477856 0.570189 0.440485 0.633399 0.733939 0.466717 0.132941 0.928397 0.322541 0.445465 0.991289 0.970051 0.792835 0.307944 0.132172 0.0581099 0.148344 0.711788 0.69907 0.838944 0.551895 0.508818 0.314276 0.944582 0.149444 0.63086 0.19664 0.657137 0.824453 0.306645 0.731956 0.872238 0.876834 0.172441 0.505638 0.610772 0.639158 0.638579 0.539169 0.961699 0.0840432 0.530458 0.93175 
69 68 16 58 81 36 
0.77571 0.634058 0.82569 0.327606 0.142875 0.139967 0.272187 0.29232 0.770826 0.468827 0.949457 0.595279 0.775472 0.681413 0.467518 0.652306 0.853853 0.973155 0.263078 0.493011 0.611734 0.802247 0.45471 0.695777 0.332705 0.386461 0.572655 0.171108 0.450383 0.507643 0.157855 0.226093 0.141701 0.983545 0.553699 0.284576 0.123512 0.825886 0.576896 0.894338 0.294713 0.526353 0.489617 0.0701854 0.207765 0.957134 0.722491 0.0616184 0.93029 0.985569 0.554629 0.542024 0.787816 0.00933953 0.237801 0.120522 0.3958 0.810457 0.29163 0.846183 0.3181 0.449484 0.0722762 0.4598 
70 75 71 83 80 18 
0.321272 0.450879 0.746574 0.847625 0.940495 0.81676 0.0553903 0.89763 0.539251 0.117009 0.82792 0.52482 0.671638 0.369944 0.312636 0.680978 0.607745 0.433157 0.0767776 0.418202 0.724787 0.922961 0.736301 0.174271 0.995237 0.196102 0.6073 0.621212 0.940478 0.163841 0.0730726 0.26175 0.614719 0.819647 0.109376 0.555215 0.636407 0.164766 0.452845 0.175658 0.281774 0.280764 0.700477 0.953412 0.650708 0.0131128 0.63439 0.258453 0.44627 0.711168 0.676655 0.171057 0.634128 0.412956 0.345328 0.629365 0.609057 0.952628 0.250577 0.549535 0.116469 0.323649 0.811286 0.731189 
71 2 13 61 68 9 
0.739248 0.955361 0.367202 0.0200126 0.655838 0.320614 0.670721 0.66895 0.955004 0.929174 0.115221 0.666172 0.605828 0.286278 0.3003 0.0187839 0.631606 0.929665 0.627841 0.584235 0.180242 0.177377 0.700704 0.503891 0.988663 0.431893 0.647187 0.909324 0.718296 0.42689 0.994752 0.457545 0.382251 0.361953 0.477557 0.0380884 0.682568 0.148278 0.707039 0.637572 0.0774513 0.822259 0.303744 0.683279 0.108537 0.604044 0.702063 0.740143 0.533709 0.329905 0.324378 0.713951 0.507281 0.0250819 0.217842 0.495944 0.456975 0.865029 0.405268 0.175271 0.291919 0.40002 0.632816 0.67417 
72 11 77 44 56 29 
0.419297 0.0821127 0.336102 0.241557 0.385857 0.0193812 0.350094 0.989901 0.721445 0.0902374 0.52361 0.0513491 0.414615 0.23756 0.558631 0.439697 0.455402 0.0545746 0.896672 0.320431 0.459843 0.0719427 0.612351 0.859863 0.704758 0.286521 0.621836 0.815131 0.998779 0.0663768 0.0737817 0.418076 0.148489 0.409884 0.659633 0.534346 0.429265 0.00972695 0.524247 0.150709 0.0999643 0.0478562 0.202058 0.51458 0.285417 0.760689 0.954277 0.740819 0.815264 0.850949 0.0612504 0.275107 0.922891 0.673601 0.134969 0.62765 0.960122 0.756805 0.442781 0.958901 0.823182 0.516563 0.376977 0.971672 
73 62 52 29 72 48 
0.0302642 0.50642 0.146301 0.0781204 0.708479 0.660881 0.363537 0.469168 0.615158 0.104356 0.284431 0.466106 0.165606 0.559538 0.388998 0.839207 0.694508 0.0166472 0.799329 0.451313 0.459428 0.75823 0.274495 0.97599 0.135207 0.246167 0.902437 0.171817 0.752185 0.258148 0.218154 0.782449 0.764568 0.364455 0.860569 0.473047 0.0253359 0.224106 0.942214 0.640494 0.328462 0.226646 0.1066 0.494069 0.786184 0.495597 0.333276 0.480692 0.512244 0.132605 0.932005 0.971672 0.890835 0.2065 0.947663 0.0260423 0.452667 0.850099 0.197859 0.204851 0.108247 0.416013 0.9873 0.872815 
74 3 62 56 52 77 
0.446298 0.400438 0.514722 0.552897 0.894507 0.300906 0.0484946 0.227783 0.781597 0.560739 0.360389 0.713602 0.532411 0.251224 0.920102 0.480074 0.277266 0.372769 0.330174 0.475126 0.57762 0.438421 0.891139 0.564921 0.311236 0.671607 0.41279 0.657097 0.477411 0.484766 0.945173 0.923708 0.885204 0.459895 0.476605 0.779711 0.7608 0.5251 0.00749404 0.542398 0.0858391 0.367883 0.256 0.618251 0.619107 0.176102 0.0983248 0.896373 0.548871 0.428499 0.371499 0.126492 0.866919 0.262637 0.691412 0.178155 0.934244 0.104202 0.835252 0.411655 0.588968 0.780425 0.335363 0.474172 
75 38 58 53 37 14 
0.261377 0.543518 0.422907 0.62926 0.799518 0.0411579 0.248367 0.97562 0.139483 0.14474 0.524491 0.567981 0.516238 0.650983 0.434901 0.778876 0.342395 0.613056 0.71312 0.446598 0.448308 0.124774 0.0355659 0.228733 0.460137 0.509738 0.469052 0.272105 0.763622 0.470172 0.609174 0.0249989 0.0136901 0.0320811 0.654259 0.813208 0.073239 0.902626 0.788828 0.212722 0.0473653 0.313319 0.780703 0.563604 0.964302 0.215604 0.342479 0.306697 0.82866 0.0555991 0.753295 0.276967 0.180373 0.788861 0.5057 0.640511 0.298599 0.974752 0.912616 0.0622205 0.444925 0.52179 0.0872194 0.458615 
76 22 84 72 47 15 
0.0606509 0.839832 0.691469 0.37397 0.620535 0.255073 0.338272 0.836139 0.597552 0.64497 0.664798 0.653152 0.398264 0.941766 0.833525 0.187125 0.447466 0.474036 0.485724 0.422218 0.386652 0.547944 0.867142 0.908442 0.635164 0.325757 0.462313 0.376642 0.59758 0.0894227 0.0207459 0.658231 0.929254 0.712215 0.032201 0.549789 0.967288 0.370473 0.385928 0.564841 0.015443 0.0507261 0.217992 0.413707 0.992492 0.0515171 0.600832 0.439957 0.525553 0.086556 0.862175 0.912205 0.6345 0.729318 0.820646 0.269664 0.0550748 0.282959 0.646306 0.652655 0.372382 0.667052 0.310885 0.301636 
77 27 52 19 29 26 
0.911396 0.729003 0.288079 0.129388 0.14271 0.280571 0.180905 0.743542 0.720529 0.706458 0.830098 0.582704 0.618662 0.464599 0.312022 0.439309 0.734262 0.367096 0.722268 0.380568 0.019751 0.0946493 0.0476201 0.330636 0.396285 0.426887 0.673723 0.247711 0.773442 0.387283 0.485064 0.684838 0.116286 0.773144 0.814226 0.258996 0.0537147 0.995131 0.00253834 0.774243 0.701589 0.832637 0.356947 0.320251 0.297235 0.668969 0.75956 0.0314979 0.0360648 0.481828 0.412066 0.0558158 0.576477 0.459686 0.386452 0.972762 0.886574 0.0601751 0.220473 0.660016 0.447458 0.705537 0.344854 0.563743 
78 58 15 48 18 73 
0.825278 0.306639 0.8558 0.657914 0.663586 0.176051 0.95515 0.332554 0.935611 0.986648 0.368619 0.417439 0.398714 0.424435 0.993916 0.8584 0.810887 0.966678 0.744974 0.871062 0.187151 0.40499 0.31852 0.892689 0.749844 0.882264 0.37137 0.908923 0.705003 0.903765 0.0631343 0.53028 0.210404 0.918934 0.188195 0.87399 0.0949851 0.143345 0.206544 0.0305963 0.129992 0.575164 0.448035 0.528706 0.999599 0.441951 0.387107 0.810486 0.408629 0.132081 0.681548 0.59578 0.53707 6.86357e-05 0.488469 0.286914 0.882332 0.859838 0.195837 0.587335 0.763604 0.258971 0.117615 0.974008 
79 68 49 35 56 34 
0.0545419 0.303487 0.579147 0.629706 0.751522 0.107853 0.629304 0.193473 0.49496 0.43979 0.602102 0.62704 0.121339 0.197882 0.16411 0.121408 0.686351 0.451024 0.00373966 0.546189 0.646861 0.591075 0.309793 0.905833 0.70869 0.2838 0.0837379 0.0144998 0.131798 0.356628 0.463654 0.18634 0.660115 0.0428009 0.816045 0.411637 0.150654 0.44535 0.60511 0.645613 0.88514 0.207211 0.272653 0.00647889 0.405093 0.436764 0.127886 0.0914438 0.887788 0.131626 0.637633 0.534649 0.722701 0.947426 0.440482 0.43139 0.231226 0.524219 0.44589 0.363024 0.880848 0.909544 0.549363 0.540963 
80 45 81 20 4 66 
0.748613 0.695898 0.764921 0.0212662 0.702377 0.170014 0.45803 0.830264 0.261458 0.345818 0.96189 0.899091 0.880467 0.68459 0.846517 0.320948 0.115981 0.0777425 0.845168 0.561871 0.440766 0.726016 0.471416 0.99013 0.266979 0.423761 0.355538 0.219579 0.52676 0.166297 0.777289 0.275373 0.862195 0.542211 0.296639 0.564572 0.712225 0.754669 0.394836 0.973683 0.100487 0.356726 0.872774 0.980953 0.0413162 0.719291 0.301902 0.157297 0.797034 0.147069 0.719168 0.2378 0.873085 0.190584 0.227929 0.140064 0.614344 0.583468 0.359643 0.141105 0.749764 0.136933 0.416477 0.61196 
81 36 17 30 85 1 
0.571368 0.365051 0.568272 0.928094 0.237826 0.549226 0.96941 0.957117 0.851127 0.126707 0.754151 0.998197 0.845875 0.99195 0.871282 0.0364588 0.21988 0.0113462 0.650803 0.803347 0.37099 0.791908 0.553112 0.507922 0.208385 0.165072 0.187065 0.921502 0.341604 0.578433 0.389287 0.912972 0.943485 0.957559 0.841066 0.181311 0.506785 0.810476 0.138428 0.357912 0.937183 0.892578 0.356109 0.783058 0.884528 0.227391 0.819517 0.104408 0.238737 0.47032 0.907756 0.609727 0.262228 0.460868 0.117649 0.470613 0.625939 0.304714 0.392115 0.967543 0.883148 0.781402 0.880514 0.826632 
82 41 70 7 24 32 
0.603658 0.469239 0.0389486 0.959767 0.252297 0.923477 0.187158 0.0718139 0.0278851 0.425896 0.542134 0.935641 0.0356223 0.804362 0.396508 0.153271 0.274975 0.0224475 0.457985 0.66709 0.98999 0.341133 0.448492 0.870505 0.167765 0.187453 0.592085 0.175708 0.4332 0.124141 0.322079 0.036858 0.59338 0.361027 0.996625 0.845677 0.284504 0.183784 0.917491 0.312389 0.609679 0.459625 0.24803 0.645302 0.263987 0.644539 0.798573 0.538962 0.666986 0.256558 0.206052 0.656976 0.597691 0.654544 0.527481 0.765456 0.841997 0.119566 0.941164 0.275197 0.243706 0.263243 0.312055 0.837086 
83 84 60 8 75 2 
0.600253 0.221164 0.102143 0.0598775 0.469194 0.747445 0.323864 0.113733 0.546017 0.862826 0.780719 0.802575 0.0688776 0.437695 0.400266 0.723422 0.965176 0.165722 0.565419 0.0847416 0.106886 0.840616 0.328448 0.370129 0.152671 0.165534 0.994399 0.461351 0.848296 0.903174 0.953815 0.448549 0.124338 0.0559587 0.508427 0.593532 0.803403 0.832291 0.707265 0.349421 0.695116 0.487984 0.151996 0.763994 0.925679 0.552263 0.487416 0.890855 0.717985 0.0528347 0.975596 0.824871 0.893451 0.304044 0.195 0.0461219 0.469578 0.1894 0.507473 0.317874 0.0925737 0.461289 0.766423 0.216912 
84 51 64 57 71 26 
0.517709 0.670072 0.802257 0.00569248 0.822068 0.566251 0.931371 0.374331 0.053667 0.822226 0.092316 0.106502 0.797822 0.917187 0.999953 0.101867 0.112188 0.0460744 0.571445 0.301587 0.553548 0.889319 0.394161 0.0148367 0.655743 0.611073 0.532084 0.930593 0.421516 0.852735 0.0377336 0.939225 0.522807 0.839991 0.944918 0.344876 0.406242 0.876289 0.719207 0.459909 0.698515 0.811523 0.566411 0.496337 0.72871 0.566364 0.598204 0.840898 0.612438 0.169649 0.142485 0.165986 0.0589678 0.536646 0.180823 0.71471 0.147719 0.712907 0.645303 0.569235 0.565642 0.683037 0.508461 0.0884495 
85 16 4 26 38 34 
0.152532 0.389179 0.0281821 0.964055 0.95559 0.524519 0.692765 0.521954 0.122723 0.533662 0.134392 0.292372 0.676147 0.300378 0.35134 0.212794 0.4812 0.0660505 0.360512 0.194107 0.711354 0.929748 0.75975 0.39439 0.438208 0.848199 0.917418 0.891586 0.281524 0.846688 0.221254 0.434056 0.235867 0.249436 0.398111 0.191457 0.773955 0.0908755 0.713411 0.896679 0.624538 0.847803 0.189051 0.300685 0.148181 0.540391 0.513479 0.629382 0.606441 0.873991 0.823489 0.317795 0.803739 0.583239 0.712185 0.241948 0.431438 0.629603 0.133534 0.712962 0.476291 0.354788 0.147018 0.712158 
86 85 68 88 40 27 
0.617027 0.274857 0.260542 0.46483 0.463908 0.561228 0.613011 0.00429889 0.0747067 0.242393 0.61074 0.948698 0.0658819 0.928535 0.752437 0.649121 0.640721 0.994385 0.0805584 0.270324 0.127919 0.79352 0.746615 0.482707 0.940539 0.458772 0.0869298 0.485668 0.362388 0.465108 0.121672 0.979414 0.739965 0.382215 0.444244 0.203873 0.943442 0.057255 0.208172 0.018149 0.299648 0.818912 0.966847 0.36553 0.747448 0.719285 0.0146502 0.388168 0.713669 0.0952086 0.658492 0.841588 0.888729 0.405107 0.324295 0.829268 0.863879 0.411225 0.314935 0.226267 0.876333 0.436607 0.205681 0.616298 
87 41 4 33 45 20 
0.0283433 0.780413 0.00682746 0.847256 0.74726 0.372357 0.594703 0.466545 0.387007 0.982872 0.180214 0.482216 0.641364 0.0218026 0.370945 0.0464707 0.346098 0.200212 0.91035 0.757322 0.515148 0.136616 0.633655 0.951755 0.342297 0.249954 0.770576 0.992222 0.070125 0.53284 0.699401 0.0984683 0.313253 0.706229 0.945724 0.0605133 0.0785859 0.540427 0.527058 0.465593 0.523299 0.707272 0.947809 0.164663 0.729075 0.318754 0.211134 0.0751722 0.518967 0.121484 0.832495 0.0341141 0.2581 0.46615 0.985869 0.600397 0.716104 0.756445 0.592619 0.786229 0.289285 0.29202 0.884697 0.602539 
88 5 78 16 46 57 
0.19011 0.542428 0.894147 0.897382 0.490237 0.0588107 0.626457 0.808992 0.269945 0.701629 0.327958 0.391428 0.534123 0.362072 0.649529 0.000273444 0.347941 0.249926 0.716377 0.104386 0.842545 0.502606 0.393672 0.134565 0.387302 0.99621 0.132814 0.217723 0.659262 0.209649 0.588571 0.849373 0.752077 0.482719 0.746755 0.242315 0.541529 0.373211 0.0513061 0.811474 0.0748403 0.379264 0.202903 0.608964 0.741336 0.852431 0.609237 0.0892775 0.102357 0.325614 0.193664 0.944901 0.82822 0.587335 0.0794661 0.215522 0.583546 0.21228 0.433245 0.242808 0.421929 0.0218169 0.0921807 0.174006 
