52 2
1 0 0 1 1 0 0 0 0 0 0 0 1 1 0 0 0 0 1 0 0 1 0 1 0 1 0 0 1 0 1 1 1 0 1 0 1 0 1 0 0 0 0 0 0 1 1 0 0 1 1 1 
0 2 
0.543807 0.0378752 0.390965 0.156524 
1 47 
0.540142 0.917606 0.392781 0.99919 
2 49 
0.995167 0.491791 0.030334 0.538746 
3 7 
0.364393 0.646732 0.358042 0.696297 
4 17 
0.223175 0.339845 0.554104 0.0854263 
5 25 
0.861921 0.0614183 0.406349 0.683815 
6 20 
0.950157 0.72169 0.0592024 0.106681 
7 33 
0.599344 0.0242873 0.374215 0.598534 
8 17 
0.0903252 0.214942 0.908129 0.928343 
9 20 
0.272522 0.575074 0.189442 0.968819 
10 31 
0.412617 0.308664 0.373529 0.498043 
11 38 
0.23545 0.559462 0.870334 0.919264 
12 48 
0.82049 0.640954 0.286901 0.927171 
13 35 
0.886246 0.951459 0.996604 0.48478 
14 31 
0.365987 0.575105 0.351009 0.274115 
15 49 
0.182409 0.546637 0.0785216 0.371851 
16 51 
0.897947 0.784468 0.82412 0.271476 
17 6 
0.288104 0.506926 0.841973 0.158438 
18 15 
0.069672 0.978928 0.0671441 0.356573 
19 25 
0.689532 0.242819 0.857558 0.686136 
20 26 
0.993625 0.0521227 0.302704 0.344634 
21 18 
0.806151 0.527043 0.872875 0.884673 
22 14 
0.388331 0.78262 0.683362 0.212451 
23 31 
0.965873 0.500555 0.561022 0.807846 
24 7 
0.987212 0.877518 0.63792 0.0543559 
25 38 
0.54402 0.743888 0.47691 0.401578 
26 15 
0.204509 0.395203 0.482147 0.507213 
27 22 
0.808385 0.313364 0.26688 0.681261 
28 6 
0.165774 0.0695916 0.980657 0.849135 
29 36 
0.034753 0.815008 0.782597 0.595775 
30 35 
0.441589 0.582986 0.500372 0.0795098 
31 50 
0.734464 0.62353 0.381231 0.211374 
32 51 
0.811255 0.415883 0.42031 0.293402 
33 51 
0.160147 0.101788 0.23646 0.427027 
34 5 
0.434497 0.5928 0.85264 0.415154 
35 22 
0.134682 0.449907 0.256944 0.917279 
36 32 
0.879798 0.358869 0.628668 0.38017 
37 29 
0.26601 0.114634 0.0619081 0.647241 
38 22 
0.0870153 0.458496 0.741892 0.507325 
39 49 
0.664988 0.667472 0.853686 0.901448 
40 34 
0.636734 0.335945 0.687298 0.489374 
41 44 
0.129234 0.624056 0.201005 0.386178 
42 47 
0.246687 0.265976 0.900204 0.875355 
43 42 
0.338583 0.141365 0.76078 0.400491 
44 29 
0.0867887 0.487506 0.247102 0.82868 
45 14 
0.999001 0.493668 0.662303 0.852687 
46 33 
0.756801 0.489421 0.73106 0.4441 
47 2 
0.482159 0.573334 0.602851 0.683164 
48 25 
0.144187 0.929851 0.225488 0.0443908 
49 20 
0.871634 0.382973 0.946571 0.632414 
50 3 
0.735177 0.719203 0.27097 0.98228 
51 22 
0.265801 0.98128 0.041551 0.928104 
