1600 2
0 1 1 1 0 0 1 1 0 0 1 1 1 1 0 1 1 1 0 0 0 0 1 1 0 1 1 0 0 1 1 0 1 1 0 0 0 0 1 1 0 1 1 0 0 0 1 0 0 0 0 0 1 0 0 1 0 0 0 0 1 0 1 1 0 0 1 1 1 1 1 0 1 0 0 0 1 0 0 1 1 1 0 1 0 1 1 0 0 1 1 0 0 1 1 0 0 1 0 0 1 1 0 1 0 1 1 0 0 0 0 0 0 1 0 1 1 1 0 1 1 0 0 0 0 0 1 1 0 1 1 0 1 0 1 0 0 1 1 1 0 1 0 1 1 1 1 0 1 1 0 1 0 1 1 0 1 1 0 0 1 0 0 1 1 0 0 0 0 1 0 1 1 1 1 1 0 1 0 0 1 1 1 1 0 1 0 0 1 1 1 0 1 0 0 1 1 0 1 0 0 0 0 0 1 0 0 0 1 0 1 1 0 1 1 1 1 0 0 0 1 1 1 1 0 0 1 1 1 1 0 0 1 0 1 1 1 1 0 1 0 0 0 1 1 0 0 1 0 1 0 0 1 0 0 1 0 0 1 0 1 0 0 1 1 0 1 0 0 0 0 1 1 1 0 1 1 1 0 0 1 1 1 0 1 0 0 0 1 0 1 1 1 0 1 0 0 1 1 1 0 0 0 1 1 1 1 1 1 0 0 1 1 0 0 1 1 1 0 1 0 0 0 1 0 0 0 1 1 0 1 0 1 0 0 1 0 1 1 0 0 0 1 0 1 0 0 1 1 1 0 0 1 1 0 0 0 1 0 0 0 0 0 1 0 1 1 1 1 0 1 1 1 1 0 0 0 0 0 0 0 1 0 0 1 1 1 1 0 0 0 1 0 1 1 1 0 0 1 0 1 1 0 1 1 0 0 1 1 0 0 0 0 1 0 1 0 0 1 1 0 0 1 1 1 0 1 0 1 1 1 1 0 1 1 0 0 1 0 0 0 0 1 1 0 0 1 1 0 1 1 1 1 0 1 1 1 1 0 1 1 0 1 0 0 1 0 1 1 1 0 0 0 1 1 0 0 1 0 1 0 1 1 0 0 1 0 0 1 1 0 0 0 0 1 0 0 0 0 1 1 0 0 0 0 0 1 1 1 1 0 0 1 0 1 0 1 0 1 1 0 0 0 1 1 1 0 0 0 0 0 0 1 0 0 0 1 0 0 1 0 1 0 0 1 0 1 1 1 1 1 0 0 1 1 0 1 0 0 0 1 1 0 1 0 1 0 1 0 0 1 0 0 1 1 0 0 0 0 1 0 1 0 0 1 0 1 1 0 0 0 0 1 1 1 0 1 0 0 1 1 1 0 1 1 0 0 0 1 0 0 1 0 0 0 0 1 0 0 0 0 1 0 0 0 0 1 0 1 1 0 0 1 1 0 1 1 1 0 1 0 0 1 1 1 0 0 1 0 1 1 1 0 0 0 1 1 0 0 1 0 0 0 0 0 1 0 0 0 0 1 1 1 1 0 1 1 1 1 0 0 1 0 1 0 1 1 0 0 0 1 0 1 0 1 1 1 1 0 0 0 0 0 0 1 1 0 1 0 0 0 1 1 1 1 0 1 1 0 0 0 0 1 1 1 0 1 1 0 0 0 1 0 0 0 0 0 1 0 1 0 1 1 0 1 1 0 1 1 1 0 1 0 1 1 0 0 1 1 1 0 0 1 1 1 0 0 1 0 1 1 1 1 0 1 1 0 0 1 1 0 1 1 1 1 1 0 0 1 0 0 0 0 0 1 0 1 0 0 0 1 1 0 1 0 0 0 1 1 0 1 0 0 1 0 0 1 0 1 1 1 0 1 0 1 1 0 1 0 1 0 0 1 0 1 0 1 0 1 0 1 1 1 1 0 1 0 0 0 1 1 0 0 1 0 1 1 1 1 0 1 1 0 0 0 0 1 0 1 1 1 1 0 0 1 1 0 1 0 1 1 0 0 0 0 1 0 0 1 1 0 0 1 1 1 0 0 1 1 0 0 0 0 1 1 1 1 0 1 0 0 1 0 1 0 1 0 0 1 0 0 0 1 0 0 1 1 1 0 1 0 1 0 1 1 0 1 1 1 1 0 0 1 1 1 1 0 0 0 0 1 1 1 0 0 0 0 0 0 1 0 1 1 0 1 1 1 0 1 0 0 1 1 1 1 1 1 0 0 0 1 1 0 1 0 1 0 1 0 1 0 1 1 0 0 0 1 1 1 1 0 0 1 0 0 0 1 0 1 0 1 0 0 0 0 1 0 0 0 1 0 1 0 1 0 1 0 0 1 0 1 0 1 1 0 1 0 0 0 1 1 1 0 1 0 1 1 0 0 0 0 0 0 1 0 0 0 1 1 0 0 1 0 0 0 1 0 1 0 0 1 0 0 0 0 1 1 1 0 0 0 0 1 0 0 0 1 1 0 1 1 1 0 0 1 1 0 0 1 1 1 0 0 0 1 0 1 1 0 0 1 1 1 1 0 1 1 0 1 0 1 1 1 0 0 1 0 1 0 0 1 1 1 1 0 0 0 0 0 1 0 0 1 0 1 1 0 1 0 1 0 0 1 0 1 1 0 0 1 0 0 0 0 0 0 1 1 1 1 1 1 0 0 1 1 0 1 1 0 1 1 0 0 1 1 1 1 1 0 0 0 1 1 1 1 0 1 1 0 1 1 0 0 1 0 1 0 1 1 0 1 1 1 0 1 1 0 0 1 0 1 0 0 1 0 0 0 1 1 1 1 1 0 1 1 1 1 1 1 1 0 1 1 0 1 1 0 0 0 1 1 0 0 1 0 0 0 1 0 0 1 0 1 0 0 1 1 0 1 1 0 0 0 0 1 0 1 1 1 0 1 0 0 0 0 1 1 1 0 0 1 0 0 1 0 1 1 0 1 0 0 0 1 1 0 0 0 0 0 1 1 0 0 0 1 1 1 0 1 0 1 1 1 0 1 0 1 0 1 1 1 1 0 1 1 1 0 1 0 1 1 1 0 0 0 1 0 0 0 0 1 0 1 0 0 1 1 0 0 0 0 0 0 1 1 0 0 0 0 1 1 0 1 0 1 1 0 0 0 1 0 1 1 0 0 0 0 0 1 0 1 0 1 0 0 1 0 1 1 1 0 1 1 0 0 1 0 0 1 0 0 0 0 0 1 1 1 0 0 1 1 1 0 0 0 0 0 1 0 0 0 1 0 0 1 0 0 0 1 0 1 0 1 0 0 1 0 0 1 0 1 1 0 0 0 1 1 0 0 1 1 1 1 1 0 1 0 1 1 0 1 1 1 1 1 0 0 0 0 0 1 0 0 0 1 0 1 0 1 0 0 1 0 0 1 1 1 0 1 1 1 1 1 0 0 1 1 1 1 0 0 1 1 1 1 0 0 1 1 0 0 0 1 1 1 1 1 1 1 1 1 1 0 0 0 1 0 1 1 0 0 0 1 1 0 1 0 0 1 0 1 0 1 1 0 1 0 0 0 0 0 0 0 1 1 0 1 1 0 1 0 1 0 0 1 0 0 0 1 0 1 1 1 1 0 0 0 1 1 1 0 1 0 1 1 1 0 0 1 1 
0 317 
0.96954 0.476158 0.125856 0.838092 
1 1357 
0.736958 0.358255 0.227349 0.904975 
2 874 
0.191893 0.911482 0.791485 0.653769 
3 1345 
0.826146 0.359299 0.576534 0.803876 
4 873 
0.995715 0.567223 0.375224 0.20733 
5 171 
0.0874792 0.949844 0.576971 0.1296 
6 1237 
0.124494 0.0991401 0.759785 0.25035 
7 705 
0.124736 0.987308 0.295487 0.352085 
8 1270 
0.692415 0.543977 0.803764 0.4839 
9 948 
0.675554 0.310046 0.557046 0.252088 
10 1414 
0.285232 0.247803 0.681145 0.660456 
11 47 
0.24839 0.747935 0.404977 0.825361 
12 507 
0.688604 0.949855 0.976676 0.448388 
13 284 
0.913908 0.573124 0.187512 0.209395 
14 61 
0.0797943 0.90181 0.469186 0.883558 
15 1217 
0.666932 0.559112 0.695755 0.223978 
16 1190 
0.809677 0.50921 0.0590036 0.490822 
17 1514 
0.514137 0.739211 0.917601 0.919115 
18 711 
0.795137 0.607718 0.514427 0.771812 
19 376 
0.714632 0.68572 0.629231 0.902144 
20 187 
0.554439 0.981939 0.796925 0.0236254 
21 306 
0.182635 0.690558 0.424609 0.87839 
22 1378 
0.235809 0.688067 0.423746 0.294813 
23 1422 
0.593412 0.80895 0.9181 0.511013 
24 365 
0.482672 0.30615 0.335783 0.9971 
25 303 
0.39189 0.711732 0.763682 0.0211209 
26 1080 
0.658798 0.57556 0.595815 0.455723 
27 827 
0.461312 0.638357 0.289743 0.885921 
28 647 
0.204279 0.12173 0.204814 0.628025 
29 806 
0.383702 0.221437 0.225493 0.301802 
30 305 
0.953558 0.784474 0.0385994 0.289341 
31 240 
0.116562 0.681232 0.493306 0.880244 
32 879 
0.107182 0.539042 0.277913 0.702997 
33 1392 
0.877099 0.164309 0.633121 0.166842 
34 1286 
0.149869 0.371121 0.171959 0.354683 
35 1193 
0.588502 0.738385 0.220582 0.813996 
36 73 
0.953032 0.767554 0.824661 0.991631 
37 890 
0.606236 0.108193 0.738127 0.0995417 
38 1103 
0.440479 0.206724 0.527479 0.718392 
39 12 
0.522243 0.595491 0.0740299 0.155364 
40 1280 
0.124259 0.305233 0.133454 0.296219 
41 1131 
0.1326 0.884721 0.3983 0.353182 
42 1178 
0.438487 0.306214 0.466271 0.263149 
43 0 
0.523166 0.869384 0.406038 0.261293 
44 1190 
0.394475 0.701772 0.17565 0.921954 
45 1447 
0.0853713 0.444196 0.015655 0.159401 
46 1213 
0.777988 0.283661 0.904794 0.911442 
47 1388 
0.564709 0.0440413 0.4646 0.96301 
48 97 
0.163317 0.401497 0.703437 0.629588 
49 1352 
0.0012823 0.152754 0.534031 0.40732 
50 717 
0.502957 0.801795 0.115818 0.678607 
51 1065 
0.535983 0.763978 0.167946 0.551638 
52 1593 
0.767506 0.329625 0.20704 0.6723 
53 1397 
0.786919 0.237009 0.285108 0.25152 
54 1472 
0.682332 0.414837 0.601516 0.385769 
55 6 
0.266162 0.387051 0.197178 0.800193 
56 844 
0.611225 0.30315 0.596167 0.727043 
57 481 
0.319916 0.263025 0.745735 0.487862 
58 264 
0.669114 0.255368 0.144288 0.876154 
59 148 
0.385356 0.663074 0.164677 0.670464 
60 1408 
0.364696 0.352796 0.329431 0.966213 
61 1447 
0.373856 0.232375 0.125616 0.571034 
62 620 
0.919988 0.182259 0.335717 0.516155 
63 1363 
0.317474 0.836071 0.172327 0.0632084 
64 355 
0.98699 0.732323 0.579301 0.131278 
65 245 
0.506969 0.516634 0.271551 0.671646 
66 1325 
0.186145 0.0363428 0.539894 0.515575 
67 1040 
0.278459 0.889431 0.23493 0.404075 
68 1168 
0.267498 0.324062 0.642724 0.603215 
69 701 
0.552025 0.920688 0.676288 0.724352 
70 1120 
0.000220933 0.711342 0.716219 0.579522 
71 151 
0.324696 0.0864909 0.359255 0.596247 
72 1211 
0.546353 0.782392 0.79448 0.0862466 
73 131 
0.797035 0.364705 0.187398 0.0319655 
74 574 
0.647863 0.299463 0.0928427 0.290587 
75 656 
0.93306 0.842612 0.823366 0.609348 
76 1497 
0.807262 0.609569 0.278307 0.523482 
77 734 
0.120927 0.848178 0.275582 0.480182 
78 37 
0.0337192 0.0265343 0.226818 0.828199 
79 1489 
0.524785 0.625235 0.477486 0.712184 
80 351 
0.246267 0.360047 0.956663 0.339109 
81 660 
0.859341 0.272169 0.493247 0.682707 
82 550 
0.0602111 0.489969 0.491086 0.338518 
83 1099 
0.680177 0.459445 0.861629 0.955759 
84 766 
0.306055 0.989478 0.966161 0.532873 
85 1510 
0.0789418 0.0576577 0.442912 0.556428 
86 606 
0.100112 0.802695 0.129888 0.0567756 
87 1240 
0.780522 0.916116 0.413973 0.273769 
88 1399 
0.29549 0.33398 0.0887924 0.786576 
89 524 
0.102243 0.466753 0.131943 0.963873 
90 322 
0.0715694 0.269928 0.41199 0.0377303 
91 745 
0.229667 0.116672 0.860458 0.67258 
92 961 
0.630299 0.772692 0.475795 0.760188 
93 714 
0.617598 0.54071 0.745584 0.0315712 
94 59 
0.344407 0.327061 0.148459 0.4332 
95 1181 
0.820957 0.535443 0.580391 0.9529 
96 457 
0.002903 0.024469 0.769244 0.414893 
97 607 
0.572044 0.644561 0.178871 0.432502 
98 695 
0.851971 0.0628014 0.0898322 0.327766 
99 1 
0.9193 0.945364 0.363699 0.664884 
100 924 
0.178178 0.0092908 0.303997 0.326637 
101 799 
0.417634 0.147593 0.977933 0.998025 
102 641 
0.477249 0.000928154 0.124962 0.246493 
103 1461 
0.187161 0.818537 0.060382 0.366032 
104 609 
0.377522 0.218004 0.31384 0.467354 
105 868 
0.136829 0.386654 0.491134 0.500528 
106 1232 
0.468069 0.678705 0.0608285 0.772066 
107 1580 
0.503319 0.1897 0.152935 0.481252 
108 1442 
0.253428 0.958501 0.188654 0.37839 
109 512 
0.604475 0.565552 0.0235306 0.664857 
110 1311 
0.274569 0.0423791 0.149588 0.588409 
111 1186 
0.695357 0.725238 0.896388 0.186491 
112 1539 
0.947925 0.65456 0.904471 0.00875385 
113 395 
0.909813 0.512073 0.616327 0.0627489 
114 344 
0.804052 0.316177 0.951826 0.992706 
115 163 
0.15682 0.597181 0.260119 0.180351 
116 230 
0.191703 0.45492 0.304417 0.341291 
117 1566 
0.81415 0.0366482 0.768568 0.710538 
118 719 
0.994334 0.658463 0.8777 0.898805 
119 1178 
0.304326 0.808619 0.17929 0.920653 
120 1240 
0.172615 0.724705 0.187545 0.124441 
121 882 
0.882113 0.281262 0.314592 0.142232 
122 1470 
0.576629 0.333935 0.916533 0.881046 
123 742 
0.959862 0.695197 0.711875 0.72843 
124 42 
0.935014 0.722764 0.0641981 0.812713 
125 163 
0.731415 0.117039 0.430188 0.910705 
126 901 
0.301555 0.0833201 0.762397 0.4891 
127 880 
0.479808 0.371213 0.489023 0.7944 
128 1004 
0.950636 0.371029 0.847381 0.867168 
129 122 
0.522607 0.827031 0.947272 0.234482 
130 320 
0.353007 0.169495 0.278225 0.417205 
131 596 
0.899794 0.148621 0.0992483 0.329982 
132 1133 
0.13694 0.631538 0.142646 0.899338 
133 1197 
0.350407 0.379146 0.491851 0.83943 
134 738 
0.00529664 0.790066 0.544574 0.852677 
135 948 
0.79665 0.375284 0.484265 0.743922 
136 112 
0.0397259 0.0969294 0.779261 0.317951 
137 1446 
0.76147 0.217745 0.662755 0.860718 
138 658 
0.722081 0.997659 0.179265 0.864727 
139 404 
0.299903 0.215134 0.276142 0.791755 
140 1527 
0.449687 0.797051 0.84463 0.994262 
141 1585 
0.501864 0.790912 0.025013 0.986129 
142 1347 
0.634779 0.0258547 0.631763 0.41404 
143 321 
0.145898 0.175511 0.561551 0.808653 
144 1493 
0.109279 0.530734 0.033888 0.288544 
145 1594 
0.930884 0.588447 0.610595 0.207026 
146 1567 
0.66516 0.656714 0.177253 0.50979 
147 396 
0.826982 0.0116536 0.441887 0.851995 
148 1394 
0.976721 0.486774 0.0236371 0.608484 
149 85 
0.367443 0.754382 0.0763246 0.928994 
150 51 
0.112554 0.0382723 0.0937694 0.146442 
151 42 
0.489231 0.0773263 0.915263 0.0998259 
152 1367 
0.295465 0.764986 0.941066 0.472718 
153 1384 
0.592042 0.299699 0.286429 0.0339286 
154 1056 
0.284211 0.0106493 0.638467 0.307848 
155 1036 
0.539281 0.675291 0.373515 0.615606 
156 589 
0.93655 0.72816 0.642557 0.0303199 
157 58 
0.969373 0.51955 0.951928 0.884636 
158 1504 
0.23628 0.180101 0.384362 0.177347 
159 1447 
0.659137 0.769389 0.952517 0.945566 
160 358 
0.104211 0.229777 0.813967 0.742678 
161 1383 
0.4331 0.281959 0.212916 0.806615 
162 265 
0.817201 0.743166 0.625724 0.459758 
163 1040 
0.500326 0.429131 0.293036 0.452253 
164 297 
0.912412 0.688534 0.493868 0.296774 
165 645 
0.146686 0.955911 0.635269 0.0992036 
166 1391 
0.438587 0.203415 0.131254 0.252553 
167 1535 
0.668878 0.685653 0.228052 0.881794 
168 680 
0.125617 0.698995 0.235434 0.751341 
169 776 
0.00891947 0.251667 0.587884 0.301955 
170 680 
0.901651 0.214368 0.392454 0.395519 
171 593 
0.258334 0.542205 0.467053 0.893604 
172 843 
0.36853 0.332191 0.844823 0.499784 
173 1412 
0.790916 0.168662 0.270397 0.0189678 
174 3 
0.762665 0.144584 0.749452 0.998099 
175 909 
0.908205 0.00701886 0.147592 0.496089 
176 473 
0.851512 0.39774 0.523342 0.243966 
177 1241 
0.0344843 0.5023 0.335464 0.501538 
178 701 
0.976873 0.870068 0.728095 0.821696 
179 209 
0.312838 0.612613 0.538515 0.583235 
180 1190 
0.588971 0.345901 0.776165 0.338423 
181 526 
0.67209 0.246628 0.351019 0.819682 
182 498 
0.659993 0.671194 0.140456 0.183336 
183 521 
0.933715 0.21782 0.41746 0.269179 
184 654 
0.813364 0.246052 0.589426 0.541458 
185 395 
0.959278 0.854297 0.680361 0.497792 
186 1437 
0.311941 0.0867639 0.783433 0.0881058 
187 959 
0.127433 0.760196 0.671815 0.478453 
188 967 
0.414532 0.138446 0.251071 0.554988 
189 1349 
0.166231 0.488703 0.539601 0.583691 
190 1120 
0.258959 0.397055 0.00393363 0.848385 
191 1099 
0.0716819 0.807663 0.79281 0.752043 
192 1159 
0.230342 0.0639839 0.392219 0.0137752 
193 673 
0.817406 0.141209 0.912286 0.489221 
194 117 
0.492163 0.903753 0.758107 0.743235 
195 1256 
0.0798886 0.909466 0.947444 0.61949 
196 377 
0.705326 0.878449 0.890211 0.709259 
197 836 
0.828724 0.780941 0.534496 0.621533 
198 129 
0.839951 0.851875 0.596968 0.23217 
199 1003 
0.749058 0.049576 0.00685923 0.661343 
200 812 
0.62652 0.153506 0.44255 0.384627 
201 819 
0.901291 0.464516 0.806207 0.848735 
202 1441 
0.299363 0.554061 0.962455 0.189574 
203 800 
0.689288 0.0182976 0.0442615 0.223785 
204 1230 
0.577246 0.0637356 0.491707 0.174214 
205 1179 
0.357357 0.923271 0.345482 0.364216 
206 727 
0.884279 0.990737 0.738121 0.326829 
207 525 
0.634862 0.228121 0.83988 0.441069 
208 475 
0.923886 0.740432 0.630917 0.886341 
209 1075 
0.894237 0.57563 0.948303 0.938499 
210 729 
0.588135 0.515744 0.86315 0.0798411 
211 1318 
0.159055 0.437198 0.613229 0.504537 
212 1187 
0.197844 0.388816 0.792152 0.935965 
213 947 
0.167516 0.570827 0.943766 0.00739605 
214 742 
0.0206217 0.931282 0.752328 0.651539 
215 730 
0.682334 0.545776 0.393253 0.630637 
216 424 
0.192667 0.218772 1.88472e-05 0.0558167 
217 523 
0.689977 0.214872 0.735811 0.303206 
218 546 
0.537226 0.50105 0.108225 0.329378 
219 486 
0.82387 0.496893 0.00784185 0.767636 
220 1346 
0.0197378 0.788257 0.435572 0.772066 
221 141 
0.253195 0.454399 0.985572 0.646448 
222 1585 
0.469846 0.839115 0.303808 0.469865 
223 1419 
0.602421 0.159842 0.109804 0.338232 
224 441 
0.829213 0.875458 0.964098 0.937437 
225 1167 
0.401112 0.761307 0.701729 0.408954 
226 161 
0.206018 0.428692 0.3172 0.64159 
227 817 
0.756996 0.894785 0.655157 0.742568 
228 1249 
0.740194 0.212414 0.380348 0.0440017 
229 880 
0.27528 0.646423 0.842121 0.385083 
230 264 
0.305169 0.214296 0.860113 0.269266 
231 1457 
0.0649484 0.670379 0.91304 0.766677 
232 449 
0.441983 0.972696 0.508025 0.759184 
233 1281 
0.708783 0.51618 0.509071 0.36394 
234 1530 
0.0503044 0.104134 0.471162 0.430652 
235 1593 
0.153441 0.705932 0.794558 0.995562 
236 1019 
0.779213 0.30073 0.305311 0.639325 
237 1377 
0.457044 0.704274 0.240376 0.370085 
238 188 
0.319709 0.812068 0.443647 0.827734 
239 243 
0.0579332 0.536518 0.0874314 0.567005 
240 1486 
0.346179 0.617309 0.0045915 0.81734 
241 836 
0.152727 0.970781 0.753893 0.947285 
242 172 
0.844909 0.726498 0.267073 0.15022 
243 827 
0.83707 0.607264 0.070097 0.0774457 
244 921 
0.541048 0.397155 0.789417 0.984695 
245 252 
0.360669 0.0426287 0.761407 0.4481 
246 1417 
0.661864 0.794279 0.226942 0.666456 
247 1573 
0.274903 0.819183 0.582401 0.0287967 
248 1133 
0.548743 0.873705 0.492965 0.815816 
249 747 
0.858789 0.652886 0.631189 0.928886 
250 1420 
0.608538 0.469934 0.127487 0.397955 
251 517 
0.352376 0.758624 0.497258 0.113783 
252 1527 
0.106891 0.775647 0.00100378 0.333834 
253 1009 
0.612623 0.608737 0.261286 0.195024 
254 211 
0.0277537 0.743767 0.511239 0.520719 
255 710 
0.535164 0.379508 0.21247 0.166353 
256 1291 
0.942802 0.774891 0.778328 0.0702884 
257 1227 
0.232957 0.422664 0.93147 0.730215 
258 1249 
0.138194 0.837107 0.312094 0.139198 
259 1522 
0.754197 0.751822 0.779677 0.0154828 
260 1417 
0.417211 0.0432366 0.690613 0.92845 
261 1090 
0.250197 0.463613 0.943464 0.462667 
262 31 
0.251857 0.405468 0.404857 0.0301847 
263 1380 
0.577703 0.263142 0.898421 0.509172 
264 20 
0.434868 0.647367 0.830463 0.746962 
265 37 
0.00140356 0.501159 0.538387 0.781081 
266 829 
0.485233 0.198291 0.559878 0.175846 
267 1069 
0.123834 0.426043 0.590354 0.0672976 
268 468 
0.22032 0.319155 0.294178 0.625177 
269 1084 
0.769934 0.202879 0.612481 0.668355 
270 1011 
0.605838 0.103223 0.359419 0.436302 
271 1216 
0.145984 0.437705 0.351344 0.684371 
272 545 
0.867985 0.169604 0.417077 0.427863 
273 778 
0.543818 0.551697 0.771492 0.134172 
274 953 
0.660201 0.354492 0.93815 0.954379 
275 377 
0.287489 0.724313 0.182548 0.89997 
276 737 
0.8946 0.505809 0.495891 0.254018 
277 1556 
0.346076 0.400002 0.379815 0.69742 
278 1560 
0.598601 0.565405 0.253977 0.0156784 
279 959 
0.599427 0.559496 0.544965 0.370919 
280 1483 
0.16396 0.03112 0.0481605 0.102109 
281 122 
0.0278293 0.389598 0.709812 0.210377 
282 975 
0.10248 0.104977 0.795377 0.598372 
283 1118 
0.737488 0.944448 0.758998 0.117303 
284 1361 
0.843371 0.715904 0.207272 0.0973483 
285 1009 
0.20054 0.696775 0.291079 0.745505 
286 977 
0.984747 0.909465 0.0988134 0.0329078 
287 180 
0.0843122 0.0607371 0.401172 0.794124 
288 1104 
0.690741 0.896604 0.376092 0.486118 
289 188 
0.735087 0.223606 0.439423 0.494085 
290 474 
0.0812908 0.337456 0.0568133 0.288563 
291 172 
0.788396 0.489103 0.13158 0.0794749 
292 846 
0.199273 0.0642223 0.144073 0.298086 
293 1381 
0.155646 0.382399 0.157867 0.556819 
294 1162 
0.428982 0.247559 0.0731269 0.805073 
295 948 
0.568103 0.54016 0.957284 0.00752592 
296 1139 
0.298193 0.0888167 0.371702 0.355006 
297 648 
0.806507 0.143402 0.866483 0.938087 
298 347 
0.101091 0.13736 0.287099 0.245163 
299 1211 
0.384229 0.40081 0.817845 0.542097 
300 17 
0.994367 0.971078 0.205188 0.0674942 
301 89 
0.938866 0.635597 0.316312 0.896149 
302 987 
0.350558 0.194342 0.731939 0.72226 
303 187 
0.109319 0.528767 0.69275 0.975802 
304 1283 
0.915627 0.0768923 0.604213 0.202726 
305 1223 
0.0396588 0.586955 0.722865 0.857503 
306 1463 
0.680494 0.851871 0.10013 0.885682 
307 1344 
0.876281 0.824547 0.554962 0.192593 
308 375 
0.198084 0.543151 0.915038 0.930024 
309 976 
0.464386 0.0393428 0.794178 0.157136 
310 947 
0.261031 0.0727621 0.0920368 0.865244 
311 691 
0.414092 0.904903 0.862443 0.136958 
312 131 
0.991494 0.817452 0.614277 0.0916238 
313 639 
0.533642 0.967905 0.52768 0.0886036 
314 932 
0.248377 0.286688 0.70365 0.163415 
315 1118 
0.969061 0.627801 0.256055 0.763238 
316 1327 
0.271199 0.0242695 0.857699 0.363236 
317 665 
0.133186 0.777328 0.794416 0.995629 
318 502 
0.556822 0.987123 0.731738 0.171099 
319 657 
0.434871 0.704741 0.0466522 0.962551 
320 998 
0.207151 0.210928 0.0800323 0.910801 
321 868 
0.296744 0.879861 0.00214369 0.552799 
322 1476 
0.78708 0.823998 0.667369 0.644779 
323 74 
0.556882 0.777965 0.964562 0.351298 
324 502 
0.878849 0.90812 0.760717 0.610587 
325 989 
0.839464 0.0454577 0.783959 0.886116 
326 1100 
0.577304 0.0932671 0.218937 0.657336 
327 693 
0.59328 0.95408 0.883929 0.595424 
328 380 
0.527029 0.382504 0.330877 0.194398 
329 136 
0.518111 0.75128 0.805248 0.482673 
330 1027 
0.578842 0.361522 0.0106986 0.339559 
331 592 
0.0899174 0.179023 0.0175658 0.873877 
332 583 
0.0255749 0.45118 0.158406 0.244512 
333 115 
0.162474 0.837792 0.0625963 0.0464028 
334 1276 
0.569475 0.573431 0.81572 0.900352 
335 170 
0.843003 0.418462 0.51911 0.64825 
336 667 
0.621688 0.227092 0.262657 0.632387 
337 939 
0.234765 0.722304 0.745674 0.252331 
338 1103 
0.810813 0.277906 0.0473614 0.969219 
339 417 
0.155878 0.131693 0.36021 0.218474 
340 1450 
0.793426 0.787949 0.751527 0.609146 
341 1584 
0.519356 0.452149 0.106763 0.0384661 
342 426 
0.00789885 0.660154 0.327491 0.270556 
343 532 
0.894141 0.505321 0.0148457 0.639815 
344 841 
0.611027 0.450628 0.0355571 0.658388 
345 1229 
0.557975 0.814266 0.55154 0.918185 
346 1150 
0.729635 0.711611 0.820689 0.481162 
347 1545 
0.50899 0.000518723 0.772906 0.615754 
348 911 
0.873305 0.623652 0.699139 0.200796 
349 1324 
0.991681 0.0949373 0.399529 0.00652624 
350 1289 
0.15718 0.617553 0.18538 0.192737 
351 1447 
0.605227 0.750712 0.090207 0.156766 
352 546 
0.122947 0.886402 0.380508 0.943636 
353 1573 
0.701265 0.452626 0.368083 0.474171 
354 602 
0.407068 0.347476 0.692032 0.106207 
355 1564 
0.58624 0.0978874 0.643209 0.985769 
356 884 
0.377961 0.142949 0.721967 0.563341 
357 943 
0.997908 0.168568 0.0863985 0.0881147 
358 961 
0.755295 0.211062 0.211736 0.135803 
359 559 
0.5793 0.837069 0.607323 0.947383 
360 1297 
0.675703 0.35445 0.658716 0.367735 
361 718 
0.206988 0.953975 0.558544 0.850197 
362 541 
0.662958 0.228158 0.0826925 0.384925 
363 657 
0.418379 0.382832 0.960067 0.504777 
364 397 
0.285402 0.260073 0.682008 0.497138 
365 174 
0.836706 0.0764382 0.232945 0.444029 
366 63 
0.544185 0.119732 0.378271 0.2029 
367 1173 
0.838928 0.409888 0.441441 0.397473 
368 379 
0.381185 0.0604308 0.488242 0.463877 
369 1435 
0.279742 0.882256 0.828188 0.239809 
370 1076 
0.299135 0.525211 0.647106 0.981143 
371 836 
0.0429826 0.817849 0.0987874 0.275927 
372 1207 
0.122608 0.820112 0.38161 0.50088 
373 668 
0.869077 0.339808 0.4329 0.310518 
374 1177 
0.692984 0.691703 0.797712 0.181226 
375 636 
0.243067 0.460968 0.0378366 0.0712548 
376 40 
0.42487 0.370389 0.225988 0.0719765 
377 1248 
0.248337 0.114959 0.169381 0.347125 
378 245 
0.431259 0.469733 0.210999 0.812869 
379 649 
0.234011 0.681946 0.310421 0.666911 
380 1480 
0.0477019 0.359895 0.684167 0.845414 
381 1075 
0.839748 0.0884808 0.00208928 0.877584 
382 823 
0.702866 0.302454 0.530125 0.928854 
383 799 
0.881657 0.177192 0.48939 0.0510386 
384 442 
0.880277 0.482298 0.994049 0.0912752 
385 1156 
0.964662 0.325286 0.977113 0.275083 
386 1234 
0.969578 0.322785 0.352091 0.653745 
387 29 
0.893213 0.493492 0.256679 0.895302 
388 394 
0.416415 0.598168 0.673531 0.94654 
389 1440 
0.0479614 0.828197 0.704214 0.537351 
390 450 
0.22853 0.417628 0.361534 0.22258 
391 319 
0.656701 0.187242 0.834189 0.633814 
392 831 
0.826386 0.603392 0.785109 0.178477 
393 990 
0.953308 0.0716899 0.750629 0.209987 
394 942 
0.121705 0.626402 0.56516 0.795236 
395 1397 
0.092183 0.843197 0.401139 0.796397 
396 537 
0.280374 0.0249277 0.798176 0.641908 
397 1327 
0.307079 0.298609 0.434749 0.141268 
398 1515 
0.897074 0.967654 0.535815 0.682183 
399 300 
0.792951 0.635491 0.217821 0.54358 
400 923 
0.184813 0.665285 0.471879 0.749973 
401 1319 
0.0448204 0.842156 0.303717 0.445959 
402 313 
0.684266 0.726333 0.663481 0.482442 
403 1384 
0.910989 0.789521 0.66685 0.345738 
404 1278 
0.599273 0.242812 0.898444 0.135088 
405 893 
0.0445752 0.928039 0.560485 0.262397 
406 657 
0.405962 0.44721 0.136903 0.877841 
407 1195 
0.597423 0.922662 0.0393396 0.901141 
408 562 
0.677893 0.585406 0.0949539 0.341375 
409 1547 
0.463195 0.252363 0.857369 0.130045 
410 1407 
0.788159 0.729318 0.840913 0.686603 
411 601 
0.765907 0.731178 0.792444 0.326392 
412 275 
0.264062 0.732355 0.440784 0.400965 
413 884 
0.637967 0.998389 0.532858 0.677307 
414 1045 
0.901479 0.3552 0.484935 0.996433 
415 1220 
0.552783 0.459628 0.948938 0.410152 
416 381 
0.547039 0.198311 0.318991 0.387952 
417 922 
0.183396 0.153859 0.616092 0.97584 
418 1170 
0.609667 0.239903 0.212606 0.0504509 
419 734 
0.822803 0.688418 0.639257 0.355661 
420 181 
0.538786 0.25714 0.720925 0.0237212 
421 1365 
0.4175 0.576504 0.7132 0.366438 
422 578 
0.302873 0.913477 0.184968 0.621863 
423 1414 
0.0698822 0.805259 0.455289 0.685974 
424 931 
0.93554 0.295641 0.0210017 0.148147 
425 980 
0.66187 0.970949 0.0345101 0.301126 
426 796 
0.400235 0.839912 0.583749 0.121161 
427 382 
0.837322 0.538661 0.440138 0.550522 
428 672 
0.426795 0.853394 0.818577 0.611763 
429 801 
0.120006 0.681645 0.280516 0.575295 
430 502 
0.0616155 0.510835 0.66326 0.0826173 
431 1078 
0.00935213 0.744487 0.629931 0.0438623 
432 464 
0.956541 0.444098 0.885526 0.540291 
433 28 
0.749159 0.377612 0.103919 0.189297 
434 723 
0.0090184 0.616092 0.781528 0.827595 
435 465 
0.256785 0.947601 0.9095 0.537302 
436 218 
0.277119 0.598917 0.0337313 0.940379 
437 507 
0.692713 0.949731 0.426022 0.322645 
438 1329 
0.471635 0.279186 0.437691 0.357161 
439 1513 
0.00294973 0.10632 0.197089 0.106869 
440 847 
0.125223 0.115887 0.911709 0.906751 
441 1057 
0.139563 0.163537 0.891083 0.0490631 
442 1353 
0.413979 0.326182 0.299756 0.447711 
443 968 
0.981291 0.140424 0.216293 0.407312 
444 490 
0.209886 0.878947 0.742255 0.647578 
445 216 
0.561731 0.650527 0.342428 0.75882 
446 592 
0.638045 0.884044 0.873284 0.549754 
447 24 
0.816766 0.689318 0.954332 0.70785 
448 1557 
0.655171 0.121829 0.0645629 0.954927 
449 1358 
0.331124 0.936218 0.709964 0.547417 
450 79 
0.173033 0.757303 0.222477 0.915288 
451 489 
0.458586 0.477019 0.0554086 0.801014 
452 7 
0.812805 0.439059 0.119883 0.686089 
453 1433 
0.910678 0.502855 0.678131 0.86501 
454 1319 
0.416512 0.52018 0.332535 0.481075 
455 1045 
0.902075 0.812199 0.411324 0.612039 
456 1153 
0.754854 0.785072 0.11692 0.977332 
457 1120 
0.521801 0.435917 0.177378 0.577209 
458 1115 
0.413218 0.390015 0.67599 0.5331 
459 897 
0.664804 0.443778 0.578959 0.342935 
460 993 
0.789664 0.759447 0.828968 0.122199 
461 1338 
0.304075 0.0242737 0.0527209 0.715399 
462 771 
0.412337 0.470253 0.421385 0.529257 
463 487 
0.121744 0.0510577 0.883502 0.299123 
464 1387 
0.120433 0.71234 0.0182817 0.796424 
465 1244 
0.0943853 0.461228 0.689219 0.673344 
466 1409 
0.998006 0.463009 0.56361 0.826974 
467 590 
0.804131 0.131048 0.609481 0.856852 
468 549 
0.245794 0.269189 0.316701 0.667179 
469 604 
0.764285 0.788923 0.849504 0.647788 
470 1574 
0.477771 0.768221 0.800386 0.496053 
471 1220 
0.0458266 0.590438 0.0258728 0.735045 
472 1244 
0.830035 0.733051 0.726791 0.393645 
473 1569 
0.311999 0.197776 0.691073 0.92148 
474 440 
0.537521 0.167274 0.323818 0.854221 
475 1051 
0.122264 0.618507 0.623376 0.971768 
476 634 
0.711422 0.449539 0.0345156 0.511808 
477 1454 
0.599161 0.557634 0.53603 0.625033 
478 1024 
0.799812 0.455069 0.0257307 0.526603 
479 1003 
0.585756 0.838602 0.0464903 0.276829 
480 142 
0.101119 0.81435 0.927356 0.424937 
481 560 
0.761809 0.547201 0.287078 0.385185 
482 1275 
0.553373 0.0966067 0.968508 0.587888 
483 1440 
0.9141 0.187049 0.166049 0.45013 
484 1026 
0.458728 0.249943 0.267151 0.484459 
485 596 
0.115865 0.0702145 0.615148 0.162356 
486 412 
0.37523 0.263475 0.161394 0.302587 
487 757 
0.829965 0.0643958 0.235613 0.117043 
488 454 
0.754582 0.670416 0.546188 0.723091 
489 463 
0.154602 0.637191 0.445353 0.320651 
490 515 
0.257436 0.779378 0.337264 0.524587 
491 329 
0.11381 0.640453 0.334052 0.728958 
492 365 
0.681095 0.104188 0.0662831 0.842489 
493 1394 
0.754695 0.672454 0.471171 0.990308 
494 242 
0.920752 0.74489 0.459914 0.466939 
495 776 
0.718218 0.621541 0.105171 0.163572 
496 268 
0.192492 0.421008 0.72157 0.529756 
497 11 
0.985407 0.643565 0.586048 0.319459 
498 1481 
0.388856 0.00055419 0.476711 0.455139 
499 1136 
0.883486 0.209834 0.515498 0.354657 
500 593 
0.304996 0.275408 0.945031 0.76491 
501 906 
0.413011 0.483128 0.363888 0.518183 
502 1593 
0.30608 0.710675 0.0677076 0.02765 
503 550 
0.0133025 0.0130572 0.883996 0.59935 
504 729 
0.256519 0.988206 0.33307 0.73323 
505 1481 
0.176114 0.616716 0.653179 0.691612 
506 1390 
0.853321 0.996607 0.24678 0.798352 
507 1470 
0.989128 0.211363 0.244645 0.353016 
508 1591 
0.891345 0.659096 0.440221 0.959053 
509 1057 
0.680651 0.972355 0.699803 0.564647 
510 61 
0.0323191 0.821166 0.559912 0.365389 
511 501 
0.0032568 0.541503 0.171112 0.656436 
512 1409 
0.142484 0.509757 0.229722 0.389264 
513 316 
0.991239 0.378392 0.519472 0.235884 
514 1392 
0.249018 0.127229 0.390504 0.689238 
515 1367 
0.0772494 0.36989 0.0586374 0.777052 
516 1380 
0.630343 0.809372 0.755702 0.190254 
517 51 
0.310098 0.193511 0.716264 0.48121 
518 1196 
0.949378 0.623693 0.359704 0.1791 
519 859 
0.667812 0.170339 0.39135 0.187284 
520 1472 
0.122757 0.436302 0.533452 0.513261 
521 561 
0.619734 0.59051 0.49543 0.678371 
522 700 
0.429967 0.308714 0.176934 0.185669 
523 785 
0.351695 0.495767 0.69248 0.067959 
524 227 
0.542427 0.0173371 0.60067 0.902131 
525 503 
0.613628 0.569943 0.366776 0.00497758 
526 38 
0.772998 0.127735 0.193529 0.30645 
527 1513 
0.319069 0.926185 0.231506 0.814499 
528 565 
0.599069 0.244466 0.91327 0.776003 
529 537 
0.412239 0.127698 0.925902 0.104719 
530 1417 
0.902879 0.647146 0.212995 0.503549 
531 1530 
0.409432 0.117177 0.11922 0.776207 
532 988 
0.876447 0.549206 0.24989 0.069976 
533 343 
0.890886 0.389045 0.781841 0.122392 
534 1238 
0.386397 0.721461 0.44801 0.299667 
535 945 
0.878145 0.711906 0.625162 0.804047 
536 1089 
0.82082 0.706926 0.463771 0.0338141 
537 1264 
0.0130481 0.443246 0.327653 0.132268 
538 1073 
0.449808 0.00871506 0.768659 0.699698 
539 5 
0.590584 0.467736 0.406155 0.712975 
540 1281 
0.792552 0.434436 0.119291 0.092219 
541 677 
0.997436 0.804125 0.557062 0.801484 
542 1477 
0.377881 0.50841 0.0845215 0.411695 
543 723 
0.0975695 0.854941 0.0465391 0.229838 
544 1437 
0.496347 0.238553 0.843053 0.196045 
545 352 
0.467367 0.786629 0.78498 0.873523 
546 176 
0.456261 0.666075 0.93404 0.575552 
547 822 
0.865939 0.572988 0.562419 0.423001 
548 1350 
0.183169 0.800882 0.882882 0.267691 
549 397 
0.601768 0.36526 0.067519 0.648307 
550 869 
0.141913 0.144655 0.83365 0.984966 
551 992 
0.150894 0.452333 0.127329 0.935874 
552 1028 
0.626933 0.392135 0.99193 0.560972 
553 1106 
0.750224 0.426912 0.540675 0.312642 
554 999 
0.915147 0.495812 0.650795 0.798029 
555 237 
0.863373 0.399797 0.128762 0.930892 
556 1324 
0.72386 0.0728051 0.192759 0.55751 
557 743 
0.533459 0.708404 0.510103 0.660788 
558 112 
0.835959 0.28772 0.0364124 0.827889 
559 1596 
0.00409879 0.578112 0.275604 0.544773 
560 1250 
0.125517 0.45992 0.386566 0.776312 
561 305 
0.150068 0.639686 0.657746 0.278831 
562 624 
0.705851 0.00269036 0.643383 0.89861 
563 504 
0.701153 0.432069 0.268604 0.211257 
564 1598 
0.912882 0.0472156 0.380577 0.949295 
565 313 
0.22927 0.953393 0.453217 0.504874 
566 383 
0.343971 0.630391 0.958087 0.730538 
567 1583 
0.216036 0.880606 0.0463889 0.873782 
568 242 
0.616967 0.579633 0.162127 0.260349 
569 1 
0.722327 0.961503 0.910311 0.990932 
570 231 
0.00316782 0.903814 0.219975 0.383745 
571 320 
0.0950797 0.613014 0.806502 0.548296 
572 1160 
0.304669 0.892268 0.748279 0.262756 
573 696 
0.154982 0.478792 0.503412 0.201371 
574 643 
0.662848 0.818338 0.932206 0.824975 
575 193 
0.410449 0.547302 0.04019 0.32076 
576 1389 
0.21295 0.323928 0.442048 0.432925 
577 1073 
0.295157 0.528005 0.320687 0.101659 
578 1049 
0.438575 0.406328 0.968569 0.186854 
579 1518 
0.591375 0.341836 0.147876 0.0947861 
580 1044 
0.50045 0.757634 0.361545 0.432656 
581 19 
0.440232 0.843105 0.129912 0.480422 
582 296 
0.668146 0.693372 0.487792 0.110195 
583 96 
0.195464 0.405352 0.654302 0.516151 
584 1289 
0.730603 0.954726 0.91334 0.699172 
585 623 
0.582424 0.290546 0.483415 0.7303 
586 871 
0.0266227 0.23075 0.142967 0.388168 
587 1583 
0.725576 0.8284 0.506511 0.855488 
588 1407 
0.670376 0.523634 0.0021948 0.158168 
589 541 
0.128492 0.353632 0.0391803 0.782794 
590 1384 
0.546191 0.513397 0.824508 0.459531 
591 1089 
0.966088 0.0419551 0.503115 0.449503 
592 995 
0.888447 0.476126 0.00300562 0.0314142 
593 551 
0.666412 0.75699 0.692694 0.172923 
594 608 
0.00151681 0.843299 0.136112 0.00371161 
595 151 
0.769941 0.132203 0.355098 0.809121 
596 636 
0.224881 0.355313 0.428394 0.0493897 
597 1053 
0.640962 0.0154773 0.856799 0.144077 
598 1531 
0.629054 0.0325248 0.941106 0.63206 
599 888 
0.8054 0.298472 0.820929 0.498094 
600 766 
0.433408 0.499611 0.314694 0.56952 
601 867 
0.31616 0.339461 0.635526 0.671258 
602 620 
0.550523 0.89614 0.503895 0.978917 
603 1412 
0.318738 0.619879 0.961007 0.175537 
604 1100 
0.425987 0.804591 0.796481 0.367093 
605 1524 
0.86042 0.172492 0.735123 0.681349 
606 884 
0.206518 0.114757 0.170197 0.521211 
607 183 
0.673519 0.837371 0.0237379 0.309044 
608 1038 
0.17232 0.859567 0.404769 0.676214 
609 1512 
0.350298 0.994953 0.458363 0.311305 
610 981 
0.222319 0.737291 0.975081 0.0188 
611 416 
0.411732 0.87922 0.276877 0.146855 
612 1237 
0.947463 0.353372 0.675327 0.11766 
613 1337 
0.359604 0.791179 0.711954 0.383342 
614 179 
0.220584 0.555661 0.95979 0.625352 
615 1101 
0.798274 0.97565 0.226829 0.256637 
616 1029 
0.397319 0.478956 0.0242466 0.3724 
617 931 
0.128631 0.784132 0.376976 0.405508 
618 1068 
0.937546 0.352971 0.284359 0.612872 
619 744 
0.158942 0.972476 0.261809 0.870896 
620 636 
0.362032 0.0914797 0.911479 0.321822 
621 1148 
0.143355 0.120097 0.692483 0.370184 
622 50 
0.979438 0.767503 0.855689 0.00368428 
623 1098 
0.353445 0.132315 0.924034 0.730421 
624 1181 
0.85502 0.667967 0.890794 0.139379 
625 813 
0.361424 0.298321 0.253315 0.623233 
626 1244 
0.609133 0.985265 0.260696 0.520612 
627 1440 
0.977528 0.663967 0.427184 0.670011 
628 762 
0.803917 0.649449 0.801653 0.659607 
629 223 
0.941556 0.0130518 0.785448 0.86559 
630 646 
0.323271 0.72061 0.411439 0.214065 
631 518 
0.692278 0.575489 0.158309 0.945593 
632 27 
0.327526 0.554726 0.183987 0.588222 
633 324 
0.491075 0.565751 0.739304 0.918259 
634 7 
0.773455 0.722176 0.88521 0.575109 
635 388 
0.538343 0.516664 0.394835 0.323791 
636 1103 
0.138308 0.647062 0.102864 0.549747 
637 426 
0.962853 0.242025 0.436616 0.121162 
638 383 
0.635338 0.448688 0.742344 0.819325 
639 269 
0.817682 0.310399 0.602661 0.556986 
640 1084 
0.838423 0.330441 0.950834 0.723633 
641 399 
0.332617 0.261976 0.422214 0.727452 
642 48 
0.804468 0.865759 0.23283 0.907332 
643 8 
0.0939572 0.870185 0.657532 0.530573 
644 311 
0.84515 0.165911 0.440035 0.587494 
645 254 
0.476945 0.405176 0.295635 0.0796062 
646 1001 
0.524293 0.918029 0.292603 0.475128 
647 226 
0.198153 0.807745 0.903638 0.620367 
648 356 
0.489406 0.424835 0.400955 0.722236 
649 1200 
0.816462 0.816193 0.202352 0.473993 
650 1356 
0.193698 0.319143 0.512677 0.633733 
651 6 
0.497913 0.110678 0.311813 0.793548 
652 960 
0.273975 0.317842 0.108313 0.566578 
653 611 
0.749975 0.76473 0.600714 0.653614 
654 427 
0.13591 0.14302 0.809932 0.536866 
655 826 
0.142098 0.353327 0.681449 0.34445 
656 1007 
0.0282152 0.538148 0.146464 0.540892 
657 1290 
0.0531009 0.0388055 0.28256 0.364914 
658 785 
0.472845 0.638889 0.150196 0.581158 
659 727 
0.943165 0.331134 0.970197 0.543879 
660 857 
0.355294 0.679789 0.127767 0.165225 
661 1087 
0.993023 0.307324 0.569982 0.674472 
662 1189 
0.397302 0.702687 0.189922 0.543766 
663 661 
0.361804 0.596866 0.282385 0.644364 
664 1298 
0.114739 0.117209 0.600669 0.264934 
665 355 
0.806136 0.208099 0.0295005 0.776332 
666 1248 
0.0142479 0.131626 0.431767 0.142015 
667 1582 
0.648421 0.135038 0.604175 0.218403 
668 1516 
0.255948 0.615705 0.512196 0.445871 
669 1418 
0.755775 0.807674 0.756337 0.0381598 
670 1256 
0.718118 0.152898 0.569247 0.318787 
671 742 
0.267614 0.124922 0.625932 0.297115 
672 1257 
0.37791 0.311363 0.0328809 0.809677 
673 135 
0.329732 0.458098 0.588415 0.933907 
674 588 
0.397925 0.189855 0.292206 0.910121 
675 1535 
0.451677 0.665896 0.4434 0.208014 
676 589 
0.895439 0.926131 0.856954 0.464686 
677 835 
0.274787 0.7323 0.369841 0.900718 
678 286 
0.271095 0.278628 0.340778 0.303976 
679 1362 
0.794155 0.633708 0.546403 0.38257 
680 745 
0.222904 0.780495 0.757471 0.51511 
681 812 
0.393197 0.966787 0.356511 0.836597 
682 1161 
0.0605668 0.732036 0.100932 0.917521 
683 177 
0.34585 0.192307 0.929023 0.715691 
684 145 
0.958438 0.986786 0.371654 0.299215 
685 1365 
0.459959 0.0933704 0.924471 0.00636188 
686 164 
0.492086 0.229266 0.256436 0.249557 
687 1110 
0.947051 0.642754 0.711163 0.303563 
688 170 
0.885964 0.36413 0.211387 0.986896 
689 1170 
0.408109 0.332747 0.473958 0.337132 
690 876 
0.566984 0.295569 0.0352236 0.938638 
691 848 
0.325986 0.398596 0.688155 0.250457 
692 1345 
0.164096 0.742543 0.634224 0.420532 
693 1223 
0.3786 0.367584 0.634854 0.0897634 
694 504 
0.114205 0.975727 0.0352759 0.325593 
695 560 
0.316926 0.733702 0.29537 0.790884 
696 1076 
0.343807 0.357868 0.366403 0.379031 
697 585 
0.961188 0.705017 0.695101 0.649343 
698 1254 
0.10006 0.813439 0.698018 0.734284 
699 170 
0.690118 0.112884 0.601555 0.324973 
700 393 
0.272701 0.439178 0.178375 0.307977 
701 1094 
0.140999 0.624903 0.498473 0.436369 
702 645 
0.569306 0.780176 0.773655 0.93571 
703 1348 
0.07016 0.896898 0.864224 0.765262 
704 1062 
0.819698 0.865321 0.359681 0.517716 
705 1093 
0.593652 0.207834 0.71249 0.195207 
706 1191 
0.915138 0.467908 0.971984 0.0935126 
707 1181 
0.736755 0.234511 0.400789 0.235228 
708 811 
0.816576 0.804534 0.451056 0.590231 
709 937 
0.610262 0.660391 0.637142 0.474486 
710 503 
0.183383 0.294185 0.290974 0.543064 
711 678 
0.890579 0.136716 0.0197345 0.603069 
712 869 
0.552541 0.518207 0.799831 0.524525 
713 907 
0.575717 0.26128 0.84623 0.976505 
714 1144 
0.51711 0.793082 0.301042 0.968166 
715 1056 
0.0412859 0.578428 0.0437039 0.678428 
716 1227 
0.469357 0.861811 0.347099 0.76033 
717 170 
0.159 0.65091 0.541591 0.178734 
718 1064 
0.873514 0.731275 0.772185 0.673345 
719 1206 
0.383905 0.249062 0.517081 0.230135 
720 905 
0.013589 0.747245 0.0186491 0.314631 
721 1445 
0.401962 0.355917 0.293839 0.445666 
722 1329 
0.346753 0.915022 0.896156 0.693853 
723 258 
0.301031 0.852852 0.326263 0.842622 
724 1508 
0.580241 0.716136 0.762862 0.352427 
725 441 
0.0186625 0.736331 0.638544 0.535744 
726 436 
0.864111 0.549332 0.713711 0.88276 
727 195 
0.429122 0.284722 0.21988 0.722961 
728 1492 
0.254225 0.0697142 0.64541 0.150381 
729 13 
0.320763 0.451412 0.616419 0.647025 
730 119 
0.648006 0.227267 0.0101704 0.410868 
731 1458 
0.399652 0.42953 0.316025 0.0381955 
732 983 
0.282492 0.902307 0.514606 0.996203 
733 1352 
0.37857 0.425325 0.0697889 0.59845 
734 182 
0.800177 0.852675 0.218 0.445587 
735 580 
0.981567 0.76635 0.454469 0.597986 
736 1217 
0.748503 0.245992 0.640642 0.758673 
737 786 
0.220336 0.158325 0.0863903 0.536361 
738 1169 
0.0516641 0.818853 0.0988274 0.56627 
739 1519 
0.883894 0.94484 0.240381 0.953683 
740 1538 
0.388667 0.75386 0.395966 0.606668 
741 1113 
0.399022 0.588235 0.965796 0.853491 
742 484 
0.379171 0.601994 0.432213 0.0198136 
743 207 
0.0890728 0.24015 0.518992 0.175463 
744 358 
0.715513 0.227127 0.595364 0.81434 
745 492 
0.41042 0.698235 0.738238 0.650802 
746 431 
0.281528 0.039469 0.405778 0.677494 
747 1451 
0.605224 0.0765161 0.234371 0.57102 
748 311 
0.420592 0.950192 0.532001 0.852805 
749 603 
0.892668 0.941878 0.210155 0.41166 
750 367 
0.986666 0.127173 0.344468 0.58203 
751 352 
0.137866 0.99245 0.639748 0.876104 
752 1004 
0.291666 0.157632 0.682721 0.697444 
753 1161 
0.328857 0.302668 0.911642 0.563228 
754 1293 
0.841649 0.98382 0.82388 0.373649 
755 795 
0.793886 0.266317 0.778503 0.00404101 
756 1056 
0.895844 0.990707 0.80515 0.240312 
757 460 
0.746664 0.378178 0.565187 0.386412 
758 1000 
0.208438 0.678079 0.411913 0.891159 
759 834 
0.247039 0.220016 0.67819 0.158681 
760 12 
0.551879 0.00032932 0.767065 0.375759 
761 1247 
0.60369 0.169645 0.640296 0.382193 
762 897 
0.318273 0.278037 0.164393 0.123424 
763 920 
0.73713 0.870088 0.896527 0.302317 
764 810 
0.150808 0.510755 0.934579 0.562721 
765 911 
0.310101 0.80976 0.62193 0.988291 
766 465 
0.405174 0.54017 0.96877 0.172239 
767 376 
0.342749 0.77593 0.0855742 0.983045 
768 100 
0.25926 0.301318 0.43616 0.423653 
769 861 
0.954509 0.160783 0.294829 0.851036 
770 43 
0.551329 0.00184475 0.973855 0.485908 
771 1447 
0.375769 0.796009 0.374326 0.997698 
772 850 
0.342767 0.402873 0.32447 0.311537 
773 856 
0.240399 0.654286 0.351042 0.325973 
774 678 
0.509165 0.585234 0.938649 0.945325 
775 1243 
0.363391 0.899834 0.16967 0.65822 
776 1459 
0.63277 0.209549 0.752716 0.606625 
777 1272 
0.317282 0.982393 0.491466 0.691608 
778 874 
0.275766 0.0343756 0.382964 0.600236 
779 898 
0.958077 0.840635 0.000199328 0.309118 
780 330 
0.637531 0.818283 0.751841 0.57618 
781 1035 
0.760728 0.939571 0.663443 0.930398 
782 1457 
0.414314 0.563168 0.80734 0.167029 
783 20 
0.502797 0.484311 0.152186 0.994263 
784 342 
0.132277 0.270029 0.210295 0.515242 
785 179 
0.556208 0.473318 0.710899 0.556407 
786 1086 
0.877507 0.193938 0.60072 0.629348 
787 638 
0.364328 0.390076 0.709688 0.0277709 
788 1211 
0.307479 0.442085 0.883643 0.114819 
789 1372 
0.0534356 0.617616 0.0934252 0.205621 
790 783 
0.269345 0.337899 0.881907 0.47964 
791 1410 
0.752172 0.0358479 0.326459 0.463071 
792 1075 
0.108895 0.340578 0.786193 0.709615 
793 391 
0.556311 0.0739434 0.360002 0.265999 
794 905 
0.680477 0.573478 0.543799 0.564119 
795 1227 
0.152913 0.617555 0.305912 0.246338 
796 1316 
0.917791 0.515683 0.161075 0.799698 
797 151 
0.0142159 0.55187 0.0311703 0.340675 
798 786 
0.623426 0.44957 0.355518 0.409619 
799 267 
0.325444 0.96593 0.233129 0.685446 
800 1195 
0.334843 0.365922 0.805407 0.878642 
801 1351 
0.493703 0.0315547 0.547597 0.799615 
802 112 
0.370773 0.717406 0.793575 0.531849 
803 962 
0.788898 0.546065 0.0689731 0.820068 
804 606 
0.0839133 0.443493 0.33631 0.439431 
805 138 
0.495495 0.764875 0.819042 0.728624 
806 1053 
0.0509712 0.0634671 0.816243 0.856378 
807 631 
0.746284 0.350081 0.973664 0.293881 
808 1235 
0.251556 0.664654 0.867102 0.0451314 
809 1185 
0.384205 0.834029 0.742567 0.453178 
810 1308 
0.629307 0.537092 0.0975902 0.965616 
811 1414 
0.950703 0.461111 0.741398 0.769745 
812 697 
0.191718 0.820716 0.253202 0.00796045 
813 348 
0.195312 0.754245 0.0271751 0.168975 
814 273 
0.176871 0.420532 0.71278 0.043973 
815 468 
0.909283 0.428178 0.299692 0.65185 
816 123 
0.953789 0.281157 0.418449 0.0513789 
817 1227 
0.394971 0.00208158 0.707885 0.136369 
818 1557 
0.89762 0.328087 0.592543 0.150823 
819 487 
0.269637 0.346134 0.0902922 0.296812 
820 154 
0.138418 0.473683 0.935641 0.851198 
821 16 
0.401304 0.760481 0.945834 0.700996 
822 294 
0.827191 0.654785 0.693488 0.24564 
823 1026 
0.940262 0.640611 0.708245 0.648146 
824 414 
0.480072 0.545767 0.105067 0.0726142 
825 323 
0.441115 0.342251 0.0427233 0.531407 
826 197 
0.557833 0.669825 0.112745 0.493474 
827 991 
0.630401 0.894778 0.281503 0.576236 
828 899 
0.693834 0.403427 0.250558 0.387322 
829 142 
0.956722 0.327584 0.289677 0.664967 
830 1119 
0.0666577 0.145038 0.521497 0.171725 
831 230 
0.218086 0.61284 0.559903 0.260809 
832 1268 
0.198966 0.818642 0.814072 0.311711 
833 483 
0.335094 0.942112 0.206893 0.616597 
834 1170 
0.802666 0.310431 0.921775 0.0532245 
835 1261 
0.570841 0.00994602 0.0253371 0.860518 
836 713 
0.00106711 0.927176 0.819951 0.522564 
837 1424 
0.0376033 0.74065 0.711741 0.597507 
838 1428 
0.855988 0.796472 0.820101 0.670059 
839 245 
0.132216 0.00515356 0.0502956 0.339109 
840 1362 
0.568643 0.141776 0.932182 0.490418 
841 1006 
0.629936 0.0612589 0.204946 0.655273 
842 734 
0.879859 0.65634 0.848953 0.69981 
843 332 
0.947854 0.737413 0.919553 0.659596 
844 632 
0.921012 0.515583 0.131392 0.741112 
845 772 
0.239575 0.873328 0.190796 0.289871 
846 1460 
0.812547 0.858514 0.354213 0.744729 
847 1240 
0.549213 0.374665 0.410191 0.754159 
848 783 
0.331968 0.634018 0.686277 0.180922 
849 1375 
0.865181 0.128776 0.0712406 0.784734 
850 680 
0.40616 0.705746 0.303955 0.537552 
851 1291 
0.489598 0.777127 0.320187 0.680394 
852 1234 
0.532624 0.492941 0.925512 0.886837 
853 1407 
0.274444 0.436051 0.612335 0.684635 
854 506 
0.642273 0.0166032 0.824228 0.32855 
855 388 
0.158055 0.193731 0.326301 0.229296 
856 460 
0.114672 0.635456 0.684211 0.418627 
857 946 
0.131069 0.908225 0.950135 0.451255 
858 2 
0.0171328 0.983879 0.0815601 0.942645 
859 524 
0.319231 0.217089 0.306767 0.931566 
860 1368 
0.496977 0.573839 0.918327 0.321205 
861 1575 
0.115851 0.47926 0.09612 0.442152 
862 818 
0.0745848 0.556825 0.344013 0.758795 
863 938 
0.517021 0.889864 0.883677 0.467156 
864 832 
0.472296 0.484289 0.324999 0.553856 
865 797 
0.195716 0.873087 0.644022 0.502483 
866 605 
0.545746 0.99946 0.378491 0.464072 
867 812 
0.28088 0.579924 0.799926 0.377 
868 313 
0.508482 0.451585 0.578901 0.852495 
869 1330 
0.554353 0.369516 0.100244 0.43803 
870 90 
0.441364 0.910326 0.320961 0.766362 
871 1194 
0.747894 0.962078 0.337269 0.391916 
872 31 
0.141921 0.937662 0.464021 0.520413 
873 68 
0.784686 0.801293 0.981658 0.584612 
874 397 
0.00373471 0.093094 0.629878 0.582636 
875 176 
0.840259 0.136989 0.315105 0.940503 
876 60 
0.151777 0.381867 0.485345 0.472738 
877 126 
0.949527 0.220632 0.110307 0.286796 
878 1120 
0.574868 0.428717 0.550211 0.0388891 
879 753 
0.951945 0.823575 0.750423 0.933604 
880 726 
0.928716 0.937338 0.501281 0.558595 
881 767 
0.44687 0.398853 0.656963 0.761975 
882 1340 
0.231982 0.913752 0.721224 0.717326 
883 861 
0.869453 0.666853 0.607122 0.97976 
884 1409 
0.21967 0.554628 0.382366 0.769881 
885 1290 
0.331496 0.721826 0.417093 0.0819187 
886 154 
0.82528 0.0106348 0.592768 0.326561 
887 1285 
0.112743 0.773431 0.968083 0.769705 
888 413 
0.30744 0.00168681 0.449158 0.0286632 
889 6 
0.835648 0.898116 0.385866 0.442769 
890 1398 
0.339515 0.66244 0.432505 0.721881 
891 1003 
0.0260225 0.0533769 0.154147 0.443115 
892 1063 
0.809576 0.268395 0.14593 0.402345 
893 14 
0.71516 0.515087 0.368388 0.683243 
894 213 
0.903794 0.990682 0.286479 0.352952 
895 1585 
0.00549246 0.1886 0.917462 0.391359 
896 146 
0.795338 0.730874 0.293809 0.227843 
897 661 
0.72613 0.253866 0.506132 0.880276 
898 1506 
0.641427 0.689853 0.965376 0.787358 
899 362 
0.560333 0.502518 0.607285 0.92872 
900 745 
0.892077 0.832514 0.176443 0.178557 
901 598 
0.195788 0.184049 0.374067 0.11325 
902 414 
0.0054368 0.908588 0.306282 0.299246 
903 656 
0.759037 0.0253758 0.390296 0.265168 
904 977 
0.0872773 0.906596 0.595505 0.0526536 
905 92 
0.687702 0.612986 0.196472 0.294987 
906 499 
0.382232 0.187064 0.374221 0.558675 
907 971 
0.559688 0.754463 0.54967 0.933755 
908 223 
0.125077 0.939192 0.7763 0.431359 
909 1504 
0.912731 0.190396 0.263814 0.303028 
910 1213 
0.169466 0.390305 0.36216 0.76497 
911 1524 
0.0561138 0.452673 0.0559448 0.252585 
912 326 
0.597651 0.634817 0.934723 0.971873 
913 1301 
0.300344 0.53156 0.947955 0.850013 
914 1281 
0.815668 0.975091 0.404507 0.591968 
915 1172 
0.642945 0.504699 0.596845 0.906759 
916 1549 
0.0524095 0.0762247 0.198032 0.41457 
917 1555 
0.640991 0.470683 0.293868 0.696936 
918 1500 
0.0415268 0.294587 0.358086 0.97625 
919 1392 
0.551578 0.276594 0.79802 0.499533 
920 113 
0.263335 0.315201 0.101698 0.667843 
921 1433 
0.508148 0.310788 0.411869 0.104993 
922 134 
0.219596 0.157403 0.293771 0.417628 
923 114 
0.134966 0.0586186 0.0426556 0.428834 
924 881 
0.765924 0.470361 0.0501411 0.124011 
925 1373 
0.316601 0.675589 0.723204 0.11462 
926 667 
0.849811 0.377956 0.490324 0.951509 
927 957 
0.397493 0.459657 0.356586 0.809361 
928 718 
0.574133 0.0289571 0.722053 0.867904 
929 254 
0.294025 0.00287032 0.505204 0.33668 
930 1127 
0.260758 0.102605 0.902065 0.310899 
931 0 
0.348676 0.627499 0.902204 0.0718804 
932 380 
0.0773269 0.921692 0.120076 0.56765 
933 1229 
0.165874 0.965143 0.332858 0.52246 
934 919 
0.897508 0.0965928 0.803462 0.619561 
935 1119 
0.250047 0.913586 0.967367 0.75525 
936 751 
0.399071 0.0160078 0.352871 0.301137 
937 759 
0.579486 0.649812 0.954406 0.481691 
938 1152 
0.696525 0.559017 0.643385 0.816601 
939 1367 
0.516586 0.982475 0.0918112 0.849444 
940 762 
0.866316 0.746952 0.601528 0.669778 
941 522 
0.566025 0.919824 0.280099 0.533392 
942 1271 
0.530365 0.932463 0.691082 0.883236 
943 734 
0.0179889 0.462722 0.883412 0.972395 
944 1482 
0.605105 0.66892 0.50343 0.24849 
945 765 
0.630098 0.765076 0.467996 0.721909 
946 633 
0.972931 0.588225 0.361472 0.574459 
947 576 
0.727985 0.140484 0.177827 0.00808336 
948 141 
0.852902 0.538448 0.606339 0.543984 
949 306 
0.839939 0.561973 0.884405 0.723352 
950 284 
0.828818 0.328457 0.203288 0.332248 
951 1049 
0.688809 0.962346 0.342022 0.156805 
952 501 
0.956542 0.129737 0.27248 0.318014 
953 1013 
0.530483 0.0459987 0.84468 0.70831 
954 1051 
0.518556 0.561211 0.59253 0.124895 
955 1534 
0.0142137 0.964835 0.667168 0.898619 
956 1326 
0.201536 0.727437 0.0166429 0.404824 
957 1125 
0.59359 0.093633 0.0220306 0.935612 
958 696 
0.706285 0.892154 0.380175 0.978765 
959 921 
0.0843705 0.509248 0.256167 0.92905 
960 1327 
0.310249 0.447606 0.778769 0.902779 
961 1260 
0.883964 0.916992 0.537336 0.551133 
962 410 
0.225522 0.752669 0.543049 0.242165 
963 1005 
0.602733 0.835755 0.251126 0.624764 
964 33 
0.501564 0.33105 0.663521 0.881739 
965 819 
0.873689 0.966109 0.819063 0.129855 
966 432 
0.0366204 0.440104 0.342766 0.815389 
967 151 
0.915268 0.699354 0.259875 0.452604 
968 588 
0.0754864 0.678127 0.00315562 0.618535 
969 181 
0.160649 0.221268 0.756047 0.411775 
970 1004 
0.527414 0.913339 0.177082 0.190935 
971 964 
0.486897 0.0646233 0.761187 0.30596 
972 1190 
0.656347 0.34258 0.634582 0.999114 
973 16 
0.977465 0.914382 0.857323 0.23734 
974 174 
0.10781 0.312826 0.0451126 0.110965 
975 1192 
0.965405 0.271614 0.15263 0.721452 
976 1452 
0.998662 0.248865 0.596728 0.175744 
977 1048 
0.391806 0.662641 0.504423 0.152993 
978 198 
0.698902 0.809341 0.311181 0.333484 
979 1342 
0.469151 0.310949 0.722836 0.326474 
980 315 
0.0898217 0.434283 0.861115 0.134934 
981 558 
0.792476 0.100339 0.816863 0.945106 
982 1033 
0.500251 0.943768 0.070656 0.0969793 
983 916 
0.510456 0.488785 0.782153 0.0148795 
984 469 
0.750754 0.713781 0.451119 0.0619353 
985 282 
0.259573 0.531086 0.358215 0.982409 
986 1280 
0.906504 0.0722305 0.291843 0.76762 
987 1442 
0.837091 0.560096 0.307504 0.653954 
988 1006 
0.129294 0.154206 0.44897 0.19995 
989 893 
0.568482 0.710406 0.73997 0.350636 
990 481 
0.381748 0.10139 0.439067 0.832867 
991 415 
0.486333 0.0924402 0.694411 0.844548 
992 1226 
0.55197 0.751053 0.14708 0.843813 
993 484 
0.354244 0.680905 0.0787684 0.661748 
994 1074 
0.58397 0.791043 0.489064 0.0329404 
995 197 
0.740249 0.601423 0.701399 0.480219 
996 1570 
0.426685 0.861967 0.0534481 0.865753 
997 1279 
0.216773 0.352086 0.787275 0.911184 
998 323 
0.862124 0.463154 0.947687 0.00920327 
999 1545 
0.46636 0.363448 0.987872 0.545128 
1000 661 
0.322731 0.129098 0.816238 0.811795 
1001 1292 
0.807231 0.552044 0.763461 0.508631 
1002 954 
0.71552 0.935316 0.89423 0.768968 
1003 59 
0.589064 0.985741 0.153154 0.376339 
1004 993 
0.349789 0.238463 0.36008 0.297476 
1005 664 
0.667047 0.763836 0.611114 0.654919 
1006 1451 
0.636309 0.97765 0.438062 0.452548 
1007 951 
0.600101 0.259779 0.341489 0.363562 
1008 565 
0.373752 0.079082 0.703726 0.267982 
1009 471 
0.504794 0.857047 0.833791 0.657949 
1010 20 
0.730716 0.00773778 0.471848 0.0907958 
1011 107 
0.719514 0.757843 0.0690494 0.330628 
1012 983 
0.378013 0.966937 0.390413 0.816075 
1013 385 
0.179858 0.416176 0.679264 0.521348 
1014 1044 
0.447674 0.8951 0.85882 0.1514 
1015 740 
0.70687 0.656194 0.0201292 0.540661 
1016 205 
0.253515 0.271377 0.321881 0.725363 
1017 367 
0.627095 0.444877 0.120016 0.696144 
1018 1512 
0.532779 0.0741575 0.742442 0.923192 
1019 1260 
0.161927 0.10305 0.306408 0.841191 
1020 244 
0.0861462 0.288865 0.519497 0.944966 
1021 407 
0.68258 0.651836 0.0964599 0.702709 
1022 423 
0.410603 0.956224 0.463874 0.732484 
1023 1180 
0.826047 0.359579 0.126464 0.946063 
1024 662 
0.901969 0.478842 0.129881 0.644411 
1025 58 
0.0201139 0.806338 0.505083 0.326522 
1026 1326 
0.129481 0.412668 0.936394 0.648978 
1027 122 
0.37666 0.331558 0.00947086 0.47312 
1028 822 
0.201968 0.883723 0.990491 0.665842 
1029 1320 
0.672078 0.491889 0.975787 0.798542 
1030 1073 
0.031511 0.700512 0.916794 0.161392 
1031 607 
0.318827 0.181506 0.151261 0.823911 
1032 382 
0.79879 0.953391 0.920697 0.735184 
1033 1300 
0.278331 0.111844 0.933928 0.287802 
1034 246 
0.968195 0.48977 0.468687 0.958686 
1035 711 
0.0848945 0.630764 0.647502 0.0606816 
1036 583 
0.085454 0.0921926 0.129818 0.00224807 
1037 218 
0.474741 0.321076 0.435091 0.626001 
1038 279 
0.94312 0.424791 0.0983776 0.863817 
1039 127 
0.700747 0.142148 0.271819 0.634675 
1040 974 
0.856783 0.60287 0.919721 0.32547 
1041 1568 
0.075333 0.410364 0.192319 0.722835 
1042 579 
0.621626 0.808289 0.563239 0.751444 
1043 1536 
0.816824 0.226185 0.131612 0.251915 
1044 1311 
0.276598 0.195035 0.276977 0.374976 
1045 786 
0.436952 0.0757232 0.201 0.708772 
1046 385 
0.63095 0.565555 0.313268 0.550671 
1047 1592 
0.874823 0.626004 0.301389 0.0671427 
1048 236 
0.772435 0.688769 0.157127 0.335674 
1049 366 
0.967664 0.152498 0.666397 0.0992761 
1050 1397 
0.518583 0.375875 0.599448 0.79556 
1051 921 
0.6583 0.232513 0.826574 0.8593 
1052 928 
0.536972 0.49025 0.506839 0.85024 
1053 1279 
0.397864 0.725063 0.666925 0.699253 
1054 732 
0.0157631 0.471688 0.480974 0.17289 
1055 1312 
0.921187 0.140554 0.95986 0.587584 
1056 1114 
0.364273 0.106167 0.615705 0.963721 
1057 913 
0.366555 0.62202 0.134241 0.193129 
1058 1408 
0.0755251 0.730101 0.97157 0.582364 
1059 530 
0.0124906 0.980228 0.305404 0.679415 
1060 758 
0.0976095 0.695178 0.151169 0.578584 
1061 1163 
0.958531 0.49977 0.00862255 0.91839 
1062 296 
0.248453 0.282663 0.193522 0.864158 
1063 352 
0.0952496 0.230713 0.868404 0.22949 
1064 350 
0.349724 0.305015 0.153943 0.321294 
1065 917 
0.734284 0.333784 0.867607 0.039688 
1066 354 
0.547088 0.137297 0.708378 0.698257 
1067 910 
0.576446 0.656787 0.215652 0.585069 
1068 1504 
0.303006 0.833522 0.85784 0.496528 
1069 179 
0.104224 0.591778 0.928392 0.972627 
1070 42 
0.352234 0.322351 0.126283 0.506177 
1071 1489 
0.0136626 0.240461 0.97743 0.88127 
1072 262 
0.990629 0.428358 0.417447 0.699007 
1073 169 
0.133328 0.275453 0.783402 0.34898 
1074 373 
0.358579 0.651986 0.694044 0.216419 
1075 563 
0.391723 0.320643 0.740292 0.320115 
1076 446 
0.56156 0.672349 0.615621 0.687843 
1077 269 
0.259266 0.701505 0.418988 0.236696 
1078 1324 
0.699137 0.227325 0.0111333 0.116584 
1079 556 
0.137748 0.249912 0.201786 0.921149 
1080 1056 
0.0623079 0.279728 0.250878 0.756352 
1081 1297 
0.399393 0.148074 0.81679 0.139684 
1082 205 
0.11006 0.701244 0.140538 0.725681 
1083 726 
0.319065 0.984948 0.0905922 0.738053 
1084 411 
0.673368 0.43719 0.448969 0.684501 
1085 651 
0.375302 0.822249 0.803687 0.577087 
1086 1314 
0.402579 0.639395 0.0231263 0.653458 
1087 538 
0.519274 0.0528502 0.543821 0.336064 
1088 1021 
0.0120106 0.446124 0.893779 0.152549 
1089 1197 
0.282865 0.471614 0.156753 0.373458 
1090 48 
0.378396 0.0468252 0.646857 0.827366 
1091 192 
0.200631 0.202667 0.553575 0.00431815 
1092 1307 
0.296972 0.406897 0.41915 0.320099 
1093 1391 
0.814897 0.839372 0.113205 0.358718 
1094 864 
0.30574 0.370728 0.62156 0.199518 
1095 1532 
0.793365 0.482384 0.994891 0.950118 
1096 105 
0.204558 0.328514 0.902667 0.851415 
1097 362 
0.633993 0.0520465 0.358547 0.187567 
1098 500 
0.138301 0.48454 0.463262 0.557451 
1099 757 
0.523617 0.372348 0.644011 0.636822 
1100 678 
0.819447 0.942561 0.101794 0.441007 
1101 511 
0.625071 0.234372 0.624464 0.619962 
1102 7 
0.480305 0.824521 0.513004 0.382972 
1103 653 
0.668884 0.0169647 0.727982 0.0274305 
1104 184 
0.784347 0.165732 0.689072 0.247609 
1105 88 
0.49371 0.771225 0.0955309 0.137721 
1106 626 
0.826596 0.957168 0.350608 0.92839 
1107 98 
0.492688 0.553461 0.632548 0.117152 
1108 276 
0.817037 0.597457 0.997944 0.330041 
1109 1193 
0.67388 0.998925 0.997394 0.401862 
1110 1160 
0.201926 0.186208 0.192087 0.890997 
1111 508 
0.915271 0.384708 0.205042 0.0108016 
1112 1312 
0.613089 0.837398 0.479597 0.963698 
1113 461 
0.877772 0.456386 0.319249 0.51032 
1114 780 
0.492673 0.327357 0.170995 0.490617 
1115 906 
0.151424 0.164497 0.656324 0.148818 
1116 322 
0.682679 0.350744 0.752567 0.874767 
1117 1046 
0.186384 0.790037 0.626449 0.391426 
1118 1092 
0.148877 0.00451518 0.638237 0.628474 
1119 424 
0.404025 0.506247 0.424599 0.723274 
1120 653 
0.998137 0.215947 0.343924 0.169132 
1121 991 
0.00132272 0.320556 0.87106 0.657646 
1122 52 
0.437418 0.340325 0.820118 0.189985 
1123 900 
0.0618591 0.376369 0.00512922 0.688308 
1124 1095 
0.805968 0.837185 0.77231 0.444205 
1125 1314 
0.740523 0.84823 0.971906 0.165122 
1126 219 
0.988473 0.163258 0.78745 0.332397 
1127 1593 
0.494014 0.33372 0.652946 0.365074 
1128 130 
0.12232 0.802492 0.331692 0.942437 
1129 1398 
0.546784 0.00429643 0.368846 0.551913 
1130 1251 
0.136641 0.357881 0.52979 0.908951 
1131 86 
0.995449 0.649474 0.650315 0.967356 
1132 675 
0.221819 0.955829 0.977854 0.00926914 
1133 152 
0.310243 0.503283 0.621946 0.963189 
1134 453 
0.613312 0.0855085 0.67085 0.945003 
1135 447 
0.663327 0.491787 0.0322423 0.0321737 
1136 659 
0.724847 0.168815 0.40158 0.254636 
1137 1067 
0.203666 0.250086 0.72724 0.853981 
1138 1085 
0.541835 0.0757998 0.17327 0.519689 
1139 924 
0.461496 0.829932 0.588352 0.0834413 
1140 1315 
0.456709 0.696753 0.878629 0.127559 
1141 969 
0.906575 0.790886 0.133543 0.938817 
1142 260 
0.177242 0.663664 0.991875 0.578823 
1143 1327 
0.0696406 0.782488 0.168386 0.79688 
1144 1316 
0.385827 0.338716 0.712269 0.559097 
1145 1116 
0.797338 0.0205928 0.688336 0.38569 
1146 227 
0.481457 0.842399 0.800787 0.360086 
1147 1488 
0.442543 0.266662 0.760844 0.576086 
1148 734 
0.583904 0.753329 0.869143 0.575779 
1149 1270 
0.787444 0.645419 0.11464 0.955829 
1150 1065 
0.751109 0.341657 0.781015 0.463378 
1151 10 
0.63942 0.260716 0.921346 0.327756 
1152 471 
0.0253804 0.809213 0.488806 0.826167 
1153 1240 
0.458764 0.268711 0.435961 0.219609 
1154 301 
0.64144 0.803513 0.598125 0.510583 
1155 1031 
0.930277 0.298027 0.024711 0.0449163 
1156 577 
0.467011 0.796025 0.595513 0.248026 
1157 1162 
0.496267 0.887446 0.52012 0.417613 
1158 793 
0.166527 0.442993 0.0244144 0.655333 
1159 804 
0.193714 0.114097 0.537871 0.629675 
1160 328 
0.382668 0.271115 0.137219 0.980794 
1161 1423 
0.51651 0.911071 0.0797255 0.541221 
1162 1257 
0.333582 0.008232 0.752012 0.929095 
1163 1246 
0.0114159 0.425361 0.143704 0.531536 
1164 222 
0.358905 0.698063 0.285968 0.38332 
1165 790 
0.555129 0.577033 0.467493 0.0930001 
1166 1368 
0.801198 0.475668 0.477823 0.938417 
1167 521 
0.259521 0.454927 0.367533 0.339247 
1168 914 
0.32352 0.672829 0.00438027 0.0755318 
1169 615 
0.260638 0.0869477 0.0272852 0.404342 
1170 1255 
0.87026 0.763247 0.316546 0.156227 
1171 1037 
0.669942 0.711356 0.7236 0.137435 
1172 832 
0.930308 0.938633 0.280025 0.408131 
1173 518 
0.736487 0.667653 0.331977 0.10402 
1174 834 
0.328125 0.427539 0.679728 0.332505 
1175 1056 
0.281652 0.593144 0.590019 0.308937 
1176 1301 
0.208503 0.179197 0.760733 0.525049 
1177 515 
0.9073 0.194991 0.0467807 0.6309 
1178 484 
0.851137 0.561208 0.271059 0.131161 
1179 364 
0.148109 0.867648 0.636992 0.480085 
1180 1062 
0.643892 0.80821 0.399207 0.32362 
1181 1032 
0.902278 0.605272 0.73386 0.492297 
1182 1030 
0.731345 0.7008 0.093407 0.492079 
1183 355 
0.428832 0.399378 0.42084 0.475612 
1184 74 
0.753266 0.326749 0.591487 0.0243245 
1185 130 
0.560826 0.172433 0.325559 0.197818 
1186 513 
0.297227 0.84171 0.460729 0.696434 
1187 1204 
0.601445 0.598712 0.770602 0.335304 
1188 300 
0.684812 0.0666498 0.79181 0.778219 
1189 684 
0.0176584 0.20705 0.958107 0.438498 
1190 645 
0.988385 0.191764 0.00941184 0.579872 
1191 282 
0.467322 0.140698 0.388522 0.792881 
1192 14 
0.0410399 0.0901079 0.180225 0.501769 
1193 1079 
0.345555 0.103213 0.385254 0.116157 
1194 1064 
0.476264 0.800969 0.505168 0.268074 
1195 719 
0.0638959 0.285732 0.786238 0.0220026 
1196 1051 
0.468901 0.0103878 0.915995 0.478313 
1197 81 
0.132083 0.945635 0.730957 0.520605 
1198 829 
0.069473 0.561645 0.828624 0.249698 
1199 57 
0.615166 0.595253 0.166627 0.000420233 
1200 645 
0.605145 0.476684 0.512379 0.110312 
1201 342 
0.0915664 0.174208 0.03049 0.877804 
1202 1196 
0.75472 0.346705 0.206599 0.670715 
1203 363 
0.796858 0.802798 0.770653 0.527816 
1204 40 
0.509169 0.597289 0.885048 0.337793 
1205 716 
0.948461 0.952959 0.44224 0.115088 
1206 978 
0.15365 0.720233 0.430063 0.666029 
1207 804 
0.174821 0.757595 0.00475312 0.205311 
1208 115 
0.200964 0.960032 0.982105 0.407563 
1209 44 
0.807123 0.204421 0.433545 0.577776 
1210 516 
0.756948 0.0869446 0.329525 0.641995 
1211 1510 
0.176512 0.590456 0.377696 0.618752 
1212 665 
0.331075 0.772402 0.425777 0.761138 
1213 1119 
0.256322 0.93596 0.196026 0.261075 
1214 1235 
0.831426 0.462039 0.101303 0.813531 
1215 504 
0.73205 0.620653 0.0740224 0.165595 
1216 58 
0.806259 0.922542 0.285374 0.135784 
1217 1529 
0.710111 0.312296 0.154994 0.0878073 
1218 1087 
0.860538 0.418882 0.70345 0.286315 
1219 65 
0.141881 0.542637 0.115981 0.337907 
1220 1176 
0.257252 0.169332 0.265751 0.358555 
1221 417 
0.135352 0.0906041 0.603516 0.209374 
1222 153 
0.801945 0.0156335 0.178741 0.0873191 
1223 664 
0.743279 0.79743 0.463714 0.898273 
1224 1144 
0.394762 0.758812 0.30412 0.0982121 
1225 1051 
0.484141 0.240093 0.587764 0.600122 
1226 1279 
0.391476 0.857373 0.747332 0.657227 
1227 953 
0.730195 0.792579 0.306532 0.333711 
1228 705 
0.562731 0.135657 0.0175866 0.741472 
1229 1348 
0.169004 0.484751 0.0204059 0.632718 
1230 1228 
0.905643 0.0274804 0.141836 0.209763 
1231 1017 
0.186964 0.693904 0.365785 0.774728 
1232 247 
0.943785 0.166204 0.1514 0.691117 
1233 573 
0.367327 0.421311 0.616009 0.67386 
1234 1479 
0.617962 0.23659 0.890679 0.635549 
1235 123 
0.113655 0.804553 0.462813 0.13406 
1236 840 
0.845838 0.0397039 0.464752 0.987674 
1237 582 
0.590444 0.174638 0.943372 0.95623 
1238 1384 
0.237398 0.900014 0.115569 0.388797 
1239 1048 
0.938999 0.756125 0.0124424 0.555008 
1240 484 
0.767465 0.17297 0.666575 0.658144 
1241 1253 
0.644637 0.771798 0.613072 0.107451 
1242 56 
0.0503432 0.953289 0.945563 0.515095 
1243 1573 
0.19503 0.105539 0.115601 0.138402 
1244 270 
0.0649663 0.3758 0.961783 0.180535 
1245 892 
0.552914 0.119535 0.520722 0.565356 
1246 983 
0.950706 0.332821 0.847514 0.617281 
1247 680 
0.656033 0.261918 0.762763 0.269104 
1248 277 
0.668622 0.319448 0.322657 0.614184 
1249 1401 
0.26362 0.809214 0.940081 0.379221 
1250 1247 
0.00184976 0.444187 0.323416 0.963633 
1251 561 
0.0880125 0.516546 0.744257 0.608734 
1252 1373 
0.418801 0.55944 0.414724 0.266314 
1253 349 
0.405688 0.922347 0.438639 0.168452 
1254 821 
0.808008 0.837073 0.510899 0.130665 
1255 120 
0.345441 0.394285 0.260472 0.285523 
1256 1568 
0.208088 0.287372 0.217693 0.531504 
1257 221 
0.842415 0.619516 0.767551 0.586673 
1258 1341 
0.849454 0.00547347 0.787691 0.264178 
1259 460 
0.964412 0.669866 0.194134 0.403051 
1260 1599 
0.385586 0.211059 0.675391 0.896485 
1261 1161 
0.126649 0.241926 0.736009 0.387121 
1262 752 
0.509515 0.59521 0.814821 0.727208 
1263 299 
0.0658259 0.569624 0.74623 0.833377 
1264 797 
0.974481 0.682831 0.16177 0.762172 
1265 1308 
0.433558 0.726584 0.616875 0.627692 
1266 1134 
0.455193 0.0132778 0.340695 0.130584 
1267 749 
0.682419 0.257233 0.151688 0.418429 
1268 949 
0.679137 0.927944 0.239564 0.493958 
1269 675 
0.366278 0.559784 0.224776 0.112508 
1270 1225 
0.381072 0.0869884 0.0759922 0.542842 
1271 743 
0.0230011 0.9764 0.575744 0.639876 
1272 471 
0.70538 0.0950689 0.61737 0.0460743 
1273 139 
0.527132 0.728493 0.482886 0.67882 
1274 799 
0.12724 0.357957 0.0748661 0.366804 
1275 316 
0.730018 0.733081 0.411699 0.954794 
1276 684 
0.80486 0.335866 0.932577 0.880852 
1277 953 
0.781738 0.903853 0.855108 0.357482 
1278 482 
0.4592 0.0628612 0.638798 0.0765697 
1279 1259 
0.864451 0.603702 0.837429 0.347337 
1280 1227 
0.984351 0.474577 0.640479 0.0592172 
1281 132 
0.492395 0.789235 0.574462 0.904094 
1282 1001 
0.420051 0.708953 0.079896 0.352629 
1283 1220 
0.958604 0.134366 0.493659 0.813713 
1284 387 
0.0373884 0.272913 0.554709 0.676187 
1285 561 
0.663645 0.540638 0.953184 0.501074 
1286 1056 
0.235706 0.485425 0.362552 0.876186 
1287 152 
0.203932 0.36858 0.333877 0.778395 
1288 1011 
0.077907 0.198446 0.981627 0.157803 
1289 850 
0.571433 0.116408 0.685441 0.0650919 
1290 398 
0.177289 0.10248 0.203033 0.731998 
1291 437 
0.552515 0.395643 0.319305 0.5057 
1292 900 
0.20728 0.741406 0.382141 0.569832 
1293 301 
0.926783 0.773764 0.986172 0.260661 
1294 1047 
0.258846 0.338568 0.750604 0.240473 
1295 1126 
0.301679 0.811906 0.612778 0.987119 
1296 929 
0.542899 0.164408 0.979478 0.745932 
1297 1331 
0.758145 0.298447 0.292049 0.0774503 
1298 335 
0.188765 0.28473 0.545552 0.570907 
1299 514 
0.163144 0.49769 0.628326 0.149315 
1300 482 
0.180484 0.408161 0.0969187 0.931089 
1301 1083 
0.59329 0.232767 0.46054 0.206068 
1302 1211 
0.337538 0.748967 0.384295 0.317016 
1303 192 
0.280701 0.0751611 0.793345 0.57275 
1304 825 
0.597492 0.761515 0.437342 0.143044 
1305 1136 
0.291903 0.306188 0.830112 0.920229 
1306 104 
0.588463 0.100713 0.863664 0.685381 
1307 935 
0.512298 0.278671 0.264569 0.972838 
1308 598 
0.484456 0.310376 0.233705 0.86875 
1309 665 
0.728604 0.149451 0.702552 0.521949 
1310 1469 
0.855164 0.119441 0.483715 0.292505 
1311 1327 
0.816137 0.584409 0.568672 0.646248 
1312 7 
0.0241756 0.234711 0.605351 0.88784 
1313 1477 
0.637152 0.400138 0.198763 0.901721 
1314 997 
0.683502 0.386177 0.683351 0.917207 
1315 634 
0.310743 0.645811 0.404378 0.0132951 
1316 105 
0.126578 0.868459 0.2872 0.610294 
1317 866 
0.549685 0.42643 0.745373 0.118357 
1318 1528 
0.25001 0.142533 0.30739 0.855361 
1319 85 
0.227482 0.492514 0.43051 0.426245 
1320 287 
0.803486 0.109747 0.780412 0.486837 
1321 722 
0.035339 0.79758 0.672765 0.439717 
1322 197 
0.840525 0.566295 0.679334 0.127725 
1323 1017 
0.840298 0.677409 0.603019 0.585671 
1324 892 
0.675698 0.835681 0.938299 0.983088 
1325 620 
0.968671 0.21057 0.183556 0.399181 
1326 531 
0.577791 0.202667 0.746563 0.358203 
1327 1090 
0.773517 0.393542 0.487085 0.446282 
1328 1567 
0.29796 0.286807 0.399554 0.977294 
1329 907 
0.576143 0.817592 0.0919407 0.179162 
1330 1034 
0.887707 0.854861 0.238945 0.826006 
1331 1079 
0.929987 0.794677 0.048519 0.113543 
1332 1435 
0.685334 0.691334 0.396526 0.431897 
1333 897 
0.0860311 0.205414 0.443078 0.573116 
1334 944 
0.276337 0.871076 0.938503 0.675891 
1335 762 
0.353034 0.252034 0.665962 0.444975 
1336 1516 
0.0692249 0.332682 0.286057 0.308169 
1337 510 
0.124006 0.238156 0.953365 0.172525 
1338 882 
0.147224 0.857859 0.0430327 0.54375 
1339 181 
0.0925691 0.629781 0.49517 0.535647 
1340 363 
0.146866 0.811984 0.0739731 0.0853688 
1341 1236 
0.922343 0.438403 0.739909 0.588305 
1342 528 
0.171105 0.657529 0.216059 0.457162 
1343 263 
0.374747 0.581168 0.203855 0.328113 
1344 1355 
0.555554 0.475337 0.611551 0.598587 
1345 312 
0.901308 0.691156 0.648869 0.396478 
1346 450 
0.851766 0.543344 0.0387874 0.925739 
1347 48 
0.526662 0.848082 0.0671156 0.266571 
1348 1365 
0.950493 0.437677 0.0939159 0.166553 
1349 1151 
0.0596148 0.5413 0.476007 0.26347 
1350 1488 
0.229699 0.819024 0.344749 0.841251 
1351 1042 
0.363836 0.742558 0.108768 0.0127049 
1352 468 
0.335571 0.864471 0.68238 0.374358 
1353 967 
0.311093 0.901021 0.638292 0.378209 
1354 702 
0.0746779 0.328702 0.605269 0.168594 
1355 661 
0.500108 0.228209 0.0365546 0.976115 
1356 1346 
0.905967 0.205815 0.310703 0.250717 
1357 136 
0.728314 0.614553 0.789624 0.837082 
1358 513 
0.92866 0.172653 0.491729 0.61104 
1359 584 
0.281938 0.922133 0.448032 0.92023 
1360 234 
0.615624 0.994908 0.629044 0.220893 
1361 476 
0.124298 0.721002 0.39171 0.160853 
1362 243 
0.883389 0.0668203 0.902931 0.194092 
1363 1281 
0.949997 0.922406 0.93209 0.73962 
1364 324 
0.559348 0.668281 0.932142 0.0510765 
1365 111 
0.479153 0.333015 0.201454 0.927185 
1366 1064 
0.501796 0.54281 0.248153 0.13084 
1367 81 
0.411655 0.255138 0.484705 0.803365 
1368 105 
0.181821 0.686754 0.482812 0.0847526 
1369 117 
0.800348 0.0347491 0.803252 0.732438 
1370 365 
0.562741 0.291786 0.44265 0.494882 
1371 801 
0.721971 0.974035 0.675878 0.923425 
1372 1162 
0.929123 0.425221 0.44403 0.177276 
1373 829 
0.207733 0.58893 0.811199 0.692438 
1374 1022 
0.227191 0.87426 0.079049 0.710002 
1375 556 
0.959895 0.510351 0.993761 0.763147 
1376 1479 
0.768131 0.325887 0.534575 0.210781 
1377 96 
0.877438 0.932752 0.794805 0.553316 
1378 302 
0.696025 0.482438 0.281398 0.140055 
1379 1226 
0.837459 0.347789 0.248644 0.648658 
1380 1388 
0.640939 0.875849 0.914487 0.719988 
1381 575 
0.873499 0.679883 0.096202 0.86726 
1382 29 
0.338991 0.635391 0.768917 0.873566 
1383 1282 
0.589686 0.751004 0.778924 0.384491 
1384 1553 
0.635101 0.0805159 0.786758 0.916499 
1385 1394 
0.446472 0.753958 0.56836 0.695116 
1386 816 
0.608587 0.336055 0.278465 0.523074 
1387 254 
0.864317 0.396573 0.735925 0.960519 
1388 1013 
0.178955 0.29951 0.899224 0.947871 
1389 1362 
0.745396 0.537558 0.92408 0.52432 
1390 380 
0.2284 0.159421 0.00256418 0.0151578 
1391 335 
0.223136 0.461629 0.829877 0.791496 
1392 694 
0.232494 0.400083 0.492799 0.510959 
1393 840 
0.548842 0.375276 0.31973 0.284767 
1394 1533 
0.583563 0.463722 0.635305 0.482787 
1395 1092 
0.808381 0.228183 0.949151 0.732461 
1396 138 
0.871199 0.960861 0.911923 0.873764 
1397 279 
0.987843 0.0968992 0.437648 0.81772 
1398 960 
0.594393 0.0502134 0.288478 0.0871925 
1399 1457 
0.211635 0.636035 0.936448 0.531365 
1400 1040 
0.272243 0.114928 0.384524 0.907547 
1401 1055 
0.796118 0.715928 0.825898 0.745269 
1402 994 
0.578401 0.616469 0.40925 0.490324 
1403 1181 
0.385269 0.478167 0.587132 0.822917 
1404 412 
0.475527 0.41731 0.3461 0.764005 
1405 993 
0.907272 0.97564 0.140537 0.843721 
1406 1460 
0.0613391 0.115964 0.621933 0.445863 
1407 204 
0.219649 0.241981 0.739439 0.0455466 
1408 614 
0.187828 0.623947 0.603719 0.597078 
1409 945 
0.0939517 0.982347 0.592438 0.681083 
1410 1459 
0.888325 0.15661 0.222574 0.234425 
1411 1573 
0.727076 0.141697 0.896255 0.867613 
1412 1073 
0.40326 0.928952 0.101382 0.0251932 
1413 72 
0.124893 0.244842 0.616797 0.864332 
1414 1094 
0.604048 0.0521605 0.914336 0.207767 
1415 872 
0.0286073 0.301719 0.631586 0.621045 
1416 905 
0.43685 0.50937 0.139412 0.659424 
1417 1402 
0.0600265 0.3865 0.885492 0.956281 
1418 653 
0.87091 0.359541 0.183065 0.972292 
1419 702 
0.557881 0.0971849 0.629576 0.174678 
1420 512 
0.919964 0.778725 0.0136775 0.8343 
1421 1327 
0.662916 0.862907 0.288211 0.294502 
1422 741 
0.271013 0.731352 0.993323 0.410425 
1423 1280 
0.737118 0.470452 0.777275 0.622611 
1424 34 
0.0313878 0.493521 0.786274 0.214453 
1425 1022 
0.171008 0.772333 0.562998 0.800584 
1426 1453 
0.524515 0.720548 0.725737 0.538192 
1427 963 
0.712229 0.201109 0.417756 0.000440418 
1428 994 
0.901708 0.271454 0.226963 0.895031 
1429 650 
0.617738 0.63215 0.152331 0.395013 
1430 402 
0.579063 0.426401 0.748281 0.365337 
1431 307 
0.214094 0.536345 0.413187 0.777092 
1432 1548 
0.360198 0.301607 0.0574767 0.0859349 
1433 1135 
0.612325 0.798164 0.0409082 0.0300804 
1434 1311 
0.536519 0.931789 0.0700582 0.763482 
1435 242 
0.751937 0.38122 0.45897 0.904268 
1436 61 
0.71373 0.483331 0.202634 0.462011 
1437 308 
0.843487 0.676105 0.385013 0.256674 
1438 977 
0.721942 0.616873 0.754804 0.779418 
1439 645 
0.594603 0.391743 0.500972 0.635511 
1440 371 
0.299576 0.17203 0.353612 0.369634 
1441 347 
0.180433 0.121572 0.316732 0.639402 
1442 1594 
0.0929648 0.353132 0.509171 0.295598 
1443 379 
0.357839 0.139086 0.491248 0.742852 
1444 278 
0.944445 0.464794 0.0126327 0.699249 
1445 1281 
0.71544 0.293852 0.635955 0.216412 
1446 675 
0.0577791 0.515988 0.101394 0.411392 
1447 982 
0.0369061 0.591824 0.00719424 0.353638 
1448 1015 
0.0330336 0.446603 0.584358 0.542204 
1449 939 
0.399501 0.900043 0.881287 0.890749 
1450 956 
0.277047 0.835194 0.107688 0.28968 
1451 371 
0.3519 0.00512005 0.828294 0.987856 
1452 548 
0.757658 0.0456346 0.73752 0.859051 
1453 165 
0.623143 0.895957 0.0488502 0.630337 
1454 686 
0.280076 0.663371 0.696198 0.864435 
1455 25 
0.4384 0.263936 0.105618 0.319686 
1456 670 
0.748512 0.596733 0.989878 0.856201 
1457 736 
0.524321 0.208101 0.891533 0.352615 
1458 336 
0.113065 0.110272 0.241591 0.850586 
1459 563 
0.698617 0.473729 0.865281 0.747467 
1460 1101 
0.114877 0.0275438 0.767437 0.811075 
1461 496 
0.973012 0.249475 0.155914 0.0786293 
1462 1510 
0.310599 0.827142 0.165894 0.300478 
1463 964 
0.0523074 0.824798 0.891443 0.94384 
1464 1399 
0.0873996 0.0569057 0.287685 0.328991 
1465 156 
0.257009 0.0276078 0.38122 0.122291 
1466 322 
0.485285 0.237167 0.802619 0.252722 
1467 1374 
0.694597 0.225734 0.297717 0.850512 
1468 1550 
0.866878 0.161111 0.131505 0.0327723 
1469 1244 
0.814847 0.0850797 0.286387 0.70629 
1470 70 
0.4638 0.79369 0.0858259 0.751486 
1471 1383 
0.993317 0.00849484 0.150288 0.374537 
1472 268 
0.925363 0.859822 0.367953 0.727982 
1473 910 
0.416195 0.42258 0.338278 0.713912 
1474 225 
0.642641 0.58079 0.434202 0.774146 
1475 824 
0.895791 0.588993 0.698642 0.182178 
1476 1323 
0.727562 0.645978 0.0889726 0.813388 
1477 1124 
0.211653 0.806705 0.405959 0.361941 
1478 251 
0.536744 0.287304 0.0410645 0.904697 
1479 628 
0.153609 0.320892 0.437866 0.491887 
1480 1377 
0.710958 0.134528 0.615594 0.14516 
1481 1411 
0.229156 0.0409513 0.497666 0.927798 
1482 155 
0.792949 0.655361 0.869107 0.881921 
1483 256 
0.266571 0.0935744 0.275454 0.67253 
1484 968 
0.456696 0.209273 0.74282 0.497761 
1485 58 
0.758107 0.65137 0.434862 0.195973 
1486 390 
0.469666 0.906931 0.277785 0.0852594 
1487 212 
0.186458 0.314416 0.0930421 0.684124 
1488 410 
0.316171 0.477073 0.897575 0.185279 
1489 513 
0.366324 0.45185 0.452569 0.641778 
1490 581 
0.908084 0.0984745 0.333653 0.650904 
1491 1102 
0.447623 0.409011 0.247605 0.882485 
1492 1248 
0.390862 0.35215 0.511915 0.668647 
1493 818 
0.564005 0.855106 0.751826 0.657048 
1494 386 
0.99404 0.973219 0.0163032 0.891614 
1495 388 
0.375298 0.257938 0.610348 0.827867 
1496 912 
0.734727 0.735951 0.998191 0.0683803 
1497 1073 
0.594426 0.516003 0.795867 0.842031 
1498 1309 
0.400851 0.232894 0.750639 0.912765 
1499 130 
0.188048 0.476771 0.756647 0.939874 
1500 1425 
0.295877 0.933914 0.107037 0.31218 
1501 1378 
0.265535 0.687478 0.0834661 0.875883 
1502 569 
0.983182 0.61061 0.251295 0.981373 
1503 1293 
0.638151 0.575799 0.194994 0.434017 
1504 777 
0.593482 0.834868 0.650724 0.344121 
1505 562 
0.552265 0.532169 0.224404 0.308912 
1506 917 
0.358222 0.604789 0.405957 0.46526 
1507 1547 
0.231485 0.730795 0.604447 0.314951 
1508 260 
0.119791 0.298133 0.217288 0.371086 
1509 591 
0.896279 0.00923706 0.855305 0.0912728 
1510 148 
0.273135 0.684755 0.278122 0.923859 
1511 761 
0.0257557 0.476125 0.561045 0.25016 
1512 204 
0.0330882 0.608382 0.389826 0.439045 
1513 1 
0.306795 0.670529 0.804436 0.911242 
1514 209 
0.411114 0.0310329 0.283613 0.628402 
1515 168 
0.563119 0.524681 0.411356 0.418424 
1516 336 
0.854611 0.691559 0.300709 0.132733 
1517 850 
0.329585 0.158489 0.0915433 0.89063 
1518 1242 
0.876581 0.923718 0.0170305 0.266407 
1519 1397 
0.090672 0.573202 0.0332922 0.895108 
1520 1288 
0.0187724 0.306222 0.515477 0.302386 
1521 184 
0.917596 0.865505 0.459306 0.328952 
1522 168 
0.0752596 0.183563 0.975487 0.375968 
1523 279 
0.590906 0.705553 0.474785 0.682449 
1524 1498 
0.883433 0.559029 0.519901 0.900464 
1525 1090 
0.882663 0.991136 0.398638 0.915956 
1526 1189 
0.883082 0.934728 0.192467 0.398559 
1527 459 
0.127091 0.316155 0.102618 0.586397 
1528 809 
0.386546 0.661657 0.82867 0.362033 
1529 1069 
0.144966 0.952939 0.743178 0.619751 
1530 240 
0.339361 0.503184 0.194417 0.859262 
1531 50 
0.0198534 0.741925 0.394784 0.418492 
1532 285 
0.281028 0.301574 0.592608 0.473494 
1533 1568 
0.829722 0.600586 0.0162885 0.93234 
1534 530 
0.661396 0.318886 0.84864 0.490066 
1535 1255 
0.886265 0.635032 0.633859 0.629443 
1536 82 
0.269246 0.968804 0.757967 0.463664 
1537 141 
0.161615 0.483517 0.569991 0.556399 
1538 1071 
0.227871 0.837427 0.203583 0.820479 
1539 201 
0.903716 0.650201 0.911507 0.920005 
1540 615 
0.0984898 0.581401 0.901427 0.94713 
1541 1520 
0.582347 0.833395 0.706499 0.216205 
1542 512 
0.961282 0.485452 0.431642 0.719249 
1543 361 
0.259708 0.880864 0.432633 0.829698 
1544 837 
0.334641 0.0575696 0.27469 0.538224 
1545 870 
0.585611 0.44194 0.52825 0.497117 
1546 93 
0.110791 0.595607 0.943345 0.0122186 
1547 286 
0.014812 0.594565 0.376131 0.721311 
1548 1539 
0.838969 0.682593 0.296222 0.270611 
1549 449 
0.245338 0.530319 0.282706 0.67797 
1550 215 
0.719969 0.0126118 0.417587 0.994659 
1551 710 
0.295636 0.58027 0.992776 0.823886 
1552 384 
0.354721 0.934678 0.672994 0.298066 
1553 1474 
0.215731 0.312878 0.541462 0.591863 
1554 1310 
0.352232 0.430832 0.716782 0.648455 
1555 435 
0.118624 0.893793 0.231762 0.40133 
1556 1187 
0.59178 0.1213 0.584375 0.00936657 
1557 291 
0.135211 0.305003 0.696228 0.127987 
1558 1583 
0.773616 0.482708 0.0635669 0.44661 
1559 571 
0.0104634 0.662341 0.0936524 0.551925 
1560 169 
0.127841 0.904158 0.685036 0.844623 
1561 59 
0.38648 0.963247 0.446405 0.618242 
1562 75 
0.0181687 0.210021 0.485878 0.602544 
1563 1016 
0.601836 0.737755 0.524391 0.298065 
1564 426 
0.65328 0.0716802 0.34845 0.716847 
1565 335 
0.129224 0.72731 0.180631 0.222877 
1566 473 
0.434836 0.350718 0.183393 0.119872 
1567 1276 
0.736006 0.506352 0.158589 0.182411 
1568 808 
0.523167 0.20058 0.334615 0.0090442 
1569 289 
0.554003 0.61088 0.540878 0.0783936 
1570 813 
0.40662 0.731673 0.980625 0.75507 
1571 725 
0.498915 0.884295 0.17583 0.679547 
1572 1167 
0.455065 0.114382 0.457889 0.638458 
1573 5 
0.653231 0.374464 0.740606 0.811819 
1574 1509 
0.8652 0.334986 0.757455 0.199814 
1575 1015 
0.560578 0.753817 0.954911 0.101457 
1576 1102 
0.863856 0.508077 0.563884 0.844481 
1577 1148 
0.0124044 0.343397 0.147442 0.188235 
1578 260 
0.254613 0.6433 0.137326 0.712503 
1579 1596 
0.37158 0.365733 0.656223 0.112186 
1580 116 
0.213098 0.977386 0.512539 0.970552 
1581 449 
0.856569 0.53113 0.931018 0.81148 
1582 162 
0.763229 0.675336 0.140664 0.327113 
1583 555 
0.403812 0.339518 0.863213 0.551254 
1584 1525 
0.886157 0.805868 0.171052 0.0234828 
1585 951 
0.452811 0.395063 0.884103 0.109034 
1586 1421 
0.0616559 0.322131 0.484636 0.574195 
1587 0 
0.661836 0.430764 0.823814 0.592854 
1588 756 
0.456401 0.356082 0.917579 0.597065 
1589 520 
0.437396 0.000877173 0.0227129 0.300609 
1590 84 
0.550465 0.186766 0.357999 0.721517 
1591 456 
0.876369 0.174328 0.605312 0.760472 
1592 1144 
0.112562 0.822128 0.605493 0.597197 
1593 507 
0.898176 0.259033 0.827086 0.72199 
1594 1481 
0.0693296 0.178391 0.207969 0.986909 
1595 143 
0.891164 0.424304 0.776334 0.913877 
1596 807 
0.328465 0.464342 0.91168 0.686464 
1597 1043 
0.121929 0.562833 0.360188 0.727241 
1598 708 
0.64355 0.839802 0.145433 0.249043 
1599 1214 
0.541756 0.147219 0.696033 0.368842 
