39 2
0 1 1 0 1 1 0 1 1 0 0 0 0 0 1 0 0 1 1 0 0 1 0 1 1 1 0 1 0 0 1 0 0 1 1 0 1 0 1 
0 20 
0.000649035 0.183309 0.308916 0.334471 
1 30 
0.0901619 0.574953 0.798364 0.615877 
2 17 
0.72802 0.206865 0.479446 0.227243 
3 17 
0.13925 0.743419 0.138879 0.979635 
4 30 
0.428237 0.53189 0.283559 0.0984477 
5 38 
0.219808 0.196721 0.379299 0.82286 
6 10 
0.409649 0.823509 0.699746 0.718565 
7 37 
0.175078 0.808726 0.732933 0.973442 
8 29 
0.777713 0.701462 0.631469 0.257159 
9 20 
0.315372 0.396409 0.672124 0.454251 
10 37 
0.879579 0.882488 0.907935 0.163138 
11 17 
0.445039 0.382946 0.177657 0.824338 
12 3 
0.694094 0.233987 0.0293149 0.39384 
13 8 
0.187295 0.568918 0.761278 0.920229 
14 1 
0.185881 0.697942 0.243822 0.81735 
15 11 
0.172527 0.132722 0.35151 0.844652 
16 9 
0.727554 0.724231 0.469462 0.635489 
17 7 
0.450398 0.0805283 0.270314 0.628055 
18 8 
0.47612 0.32215 0.138854 0.505435 
19 4 
0.0914052 0.69273 0.284907 0.852683 
20 10 
0.827267 0.0385645 0.310901 0.0710893 
21 19 
0.266001 0.243617 0.988637 0.617511 
22 31 
0.575611 0.345065 0.812499 0.0450728 
23 35 
0.699868 0.495471 0.0610828 0.970182 
24 14 
0.965949 0.446302 0.445676 0.104803 
25 34 
0.161665 0.196208 0.644467 0.446573 
26 27 
0.257426 0.27384 0.0874561 0.568327 
27 19 
0.943371 0.834328 0.588546 0.932008 
28 27 
0.676814 0.507618 0.796905 0.489313 
29 18 
0.777459 0.189181 0.048162 0.838542 
30 33 
0.171688 0.804491 0.605664 0.617364 
31 12 
0.557401 0.77903 0.105503 0.201867 
32 6 
0.154394 0.459293 0.499442 0.241851 
33 31 
0.844371 0.185221 0.861948 0.432917 
34 37 
0.313787 0.109731 0.624847 0.110691 
35 32 
0.177538 0.88815 0.788225 0.2257 
36 34 
0.947587 0.397388 0.531183 0.553252 
37 10 
0.440478 0.110652 0.793782 0.545981 
38 31 
0.0193849 0.700375 0.771813 0.518827 
