17 3
1 1 0 0 0 0 1 0 0 0 1 0 1 0 0 0 0 
0 1 12 
0.685306 0.18406 0.502296 0.540405 0.436667 0.756221 0.124832 0.127227 
1 14 13 
0.34107 0.780349 0.715998 0.415288 0.891785 0.289968 0.905004 0.305912 
2 1 11 
0.999155 0.786697 0.0448611 0.53675 0.449775 0.538877 0.272592 0.36991 
3 2 10 
0.237069 0.712887 0.406082 0.777475 0.149555 0.162303 0.902306 0.276782 
4 9 11 
0.617851 0.719669 0.57517 0.0331394 0.611454 0.865138 0.938143 0.917366 
5 15 9 
0.916521 0.113299 0.677051 0.453272 0.563074 0.215928 0.725864 0.932984 
6 14 15 
0.836769 0.0047601 0.967579 0.242851 0.782235 0.117133 0.405154 0.684541 
7 16 4 
0.543713 0.0117663 0.0641428 0.118883 0.0449057 0.675597 0.984021 0.983049 
8 16 2 
0.615239 0.509484 0.423922 0.292289 0.962756 0.986996 0.508217 0.68862 
9 16 6 
0.943311 0.75675 0.280668 0.91089 0.999601 0.0629026 0.0280229 0.404755 
10 8 6 
0.749229 0.291157 0.433704 0.813372 0.41004 0.47861 0.488968 0.394061 
11 2 0 
0.0768975 0.591416 0.128607 0.369187 0.554172 0.115603 0.877404 0.242792 
12 1 6 
0.186103 0.792333 0.43398 0.0969929 0.791934 0.496882 0.125016 0.196689 
13 2 6 
0.945918 0.535483 0.980658 0.75929 0.945523 0.459268 0.248258 0.339584 
14 15 11 
0.172876 0.367011 0.475778 0.288479 0.244415 0.71857 0.324063 0.397727 
15 4 13 
0.831707 0.00166659 0.908331 0.328589 0.126682 0.10502 0.572914 0.673636 
16 11 9 
0.654294 0.810228 0.0539199 0.113563 0.0584867 0.393504 0.0344895 0.388677 
