39 7
0 1 1 0 1 1 0 1 1 0 0 0 0 0 1 0 0 1 1 0 0 1 0 1 1 1 0 1 0 0 1 0 0 1 1 0 1 0 1 
0 20 11 37 8 16 30 
0.0901619 0.574953 0.798364 0.615877 0.0447795 0.72802 0.206865 0.479446 0.227243 0.683904 0.13925 0.743419 0.138879 0.979635 0.207454 0.428237 0.53189 0.283559 0.0984477 0.537105 0.219808 0.196721 0.379299 0.82286 0.516437 0.409649 0.823509 0.699746 0.718565 0.157981 0.175078 0.808726 0.732933 0.973442 0.424603 0.777713 0.701462 0.631469 0.257159 0.928705 0.315372 0.396409 0.672124 0.454251 0.376044 0.879579 0.882488 0.907935 0.163138 0.980936 0.445039 0.382946 0.177657 0.824338 0.205806 0.694094 0.233987 0.0293149 0.39384 0.952552 0.187295 0.568918 0.761278 0.920229 0.54236 0.185881 0.697942 0.243822 0.81735 0.955101 0.172527 0.132722 0.35151 0.844652 0.586974 0.727554 0.724231 0.469462 0.635489 0.887368 0.450398 0.0805283 0.270314 0.628055 0.904867 0.47612 0.32215 0.138854 0.505435 0.715989 0.0914052 0.69273 0.284907 0.852683 0.612959 0.827267 0.0385645 0.310901 0.0710893 0.855915 0.266001 0.243617 0.988637 0.617511 0.0882685 0.575611 0.345065 0.812499 0.0450728 0.980554 0.699868 0.495471 0.0610828 0.970182 0.123526 0.965949 0.446302 0.445676 0.104803 0.951736 0.161665 0.196208 0.644467 0.446573 0.0488916 0.257426 0.27384 0.0874561 
1 10 19 36 24 17 27 
0.676814 0.507618 0.796905 0.489313 0.552691 0.777459 0.189181 0.048162 0.838542 0.159362 0.171688 0.804491 0.605664 0.617364 0.909294 0.557401 0.77903 0.105503 0.201867 0.225602 0.154394 0.459293 0.499442 0.241851 0.0276197 0.844371 0.185221 0.861948 0.432917 0.117229 0.313787 0.109731 0.624847 0.110691 0.599044 0.177538 0.88815 0.788225 0.2257 0.726692 0.947587 0.397388 0.531183 0.553252 0.0147526 0.440478 0.110652 0.793782 0.545981 0.31252 0.0193849 0.700375 0.771813 0.518827 0.942225 0.799433 0.363198 0.127447 0.66138 0.796115 0.244675 0.975167 0.905846 0.869522 0.0858581 0.50489 0.0470603 0.974008 0.293115 0.27276 0.7007 0.240702 0.670148 0.231884 0.793954 0.684901 0.672362 0.904606 0.478683 0.218342 0.217126 0.498068 0.918717 0.988939 0.0168952 0.860943 0.788371 0.380093 0.988389 0.449752 0.176208 0.233065 0.424918 0.0820538 0.102587 0.510776 0.586944 0.149647 0.484785 0.880059 0.422407 0.185485 0.120761 0.0925556 0.417369 0.914715 0.777457 0.0897303 0.819321 0.25614 0.308072 0.0364471 0.754208 0.226789 0.0253858 0.771104 0.087732 0.813757 0.151197 0.0761212 0.263509 0.327405 0.309186 0.688427 0.409459 0.411773 0.199204 0.996403 
2 11 7 24 20 36 1 
0.0763828 0.286842 0.911937 0.853839 0.376573 0.731258 0.109979 0.684645 0.767705 0.864188 0.911434 0.793091 0.635291 0.999166 0.606848 0.786488 0.0752875 0.870357 0.113893 0.384473 0.558784 0.523352 0.796246 0.757988 0.519754 0.357666 0.441976 0.396216 0.341493 0.311449 0.393438 0.417876 0.598292 0.305375 0.271715 0.974864 0.0366332 0.381695 0.659509 0.804339 0.245882 0.570943 0.59743 0.881174 0.57011 0.204278 0.667662 0.645397 0.0746353 0.781555 0.0298707 0.63342 0.304907 0.826117 0.391407 0.824661 0.183782 0.833383 0.220877 0.525275 0.144833 0.614315 0.943151 0.743124 0.91969 0.214866 0.717989 0.956323 0.596561 0.377498 0.760661 0.842443 0.948441 0.358091 0.723616 0.518551 0.562369 0.391278 0.163948 0.637005 0.172833 0.193819 0.270424 0.47774 0.0199355 0.661832 0.302401 0.203718 0.495215 0.523278 0.728993 0.640048 0.137592 0.672144 0.383172 0.0572821 0.88701 0.101161 0.013605 0.483571 0.478659 0.774266 0.326014 0.4271 0.132358 0.0496303 0.94565 0.694727 0.440909 0.109599 0.331732 0.613742 0.303418 0.602156 0.0914814 0.323353 0.263988 0.393882 0.527071 0.759203 0.91716 0.256064 0.399251 0.0547527 0.928209 0.782424 0.112035 0.815219 
3 0 6 34 27 23 1 
0.789343 0.0322639 0.674434 0.734993 0.726991 0.115342 0.844592 0.0587229 0.729084 0.148009 0.660879 0.820565 0.471363 0.924867 0.214448 0.998434 0.68407 0.131608 0.254498 0.0833214 0.186361 0.182707 0.865745 0.298396 0.997925 0.749329 0.424036 0.296715 0.111572 0.323942 0.921519 0.900915 0.356206 0.595953 0.635908 0.0831966 0.711295 0.4805 0.141919 0.440379 0.62851 0.802799 0.260945 0.0998722 0.727666 0.475393 0.0983059 0.411736 0.607001 0.352804 0.495057 0.793362 0.53551 0.360802 0.0917575 0.533436 0.110132 0.515793 0.830151 0.221704 0.839735 0.75167 0.122619 0.19594 0.347623 0.758528 0.279137 0.0589178 0.239028 0.421056 0.499297 0.867537 0.223855 0.760242 0.967409 0.951521 0.235634 0.0657152 0.363257 0.842635 0.418519 0.858314 0.635997 0.954029 0.219116 0.727754 0.487465 0.329248 0.243547 0.317616 0.550952 0.0832821 0.0692864 0.673572 0.279222 0.416909 0.432099 0.558359 0.475827 0.671127 0.979416 0.975124 0.538664 0.20327 0.735366 0.506073 0.154791 0.971 0.571789 0.518048 0.813635 0.990308 0.376362 0.449632 0.944337 0.595478 0.177386 0.431803 0.924726 0.420934 0.749419 0.475679 0.504216 0.818705 0.14925 0.783438 0.235614 0.58135 
4 21 2 25 32 36 23 
0.524483 0.421931 0.297215 0.679274 0.392931 0.869003 0.197322 0.206566 0.859311 0.573683 0.656198 0.803648 0.169161 0.833584 0.235451 0.0938875 0.254517 0.98487 0.569566 0.758733 0.803575 0.718817 0.542171 0.0391894 0.300166 0.883968 0.750631 0.552643 0.205181 0.437196 0.343784 0.729664 0.859127 0.640999 0.408939 0.252057 0.510002 0.60626 0.458623 0.369313 0.179944 0.114821 0.172961 0.349105 0.948405 0.408412 0.442992 0.202922 0.393281 0.0125586 0.961655 0.196856 0.731375 0.503826 0.236046 0.0315415 0.387794 0.986677 0.584185 0.592975 0.423873 0.927969 0.32264 0.282999 0.568968 0.731578 0.535057 0.0789702 0.337839 0.99368 0.448283 0.517782 0.1085 0.621244 0.866887 0.056905 0.0296562 0.30988 0.259827 0.422938 0.322438 0.221482 0.619794 0.0538135 0.725308 0.85584 0.085355 0.113102 0.842517 0.66954 0.706078 0.266389 0.597509 0.0287175 0.549388 0.166477 0.760296 0.0844451 0.245447 0.0981345 0.0781248 0.69373 0.615917 0.186625 0.314975 0.482804 0.24353 0.344631 0.792684 0.503357 0.767569 0.115123 0.724839 0.387363 0.168936 0.450147 0.243203 0.254291 0.56325 0.0857197 0.923831 0.269327 0.352109 0.52134 0.298045 0.901497 0.687817 0.0583406 
5 28 2 27 25 31 14 
0.250692 0.941969 0.255196 0.494223 0.286601 0.0478803 0.99758 0.0541693 0.163003 0.722419 0.441532 0.331939 0.172566 0.684735 0.58623 0.735816 0.770455 0.510061 0.00514318 0.122564 0.031401 0.303188 0.0240612 0.719218 0.361528 0.0100036 0.652482 0.518004 0.0740708 0.279477 0.290395 0.324763 0.221446 0.545592 0.818986 0.508047 0.593472 0.816566 0.562216 0.756475 0.538985 0.00374828 0.0884139 0.711552 0.688484 0.674644 0.447367 0.458939 0.184705 0.452511 0.581502 0.216106 0.755699 0.605564 0.935324 0.117227 0.615567 0.587806 0.635231 0.689638 0.867283 0.925626 0.0144014 0.0887288 0.471218 0.833387 0.596775 0.0646898 0.649953 0.158991 0.821165 0.188938 0.16274 0.909579 0.90049 0.851223 0.584223 0.347857 0.310162 0.768928 0.800368 0.891664 0.985034 0.556066 0.497228 0.920358 0.673293 0.112795 0.508164 0.308524 0.802434 0.375447 0.23415 0.816835 0.464176 0.705368 0.650222 0.0609512 0.770057 0.300175 0.219943 0.591222 0.489114 0.382682 0.500801 0.389603 0.233906 0.0850234 0.737461 0.544068 0.853951 0.537828 0.435732 0.838985 0.0938947 0.93296 0.759343 0.767188 0.0457554 0.267507 0.075712 0.848189 0.642954 0.309862 0.665024 0.10713 0.0152297 0.315246 
6 14 12 2 18 7 9 
0.770706 0.87731 0.494139 0.00461137 0.962333 0.231599 0.548679 0.816285 0.769428 0.984411 0.65527 0.863322 0.917371 0.414613 0.63051 0.963126 0.68212 0.706222 0.811315 0.325074 0.0160844 0.476339 0.432204 0.0313141 0.791585 0.600284 0.816601 0.407007 0.988308 0.193111 0.511542 0.759014 0.0704208 0.0056805 0.763625 0.0327543 0.23728 0.312304 0.849039 0.00670719 0.296715 0.504309 0.870029 0.214085 0.918921 0.50054 0.177211 0.601041 0.206762 0.988527 0.926115 0.222847 0.464866 0.358318 0.254161 0.256451 0.958603 0.070762 0.663458 0.946911 0.263873 0.175 0.705924 0.334294 0.18068 0.469549 0.367048 0.41796 0.781853 0.216087 0.424667 0.0785675 0.720395 0.294696 0.292653 0.639317 0.795236 0.469864 0.240358 0.00199841 0.458391 0.166473 0.224845 0.923257 0.524791 0.479006 0.179708 0.483394 0.549768 0.843165 0.430305 0.81364 0.0181647 0.136229 0.147934 0.198845 0.605778 0.514982 0.616805 0.387631 0.731069 0.0414714 0.466199 0.451464 0.336168 0.758852 0.0907807 0.131404 0.228716 0.331139 0.133402 0.687107 0.497611 0.358247 0.610364 0.0224027 0.837253 0.790071 0.505797 0.387021 0.633236 0.936102 0.200661 0.651401 0.0723308 0.348595 0.850246 0.678109 
7 22 18 12 9 37 8 
0.0461097 0.844689 0.290791 0.13689 0.976093 0.519507 0.468029 0.109496 0.206613 0.96564 0.467743 0.816977 0.988043 0.304996 0.607048 0.49384 0.692017 0.240284 0.429942 0.892679 0.891685 0.502273 0.241274 0.741931 0.180382 0.104851 0.208981 0.246122 0.699497 0.717503 0.778061 0.745606 0.562192 0.0688514 0.882497 0.538286 0.588358 0.350526 0.647782 0.794971 0.316166 0.115525 0.611948 0.304209 0.420521 0.218996 0.798049 0.112539 0.459281 0.227991 0.00521724 0.350966 0.730263 0.246491 0.0928968 0.910645 0.351342 0.301878 0.156767 0.0508385 0.019381 0.934828 0.796445 0.581574 0.00367904 0.678942 0.119859 0.592037 0.0294674 0.767641 0.387008 0.345634 0.883166 0.998956 0.649843 0.303688 0.217953 0.447892 0.416227 0.677233 0.675883 0.421444 0.0281991 0.406147 0.667935 0.121096 0.316792 0.0192768 0.422974 0.473559 0.0701153 0.442355 0.408386 0.86656 0.0239285 0.412065 0.545502 0.143788 0.00410218 0.574969 0.911429 0.39111 0.920603 0.794596 0.390067 0.570446 0.0982835 0.608019 0.0183379 0.51451 0.285253 0.694221 0.935954 0.313452 0.100368 0.603889 0.434548 0.417159 0.623166 0.857522 0.890718 0.693281 0.299876 0.299104 0.559841 0.323805 0.711169 0.105343 
8 0 35 36 32 5 10 
0.17136 0.271901 0.104468 0.189698 0.786412 0.389721 0.883919 0.722366 0.703173 0.984287 0.326254 0.13772 0.401446 0.94942 0.995242 0.292164 0.642701 0.295118 0.591268 0.202542 0.618923 0.302438 0.307885 0.0865162 0.0177094 0.988196 0.465538 0.124091 0.589111 0.639156 0.62054 0.760471 0.911058 0.725008 0.950169 0.697469 0.114729 0.834088 0.419835 0.817902 0.818375 0.746089 0.955622 0.219821 0.695509 0.950864 0.511985 0.33821 0.245982 0.103254 0.540752 0.864905 0.405691 0.848637 0.951421 0.423401 0.836833 0.41696 0.547492 0.425944 0.056116 0.168032 0.186415 0.967174 0.89304 0.136585 0.664643 0.00776944 0.970673 0.0844777 0.825671 0.789048 0.830567 0.781293 0.00886928 0.526076 0.732157 0.520855 0.864286 0.978139 0.624108 0.405039 0.843044 0.0297993 0.253676 0.794466 0.4532 0.0905089 0.211425 0.00069189 0.516453 0.267542 0.168724 0.702869 0.234715 0.0617642 0.839453 0.899358 0.0695336 0.810126 0.983836 0.895205 0.599174 0.814403 0.676498 0.608044 0.340479 0.408655 0.128898 0.204765 0.386794 0.753006 0.609804 0.229838 0.782806 0.86348 0.024304 0.236006 0.953988 0.235729 0.236698 0.470442 0.503271 0.405421 0.17331 0.737986 0.467186 0.0127637 
9 10 37 15 18 31 5 
0.435583 0.108422 0.0301082 0.776062 0.517077 0.159006 0.980827 0.903871 0.912013 0.590631 0.13371 0.694819 0.454111 0.158014 0.930824 0.408099 0.393743 0.167522 0.878541 0.897014 0.572943 0.0518513 0.635 0.0401288 0.064615 0.272345 0.576848 0.887505 0.893525 0.00877223 0.30957 0.329108 0.117194 0.339678 0.10517 0.634272 0.498684 0.0859971 0.538143 0.410697 0.676628 0.671853 0.105515 0.130739 0.829867 0.0363396 0.538839 0.22361 0.203861 0.417379 0.120625 0.776804 0.469231 0.755625 0.816933 0.533846 0.0279699 0.393781 0.421351 0.921495 0.402554 0.73092 0.250603 0.519748 0.070598 0.355773 0.15402 0.569282 0.44177 0.692163 0.979979 0.118398 0.364016 0.0854947 0.249137 0.193883 0.121834 0.787976 0.417494 0.325696 0.205355 0.538118 0.1025 0.674586 0.293743 0.919433 0.208432 0.321713 0.313215 0.629783 0.243208 0.715768 0.360703 0.493811 0.235516 0.431301 0.849584 0.389536 0.000583212 0.291354 0.0816993 0.980562 0.409752 0.445716 0.066057 0.658889 0.639599 0.187891 0.446865 0.0570923 0.513587 0.652221 0.59521 0.616087 0.326807 0.888954 0.53552 0.535239 0.210667 0.848735 0.165022 0.453875 0.564503 0.525725 0.947686 0.800019 0.957026 0.797269 
10 17 18 14 15 19 6 
0.00422831 0.157264 0.356569 0.19212 0.604129 0.413661 0.705707 0.25635 0.00887181 0.321794 0.583157 0.897825 0.857314 0.118396 0.108492 0.706049 0.283418 0.562367 0.270552 0.809143 0.510052 0.0705715 0.766168 0.307321 0.260127 0.723777 0.395944 0.531382 0.661948 0.894319 0.248352 0.666177 0.0515829 0.604921 0.858296 0.655712 0.0185827 0.564003 0.912063 0.0274545 0.885797 0.49522 0.92528 0.74311 0.613616 0.0337718 0.449159 0.897034 0.596138 0.719712 0.706176 0.10619 0.790283 0.472345 0.413512 0.0504101 0.196122 0.809456 0.581792 0.85807 0.703774 0.830144 0.524247 0.755357 0.435065 0.382543 0.411069 0.453648 0.946546 0.323132 0.481102 0.832343 0.818352 0.406382 0.575453 0.431968 0.440154 0.0246124 0.329002 0.0362923 0.744324 0.035178 0.142483 0.534607 0.507523 0.555994 0.585017 0.703644 0.36545 0.166809 0.561714 0.069224 0.996953 0.0859611 0.824581 0.432018 0.468504 0.235651 0.885666 0.41505 0.558783 0.366769 0.247393 0.377135 0.773151 0.822846 0.809102 0.213305 0.847458 0.138104 0.249597 0.591782 0.173282 0.39208 0.126389 0.680805 0.948074 0.711406 0.384449 0.313524 0.878215 0.946163 0.382748 0.875168 0.0321241 0.207329 0.307186 0.500628 
11 0 20 9 4 29 19 
0.378897 0.332772 0.985917 0.187999 0.546077 0.833375 0.326103 0.795675 0.425157 0.499385 0.187754 0.551546 0.18019 0.135828 0.262952 0.564638 0.449352 0.141167 0.510801 0.832099 0.0163346 0.542925 0.039428 0.323521 0.0435538 0.482407 0.516373 0.959232 0.484169 0.0759947 0.122304 0.863066 0.408767 0.10822 0.051065 0.954844 0.941596 0.377168 0.750519 0.366753 0.876553 0.938273 0.918298 0.0567425 0.0741013 0.18125 0.621381 0.523453 0.322417 0.132182 0.355552 0.338751 0.675108 0.39498 0.662272 0.718661 0.877388 0.178646 0.677894 0.361557 0.25464 0.800197 0.224623 0.663407 0.908418 0.275688 0.618251 0.850013 0.652856 0.36877 0.216766 0.529409 0.307043 0.135064 0.586152 0.381145 0.316314 0.207532 0.904598 0.638731 0.339714 0.26015 0.977482 0.014822 0.65513 0.639754 0.733483 0.532518 0.8184 0.411377 0.894075 0.0730403 0.211574 0.118698 0.736448 0.119992 0.394386 0.354699 0.970005 0.0472417 0.723469 0.186771 0.576651 0.0305125 0.321835 0.162802 0.411657 0.638149 0.370335 0.316255 0.27688 0.710049 0.576404 0.254362 0.724871 0.231534 0.894116 0.458354 0.764052 0.712517 0.869731 0.658127 0.785557 0.0813056 0.776824 0.522004 0.201297 0.17121 
12 23 34 27 2 9 10 
0.679908 0.957904 0.0423421 0.318056 0.328239 0.358597 0.594936 0.0382878 0.935001 0.849298 0.763159 0.166536 0.743415 0.221513 0.930588 0.455931 0.0912446 0.588714 0.241488 0.17255 0.365538 0.763492 0.373848 0.536748 0.640196 0.54515 0.7552 0.240368 0.903223 0.550302 0.871054 0.583131 0.508206 0.913396 0.901187 0.836445 0.271992 0.496123 0.874733 0.206994 0.345421 0.637892 0.373529 0.0888357 0.859405 0.304117 0.544767 0.95065 0.892831 0.786255 0.1232 0.258369 0.549747 0.497047 0.795118 0.189943 0.0421975 0.550317 0.430311 0.94542 0.100619 0.301365 0.528551 0.608825 0.214761 0.429738 0.445271 0.486753 0.925861 0.320003 0.693747 0.271282 0.957895 0.067276 0.360118 0.8173 0.371393 0.904885 0.76795 0.264224 0.691139 0.891149 0.522593 0.240887 0.388197 0.317711 0.43083 0.430394 0.868028 0.861141 0.375815 0.968647 0.162506 0.904366 0.577473 0.377267 0.334104 0.0227435 0.86402 0.259965 0.342747 0.557767 0.531247 0.300642 0.625043 0.891365 0.117942 0.996436 0.79625 0.885892 0.26066 0.487389 0.777041 0.783253 0.728276 0.165238 0.100964 0.159105 0.595632 0.968992 0.0202465 0.971447 0.937639 0.182753 0.875813 0.515112 0.56002 0.209916 
13 27 9 2 33 22 5 
0.181244 0.606851 0.892493 0.299187 0.603287 0.688743 0.185078 0.863947 0.176132 0.962119 0.6472 0.904407 0.127357 0.748163 0.0635127 0.722989 0.717155 0.0837592 0.694436 0.654794 0.266512 0.570249 0.169906 0.826532 0.780165 0.707762 0.250572 0.250047 0.588364 0.23238 0.251175 0.769609 0.839231 0.143668 0.0687953 0.442518 0.832411 0.253874 0.306464 0.00854231 0.215993 0.953664 0.91295 0.34335 0.701827 0.976462 0.066339 0.418982 0.0602215 0.760775 0.0737766 0.326733 0.331024 0.243683 0.153265 0.111189 0.951445 0.403837 0.361236 0.539809 0.636217 0.612411 0.309418 0.475448 0.756078 0.378213 0.917965 0.588489 0.632087 0.22443 0.597031 0.848079 0.178094 0.509981 0.191429 0.879921 0.486443 0.257768 0.298903 0.546665 0.0185434 0.37268 0.873398 0.349567 0.616363 0.0266636 0.460756 0.567808 0.430501 0.821992 0.107617 0.0667179 0.434403 0.417035 0.542165 0.190481 0.795248 0.460131 0.77897 0.427334 0.68456 0.376002 0.275414 0.862654 0.885983 0.466843 0.742575 0.372426 0.724611 0.0414786 0.919091 0.743155 0.414159 0.792489 0.0927218 0.0305217 0.819153 0.553478 0.598329 0.249654 0.37547 0.705946 0.316372 0.809873 0.122981 0.858537 0.000353962 0.918228 
14 30 24 8 11 22 38 
0.0878191 0.608458 0.413734 0.81243 0.649936 0.332825 0.555585 0.0640949 0.125314 0.648307 0.0946165 0.944467 0.201785 0.692946 0.194121 0.577255 0.398892 0.510493 0.387128 0.521873 0.36903 0.387482 0.440101 0.687698 0.166806 0.785664 0.690927 0.322132 0.40664 0.556809 0.36344 0.494459 0.165266 0.777174 0.306889 0.815203 0.109999 0.862474 0.879298 0.235313 0.510781 0.973914 0.179781 0.712566 0.66686 0.373902 0.289821 0.0657521 0.884395 0.676949 0.587625 0.253425 0.0644311 0.0277259 0.941123 0.231237 0.813389 0.63205 0.553369 0.220029 0.188859 0.916809 0.714488 0.354125 0.693983 0.021377 0.169328 0.803982 0.883851 0.0486254 0.0392959 0.394632 0.0225395 0.219077 0.107197 0.689399 0.592979 0.397018 0.755152 0.477374 0.0739668 0.342776 0.730799 0.138398 0.370502 0.671922 0.369635 0.183892 0.303972 0.923004 0.403921 0.492831 0.839814 0.118409 0.846956 0.533797 0.139786 0.0162842 0.337779 0.0236367 0.0649097 0.377075 0.418268 0.0874491 0.596152 0.525465 0.776849 0.18913 0.922483 0.532 0.666504 0.99645 0.874776 0.397303 0.134848 0.245279 0.069225 0.504483 0.42917 0.373197 0.427487 0.833091 0.866028 0.267301 0.9515 0.712984 0.801098 0.0912855 
15 4 27 17 35 6 11 
0.881627 0.112103 0.0586557 0.658476 0.301234 0.981139 0.190476 0.967737 0.977588 0.0652525 0.36504 0.112436 0.310531 0.434265 0.616919 0.739701 0.807462 0.0444063 0.572792 0.673491 0.311707 0.524292 0.386475 0.112805 0.615578 0.115744 0.251681 0.7305 0.909922 0.767633 0.26369 0.791549 0.879736 0.322346 0.450025 0.18097 0.303485 0.640501 0.148707 0.281073 0.705754 0.513747 0.393509 0.0162849 0.948012 0.0104283 0.755986 0.755475 0.0548346 0.328779 0.428965 0.366542 0.853071 0.81544 0.479346 0.468648 0.931184 0.731027 0.199148 0.841106 0.49866 0.462839 0.632655 0.378396 0.785185 0.0826802 0.559366 0.0886695 0.723181 0.708073 0.369743 0.428935 0.22182 0.763252 0.44522 0.169832 0.77368 0.201206 0.925307 0.828515 0.529985 0.354272 0.195057 0.383056 0.169713 0.674403 0.851704 0.100896 0.40543 0.0508528 0.942002 0.90409 0.513692 0.574657 0.282486 0.298876 0.657337 0.841852 0.387546 0.380519 0.549925 0.757288 0.809454 0.771744 0.52054 0.254674 0.941577 0.294221 0.455881 0.866884 0.122735 0.985866 0.221156 0.317792 0.368922 0.390869 0.992195 0.220626 0.491765 0.397625 0.271479 0.433767 0.301715 0.78517 0.00842433 0.584201 0.0840466 0.665762 
16 23 9 8 24 7 18 
0.747723 0.749421 0.110408 0.689299 0.0436417 0.566289 0.556183 0.166377 0.552155 0.777339 0.484169 0.921076 0.168207 0.476364 0.141702 0.659972 0.873989 0.413181 0.0937396 0.175703 0.198351 0.102164 0.759905 0.282398 0.767926 0.185958 0.75399 0.814206 0.161936 0.982871 0.66994 0.909659 0.732292 0.780348 0.598958 0.775934 0.346637 0.155141 0.942311 0.898792 0.93248 0.42648 0.819868 0.100687 0.902844 0.96157 0.760659 0.776832 0.374751 0.854399 0.952536 0.573103 0.956563 0.712441 0.8555 0.724489 0.898399 0.609491 0.538694 0.0603356 0.592362 0.208634 0.969995 0.324654 0.988983 0.568953 0.100588 0.33562 0.724094 0.0428989 0.234412 0.656573 0.469379 0.0542804 0.75726 0.372223 0.0158508 0.51792 0.149056 0.390602 0.372319 0.101592 0.963705 0.328882 0.814032 0.819205 0.0533704 0.712432 0.428696 0.592065 0.772767 0.0210576 0.800699 0.742762 0.345712 0.789682 0.311715 0.446299 0.125302 0.0358082 0.489198 0.359714 0.692382 0.958578 0.413995 0.449642 0.330801 0.429846 0.967562 0.479856 0.820448 0.339881 0.581448 0.784152 0.668763 0.39548 0.603357 0.722133 0.107912 0.0320532 0.314198 0.880679 0.0531108 0.114897 0.623441 0.398822 0.904579 0.935156 
17 0 38 36 2 21 10 
0.292898 0.80359 0.112988 0.623698 0.233436 0.0805494 0.103555 0.0538838 0.42043 0.685003 0.838036 0.0891927 0.0804829 0.441394 0.811326 0.188395 0.473447 0.125523 0.0690742 0.526558 0.24042 0.692515 0.92538 0.144999 0.627671 0.770502 0.17488 0.598635 0.104822 0.564475 0.26198 0.39772 0.368065 0.374968 0.0214182 0.601502 0.455517 0.124973 0.655385 0.875947 0.809975 0.493422 0.96514 0.890458 0.934815 0.776466 0.0788534 0.408262 0.901989 0.147928 0.93482 0.142409 0.840443 0.8602 0.287407 0.468114 0.630702 0.462287 0.0667487 0.735524 0.0267621 0.328729 0.133244 0.394828 0.703697 0.154662 0.996329 0.159214 0.279635 0.651714 0.0351616 0.0896101 0.145136 0.000301593 0.980069 0.0799513 0.776767 0.0589219 0.488213 0.678756 0.20685 0.423033 0.821165 0.0472925 0.283233 0.108572 0.515406 0.913935 0.570859 0.582155 0.649458 0.597621 0.910884 0.782702 0.992449 0.614581 0.937364 0.988778 0.773795 0.216998 0.640492 0.808957 0.306608 0.785628 0.809258 0.286677 0.86558 0.586026 0.345599 0.353793 0.264782 0.552448 0.776826 0.0859463 0.599741 0.0600588 0.194518 0.115147 0.973993 0.765377 0.697302 0.623452 0.362998 0.608187 0.406153 0.355447 0.222768 0.343517 
18 19 24 29 32 17 33 
0.770345 0.614778 0.1538 0.635925 0.200804 0.499399 0.989718 0.465586 0.0518474 0.766544 0.551532 0.651588 0.826602 0.74605 0.766735 0.800596 0.511428 0.464038 0.424047 0.874426 0.0722244 0.830201 0.229873 0.294992 0.173718 0.574098 0.291555 0.734233 0.558815 0.0970752 0.601357 0.32916 0.711854 0.755157 0.965085 0.912658 0.254556 0.954802 0.378244 0.306404 0.721346 0.929776 0.957992 0.547948 0.675826 0.724727 0.348544 0.187254 0.188765 0.772591 0.0616799 0.26099 0.602792 0.291553 0.555982 0.77651 0.865651 0.847537 0.510743 0.424466 0.944612 0.1121 0.753625 0.656466 0.867257 0.71871 0.569123 0.121813 0.673512 0.947367 0.428217 0.394858 0.877143 0.386209 0.942806 0.552969 0.110936 0.29135 0.740223 0.299701 0.0639417 0.801903 0.560691 0.666734 0.0934556 0.116673 0.443244 0.959106 0.964209 0.953988 0.383572 0.908821 0.0660881 0.137197 0.565287 0.933345 0.855907 0.134411 0.0551589 0.52942 0.0817776 0.483376 0.924278 0.95892 0.869585 0.867084 0.511889 0.980521 0.158434 0.252112 0.280223 0.222376 0.0540143 0.840914 0.88911 0.14747 0.957586 0.332355 0.106576 0.921796 0.286342 0.490148 0.830617 0.352431 0.627346 0.395904 0.285776 0.483253 
19 30 36 23 21 18 27 
0.571013 0.693896 0.804035 0.0829019 0.674417 0.962469 0.335014 0.95464 0.184845 0.389028 0.795553 0.0739555 0.536498 0.75314 0.40631 0.643074 0.674935 0.692653 0.133223 0.505553 0.0450831 0.760568 0.901457 0.330859 0.243821 0.431772 0.671794 0.256494 0.0438642 0.496105 0.193445 0.614877 0.19 0.99748 0.697779 0.864417 0.959949 0.0327926 0.819057 0.144795 0.421821 0.614611 0.21875 0.958318 0.36775 0.62506 0.601393 0.0426858 0.317713 0.734615 0.548238 0.362796 0.495184 0.449695 0.693655 0.739005 0.881467 0.365448 0.995499 0.925331 0.861553 0.188944 0.540208 0.0515532 0.186424 0.237987 0.915971 0.146373 0.270779 0.735028 0.291168 0.6926 0.349638 0.509918 0.650918 0.717389 0.134978 0.252311 0.760075 0.452691 0.986926 0.308313 0.815486 0.48211 0.758008 0.509141 0.221115 0.639475 0.874589 0.216614 0.564806 0.736142 0.405558 0.105014 0.787696 0.591983 0.343 0.703666 0.738356 0.61378 0.438694 0.0295242 0.30638 0.788332 0.539442 0.957298 0.505721 0.67442 0.209609 0.265796 0.127111 0.196536 0.574108 0.942597 0.678646 0.332116 0.451738 0.89976 0.971591 0.326328 0.116374 0.536397 0.0624702 0.521933 0.64141 0.850166 0.113915 0.984411 
20 34 11 31 10 38 26 
0.861869 0.28658 0.0956582 0.0714783 0.552375 0.222769 0.268014 0.126484 0.165366 0.94666 0.4586 0.617105 0.84642 0.430191 0.943432 0.962795 0.966588 0.00590253 0.484727 0.607998 0.856068 0.598643 0.592409 0.4099 0.450914 0.1906 0.402426 0.33271 0.0951704 0.183285 0.753948 0.957039 0.469865 0.849606 0.0285177 0.0222398 0.0723756 0.296532 0.148724 0.237742 0.243191 0.607324 0.854847 0.0896115 0.0375151 0.798279 0.052406 0.004103 0.804182 0.537133 0.612101 0.66025 0.135776 0.20451 0.0701503 0.586691 0.39511 0.472577 0.919401 0.490281 0.655862 0.673349 0.44732 0.125726 0.522956 0.475838 0.147966 0.595331 0.772369 0.29669 0.833073 0.0155607 0.904013 0.68792 0.105172 0.941529 0.486199 0.157578 0.945632 0.29038 0.694712 0.557733 0.95063 0.830488 0.762243 0.0207807 0.417178 0.157353 0.493357 0.336579 0.647634 0.149219 0.00992816 0.0949535 0.274945 0.532884 0.570791 0.422911 0.128215 0.34316 0.719601 0.961288 0.358721 0.623614 0.649208 0.463893 0.565143 0.135407 0.621472 0.510774 0.425787 0.316183 0.0685071 0.376418 0.146671 0.83075 0.397198 0.563849 0.988103 0.890556 0.900428 0.635737 0.0397748 0.910356 0.730691 0.31472 0.44324 0.301482 
21 1 37 28 4 31 15 
0.181951 0.467256 0.645989 0.317358 0.0887279 0.156764 0.743145 0.404911 0.225271 0.119563 0.551582 0.0560212 0.516761 0.115431 0.0441246 0.407317 0.0158593 0.679862 0.447092 0.926216 0.410552 0.761812 0.369456 0.712034 0.499443 0.940911 0.356676 0.956675 0.473654 0.360039 0.0375219 0.655605 0.827296 0.683511 0.972963 0.916024 0.840275 0.716108 0.320935 0.0655462 0.835671 0.872516 0.121567 0.352432 0.987947 0.165692 0.759749 0.00380675 0.845554 0.206841 0.930022 0.256106 0.968652 0.299478 0.96814 0.468095 0.240389 0.324817 0.424771 0.714043 0.684856 0.462293 0.369648 0.512151 0.145804 0.342611 0.428175 0.986079 0.0587187 0.74911 0.0516253 0.89439 0.621626 0.173193 0.246822 0.609573 0.338885 0.00657041 0.61338 0.184439 0.213411 0.543403 0.440545 0.182063 0.842881 0.408685 0.650159 0.0832698 0.733502 0.0749292 0.797313 0.418358 0.537222 0.16696 0.930509 0.683026 0.509571 0.358684 0.669105 0.56829 0.107794 0.72073 0.462679 0.72942 0.893923 0.709501 0.338993 0.232808 0.716071 0.952374 0.417246 0.929482 0.495776 0.857791 0.111545 0.338657 0.266477 0.761704 0.421927 0.999979 0.836633 0.219239 0.418336 0.373855 0.3862 0.348846 0.0568805 0.895771 
22 16 33 24 17 21 28 
0.636241 0.883737 0.573446 0.352312 0.83611 0.990692 0.281794 0.331887 0.848484 0.39334 0.670544 0.11496 0.155044 0.0924703 0.114939 0.991677 0.31171 0.533275 0.365532 0.697909 0.882121 0.422412 0.59368 0.589651 0.148397 0.0577409 0.404975 0.595113 0.984481 0.949718 0.935751 0.620722 0.833455 0.509197 0.973034 0.669566 0.499889 0.254828 0.0014523 0.348373 0.648168 0.671996 0.463333 0.803211 0.764466 0.578273 0.794888 0.0761759 0.111548 0.16042 0.774085 0.993669 0.582832 0.367766 0.58332 0.731229 0.425507 0.988295 0.326342 0.409988 0.938013 0.262093 0.0307092 0.771469 0.77129 0.00374299 0.441034 0.271179 0.258571 0.442487 0.619552 0.906739 0.114483 0.0828857 0.70995 0.878949 0.661158 0.504839 0.955125 0.772706 0.665259 0.72921 0.766376 0.248091 0.096976 0.349696 0.97932 0.522483 0.337991 0.305662 0.93247 0.276004 0.567755 0.963179 0.0474731 0.339045 0.966922 0.488508 0.610224 0.225493 0.930994 0.229777 0.132232 0.0454768 0.312662 0.842183 0.924426 0.973821 0.347021 0.87955 0.746527 0.01228 0.608761 0.512902 0.260371 0.705737 0.862598 0.239691 0.228219 0.200589 0.545353 0.160689 0.476594 0.113109 0.123869 0.524067 0.452154 0.0907911 
23 16 13 1 4 6 18 
0.604817 0.2907 0.913471 0.578638 0.637721 0.793021 0.325165 0.650001 0.401782 0.838067 0.910372 0.107519 0.700666 0.150063 0.335738 0.901255 0.695416 0.496427 0.377849 0.808524 0.620296 0.901915 0.260678 0.711087 0.914489 0.323057 0.0273718 0.858058 0.615212 0.475889 0.847103 0.220029 0.766588 0.760574 0.798667 0.404309 0.553596 0.123832 0.0543101 0.955378 0.961899 0.964682 0.0628964 0.662565 0.114744 0.398634 0.56382 0.81016 0.895062 0.941668 0.618685 0.515358 0.843584 0.879363 0.226445 0.758073 0.20242 0.253817 0.616131 0.817631 0.729706 0.463234 0.0376604 0.496294 0.223808 0.836327 0.900603 0.777404 0.960159 0.954913 0.732782 0.922058 0.919595 0.795678 0.584623 0.0343395 0.194312 0.148443 0.8445 0.0893739 0.0901111 0.463184 0.604732 0.933695 0.342547 0.831177 0.691768 0.544967 0.0849938 0.307899 0.362598 0.814699 0.771133 0.400259 0.310993 0.994941 0.236586 0.211597 0.772345 0.196745 0.16651 0.505127 0.118804 0.0861049 0.300805 0.703427 0.120444 0.495117 0.85187 0.964944 0.584491 0.941981 0.428128 0.189223 0.875675 0.770676 0.0203994 0.567443 0.315643 0.105393 0.875342 0.678241 0.920093 0.646475 0.0784997 0.231086 0.641416 0.315086 
24 30 17 16 29 31 27 
0.219692 0.334062 0.815742 0.714809 0.185931 0.780686 0.2993 0.127912 0.208814 0.488522 0.00358705 0.97949 0.508922 0.57103 0.295133 0.614315 0.446372 0.973374 0.534408 0.0928462 0.0518733 0.765494 0.734262 0.366959 0.208176 0.148023 0.87879 0.817369 0.0669103 0.509425 0.512667 0.286602 0.843487 0.328409 0.00141138 0.0294179 0.109094 0.300711 0.15733 0.317909 0.789233 0.160917 0.297399 0.298155 0.731947 0.592531 0.91247 0.178318 0.565905 0.446877 0.271165 0.617778 0.212371 0.00542656 0.984738 0.420548 0.153449 0.863528 0.237917 0.22036 0.372953 0.750583 0.506962 0.21644 0.0789918 0.508373 0.245858 0.188086 0.809085 0.403188 0.505995 0.598318 0.564104 0.803394 0.896473 0.296051 0.395925 0.808943 0.474369 0.961831 0.25582 0.745534 0.579609 0.468191 0.750961 0.564347 0.888739 0.90441 0.427875 0.126656 0.12477 0.800828 0.877239 0.631732 0.017268 0.956231 0.140105 0.263126 0.144317 0.94919 0.666314 0.650312 0.547508 0.230418 0.453706 0.44398 0.526469 0.849632 0.252923 0.000838184 0.811462 0.508743 0.746372 0.391071 0.976934 0.497333 0.955418 0.865673 0.401743 0.383292 0.992329 0.526512 0.18412 0.869568 0.158244 0.201388 0.825798 0.298349 
25 9 34 30 3 14 0 
0.361246 0.0741336 0.239027 0.887714 0.923765 0.49195 0.888553 0.735227 0.000693181 0.634925 0.126298 0.977628 0.132257 0.0817159 0.843301 0.534 0.465008 0.83563 0.0605122 0.649128 0.705198 0.218756 0.850516 0.530996 0.517105 0.31503 0.501111 0.764644 0.445858 0.121539 0.55969 0.807104 0.195673 0.798717 0.694818 0.119438 0.290667 0.583371 0.854665 0.29136 0.218295 0.980963 0.268988 0.350553 0.0626792 0.112289 0.884553 0.527687 0.947919 0.945065 0.176816 0.653116 0.163821 0.0273319 0.184112 0.680926 0.342362 0.685224 0.44557 0.78822 0.806763 0.00525976 0.595324 0.00243533 0.803977 0.290142 0.121873 0.0946434 0.873513 0.976538 0.386003 0.0918081 0.957501 0.654991 0.442361 0.0201806 0.76728 0.326914 0.547868 0.715198 0.271979 0.724684 0.368314 0.4358 0.752015 0.552427 0.116726 0.0943777 0.23765 0.562295 0.882598 0.0444132 0.567555 0.477922 0.0468486 0.371532 0.768064 0.168722 0.466175 0.641577 0.14526 0.852178 0.733385 0.102761 0.507169 0.175746 0.122942 0.274449 0.50266 0.67081 0.989647 0.774638 0.395493 0.357961 0.210438 0.147509 0.910388 0.327163 0.241886 0.148038 0.889458 0.124484 0.192452 0.457013 0.602407 0.2393 0.828545 0.370471 
26 21 38 34 12 11 2 
0.654068 0.92118 0.778984 0.928517 0.423839 0.449794 0.918163 0.198477 0.845287 0.276125 0.408915 0.992796 0.186513 0.736078 0.234682 0.334551 0.625537 0.359167 0.527003 0.08255 0.961573 0.766303 0.911095 0.332045 0.174325 0.205815 0.344093 0.727607 0.352713 0.0895264 0.383649 0.00678099 0.010706 0.162634 0.935297 0.434545 0.612428 0.853461 0.633023 0.457715 0.129586 0.0419376 0.450511 0.316099 0.778016 0.685194 0.65065 0.403552 0.0443604 0.177653 0.486102 0.00593383 0.943956 0.397197 0.337978 0.118281 0.603012 0.682071 0.845888 0.955726 0.771598 0.229537 0.962507 0.782304 0.392171 0.897804 0.216849 0.00459889 0.751265 0.849871 0.462314 0.880851 0.891809 0.912826 0.19695 0.669825 0.598019 0.8476 0.073377 0.64238 0.0252525 0.559479 0.648314 0.969209 0.956677 0.986292 0.0874897 0.559689 0.668363 0.933378 0.515415 0.439961 0.162915 0.477922 0.222264 0.555086 0.375726 0.439113 0.559685 0.126991 0.288984 0.0219988 0.00784224 0.180793 0.934824 0.204792 0.850618 0.532844 0.0523915 0.923995 0.175223 0.077644 0.483474 0.823537 0.0468525 0.440151 0.809829 0.134342 0.99984 0.478192 0.0677198 0.515255 0.918152 0.230635 0.993177 0.140416 0.78572 0.368903 
27 8 34 32 30 17 10 
0.708528 0.899924 0.835072 0.76092 0.823919 0.0102952 0.838564 0.307393 0.833832 0.885416 0.747544 0.643661 0.0197583 0.747385 0.121853 0.0874781 0.26264 0.0400048 0.318113 0.255816 0.180421 0.103833 0.624719 0.75995 0.449238 0.120613 0.628464 0.816641 0.624349 0.677771 0.11887 0.332877 0.577695 0.953941 0.0937966 0.401614 0.964237 0.93236 0.709008 0.798069 0.817776 0.456552 0.441729 0.837535 0.203937 0.563582 0.925013 0.466576 0.603587 0.243125 0.722393 0.784008 0.346958 0.347112 0.543959 0.796196 0.467725 0.172422 0.612837 0.0920737 0.850193 0.731707 0.424951 0.427888 0.685648 0.518747 0.829502 0.649885 0.451108 0.53851 0.447954 0.268884 0.995062 0.889683 0.106418 0.198999 0.453265 0.031431 0.665575 0.056852 0.274556 0.387968 0.84086 0.621514 0.735079 0.384819 0.41771 0.202804 0.557241 0.0305477 0.294878 0.407434 0.762255 0.719829 0.835322 0.447903 0.238576 0.664824 0.0977882 0.689684 0.203334 0.545742 0.958568 0.198396 0.435425 0.064986 0.397394 0.88869 0.096417 0.062969 0.945542 0.370973 0.450936 0.786402 0.992488 0.186016 0.171221 0.410198 0.38882 0.728462 0.440746 0.683697 0.135896 0.203 0.403526 0.971218 0.650903 0.642102 
28 3 7 10 36 25 6 
0.0377715 0.729858 0.355339 0.435166 0.618549 0.451756 0.498135 0.564091 0.82273 0.949071 0.350493 0.815217 0.135087 0.521714 0.225415 0.523907 0.250176 0.666161 0.207604 0.386072 0.869161 0.61113 0.35729 0.520064 0.253232 0.993332 0.268756 0.585018 0.832708 0.563189 0.875371 0.870479 0.293048 0.23071 0.305645 0.911597 0.682467 0.80378 0.475688 0.505196 0.752851 0.826181 0.320414 0.887938 0.347895 0.545829 0.411844 0.598071 0.21199 0.619448 0.984143 0.0811505 0.230578 0.341434 0.601215 0.48381 0.334766 0.869971 0.0688281 0.167474 0.43316 0.944199 0.0379533 0.726208 0.17491 0.343598 0.637804 0.857376 0.147378 0.113492 0.362573 0.900229 0.939673 0.682986 0.788166 0.287568 0.228815 0.20001 0.885639 0.440805 0.819458 0.869782 0.521955 0.0500365 0.211216 0.12317 0.533847 0.545982 0.993141 0.602675 0.713455 0.426301 0.546874 0.751409 0.152509 0.721784 0.095007 0.790313 0.57916 0.242385 0.903805 0.941733 0.142614 0.843477 0.624719 0.93078 0.131045 0.853534 0.13079 0.0166841 0.294338 0.950248 0.886466 0.816294 0.000284898 0.0976822 0.939464 0.534132 0.643664 0.932604 0.136806 0.357119 0.358905 0.68368 0.108528 0.511414 0.405464 0.203535 
29 7 11 2 28 0 15 
0.0490092 0.551075 0.519313 0.180054 0.404609 0.650103 0.196738 0.698948 0.600352 0.0832048 0.515241 0.600637 0.180887 0.454705 0.134768 0.824551 0.387309 0.271575 0.18167 0.746214 0.955255 0.290198 0.257628 0.360719 0.493733 0.559355 0.345342 0.939652 0.764887 0.271699 0.528186 0.813896 0.822774 0.0474992 0.99395 0.227383 0.697603 0.190689 0.92633 0.297954 0.273894 0.441571 0.898591 0.454781 0.896276 0.0333594 0.279332 0.283585 0.304934 0.461002 0.0297994 0.260189 0.7512 0.287428 0.620908 0.244933 0.846783 0.96625 0.184585 0.611669 0.237949 0.712771 0.425566 0.0607227 0.76027 0.419516 0.288106 0.457873 0.610205 0.214436 0.755827 0.884099 0.656008 0.654418 0.338879 0.552284 0.687778 0.618211 0.835869 0.992712 0.0792131 0.865668 0.252901 0.830413 0.153096 0.873808 0.0753455 0.999878 0.840058 0.259931 0.611548 0.0780071 0.972702 0.0371135 0.13873 0.732972 0.45663 0.426835 0.190844 0.0668344 0.641271 0.946671 0.950933 0.297279 0.60109 0.289813 0.849562 0.288867 0.908024 0.685431 0.281579 0.987237 0.5511 0.534479 0.81765 0.704195 0.408288 0.892995 0.704074 0.248346 0.152926 0.315622 0.326353 0.125628 0.352735 0.465083 0.858599 0.809365 
30 24 34 25 0 23 26 
0.830468 0.597205 0.116945 0.680031 0.886072 0.0249687 0.365462 0.167651 0.0122056 0.916561 0.70213 0.829856 0.620757 0.110418 0.722851 0.324831 0.358763 0.875777 0.640452 0.685116 0.00140441 0.993188 0.150199 0.860004 0.802553 0.0421171 0.909447 0.678752 0.575306 0.905562 0.505884 0.405775 0.502767 0.622829 0.0858053 0.388838 0.647798 0.451267 0.556489 0.660003 0.367829 0.258619 0.489859 0.988586 0.369037 0.21271 0.313416 0.7278 0.0884865 0.953869 0.412916 0.0898909 0.947056 0.563116 0.949895 0.749609 0.605233 0.859342 0.428361 0.180539 0.764904 0.934245 0.586314 0.26767 0.557073 0.672119 0.656509 0.204871 0.123386 0.212998 0.864874 0.491215 0.471617 0.354733 0.4798 0.840653 0.567442 0.793217 0.568453 0.655929 0.747085 0.98137 0.74582 0.694141 0.544485 0.695714 0.44375 0.149718 0.555056 0.872111 0.330257 0.31996 0.806355 0.916571 0.58763 0.363429 0.58869 0.244139 0.5683 0.712076 0.457137 0.433174 0.203291 0.928753 0.787907 0.683092 0.769407 0.355349 0.476308 0.33786 0.0112783 0.223394 0.31923 0.757098 0.917535 0.863715 0.452813 0.361285 0.0134333 0.00786873 0.233396 0.343691 0.327828 0.0397512 0.260262 0.915459 0.40318 0.848952 
31 4 1 20 26 12 22 
0.19256 0.447411 0.314894 0.54791 0.923719 0.652754 0.559188 0.147113 0.971983 0.316286 0.0646476 0.835698 0.769099 0.425933 0.849132 0.776968 0.659329 0.192822 0.104796 0.69908 0.453084 0.0202546 0.10226 0.302036 0.179852 0.0737395 0.863064 0.796586 0.478393 0.627383 0.342073 0.670953 0.0747934 0.656967 0.218863 0.998512 0.309721 0.778051 0.145625 0.281704 0.0943372 0.210273 0.117402 0.863436 0.636205 0.966534 0.640404 0.295534 0.159357 0.7452 0.994614 0.612441 0.765454 0.0968737 0.914476 0.945306 0.170613 0.77754 0.741892 0.649006 0.404922 0.0839656 0.31996 0.479716 0.740933 0.538823 0.478228 0.0506531 0.316874 0.623853 0.332357 0.411211 0.834126 0.449759 0.274647 0.470331 0.416294 0.91505 0.765865 0.57565 0.66025 0.760479 0.188091 0.425704 0.857353 0.102567 0.371011 0.0279661 0.880106 0.112903 0.676972 0.285029 0.196869 0.996932 0.764744 0.937801 0.535754 0.242973 0.988454 0.852628 0.866826 0.320811 0.263839 0.700952 0.770571 0.538486 0.171283 0.186864 0.453536 0.937149 0.762514 0.113786 0.697628 0.950605 0.539491 0.554981 0.0531717 0.910501 0.582947 0.933278 0.0234045 0.259919 0.218307 0.220273 0.256851 0.983051 0.158074 0.792605 
32 35 1 17 11 2 23 
0.237911 0.447558 0.965085 0.424775 0.901094 0.902234 0.18729 0.0148803 0.599861 0.137895 0.554371 0.154842 0.191066 0.464872 0.737789 0.124344 0.488277 0.997708 0.342651 0.70855 0.254559 0.325702 0.866624 0.0471639 0.551726 0.013153 0.692397 0.644576 0.480493 0.601469 0.438378 0.718404 0.0490272 0.403463 0.143179 0.950121 0.305697 0.330469 0.965001 0.905559 0.468363 0.519372 0.0604007 0.659429 0.984245 0.79819 0.783774 0.472522 0.795897 0.126425 0.181071 0.050456 0.452127 0.0476958 0.0976199 0.00385331 0.0608487 0.790017 0.64843 0.541342 0.391486 0.0868079 0.259746 0.440514 0.490271 0.402925 0.390635 0.795969 0.733393 0.355636 0.701527 0.201756 0.875009 0.761928 0.861186 0.859253 0.560117 0.644959 0.331775 0.356015 0.771384 0.512846 0.406471 0.223511 0.560542 0.504091 0.227364 0.621391 0.294108 0.875794 0.162732 0.685594 0.962602 0.422478 0.126108 0.452873 0.825403 0.516742 0.248842 0.558796 0.872378 0.950369 0.760552 0.747387 0.712297 0.621738 0.60664 0.272414 0.266697 0.938415 0.628429 0.0380812 0.451261 0.0348995 0.261592 0.0118032 0.53899 0.488956 0.633194 0.833098 0.36475 0.795926 0.518692 0.327352 0.218404 0.6448 0.780225 0.0438071 
33 28 5 9 11 38 31 
0.781307 0.691733 0.984893 0.387948 0.964147 0.25159 0.326363 0.592575 0.289672 0.777624 0.627475 0.551264 0.789427 0.166465 0.0402201 0.422621 0.999563 0.40497 0.218547 0.518255 0.732323 0.436952 0.163055 0.512548 0.480759 0.324597 0.541615 0.083362 0.358517 0.521051 0.446517 0.139824 0.212783 0.43141 0.527772 0.17693 0.683001 0.854135 0.769505 0.972672 0.631758 0.39698 0.523936 0.421185 0.563445 0.564156 0.843806 0.563009 0.969127 0.0623538 0.0812636 0.701449 0.499306 0.244318 0.213997 0.980065 0.568915 0.755612 0.0634266 0.927432 0.276663 0.509944 0.0672564 0.489446 0.941354 0.595028 0.666376 0.624355 0.449163 0.435882 0.597028 0.0809216 0.832862 0.120964 0.502107 0.396308 0.68512 0.345914 0.959316 0.654247 0.408267 0.0405797 0.355696 0.907573 0.284898 0.569694 0.887638 0.853813 0.325306 0.951064 0.781245 0.601968 0.461008 0.848501 0.0914148 0.402362 0.44353 0.757791 0.0267172 0.892693 0.193673 0.623745 0.973615 0.026535 0.744709 0.475722 0.422843 0.429829 0.821635 0.382159 0.0840758 0.229903 0.422739 0.439772 0.137476 0.707637 0.00946564 0.0251133 0.561449 0.334771 0.976177 0.342694 0.93674 0.437186 0.191196 0.0281544 0.839548 0.634725 
34 20 37 32 9 4 21 
0.234718 0.976755 0.428996 0.664547 0.79839 0.811155 0.748623 0.0282925 0.233893 0.188395 0.165768 0.94153 0.19786 0.190881 0.50298 0.532632 0.167059 0.845674 0.469371 0.604244 0.0368695 0.497526 0.443792 0.671595 0.283471 0.310057 0.199013 0.26309 0.800067 0.700046 0.269243 0.0347847 0.676801 0.698239 0.699332 0.475191 0.509394 0.447954 0.503483 0.743288 0.636349 0.669251 0.684818 0.834209 0.860133 0.187797 0.366841 0.0271915 0.033471 0.836212 0.631436 0.0703405 0.333738 0.0752279 0.741935 0.617209 0.385285 0.940949 0.880299 0.185351 0.640995 0.149542 0.220136 0.317796 0.847781 0.919468 0.792986 0.357175 0.367422 0.29647 0.100462 0.0037709 0.965721 0.78528 0.83798 0.825853 0.973077 0.204821 0.853045 0.00654818 0.0410332 0.484481 0.0768887 0.374771 0.559709 0.818824 0.99198 0.944994 0.759773 0.872279 0.130345 0.400768 0.0218202 0.350481 0.718563 0.869601 0.269949 0.51155 0.226776 0.637371 0.808019 0.327238 0.641142 0.77374 0.112518 0.479122 0.599594 0.0855955 0.683943 0.452639 0.0921437 0.724976 0.937119 0.169032 0.0997472 0.496828 0.987856 0.0917271 0.441821 0.747629 0.964006 0.572166 0.148397 0.985826 0.922648 0.86696 0.855427 0.192597 
35 32 13 8 36 11 22 
0.521959 0.950231 0.559863 0.607555 0.634175 0.0125012 0.699698 0.359151 0.949621 0.868731 0.458898 0.446448 0.856587 0.550625 0.88827 0.604217 0.514631 0.460436 0.752613 0.500456 0.383084 0.619574 0.355883 0.575681 0.998083 0.438086 0.405648 0.184612 0.847527 0.876758 0.144882 0.369486 0.826989 0.704744 0.977041 0.461164 0.717246 0.676739 0.820314 0.666866 0.54547 0.279212 0.113315 0.402057 0.829838 0.00158447 0.00627399 0.344468 0.462021 0.758887 0.844925 0.845105 0.378461 0.200808 0.420785 0.376544 0.638894 0.826433 0.561157 0.48642 0.703191 0.706039 0.855906 0.53018 0.410783 0.832947 0.991344 0.128028 0.509686 0.811658 0.794895 0.0551563 0.0908707 0.908209 0.457214 0.920708 0.909794 0.463488 0.265176 0.371814 0.222375 0.110101 0.216919 0.600836 0.310909 0.637704 0.977381 0.949803 0.464138 0.538538 0.436223 0.167329 0.244576 0.29213 0.697509 0.655359 0.125077 0.688853 0.783387 0.634763 0.500511 0.578282 0.689919 0.591382 0.486491 0.147133 0.51209 0.396285 0.610621 0.777266 0.768099 0.832996 0.887368 0.985019 0.433832 0.198277 0.622723 0.411213 0.14808 0.086861 0.94975 0.584303 0.25419 0.194326 0.876433 0.951699 0.849685 0.0015093 
36 1 17 13 4 35 16 
0.732444 0.697846 0.473325 0.244534 0.094131 0.0839453 0.0218003 0.86223 0.916941 0.909168 0.847249 0.350773 0.107445 0.469972 0.761986 0.255524 0.556833 0.711736 0.839827 0.811023 0.906062 0.71626 0.762722 0.755748 0.717769 0.403274 0.38882 0.354041 0.544336 0.600175 0.680233 0.27678 0.298021 0.153557 0.521314 0.392152 0.237503 0.543115 0.254383 0.154444 0.452283 0.101632 0.505217 0.559727 0.571604 0.267203 0.815251 0.128437 0.978939 0.655078 0.93946 0.885001 0.371338 0.702182 0.640749 0.0891068 0.105455 0.0295694 0.443148 0.649791 0.629745 0.123381 0.926572 0.927766 0.276938 0.447886 0.319919 0.514441 0.991001 0.574301 0.668885 0.443283 0.675933 0.174102 0.00301052 0.247537 0.441304 0.818262 0.375974 0.420243 0.47334 0.315433 0.305245 0.844678 0.0176148 0.945994 0.933785 0.12307 0.975563 0.376933 0.772861 0.605308 0.500313 0.699433 0.533074 0.777252 0.147319 0.852992 0.291692 0.13832 0.427294 0.960577 0.581603 0.103227 0.134679 0.584614 0.350764 0.575983 0.402876 0.726737 0.996226 0.876216 0.0421706 0.301471 0.720893 0.0597854 0.247465 0.654678 0.182855 0.223028 0.0316108 0.955716 0.828336 0.531924 0.655149 0.36141 0.309176 0.802469 
37 31 0 7 16 34 2 
0.744923 0.696124 0.107006 0.0956865 0.272107 0.509882 0.822424 0.268333 0.386097 0.864594 0.569804 0.106991 0.92438 0.817269 0.761669 0.107235 0.0402972 0.79328 0.0629515 0.868633 0.325204 0.718101 0.230043 0.63438 0.520569 0.444445 0.235248 0.461358 0.0861409 0.796693 0.98375 0.831064 0.492816 0.0907558 0.92675 0.764923 0.600637 0.749174 0.033256 0.986735 0.613768 0.60306 0.0937254 0.538148 0.420329 0.855394 0.645383 0.460627 0.648674 0.708335 0.32926 0.973878 0.426435 0.559303 0.608257 0.947005 0.00374766 0.843505 0.408363 0.0898886 0.640198 0.392113 0.920952 0.133014 0.482869 0.847702 0.897937 0.0835061 0.596876 0.931193 0.0702408 0.210645 0.534253 0.163966 0.748793 0.954583 0.0193604 0.394176 0.41521 0.668034 0.10251 0.744469 0.641912 0.528946 0.303772 0.250169 0.475951 0.30752 0.0936745 0.884314 0.397408 0.733872 0.276427 0.318361 0.866887 0.759295 0.166063 0.764824 0.842801 0.762939 0.696017 0.913042 0.973584 0.23027 0.0770083 0.722377 0.184853 0.0963687 0.116553 0.600063 0.764403 0.219063 0.344532 0.406315 0.748009 0.648304 0.656484 0.22396 0.955824 0.750159 0.108273 0.353232 0.484031 0.3847 0.671593 0.350918 0.143995 0.837656 
38 28 0 37 6 34 19 
0.226882 0.0732158 0.413108 0.826945 0.837619 0.632171 0.171477 0.243934 0.38018 0.819781 0.900418 0.604139 0.775605 0.650577 0.712413 0.128837 0.134608 0.0971125 0.80043 0.485526 0.241108 0.638086 0.601268 0.227904 0.238681 0.413026 0.127743 0.81286 0.455055 0.10459 0.109415 0.681937 0.177806 0.522524 0.508882 0.0154247 0.154695 0.680359 0.259359 0.534875 0.50014 0.159777 0.139014 0.275745 0.810354 0.851427 0.404582 0.944962 0.948539 0.205012 0.430488 0.189647 0.843098 0.031756 0.417551 0.0817783 0.444782 0.545294 0.894638 0.899837 0.649884 0.00405322 0.581774 0.82769 0.526577 0.0906556 0.843115 0.681272 0.771014 0.102473 0.216146 0.271154 0.26225 0.355161 0.546899 0.0726039 0.206587 0.951482 0.0175661 0.155127 0.156494 0.448055 0.344774 0.999592 0.479811 0.762325 0.0813699 0.924593 0.307619 0.976008 0.82443 0.957504 0.980061 0.406204 0.785194 0.506638 0.496859 0.628308 0.187909 0.267873 0.730782 0.404056 0.539028 0.993032 0.759216 0.0859269 0.0656358 0.965804 0.0374084 0.0832019 0.120931 0.193902 0.531256 0.465705 0.193494 0.011067 0.22803 0.274864 0.93566 0.535649 0.250871 0.760089 0.493153 0.230932 0.166293 0.278346 0.73757 0.663152 
