16 2
0 1 0 1 1 1 0 1 1 0 0 0 0 0 1 0 
0 10 
0.484578 0.834329 0.52019 0.103224 
1 11 
0.833695 0.0558788 0.516598 0.64082 
2 8 
0.56906 0.858578 0.514817 0.148975 
3 4 
0.174388 0.954354 0.510064 0.728343 
4 1 
0.318227 0.720442 0.526649 0.0557871 
5 3 
0.396824 0.313688 0.999453 0.634653 
6 3 
0.827935 0.119232 0.603567 0.348125 
7 4 
0.79363 0.18182 0.278335 0.310227 
8 2 
0.184818 0.879287 0.681219 0.699635 
9 1 
0.939195 0.874023 0.982616 0.449259 
10 7 
0.626245 0.767485 0.322808 0.152894 
11 12 
0.882451 0.549718 0.13696 0.881904 
12 0 
0.906198 0.709839 0.303603 0.509765 
13 14 
0.526059 0.303395 0.239785 0.804394 
14 5 
0.0624253 0.989213 0.492909 0.743644 
15 3 
0.521171 0.682839 0.562871 0.503787 
