45 4
0 1 1 0 0 1 0 1 1 1 0 1 0 1 1 1 1 0 0 1 0 0 1 1 0 1 0 1 1 1 1 0 1 1 0 0 0 1 0 0 0 1 0 1 1 
0 42 19 11 
0.449279 0.38643 0.499465 0.00139565 0.0432759 0.481273 0.00742567 0.412507 0.44681 0.136343 0.544218 0.918791 0.411302 0.744504 0.680205 0.721954 
1 2 34 44 
0.700286 0.127919 0.330543 0.768888 0.995671 0.101567 0.991424 0.535376 0.0658411 0.273615 0.729338 0.260692 0.722894 0.115768 0.760156 0.72429 
2 36 14 21 
0.57155 0.688239 0.868059 0.115768 0.60703 0.279361 0.860272 0.287236 0.00131535 0.431714 0.233278 0.182827 0.131999 0.361197 0.513371 0.900888 
3 33 8 23 
0.892244 0.680779 0.165927 0.621581 0.941471 0.888821 0.737349 0.701627 0.61311 0.896393 0.943056 0.344825 0.467943 0.631295 0.212884 0.583711 
4 23 31 33 
0.525561 0.493561 0.875696 0.758839 0.676388 0.00769568 0.120035 0.189759 0.908583 0.476903 0.804696 0.800895 0.369146 0.485475 0.966822 0.990727 
5 30 28 2 
0.128573 0.468753 0.624469 0.0716288 0.813578 0.0924124 0.702924 0.0264625 0.676124 0.941249 0.518708 0.120106 0.466809 0.0122684 0.995803 0.225648 
6 16 33 42 
0.878415 0.912082 0.822586 0.683111 0.712977 0.191732 0.168587 0.679799 0.182459 0.595532 0.535442 0.910536 0.724105 0.00419472 0.535005 0.795734 
7 30 24 3 
0.844236 0.303541 0.439906 0.362943 0.423647 0.906715 0.375212 0.41945 0.132363 0.0638681 0.422948 0.478046 0.942283 0.33503 0.300632 0.625394 
8 13 33 25 
0.727806 0.674823 0.389513 0.263248 0.585359 0.113619 0.267442 0.120364 0.909353 0.0852154 0.747782 0.40801 0.929451 0.0513233 0.847916 0.292394 
9 10 17 18 
0.894421 0.886995 0.731474 0.317369 0.365041 0.673757 0.652399 0.665673 0.299151 0.700406 0.158037 0.0931323 0.428211 0.83286 0.482646 0.691459 
10 41 40 17 
0.538584 0.505617 0.0441167 0.286366 0.913627 0.973568 0.337689 0.761544 0.265962 0.81266 0.516176 0.933568 0.707081 0.40317 0.665042 0.0244497 
11 30 7 36 
0.433884 0.63795 0.377254 0.591921 0.731083 0.805466 0.424781 0.213729 0.496925 0.843 0.809993 0.455826 0.381584 0.31561 0.499943 0.66795 
12 17 38 43 
0.990781 0.739472 0.818299 0.506957 0.67304 0.52538 0.910127 0.338082 0.54983 0.678339 0.676881 0.226678 0.112223 0.314832 0.603932 0.704144 
13 42 41 5 
0.259643 0.906323 0.971925 0.0696365 0.362149 0.353509 0.385247 0.862091 0.0214595 0.614484 0.335602 0.0270987 0.605265 0.0750739 0.845398 0.112222 
14 26 17 38 
0.0861965 0.920608 0.700689 0.763078 0.147286 0.812912 0.0779098 0.751218 0.517056 0.123825 0.160616 0.645981 0.383468 0.0669392 0.617906 0.453104 
15 18 33 21 
0.291179 0.992875 0.452835 0.626781 0.0199741 0.0581007 0.701855 0.865372 0.170323 0.449969 0.23615 0.192673 0.536166 0.156758 0.893361 0.299243 
16 30 11 12 
0.0552621 0.223329 0.500978 0.215879 0.86931 0.884446 0.282818 0.487216 0.33755 0.711906 0.458632 0.175901 0.00308503 0.451507 0.628736 0.629866 
17 36 41 44 
0.336853 0.85716 0.78169 0.573003 0.0498327 0.317855 0.729761 0.943194 0.617099 0.0338047 0.649467 0.994252 0.0890668 0.872796 0.49523 0.304945 
18 5 6 14 
0.229322 0.717226 0.299669 0.687954 0.893127 0.302754 0.139461 0.521863 0.93262 0.610942 0.2087 0.264341 0.947796 0.0658601 0.0460306 0.520799 
19 41 17 11 
0.0588869 0.980985 0.284365 0.708354 0.975237 0.373431 0.58115 0.470467 0.678377 0.323256 0.850143 0.26614 0.552578 0.567368 0.565809 0.240532 
20 35 28 10 
0.982358 0.801183 0.990935 0.191058 0.0655232 0.938731 0.256919 0.111554 0.45953 0.372611 0.47544 0.71009 0.431498 0.456425 0.994454 0.139852 
21 38 20 31 
0.902129 0.0462626 0.0442582 0.752271 0.312402 0.596836 0.31964 0.878211 0.837368 0.780135 0.746774 0.21736 0.762493 0.547956 0.208295 0.953552 
22 4 14 40 
0.725033 0.606556 0.583082 0.200473 0.316645 0.01458 0.656898 0.3111 0.154432 0.0885596 0.678985 0.875435 0.990688 0.725248 0.919693 0.74296 
23 43 12 40 
0.915862 0.353896 0.842734 0.662635 0.571257 0.605228 0.210592 0.779552 0.558779 0.824071 0.926578 0.76925 0.549105 0.533133 0.352332 0.749578 
24 1 20 22 
0.160878 0.521344 0.495035 0.839864 0.396779 0.485724 0.565111 0.316471 0.228683 0.602762 0.833 0.291283 0.518624 0.186896 0.134017 0.181259 
25 19 5 24 
0.537705 0.298024 0.215922 0.464283 0.067274 0.765027 0.997416 0.419606 0.514605 0.847195 0.786517 0.921081 0.00807266 0.307861 0.416116 0.847936 
26 14 21 34 
0.0211109 0.130524 0.0158095 0.854111 0.421806 0.534433 0.0410072 0.555824 0.715692 0.79916 0.295068 0.107543 0.336865 0.593093 0.323465 0.801147 
27 17 42 28 
0.0799722 0.603097 0.645758 0.866489 0.524178 0.65383 0.17435 0.940294 0.501767 0.87899 0.842134 0.914814 0.900101 0.972658 0.930624 0.754212 
28 35 33 4 
0.950288 0.180749 0.594379 0.245356 0.288292 0.931244 0.838449 0.611757 0.732391 0.498815 0.700249 0.530955 0.578788 0.303347 0.176713 0.445277 
29 22 3 32 
0.33231 0.498617 0.609954 0.247124 0.398718 0.582612 0.177748 0.15293 0.977076 0.642805 0.948149 0.927364 0.823554 0.542528 0.172721 0.111846 
30 11 13 24 
0.206164 0.509985 0.423852 0.737118 0.0887725 0.727199 0.913831 0.53405 0.554724 0.744374 0.153677 0.322543 0.0766836 0.652294 0.932496 0.323808 
31 23 39 17 
0.492184 0.14436 0.152092 0.419548 0.967914 0.694621 0.592269 0.0797596 0.168393 0.603438 0.803362 0.374557 0.113423 0.227215 0.111675 0.202196 
32 40 28 25 
0.76988 0.889922 0.83168 0.846564 0.542217 0.764176 0.170371 0.593229 0.279284 0.671927 0.797172 0.771468 0.816287 0.949265 0.191016 0.784201 
33 18 7 17 
0.812279 0.386723 0.667323 0.186836 0.500146 0.894538 0.298511 0.702342 0.848951 0.324017 0.438587 0.358088 0.0938973 0.328509 0.189768 0.940461 
34 40 12 31 
0.463955 0.233228 0.782759 0.261127 0.00469643 0.599046 0.210392 0.195713 0.383247 0.854278 0.978997 0.247208 0.666556 0.36572 0.914531 0.853392 
35 29 39 9 
0.568208 0.65802 0.47592 0.00679441 0.0161081 0.569817 0.335303 0.205876 0.510278 0.206028 0.159821 0.62111 0.669983 0.393049 0.40387 0.93111 
36 42 15 22 
0.593458 0.386163 0.99578 0.572456 0.633371 0.662336 0.938176 0.547902 0.515728 0.804042 0.35697 0.66763 0.37225 0.0149896 0.14355 0.379044 
37 13 3 42 
0.236974 0.223644 0.920376 0.396795 0.844755 0.590359 0.789845 0.248624 0.521469 0.18759 0.25154 0.662971 0.781049 0.637703 0.658751 0.353505 
38 24 6 18 
0.818976 0.836814 0.0957225 0.175946 0.504444 0.467972 0.190935 0.647994 0.847016 0.222033 0.36136 0.561364 0.459007 0.585005 0.48174 0.855802 
39 34 42 38 
0.678384 0.593568 0.833237 0.929924 0.256539 0.614286 0.567628 0.91529 0.967791 0.838702 0.236377 0.259471 0.657678 0.0731912 0.355194 0.833623 
40 8 4 16 
0.22563 0.670182 0.246592 0.58699 0.231546 0.705599 0.171995 0.713286 0.561401 0.601754 0.785384 0.207048 0.280138 0.378952 0.0402855 0.210062 
41 38 30 27 
0.550781 0.622363 0.616392 0.787157 0.881834 0.274069 0.860349 0.237028 0.107693 0.437984 0.0601939 0.132252 0.663614 0.730376 0.378843 0.250604 
42 33 34 3 
0.675208 0.645843 0.0243525 0.460593 0.852892 0.30449 0.839545 0.893177 0.514552 0.475035 0.547749 0.292242 0.025816 0.170112 0.908634 0.812973 
43 20 29 37 
0.288973 0.290396 0.111306 0.349167 0.422648 0.77492 0.0795439 0.801491 0.0255241 0.0414665 0.885934 0.448123 0.716675 0.531777 0.472475 0.177268 
44 11 21 5 
0.277846 0.291518 0.491847 0.825595 0.58376 0.517663 0.995706 0.492394 0.330637 0.0476519 0.675097 0.00395909 0.336625 0.965493 0.115266 0.685793 
