93 2
0 0 0 1 0 0 1 0 1 0 0 1 0 0 0 0 0 1 1 0 1 0 0 1 0 1 0 1 0 0 0 0 0 1 0 1 0 1 0 0 0 1 0 0 1 0 1 0 0 1 1 0 0 0 1 0 0 0 0 0 0 1 1 1 0 0 1 1 0 0 1 0 0 0 1 0 1 1 1 0 1 1 0 0 1 0 1 0 1 1 1 0 1 
0 49 
0.303741 0.451519 0.86237 0.0782526 
1 81 
0.290058 0.916451 0.659811 0.926776 
2 6 
0.374521 0.636187 0.44866 0.2098 
3 84 
0.609991 0.0867386 0.852934 0.692284 
4 40 
0.962566 0.192929 0.0111741 0.206145 
5 26 
0.706869 0.952971 0.526747 0.721399 
6 34 
0.0301782 0.0251407 0.381792 0.892548 
7 18 
0.285803 0.182606 0.019844 0.945614 
8 91 
0.433045 0.320135 0.745569 0.881705 
9 71 
0.635019 0.491695 0.616674 0.487953 
10 43 
0.181753 0.450519 0.376908 0.192927 
11 89 
0.642816 0.899796 0.609635 0.169563 
12 10 
0.539909 0.199741 0.646336 0.921701 
13 80 
0.749729 0.207504 0.274896 0.769573 
14 23 
0.384278 0.202618 0.473253 0.129846 
15 64 
0.00318813 0.764866 0.576018 0.619862 
16 29 
0.801615 0.703338 0.136905 0.994541 
17 68 
0.779722 0.894337 0.969638 0.949285 
18 26 
0.509548 0.149026 0.161869 0.431249 
19 69 
0.911598 0.638753 0.516211 0.681172 
20 75 
0.900488 0.88379 0.265124 0.0303347 
21 90 
0.268312 0.7952 0.544131 0.888174 
22 41 
0.304128 0.689788 0.751358 0.441033 
23 52 
0.111361 0.220755 0.578667 0.0809991 
24 49 
0.0941999 0.590547 0.319066 0.256069 
25 57 
0.560381 0.167667 0.660549 0.0765922 
26 53 
0.452419 0.977081 0.732629 0.717543 
27 17 
0.700742 0.985855 0.802616 0.244872 
28 38 
0.850635 0.549 0.563817 0.601993 
29 51 
0.248146 0.713353 0.210788 0.826813 
30 12 
0.380828 0.921013 0.384899 0.699894 
31 86 
0.406695 0.260275 0.34475 0.0672432 
32 61 
0.193589 0.519662 0.313948 0.926218 
33 52 
0.321363 0.62696 0.22306 0.123979 
34 10 
0.0970889 0.974614 0.420832 0.660906 
35 3 
0.410865 0.909052 0.28996 0.621654 
36 51 
0.0843122 0.00248219 0.656879 0.469211 
37 59 
0.833961 0.875906 0.962652 0.178711 
38 62 
0.29952 0.3723 0.462812 0.613468 
39 62 
0.700017 0.934831 0.925477 0.923077 
40 27 
0.797309 0.0201663 0.0334242 0.218141 
41 42 
0.610031 0.629007 0.590124 0.89999 
42 50 
0.325989 0.984303 0.253143 0.982868 
43 65 
0.955519 0.816829 0.32942 0.918171 
44 49 
0.272569 0.217691 0.367839 0.73538 
45 56 
0.666357 0.435397 0.76599 0.591834 
46 47 
0.8248 0.389143 0.378641 0.858224 
47 55 
0.0597131 0.468255 0.236291 0.649837 
48 82 
0.486952 0.975827 0.352548 0.740095 
49 62 
0.806062 0.695614 0.775523 0.135482 
50 11 
0.771063 0.408051 0.831476 0.138901 
51 33 
0.662635 0.805258 0.578828 0.428625 
52 40 
0.937303 0.253425 0.786235 0.315944 
53 87 
0.39352 0.375657 0.579904 0.629811 
54 56 
0.94815 0.116763 0.00132103 0.300698 
55 48 
0.960016 0.10676 0.552473 0.735539 
56 37 
0.166259 0.506602 0.650292 0.997735 
57 89 
0.793723 0.66037 0.450761 0.372552 
58 12 
0.847853 0.309855 0.34242 0.634088 
59 7 
0.454069 0.0276079 0.00145642 0.0339732 
60 47 
0.0269509 0.982123 0.774183 0.028272 
61 31 
0.631041 0.988288 0.38958 0.183514 
62 25 
0.631822 0.349773 0.230428 0.282114 
63 18 
0.875931 0.0758371 0.0078784 0.326692 
64 60 
0.0968733 0.174545 0.758243 0.439293 
65 20 
0.384042 0.893362 0.836241 0.385499 
66 54 
0.49366 0.41245 0.909458 0.267843 
67 49 
0.192279 0.898884 0.429009 0.581859 
68 76 
0.152836 0.213681 0.432171 0.383263 
69 81 
0.77968 0.259194 0.571632 0.787558 
70 16 
0.0200208 0.884431 0.760431 0.778264 
71 66 
0.569064 0.162307 0.217087 0.405304 
72 79 
0.144422 0.898964 0.960255 0.0538804 
73 16 
0.400977 0.246159 0.0656909 0.829986 
74 82 
0.148089 0.982821 0.0416992 0.580261 
75 21 
0.537494 0.35994 0.625279 0.109126 
76 73 
0.211165 0.129147 0.0319295 0.971596 
77 83 
0.355654 0.54066 0.0697179 0.572741 
78 59 
0.617523 0.717163 0.844929 0.577778 
79 2 
0.0117358 0.978755 0.0172026 0.0774267 
80 32 
0.845221 0.225516 0.791562 0.88692 
81 63 
0.157647 0.424414 0.165717 0.782926 
82 92 
0.313215 0.994092 0.662688 0.345144 
83 66 
0.570099 0.700798 0.506348 0.639817 
84 8 
0.452313 0.25734 0.990702 0.297241 
85 14 
0.761746 0.308977 0.813873 0.778948 
86 11 
0.622614 0.624169 0.61192 0.414177 
87 80 
0.417696 0.571824 0.935503 0.583413 
88 78 
0.469044 0.896628 0.348842 0.131732 
89 47 
0.31453 0.701831 0.94257 0.820878 
90 19 
0.21611 0.273191 0.598988 0.206812 
91 82 
0.434107 0.968558 0.87941 0.24798 
92 28 
0.265814 0.870594 0.371675 0.877734 
