19 3
0 0 1 0 0 0 1 0 0 1 1 1 1 0 1 1 0 1 1 
0 8 11 
0.911286 0.15091 0.543782 0.439961 0.0652573 0.249838 0.856766 0.737337 
1 18 10 
0.0717984 0.588771 0.136303 0.606098 0.880522 0.209802 0.860385 0.0548093 
2 14 15 
0.934471 0.335083 0.804797 0.584581 0.541073 0.601962 0.643451 0.584898 
3 14 1 
0.980295 0.124121 0.966789 0.524077 0.564083 0.0320461 0.773915 0.420848 
4 9 13 
0.540402 0.841182 0.638238 0.676705 0.44728 0.51876 0.886507 0.307665 
5 12 14 
0.508041 0.537508 0.0514366 0.0926216 0.0785819 0.653399 0.736072 0.66348 
6 0 17 
0.643776 0.990355 0.51874 0.167853 0.554438 0.550786 0.941768 0.975287 
7 18 13 
0.515689 0.161351 0.629473 0.192394 0.608631 0.148233 0.0789008 0.916296 
8 7 5 
0.162936 0.229844 0.818835 0.214372 0.322465 0.897417 0.867771 0.0585374 
9 16 15 
0.610488 0.204673 0.72436 0.129228 0.372525 0.278798 0.680014 0.314293 
10 12 6 
0.305528 0.769774 0.161534 0.935002 0.962167 0.770165 0.0832352 0.0410683 
11 1 3 
0.322395 0.849396 0.0348817 0.14123 0.0637686 0.357347 0.0386468 0.931539 
12 4 5 
0.665544 0.0263725 0.804216 0.389905 0.155601 0.176742 0.668703 0.835615 
13 15 0 
0.835798 0.796563 0.692562 0.997333 0.731565 0.654729 0.767497 0.8148 
14 15 0 
0.619838 0.0181922 0.303355 0.65472 0.159422 0.367123 0.0120667 0.198069 
15 16 12 
0.964207 0.454323 0.601829 0.354112 0.609924 0.778571 0.0228146 0.445539 
16 5 7 
0.281337 0.066169 0.638164 0.27867 0.797734 0.292893 0.0461673 0.612534 
17 3 1 
0.0068828 0.80348 0.887092 0.166305 0.170603 0.899159 0.364374 0.469266 
18 17 14 
0.433473 0.781433 0.763815 0.787585 0.391357 0.542386 0.810399 0.836897 
