64 2
0 0 1 1 1 1 0 0 0 0 0 0 1 1 0 1 0 1 0 1 0 0 0 1 1 0 1 1 1 0 0 0 1 1 0 0 1 1 1 0 1 0 1 1 0 0 0 1 1 1 0 0 0 1 0 0 0 0 0 0 0 1 1 0 
0 2 
0.400508 0.492736 0.190893 0.674621 
1 4 
0.236204 0.23252 0.622022 0.613248 
2 62 
0.928484 0.897949 0.269868 0.344315 
3 13 
0.767819 0.237678 0.171471 0.111994 
4 17 
0.137988 0.79463 0.702635 0.969047 
5 32 
0.160138 0.0676987 0.142813 0.66038 
6 1 
0.0781077 0.0608882 0.0518263 0.269001 
7 62 
0.651086 0.505205 0.968029 0.273108 
8 43 
0.907829 0.201592 0.0164026 0.177697 
9 26 
0.0691054 0.945516 0.783584 0.240576 
10 46 
0.185429 0.378565 0.85214 0.888063 
11 29 
0.2629 0.0482018 0.41531 0.405713 
12 54 
0.9744 0.483821 0.76947 0.0262268 
13 25 
0.504979 0.677313 0.258027 0.473008 
14 60 
0.380837 0.152013 0.392883 0.558534 
15 40 
0.461989 0.50405 0.481503 0.702565 
16 11 
0.666931 0.0811299 0.413699 0.554995 
17 4 
0.6766 0.603197 0.844051 0.0823126 
18 34 
0.818451 0.566133 0.0812487 0.844678 
19 63 
0.586228 0.521991 0.576982 0.0592363 
20 33 
0.953463 0.440074 0.624425 0.346346 
21 28 
0.322344 0.808335 0.502658 0.803846 
22 13 
0.0642173 0.470778 0.59203 0.477917 
23 8 
0.0207712 0.154516 0.62897 0.864822 
24 46 
0.940748 0.683273 0.802962 0.021997 
25 51 
0.121917 0.608225 0.0499427 0.698899 
26 31 
0.522355 0.652361 0.107535 0.14678 
27 7 
0.106143 0.469123 0.807043 0.6088 
28 54 
0.317943 0.673018 0.743748 0.909973 
29 38 
0.769521 0.930744 0.30545 0.39849 
30 45 
0.542279 0.339239 0.47884 0.345242 
31 38 
0.0067912 0.467158 0.969461 0.0567339 
32 41 
0.636922 0.579089 0.818419 0.744457 
33 0 
0.817126 0.850599 0.194992 0.624169 
34 57 
0.467961 0.942112 0.132417 0.211709 
35 63 
0.283351 0.98123 0.782829 0.588802 
36 53 
0.578395 0.131081 0.718959 0.0572351 
37 47 
0.0801943 0.0640263 0.943481 0.0496548 
38 40 
0.109538 0.686577 0.699849 0.927957 
39 48 
0.425717 0.745083 0.281633 0.620709 
40 62 
0.741032 0.0886706 0.311364 0.87345 
41 14 
0.163448 0.156801 0.281609 0.946278 
42 52 
0.661329 0.524673 0.876684 0.380288 
43 16 
0.353007 0.460482 0.645934 0.296488 
44 45 
0.766695 0.406026 0.196714 0.466543 
45 52 
0.892261 0.0790663 0.90938 0.51297 
46 4 
0.650413 0.601641 0.759682 0.523862 
47 54 
0.92313 0.680663 0.18363 0.869408 
48 16 
0.844959 0.394081 0.30295 0.225247 
49 21 
0.655957 0.68573 0.621923 0.952444 
50 29 
0.388618 0.358471 0.392581 0.855161 
51 30 
0.0203278 0.747422 0.77152 0.929708 
52 38 
0.219839 0.580121 0.862033 0.97952 
53 20 
0.764053 0.902651 0.784646 0.947683 
54 59 
0.210912 0.792642 0.16614 0.513862 
55 42 
0.142129 0.169818 0.703619 0.764052 
56 34 
0.899486 0.15267 0.480733 0.292066 
57 52 
0.173187 0.312394 0.755253 0.944708 
58 21 
0.0156454 0.164546 0.822222 0.877678 
59 36 
0.926205 0.641732 0.0467175 0.710851 
60 17 
0.818776 0.921763 0.382057 0.984916 
61 41 
0.399946 0.127045 0.605443 0.103565 
62 47 
0.727706 0.0030503 0.0437664 0.208439 
63 27 
0.0515973 0.381627 0.60751 0.80685 
