15 4
0 1 0 0 1 1 1 1 0 1 0 0 1 0 0 
0 14 8 12 
0.540136 0.393892 0.135878 0.695465 0.797041 0.167421 0.209032 0.886016 0.773125 0.215095 0.548337 0.315671 0.463611 0.0546092 0.249608 0.0858008 
1 11 7 3 
0.609793 0.855343 0.61802 0.823938 0.716002 0.50931 0.0770284 0.217065 0.159901 0.305337 0.864623 0.0225359 0.845472 0.258515 0.158414 0.540937 
2 13 4 12 
0.941571 0.0989598 0.965064 0.489908 0.41463 0.428675 0.544517 0.664238 0.514476 0.571794 0.363494 0.299894 0.181587 0.218837 0.917914 0.00552473 
3 6 9 10 
0.151905 0.587125 0.38789 0.016528 0.609661 0.233362 0.275043 0.768075 0.774299 0.330599 0.0939101 0.524268 0.27217 0.19287 0.489332 0.762078 
4 6 10 13 
0.271738 0.432482 0.87839 0.635232 0.732377 0.059977 0.854069 0.65029 0.0655017 0.788908 0.0775141 0.148055 0.940813 0.664639 0.535944 0.957341 
5 7 9 11 
0.0423749 0.543605 0.562983 0.136285 0.0678727 0.835153 0.329155 0.557204 0.597231 0.936655 0.475211 0.903827 0.208394 0.907693 0.782217 0.843626 
6 14 3 8 
0.29036 0.907695 0.486604 0.367874 0.0557502 0.427417 0.0325134 0.591695 0.384758 0.306813 0.361001 0.617142 0.349188 0.904606 0.180125 0.485473 
7 14 10 12 
0.612509 0.751283 0.00489383 0.516336 0.959677 0.912587 0.298553 0.803303 0.552657 0.140746 0.500998 0.843018 0.0484417 0.987601 0.210892 0.104192 
8 10 3 14 
0.550219 0.0568874 0.416917 0.899407 0.961493 0.597041 0.38488 0.933972 0.612319 0.199508 0.463654 0.224828 0.950791 0.468548 0.741164 0.910468 
9 5 3 14 
0.214769 0.776811 0.228905 0.20237 0.987703 0.333097 0.617388 0.231109 0.0289835 0.417163 0.781328 0.085871 0.83408 0.680735 0.0473642 0.431122 
10 11 7 12 
0.265123 0.44499 0.268269 0.215914 0.913539 0.00943334 0.126383 0.294674 0.0491503 0.840154 0.228467 0.229614 0.0549228 0.00527822 0.458519 0.257293 
11 4 2 12 
0.820599 0.291844 0.00541803 0.90647 0.125924 0.686153 0.953834 0.557046 0.751767 0.93517 0.600487 0.0168902 0.380161 0.868756 0.232804 0.293699 
12 2 3 10 
0.927339 0.199341 0.816841 0.156953 0.254264 0.822119 0.615472 0.511557 0.815101 0.407087 0.386238 0.039191 0.227687 0.678082 0.044609 0.134157 
13 9 14 5 
0.482529 0.0231615 0.961539 0.499419 0.403322 0.830295 0.732224 0.697022 0.708484 0.091411 0.285395 0.635824 0.290752 0.102236 0.792777 0.545016 
14 5 1 0 
0.739456 0.815336 0.442811 0.778647 0.0430227 0.120893 0.823256 0.17718 0.924899 0.554018 0.265171 0.285952 0.0365473 0.288332 0.247491 0.535967 
