44 6
0 0 0 0 0 1 0 0 0 0 0 0 0 1 1 1 1 1 1 1 1 1 1 0 0 1 0 0 1 1 1 0 0 1 0 1 1 1 0 0 0 1 0 1 
0 42 21 23 12 13 
0.467035 0.631531 0.24047 0.0884142 0.587378 0.375351 0.292227 0.642059 0.937251 0.92534 0.134142 0.121759 0.520135 0.620328 0.773022 0.223431 0.506199 0.898875 0.618694 0.497877 0.734177 0.919364 0.245791 0.638344 0.55633 0.151427 0.470016 0.785317 0.403746 0.61601 0.848747 0.870781 0.247541 0.0892179 0.959195 0.834919 0.464569 0.251422 0.476978 0.401819 0.176763 0.61112 0.523578 0.696898 0.231448 0.2966 0.920328 0.737647 0.195475 0.539022 0.235524 0.929653 0.458386 0.481315 0.567997 0.0147162 0.632742 0.0380131 0.800033 0.0364879 0.654023 0.64878 0.907269 0.901564 
1 6 9 0 34 26 
0.213461 0.604386 0.29465 0.824581 0.127964 0.991547 0.0560297 0.424564 0.911876 0.793677 0.620039 0.450897 0.029201 0.549692 0.909283 0.510516 0.117689 0.923999 0.143258 0.155702 0.724032 0.179746 0.809725 0.372812 0.087015 0.711289 0.11081 0.95348 0.447772 0.313377 0.0713666 0.661233 0.917763 0.366016 0.485815 0.0457271 0.357564 0.541845 0.470291 0.269439 0.335522 0.0903304 0.720337 0.364723 0.640022 0.62962 0.875239 0.757711 0.553619 0.0184967 0.913413 0.277652 0.198243 0.723138 0.650464 0.285258 0.434428 0.761274 0.238737 0.8822 0.0746511 0.310104 0.543434 0.992414 
2 0 1 38 31 7 
0.508432 0.303123 0.906615 0.598763 0.0234601 0.271338 0.238785 0.65308 0.146577 0.996496 0.2067 0.165073 0.909909 0.484351 0.363316 0.633048 0.134815 0.648574 0.0674754 0.896089 0.887311 0.949676 0.97074 0.197415 0.493109 0.963154 0.873535 0.522358 0.00129571 0.907219 0.0934516 0.509728 0.210342 6.68447e-05 0.108491 0.233802 0.271405 0.347276 0.886882 0.417981 0.343772 0.0935819 0.583055 0.253681 0.577933 0.946371 0.886729 0.712748 0.594944 0.954204 0.608838 0.482255 0.90388 0.579578 0.67967 0.396989 0.542732 0.553205 0.919347 0.544028 0.460423 0.0127991 0.0537562 0.670765 
3 38 5 17 25 6 
0.79145 0.702252 0.853295 0.885032 0.285307 0.106976 0.462965 0.231678 0.993705 0.175713 0.826622 0.947909 0.784551 0.308877 0.851789 0.364129 0.988547 0.248778 0.906861 0.541752 0.168126 0.450889 0.00217487 0.180925 0.504646 0.67294 0.193791 0.666893 0.577508 0.478062 0.176415 0.368957 0.180314 0.0297101 0.253989 0.465621 0.136686 0.716954 0.697299 0.130391 0.892667 0.523921 0.0783002 0.677218 0.832798 0.930089 0.0413469 0.821345 0.178867 0.948208 0.363097 0.346993 0.399097 0.365272 0.527918 0.903743 0.0382118 0.721709 0.570635 0.615719 0.19977 0.747051 0.984677 0.380084 
4 38 25 3 15 23 
0.543004 0.043838 0.848288 0.0669244 0.122138 0.525506 0.899723 0.0522273 0.566853 0.721068 0.231095 0.515061 0.0841643 0.578088 0.914158 0.449436 0.106006 0.817901 0.487648 0.827715 0.388537 0.103367 0.0274851 0.135587 0.0880441 0.407569 0.912348 0.32671 0.253274 0.825795 0.282331 0.796278 0.869633 0.130618 0.863202 0.991771 0.656124 0.762925 0.0439988 0.222977 0.483992 0.275094 0.738038 0.568157 0.853181 0.652196 0.0175927 0.959187 0.470097 0.50524 0.786902 0.858634 0.608608 0.814387 0.994221 0.696652 0.221956 0.90657 0.0233619 0.475231 0.732365 0.305693 0.271508 0.601998 
5 6 43 7 40 31 
0.637768 0.315412 0.381628 0.912862 0.0534501 0.949785 0.766043 0.705646 0.967377 0.725231 0.175743 0.472618 0.512133 0.0343773 0.0812252 0.32652 0.0285986 0.777877 0.548476 0.935168 0.801239 0.0237065 0.667533 0.106931 0.295215 0.269531 0.543242 0.429925 0.8633 0.635678 0.327561 0.501069 0.95109 0.709188 0.413931 0.00453985 0.658973 0.179974 0.710186 0.62635 0.905204 0.885929 0.0989681 0.417337 0.920307 0.180193 0.743857 0.948905 0.95807 0.292333 0.884074 0.759309 0.316039 0.551606 0.86624 0.611254 0.821137 0.409483 0.0411791 0.684438 0.0451602 0.36874 0.185506 0.99625 
6 14 7 36 28 4 
0.710976 0.363252 0.684615 0.596905 0.46222 0.101952 0.517212 0.642413 0.845808 0.466118 0.600483 0.138141 0.350191 0.359792 0.45418 0.901797 0.226033 0.0654338 0.722935 0.635515 0.106613 0.407372 0.680675 0.475353 0.592878 0.676925 0.553281 0.192315 0.677715 0.290182 0.971726 0.388691 0.653434 0.656341 0.985596 0.115654 0.758293 0.502808 0.758067 0.604101 0.968926 0.35855 0.742242 0.319117 0.718342 0.196422 0.220914 0.944375 0.261856 0.943849 0.57989 0.368469 0.351221 0.260565 0.843821 0.9441 0.937491 0.397102 0.136415 0.615206 0.687285 0.10814 0.00389709 0.340719 
7 4 13 25 5 34 
0.21444 0.126875 0.461228 0.57299 0.869117 0.780345 0.291332 0.0655386 0.00125919 0.235707 0.327394 0.945108 0.815597 0.695863 0.296329 0.0761626 0.539684 0.240429 0.0136534 0.936786 0.376843 0.628859 0.624071 0.484984 0.632757 0.96479 0.249465 0.62225 0.421162 0.772238 0.114552 0.635602 0.899113 0.57578 0.208592 0.76823 0.356125 0.499924 0.833768 0.357384 0.735631 0.161162 0.302492 0.551228 0.857025 0.598821 0.627391 0.39671 0.83925 0.641044 0.333496 0.216093 0.269903 0.957567 0.701077 0.90266 0.922357 0.950542 0.52491 0.343519 0.72278 0.639462 0.979121 0.621893 
8 31 29 39 10 28 
0.231242 0.974495 0.242079 0.830063 0.601886 0.638789 0.669313 0.24293 0.972284 0.885406 0.512833 0.929851 0.586483 0.415493 0.852208 0.537025 0.940403 0.195727 0.259806 0.579864 0.174848 0.881699 0.795106 0.36256 0.271822 0.366472 0.0501968 0.495713 0.295222 0.473464 0.880767 0.526464 0.447959 0.122846 0.356527 0.0498447 0.761634 0.0258394 0.292774 0.733919 0.911246 0.805607 0.66377 0.497729 0.2211 0.515978 0.0347542 0.161502 0.711705 0.29456 0.741367 0.886553 0.176259 0.536473 0.249114 0.44808 0.902945 0.299311 0.943793 0.198166 0.772774 0.82456 0.72463 0.220733 
9 39 35 30 6 17 
0.563352 0.442958 0.0182416 0.368959 0.106728 0.515971 0.590059 0.622706 0.550725 0.751562 0.334412 0.845284 0.492928 0.220965 0.021543 0.029401 0.470079 0.469624 0.932345 0.769389 0.413417 0.130512 0.542164 0.237977 0.855142 0.762897 0.185383 0.936298 0.0334752 0.894422 0.0432942 0.596828 0.33738 0.0615358 0.965787 0.444108 0.577506 0.555846 0.0668148 0.128231 0.307408 0.401226 0.973515 0.800336 0.622191 0.995058 0.829737 0.0922697 0.464682 0.762083 0.861659 0.878099 0.892594 0.403822 0.116076 0.747736 0.166719 0.301459 0.684034 0.200194 0.195881 0.727329 0.797022 0.533261 
10 18 11 27 5 17 
0.0441843 0.494602 0.626063 0.445411 0.468117 0.426399 0.0676019 0.463176 0.256136 0.159872 0.927858 0.0182189 0.0215304 0.805957 0.910813 0.425353 0.922033 0.65855 0.592072 0.223491 0.342584 0.792266 0.419372 0.0699126 0.589288 0.952633 0.858777 0.352097 0.930003 0.225148 0.670753 0.974187 0.71975 0.296815 0.419598 0.187867 0.723215 0.487199 0.651043 0.979351 0.647071 0.5789 0.99757 0.668601 0.384857 0.908383 0.0939541 0.30689 0.566933 0.686026 0.530381 0.909517 0.478293 0.949753 0.979429 0.067581 0.902386 0.838206 0.419678 0.832389 0.0633542 0.0904309 0.806575 0.783104 
11 2 41 1 9 16 
0.0898118 0.360443 0.200914 0.0873815 0.0290449 0.585771 0.995765 0.122999 0.892661 0.562697 0.809025 0.423042 0.472214 0.287318 0.372795 0.451643 0.354899 0.275181 0.289849 0.774577 0.10757 0.353204 0.865008 0.914145 0.136308 0.252254 0.140318 0.107279 0.362715 0.853691 0.729292 0.452527 0.214134 0.930207 0.539908 0.243179 0.515978 0.535673 0.366178 0.408639 0.0983702 0.175203 0.831681 0.570584 0.462521 0.204477 0.0222271 0.817419 0.479658 0.312076 0.591996 0.587228 0.66528 0.457004 0.501373 0.801588 0.709259 0.641691 0.908866 0.0719737 0.495382 0.638159 0.524501 0.709516 
12 19 9 20 38 39 
0.492982 0.698452 0.494076 0.324664 0.269036 0.956596 0.529141 0.291263 0.774016 0.00879862 0.60334 0.366012 0.596026 0.26862 0.823017 0.0973993 0.0702077 0.532275 0.73909 0.979074 0.604249 0.234472 0.617233 0.128749 0.943987 0.185598 0.193158 0.896682 0.269941 0.79324 0.215555 0.762924 0.491693 0.70963 0.0875877 0.760729 0.666227 0.616728 0.0519924 0.440243 0.625527 0.655332 0.806255 0.221553 0.923952 0.629272 0.318953 0.99416 0.161547 0.0580429 0.973234 0.765795 0.292515 0.590467 0.894545 0.236502 0.776065 0.0877033 0.133184 0.0460064 0.880944 0.348739 0.80893 0.372636 
13 12 24 19 23 29 
0.164838 0.138773 0.84069 0.971093 0.360327 0.764643 0.600365 0.679279 0.758803 0.761912 0.737322 0.732037 0.527707 0.0298367 0.322504 0.422252 0.266339 0.0985688 0.509955 0.399523 0.144575 0.390899 0.748262 0.953505 0.763535 0.806631 0.850023 0.896901 0.531226 0.36327 0.0822586 0.696065 0.502043 0.922949 0.667158 0.86237 0.687591 0.267523 0.541649 0.446394 0.0294343 0.278971 0.178431 0.557141 0.308807 0.500934 0.979393 0.575146 0.599503 0.489348 0.974669 0.744078 0.880247 0.722931 0.697584 0.643782 0.529561 0.547607 0.540683 0.0607876 0.910877 0.622942 0.756852 0.41292 
14 13 19 29 4 1 
0.679875 0.720967 0.0959087 0.858306 0.278109 0.404716 0.35924 0.257502 0.979862 0.958744 0.74685 0.954531 0.702822 0.627097 0.677462 0.400406 0.270879 0.207023 0.948013 0.811562 0.267811 0.85889 0.434504 0.0246634 0.27181 0.980394 0.448674 0.547099 0.213876 0.140207 0.364037 0.893751 0.861174 0.459946 0.752057 0.139283 0.864662 0.111298 0.396784 0.844524 0.0700414 0.143634 0.799055 0.772863 0.770731 0.476517 0.173269 0.0416109 0.683541 0.121282 0.853173 0.951352 0.980171 0.287677 0.976015 0.251981 0.268071 0.424689 0.79908 0.481947 0.564896 0.163117 0.375699 0.42607 
15 16 42 12 20 6 
0.332248 0.309095 0.105771 0.131303 0.0819584 0.876502 0.60782 0.255227 0.918113 0.291361 0.376509 0.771286 0.242713 0.35668 0.0589635 0.218728 0.608661 0.327035 0.643417 0.40774 0.808982 0.208313 0.570857 0.184681 0.634382 0.193919 0.312437 0.199734 0.681643 0.55149 0.161871 0.0138905 0.860586 0.267642 0.145193 0.942544 0.144144 0.753014 0.197771 0.0622569 0.0443748 0.57428 0.833543 0.287088 0.93096 0.892507 0.505816 0.53962 0.219542 0.149233 0.947361 0.0285237 0.357546 0.518218 0.213204 0.991928 0.712137 0.525641 0.191663 0.39378 0.0771313 0.353533 0.40767 0.937717 
16 36 1 38 25 30 
0.078032 0.827576 0.350252 0.652312 0.661119 0.63734 0.583272 0.553626 0.143156 0.122892 0.773167 0.292389 0.0702528 0.801691 0.649935 0.588471 0.0148954 0.641863 0.300607 0.540536 0.833526 0.694387 0.617668 0.187059 0.102057 0.555385 0.808234 0.654921 0.435646 0.573553 0.960799 0.513677 0.401129 0.311051 0.165989 0.0622475 0.948391 0.749261 0.615873 0.0915468 0.872153 0.389041 0.383936 0.942406 0.190732 0.0338711 0.530876 0.205627 0.675734 0.831484 0.746163 0.50926 0.525871 0.363831 0.69632 0.627928 0.919216 0.504554 0.28285 0.354861 0.0781067 0.243648 0.868539 0.479235 
17 25 21 33 4 5 
0.157356 0.594637 0.655942 0.546397 0.978573 0.598347 0.737128 0.0124438 0.129223 0.942755 0.688178 0.960707 0.688919 0.197439 0.486578 0.0527498 0.893758 0.114506 0.971966 0.398312 0.397356 0.326827 0.476419 0.641005 0.195366 0.955654 0.195704 0.229894 0.497137 0.698794 0.0136823 0.654493 0.29343 0.669624 0.200889 0.272003 0.267971 0.938018 0.284447 0.397194 0.880773 0.972625 0.357901 0.569692 0.170064 0.84448 0.622441 0.0638219 0.958986 0.594407 0.462134 0.356342 0.921234 0.938553 0.997347 0.116599 0.894207 0.19305 0.346493 0.391343 0.891844 0.360175 0.0458362 0.185275 
18 0 41 37 42 43 
0.741725 0.694964 0.0655161 0.71435 0.0528657 0.635208 0.884413 0.897345 0.257649 0.948235 0.856331 0.852056 0.410369 0.212673 0.773289 0.348922 0.21002 0.889888 0.243128 0.403071 0.236381 0.634472 0.294915 0.596556 0.680308 0.480189 0.626355 0.927034 0.937467 0.924125 0.111777 0.679191 0.619089 0.177293 0.393541 0.671954 0.8125 0.277954 0.5693 0.0701494 0.22619 0.425631 0.922205 0.636559 0.638304 0.695494 0.985481 0.848324 0.585383 0.228609 0.251395 0.821764 0.863081 0.546309 0.41832 0.543389 0.0264986 0.0446747 0.470423 0.963965 0.968799 0.582199 0.643157 0.587888 
19 21 26 12 41 42 
0.642142 0.540842 0.254773 0.564347 0.177401 0.893077 0.259842 0.162882 0.741402 0.845224 0.391491 0.992797 0.666988 0.254572 0.539106 0.0853082 0.797961 0.565605 0.129983 0.268383 0.52957 0.0987823 0.850582 0.172727 0.68667 0.610075 0.209425 0.946513 0.182067 0.524078 0.775655 0.824209 0.0649198 0.0304285 0.388557 0.242321 0.923506 0.648398 0.405203 0.664908 0.493623 0.796694 0.657704 0.160611 0.0512652 0.196811 0.245919 0.849226 0.762415 0.375902 0.117609 0.291986 0.474684 0.968191 0.464713 0.161355 0.578266 0.674138 0.107868 0.760333 0.198215 0.883523 0.584543 0.263135 
20 7 14 30 32 19 
0.502365 0.11512 0.707352 0.160069 0.275731 0.758617 0.35688 0.52165 0.607843 0.119295 0.897552 0.725452 0.411281 0.372236 0.693643 0.875994 0.533591 0.271909 0.550131 0.641458 0.0322422 0.748347 0.524981 0.616785 0.011482 0.438933 0.589884 0.516938 0.27639 0.211381 0.427597 0.778755 0.326501 0.134949 0.938825 0.602232 0.893566 0.295705 0.123882 0.501409 0.415 0.0214334 0.226861 0.826281 0.393669 0.920505 0.702275 0.92726 0.192414 0.252406 0.568718 0.224656 0.000753164 0.0936999 0.841441 0.0122351 0.532633 0.431324 0.529173 0.809023 0.642706 0.95677 0.587779 0.969207 
21 29 39 34 31 6 
0.69532 0.486695 0.237308 0.716754 0.713556 0.0635896 0.110423 0.634061 0.765864 0.0376831 0.826474 0.0182708 0.606401 0.0511301 0.0190239 0.700101 0.892571 0.031259 0.232734 0.323895 0.560432 0.0417573 0.966601 0.517202 0.629536 0.935807 0.608921 0.156139 0.507246 0.594206 0.978448 0.202566 0.0809003 0.215756 0.91932 0.794456 0.279346 0.0297426 0.428517 0.04521 0.0674256 0.254991 0.0634808 0.673827 0.306121 0.0825047 0.373928 0.198692 0.113764 0.606663 0.522587 0.674196 0.64842 0.489188 0.191398 0.277956 0.424995 0.800319 0.434095 0.932241 0.394524 0.412543 0.134807 0.475425 
22 33 2 36 7 39 
0.952854 0.151295 0.953389 0.0163351 0.825122 0.25951 0.0988398 0.19905 0.458202 0.212604 0.805713 0.980789 0.886799 0.454133 0.469977 0.0781973 0.732088 0.894972 0.878516 0.166183 0.827213 0.27304 0.578726 0.96202 0.748465 0.207025 0.0161464 0.0183454 0.114669 0.100015 0.716743 0.0675234 0.25131 0.670132 0.0838585 0.0764318 0.929642 0.182698 0.275482 0.387844 0.395302 0.0811946 0.368634 0.282101 0.535327 0.838611 0.360299 0.267416 0.733583 0.238814 0.433599 0.560796 0.511854 0.0123253 0.522816 0.260319 0.21935 0.538962 0.278664 0.334019 0.638978 0.995407 0.401543 0.890288 
23 31 5 38 14 24 
0.242202 0.983026 0.0634011 0.323396 0.351659 0.345502 0.858723 0.19027 0.705801 0.126139 0.923853 0.944615 0.559738 0.484649 0.45647 0.572064 0.00746519 0.716789 0.791414 0.546428 0.995453 0.125433 0.185406 0.99086 0.526975 0.0756936 0.6564 0.0123764 0.0424133 0.251581 0.680476 0.284615 0.234607 0.743877 0.608011 0.586266 0.0893792 0.466735 0.776536 0.79518 0.592874 0.70039 0.739795 0.152612 0.185039 0.196265 0.724676 0.192504 0.913054 0.516089 0.738932 0.908507 0.641522 0.924337 0.899367 0.168497 3.06875e-05 0.555767 0.180874 0.042444 0.807348 0.861349 0.327059 0.0419548 
24 3 34 40 2 21 
0.404757 0.489786 0.994678 0.105147 0.229581 0.14729 0.290186 0.425846 0.871966 0.48269 0.338899 0.388055 0.221621 0.247406 0.0295769 0.145958 0.146773 0.198074 0.145989 0.70254 0.378948 0.188433 0.509887 0.240297 0.515492 0.551842 0.845523 0.450562 0.180063 0.540129 0.852367 0.584821 0.0299146 0.847045 0.689968 0.259495 0.994335 0.980153 0.685341 0.866301 0.462843 0.0242405 0.254356 0.684464 0.271646 0.283933 0.830422 0.418419 0.482007 0.976411 0.120959 0.860955 0.164844 0.630846 0.101252 0.680336 0.182688 0.946776 0.130898 0.362752 0.486905 0.983265 0.947572 0.516819 
25 26 10 30 33 2 
0.690946 0.0805364 0.485897 0.945303 0.765001 0.757543 0.229236 0.595423 0.175962 0.711243 0.571834 0.296921 0.572199 0.736679 0.927767 0.673451 0.417015 0.110455 0.620227 0.547913 0.473207 0.107132 0.531178 0.420779 0.623951 0.361487 0.0583191 0.400266 0.186132 0.676013 0.861923 0.877078 0.756549 0.347819 0.822381 0.52155 0.105363 0.0516169 0.116973 0.281325 0.76286 0.688807 0.578246 0.335059 0.425486 0.506013 0.00851018 0.842501 0.616468 0.628737 0.390414 0.0896751 0.735869 0.921591 0.510454 0.359821 0.283078 0.568773 0.760087 0.46921 0.244786 0.62201 0.346289 0.0013348 
26 36 1 43 24 40 
0.639857 0.356516 0.983147 0.328664 0.934762 0.318206 0.75415 0.440775 0.326716 0.59665 0.0572431 0.955453 0.987064 0.146918 0.691322 0.908655 0.657372 0.0511429 0.191733 0.226146 0.81123 0.660944 0.470932 0.43324 0.00723203 0.472266 0.403069 0.175901 0.995151 0.47826 0.396188 0.635008 0.834776 0.379335 0.963671 0.769539 0.69754 0.717821 0.210314 0.0242562 0.314471 0.267557 0.979709 0.301535 0.414475 0.671032 0.21019 0.0718472 0.722175 0.401923 0.297993 0.533405 0.0628667 0.768925 0.966644 0.0700987 0.241191 0.369713 0.246 0.236342 0.847973 0.642188 0.871349 0.682749 
27 6 36 14 38 22 
0.743319 0.867313 0.930158 0.723028 0.168848 0.344633 0.39406 0.379037 0.41648 0.116235 0.780961 0.714473 0.649639 0.843827 0.483398 0.616283 0.913926 0.724589 0.985996 0.159926 0.960931 0.833969 0.802114 0.83228 0.516718 0.823637 0.667301 0.969006 0.5427 0.220143 0.631607 0.286019 0.0874553 0.561765 0.00904689 0.256303 0.906398 0.403107 0.63534 0.322878 0.519341 0.416301 0.0373515 0.16898 0.260128 0.520749 0.785264 0.174054 0.245338 0.771259 0.333981 0.206269 0.605228 0.136095 0.0385492 0.121946 0.959732 0.70585 0.0909514 0.502432 0.925993 0.722559 0.78845 0.013448 
28 0 43 13 39 42 
0.5136 0.719945 0.321392 0.550952 0.888926 0.581521 0.0717012 0.674189 0.755575 0.317039 0.445448 0.0895558 0.523308 0.0506762 0.225651 0.561858 0.172622 0.185383 0.267708 0.263573 0.687814 0.1937 0.986132 0.476265 0.207148 0.270456 0.273762 0.476899 0.461178 0.474365 0.38199 0.974778 0.194311 0.703383 0.52573 0.0832364 0.284903 0.597431 0.757426 0.0404781 0.914471 0.202874 0.130034 0.437779 0.25355 0.355685 0.999637 0.426172 0.541068 0.267344 0.689745 0.228882 0.461045 0.675877 0.705147 0.668193 0.946333 0.978908 0.145092 0.407511 0.453274 0.527083 0.382289 0.647584 
29 41 17 32 26 22 
0.555847 0.419921 0.69112 0.68588 0.8577 0.944671 0.0415653 0.857337 0.370843 0.582633 0.124681 0.0605884 0.811515 0.585726 0.736466 0.516662 0.253919 0.682799 0.49557 0.399011 0.0903102 0.948844 0.926094 0.4726 0.596428 0.156559 0.380619 0.327249 0.671928 0.88607 0.815495 0.227774 0.305991 0.506616 0.913655 0.163691 0.451287 0.95522 0.0210284 0.82213 0.537853 0.14571 0.882718 0.349368 0.731436 0.619184 0.866029 0.985355 0.301983 0.361599 0.384366 0.392293 0.310443 0.31046 0.864893 0.906871 0.467019 0.245512 0.23412 0.138947 0.131581 0.0496153 0.366721 0.437572 
30 31 13 41 24 11 
0.829647 0.773448 0.768002 0.712365 0.122816 0.499437 0.331549 0.988845 0.484792 0.633532 0.350445 0.869158 0.0258252 0.660887 0.179618 0.890718 0.567758 0.646637 0.136229 0.801878 0.785583 0.267811 0.851493 0.152304 0.705383 0.407725 0.43268 0.306646 0.415243 0.668275 0.928938 0.24489 0.441723 0.69694 0.957255 0.564539 0.196377 0.288805 0.553384 0.681168 0.922337 0.903829 0.550326 0.948162 0.564716 0.729944 0.83888 0.132474 0.37658 0.975109 0.934353 0.162164 0.24292 0.785846 0.314468 0.948302 0.193571 0.747148 0.254948 0.608813 0.415423 0.183887 0.853703 0.857146 
31 9 4 28 27 24 
0.975069 0.758371 0.0220998 0.878898 0.308698 0.970262 0.443614 0.0386413 0.809141 0.576088 0.415222 0.78425 0.510441 0.577386 0.0271698 0.296287 0.891854 0.975472 0.489858 0.639002 0.230421 0.0986707 0.0544254 0.414307 0.952374 0.911572 0.295133 0.763332 0.333257 0.372336 0.863095 0.308326 0.130708 0.885195 0.187224 0.439405 0.855457 0.630838 0.478047 0.664598 0.206927 0.893269 0.448848 0.717368 0.470654 0.476018 0.0136546 0.362508 0.45149 0.503512 0.00151056 0.681911 0.602183 0.0559359 0.0962179 0.554557 0.967508 0.391351 0.317889 0.300764 0.763688 0.180985 0.609091 0.894395 
32 9 14 31 21 26 
0.586235 0.63408 0.705116 0.035083 0.351447 0.17577 0.511101 0.365102 0.538279 0.962591 0.868614 0.539789 0.644502 0.470797 0.595725 0.74072 0.0253537 0.563233 0.132071 0.343243 0.863997 0.895759 0.524227 0.473088 0.790155 0.590407 0.269403 0.123955 0.512044 0.696556 0.935803 0.0982785 0.330636 0.640919 0.133362 0.682083 0.81669 0.644463 0.047185 0.354968 0.607054 0.915799 0.894758 0.251556 0.386596 0.490483 0.992276 0.41195 0.0537159 0.124348 0.755193 0.917713 0.0201069 0.27942 0.390801 0.810261 0.869827 0.660204 0.934217 0.381871 0.35676 0.87002 0.480149 0.687395 
33 34 20 30 10 11 
0.719058 0.0678382 0.10886 0.131008 0.121554 0.233208 0.886201 0.0392673 0.253315 0.165621 0.430068 0.0635766 0.0354476 0.0902722 0.997794 0.417318 0.447032 0.867814 0.897468 0.134427 0.378753 0.510979 0.503905 0.706382 0.768952 0.920568 0.388979 0.63398 0.253031 0.966334 0.750564 0.972089 0.0341725 0.859425 0.103097 0.155727 0.0926329 0.989298 0.194994 0.345948 0.154918 0.625062 0.409525 0.190366 0.715335 0.407318 0.607685 0.162366 0.275132 0.505152 0.296793 0.653885 0.0161311 0.800699 0.360266 0.785083 0.721267 0.749246 0.419064 0.974297 0.71558 0.169628 0.946386 0.749752 
34 24 23 15 14 7 
0.100473 0.467633 0.1937 0.725535 0.877158 0.384066 0.44087 0.284476 0.99175 0.603236 0.559608 0.496903 0.90003 0.213492 0.513034 0.700728 0.573759 0.298117 0.421995 0.323004 0.717181 0.396293 0.0385843 0.886809 0.342679 0.788337 0.915861 0.392163 0.693816 0.0375461 0.430944 0.794289 0.505179 0.624644 0.519824 0.382337 0.00870945 0.960694 0.666813 0.000459731 0.56393 0.226421 0.497362 0.46396 0.439914 0.0103961 0.164689 0.0136724 0.308513 0.586684 0.336677 0.0256941 0.982976 0.375261 0.912503 0.325655 0.163598 0.828364 0.717818 0.857413 0.86591 0.148762 0.651702 0.371089 
35 23 22 26 41 32 
0.420239 0.782575 0.69615 0.64666 0.279937 0.160111 0.0865737 0.290333 0.324799 0.100246 0.598847 0.911483 0.436923 0.624541 0.894459 0.812184 0.537044 0.220115 0.975782 0.365407 0.937933 0.833195 0.231317 0.086695 0.484897 0.602405 0.860101 0.656423 0.355831 0.642216 0.788643 0.776071 0.424791 0.484793 0.422731 0.704728 0.644904 0.509304 0.995062 0.969703 0.609551 0.593908 0.881186 0.0464735 0.218449 0.775646 0.858658 0.755493 0.995761 0.83444 0.1209 0.933694 0.667635 0.352216 0.0203887 0.152532 0.954622 0.880489 0.808956 0.310453 0.522705 0.597599 0.0865239 0.947496 
36 16 14 3 17 38 
0.647286 0.697 0.62811 0.241194 0.578186 0.674583 0.459644 0.353832 0.533241 0.215136 0.349592 0.36768 0.336036 0.283286 0.0353154 0.688253 0.303675 0.187848 0.642874 0.184164 0.996803 0.953328 0.70687 0.594402 0.0398516 0.654366 0.676794 0.549106 0.30659 0.40409 0.567665 0.953877 0.10109 0.195775 0.195071 0.679276 0.870358 0.654715 0.0331076 0.403599 0.869851 0.3827 0.77128 0.205887 0.665986 0.806595 0.89414 0.969661 0.994443 0.537014 0.153825 0.991246 0.490342 0.860695 0.585648 0.530193 0.515061 0.262442 0.0792997 0.821651 0.666532 0.646965 0.775528 0.767622 
37 43 23 42 34 12 
0.480006 0.116697 0.495164 0.862706 0.887977 0.701051 0.528692 0.694572 0.595191 0.498353 0.689015 0.132205 0.652178 0.680261 0.622547 0.512873 0.265908 0.15274 0.0279338 0.52835 0.23204 0.849585 0.194883 0.879005 0.625113 0.962505 0.721745 0.595712 0.409403 0.434843 0.221025 0.889409 0.551541 0.716189 0.752115 0.439517 0.417241 0.280807 0.134089 0.0124314 0.77916 0.823104 0.144636 0.431338 0.503365 0.767183 0.94421 0.769273 0.919923 0.972144 0.297623 0.151963 0.821729 0.492506 0.030968 0.446842 0.455011 0.752713 0.0425543 0.864414 0.187556 0.263579 0.753823 0.739097 
38 22 28 7 30 3 
0.312703 0.409441 0.565904 0.135808 0.554077 0.997241 0.639172 0.32126 0.941452 0.408445 0.241183 0.913596 0.706068 0.393147 0.735325 0.198574 0.424115 0.182168 0.653585 0.176828 0.224722 0.517999 0.364384 0.488302 0.271821 0.10348 0.46807 0.777759 0.282094 0.86508 0.564503 0.594798 0.27452 0.130407 0.730605 0.828597 0.127648 0.369778 0.149857 0.0690995 0.778223 0.391041 0.982695 0.484291 0.784187 0.718021 0.682865 0.208302 0.900188 0.33645 0.385129 0.12491 0.854449 0.749513 0.613212 0.12627 0.852993 0.0812822 0.904029 0.135087 0.946362 0.468532 0.729885 0.220882 
39 14 9 6 11 42 
0.795685 0.608491 0.590377 0.778381 0.0927816 0.374564 0.496401 0.775647 0.582866 0.39659 0.112097 0.967995 0.5215 0.966545 0.717508 0.134712 0.0928153 0.570501 0.215994 0.996844 0.705588 0.162356 0.465375 0.435473 0.383238 0.0643136 0.895964 0.432717 0.7909 0.726232 0.632053 0.586585 0.334722 0.22243 0.364966 0.427504 0.596994 0.861367 0.203151 0.17986 0.257957 0.315247 0.147855 0.779457 0.281793 0.865363 0.914169 0.374608 0.435864 0.130163 0.371452 0.141452 0.292519 0.836827 0.576925 0.675757 0.901141 0.472889 0.108474 0.69204 0.19912 0.740527 0.278625 0.533842 
40 41 38 4 39 27 
0.762915 0.479744 0.887667 0.542372 0.761537 0.75303 0.456541 0.136145 0.188893 0.586704 0.507597 0.330345 0.879223 0.344424 0.90727 0.55498 0.245565 0.380159 0.663454 0.937605 0.579279 0.403981 0.216231 0.113122 0.366938 0.859822 0.0744678 0.92689 0.36478 0.238965 0.666702 0.127695 0.718709 0.554369 0.670067 0.480246 0.307398 0.126608 0.61639 0.496292 0.713311 0.123987 0.826637 0.592534 0.468411 0.733907 0.147514 0.713976 0.114066 0.810968 0.651581 0.693345 0.214948 0.867812 0.806467 0.581887 0.727634 0.880935 0.508777 0.0924134 0.119899 0.175479 0.220108 0.838608 
41 13 26 34 4 43 
0.533538 0.730094 0.0592307 0.360175 0.322628 0.527642 0.0940818 0.470142 0.241618 0.208148 0.28111 0.893199 0.901493 0.496058 0.761011 0.70796 0.0779448 0.488644 0.588895 0.586722 0.581058 0.708794 0.7622 0.801166 0.547401 0.492048 0.691341 0.866255 0.529293 0.708124 0.801498 0.0628309 0.438217 0.860729 0.423005 0.760845 0.388371 0.517087 0.230987 0.629989 0.725235 0.512097 0.523188 0.626728 0.00815514 0.284199 0.334688 0.0861 0.772843 0.923583 0.672822 0.353901 0.632377 0.435022 0.155067 0.179778 0.927069 0.846408 0.0460326 0.456363 0.554531 0.847531 0.519194 0.992749 
42 0 32 17 33 16 
0.984582 0.726619 0.184521 0.496679 0.249807 0.81125 0.504834 0.534006 0.145938 0.590934 0.306849 0.0695211 0.263755 0.66075 0.701898 0.698777 0.815816 0.881676 0.625847 0.662224 0.927708 0.0822095 0.216756 0.775239 0.601403 0.209505 0.483499 0.543602 0.963099 0.58013 0.00288848 0.947681 0.306749 0.18741 0.444359 0.556556 0.99866 0.949193 0.0905619 0.144598 0.540127 0.397411 0.214119 0.803883 0.0581601 0.916017 0.50266 0.873977 0.797692 0.128507 0.536201 0.725401 0.210716 0.752957 0.50064 0.812119 0.962461 0.984139 0.355721 0.92556 0.564269 0.35861 0.87324 0.871018 
43 19 30 39 7 34 
0.518136 0.689278 0.80692 0.915546 0.903397 0.610803 0.973707 0.819414 0.113463 0.847683 0.617106 0.241969 0.383884 0.342507 0.452685 0.13684 0.843146 0.264805 0.0993015 0.827285 0.620526 0.0248614 0.391554 0.979136 0.898102 0.262571 0.525155 0.215702 0.690145 0.0698351 0.482495 0.208281 0.759113 0.289415 0.123828 0.662509 0.900217 0.0975342 0.481923 0.0136799 0.945217 0.0990289 0.255649 0.329101 0.441535 0.708335 0.465942 0.284682 0.973139 0.565243 0.111967 0.593665 0.590105 0.50352 0.572801 0.488206 0.766092 0.097956 0.703908 0.456237 0.167791 0.186402 0.664518 0.926904 
