72 2
0 0 0 0 0 1 0 0 1 0 1 1 1 1 1 0 1 1 1 1 1 1 0 1 0 1 0 0 0 0 0 1 0 1 1 1 0 0 0 0 1 0 0 1 0 0 0 0 1 0 0 1 0 1 1 1 1 1 0 1 0 0 1 1 0 1 1 1 0 0 0 0 
0 64 
0.635029 0.82854 0.646761 0.421458 
1 54 
0.675812 0.48518 0.951443 0.796841 
2 36 
0.427406 0.624798 0.678267 0.855121 
3 55 
0.838745 0.0711244 0.3899 0.190939 
4 50 
0.937284 0.319138 0.711841 0.854389 
5 67 
0.177669 0.25953 0.701309 0.755045 
6 27 
0.141653 0.390074 0.625709 0.788414 
7 9 
0.102303 0.464226 0.296712 0.0537465 
8 10 
0.672942 0.481152 0.885865 0.351209 
9 3 
0.810292 0.189954 0.407398 0.200191 
10 1 
0.230119 0.137476 0.700031 0.94196 
11 29 
0.68846 0.11963 0.251394 0.389769 
12 33 
0.0485636 0.531422 0.264748 0.674273 
13 55 
0.0762798 0.776576 0.784063 0.372992 
14 46 
0.0451294 0.0459339 0.311475 0.930994 
15 44 
0.647748 0.741286 0.587097 0.0551459 
16 26 
0.96799 0.285265 0.0789529 0.668021 
17 7 
0.0708176 0.356481 0.346855 0.322212 
18 7 
0.221529 0.370776 0.277672 0.486277 
19 5 
0.597509 0.562557 0.821625 0.381571 
20 50 
0.651948 0.426701 0.981483 0.963423 
21 34 
0.378626 0.611172 0.0989813 0.965723 
22 55 
0.0404587 0.933713 0.951583 0.119412 
23 56 
0.178808 0.190229 0.958215 0.525663 
24 34 
0.704465 0.747192 0.883217 0.982137 
25 45 
0.928265 0.579646 0.796027 0.749891 
26 24 
0.731576 0.401839 0.387918 0.713058 
27 9 
0.745614 0.0916841 0.976434 0.844595 
28 48 
0.642752 0.885054 0.991119 0.594334 
29 27 
0.592853 0.773142 0.194694 0.551068 
30 22 
0.707136 0.255532 0.045997 0.590352 
31 40 
0.279466 0.518618 0.817315 0.0754929 
32 39 
0.778533 0.807068 0.670347 0.166451 
33 59 
0.0356098 0.912065 0.611811 0.0120439 
34 68 
0.669218 0.654796 0.641714 0.660337 
35 7 
0.646179 0.25319 0.0222723 0.840873 
36 65 
0.321077 0.548009 0.0597897 0.367074 
37 38 
0.297459 0.646541 0.656979 0.114774 
38 44 
0.925488 0.893307 0.529102 0.595835 
39 8 
0.0492292 0.631445 0.971824 0.66104 
40 46 
0.728484 0.330258 0.298284 0.370197 
41 52 
0.547414 0.016376 0.243785 0.569687 
42 5 
0.0480421 0.890764 0.405258 0.107832 
43 3 
0.543619 0.405291 0.904379 0.200598 
44 11 
0.626413 0.126086 0.413373 0.155516 
45 55 
0.473132 0.204745 0.353365 0.444955 
46 12 
0.996854 0.173439 0.196042 0.295138 
47 70 
0.186637 0.842553 0.560012 0.430422 
48 47 
0.417262 0.478464 0.303004 0.82252 
49 47 
0.560842 0.366139 0.991587 0.465222 
50 13 
0.511652 0.0916351 0.692822 0.925025 
51 71 
0.414743 0.398156 0.451895 0.768108 
52 11 
0.31768 0.764962 0.0165506 0.513722 
53 56 
0.560187 0.70036 0.902653 0.120199 
54 37 
0.314893 0.537461 0.609245 0.617897 
55 49 
0.195541 0.178739 0.726119 0.187127 
56 42 
0.292855 0.698779 0.735596 0.985678 
57 18 
0.982747 0.40042 0.0219603 0.434642 
58 9 
0.865072 0.752322 0.93349 0.881623 
59 30 
0.993591 0.441809 0.966404 0.896244 
60 61 
0.0971856 0.211137 0.0994694 0.706431 
61 5 
0.45945 0.901971 0.00777315 0.185568 
62 53 
0.651734 0.478424 0.787878 0.387331 
63 61 
0.411682 0.370077 0.864521 0.433642 
64 44 
0.298714 0.557042 0.96654 0.180337 
65 47 
0.96013 0.622146 0.789491 0.856374 
66 38 
0.886676 0.0675111 0.283624 0.593107 
67 15 
0.743074 0.495078 0.904318 0.928642 
68 25 
0.556052 0.407066 0.372055 0.943383 
69 38 
0.783737 0.31346 0.735689 0.217379 
70 8 
0.768739 0.516094 0.675222 0.735278 
71 3 
0.498308 0.695408 0.318577 0.287799 
