32 2
1 1 0 1 1 0 0 1 1 1 0 1 1 1 1 1 0 0 0 0 1 1 1 1 1 0 1 0 1 0 0 1 
0 5 
0.936192 0.912875 0.221229 0.970728 
1 17 
0.359495 0.323892 0.27298 0.992641 
2 28 
0.470255 0.53801 0.691202 0.173248 
3 26 
0.369015 0.49732 0.535779 0.216836 
4 3 
0.158617 0.779324 0.755709 0.660321 
5 12 
0.889974 0.937602 0.637189 0.628187 
6 3 
0.573382 0.541063 0.87081 0.54411 
7 8 
0.230304 0.868003 0.225755 0.222945 
8 14 
0.69601 0.760955 0.772283 0.869258 
9 1 
0.141298 0.366578 0.293916 0.358134 
10 7 
0.452532 0.137458 0.241872 0.112853 
11 10 
0.129992 0.00282725 0.265981 0.767181 
12 9 
0.915561 0.340563 0.172077 0.786371 
13 22 
0.124852 0.0166752 0.752676 0.350607 
14 7 
0.833757 0.0466172 0.000575534 0.60604 
15 17 
0.758712 0.747338 0.282453 0.0526279 
16 9 
0.768616 0.50516 0.242929 0.0104879 
17 10 
0.571308 0.14048 0.620841 0.837289 
18 28 
0.251855 0.75285 0.248225 0.423932 
19 8 
0.132898 0.548784 0.555896 0.885574 
20 23 
0.795516 0.719331 0.946009 0.796092 
21 30 
0.861884 0.554804 0.0727085 0.144337 
22 26 
0.17818 0.912953 0.112592 0.421109 
23 31 
0.730606 0.992417 0.0639206 0.351447 
24 10 
0.971582 0.603302 0.582556 0.219807 
25 10 
0.121776 0.352705 0.576019 0.677672 
26 22 
0.47541 0.473189 0.95761 0.421419 
27 15 
0.282981 0.283302 0.824085 0.355689 
28 13 
0.431517 0.533869 0.340592 0.544109 
29 30 
0.264033 0.274715 0.947396 0.327953 
30 7 
0.777101 0.299535 0.229464 0.359657 
31 23 
0.256698 0.481433 0.872046 0.832717 
