35 4
1 1 0 0 1 1 1 0 1 1 1 0 1 1 1 0 0 0 1 0 0 0 0 1 1 0 1 1 0 1 1 0 1 0 0 
0 25 7 3 
0.994109 0.367305 0.763194 0.218402 0.220274 0.580154 0.236946 0.630794 0.929347 0.839391 0.696436 0.5041 0.345342 0.206665 0.878671 0.806695 
1 21 18 26 
0.937565 0.0105391 0.720036 0.0273058 0.327878 0.539645 0.303423 0.56022 0.419452 0.999134 0.319285 0.0527566 0.993243 0.68659 0.815951 0.211645 
2 0 29 11 
0.537657 0.325452 0.287982 0.234093 0.829552 0.633324 0.440758 0.708223 0.440019 0.563202 0.806487 0.0782211 0.500767 0.817026 0.798257 0.528073 
3 6 24 1 
0.705124 0.757354 0.83063 0.024409 0.810111 0.823873 0.710999 0.626062 0.0355185 0.617862 0.0221666 0.48411 0.15552 0.347619 0.772092 0.389613 
4 13 29 18 
0.845435 0.393573 0.691881 0.923656 0.894341 0.508907 0.721913 0.422414 0.653812 0.0598157 0.25391 0.358936 0.81717 0.0845395 0.383345 0.627281 
5 24 3 0 
0.943931 0.712206 0.275509 0.428041 0.867726 0.623128 0.200133 0.257339 0.800299 0.605549 0.0877105 0.685693 0.450984 0.481284 0.377574 0.37464 
6 18 13 12 
0.798038 0.540293 0.156369 0.051948 0.899229 0.973539 0.136487 0.282573 0.60082 0.0448999 0.376917 0.854163 0.988831 0.0891232 0.129672 0.416872 
7 29 14 1 
0.214188 0.553099 0.222554 0.301899 0.238792 0.673538 0.783183 0.616366 0.0481775 0.158807 0.502847 0.144731 0.956845 0.0431397 0.3011 0.00879325 
8 20 21 17 
0.224942 0.875459 0.190181 0.601859 0.729621 0.179011 0.690982 0.859293 0.595883 0.647831 0.612093 0.212888 0.86202 0.165192 0.435442 0.163919 
9 5 29 15 
0.157157 0.105908 0.523196 0.301888 0.0627536 0.566336 0.602988 0.0715468 0.508704 0.877626 0.216828 0.733646 0.753085 0.407008 0.335505 0.482707 
10 24 7 21 
0.181903 0.674319 0.954093 0.394791 0.536338 0.119284 0.830233 0.700257 0.523268 0.939212 0.647358 0.543617 0.0963688 0.753266 0.066813 0.398256 
11 1 15 12 
0.887567 0.141853 0.878871 0.104394 0.875499 0.631956 0.511402 0.211004 0.114662 0.097422 0.237491 0.456662 0.279325 0.91181 0.410755 0.674116 
12 13 26 20 
0.148405 0.0533067 0.44356 0.795763 0.596924 0.539929 0.54903 0.663737 0.938186 0.36505 0.296885 0.93943 0.252616 0.438738 0.8183 0.357011 
13 1 5 0 
0.525241 0.564919 0.965835 0.762732 0.0215807 0.24516 0.674542 0.432335 0.919276 0.12269 0.962374 0.423624 0.271095 0.015681 0.867185 0.0668581 
14 26 5 15 
0.3453 0.980937 0.573226 0.284729 0.233553 0.0119647 0.10303 0.590564 0.326202 0.553286 0.458977 0.851443 0.118204 0.424812 0.614176 0.139785 
15 8 4 5 
0.589248 0.411408 0.534495 0.0128721 0.682503 0.550175 0.880057 0.749361 0.16278 0.28717 0.365248 0.439121 0.63247 0.346186 0.0123476 0.917199 
16 6 8 0 
0.170303 0.350514 0.573515 0.62928 0.201958 0.691719 0.0540922 0.816133 0.831504 0.724064 0.104851 0.403624 0.313312 0.516258 0.938118 0.326184 
17 2 26 8 
0.948122 0.651074 0.493411 0.31337 0.090195 0.125881 0.659556 0.102543 0.0430807 0.239295 0.126855 0.0633096 0.409598 0.477369 0.636824 0.0388777 
18 34 10 12 
0.49546 0.160046 0.817034 0.600311 0.56367 0.130346 0.116569 0.501789 0.456531 0.31533 0.990082 0.662772 0.263452 0.641156 0.156183 0.576822 
19 25 20 18 
0.833894 0.325145 0.475672 0.960749 0.388455 0.88527 0.438118 0.0252789 0.924147 0.117445 0.353822 0.0171173 0.612905 0.513868 0.834152 0.213215 
20 17 27 3 
0.579327 0.421029 0.645114 0.569409 0.0838005 0.908566 0.210565 0.239984 0.485388 0.941917 0.522048 0.721766 0.77581 0.847194 0.197438 0.736559 
21 7 0 28 
0.260927 0.00685503 0.292122 0.614749 0.0239723 0.905026 0.128617 0.858124 0.118241 0.206156 0.822622 0.448026 0.785482 0.243651 0.0931401 0.354892 
22 23 0 21 
0.567435 0.487094 0.507374 0.0894833 0.20886 0.283184 0.936677 0.406298 0.0197434 0.172325 0.489006 0.19442 0.433253 0.495861 0.486542 0.0480021 
23 28 22 3 
0.377957 0.509809 0.382775 0.200579 0.957835 0.168257 0.444229 0.0509752 0.523149 0.771681 0.0526815 0.0886061 0.339116 0.539776 0.59598 0.428599 
24 20 2 15 
0.154934 0.898908 0.537601 0.64394 0.093328 0.970854 0.1398 0.57987 0.0188561 0.659633 0.971438 0.195475 0.0375901 0.481247 0.57825 0.238169 
25 8 12 14 
0.269657 0.454079 0.542739 0.358263 0.793195 0.0825151 0.954243 0.221793 0.831151 0.833407 0.587069 0.986085 0.732315 0.12467 0.630025 0.825643 
26 28 17 25 
0.114381 0.429458 0.376951 0.309856 0.467048 0.858198 0.888106 0.705217 0.297281 0.634614 0.387616 0.787338 0.904271 0.841694 0.330078 0.262534 
27 29 13 32 
0.856682 0.243744 0.0501842 0.443752 0.229829 0.782499 0.568422 0.859854 0.608142 0.663947 0.629679 0.0136548 0.778327 0.0591371 0.390606 0.0881832 
28 13 18 10 
0.231403 0.546085 0.610904 0.619018 0.333423 0.515175 0.460713 0.6635 0.777709 0.0956018 0.0760931 0.994486 0.952284 0.319837 0.0446701 0.396036 
29 21 34 3 
0.40952 0.435311 0.628405 0.0391983 0.448966 0.406732 0.0983355 0.839571 0.494915 0.624521 0.0883752 0.471205 0.855924 0.63446 0.0821085 0.474942 
30 7 8 14 
0.631383 0.374992 0.0312565 0.707476 0.369478 0.983541 0.027313 0.414148 0.379577 0.576979 0.241317 0.344035 0.986498 0.676628 0.97244 0.0256966 
31 19 16 18 
0.965166 0.874086 0.748553 0.0535408 0.345291 0.604477 0.688001 0.4274 0.0794188 0.655883 0.024683 0.0150736 0.287266 0.399675 0.0463301 0.994743 
32 5 25 33 
0.183302 0.409448 0.599034 0.424619 0.753482 0.585533 0.101248 0.725922 0.611229 0.226842 0.105093 0.735261 0.192008 0.97918 0.483814 0.245548 
33 16 3 29 
0.75187 0.16771 0.589432 0.776553 0.182784 0.876699 0.176229 0.229114 0.871441 0.945382 0.258985 0.893497 0.128684 0.668432 0.492531 0.553304 
34 30 32 33 
0.147837 0.689294 0.881394 0.25293 0.424555 0.0734015 0.232109 0.908369 0.31895 0.55658 0.996661 0.252499 0.30845 0.164371 0.841931 0.0850038 
