33 3
1 1 0 0 1 0 1 0 1 1 0 0 0 1 0 0 1 0 0 0 1 0 0 0 0 0 0 0 1 0 1 1 1 
0 16 6 
0.701283 0.901233 0.825351 0.724697 0.671229 0.945022 0.88672 0.0462242 
1 26 29 
0.998983 0.939228 0.594295 0.969066 0.349903 0.621329 0.0330356 0.392808 
2 0 18 
0.226669 0.802563 0.746588 0.955488 0.817984 0.432545 0.0634098 0.419652 
3 21 10 
0.659399 0.523959 0.668322 0.48475 0.248657 0.339551 0.429772 0.135377 
4 11 1 
0.223834 0.384758 0.72037 0.81813 0.353824 0.0702726 0.439458 0.386859 
5 18 6 
0.68975 0.598927 0.840961 0.645238 0.41691 0.273506 0.708648 0.836562 
6 5 29 
0.495961 0.620141 0.144058 0.98071 0.868798 0.483609 0.410483 0.00417483 
7 19 23 
0.228009 0.254142 0.911993 0.0461386 0.607965 0.982266 0.485597 0.994824 
8 23 15 
0.0891969 0.135096 0.880887 0.930157 0.780334 0.297797 0.203663 0.488982 
9 7 18 
0.964719 0.630319 0.919986 0.108777 0.61103 0.788784 0.592386 0.0215124 
10 8 2 
0.213136 0.0209681 0.715912 0.125129 0.0671066 0.323877 0.107395 0.552703 
11 6 2 
0.834663 0.407898 0.687838 0.71555 0.338055 0.468172 0.0133469 0.541718 
12 26 24 
0.841563 0.921873 0.778025 0.76155 0.0306498 0.389055 0.550334 0.623036 
13 31 18 
0.0848059 0.623703 0.364261 0.800718 0.748832 0.431368 0.124594 0.856228 
14 7 31 
0.408969 0.818734 0.851193 0.0968074 0.534285 0.189249 0.56498 0.547631 
15 12 3 
0.695337 0.572531 0.444007 0.473362 0.33408 0.474657 0.862416 0.884414 
16 25 7 
0.182499 0.896686 0.591968 0.983216 0.645519 0.0233352 0.107811 0.501746 
17 16 9 
0.826141 0.402299 0.00752314 0.360425 0.591548 0.572503 0.908056 0.322516 
18 26 3 
0.895046 0.538644 0.0767549 0.229126 0.0133011 0.939171 0.11354 0.110994 
19 16 32 
0.293493 0.108841 0.933215 0.276709 0.754359 0.95655 0.384519 0.256106 
20 18 11 
0.166821 0.790097 0.337925 0.174345 0.150522 0.929473 0.746848 0.0585784 
21 1 3 
0.661972 0.147035 0.380129 0.738727 0.376161 0.39343 0.677898 0.489702 
22 18 14 
0.830949 0.797917 0.998893 0.764164 0.0746256 0.753252 0.720714 0.459145 
23 7 24 
0.394771 0.176179 0.474767 0.732696 0.350524 0.625289 0.662169 0.0973716 
24 26 28 
0.938856 0.345839 0.0611927 0.318985 0.0845658 0.437354 0.712415 0.762464 
25 4 17 
0.758004 0.0147563 0.651409 0.522168 0.0893819 0.404661 0.242882 0.548527 
26 23 30 
0.590199 0.402319 0.675993 0.940723 0.0276076 0.338162 0.0380942 0.711475 
27 4 10 
0.0573141 0.313512 0.295936 0.14188 0.750866 0.00835147 0.904343 0.677922 
28 19 21 
0.435926 0.239947 0.208268 0.958094 0.329329 0.612929 0.200976 0.877856 
29 30 15 
0.821154 0.617146 0.530846 0.497147 0.557869 0.558454 0.835309 0.595963 
30 10 17 
0.572914 0.327243 0.401141 0.86885 0.469123 0.152007 0.877201 0.373467 
31 18 4 
0.930326 0.265856 0.34234 0.138594 0.22395 0.671669 0.751523 0.424926 
32 4 28 
0.553454 0.370679 0.395617 0.0843003 0.867826 0.953486 0.642754 0.703135 
