29 3
1 1 0 1 0 0 1 0 1 0 1 1 0 1 0 0 0 1 0 1 0 0 1 0 1 0 1 1 0 
0 27 9 
0.718292 0.710488 0.714026 0.0199323 0.821152 0.77023 0.279137 0.813359 
1 0 22 
0.329402 0.488996 0.96469 0.897944 0.0716276 0.804938 0.714879 0.675901 
2 1 4 
0.0827205 0.225024 0.179001 0.179323 0.439341 0.231652 0.584205 0.867878 
3 8 12 
0.58617 0.89858 0.0412869 0.606102 0.719732 0.811516 0.885239 0.533091 
4 17 20 
0.405326 0.525597 0.764044 0.370016 0.423541 0.835671 0.174955 0.13842 
5 16 2 
0.0705587 0.594293 0.305444 0.24956 0.773616 0.744785 0.481211 0.357821 
6 11 25 
0.198833 0.567883 0.726369 0.804936 0.287615 0.537885 0.690175 0.820706 
7 24 23 
0.226032 0.259677 0.729267 0.596048 0.683218 0.564938 0.771003 0.821637 
8 6 23 
0.892196 0.670803 0.156866 0.141756 0.44442 0.901651 0.622967 0.802241 
9 4 24 
0.487322 0.713147 0.860154 0.213691 0.518083 0.147769 0.751576 0.208258 
10 7 19 
0.17348 0.194506 0.745333 0.902747 0.790555 0.42855 0.467685 0.561558 
11 1 25 
0.41298 0.142383 0.214999 0.569847 0.284139 0.659419 0.471498 0.907106 
12 2 7 
0.199376 0.948982 0.69896 0.0595295 0.162673 0.217043 0.207298 0.914249 
13 7 2 
0.399905 0.598781 0.370279 0.145238 0.501528 0.160834 0.573788 0.969213 
14 18 4 
0.513409 0.135372 0.966359 0.728408 0.705219 0.250497 0.387826 0.176716 
15 24 0 
0.162528 0.356979 0.798468 0.861488 0.416509 0.961141 0.0785305 0.623807 
16 18 28 
0.79958 0.275296 0.102612 0.169859 0.420533 0.60414 0.330693 0.994321 
17 2 24 
0.818297 0.086761 0.188456 0.784656 0.815169 0.893675 0.035153 0.202995 
18 23 5 
0.0524811 0.23292 0.549735 0.850949 0.0944076 0.966244 0.81209 0.172938 
19 4 20 
0.676769 0.389631 0.962776 0.779381 0.55949 0.38331 0.38352 0.890183 
20 8 11 
0.943268 0.195928 0.0436337 0.131724 0.980584 0.858802 0.025399 0.0157366 
21 22 16 
0.208493 0.114278 0.32871 0.758228 0.965228 0.423118 0.724472 0.777318 
22 6 9 
0.464799 0.272825 0.704154 0.427575 0.0522057 0.263645 0.810885 0.435726 
23 18 27 
0.392599 0.0970953 0.384445 0.436232 0.228819 0.365028 0.295035 0.254218 
24 12 21 
0.350009 0.589258 0.47111 0.678719 0.347486 0.436338 0.101837 0.0719584 
25 21 12 
0.386482 0.678455 0.970717 0.0906364 0.106031 0.0229232 0.354281 0.916916 
26 11 12 
0.105433 0.851248 0.605204 0.489877 0.28748 0.834023 0.854905 0.582515 
27 9 1 
0.939347 0.43825 0.824928 0.410457 0.116969 0.172414 0.846795 0.218806 
28 6 8 
0.916698 0.630854 0.738907 0.887416 0.721491 0.844938 0.910339 0.0757718 
