34 4
1 1 1 1 0 0 1 1 1 0 0 1 0 0 1 1 1 1 0 0 0 0 0 0 0 1 0 0 0 0 0 1 0 0 
0 12 16 27 
0.715427 0.103869 0.00795642 0.587151 0.795431 0.370686 0.695223 0.153464 0.300957 0.659582 0.204851 0.567304 0.147479 0.217778 0.852697 0.100684 
1 26 28 0 
0.444447 0.820645 0.934477 0.235761 0.9557 0.889019 0.187267 0.0353746 0.347947 0.235734 0.229534 0.167941 0.951161 0.333402 0.175898 0.538313 
2 0 33 22 
0.282298 0.847541 0.893118 0.487149 0.414845 0.0405967 0.704927 0.267543 0.141281 0.266598 0.413404 0.262378 0.711045 0.234049 0.196855 0.946806 
3 28 13 31 
0.225124 0.433822 0.369807 0.454657 0.601763 0.320969 0.788059 0.777661 0.859281 0.916893 0.324245 0.0928171 0.19919 0.171785 0.985935 0.686339 
4 9 1 26 
0.854173 0.167813 0.657864 0.267577 0.430191 0.368909 0.501627 0.627046 0.315715 0.691376 0.71292 0.449788 0.916499 0.146742 0.819595 0.371156 
5 10 31 6 
0.526166 0.999845 0.0761079 0.850411 0.0926622 0.275298 0.0221963 0.0785974 0.961637 0.608827 0.105129 0.352903 0.463 0.272942 0.0107669 0.730577 
6 25 13 9 
0.330179 0.695391 0.923579 0.0430991 0.145179 0.840078 0.189841 0.964775 0.211235 0.938346 0.105339 0.37045 0.464512 0.105184 0.446558 0.314923 
7 12 16 24 
0.276443 0.683493 0.945946 0.381572 0.0363953 0.408946 0.654514 0.0471622 0.139523 0.357647 0.426838 0.371727 0.687826 0.12223 0.295307 0.730925 
8 33 22 20 
0.232184 0.34662 0.859113 0.337522 0.71707 0.323625 0.442706 0.163628 0.638548 0.640552 0.885484 0.975667 0.916995 0.568976 0.921613 0.298567 
9 20 28 19 
0.652534 0.470083 0.310729 0.0793724 0.84181 0.998556 0.201602 0.137117 0.729481 0.469011 0.272502 0.650247 0.701195 0.619122 0.50936 0.0387177 
10 3 18 24 
0.499819 0.471533 0.121976 0.385303 0.4472 0.0389708 0.954279 0.368813 0.337538 0.559651 0.699372 0.29062 0.212185 0.169455 0.60135 0.291557 
11 29 21 31 
0.148382 0.329386 0.962171 0.420884 0.979633 0.663366 0.0400052 0.488993 0.702084 0.376197 0.321978 0.183508 0.876016 0.79351 0.305484 0.261319 
12 26 7 20 
0.681993 0.775249 0.308895 0.972613 0.987434 0.47835 0.573962 0.278991 0.489615 0.173867 0.772151 0.637996 0.503253 0.734322 0.05888 0.482886 
13 3 18 4 
0.0997721 0.475082 0.293857 0.28328 0.351098 0.0873675 0.588763 0.612416 0.328077 0.933218 0.828014 0.9376 0.61521 0.603263 0.246495 0.587823 
14 0 24 30 
0.869688 0.21446 0.335653 0.641839 0.852456 0.838906 0.376161 0.911336 0.321792 0.773849 0.0102211 0.293672 0.873621 0.485303 0.587529 0.156901 
15 4 18 9 
0.448817 0.00297378 0.678882 0.276831 0.940574 0.294093 0.880094 0.187069 0.881916 0.470791 0.911914 0.0437008 0.34048 0.126373 0.379353 0.982319 
16 10 11 19 
0.890165 0.540051 0.132328 0.900386 0.833723 0.0059494 0.385689 0.421252 0.16285 0.22209 0.0961481 0.908515 0.670907 0.0991218 0.587397 0.947738 
17 31 25 8 
0.226765 0.763405 0.298623 0.138678 0.807106 0.639103 0.265051 0.186459 0.621421 0.243881 0.404718 0.979901 0.134046 0.94477 0.112229 0.0344321 
18 12 16 14 
0.199744 0.281029 0.642211 0.295892 0.189544 0.313118 0.395014 0.776941 0.260855 0.43471 0.658431 0.088687 0.661474 0.421836 0.38731 0.800153 
19 32 17 8 
0.415401 0.647834 0.309084 0.820119 0.627735 0.44313 0.764889 0.739964 0.477562 0.543381 0.858143 0.897684 0.743126 0.139172 0.539895 0.0390178 
20 11 17 2 
0.105657 0.113868 0.868742 0.764087 0.202555 0.530216 0.185923 0.589865 0.330368 0.414865 0.616278 0.395572 0.830266 0.264112 0.704657 0.650386 
21 23 14 26 
0.631811 0.625349 0.958656 0.489954 0.523033 0.701782 0.629125 0.0629278 0.7408 0.957841 0.91594 0.174831 0.0634976 0.0298079 0.0435729 0.827585 
22 2 3 10 
0.822227 0.904157 0.428373 0.438505 0.299729 0.25864 0.702617 0.00438598 0.909025 0.594463 0.152173 0.3243 0.226274 0.777522 0.282956 0.716228 
23 22 24 25 
0.363483 0.725538 0.303194 0.279423 0.900369 0.366691 0.309231 0.943942 0.194276 0.541594 0.517731 0.207785 0.363821 0.421888 0.636158 0.802326 
24 16 1 10 
0.803823 0.0994061 0.878176 0.128124 0.32568 0.655698 0.41108 0.0419078 0.956253 0.395818 0.387261 0.319736 0.121356 0.690454 0.59916 0.0217251 
25 9 16 5 
0.251422 0.449984 0.483398 0.459207 0.813806 0.905286 0.0953656 0.616132 0.626903 0.990164 0.121075 0.352905 0.793987 0.220481 0.231081 0.922111 
26 8 19 4 
0.843033 0.729009 0.975329 0.162769 0.850365 0.665784 0.761929 0.87209 0.72293 0.670319 0.837757 0.974352 0.120304 0.321155 0.433559 0.934109 
27 22 17 8 
0.519088 0.671316 0.206249 0.313075 0.891796 0.43733 0.235186 0.437957 0.324109 0.568377 0.0260259 0.167142 0.297386 0.00135512 0.329912 0.147751 
28 6 11 23 
0.390068 0.76216 0.857598 0.36442 0.882464 0.178753 0.797979 0.816573 0.405194 0.326904 0.366814 0.258537 0.845993 0.0381298 0.464785 0.159068 
29 24 4 27 
0.367883 0.226225 0.962631 0.393909 0.393367 0.260017 0.395264 0.723279 0.407768 0.0624031 0.815119 0.427609 0.452472 0.577279 0.285207 0.816892 
30 33 1 2 
0.276315 0.869154 0.941775 0.643129 0.127691 0.787768 0.681259 0.592476 0.946836 0.611185 0.494592 0.34109 0.979069 0.720817 0.303722 0.372978 
31 2 18 21 
0.837463 0.971507 0.830645 0.652582 0.399116 0.283117 0.229861 0.684323 0.100009 0.689603 0.148283 0.71488 0.965918 0.0174371 0.656655 0.609048 
32 30 19 29 
0.737604 0.39126 0.901492 0.232196 0.73235 0.880561 0.953013 0.0360713 0.253539 0.0671972 0.59981 0.0217808 0.90466 0.571317 0.852426 0.557242 
33 17 12 25 
0.654755 0.235552 0.476706 0.803038 0.950432 0.442624 0.820475 0.607087 0.0516716 0.965603 0.0515105 0.341978 0.703208 0.44277 0.24347 0.935404 
