91 6
0 0 1 1 1 1 0 0 1 0 0 0 1 0 1 0 1 0 1 0 0 0 1 1 1 1 1 1 0 0 0 1 1 0 1 1 0 1 0 0 0 1 1 1 0 1 0 0 1 0 1 0 1 0 0 0 0 1 0 1 0 1 1 0 0 1 0 1 1 1 0 1 1 1 1 0 1 0 1 1 1 1 1 0 0 0 1 1 0 0 1 
0 76 70 86 32 43 
0.692729 0.0790239 0.341351 0.27444 0.600474 0.647059 0.439583 0.446581 0.119239 0.998747 0.17731 0.204138 0.326946 0.51356 0.0622925 0.815591 0.0735455 0.707326 0.236628 0.240768 0.000270045 0.522148 0.874743 0.862006 0.674894 0.830013 0.35473 0.332749 0.353618 0.980152 0.0532515 0.0463476 0.0591758 0.394603 0.320788 0.65965 0.0416613 0.760371 0.106232 0.160901 0.759118 0.283542 0.365039 0.0860643 0.797101 0.427332 0.901655 0.870647 0.134658 0.138283 0.111415 0.134928 0.660431 0.986158 0.996934 0.335325 0.81617 0.351665 0.668074 0.169788 0.331816 0.721325 0.216136 0.390992 
1 38 78 21 29 66 
0.31849 0.0564131 0.440416 0.683529 0.142477 0.237517 0.110861 0.0441329 0.108164 0.245519 0.182416 0.21958 0.380447 0.842847 0.205737 0.377381 0.178172 0.0219078 0.729045 0.846246 0.191696 0.0608619 0.567571 0.407832 0.451854 0.683498 0.944756 0.502497 0.841087 0.242051 0.659371 0.159577 0.298464 0.099787 0.843106 0.440942 0.337304 0.953966 0.485075 0.445469 0.199485 0.667491 0.665049 0.579932 0.510338 0.870786 0.957313 0.68851 0.892694 0.686358 0.534756 0.0843902 0.74722 0.102327 0.492223 0.199074 0.785825 0.436979 0.701571 0.626912 0.67903 0.360942 0.78649 0.977494 
2 45 90 37 60 4 
0.903511 0.243503 0.783047 0.571002 0.908551 0.362979 0.0813398 0.779337 0.320292 0.76985 0.672031 0.00665027 0.304606 0.756421 0.753871 0.406933 0.248644 0.952945 0.192758 0.685623 0.654516 0.81967 0.364653 0.0154585 0.60616 0.342147 0.476188 0.235755 0.760583 0.274221 0.819317 0.664094 0.517724 0.602365 0.235095 0.426275 0.965344 0.316435 0.205612 0.285636 0.0862854 0.877643 0.292286 0.390892 0.634065 0.0461564 0.797825 0.882708 0.999101 0.990582 0.568331 0.653618 0.810253 0.932984 0.669076 0.416413 0.27513 0.145264 0.652168 0.0357135 0.419485 0.471486 0.699807 0.937209 
3 66 34 25 32 63 
0.324829 0.337623 0.44674 0.617115 0.728515 0.0808044 0.663272 0.526339 0.963513 0.662373 0.516922 0.531844 0.315991 0.327174 0.464827 0.985067 0.743587 0.739958 0.130331 0.395755 0.775671 0.549816 0.867241 0.475478 0.487025 0.941091 0.410381 0.850509 0.980285 0.661719 0.419605 0.305115 0.999342 0.866345 0.92223 0.727856 0.94715 0.585501 0.254195 0.910662 0.247874 0.771117 0.442506 0.563865 0.0982914 0.907334 0.548932 0.841879 0.647291 0.679262 0.237634 0.422963 0.229078 0.104875 0.898441 0.716103 0.0459667 0.308822 0.566612 0.0262519 0.970541 0.986217 0.331366 0.969883 
4 52 68 18 20 32 
0.0869716 0.723051 0.15288 0.650836 0.821342 0.060214 0.199768 0.663221 0.707505 0.87903 0.900855 0.130468 0.108108 0.00573058 0.0289093 0.824211 0.0516972 0.337731 0.390823 0.0779491 0.308272 0.37704 0.409316 0.278155 0.229602 0.662912 0.975894 0.0293143 0.502009 0.927828 0.739689 0.588981 0.650879 0.892569 0.239817 0.472221 0.952783 0.439585 0.135442 0.660288 0.318615 0.0362976 0.790756 0.426724 0.0420282 0.819666 0.250935 0.0937255 0.157397 0.641758 0.171675 0.465669 0.0187978 0.58099 0.743824 0.2484 0.243902 0.719718 0.277715 0.745911 0.647545 0.0174031 0.334892 0.298424 
5 86 24 66 9 46 
0.906088 0.523043 0.332909 0.942385 0.3138 0.759633 0.984414 0.133465 0.0105678 0.0781391 0.290862 0.652326 0.249814 0.756532 0.671123 0.830804 0.500356 0.919524 0.0747055 0.220074 0.197238 0.820616 0.867619 0.214641 0.155508 0.166043 0.124613 0.730217 0.936689 0.987368 0.744511 0.842777 0.510412 0.0774199 0.785162 0.824212 0.837053 0.769576 0.957677 0.847621 0.847715 0.248539 0.499946 0.0975284 0.00507123 0.17107 0.928332 0.505427 0.0905933 0.0030377 0.725501 0.287831 0.823654 0.59312 0.502473 0.979162 0.759164 0.627086 0.709379 0.695852 0.614455 0.453889 0.538629 0.124866 
6 43 5 66 52 37 
0.215983 0.941081 0.155294 0.715929 0.0386099 0.160366 0.886999 0.966942 0.665793 0.977592 0.96998 0.391294 0.265424 0.793634 0.984414 0.767897 0.772796 0.743578 0.394983 0.482175 0.43943 0.00943736 0.936064 0.978059 0.134304 0.467374 0.30185 0.0833818 0.835736 0.395217 0.990137 0.051719 0.336298 0.145431 0.767648 0.374908 0.305796 0.654647 0.34185 0.971589 0.63224 0.31183 0.362883 0.897663 0.105464 0.347297 0.66556 0.87826 0.0908745 0.0605427 0.360434 0.530304 0.06998 0.296499 0.508363 0.204284 0.763872 0.810213 0.287666 0.599608 0.20543 0.277802 0.651327 0.541728 
7 69 63 29 81 58 
0.258486 0.700619 0.705863 0.570316 0.0635019 0.603526 0.675779 0.410799 0.269086 0.554039 0.501673 0.329629 0.914473 0.0319779 0.399609 0.210972 0.540341 0.603892 0.974845 0.350555 0.891558 0.574453 0.555984 0.16936 0.22578 0.0977124 0.592593 0.644756 0.0143484 0.321623 0.718379 0.272834 0.0222419 0.424242 0.84315 0.0857439 0.0277679 0.518929 0.496543 0.296854 0.0729684 0.998216 0.626482 0.987442 0.0301941 0.026091 0.198414 0.570535 0.629983 0.173258 0.92109 0.521541 0.747711 0.477074 0.690902 0.973492 0.574787 0.283495 0.618248 0.589135 0.605118 0.336627 0.861969 0.62736 
8 44 6 38 35 16 
0.209646 0.0854906 0.297017 0.207863 0.711973 0.284459 0.238057 0.738064 0.482873 0.808592 0.368047 0.656131 0.729682 0.889589 0.403842 0.206756 0.58049 0.377334 0.781543 0.863985 0.995582 0.370678 0.469103 0.332209 0.232648 0.0964629 0.0930775 0.937767 0.809567 0.881714 0.161816 0.019213 0.967205 0.458833 0.227076 0.679178 0.743292 0.465132 0.417242 0.226165 0.273725 0.785289 0.882296 0.0034066 0.674878 0.286139 0.210163 0.255368 0.663473 0.991706 0.119354 0.659054 0.362384 0.588457 0.991263 0.595032 0.68492 0.0843405 0.532799 0.494486 0.966055 0.694615 0.513699 0.93326 
9 52 48 28 44 83 
0.0296791 0.122905 0.479632 0.814968 0.00520121 0.483038 0.489846 0.29134 0.693201 0.745215 0.954812 0.684907 0.864568 0.613867 0.0472913 0.453025 0.60513 0.642323 0.137945 0.68947 0.175122 0.632431 0.655525 0.869736 0.14613 0.588785 0.0231843 0.886904 0.201222 0.919924 0.0928115 0.230901 0.0428294 0.572443 0.0458694 0.0480306 0.0554815 0.535716 0.33937 0.748683 0.280931 0.294183 0.43359 0.145499 0.908049 0.480881 0.598524 0.513179 0.123204 0.736468 0.202649 0.298326 0.368899 0.858174 0.168063 0.515029 0.446959 0.191247 0.401933 0.648181 0.111171 0.494744 0.879082 0.154001 
10 63 27 39 64 13 
0.541402 0.871352 0.741598 0.835585 0.304942 0.887096 0.743634 0.785823 0.48562 0.256813 0.909027 0.222089 0.459463 0.207353 0.590988 0.317637 0.375416 0.106016 0.764596 0.566663 0.507949 0.412777 0.677834 0.00269379 0.291859 0.831834 0.0698814 0.21681 0.0338658 0.192551 0.677477 0.575268 0.0639024 0.419075 0.410852 0.368844 0.306172 0.154486 0.154667 0.791792 0.411299 0.0636943 0.0138805 0.870762 0.271048 0.604868 0.188399 0.646463 0.710885 0.952995 0.213126 0.218834 0.365772 0.89096 0.221528 0.657631 0.722794 0.291409 0.874441 0.75666 0.48396 0.551919 0.331927 0.547862 
11 35 83 15 52 90 
0.0713733 0.0689571 0.308565 0.135068 0.0828376 0.179327 0.406115 0.687706 0.367726 0.0525785 0.39859 0.320721 0.265704 0.617424 0.686493 0.156664 0.838952 0.344124 0.879458 0.130361 0.218565 0.636118 0.614321 0.770483 0.968045 0.162183 0.741477 0.710825 0.0788889 0.0186423 0.60809 0.150262 0.0875994 0.916655 0.28533 0.170437 0.0959817 0.691445 0.858143 0.463707 0.744024 0.256733 0.784428 0.00972793 0.874157 0.470921 0.166392 0.713109 0.815044 0.0458501 0.84347 0.0336089 0.681968 0.45779 0.804092 0.650014 0.619973 0.545569 0.360838 0.698862 0.564212 0.968929 0.849124 0.651811 
12 10 34 0 85 80 
0.680391 0.445273 0.569923 0.937124 0.229701 0.579651 0.811281 0.700621 0.746043 0.52439 0.515666 0.791893 0.36786 0.549274 0.473861 0.82565 0.353367 0.123875 0.445624 0.898936 0.484713 0.144486 0.463148 0.453642 0.99361 0.114959 0.339226 0.128064 0.937207 0.320791 0.953964 0.617598 0.766064 0.523887 0.554722 0.995765 0.103537 0.366003 0.696387 0.84958 0.890392 0.212052 0.641473 0.258252 0.761327 0.115334 0.0839028 0.114693 0.239209 0.529526 0.0136295 0.723922 0.674012 0.476777 0.177564 0.667622 0.591736 0.516789 0.795686 0.528943 0.837581 0.74965 0.146541 0.603645 
13 6 48 62 17 15 
0.295797 0.226654 0.957658 0.507849 0.868127 0.21591 0.269176 0.983461 0.299813 0.383869 0.22267 0.829339 0.397499 0.946592 0.503351 0.874276 0.124156 0.170973 0.466013 0.640945 0.96666 0.994956 0.478526 0.71631 0.141497 0.082171 0.989846 0.84276 0.681581 0.36692 0.910025 0.977379 0.593574 0.867683 0.485228 0.461701 0.0835928 0.754404 0.445163 0.383406 0.138273 0.667833 0.212745 0.535772 0.614425 0.716096 0.410048 0.738581 0.88707 0.876061 0.379526 0.853729 0.871017 0.858051 0.570039 0.0125139 0.940222 0.559885 0.855274 0.621804 0.926805 0.765299 0.599182 0.520379 
14 46 47 32 51 86 
0.427243 0.09998 0.977087 0.0950765 0.312725 0.512859 0.709501 0.0288212 0.922907 0.448082 0.915891 0.798967 0.827608 0.76962 0.669984 0.685659 0.339659 0.682498 0.625881 0.899544 0.537771 0.247685 0.826349 0.30307 0.846868 0.346728 0.936052 0.931278 0.328809 0.652626 0.770092 0.756052 0.752606 0.747179 0.851129 0.065331 0.260038 0.56063 0.0941522 0.182944 0.00871209 0.010043 0.981911 0.83632 0.779663 0.651895 0.521979 0.119322 0.334393 0.14786 0.0188662 0.872164 0.395546 0.845215 0.175235 0.242413 0.191943 0.111286 0.173692 0.520752 0.763912 0.943784 0.276804 0.516519 
15 80 50 79 30 85 
0.676002 0.133944 0.697275 0.686045 0.115856 0.533595 0.465708 0.767751 0.0555732 0.58503 0.102144 0.203433 0.603896 0.974309 0.598979 0.449111 0.149543 0.841392 0.641055 0.26083 0.0150839 0.161807 0.0247421 0.958868 0.438611 0.541261 0.64983 0.566543 0.12311 0.600831 0.255106 0.799112 0.734775 0.952381 0.485156 0.850631 0.485975 0.950864 0.618382 0.541549 0.535894 0.720526 0.744982 0.13979 0.694835 0.343961 0.588901 0.844378 0.185353 0.229956 0.105208 0.200437 0.391763 0.12995 0.159305 0.830373 0.67121 0.809135 0.396917 0.79432 0.409966 0.652023 0.593432 0.144741 
16 14 70 19 66 15 
0.613754 0.631928 0.565346 0.33428 0.37691 0.705136 0.0291146 0.720871 0.294038 0.873493 0.906224 0.523994 0.9787 0.106662 0.915756 0.10865 0.265967 0.74613 0.77986 0.0751018 0.143046 0.57418 0.485067 0.795069 0.167612 0.629808 0.399473 0.2462 0.62518 0.489852 0.275652 0.238933 0.12178 0.840998 0.573213 0.49869 0.546135 0.602328 0.219561 0.840172 0.47582 0.125785 0.364166 0.45452 0.232447 0.279922 0.56317 0.498414 0.026052 0.34303 0.573516 0.169098 0.91721 0.058583 0.964168 0.0848216 0.688391 0.363641 0.331022 0.313571 0.853493 0.606674 0.552504 0.975273 
17 67 7 57 58 26 
0.693525 0.83398 0.203865 0.81931 0.198146 0.658386 0.0517574 0.478068 0.221556 0.550171 0.50412 0.564585 0.123687 0.673218 0.481795 0.18227 0.637386 0.566617 0.870661 0.00102699 0.897638 0.184232 0.85452 0.504312 0.736736 0.829794 0.951985 0.862453 0.303757 0.945792 0.590498 0.997282 0.779772 0.794363 0.816592 0.977918 0.452749 0.86835 0.455986 0.674304 0.418521 0.960106 0.238889 0.542207 0.633324 0.720685 0.724477 0.27071 0.287301 0.595138 0.271737 0.18494 0.779369 0.126257 0.689252 0.516105 0.956051 0.641237 0.378558 0.259808 0.587029 0.969056 0.25709 0.366801 
18 32 33 51 5 57 
0.800704 0.890472 0.360553 0.76081 0.129361 0.90276 0.394134 0.850045 0.627237 0.664844 0.137347 0.222375 0.936582 0.322286 0.00174475 0.062839 0.0115385 0.51785 0.01889 0.652776 0.896408 0.278698 0.239805 0.865463 0.535789 0.606606 0.628882 0.609471 0.951325 0.84505 0.551503 0.752029 0.735521 0.912056 0.512839 0.864882 0.814816 0.906973 0.714928 0.442054 0.571818 0.852274 0.664429 0.508399 0.174561 0.666174 0.571238 0.186099 0.184024 0.590128 0.838875 0.0804315 0.868827 0.0786797 0.945895 0.404615 0.685286 0.574777 0.0140861 0.636611 0.419827 0.565589 0.38864 0.155348 
19 74 29 11 85 26 
0.735157 0.734516 0.38027 0.587432 0.398945 0.888669 0.761992 0.0651188 0.459907 0.948091 0.249143 0.0500357 0.786966 0.329574 0.918862 0.865646 0.275469 0.323477 0.550932 0.850246 0.337564 0.187543 0.270073 0.903153 0.576182 0.425421 0.380798 0.477662 0.44565 0.67326 0.286114 0.180808 0.407775 0.666384 0.768239 0.80672 0.555053 0.530232 0.871839 0.0149606 0.478323 0.120982 0.0649963 0.265289 0.450556 0.983859 0.130935 0.726025 0.307336 0.681867 0.576271 0.6449 0.86941 0.846343 0.548052 0.445592 0.271764 0.92885 0.923254 0.717414 0.60211 0.209368 0.898222 0.00988533 
20 28 30 4 36 7 
0.688444 0.445766 0.675017 0.809426 0.510762 0.940306 0.259982 0.49462 0.0712414 0.986006 0.801957 0.753109 0.562277 0.446856 0.622519 0.40862 0.994908 0.0681108 0.680384 0.923759 0.991365 0.397799 0.525869 0.200733 0.296021 0.535754 0.0764845 0.962482 0.352359 0.507289 0.159176 0.0408039 0.953055 0.834192 0.85023 0.463817 0.774498 0.110212 0.958437 0.84574 0.096218 0.760394 0.598848 0.658495 0.20725 0.221367 0.0671153 0.202158 0.289478 0.7475 0.125917 0.280842 0.145298 0.651786 0.481575 0.441319 0.18754 0.558059 0.403801 0.539899 0.0653488 0.562977 0.580703 0.0184038 
21 25 87 64 47 29 
0.440658 0.0174067 0.637363 0.201052 0.616255 0.295858 0.408302 0.837622 0.362973 0.61046 0.127099 0.110472 0.736377 0.407941 0.255771 0.388162 0.889516 0.697089 0.575702 0.447576 0.100891 0.115601 0.512925 0.663867 0.696304 0.531328 0.0610365 0.127237 0.0135491 0.232704 0.668382 0.454207 0.25011 0.305744 0.655259 0.866365 0.601602 0.0635606 0.703987 0.964575 0.674021 0.831086 0.075047 0.410397 0.239027 0.330818 0.79856 0.128544 0.027907 0.374262 0.57612 0.128798 0.489863 0.0890443 0.792665 0.186167 0.620373 0.853702 0.313404 0.633922 0.0864052 0.981785 0.0881291 0.336515 
22 7 2 11 65 3 
0.853706 0.480969 0.737953 0.928753 0.891366 0.97698 0.25957 0.689926 0.105524 0.287477 0.0641878 0.681644 0.416275 0.55405 0.770688 0.20894 0.740217 0.391061 0.0626417 0.0536204 0.0249831 0.149047 0.0354055 0.113112 0.485562 0.322935 0.8565 0.688443 0.212066 0.663449 0.59531 0.0657714 0.144418 0.333263 0.994524 0.0357845 0.310244 0.254094 0.725711 0.415768 0.541571 0.789898 0.0974117 0.957846 0.343949 0.8681 0.166786 0.0841657 0.259161 0.229428 0.137786 0.284144 0.378475 0.173192 0.397256 0.864037 0.496127 0.253757 0.55248 0.708192 0.917205 0.14779 0.773964 0.0616234 
23 56 26 66 67 10 
0.823119 0.207065 0.564153 0.613017 0.304476 0.521999 0.956966 0.172576 0.688786 0.0411317 0.431737 0.918213 0.178918 0.715881 0.296688 0.35211 0.113138 0.160725 0.848236 0.366894 0.713205 0.556428 0.2841 0.860995 0.330392 0.345723 0.342049 0.0988797 0.443131 0.133345 0.121461 0.26625 0.34041 0.685614 0.879267 0.644886 0.207614 0.836233 0.817462 0.896399 0.877364 0.2492 0.814613 0.0562822 0.965081 0.111301 0.408392 0.078219 0.272026 0.256628 0.445113 0.985232 0.813056 0.729213 0.846227 0.143448 0.0749361 0.188276 0.242328 0.518067 0.321621 0.363789 0.784317 0.662031 
24 68 36 17 71 76 
0.153417 0.37718 0.373579 0.96803 0.433463 0.33866 0.0793305 0.841854 0.416879 0.351357 0.0984823 0.861993 0.336589 0.911539 0.591206 0.182816 0.0549868 0.666142 0.371091 0.297315 0.184209 0.692712 0.661104 0.968526 0.354743 0.710508 0.632109 0.66166 0.967525 0.131925 0.786039 0.120942 0.509106 0.159618 0.0889717 0.942568 0.498279 0.168302 0.784423 0.915158 0.519659 0.882905 0.777151 0.856248 0.794444 0.368357 0.0390633 0.849431 0.0344985 0.410155 0.146745 0.218707 0.102867 0.807849 0.187233 0.457609 0.518357 0.819342 0.119269 0.485883 0.951267 0.905308 0.606825 0.460373 
25 85 80 68 4 20 
0.187364 0.478363 0.383758 0.0702696 0.255514 0.240006 0.864713 0.62387 0.279069 0.714144 0.658369 0.689223 0.860889 0.877076 0.79209 0.668738 0.0643092 0.249699 0.187096 0.883651 0.368968 0.672978 0.834919 0.274276 0.279803 0.295292 0.339203 0.9756 0.698233 0.902408 0.839699 0.885598 0.38077 0.223457 0.955867 0.636284 0.463463 0.820581 0.260155 0.742532 0.534724 0.918523 0.431755 0.395613 0.7956 0.223845 0.0643518 0.859909 0.473545 0.251448 0.74356 0.842513 0.924426 0.578479 0.11679 0.204229 0.873771 0.455992 0.17983 0.572004 0.3584 0.0195287 0.457602 0.73917 
26 87 65 82 74 17 
0.635609 0.44898 0.768774 0.554132 0.880736 0.164388 0.349732 0.104581 0.22874 0.209641 0.578126 0.480187 0.953201 0.420639 0.404613 0.53168 0.537429 0.608843 0.405451 0.993421 0.788672 0.977455 0.351821 0.808201 0.435057 0.0909912 0.0511866 0.848527 0.466446 0.757635 0.0825766 0.102055 0.206616 0.851351 0.656187 0.0873513 0.0157387 0.00591924 0.191932 0.244478 0.21556 0.770058 0.724665 0.168761 0.190697 0.129278 0.700441 0.728126 0.738121 0.105892 0.721547 0.526793 0.0833474 0.073368 0.334994 0.518405 0.164359 0.38618 0.366931 0.630805 0.143816 0.449508 0.73286 0.350431 
27 21 86 45 67 43 
0.629715 0.561076 0.610526 0.399773 0.285741 0.779287 0.59047 0.415019 0.479729 0.318596 0.15314 0.585621 0.0401432 0.679934 0.668968 0.113511 0.0149274 0.187373 0.27787 0.401108 0.554304 0.908675 0.544923 0.00381186 0.641535 0.895355 0.304671 0.0305819 0.333137 0.621268 0.425548 0.962852 0.182343 0.0360744 0.362625 0.468084 0.815362 0.953095 0.883104 0.295091 0.271691 0.0362443 0.880712 0.311834 0.716178 0.54968 0.425345 0.731105 0.737053 0.703216 0.132213 0.291357 0.611891 0.677136 0.295169 0.253426 0.572491 0.599839 0.284008 0.905628 0.221107 0.709556 0.86848 0.403451 
28 65 58 4 66 12 
0.754639 0.856083 0.45589 0.790883 0.736795 0.767725 0.507061 0.286475 0.19307 0.238166 0.0235273 0.896286 0.370379 0.314884 0.508177 0.0475159 0.610053 0.761603 0.620007 0.209892 0.0456115 0.525635 0.430999 0.755168 0.394114 0.83445 0.500798 0.625219 0.705985 0.0617908 0.809418 0.460624 0.917874 0.265308 0.251508 0.654669 0.033033 0.758569 0.941143 0.226103 0.996735 0.96467 0.122389 0.367115 0.279555 0.630567 0.414631 0.889607 0.39217 0.0346374 0.0994996 0.437782 0.560272 0.530499 0.192949 0.954386 0.364949 0.693748 0.579605 0.0709343 0.755538 0.389023 0.531559 0.673412 
29 54 72 16 55 58 
0.269224 0.913467 0.53837 0.233894 0.0358568 0.905485 0.513449 0.666423 0.320116 0.403056 0.0585934 0.354753 0.502556 0.496375 0.915025 0.0330549 0.689324 0.869411 0.398004 0.383072 0.449016 0.468938 0.13861 0.838039 0.000496847 0.812023 0.492371 0.783563 0.140104 0.179735 0.325198 0.409328 0.0932024 0.863568 0.643222 0.129059 0.769053 0.15667 0.795483 0.0891688 0.559727 0.854076 0.443922 0.0622825 0.350451 0.358947 0.0953373 0.0397752 0.228358 0.493341 0.422847 0.677375 0.96228 0.561457 0.515414 0.962776 0.37348 0.00778481 0.746339 0.513584 0.18752 0.0715375 0.922911 0.280722 
30 10 16 36 67 44 
0.205264 0.793328 0.28253 0.05934 0.23725 0.344813 0.409791 0.596197 0.44015 0.449566 0.824555 0.933491 0.872413 0.50193 0.895771 0.433871 0.0173437 0.858547 0.807351 0.0251285 0.604887 0.320935 0.212648 0.676424 0.243846 0.49337 0.61153 0.809979 0.903152 0.315689 0.532783 0.108416 0.109017 0.815313 0.167756 0.346267 0.160126 0.577547 0.942463 0.600276 0.027113 0.767018 0.533767 0.899526 0.268948 0.429538 0.333397 0.286291 0.288086 0.140748 0.31142 0.892973 0.461683 0.524068 0.569397 0.70553 0.0174384 0.180927 0.515509 0.92059 0.496616 0.0482918 0.0290059 0.605633 
31 60 85 50 2 54 
0.894363 0.624007 0.801421 0.661381 0.157774 0.700948 0.930329 0.587313 0.0343451 0.21662 0.875399 0.175093 0.52804 0.768371 0.636777 0.0521083 0.337768 0.342306 0.0695467 0.518695 0.857815 0.990137 0.015311 0.906107 0.0191427 0.620944 0.769712 0.215904 0.572844 0.793443 0.990213 0.467208 0.41745 0.791634 0.128589 0.575224 0.492582 0.0589179 0.162537 0.526927 0.275538 0.0379357 0.702021 0.803579 0.806307 0.338797 0.855687 0.144075 0.681104 0.925233 0.66277 0.538919 0.91537 0.678081 0.445025 0.934513 0.299025 0.214737 0.150417 0.871869 0.00818022 0.14063 0.339077 0.42563 
32 19 77 38 11 80 
0.163392 0.951774 0.802122 0.201327 0.653795 0.6057 0.00763424 0.992592 0.461387 0.151709 0.673696 0.38662 0.814479 0.212614 0.301991 0.492559 0.65764 0.236504 0.791584 0.872377 0.386921 0.663453 0.880557 0.527552 0.00252991 0.306187 0.459816 0.470195 0.307042 0.884663 0.996779 0.470434 0.836437 0.798901 0.671761 0.490232 0.404601 0.679395 0.482825 0.865988 0.831104 0.15652 0.252608 0.645583 0.369135 0.554599 0.138142 0.0267745 0.791103 0.929726 0.899152 0.178024 0.59318 0.779709 0.705576 0.59571 0.0858963 0.165392 0.0659051 0.392938 0.0500554 0.062684 0.863372 0.886493 
33 77 71 15 89 72 
0.85955 0.132173 0.0456325 0.0160704 0.384782 0.691215 0.385205 0.939381 0.829358 0.41198 0.730484 0.759084 0.311131 0.908508 0.352264 0.09084 0.614084 0.947974 0.176736 0.779476 0.0138788 0.569674 0.829531 0.0765628 0.433046 0.716024 0.938147 0.968179 0.0927493 0.204333 0.182707 0.952299 0.336506 0.22834 0.96837 0.721288 0.919555 0.353575 0.660668 0.748913 0.765554 0.391152 0.507997 0.0766854 0.299659 0.860261 0.167525 0.913743 0.808235 0.344262 0.693219 0.822114 0.913936 0.52275 0.898676 0.346982 0.238774 0.836824 0.315161 0.331523 0.0411565 0.497869 0.283822 0.377662 
34 80 2 18 81 59 
0.759618 0.394677 0.371321 0.15077 0.902674 0.448006 0.450429 0.762935 0.615532 0.364172 0.57117 0.959793 0.0573909 0.393283 0.873729 0.580141 0.29196 0.220712 0.818914 0.128784 0.535873 0.150437 0.16994 0.0337416 0.434259 0.547602 0.75995 0.686451 0.646552 0.405714 0.292217 0.406171 0.80039 0.663538 0.556941 0.703064 0.111544 0.00736985 0.465999 0.727076 0.371542 0.0371688 0.686869 0.428933 0.430452 0.560598 0.00907365 0.722412 0.78131 0.827988 0.851195 0.317183 0.978425 0.0211355 0.350924 0.412684 0.568738 0.110874 0.0991355 0.21529 0.516588 0.391353 0.621461 0.316979 
35 30 41 46 90 79 
0.557313 0.523211 0.58038 0.986246 0.953663 0.140978 0.99532 0.676075 0.922288 0.823308 0.527271 0.239471 0.801733 0.548406 0.590395 0.214418 0.117144 0.701269 0.313553 0.332434 0.217858 0.704906 0.953895 0.534836 0.759797 0.132297 0.554879 0.926232 0.318068 0.0409212 0.819743 0.875381 0.564132 0.400123 0.861628 0.517795 0.541102 0.856948 0.19387 0.46339 0.680256 0.721141 0.70286 0.481989 0.269547 0.293255 0.696407 0.386691 0.994525 0.00995956 0.719125 0.212382 0.714865 0.67302 0.747218 0.474662 0.805317 0.302098 0.400895 0.123384 0.343019 0.220638 0.998766 0.907151 
36 39 21 10 51 60 
0.618816 0.625253 0.397597 0.339957 0.328113 0.879586 0.609504 0.621369 0.575993 0.996195 0.615893 0.585952 0.715319 0.828276 0.300818 0.38834 0.575494 0.77548 0.193656 0.877591 0.176375 0.317041 0.22061 0.397013 0.315806 0.127761 0.0177743 0.1762 0.552707 0.179638 0.893541 0.171523 0.80489 0.291139 0.51148 0.133004 0.170725 0.120984 0.754373 0.746718 0.117178 0.370266 0.33267 0.832498 0.198542 0.633488 0.220837 0.774035 0.408968 0.414494 0.651627 0.585343 0.731534 0.872237 0.982356 0.0473408 0.999998 0.00013015 0.223541 0.552705 0.179768 0.117082 0.724228 0.984658 
37 15 27 5 51 82 
0.872035 0.325663 0.47387 0.242301 0.658333 0.306368 0.440842 0.291821 0.527205 0.214878 0.700789 0.941699 0.866505 0.286132 0.673233 0.738742 0.268488 0.720574 0.73874 0.268618 0.944115 0.291445 0.448386 0.0611967 0.0156725 0.433044 0.469417 0.25138 0.550706 0.0483627 0.608072 0.42274 0.374026 0.0819423 0.665041 0.0323589 0.38831 0.105883 0.32418 0.915516 0.320761 0.0249689 0.857214 0.187266 0.311101 0.530448 0.926007 0.579589 0.251021 0.664747 0.848207 0.195136 0.956192 0.296593 0.256333 0.971864 0.729636 0.72575 0.223244 0.280342 0.774113 0.831317 0.703083 0.148139 
38 22 63 24 85 14 
0.504677 0.217085 0.794768 0.529646 0.0742992 0.982034 0.840747 0.604747 0.908041 0.420336 0.855768 0.572788 0.268543 0.0509044 0.52898 0.565136 0.307237 0.500844 0.294772 0.0329875 0.724088 0.575114 0.8071 0.555405 0.278197 0.955239 0.468664 0.646321 0.135737 0.770233 0.120328 0.640414 0.987318 0.915096 0.170061 0.0616172 0.89713 0.010808 0.666364 0.805171 0.431144 0.522132 0.377959 0.699687 0.573036 0.906939 0.264823 0.880274 0.407783 0.559595 0.913261 0.131871 0.13471 0.720362 0.687276 0.412907 0.675601 0.15594 0.0592281 0.811338 0.926173 0.179556 0.451752 0.913492 
39 54 87 86 7 67 
0.641473 0.796954 0.0637648 0.163605 0.174914 0.763452 0.736641 0.0818528 0.0282753 0.616915 0.489636 0.587871 0.530176 0.621507 0.72258 0.250538 0.308783 0.135487 0.926138 0.464723 0.194715 0.737476 0.390897 0.374272 0.189228 0.304388 0.468924 0.81104 0.279497 0.460707 0.443661 0.92097 0.257662 0.507426 0.0845744 0.432575 0.270878 0.821216 0.514428 0.299153 0.43813 0.00406373 0.887024 0.968307 0.625571 0.609604 0.218844 0.934354 0.745091 0.144983 0.399077 0.939807 0.882459 0.789974 0.314078 0.0716867 0.0943623 0.783003 0.882727 0.373859 0.24371 0.326388 0.294829 0.501372 
40 52 11 19 88 33 
0.448375 0.403845 0.63875 0.452439 0.290869 0.607056 0.0780095 0.900473 0.8259 0.0123633 0.645564 0.970883 0.41144 0.585371 0.853342 0.201414 0.899449 0.925029 0.295777 0.682452 0.807756 0.669636 0.926163 0.134144 0.964465 0.427534 0.967957 0.343869 0.361481 0.0726487 0.544488 0.809856 0.476493 0.183237 0.262295 0.767362 0.790293 0.340305 0.667835 0.616194 0.352668 0.313399 0.587077 0.764108 0.898769 0.440419 0.965523 0.798219 0.365447 0.261299 0.480671 0.173203 0.930936 0.406834 0.307346 0.895401 0.834368 0.275303 0.239269 0.195849 0.347952 0.783757 0.00570594 0.824445 
41 47 50 40 7 64 
0.259642 0.373481 0.960974 0.57304 0.960557 0.725082 0.47181 0.400976 0.690605 0.270029 0.766423 0.951905 0.7507 0.939625 0.88284 0.157533 0.246971 0.778241 0.991902 0.522275 0.0175099 0.187751 0.870227 0.801267 0.193457 0.694672 0.768261 0.461458 0.286479 0.525548 0.069764 0.546121 0.899028 0.0307379 0.119161 0.859585 0.75582 0.590971 0.260561 0.446425 0.861 0.0269835 0.39833 0.611699 0.966609 0.28117 0.769233 0.21358 0.0594105 0.761134 0.735855 0.0769204 0.948885 0.606082 0.878187 0.142342 0.300754 0.646448 0.6038 0.587233 0.171995 0.673564 0.133353 0.0710231 
42 34 45 11 6 39 
0.906548 0.704485 0.218153 0.304878 0.316184 0.184761 0.586047 0.0854169 0.398342 0.645458 0.846551 0.134197 0.722378 0.795437 0.740278 0.600565 0.937779 0.0410317 0.247013 0.541579 0.628264 0.419008 0.215144 0.761618 0.490031 0.919446 0.0141322 0.420639 0.379569 0.857617 0.611809 0.286117 0.562102 0.829961 0.590994 0.878286 0.0147225 0.177042 0.963703 0.413064 0.8225 0.810255 0.547261 0.544878 0.605691 0.287539 0.145443 0.54347 0.328571 0.392456 0.0850496 0.956835 0.811464 0.300193 0.718453 0.301495 0.21964 0.732585 0.722135 0.599209 0.590202 0.333943 0.885325 0.152305 
43 88 23 21 65 47 
0.591691 0.475861 0.804549 0.138952 0.020739 0.410241 0.426491 0.166182 0.953711 0.755061 0.558638 0.0387604 0.711896 0.370103 0.338954 0.430349 0.671598 0.558594 0.162934 0.393733 0.157802 0.753136 0.727676 0.0431276 0.905441 0.891581 0.519447 0.936032 0.0702076 0.172809 0.930326 0.661899 0.64867 0.734875 0.800851 0.669409 0.145116 0.227341 0.835591 0.0988267 0.982403 0.39423 0.137587 0.694299 0.764332 0.476541 0.124648 0.43593 0.0351348 0.287582 0.829663 0.192937 0.0407179 0.557339 0.236065 0.946159 0.44892 0.755512 0.88219 0.519127 0.928321 0.812516 0.181026 0.57699 
44 62 24 14 85 28 
0.0819904 0.791335 0.191621 0.47622 0.928922 0.88592 0.240552 0.405463 0.0105681 0.676483 0.440598 0.29815 0.506146 0.633535 0.338868 0.0634847 0.869599 0.285026 0.512404 0.625111 0.167217 0.0315318 0.553432 0.979733 0.212558 0.130422 0.527125 0.194435 0.376822 0.219633 0.403653 0.458812 0.0109671 0.595274 0.935032 0.939889 0.481194 0.175584 0.345352 0.491762 0.852067 0.785949 0.789912 0.358212 0.419484 0.128779 0.421697 0.289083 0.413806 0.934102 0.914195 0.581022 0.965633 0.467627 0.560755 0.178191 0.598049 0.08788 0.372626 0.974871 0.307513 0.776279 0.433683 0.31848 
45 79 50 53 44 83 
0.60372 0.344507 0.396366 0.389669 0.134419 0.754579 0.809153 0.263198 0.176276 0.0982363 0.677004 0.110378 0.0124308 0.258026 0.0760112 0.480057 0.818781 0.254203 0.0781063 0.906661 0.626829 0.0529771 0.214174 0.403107 0.48666 0.532653 0.774659 0.855375 0.791022 0.627405 0.399675 0.394742 0.971912 0.796041 0.784411 0.106331 0.55062 0.593564 0.369529 0.726896 0.6918 0.0465331 0.837274 0.704231 0.304559 0.913285 0.184289 0.12334 0.167488 0.262395 0.0300013 0.794316 0.315372 0.244175 0.197423 0.802032 0.776828 0.972083 0.657407 0.56785 0.599487 0.057082 0.962592 0.5714 
46 60 71 72 88 68 
0.04726 0.130639 0.032368 0.093793 0.967913 0.736599 0.398352 0.881198 0.920888 0.521692 0.0486862 0.183283 0.551694 0.843002 0.498655 0.795869 0.0404258 0.300687 0.572697 0.0125084 0.958094 0.140547 0.611996 0.0151758 0.103139 0.183395 0.868299 0.850143 0.861126 0.272042 0.19071 0.908386 0.402682 0.223078 0.00217912 0.370595 0.959677 0.400531 0.251793 0.880565 0.922224 0.30048 0.0638478 0.473917 0.143482 0.562502 0.269786 0.183908 0.863189 0.842483 0.196416 0.821283 0.98303 0.808412 0.836459 0.0861696 0.991807 0.704758 0.936312 0.852934 0.9768 0.127023 0.76132 0.379481 
47 23 20 90 33 63 
0.00186959 0.190343 0.0862536 0.302349 0.254191 0.560171 0.445831 0.816694 0.829957 0.629739 0.679882 0.672439 0.826155 0.501165 0.65547 0.634567 0.337624 0.741639 0.626375 0.0423812 0.677951 0.479308 0.019181 0.804974 0.240628 0.398662 0.155075 0.00412665 0.148739 0.464853 0.168157 0.150608 0.655197 0.25441 0.452957 0.909388 0.814581 0.898788 0.726081 0.644537 0.528527 0.405964 0.316977 0.354683 0.907129 0.972446 0.98925 0.244753 0.714086 0.615624 0.287134 0.392037 0.0949326 0.306315 0.197011 0.33556 0.704977 0.352086 0.339687 0.853716 0.816939 0.507844 0.00432394 0.472136 
48 1 5 44 49 55 
0.107605 0.221372 0.884597 0.513569 0.538349 0.23928 0.420698 0.510796 0.228529 0.665451 0.224881 0.844154 0.952585 0.616918 0.939086 0.2589 0.813929 0.274647 0.963877 0.166016 0.614334 0.817593 0.982955 0.122178 0.821917 0.455091 0.884432 0.279198 0.836615 0.461266 0.635268 0.94422 0.682639 0.519865 0.457789 0.220988 0.759145 0.878487 0.731784 0.987674 0.543938 0.956665 0.831828 0.496523 0.573584 0.770914 0.755423 0.387513 0.045561 0.7193 0.553528 0.659895 0.536893 0.536483 0.782072 0.35881 0.991574 0.666504 0.638009 0.828189 0.127771 0.273276 0.772409 0.810409 
49 46 0 45 59 75 
0.53996 0.652623 0.719847 0.371788 0.149147 0.29343 0.142702 0.90457 0.680943 0.188263 0.62387 0.234472 0.848158 0.160763 0.770955 0.63023 0.519574 0.762529 0.296734 0.157582 0.590718 0.424505 0.430859 0.363126 0.234914 0.224 0.593324 0.266312 0.776286 0.702009 0.0294932 0.316246 0.354633 0.74934 0.688033 0.503779 0.0427702 0.830735 0.408349 0.723713 0.0189978 0.0322192 0.958185 0.867155 0.192983 0.72914 0.497385 0.712556 0.491669 0.79412 0.870139 0.0823869 0.218624 0.300997 0.445513 0.453538 0.524997 0.0388376 0.71985 0.301283 0.740847 0.749343 0.617529 0.0954796 
50 85 25 20 54 19 
0.00760802 0.265167 0.155295 0.0398272 0.223352 0.02245 0.23281 0.952492 0.519835 0.945366 0.444161 0.313955 0.815505 0.526548 0.532579 0.116502 0.972061 0.986117 0.641499 0.010899 0.705967 0.942782 0.751746 0.45531 0.560311 0.847226 0.953994 0.865873 0.446484 0.495447 0.00216945 0.454093 0.760614 0.157464 0.49392 0.983966 0.179914 0.726729 0.936458 0.699749 0.672096 0.380619 0.0137045 0.487601 0.907167 0.546284 0.604103 0.879228 0.532401 0.245602 0.890127 0.238368 0.188385 0.641873 0.693679 0.748696 0.489099 0.647673 0.614568 0.935583 0.14312 0.616738 0.389676 0.903733 
51 59 56 2 67 39 
0.653865 0.282421 0.204775 0.66757 0.770021 0.111942 0.213853 0.374124 0.99117 0.746254 0.619726 0.881298 0.984623 0.808111 0.523171 0.678302 0.556806 0.0122694 0.325975 0.171375 0.947853 0.469094 0.788112 0.337528 0.372827 0.562314 0.221124 0.260526 0.51643 0.831448 0.084683 0.170295 0.113869 0.289458 0.837865 0.88389 0.401401 0.0517181 0.258014 0.392571 0.797973 0.87774 0.273869 0.782596 0.685851 0.797039 0.460898 0.242657 0.809309 0.786872 0.414032 0.757161 0.255966 0.202144 0.0946894 0.628794 0.764458 0.315813 0.88932 0.280888 0.147261 0.974003 0.451183 0.26113 
52 83 88 37 90 65 
0.403034 0.057433 0.138739 0.280774 0.331302 0.921334 0.966624 0.128341 0.382232 0.209281 0.93765 0.169104 0.623313 0.694811 0.425071 0.825457 0.7895 0.0538644 0.589915 0.105313 0.943185 0.870803 0.252575 0.917188 0.321987 0.513705 0.180649 0.611035 0.658725 0.845511 0.951801 0.061759 0.902944 0.0905397 0.342533 0.234246 0.011874 0.309157 0.362587 0.394106 0.518439 0.300237 0.56321 0.141752 0.995047 0.988281 0.967209 0.784548 0.0421451 0.557124 0.889861 0.98533 0.427927 0.142435 0.902517 0.749914 0.65614 0.0831668 0.360949 0.314865 0.928678 0.31275 0.376624 0.831623 
53 15 44 88 48 62 
0.428456 0.809269 0.546753 0.728692 0.37248 0.688505 0.72374 0.36076 0.655714 0.508287 0.402906 0.212838 0.398148 0.388235 0.640765 0.540583 0.290753 0.39068 0.196723 0.37392 0.751628 0.511589 0.302598 0.0643782 0.888213 0.134221 0.467668 0.60737 0.200089 0.882831 0.635685 0.628545 0.6921 0.182438 0.357237 0.0645802 0.870943 0.0809768 0.425341 0.526657 0.589264 0.828246 0.739495 0.987412 0.216481 0.38026 0.527995 0.507234 0.77094 0.724718 0.881154 0.522568 0.236307 0.183752 0.586946 0.12452 0.317972 0.0546137 0.73189 0.518061 0.937445 0.367575 0.146607 0.629545 
54 87 33 40 35 26 
0.119466 0.947613 0.174085 0.947712 0.687108 0.161496 0.164194 0.0673678 0.689491 0.671428 0.838307 0.41421 0.552581 0.360875 0.650517 0.736333 0.947822 0.775037 0.0543051 0.00243527 0.506927 0.572367 0.93988 0.874503 0.718973 0.569425 0.424516 0.222817 0.263551 0.845472 0.807638 0.383017 0.793085 0.981722 0.330729 0.480193 0.143218 0.494922 0.547561 0.83271 0.16635 0.385868 0.246919 0.718932 0.746744 0.897436 0.455265 0.694565 0.672473 0.50957 0.697001 0.179401 0.0819362 0.636881 0.0539033 0.800909 0.206306 0.478419 0.0237264 0.469856 0.323892 0.831364 0.852873 0.116977 
55 75 47 26 0 2 
0.144731 0.789014 0.844874 0.5306 0.0359335 0.563806 0.277344 0.93337 0.0190704 0.971909 0.605843 0.52864 0.66891 0.785243 0.610576 0.305791 0.839147 0.411486 0.512096 0.317566 0.435212 0.981953 0.641457 0.266576 0.834826 0.758434 0.0796623 0.0184275 0.355605 0.0359668 0.696952 0.500336 0.824981 0.541826 0.0309355 0.860915 0.105632 0.308279 0.794284 0.124702 0.280188 0.400127 0.653342 0.949098 0.18537 0.263919 0.254888 0.0245166 0.675404 0.766985 0.342083 0.110616 0.748938 0.98354 0.377192 0.583763 0.741974 0.456855 0.602191 0.0975789 0.492822 0.299143 0.597915 0.317803 
56 3 78 75 34 17 
0.973001 0.0713026 0.217317 0.373128 0.724645 0.166415 0.558498 0.988563 0.421304 0.583015 0.663968 0.188288 0.925097 0.774584 0.937226 0.908637 0.151776 0.520989 0.650611 0.608631 0.12318 0.74819 0.101453 0.422323 0.346105 0.419255 0.263292 0.974955 0.597972 0.209892 0.912084 0.570973 0.281195 0.129402 0.944101 0.00583932 0.295817 0.502599 0.994403 0.717121 0.0856138 0.65837 0.905409 0.010711 0.432954 0.842635 0.919348 0.584731 0.363624 0.56996 0.193362 0.486805 0.31815 0.294814 0.909128 0.664255 0.714069 0.172419 0.63921 0.312041 0.382311 0.551295 0.883015 0.663506 
57 11 86 64 26 44 
0.663748 0.693634 0.415329 0.322118 0.599043 0.42604 0.755072 0.441678 0.345388 0.339803 0.805303 0.915347 0.533165 0.292108 0.233497 0.827979 0.201236 0.897752 0.542048 0.373655 0.536963 0.854089 0.755966 0.0882575 0.737104 0.419472 0.768954 0.56422 0.0888174 0.745468 0.893935 0.752565 0.439102 0.309264 0.0746835 0.0381452 0.735304 0.829756 0.479824 0.0806918 0.169559 0.285126 0.996039 0.702723 0.577234 0.229537 0.530702 0.77847 0.127289 0.07275 0.152125 0.664252 0.926839 0.908091 0.752509 0.663944 0.327563 0.521463 0.228164 0.416381 0.266931 0.122099 0.168946 0.706033 
58 50 87 77 86 29 
0.224001 0.247358 0.242944 0.509128 0.243398 0.945667 0.0863618 0.472934 0.476369 0.864831 0.600223 0.549119 0.016956 0.264475 0.475959 0.925047 0.0169837 0.139902 0.25261 0.538447 0.368066 0.668991 0.805378 0.490165 0.837937 0.511411 0.921527 0.0815664 0.255589 0.0881939 0.154952 0.47959 0.335552 0.397896 0.988718 0.57895 0.343563 0.0750795 0.0518838 0.819933 0.939911 0.652107 0.369052 0.956867 0.916581 0.845011 0.881914 0.933565 0.984913 0.134524 0.472012 0.352979 0.803515 0.27739 0.843144 0.641452 0.7888 0.764671 0.723019 0.0443889 0.852865 0.87797 0.523979 0.188417 
59 70 86 13 8 1 
0.819251 0.439362 0.527687 0.471357 0.808414 0.484554 0.387939 0.653425 0.366468 0.321504 0.638338 0.500992 0.793516 0.991317 0.304508 0.0709057 0.83446 0.94596 0.859706 0.599131 0.668978 0.904095 0.451996 0.546949 0.428074 0.640414 0.822815 0.94077 0.407781 0.442244 0.528547 0.227031 0.881606 0.0562337 0.698389 0.690019 0.540788 0.0863277 0.343444 0.907256 0.407832 0.981782 0.408248 0.201348 0.973098 0.712756 0.272253 0.807559 0.658715 0.131959 0.40669 0.327694 0.0360544 0.858686 0.874642 0.464128 0.4991 0.697457 0.404899 0.906881 0.139701 0.933445 0.133912 0.0213064 
60 1 72 32 89 40 
0.0547698 0.437723 0.32646 0.0365513 0.845971 0.527808 0.00964957 0.558726 0.800061 0.817208 0.217442 0.93202 0.223898 0.545136 0.968075 0.0825847 0.419778 0.432203 0.581685 0.117235 0.837102 0.488565 0.256935 0.770547 0.622477 0.278242 0.760226 0.454778 0.989568 0.290693 0.373406 0.0443373 0.728416 0.699867 0.0808887 0.574387 0.227674 0.0905382 0.133113 0.0277349 0.907746 0.350555 0.959755 0.131645 0.895691 0.92783 0.214229 0.315468 0.360033 0.795914 0.432703 0.197135 0.284479 0.689638 0.967682 0.906957 0.96788 0.727909 0.361735 0.957448 0.018602 0.735141 0.00178487 0.747018 
61 90 67 81 46 26 
0.454518 0.690417 0.0809582 0.805073 0.650172 0.212603 0.700764 0.578002 0.426832 0.0162324 0.938035 0.222746 0.448935 0.13517 0.507226 0.138574 0.102852 0.414182 0.106454 0.830761 0.775917 0.0639012 0.849363 0.511058 0.0656861 0.596381 0.946066 0.14836 0.917785 0.608748 0.321571 0.372304 0.299165 0.40253 0.177377 0.949337 0.615132 0.878141 0.527339 0.0419646 0.894373 0.465374 0.264711 0.343309 0.600544 0.771937 0.481882 0.703396 0.186119 0.588336 0.534156 0.962036 0.652237 0.383519 0.473095 0.717923 0.9799 0.419161 0.866283 0.897685 0.0279092 0.187854 0.269989 0.327074 
62 11 37 66 18 31 
0.80375 0.247481 0.21988 0.269124 0.512192 0.563189 0.869668 0.284128 0.045071 0.573064 0.470247 0.633407 0.10722 0.432283 0.285644 0.490739 0.905378 0.00356762 0.470639 0.324539 0.869851 0.368324 0.352448 0.0577048 0.638313 0.679523 0.648089 0.0856782 0.955934 0.853605 0.411185 0.759684 0.101086 0.631065 0.0288084 0.613277 0.194253 0.898477 0.897406 0.239324 0.47154 0.367653 0.872731 0.578761 0.799936 0.158376 0.0695 0.705315 0.161943 0.540139 0.0298538 0.0317938 0.908463 0.382302 0.0894986 0.546776 0.0618246 0.737587 0.632454 0.0177584 0.591192 0.0436386 0.777443 0.692278 
63 59 82 86 85 24 
0.202961 0.108281 0.176268 0.570614 0.981012 0.755028 0.37055 0.139388 0.824528 0.0758647 0.301331 0.364667 0.105718 0.333125 0.27313 0.488021 0.422624 0.819906 0.549845 0.160211 0.45236 0.567604 0.751403 0.495998 0.345046 0.443681 0.170702 0.151297 0.749236 0.039658 0.856024 0.952196 0.147939 0.0322922 0.52281 0.128951 0.787321 0.89336 0.268339 0.611849 0.969225 0.56967 0.976516 0.0749431 0.902795 0.249647 0.562964 0.325419 0.0695524 0.112809 0.485629 0.521912 0.680412 0.237032 0.0179104 0.0254582 0.680713 0.188612 0.176755 0.429948 0.22827 0.0327795 0.382145 0.376209 
64 71 75 69 45 27 
0.464241 0.767539 0.343169 0.440758 0.842482 0.245964 0.690404 0.405446 0.571382 0.759957 0.518254 0.0570117 0.281869 0.198667 0.294044 0.299779 0.224125 0.974757 0.488391 0.40088 0.404705 0.716661 0.433659 0.78685 0.09287 0.498731 0.691804 0.59803 0.351123 0.490119 0.371528 0.815365 0.257658 0.714697 0.256122 0.10014 0.96066 0.946527 0.505585 0.532043 0.706483 0.0238396 0.589054 0.988352 0.222506 0.883098 0.288131 0.446631 0.857855 0.776522 0.847511 0.26256 0.493183 0.28117 0.0494102 0.586053 0.779902 0.741214 0.184083 0.131025 0.231333 0.555611 0.94639 0.488991 
65 31 80 46 84 29 
0.0947156 0.763011 0.855522 0.118555 0.352066 0.843874 0.341061 0.235164 0.132005 0.787692 0.0930192 0.908527 0.635203 0.35558 0.401711 0.916374 0.40499 0.987764 0.696275 0.146204 0.171847 0.8273 0.377537 0.727459 0.77369 0.866528 0.997767 0.976202 0.455658 0.228736 0.125241 0.550374 0.991747 0.980763 0.668929 0.343813 0.824637 0.00999057 0.578977 0.956642 0.797683 0.671996 0.86517 0.432886 0.0275758 0.26688 0.34926 0.432566 0.254644 0.045535 0.57877 0.426491 0.872835 0.956307 0.15395 0.646525 0.822835 0.151717 0.622728 0.278493 0.380453 0.747969 0.828867 0.3722 
66 21 0 90 76 67 
0.29499 0.510011 0.30547 0.966986 0.375181 0.738356 0.994562 0.642061 0.0876161 0.427127 0.896705 0.133151 0.00589719 0.323197 0.00598639 0.962204 0.477147 0.652512 0.78504 0.628864 0.275239 0.063533 0.00931642 0.0232079 0.8924 0.381516 0.75194 0.390197 0.0975292 0.305309 0.897984 0.392519 0.81532 0.203454 0.359505 0.190501 0.941811 0.354067 0.832562 0.0294267 0.781194 0.729267 0.162578 0.787091 0.0524638 0.168564 0.749296 0.529611 0.821076 0.534335 0.158474 0.0963151 0.597868 0.167791 0.119523 0.490269 0.549307 0.871463 0.880466 0.646836 0.176772 0.77845 0.039355 0.992092 
67 86 27 84 46 55 
0.953141 0.53412 0.744422 0.115719 0.321212 0.796886 0.284283 0.0705071 0.326496 0.105359 0.604842 0.48497 0.201674 0.20271 0.652761 0.321197 0.692979 0.202068 0.19266 0.573444 0.848904 0.369432 0.351894 0.888259 0.361523 0.333798 0.287119 0.544116 0.257513 0.0400452 0.559271 0.210654 0.574166 0.303692 0.326373 0.895377 0.100578 0.610656 0.965884 0.427074 0.716015 0.570726 0.912044 0.91769 0.773437 0.564805 0.238887 0.466415 0.766873 0.431547 0.0398596 0.615777 0.800979 0.391754 0.504035 0.162502 0.725551 0.791154 0.706618 0.983064 0.831199 0.265889 0.193718 0.405365 
68 66 37 29 53 48 
0.0972328 0.846762 0.837353 0.00927693 0.764452 0.61079 0.574082 0.00333882 0.0772052 0.340955 0.434886 0.117065 0.956731 0.235865 0.508818 0.460766 0.398367 0.23437 0.251921 0.104986 0.217434 0.08312 0.370874 0.411151 0.488485 0.940456 0.931242 0.789227 0.610615 0.0619887 0.0558541 0.707847 0.908751 0.893207 0.717124 0.673203 0.503997 0.291206 0.676541 0.581202 0.632161 0.111427 0.698267 0.588892 0.347292 0.207085 0.0496582 0.745659 0.441455 0.301579 0.850645 0.658889 0.384699 0.221519 0.07004 0.873184 0.161975 0.00128197 0.662411 0.77259 0.0632707 0.718265 0.480437 0.972021 
69 61 87 64 49 29 
0.321765 0.696672 0.120928 0.433193 0.394939 0.70982 0.780485 0.602024 0.759478 0.526145 0.0434788 0.0610567 0.37679 0.702367 0.445755 0.598309 0.772407 0.318939 0.760284 0.773689 0.981351 0.532873 0.83696 0.699616 0.0133103 0.808981 0.311088 0.210871 0.454205 0.426558 0.699639 0.775971 0.12323 0.820567 0.209164 0.518168 0.530386 0.989649 0.120192 0.289864 0.515793 0.163671 0.350921 0.892583 0.866038 0.796676 0.490892 0.638446 0.115616 0.251176 0.412135 0.0969662 0.784049 0.249095 0.796582 0.79736 0.0580768 0.107671 0.00823113 0.512282 0.534229 0.70787 0.288253 0.657458 
70 50 5 31 59 81 
0.295819 0.348687 0.00285897 0.45949 0.699608 0.895442 0.325528 0.496284 0.386334 0.963974 0.6119 0.63751 0.37611 0.708866 0.421559 0.625205 0.505448 0.218919 0.683282 0.613119 0.22715 0.195564 0.147347 0.93502 0.483817 0.804805 0.463456 0.981234 0.980432 0.522279 0.4683 0.276251 0.870966 0.471159 0.735741 0.570574 0.366601 0.0612695 0.0668576 0.752934 0.0252439 0.678757 0.390444 0.401354 0.387623 0.812003 0.0265587 0.893071 0.0309215 0.709841 0.50619 0.258071 0.905405 0.653537 0.193091 0.389222 0.458343 0.656547 0.370456 0.438775 0.178826 0.838756 0.715026 0.0497914 
71 80 0 14 56 47 
0.687223 0.429451 0.53728 0.36598 0.819895 0.938634 0.753603 0.631898 0.965193 0.646674 0.662819 0.675033 0.152864 0.92089 0.580438 0.806402 0.113981 0.96966 0.264744 0.770528 0.340116 0.703519 0.949354 0.178873 0.418545 0.999145 0.488788 0.869311 0.61951 0.165304 0.381348 0.306733 0.594755 0.918628 0.672712 0.41465 0.857262 0.426316 0.0465475 0.822455 0.07299 0.709367 0.497488 0.225854 0.630257 0.0779255 0.0322559 0.744238 0.0475855 0.297 0.514766 0.387702 0.000518873 0.46412 0.566575 0.419064 0.463265 0.0553633 0.288375 0.0827745 0.220668 0.669723 0.389507 0.815423 
72 23 83 54 81 68 
0.27662 0.268067 0.561525 0.985987 0.765555 0.787379 0.616244 0.84348 0.819635 0.360482 0.891066 0.116635 0.875248 0.278768 0.117154 0.339368 0.845343 0.536218 0.802632 0.900706 0.824593 0.885407 0.121374 0.494315 0.274914 0.936797 0.0826659 0.337133 0.166869 0.528279 0.825668 0.44349 0.796346 0.387193 0.429477 0.5619 0.174573 0.0457204 0.405381 0.994208 0.406202 0.296447 0.110843 0.28145 0.575214 0.227997 0.620818 0.420557 0.764215 0.42345 0.321263 0.588807 0.308857 0.442637 0.0831227 0.583771 0.379434 0.165789 0.920904 0.546303 0.694067 0.746572 0.989793 0.490413 
73 34 12 61 44 47 
0.457694 0.302546 0.871192 0.75414 0.413389 0.152643 0.329355 0.641387 0.773461 0.749912 0.405601 0.196911 0.0711751 0.994409 0.505767 0.513812 0.0775315 0.0895379 0.893246 0.24332 0.0104417 0.439549 0.937387 0.757014 0.429342 0.4278 0.890779 0.848612 0.480113 0.199118 0.313602 0.937807 0.501664 0.184794 0.691948 0.915053 0.337437 0.0213023 0.55644 0.110898 0.771214 0.962041 0.307808 0.842389 0.95645 0.813576 0.356201 0.0339815 0.903114 0.249448 0.277302 0.913555 0.688997 0.214689 0.670569 0.118339 0.642489 0.561348 0.966951 0.122602 0.760466 0.280553 0.0604094 0.26213 
74 65 38 19 43 61 
0.733622 0.913682 0.544873 0.695663 0.22149 0.387263 0.652113 0.0350659 0.743464 0.686095 0.93818 0.992912 0.963396 0.851735 0.681908 0.178085 0.522304 0.800248 0.820574 0.0836523 0.767199 0.943176 0.844118 0.0477518 0.00358573 0.106248 0.513099 0.755943 0.28343 0.315883 0.529602 0.0170526 0.229565 0.0744751 0.712716 0.451056 0.461738 0.364829 0.486121 0.205202 0.0509237 0.424301 0.198113 0.01432 0.276036 0.880022 0.192405 0.79834 0.680269 0.0129794 0.881992 0.447468 0.956156 0.72611 0.49522 0.959741 0.832358 0.00831903 0.715684 0.115789 0.324202 0.245286 0.132841 0.553768 
75 45 20 17 79 22 
0.490945 0.9867 0.26131 0.915246 0.184814 0.27563 0.191282 0.0648355 0.468035 0.989621 0.745105 0.481014 0.871613 0.192573 0.43717 0.597724 0.687793 0.396911 0.430082 0.696112 0.112595 0.54587 0.0203146 0.357881 0.678711 0.574082 0.677642 0.524268 0.578906 0.459141 0.734654 0.0698504 0.445841 0.995964 0.985096 0.630655 0.271593 0.176378 0.69549 0.739628 0.165999 0.440595 0.220642 0.0376122 0.633168 0.657812 0.635336 0.320961 0.0547229 0.0654174 0.0170735 0.167318 0.611288 0.037388 0.525199 0.289999 0.61147 0.202842 0.814267 0.190376 0.661982 0.548921 0.260226 0.107823 
76 59 64 38 44 40 
0.433968 0.556105 0.587699 0.874563 0.776747 0.625312 0.507732 0.434559 0.260647 0.828693 0.489281 0.326065 0.845766 0.6566 0.937352 0.883154 0.181799 0.227351 0.494625 0.384641 0.0416181 0.685001 0.0466232 0.590539 0.945227 0.154447 0.135424 0.19055 0.892924 0.951901 0.61225 0.326893 0.508006 0.19995 0.201456 0.284753 0.825261 0.709188 0.719312 0.0859085 0.53788 0.208593 0.411973 0.383647 0.865193 0.349326 0.266801 0.0469923 0.576677 0.761426 0.431633 0.618295 0.446427 0.478256 0.208834 0.391654 0.632703 0.344258 0.582204 0.525627 0.296159 0.194455 0.85252 0.804165 
77 81 53 3 26 20 
0.80823 0.305574 0.301044 0.016823 0.717547 0.684691 0.882016 0.0668727 0.951492 0.929008 0.643549 0.712918 0.360641 0.261844 0.159345 0.838898 0.470678 0.550999 0.471601 0.814936 0.133204 0.997228 0.111094 0.327658 0.849748 0.915259 0.722062 0.903724 0.00417697 0.941728 0.666887 0.812407 0.247301 0.967931 0.82923 0.964849 0.652622 0.711246 0.0317212 0.604114 0.640254 0.675271 0.317032 0.000895473 0.937115 0.476377 0.839793 0.407793 0.0273767 0.311394 0.222729 0.16058 0.308622 0.333823 0.488238 0.15837 0.249082 0.210301 0.0620938 0.253259 0.152028 0.728981 0.0656657 0.39933 
78 68 39 13 59 61 
0.395899 0.953649 0.246395 0.07117 0.270681 0.247291 0.00828482 0.747058 0.0870839 0.416078 0.774435 0.398478 0.638807 0.935015 0.7071 0.97263 0.423254 0.86547 0.221712 0.633554 0.927563 0.474971 0.785582 0.656545 0.540636 0.184912 0.353457 0.435532 0.54909 0.702992 0.0416729 0.94499 0.65664 0.288068 0.0161597 0.927321 0.535359 0.0244446 0.67438 0.622443 0.440522 0.448815 0.0209204 0.0793291 0.38383 0.72802 0.0519587 0.807083 0.59349 0.27367 0.440638 0.521053 0.748641 0.22622 0.177598 0.289277 0.411132 0.531055 0.724809 0.960223 0.234046 0.766482 0.905212 0.890687 
79 89 46 71 9 70 
0.492388 0.212352 0.386339 0.941202 0.233272 0.465668 0.325032 0.961292 0.517627 0.132116 0.554782 0.791297 0.572753 0.0758349 0.539938 0.798974 0.253432 0.829216 0.210106 0.784487 0.554025 0.170329 0.0185336 0.320507 0.0755409 0.909221 0.375058 0.996913 0.727229 0.964967 0.94273 0.219617 0.177318 0.329069 0.160819 0.41059 0.794737 0.485851 0.371883 0.312364 0.617967 0.926664 0.103661 0.19072 0.00249931 0.6436 0.989694 0.255932 0.472815 0.1998 0.040419 0.0268406 0.370128 0.0589526 0.347348 0.445669 0.968173 0.722406 0.442582 0.695402 0.687373 0.385312 0.915018 0.864691 
80 8 62 38 31 58 
0.821482 0.179655 0.573828 0.925143 0.370376 0.576328 0.568743 0.36007 0.83226 0.0415584 0.55987 0.872679 0.068399 0.929998 0.931631 0.415747 0.375667 0.899804 0.138153 0.81825 0.595206 0.825525 0.203562 0.510224 0.690216 0.917943 0.586062 0.965498 0.427061 0.14775 0.612662 0.248543 0.327406 0.18649 0.173686 0.697782 0.762818 0.742429 0.0578514 0.595077 0.783988 0.617721 0.467756 0.852386 0.547719 0.399387 0.268133 0.923386 0.299191 0.406286 0.741636 0.894398 0.231812 0.945198 0.404622 0.922028 0.86314 0.990684 0.887525 0.290201 0.138434 0.500187 0.538744 0.46584 
81 51 86 11 59 84 
0.221473 0.0445725 0.238847 0.839194 0.512329 0.0912335 0.386913 0.911716 0.359367 0.310299 0.210907 0.765653 0.0519348 0.105305 0.997465 0.997132 0.509927 0.919493 0.860273 0.50061 0.807018 0.150474 0.639044 0.307205 0.689218 0.104884 0.993882 0.401648 0.268506 0.443377 0.856508 0.489979 0.48795 0.0953549 0.329172 0.000278255 0.186588 0.716085 0.911994 0.545955 0.0263844 0.122901 0.311609 0.0783192 0.228206 0.309073 0.0754515 0.738133 0.228566 0.935724 0.238743 0.035584 0.086198 0.877787 0.342789 0.775416 0.982672 0.336671 0.177064 0.251178 0.780048 0.0335723 0.741156 0.267998 
82 57 47 22 84 65 
0.18027 0.861471 0.812798 0.303171 0.17308 0.891117 0.531377 0.482153 0.966569 0.26951 0.710719 0.902293 0.508253 0.746303 0.988491 0.38604 0.0890919 0.763907 0.368712 0.425763 0.940972 0.619889 0.205811 0.974544 0.361046 0.473809 0.103471 0.431374 0.742085 0.418987 0.217788 0.922355 0.280458 0.0305864 0.225526 0.453537 0.921704 0.756904 0.93569 0.888273 0.0264133 0.646409 0.790566 0.534666 0.392712 0.779057 0.920706 0.481804 0.542965 0.289418 0.907567 0.483936 0.909307 0.113378 0.45848 0.270353 0.587187 0.561951 0.701727 0.329272 0.980938 0.919515 0.251627 0.261396 
83 43 5 33 89 80 
0.760079 0.26047 0.297032 0.550645 0.795136 0.689744 0.329702 0.715842 0.171548 0.872667 0.00526049 0.0791148 0.356604 0.914568 0.192493 0.815084 0.184921 0.77968 0.377035 0.886648 0.108952 0.357974 0.806163 0.360579 0.619369 0.756265 0.837732 0.334302 0.628071 0.0717894 0.984925 0.38815 0.33226 0.281956 0.938794 0.127396 0.9717 0.268497 0.843239 0.143248 0.141164 0.848499 0.222363 0.497767 0.763067 0.414856 0.312851 0.947988 0.194536 0.689887 0.834636 0.303487 0.0478604 0.6408 0.664066 0.66723 0.397065 0.501798 0.00153139 0.0251357 0.573588 0.986456 0.413285 0.905848 
84 44 66 40 32 81 
0.876482 0.383361 0.76174 0.724981 0.605724 0.259508 0.488048 0.0205802 0.572359 0.436036 0.215116 0.262246 0.270672 0.518603 0.310106 0.911472 0.182669 0.977336 0.308537 0.684468 0.978867 0.333672 0.258056 0.965323 0.746957 0.163903 0.233735 0.0990371 0.197147 0.473848 0.719613 0.0736294 0.857209 0.481354 0.798611 0.462933 0.740861 0.286659 0.483514 0.31322 0.722695 0.69863 0.575466 0.993367 0.217233 0.885572 0.904839 0.399902 0.862907 0.213376 0.08437 0.841774 0.547048 0.342426 0.807098 0.294006 0.506329 0.0408329 0.393043 0.703476 0.514681 0.112656 0.777106 0.37189 
85 50 83 7 84 73 
0.318337 0.648091 0.58507 0.016967 0.223556 0.578438 0.2342 0.109128 0.483277 0.634102 0.972036 0.696653 0.718472 0.81381 0.243701 0.0608977 0.620908 0.537706 0.567227 0.661741 0.930749 0.270703 0.176422 0.0434049 0.0478092 0.548312 0.637415 0.623526 0.383136 0.972285 0.485901 0.701473 0.620376 0.0709716 0.71844 0.843932 0.649409 0.95264 0.953061 0.132686 0.586742 0.925096 0.829339 0.305214 0.738906 0.0730399 0.366112 0.359814 0.610746 0.933339 0.0215547 0.541495 0.204042 0.197976 0.5849 0.251851 0.746288 0.222314 0.875377 0.129424 0.1946 0.361278 0.830898 0.814976 
86 25 82 14 81 4 
0.214345 0.08872 0.537065 0.0436844 0.393934 0.275971 0.116724 0.760045 0.635785 0.72747 0.693384 0.65734 0.268965 0.897426 0.855316 0.853865 0.149277 0.601605 0.0761797 0.024654 0.731029 0.270779 0.385932 0.561927 0.0857551 0.818181 0.111265 0.744663 0.89984 0.613243 0.356632 0.114186 0.701963 0.893697 0.15787 0.0958965 0.169668 0.274594 0.855942 0.805453 0.00206445 0.549326 0.462794 0.27103 0.446752 0.31811 0.124895 0.596029 0.919715 0.201075 0.620683 0.650744 0.471854 0.00661484 0.212671 0.557609 0.824796 0.323935 0.302272 0.724636 0.937178 0.658904 0.838822 0.639141 
87 6 80 25 65 24 
0.590979 0.527722 0.27335 0.140305 0.990516 0.54438 0.587057 0.308626 0.669275 0.183086 0.228341 0.87035 0.803769 0.879084 0.342204 0.810384 0.091755 0.899813 0.63518 0.41569 0.202086 0.359816 0.352868 0.86099 0.198638 0.992009 0.413591 0.19533 0.727046 0.13586 0.466616 0.318025 0.663582 0.739967 0.45833 0.654098 0.284347 0.0453866 0.962724 0.953622 0.228472 0.191065 0.823972 0.0322411 0.0701494 0.166176 0.842625 0.161904 0.0659895 0.477804 0.577595 0.268075 0.837621 0.930463 0.129065 0.036259 0.922471 0.542656 0.231589 0.649517 0.678516 0.698205 0.967542 0.342098 
88 16 45 73 35 4 
0.958921 0.676141 0.699731 0.149986 0.500113 0.731972 0.220135 0.666289 0.574596 0.382039 0.732278 0.0524009 0.959634 0.000353587 0.890022 0.890096 0.129419 0.926281 0.812568 0.672075 0.15787 0.462085 0.350591 0.856075 0.429627 0.692689 0.294247 0.855499 0.688885 0.0167652 0.326757 0.647806 0.692906 0.0264876 0.797791 0.193018 0.758459 0.0179261 0.859307 0.333056 0.399965 0.591585 0.385457 0.359599 0.591939 0.275478 0.249696 0.721358 0.201759 0.0622636 0.393433 0.359629 0.524348 0.744023 0.215704 0.953975 0.436712 0.50995 0.809474 0.125597 0.526715 0.136231 0.773402 0.219621 
89 30 35 15 39 19 
0.254233 0.989085 0.863532 0.63969 0.348684 0.455471 0.915169 0.59838 0.176829 0.116928 0.660644 0.570261 0.476556 0.184992 0.314284 0.69226 0.138967 0.750996 0.20221 0.948441 0.876593 0.728925 0.0846719 0.649995 0.948547 0.24739 0.221189 0.361186 0.168568 0.810308 0.633133 0.422801 0.799393 0.496665 0.0624915 0.148078 0.952136 0.97766 0.746458 0.128965 0.0945877 0.407102 0.699226 0.571144 0.592094 0.0135106 0.263404 0.731061 0.764507 0.465614 0.679503 0.641099 0.194539 0.764175 0.291095 0.143086 0.0115647 0.512283 0.504272 0.180132 0.322591 0.137405 0.602934 0.121984 
90 30 57 29 77 19 
0.01652 0.71517 0.737673 0.423622 0.414396 0.308817 0.0157155 0.427907 0.572221 0.746777 0.192413 0.0378345 0.42628 0.833513 0.232374 0.190454 0.124607 0.37546 0.202019 0.63689 0.879732 0.382151 0.959482 0.0171361 0.985085 0.0814661 0.651205 0.65051 0.351528 0.237411 0.293595 0.368048 0.95258 0.0312682 0.79167 0.366976 0.340085 0.807385 0.794883 0.912306 0.554162 0.987296 0.95014 0.980442 0.820809 0.182514 0.170896 0.945416 0.557973 0.372915 0.582306 0.437705 0.755066 0.541788 0.454841 0.740151 0.623254 0.106047 0.390661 0.974782 0.343457 0.684256 0.34283 0.296037 
