34 3
1 1 1 1 0 0 1 1 1 0 0 1 0 0 1 1 1 1 0 0 0 0 0 0 0 1 0 0 0 0 0 1 0 0 
0 12 16 
0.819994 0.715427 0.103869 0.00795642 0.587151 0.795431 0.370686 0.695223 
1 19 33 
0.204851 0.567304 0.147479 0.217778 0.852697 0.100684 0.561672 0.145862 
2 0 22 
0.820645 0.934477 0.235761 0.9557 0.889019 0.187267 0.0353746 0.347947 
3 13 27 
0.167941 0.951161 0.333402 0.175898 0.538313 0.128833 0.546584 0.233536 
4 1 19 
0.893118 0.487149 0.414845 0.0405967 0.704927 0.267543 0.141281 0.266598 
5 11 21 
0.711045 0.234049 0.196855 0.946806 0.189749 0.0858745 0.134073 0.225124 
6 26 10 
0.454657 0.601763 0.320969 0.788059 0.777661 0.859281 0.916893 0.324245 
7 19 31 
0.171785 0.985935 0.686339 0.586631 0.0265318 0.391266 0.854173 0.167813 
8 30 12 
0.430191 0.368909 0.501627 0.627046 0.315715 0.691376 0.71292 0.449788 
9 5 33 
0.371156 0.748505 0.140564 0.159215 0.526166 0.999845 0.0761079 0.850411 
10 13 33 
0.0221963 0.0785974 0.961637 0.608827 0.105129 0.352903 0.463 0.272942 
11 17 28 
0.703133 0.379676 0.232204 0.330179 0.695391 0.923579 0.0430991 0.145179 
12 23 9 
0.964775 0.211235 0.938346 0.105339 0.37045 0.464512 0.105184 0.446558 
13 18 12 
0.721856 0.337119 0.276443 0.683493 0.945946 0.381572 0.0363953 0.408946 
14 16 7 
0.139523 0.357647 0.426838 0.371727 0.687826 0.12223 0.295307 0.730925 
15 33 22 
0.920766 0.232184 0.34662 0.859113 0.337522 0.71707 0.323625 0.442706 
16 3 19 
0.640552 0.885484 0.975667 0.916995 0.568976 0.921613 0.298567 0.605372 
17 28 19 
0.652534 0.470083 0.310729 0.0793724 0.84181 0.998556 0.201602 0.137117 
18 1 19 
0.272502 0.650247 0.701195 0.619122 0.50936 0.0387177 0.336191 0.832985 
19 24 6 
0.471533 0.121976 0.385303 0.4472 0.0389708 0.954279 0.368813 0.337538 
20 23 22 
0.29062 0.212185 0.169455 0.60135 0.291557 0.011265 0.599905 0.49316 
21 27 31 
0.962171 0.420884 0.979633 0.663366 0.0400052 0.488993 0.702084 0.376197 
22 10 28 
0.876016 0.79351 0.305484 0.261319 0.24071 0.344454 0.215598 0.609523 
23 1 15 
0.308895 0.972613 0.987434 0.47835 0.573962 0.278991 0.489615 0.173867 
24 22 26 
0.503253 0.734322 0.05888 0.482886 0.397688 0.0988852 0.971879 0.0997721 
25 27 22 
0.28328 0.351098 0.0873675 0.588763 0.612416 0.328077 0.933218 0.828014 
26 30 32 
0.603263 0.246495 0.587823 0.590697 0.724845 0.161785 0.869688 0.21446 
27 19 22 
0.852456 0.838906 0.376161 0.911336 0.321792 0.773849 0.0102211 0.293672 
28 18 22 
0.587529 0.156901 0.836401 0.674896 0.745664 0.448817 0.00297378 0.678882 
29 21 32 
0.294093 0.880094 0.187069 0.881916 0.470791 0.911914 0.0437008 0.34048 
30 21 32 
0.982319 0.978829 0.218259 0.358479 0.890165 0.540051 0.132328 0.900386 
31 23 30 
0.385689 0.421252 0.16285 0.22209 0.0961481 0.908515 0.670907 0.0991218 
32 12 27 
0.0396957 0.88149 0.827832 0.226765 0.763405 0.298623 0.138678 0.807106 
33 11 0 
0.186459 0.621421 0.243881 0.404718 0.979901 0.134046 0.94477 0.112229 
