65 7
0 1 1 1 0 0 0 0 1 1 1 1 1 1 0 1 0 0 1 1 0 0 0 0 0 1 0 0 0 0 1 1 0 0 1 1 1 0 0 1 0 1 1 0 1 0 1 0 0 1 1 1 1 0 0 0 0 0 1 1 1 0 1 1 1 
0 43 42 53 20 18 55 
0.925272 0.813616 0.145018 0.890155 0.0652341 0.244956 0.279117 0.82541 0.943185 0.76274 0.768379 0.0278481 0.044135 0.264711 0.244303 0.25411 0.716802 0.345789 0.54495 0.567479 0.718754 0.386103 0.071553 0.475175 0.335654 0.676735 0.87344 0.376938 0.437178 0.25556 0.63949 0.36245 0.0691767 0.784508 0.252605 0.134411 0.0294648 0.531723 0.959821 0.97265 0.294463 0.7282 0.00049758 0.338598 0.992911 0.244801 0.592707 0.709713 0.590589 0.137658 0.277192 0.309344 0.52376 0.348745 0.784519 0.859415 0.0254798 0.657958 0.236353 0.462658 0.913519 0.875843 0.825108 0.982696 0.660352 0.0777133 0.117106 0.689817 0.609436 0.0769275 0.662466 0.903899 0.805127 0.662964 0.242496 0.798038 0.907765 0.835204 0.507751 0.498354 0.972861 0.784943 0.807698 0.496622 0.133687 0.592216 0.356036 0.159167 0.250175 0.592389 0.621825 0.163693 0.468233 0.446933 0.146389 0.128585 0.524646 0.263495 0.818401 0.134082 0.340423 0.480868 0.0379804 0.14555 0.143831 0.280477 0.943588 0.0515959 0.115681 0.45134 0.54995 0.0885423 0.236282 0.357647 0.585164 0.369969 0.949864 0.9412 0.529136 0.200038 0.533589 0.150961 0.363732 0.00182198 0.597894 0.51012 0.130407 0.12254 
1 48 61 63 9 4 34 
0.573507 0.575079 0.203177 0.625103 0.690759 0.654517 0.175052 0.779302 0.890799 0.5327 0.364465 0.260768 0.482564 0.305666 0.789905 0.682602 0.839255 0.940866 0.0463335 0.841077 0.538759 0.556454 0.971483 0.661299 0.33007 0.920291 0.91792 0.444108 0.349966 0.212522 0.703697 0.923473 0.787601 0.906874 0.548576 0.47836 0.56139 0.723628 0.257662 0.452189 0.256328 0.622127 0.712957 0.738892 0.927793 0.502862 0.421494 0.767047 0.443727 0.467827 0.608124 0.982487 0.0242811 0.579608 0.643786 0.354351 0.499899 0.561706 0.798459 0.849865 0.774229 0.502155 0.773338 0.561829 0.409029 0.321914 0.0401894 0.970419 0.0455418 0.297851 0.422608 0.30187 0.919978 0.135566 0.0407616 0.847771 0.638428 0.462255 0.614818 0.0821551 0.930082 0.222942 0.064642 0.954363 0.80255 0.708428 0.308714 0.302449 0.270134 0.107173 0.152314 0.0443628 0.609328 0.925652 0.606192 0.0183573 0.247566 0.646381 0.988777 0.293108 0.944232 0.411385 0.594977 0.864211 0.546951 0.635739 0.711981 0.185379 0.0979942 0.326799 0.267534 0.0280766 0.549742 0.332176 0.98244 0.352292 0.0406035 0.291154 0.65474 0.310738 0.398327 0.807054 0.355101 0.00765514 0.732706 0.961293 0.0260124 0.980272 
2 25 26 30 63 56 6 
0.973125 0.504096 0.128098 0.158504 0.60209 0.454898 0.426037 0.630167 0.0046395 0.758213 0.612607 0.356931 0.798816 0.903761 0.0116718 0.109554 0.302088 0.818726 0.464655 0.309743 0.551432 0.425947 0.335755 0.531704 0.0336213 0.350544 0.805084 0.585528 0.776719 0.67344 0.00164488 0.749844 0.177536 0.129743 0.908348 0.779626 0.584641 0.334385 0.409793 0.58928 0.092598 0.0223997 0.946212 0.891414 0.92616 0.957883 0.000968513 0.228248 0.776609 0.465623 0.537991 0.328042 0.89157 0.873746 0.859746 0.925192 0.22429 0.66483 0.51072 0.0010088 0.33827 0.512365 0.750853 0.515806 0.642108 0.6592 0.295433 0.226749 0.993585 0.705226 0.816029 0.0861833 0.727626 0.762241 0.977598 0.653786 0.720124 0.978566 0.882034 0.496733 0.444189 0.420025 0.824775 0.33576 0.29377 0.684521 0.260952 0.518061 0.349351 0.771671 0.519069 0.687621 0.284036 0.269922 0.203427 0.926143 0.929122 0.49886 0.152892 0.922708 0.204086 0.968921 0.00889091 0.931711 0.731161 0.986489 0.585497 0.451285 0.965055 0.467531 0.948019 0.409244 0.887556 0.772794 0.745004 0.181326 0.457315 0.00595531 0.699387 0.806666 0.777626 0.218456 0.494286 0.0616621 0.488378 0.697713 0.987805 0.417501 
3 63 50 17 34 23 7 
0.33237 0.840779 0.335588 0.917867 0.292065 0.300643 0.385398 0.240083 0.709887 0.272954 0.0128774 0.45489 0.45428 0.470192 0.460846 0.153667 0.276858 0.238472 0.372123 0.771145 0.300134 0.860501 0.468858 0.28794 0.278002 0.665431 0.428637 0.61821 0.0660902 0.538255 0.96731 0.39846 0.379035 0.302898 0.316328 0.671099 0.60354 0.701726 0.911183 0.313427 0.97468 0.92406 0.768317 0.42896 0.394253 0.229163 0.582626 0.671111 0.467635 0.954749 0.442255 0.767769 0.815251 0.911113 0.0557089 0.0932527 0.576545 0.484346 0.711463 0.642635 0.0226013 0.678773 0.041095 0.401636 0.981671 0.357423 0.0727353 0.585211 0.0591483 0.983918 0.898637 0.033828 0.907978 0.666955 0.462788 0.302231 0.896117 0.0454139 0.973341 0.363752 0.000163251 0.415597 0.131521 0.815414 0.32671 0.18723 0.908667 0.903254 0.671576 0.62013 0.545889 0.694178 0.298903 0.586984 0.0958136 0.280573 0.944407 0.168549 0.865784 0.00355495 0.152467 0.764421 0.0373829 0.0604451 0.431376 0.500171 0.362676 0.327493 0.545584 0.336017 0.691245 0.545748 0.751614 0.822767 0.361162 0.0783238 0.0099971 0.269828 0.981578 0.681573 0.889958 0.527467 0.375751 0.188861 0.114451 0.471565 0.469434 0.0588579 
4 55 12 62 11 34 9 
0.853026 0.531015 0.599966 0.215701 0.858508 0.145551 0.551719 0.549754 0.691298 0.303333 0.37252 0.0524601 0.381656 0.382518 0.322288 0.363235 0.064091 0.212246 0.890702 0.439842 0.401107 0.00515305 0.911407 0.870541 0.064011 0.55152 0.205759 0.126424 0.344101 0.305398 0.22622 0.197127 0.836413 0.826186 0.412828 0.694921 0.971737 0.964547 0.244675 0.663035 0.26788 0.617195 0.715495 0.649536 0.999713 0.0377835 0.0127705 0.0638038 0.25003 0.903472 0.503646 0.651137 0.908625 0.415053 0.521677 0.972636 0.966573 0.727436 0.0990601 0.310674 0.0328339 0.32528 0.507801 0.869247 0.151466 0.920629 0.564168 0.123202 0.885176 0.808843 0.786237 0.153055 0.426038 0.501733 0.802591 0.425751 0.539516 0.815362 0.489554 0.789546 0.718834 0.9932 0.440682 0.627459 0.408253 0.96236 0.600096 0.374826 0.689796 0.699156 0.685501 0.72263 0.0244355 0.193301 0.591876 0.175901 0.11393 0.156044 0.299103 0.999106 0.964887 0.0853408 0.152161 0.390925 0.587073 0.954752 0.816675 0.126589 0.770114 0.306229 0.916135 0.488948 0.29943 0.356818 0.116407 0.707683 0.319177 0.716503 0.082509 0.00897331 0.415659 0.768009 0.731603 0.440094 0.961311 0.32348 0.615995 0.0752409 
5 36 7 39 63 18 3 
0.587513 0.18126 0.65201 0.714102 0.951374 0.95824 0.630237 0.440322 0.257669 0.987055 0.556729 0.965352 0.306232 0.273232 0.047861 0.315206 0.68889 0.81587 0.0468088 0.128985 0.777181 0.370288 0.74498 0.852422 0.849812 0.660079 0.926769 0.294223 0.660518 0.153277 0.129558 0.248031 0.334537 0.781568 0.962134 0.28591 0.739808 0.592371 0.726232 0.997478 0.579426 0.282961 0.96283 0.885659 0.556193 0.0106906 0.200864 0.245083 0.826561 0.247673 0.374068 0.603742 0.617961 0.119048 0.456165 0.467774 0.779127 0.382933 0.761997 0.439645 0.53621 0.891555 0.687676 0.870747 0.673123 0.64981 0.156657 0.412931 0.242181 0.882889 0.410409 0.821607 0.16585 0.373238 0.707266 0.722043 0.383929 0.90813 0.967126 0.21049 0.155803 0.341194 0.814233 0.773764 0.460242 0.270397 0.241538 0.239369 0.65333 0.00353454 0.679014 0.189541 0.895089 0.36669 0.0602873 0.568212 0.0164998 0.216944 0.981144 0.258681 0.0998337 0.391552 0.0802877 0.265684 0.764791 0.787553 0.987727 0.14872 0.695683 0.954853 0.35921 0.851486 0.296048 0.173443 0.62525 0.75629 0.44384 0.866788 0.995659 0.0971701 0.870323 0.674672 0.286711 0.765412 0.0413625 0.346998 0.333624 0.0578623 
6 30 16 18 27 35 31 
0.184384 0.917187 0.619831 0.880067 0.87204 0.979041 0.731553 0.168088 0.152483 0.356803 0.924378 0.596323 0.223591 0.920036 0.693493 0.0939137 0.594709 0.980204 0.859326 0.636071 0.327202 0.19295 0.693933 0.891144 0.507717 0.0104765 0.55492 0.214038 0.407307 0.48438 0.685148 0.591691 0.401567 0.304979 0.471758 0.273608 0.28402 0.203311 0.441696 0.436504 0.560114 0.366073 0.0328268 0.783705 0.286109 0.72632 0.877618 0.880818 0.706524 0.736944 0.516889 0.0337259 0.929893 0.210823 0.92487 0.437611 0.221299 0.479791 0.651648 0.628606 0.964171 0.336797 0.220297 0.365738 0.641776 0.692055 0.639346 0.925796 0.895366 0.0810414 0.3623 0.45548 0.447115 0.395127 0.239184 0.733224 0.121447 0.116802 0.614042 0.827971 0.853746 0.130931 0.861697 0.78364 0.341754 0.786567 0.22125 0.563053 0.266358 0.872899 0.191659 0.230529 0.209696 0.411956 0.596267 0.851472 0.104012 0.235613 0.777268 0.999378 0.316654 0.139569 0.454857 0.763769 0.534696 0.694042 0.496992 0.656143 0.810844 0.111034 0.484114 0.66459 0.241965 0.345811 0.448229 0.583719 0.132378 0.66948 0.146772 0.398736 0.542379 0.338431 0.629264 0.752074 0.750387 0.225531 0.603546 0.854399 
7 33 26 9 14 52 34 
0.541567 0.0550789 0.00267587 0.0385592 0.711222 0.81352 0.149594 0.195335 0.47811 0.391559 0.541146 0.926339 0.975278 0.673524 0.595819 0.12205 0.0722597 0.138198 0.460481 0.701524 0.890272 0.210868 0.927056 0.493818 0.0652672 0.3882 0.874633 0.919044 0.165998 0.395016 0.227678 0.707565 0.450095 0.230354 0.746124 0.161317 0.043874 0.895717 0.356652 0.521984 0.287277 0.897798 0.448323 0.262555 0.571322 0.0441417 0.384605 0.643582 0.182339 0.845086 0.345106 0.0726111 0.0559537 0.272162 0.566429 0.121221 0.660361 0.441062 0.040265 0.826359 0.836079 0.267943 0.533924 0.286174 0.498298 0.280048 0.447491 0.542172 0.175765 0.804143 0.0641553 0.463042 0.701941 0.512478 0.725596 0.273263 0.55662 0.110201 0.916845 0.738959 0.955287 0.261951 0.81157 0.0112405 0.534112 0.377999 0.132461 0.194474 0.819062 0.172726 0.0208327 0.655141 0.44067 0.554756 0.941315 0.938967 0.834804 0.388806 0.481139 0.0105692 0.192949 0.545294 0.473611 0.89489 0.0577723 0.199207 0.168153 0.614392 0.309408 0.0849976 0.353351 0.264695 0.346948 0.164921 0.275936 0.881061 0.54292 0.408397 0.0755341 0.361982 0.581124 0.0963668 0.0171225 0.0217935 0.651123 0.958437 0.960761 0.485927 
8 36 25 12 0 15 21 
0.435081 0.0449667 0.169315 0.603234 0.659359 0.478723 0.688232 0.0127096 0.743419 0.03518 0.17763 0.0193543 0.916241 0.720551 0.427752 0.991775 0.0825326 0.00887534 0.0881415 0.0996551 0.0306689 0.739265 0.0580923 0.99143 0.225192 0.405335 0.43333 0.721689 0.945527 0.420524 0.691796 0.380608 0.465491 0.861111 0.983842 0.12485 0.339834 0.672073 0.137559 0.0832526 0.707253 0.31519 0.102607 0.623494 0.0357405 0.530359 0.615269 0.118273 0.539234 0.70341 0.217928 0.569903 0.442675 0.276021 0.561333 0.667867 0.681356 0.994663 0.389556 0.626882 0.415187 0.0813518 0.00749 0.880678 0.942463 0.991332 0.00552802 0.282297 0.663405 0.143087 0.365549 0.370659 0.458277 0.468156 0.994153 0.494018 0.998515 0.609421 0.612291 0.537749 0.312831 0.830219 0.107652 0.755506 0.10624 0.668984 0.423373 0.787595 0.663647 0.812929 0.414478 0.0788342 0.894281 0.421968 0.959512 0.836744 0.413299 0.96504 0.11904 0.0767047 0.108128 0.48459 0.447363 0.566405 0.952746 0.441516 0.060423 0.951261 0.0509373 0.672714 0.48901 0.363769 0.502933 0.596662 0.119275 0.609173 0.265646 0.542649 0.396768 0.929293 0.355578 0.811246 0.0081274 0.249859 0.233213 0.96764 0.0866023 0.646513 
9 11 2 1 19 39 40 
0.607213 0.642978 0.612097 0.667636 0.594239 0.663034 0.34035 0.0832492 0.0268031 0.843283 0.679911 0.146078 0.452456 0.945557 0.688727 0.849225 0.87485 0.0443049 0.660471 0.882978 0.294164 0.893684 0.850617 0.380766 0.540197 0.783297 0.586409 0.263415 0.824105 0.276641 0.433995 0.431318 0.919619 0.0460924 0.0989546 0.513859 0.709127 0.439305 0.597108 0.73593 0.282588 0.277019 0.882008 0.735044 0.222576 0.570735 0.584269 0.0974259 0.61504 0.24474 0.980403 0.909204 0.138424 0.831021 0.28997 0.678621 0.614318 0.876378 0.942035 0.438423 0.153019 0.376031 0.869742 0.0726384 0.422123 0.968697 0.586497 0.13125 0.408001 0.183605 0.867179 0.69059 0.460624 0.749187 0.425634 0.683199 0.319923 0.00990318 0.780625 0.934962 0.254643 0.761029 0.844166 0.393067 0.592049 0.134136 0.0716872 0.206367 0.0105137 0.0137224 0.644791 0.163533 0.389753 0.514533 0.236171 0.811876 0.483229 0.822668 0.943126 0.891231 0.00627304 0.810305 0.58182 0.466897 0.559493 0.00745443 0.150096 0.879415 0.0173576 0.930721 0.814378 0.272 0.69175 0.658544 0.665067 0.283799 0.792679 0.736754 0.490167 0.803193 0.750477 0.134958 0.966725 0.14023 0.649491 0.202897 0.952106 0.13272 
10 60 45 24 63 5 18 
0.498734 0.265029 0.613226 0.648831 0.144444 0.630583 0.579552 0.958822 0.902584 0.271302 0.617365 0.567651 0.555101 0.410045 0.304405 0.0452677 0.213237 0.0548818 0.180225 0.179963 0.195112 0.829716 0.382859 0.147217 0.962436 0.408424 0.0424489 0.986387 0.440262 0.747986 0.592158 0.938996 0.0130147 0.205384 0.587827 0.157459 0.835967 0.167379 0.116281 0.73855 0.43868 0.733646 0.306201 0.993781 0.143691 0.610606 0.0390491 0.356928 0.665488 0.219274 0.536891 0.8606 0.0489903 0.919751 0.00781715 0.0114261 0.328175 0.0502661 0.997813 0.768437 0.798252 0.589971 0.707433 0.811266 0.795354 0.29526 0.968725 0.631321 0.462639 0.0850063 0.369871 0.90132 0.818653 0.676073 0.895101 0.962344 0.286679 0.93415 0.319272 0.952167 0.153425 0.856164 0.812767 0.202415 0.775914 0.820584 0.213841 0.104089 0.87085 0.211654 0.872526 0.669102 0.801625 0.57996 0.480368 0.596979 0.87522 0.449093 0.2283 0.33786 0.5341 0.598171 0.239179 0.352753 0.274244 0.13428 0.315096 0.560923 0.0684307 0.634368 0.51309 0.221855 0.490532 0.325857 0.42427 0.266446 0.146442 0.638111 0.370536 0.0172917 0.849765 0.243062 0.686394 0.65139 0.823022 0.166762 0.248369 0.698242 
11 21 55 29 5 1 36 
0.349083 0.409561 0.817804 0.910006 0.477992 0.452172 0.423097 0.699847 0.942704 0.748954 0.124118 0.209151 0.895395 0.762229 0.579686 0.912687 0.611994 0.822748 0.599081 0.263384 0.64577 0.765842 0.511752 0.344012 0.381698 0.988421 0.380114 0.531653 0.0632599 0.655395 0.0343601 0.412343 0.0649558 0.852164 0.32235 0.542948 0.304336 0.745446 0.242795 0.24704 0.4944 0.366912 0.456191 0.389796 0.129141 0.0358773 0.302483 0.741135 0.858626 0.901564 0.00451911 0.504396 0.667406 0.516271 0.848408 0.0491037 0.504692 0.228522 0.580756 0.567952 0.883916 0.615116 0.980295 0.948872 0.46728 0.302645 0.49182 0.771617 0.0480909 0.734615 0.018657 0.542491 0.101527 0.474848 0.932287 0.230668 0.510725 0.234769 0.971804 0.369351 0.136333 0.976323 0.873747 0.803739 0.492594 0.722155 0.852843 0.997286 0.950676 0.433599 0.565238 0.834593 0.0487155 0.545533 0.783465 0.515996 0.848178 0.275284 0.287612 0.896269 0.0098989 0.306269 0.43876 0.111426 0.781118 0.371046 0.342094 0.291843 0.605816 0.313898 0.661194 0.742149 0.29022 0.534941 0.545888 0.782815 0.257096 0.39873 0.780101 0.207772 0.832329 0.345339 0.0423644 0.881045 0.890872 0.825829 0.397041 0.739049 
12 21 29 23 17 24 53 
0.222438 0.77204 0.445124 0.564532 0.0638833 0.05094 0.87843 0.725077 0.793089 0.168651 0.260018 0.338976 0.951465 0.517114 0.737707 0.731566 0.724886 0.570036 0.0769044 0.76725 0.451081 0.967776 0.593079 0.848122 0.706825 0.694192 0.532775 0.342143 0.805205 0.523698 0.416221 0.0276427 0.295738 0.861345 0.592175 0.359622 0.912285 0.470605 0.0846991 0.705374 0.639256 0.344717 0.0443506 0.590721 0.861831 0.782057 0.322287 0.586717 0.352094 0.399191 0.353967 0.803175 0.366967 0.947046 0.651297 0.0737925 0.641238 0.184072 0.415936 0.446443 0.70777 0.832157 0.474085 0.00350857 0.693503 0.0662604 0.36313 0.605788 0.536866 0.447829 0.311162 0.176121 0.792547 0.355513 0.766842 0.654378 0.13757 0.089129 0.241094 0.489664 0.48832 0.595061 0.292839 0.855287 0.542107 0.944136 0.92908 0.183345 0.128208 0.345016 0.629787 0.835978 0.177173 0.103872 0.839487 0.870675 0.170133 0.202617 0.476463 0.706998 0.650446 0.787625 0.88312 0.442993 0.143138 0.649962 0.0973708 0.280708 0.739091 0.338465 0.770372 0.227411 0.933526 0.0632106 0.0826981 0.475633 0.00734635 0.0117778 0.658977 0.135554 0.356793 0.288765 0.971532 0.533966 0.392637 0.811019 0.404641 0.56277 
13 24 41 29 19 49 35 
0.107076 0.811868 0.80285 0.204446 0.0925756 0.54194 0.542912 0.862947 0.769351 0.476438 0.926158 0.852049 0.95207 0.933504 0.863827 0.611048 0.0690586 0.220621 0.899812 0.040591 0.754587 0.292449 0.85161 0.159228 0.855219 0.865246 0.0403328 0.124987 0.529329 0.709063 0.277875 0.636404 0.52093 0.0807246 0.840851 0.613506 0.622665 0.383762 0.476453 0.392016 0.8602 0.402611 0.244066 0.81227 0.336115 0.107893 0.423318 0.405174 0.328514 0.32313 0.445765 0.0831007 0.61558 0.297375 0.242329 0.470799 0.162621 0.282662 0.595786 0.69195 0.991724 0.873661 0.328354 0.512654 0.954385 0.169205 0.12616 0.57705 0.552967 0.602613 0.969067 0.413167 0.00522453 0.213133 0.225437 0.34134 0.321026 0.648755 0.746514 0.64954 0.971885 0.192279 0.732641 0.587465 0.489654 0.97497 0.0582634 0.652276 0.257631 0.654049 0.344226 0.249356 0.52771 0.67258 0.76201 0.482096 0.841785 0.88817 0.059146 0.394751 0.490784 0.0282129 0.807918 0.496008 0.241346 0.0333546 0.837348 0.562372 0.682109 0.583862 0.211912 0.653995 0.776142 0.944552 0.241459 0.265796 0.919522 0.299723 0.918072 0.177153 0.953772 0.262298 0.426509 0.481482 0.934878 0.188519 0.963578 0.776662 
14 29 54 43 6 11 2 
0.292282 0.0126862 0.90083 0.854654 0.694796 0.484692 0.0665659 0.34879 0.260834 0.0111184 0.590249 0.52663 0.93064 0.889972 0.444702 0.107794 0.843744 0.707 0.534303 0.325226 0.641878 0.722822 0.288803 0.418541 0.799512 0.311527 0.589954 0.366985 0.362463 0.569286 0.430467 0.654746 0.581972 0.331297 0.5094 0.276768 0.81599 0.575966 0.625558 0.0768238 0.587084 0.215807 0.603454 0.517725 0.105779 0.0481565 0.625518 0.949523 0.755157 0.159821 0.274749 0.397035 0.882644 0.563553 0.815575 0.682156 0.87508 0.40553 0.049141 0.237543 0.974816 0.479608 0.892289 0.556788 0.810905 0.401688 0.833556 0.626895 0.977654 0.459114 0.703718 0.564738 0.674921 0.307173 0.0824628 0.7807 0.355329 0.707981 0.730223 0.110486 0.867803 0.00497251 0.507521 0.750446 0.568525 0.323096 0.432602 0.443605 0.728626 0.481743 0.681148 0.703442 0.961351 0.573436 0.26023 0.772256 0.975125 0.0937854 0.399151 0.952779 0.552899 0.102869 0.517517 0.22782 0.410042 0.59998 0.0085202 0.765371 0.307961 0.738744 0.875856 0.175764 0.743716 0.383377 0.92621 0.312241 0.706473 0.358812 0.755846 0.435099 0.840556 0.436993 0.138541 0.801907 0.0104295 0.398771 0.574163 0.985554 
15 50 24 14 60 58 39 
0.486224 0.0558304 0.281796 0.251594 0.363792 0.0205392 0.127451 0.539556 0.764255 0.510828 0.465766 0.0764965 0.217301 0.824579 0.832342 0.652401 0.665134 0.269336 0.790942 0.467041 0.279765 0.189713 0.0412032 0.265319 0.682269 0.0145164 0.203652 0.727725 0.0906987 0.659503 0.00100002 0.576922 0.715333 0.282796 0.828517 0.0791249 0.303335 0.955968 0.618681 0.0675902 0.466796 0.0844467 0.144087 0.684097 0.909025 0.976429 0.336498 0.57416 0.245764 0.12744 0.0412001 0.525529 0.317153 0.0824033 0.790849 0.999422 0.0969198 0.994501 0.727147 0.187618 0.654004 0.728147 0.764541 0.369337 0.0109423 0.593058 0.448462 0.314277 0.549025 0.0671425 0.381867 0.0158209 0.151589 0.525954 0.699918 0.0606146 0.502383 0.0364159 0.634774 0.748147 0.163856 0.675974 0.273677 0.481009 0.758378 0.0645256 0.480431 0.855297 0.0590268 0.207577 0.0429157 0.713031 0.935724 0.807457 0.0823677 0.946666 0.400514 0.53083 0.260943 0.949539 0.597972 0.642811 0.96536 0.749561 0.168765 0.665278 0.810176 0.671148 0.701694 0.44495 0.419295 0.86555 0.120924 0.692972 0.346559 0.879302 0.757498 0.82699 0.734599 0.816524 0.0345669 0.777515 0.529555 0.970291 0.584971 0.611923 0.916957 0.985485 
16 59 1 32 19 31 42 
0.490286 0.989476 0.565664 0.300461 0.660624 0.267358 0.745411 0.0799193 0.132908 0.866335 0.772891 0.479467 0.745637 0.530389 0.306456 0.480235 0.346914 0.341023 0.25775 0.876469 0.311314 0.842721 0.488392 0.228271 0.828207 0.631144 0.406172 0.763231 0.371868 0.226883 0.663617 0.862154 0.21636 0.22928 0.162615 0.876984 0.496638 0.908026 0.956903 0.629546 0.774361 0.729794 0.109012 0.519998 0.260184 0.415468 0.000233059 0.607097 0.756491 0.257983 0.483566 0.067805 0.100704 0.971957 0.296076 0.928911 0.603101 0.702248 0.692142 0.974969 0.929131 0.355759 0.837123 0.145491 0.585039 0.999738 0.0224748 0.0816763 0.907764 0.979378 0.711222 0.682125 0.709172 0.820234 0.202123 0.969356 0.235702 0.202356 0.576453 0.992193 0.460339 0.0600188 0.0599984 0.561043 0.0319762 0.356075 0.489954 0.635077 0.0583225 0.182096 0.610047 0.987454 0.537855 0.44717 0.132945 0.122893 0.446908 0.15542 0.204569 0.354672 0.134798 0.915791 0.0367976 0.84397 0.736025 0.23892 0.813326 0.971727 0.441276 0.389779 0.963921 0.901615 0.449797 0.0239191 0.462659 0.481774 0.379994 0.952613 0.116851 0.438316 0.134709 0.726898 0.42577 0.672563 0.174068 0.558715 0.795456 0.620976 
17 21 2 60 39 30 18 
0.692902 0.651842 0.251367 0.506228 0.62357 0.692643 0.896006 0.58749 0.594258 0.345804 0.61141 0.056917 0.827577 0.991403 0.00952959 0.944428 0.429719 0.144238 0.671326 0.855489 0.816801 0.845394 0.414204 0.612258 0.46637 0.128338 0.612283 0.442019 0.97727 0.5281 0.454465 0.670172 0.179942 0.705831 0.1764 0.803512 0.398474 0.0724058 0.391003 0.992733 0.418209 0.00241213 0.0496496 0.245787 0.993815 0.0591792 0.190215 0.423534 0.203417 0.861541 0.279024 0.0202186 0.706936 0.693228 0.632476 0.173306 0.821566 0.244759 0.615324 0.798836 0.77286 0.069789 0.469008 0.952802 0.77562 0.645408 0.756314 0.174094 0.717814 0.147317 0.166827 0.136023 0.149729 0.216477 0.38181 0.143544 0.275656 0.572025 0.567079 0.479073 0.433566 0.846102 0.499292 0.140502 0.53933 0.131768 0.313808 0.360896 0.376527 0.929132 0.159732 0.149387 0.998921 0.62874 0.102189 0.774541 0.274148 0.858503 0.948636 0.991961 0.00581969 0.115463 0.127984 0.155549 0.331939 0.509794 0.299093 0.607595 0.0818193 0.866171 0.0866681 0.515386 0.712274 0.58596 0.655888 0.251604 0.717728 0.969695 0.6125 0.0942549 0.898827 0.772231 0.243642 0.897748 0.400972 0.34583 0.67229 0.675119 
18 12 3 57 23 44 28 
0.365701 0.0683273 0.304859 0.664794 0.675922 0.386679 0.530966 0.76259 0.902065 0.24324 0.34855 0.557952 0.494843 0.066278 0.527648 0.107343 0.160533 0.426475 0.879574 0.404174 0.324223 0.280546 0.750005 0.996513 0.955665 0.954338 0.617439 0.622746 0.164491 0.353827 0.417811 0.530192 0.422154 0.722671 0.194987 0.0980762 0.109349 0.725952 0.860667 0.0114138 0.969192 0.209217 0.569366 0.464035 0.275495 0.0970136 0.571378 0.436028 0.523489 0.450952 0.840202 0.847712 0.731498 0.590207 0.844225 0.687163 0.544545 0.461664 0.309909 0.709036 0.81549 0.72772 0.239228 0.237644 0.450391 0.434214 0.33572 0.55974 0.160167 0.196387 0.571154 0.129359 0.405604 0.14052 0.593394 0.681099 0.237534 0.164772 0.117127 0.761022 0.615725 0.957329 0.608734 0.347223 0.547536 0.45296 0.0343861 0.092081 0.914623 0.344295 0.801117 0.730114 0.0720156 0.0403446 0.967758 0.522406 0.474559 0.303478 0.0821465 0.634726 0.499865 0.6533 0.764085 0.905469 0.79382 0.357479 0.586568 0.0313538 0.522251 0.703695 0.792376 0.137975 0.661024 0.40111 0.485198 0.20856 0.85407 0.519584 0.300641 0.768693 0.863879 0.101758 0.498807 0.935895 0.142102 0.466565 0.458301 0.616661 
19 56 46 9 1 52 61 
0.175378 0.987568 0.37295 0.761946 0.0189223 0.895201 0.465641 0.811298 0.0331763 0.126665 0.212409 0.518374 0.335225 0.0664784 0.0379584 0.635866 0.835171 0.901838 0.737623 0.333978 0.837733 0.879726 0.800543 0.296034 0.496387 0.570586 0.836482 0.747774 0.840494 0.0302299 0.763246 0.0158721 0.0177984 0.136196 0.777818 0.0367207 0.0313974 0.243459 0.848019 0.0645737 0.370123 0.0604276 0.582948 0.705348 0.126906 0.620906 0.341214 0.962077 0.522744 0.0788369 0.296056 0.360477 0.958562 0.0965988 0.656511 0.454949 0.667185 0.492992 0.202723 0.507679 0.523222 0.965969 0.523551 0.541021 0.102166 0.301369 0.577741 0.133563 0.544828 0.42576 0.198137 0.914951 0.486188 0.781085 0.620299 0.613094 0.401991 0.961513 0.575171 0.924735 0.04035 0.871227 0.285212 0.998912 0.967826 0.941722 0.453862 0.635011 0.434715 0.656585 0.14269 0.957937 0.622554 0.666242 0.498958 0.72472 0.967611 0.076699 0.858283 0.512439 0.502459 0.0564193 0.427391 0.988647 0.837504 0.0476901 0.601741 0.239495 0.00920326 0.176913 0.16423 0.0495532 0.0481401 0.449441 0.0484656 0.0159661 0.391163 0.502327 0.650977 0.825878 0.158912 0.793667 0.783815 0.781466 0.459909 0.282772 0.506186 0.42752 
20 32 28 2 4 29 18 
0.258392 0.41504 0.452319 0.497887 0.424243 0.629232 0.662116 0.473796 0.677372 0.111558 0.522262 0.693338 0.502721 0.0245891 0.344315 0.328599 0.183501 0.137983 0.112413 0.964968 0.597891 0.395186 0.471154 0.0254114 0.754657 0.835623 0.96537 0.616587 0.256511 0.33272 0.467165 0.514903 0.74776 0.919484 0.0127902 0.172003 0.548717 0.674907 0.6458 0.226089 0.786464 0.168061 0.919427 0.289185 0.192651 0.263743 0.617784 0.376152 0.401725 0.730197 0.34112 0.999617 0.125383 0.812273 0.0250282 0.880039 0.647896 0.990399 0.496626 0.904407 0.323119 0.963792 0.419311 0.0708789 0.883276 0.432101 0.242882 0.431993 0.107007 0.888682 0.658082 0.893472 0.0567431 0.577509 0.182657 0.249394 0.841251 0.800441 0.625546 0.242977 0.530638 0.966665 0.242594 0.65602 0.778939 0.267622 0.53606 0.426835 0.25802 0.0326862 0.331242 0.581139 0.996478 0.750553 0.652018 0.879754 0.182653 0.8949 0.311746 0.289661 0.783582 0.969828 0.183132 0.840325 0.547337 0.365789 0.0897187 0.388588 0.16623 0.715264 0.631565 0.696867 0.681929 0.874159 0.352888 0.460868 0.14178 0.888948 0.887703 0.399801 0.921634 0.218945 0.98094 0.918111 0.969497 0.632958 0.797865 0.152151 
21 42 29 58 48 1 63 
0.626777 0.990733 0.241484 0.0153648 0.156963 0.956748 0.64693 0.85383 0.638678 0.521088 0.206718 0.0995456 0.662869 0.0956654 0.987248 0.0626696 0.017299 0.206193 0.0436097 0.93541 0.17569 0.676568 0.733276 0.327841 0.204426 0.842887 0.769653 0.515867 0.922327 0.394596 0.667632 0.549104 0.385329 0.909116 0.564469 0.542292 0.865864 0.211398 0.396122 0.504542 0.732487 0.60284 0.604088 0.395356 0.698505 0.591336 0.458025 0.715804 0.797529 0.501635 0.651214 0.973219 0.178203 0.38449 0.30106 0.382629 0.227378 0.070713 0.898496 0.149705 0.465309 0.566129 0.698809 0.850638 0.475245 0.263277 0.39293 0.341109 0.474676 0.789052 0.845651 0.207162 0.391891 0.449739 0.602518 0.0903961 0.0410747 0.0605432 0.8062 0.838604 0.562178 0.457414 0.811823 0.740381 0.841905 0.112883 0.123011 0.0692822 0.183596 0.0215068 0.218987 0.648906 0.587635 0.917796 0.499544 0.0628801 0.181073 0.892474 0.403989 0.655748 0.681526 0.24964 0.862911 0.0734172 0.699379 0.465429 0.163813 0.740454 0.525972 0.970013 0.579058 0.0881499 0.427428 0.390881 0.828531 0.269332 0.503764 0.951542 0.338615 0.68736 0.973048 0.557602 0.336266 0.560684 0.475397 0.83581 0.623564 0.65647 
22 12 20 49 29 27 13 
0.640558 0.647041 0.717027 0.166529 0.617055 0.296084 0.254679 0.0444825 0.686965 0.0832102 0.313815 0.190729 0.0347518 0.65243 0.878089 0.00780012 0.210032 0.214355 0.568484 0.685429 0.0501658 0.192048 0.341899 0.77845 0.219601 0.654118 0.188261 0.496794 0.829247 0.671489 0.473367 0.469804 0.31853 0.190394 0.636333 0.935585 0.486478 0.891013 0.980067 0.173443 0.974223 0.293882 0.364171 0.00897459 0.946312 0.242261 0.0167747 0.156343 0.456616 0.585259 0.841772 0.506782 0.777306 0.183672 0.285232 0.996907 0.837789 0.473493 0.493701 0.667036 0.144982 0.967068 0.13684 0.463512 0.157462 0.773173 0.399097 0.64394 0.664186 0.379164 0.817382 0.638409 0.673047 0.181554 0.647383 0.619359 0.423814 0.664158 0.775702 0.88043 0.249416 0.617474 0.387212 0.0267227 0.801146 0.672444 0.0236296 0.638935 0.145937 0.517331 0.305971 0.290919 0.484399 0.44281 0.754431 0.64186 0.215983 0.153528 0.2858 0.880169 0.532693 0.103182 0.518578 0.205739 0.284736 0.165961 0.825098 0.70855 0.830119 0.6008 0.58898 0.0795355 0.218274 0.976191 0.106258 0.0194202 0.648635 0.129888 0.658355 0.794572 0.647219 0.964326 0.0854913 0.131617 0.407136 0.839923 0.773478 0.62312 
23 37 42 24 60 31 36 
0.731883 0.447196 0.187828 0.556981 0.155746 0.0179469 0.157781 0.744725 0.0974824 0.376055 0.720917 0.203741 0.395475 0.369552 0.333628 0.0538302 0.164124 0.980847 0.018156 0.249615 0.112465 0.425292 0.0895381 0.885942 0.0484117 0.0829892 0.94522 0.551701 0.609133 0.10768 0.573567 0.341016 0.554876 0.761395 0.897997 0.710622 0.779342 0.0557777 0.455347 0.876824 0.431833 0.176264 0.080565 0.827308 0.545815 0.414193 0.881138 0.70994 0.395041 0.899294 0.959555 0.507505 0.324586 0.0490931 0.393448 0.372998 0.132082 0.338668 0.924698 0.741215 0.446348 0.498265 0.0822315 0.00122444 0.259661 0.980229 0.711846 0.0390026 0.0360062 0.167193 0.915827 0.467839 0.343457 0.996392 0.295146 0.889272 0.410585 0.176284 0.599212 0.805626 0.075578 0.558767 0.313131 0.400164 0.60786 0.706579 0.773161 0.739942 0.0452465 0.697859 0.481158 0.491595 0.196125 0.563389 0.492819 0.455785 0.543618 0.204665 0.494788 0.579624 0.371858 0.410615 0.0474626 0.715315 0.407007 0.342609 0.604587 0.817592 0.518893 0.203799 0.623218 0.594471 0.762565 0.936349 0.994635 0.370425 0.642928 0.767796 0.110367 0.688174 0.465656 0.591525 0.179769 0.66178 0.154914 0.672588 0.117566 0.698532 
24 54 35 0 4 5 49 
0.964427 0.429975 0.668227 0.569014 0.247568 0.18712 0.772813 0.870786 0.781591 0.535378 0.807135 0.776226 0.905804 0.450063 0.544023 0.0161711 0.138238 0.00967831 0.607696 0.318007 0.671459 0.76261 0.990595 0.789025 0.461142 0.867849 0.401378 0.739298 0.116961 0.424347 0.064916 0.0813881 0.854322 0.733143 0.650402 0.10189 0.920264 0.423215 0.972676 0.701855 0.958594 0.779811 0.478081 0.864397 0.229875 0.0221041 0.880568 0.368112 0.0317824 0.488265 0.686119 0.703241 0.250875 0.676714 0.492266 0.712017 0.544563 0.893644 0.451315 0.661524 0.317991 0.516231 0.742912 0.172314 0.249374 0.393315 0.274204 0.169637 0.81653 0.24688 0.871493 0.775123 0.0266913 0.349574 0.639521 0.256566 0.371678 0.520089 0.624678 0.40346 0.00835365 0.310797 0.106702 0.259228 0.987511 0.598967 0.971245 0.532075 0.492612 0.42256 0.193599 0.810603 0.938791 0.936511 0.982916 0.188164 0.329826 0.25712 0.357802 0.146356 0.504 0.229294 0.921479 0.530691 0.578868 0.561 0.787257 0.950546 0.0810886 0.411935 0.354007 0.0894423 0.722733 0.460708 0.348671 0.710244 0.0596757 0.319916 0.242319 0.552287 0.742476 0.435918 0.36289 0.681267 0.372429 0.345806 0.869431 0.702255 
25 8 4 3 1 30 46 
0.637618 0.0353958 0.331088 0.424875 0.985942 0.412177 0.83681 0.339949 0.501619 0.559543 0.800657 0.85029 0.269787 0.860333 0.170206 0.512106 0.41262 0.912682 0.948023 0.77551 0.593949 0.320452 0.121316 0.46338 0.0227067 0.724243 0.690613 0.871317 0.831169 0.147141 0.641406 0.468787 0.182537 0.972494 0.893662 0.168479 0.384671 0.730472 0.508428 0.886291 0.290015 0.309085 0.736581 0.559803 0.169418 0.906787 0.0719083 0.582038 0.819469 0.0199317 0.357549 0.413419 0.340384 0.478865 0.876799 0.363091 0.203108 0.567413 0.234407 0.0342768 0.714554 0.875813 0.503064 0.89709 0.848307 0.396726 0.0655694 0.232979 0.127198 0.573997 0.119269 0.417214 0.883083 0.85585 0.977016 0.052501 0.762637 0.0489245 0.634539 0.582107 0.0688562 0.992088 0.995525 0.40924 0.470953 0.872324 0.772331 0.674061 0.439737 0.0067378 0.708337 0.15429 0.882551 0.211401 0.0513808 0.730858 0.608127 0.11695 0.963837 0.735325 0.690948 0.0831058 0.152539 0.57403 0.938956 0.129555 0.626531 0.701593 0.178479 0.261071 0.2837 0.247335 0.253159 0.279225 0.656575 0.724112 0.151549 0.428906 0.398172 0.591286 0.435644 0.106509 0.745576 0.318195 0.317911 0.796957 0.0490526 0.926037 
26 23 14 52 42 15 22 
0.178886 0.0349507 0.943456 0.805417 0.736544 0.121935 0.0664877 0.0202431 0.36927 0.319646 0.299468 0.0258456 0.0437579 0.451017 0.454752 0.44193 0.0423029 0.890395 0.548439 0.787879 0.20859 0.86635 0.584836 0.257642 0.792387 0.498744 0.270532 0.453749 0.103599 0.366526 0.26765 0.282485 0.401477 0.211106 0.0879015 0.138021 0.333041 0.154389 0.158264 0.702311 0.474036 0.457732 0.728156 0.517794 0.908749 0.182908 0.959723 0.951052 0.0733032 0.508163 0.738931 0.281893 0.374513 0.323767 0.539536 0.1669 0.822511 0.810067 0.620649 0.92611 0.176594 0.8883 0.208595 0.578071 0.0994055 0.296496 0.716091 0.432446 0.450886 0.874355 0.134757 0.924921 0.332087 0.862913 0.442715 0.240836 0.0458212 0.402438 0.191887 0.119124 0.910601 0.930818 0.401018 0.285114 0.254586 0.940553 0.452014 0.0770973 0.75062 0.0726632 0.00320769 0.927214 0.960963 0.211803 0.505284 0.0603684 0.508299 0.221376 0.492815 0.959185 0.0957309 0.627571 0.884106 0.427818 0.490485 0.326821 0.668654 0.536306 0.729259 0.860541 0.65543 0.63986 0.79136 0.056448 0.924974 0.0459456 0.997001 0.376988 0.123043 0.747621 0.449651 0.126251 0.674835 0.410614 0.338053 0.180119 0.470982 0.846352 
27 3 21 4 40 55 36 
0.081853 0.016464 0.593698 0.618159 0.745723 0.454239 0.273589 0.385583 0.245598 0.330037 0.310557 0.291544 0.327038 0.687545 0.414587 0.0746597 0.137196 0.540838 0.749495 0.54781 0.878891 0.929614 0.0187925 0.725243 0.331109 0.982589 0.53078 0.828335 0.573958 0.220424 0.753379 0.655811 0.236888 0.347076 0.27397 0.982611 0.801315 0.547559 0.368194 0.0469133 0.877596 0.678752 0.338457 0.204635 0.366297 0.753044 0.279295 0.503493 0.293882 0.0287892 0.0513034 0.172773 0.958403 0.0700959 0.898016 0.289512 0.0526853 0.428797 0.117847 0.626643 0.64922 0.871226 0.282454 0.886108 0.218302 0.556423 0.868719 0.0196168 0.103982 0.236913 0.0665301 0.981579 0.915664 0.404987 0.186213 0.281961 0.158032 0.465508 0.785454 0.451914 0.494297 0.836758 0.624687 0.4527 0.906854 0.522703 0.742213 0.959539 0.9515 0.86006 0.586182 0.60072 0.731285 0.868636 0.486828 0.949587 0.425059 0.355547 0.969204 0.529041 0.592459 0.0357341 0.51062 0.508124 0.440721 0.696833 0.790085 0.598753 0.162341 0.575539 0.050667 0.656638 0.412297 0.675354 0.109338 0.319151 0.198057 0.851551 0.27869 0.149556 0.711611 0.864872 0.750276 0.442896 0.733507 0.237104 0.392483 0.158566 
28 61 21 46 40 30 12 
0.693233 0.838143 0.89506 0.483318 0.436896 0.057401 0.0588572 0.487563 0.714039 0.471154 0.162917 0.823377 0.790305 0.360973 0.674928 0.0689946 0.510529 0.386539 0.933866 0.260805 0.829435 0.667374 0.497909 0.221918 0.82594 0.0905594 0.583605 0.513547 0.275669 0.981027 0.711774 0.968902 0.819169 0.606834 0.45222 0.256065 0.664235 0.511078 0.743628 0.378274 0.982232 0.906545 0.201652 0.772537 0.267518 0.87658 0.841531 0.778047 0.263119 0.775398 0.0388521 0.0925543 0.442771 0.536761 0.314472 0.268711 0.627321 0.898078 0.782258 0.90299 0.879104 0.494033 0.871892 0.698274 0.100867 0.324113 0.954339 0.765102 0.83519 0.697967 0.143377 0.817422 0.604512 0.345029 0.589959 0.872029 0.221609 0.43149 0.650076 0.484728 0.206888 0.688928 0.577283 0.649659 0.225689 0.891755 0.91837 0.85301 0.789833 0.700629 0.756 0.668937 0.194661 0.627892 0.367211 0.295528 0.952004 0.321549 0.0606304 0.787195 0.0195162 0.204007 0.604617 0.624028 0.549036 0.194576 0.496057 0.770645 0.626066 0.146133 0.255373 0.832954 0.835062 0.832655 0.482613 0.0607512 0.72441 0.400984 0.913761 0.514243 0.101612 0.669761 0.18318 0.296273 0.297653 0.550391 0.591802 0.249657 
29 44 64 31 30 41 63 
0.515484 0.405475 0.836044 0.0115414 0.176119 0.462111 0.157675 0.431492 0.295065 0.992736 0.264147 0.777678 0.0534876 0.988558 0.178661 0.967249 0.502801 0.280274 0.63701 0.685981 0.576547 0.934662 0.236372 0.168349 0.184319 0.108313 0.820781 0.221171 0.999769 0.67722 0.86264 0.515253 0.0826944 0.698684 0.526795 0.258814 0.160795 0.684469 0.690306 0.45586 0.677206 0.954453 0.233537 0.730694 0.943011 0.412199 0.697942 0.445812 0.692472 0.334952 0.131793 0.269019 0.269614 0.368166 0.437368 0.453934 0.476478 0.258149 0.675105 0.476247 0.935368 0.537745 0.991501 0.0180627 0.236429 0.518295 0.276876 0.397224 0.202765 0.967182 0.853084 0.879971 0.921635 0.0866212 0.610664 0.864646 0.49882 0.308607 0.310458 0.191292 0.643559 0.442251 0.460312 0.913173 0.810416 0.89768 0.367107 0.286895 0.155828 0.0422123 0.763142 0.0911967 0.579957 0.754642 0.109259 0.816387 0.272938 0.386136 0.213611 0.475703 0.353318 0.0666945 0.355673 0.274953 0.153316 0.966338 0.139599 0.652136 0.274944 0.450056 0.843428 0.918503 0.892307 0.30374 0.831676 0.702723 0.20142 0.198783 0.989618 0.357248 0.240996 0.75276 0.448445 0.820953 0.507402 0.557704 0.637339 0.78034 
30 22 63 64 15 5 8 
0.0709604 0.578053 0.711709 0.723096 0.852997 0.161765 0.566524 0.7715 0.0540718 0.870264 0.603177 0.756795 0.0716838 0.80196 0.746413 0.428932 0.0429553 0.499172 0.877376 0.863908 0.00657432 0.43508 0.501247 0.786914 0.37892 0.352198 0.0429562 0.676078 0.269842 0.654672 0.248188 0.340803 0.232725 0.959897 0.0638988 0.0857223 0.121662 0.630423 0.857223 0.175734 0.500687 0.460399 0.932529 0.572371 0.262359 0.678942 0.00130284 0.305314 0.178114 0.878679 0.169223 0.184688 0.31376 0.67047 0.971602 0.69268 0.0226676 0.0145585 0.368758 0.29251 0.66923 0.616946 0.633312 0.901955 0.576843 0.697211 0.987677 0.698505 0.327634 0.8449 0.874238 0.828322 0.305299 0.806767 0.400693 0.567658 0.485709 0.401996 0.872973 0.663823 0.280675 0.0421953 0.848511 0.594435 0.712665 0.820114 0.287114 0.735333 0.834672 0.655872 0.0278426 0.503902 0.272818 0.661155 0.405857 0.849661 0.358366 0.393535 0.548166 0.686001 0.238435 0.422404 0.514322 0.543734 0.229172 0.915015 0.111392 0.71488 0.317011 0.984365 0.378703 0.597685 0.0265605 0.227215 0.19212 0.739226 0.0473285 0.479234 0.474559 0.882001 0.135107 0.502401 0.385903 0.407925 0.163556 0.79176 0.257586 0.521923 
31 6 13 37 38 32 39 
0.967464 0.457327 0.637261 0.0788563 0.172208 0.954271 0.0632215 0.550911 0.551957 0.089782 0.778126 0.744077 0.829008 0.825455 0.223311 0.303566 0.707455 0.358418 0.805967 0.0933582 0.766343 0.969524 0.885119 0.0239283 0.491446 0.0704137 0.82968 0.69937 0.494144 0.0578356 0.421615 0.461607 0.515163 0.058876 0.540464 0.687371 0.0131474 0.603685 0.238282 0.565104 0.693467 0.0164083 0.309181 0.522475 0.841863 0.532492 0.826041 0.549318 0.89091 0.632009 0.642676 0.657252 0.601532 0.527795 0.681181 0.0929786 0.598209 0.510861 0.792348 0.0923523 0.568696 0.213963 0.55396 0.0838591 0.272839 0.0944236 0.77123 0.285987 0.698109 0.00951211 0.851091 0.391576 0.0259204 0.160272 0.914051 0.867783 0.692764 0.740093 0.417102 0.583674 0.372102 0.059778 0.240927 0.973634 0.587573 0.922108 0.0666126 0.185782 0.432968 0.858961 0.278134 0.00166425 0.0729241 0.832094 0.0855234 0.345763 0.926518 0.856753 0.63175 0.624626 0.866265 0.482841 0.0162028 0.892186 0.643114 0.930254 0.759969 0.335878 0.670347 0.177071 0.919552 0.0424486 0.236849 0.160479 0.0160827 0.824422 0.0825867 0.0826953 0.0102036 0.515555 0.941656 0.288338 0.517219 0.0145802 0.120432 0.602742 0.360344 0.0469493 
32 12 22 51 30 18 29 
0.217947 0.118049 0.618033 0.977916 0.453927 0.28838 0.154987 0.373479 0.330828 0.391836 0.533958 0.346911 0.216257 0.616545 0.429606 0.226461 0.1321 0.371262 0.514799 0.649319 0.385843 0.635231 0.252061 0.746186 0.68218 0.711557 0.73828 0.353756 0.0373177 0.213216 0.0415344 0.255265 0.331264 0.659567 0.233181 0.785191 0.947947 0.388168 0.15867 0.278775 0.780003 0.692629 0.625686 0.99626 0.309173 0.0552928 0.222722 0.441273 0.426555 0.73752 0.0905918 0.812398 0.372751 0.342653 0.558584 0.054931 0.0542094 0.296864 0.408687 0.0915272 0.51008 0.450221 0.346792 0.841344 0.109788 0.579973 0.626536 0.0577352 0.96814 0.785206 0.336511 0.748143 0.477835 0.962197 0.744404 0.787008 0.0174898 0.967125 0.228281 0.444045 0.704646 0.318873 0.256443 0.0773965 0.661526 0.815027 0.132327 0.715735 0.111891 0.541014 0.807263 0.621971 0.991235 0.154054 0.463316 0.101024 0.734027 0.0898514 0.158759 0.702167 0.875058 0.495269 0.45031 0.352892 0.457466 0.194714 0.139901 0.474956 0.161839 0.368182 0.919001 0.866484 0.687055 0.175444 0.943881 0.348581 0.990471 0.0762085 0.0643168 0.102362 0.617223 0.871579 0.724334 0.608458 0.0256337 0.187649 0.709481 0.759661 
33 22 18 0 28 13 49 
0.505451 0.820976 0.106851 0.645352 0.295932 0.26869 0.0135338 0.214933 0.135175 0.700589 0.390377 0.0790559 0.0491706 0.380848 0.155264 0.113487 0.48321 0.772487 0.985067 0.207544 0.380945 0.0107004 0.395193 0.0904265 0.770361 0.672694 0.958667 0.232189 0.825252 0.322176 0.144326 0.330703 0.143152 0.251178 0.976055 0.439084 0.519868 0.989589 0.654016 0.655043 0.690178 0.0443932 0.734099 0.739348 0.425241 0.889363 0.852836 0.908451 0.66185 0.837902 0.115995 0.0427955 0.848603 0.511189 0.133222 0.618964 0.183883 0.0918886 0.851152 0.00913506 0.414065 0.995479 0.339838 0.557217 0.246656 0.315893 0.9963 0.766524 0.305482 0.650317 0.421568 0.99566 0.69471 0.155667 0.735008 0.119951 0.04503 0.587844 0.0284023 0.70688 0.425746 0.144398 0.749676 0.274349 0.655586 0.882898 0.893313 0.839469 0.974786 0.744465 0.848604 0.388851 0.739944 0.188442 0.946068 0.9866 0.504335 0.942368 0.753125 0.809817 0.592685 0.174692 0.805477 0.287395 0.330359 0.540485 0.407346 0.375389 0.128329 0.435748 0.082269 0.554075 0.580146 0.831945 0.828425 0.235732 0.714843 0.721738 0.0752006 0.689629 0.466203 0.923805 0.0784805 0.206147 0.112247 0.0245484 0.192747 0.616582 
34 11 5 39 4 28 12 
0.846996 0.450923 0.772361 0.254342 0.826311 0.90069 0.69009 0.90858 0.454765 0.270235 0.740525 0.28319 0.505967 0.455368 0.00492758 0.581168 0.144997 0.471131 0.504972 0.223478 0.677278 0.617219 0.248026 0.870025 0.233801 0.214943 0.815897 0.6602 0.774544 0.936461 0.892076 0.621541 0.387384 0.664437 0.875882 0.213695 0.565127 0.565972 0.122276 0.0198922 0.836208 0.862801 0.303082 0.342175 0.318169 0.30801 0.923343 0.463167 0.77914 0.428315 0.686645 0.456418 0.0455345 0.934671 0.326443 0.279336 0.149614 0.14234 0.939536 0.924158 0.0788016 0.831612 0.545699 0.466186 0.496049 0.421582 0.679881 0.0611764 0.987554 0.802157 0.0810685 0.823762 0.664958 0.384151 0.165937 0.983127 0.69216 0.0892797 0.446294 0.4713 0.517595 0.132938 0.927719 0.56313 0.0676092 0.254162 0.842465 0.217223 0.396502 0.782001 0.141382 0.475304 0.613613 0.687081 0.94149 0.109663 0.108662 0.62137 0.170839 0.0962162 0.423527 0.251908 0.919978 0.0884848 0.636058 0.0859145 0.0716118 0.328218 0.175194 0.517905 0.799519 0.692789 0.650844 0.727237 0.255919 0.718453 0.981399 0.098384 0.935676 0.377901 0.880385 0.0770579 0.853205 0.493999 0.764139 0.794695 0.603661 0.872801 
35 47 15 13 32 0 59 
0.974909 0.999689 0.990685 0.150104 0.517595 0.790203 0.842893 0.168438 0.517441 0.0988116 0.886891 0.49884 0.197196 0.822567 0.876741 0.0775807 0.899625 0.729946 0.571579 0.663764 0.524641 0.175241 0.536565 0.940707 0.949741 0.505582 0.780299 0.97615 0.394577 0.708376 0.638616 0.369486 0.708065 0.629301 0.51959 0.22566 0.419504 0.362483 0.394098 0.936945 0.461294 0.280989 0.435785 0.65849 0.103557 0.312526 0.73607 0.00318172 0.0424725 0.30765 0.666946 0.567114 0.48289 0.20351 0.507821 0.432632 0.709092 0.28812 0.408781 0.103669 0.996496 0.0473972 0.473155 0.704561 0.676698 0.992745 0.930221 0.0962025 0.355228 0.324319 0.0331476 0.816522 0.605309 0.468932 0.475012 0.708865 0.781458 0.211082 0.712047 0.823931 0.518732 0.378993 0.391045 0.00162251 0.582503 0.898865 0.434254 0.291595 0.186985 0.843035 0.395264 0.183481 0.890432 0.868419 0.888042 0.567131 0.861165 0.818264 0.663333 0.216393 0.142583 0.696481 0.032915 0.747892 0.165413 0.507927 0.456757 0.946871 0.719009 0.168804 0.770802 0.237742 0.547797 0.161847 0.239364 0.1303 0.0607123 0.673618 0.421895 0.247697 0.516654 0.817159 0.431178 0.407086 0.685578 0.319221 0.974217 0.546743 
36 44 19 53 26 59 0 
0.0279598 0.499443 0.303978 0.484717 0.446315 0.0229872 0.653521 0.217117 0.260729 0.201318 0.378964 0.500093 0.331618 0.439677 0.173711 0.753513 0.687374 0.690365 0.570672 0.118552 0.0974509 0.25625 0.437773 0.0716675 0.802993 0.575257 0.709217 0.566129 0.855325 0.0432477 0.36218 0.883285 0.542691 0.666157 0.368002 0.989006 0.689145 0.0215231 0.206123 0.949873 0.222841 0.585088 0.449966 0.554459 0.0247643 0.623678 0.307972 0.712138 0.314043 0.878644 0.83069 0.411494 0.134894 0.268463 0.483161 0.937887 0.84372 0.192378 0.504016 0.699045 0.235626 0.866195 0.58233 0.778317 0.532353 0.950332 0.767323 0.221497 0.971855 0.973447 0.171371 0.194696 0.558534 0.621337 0.749156 0.583299 0.245015 0.0571277 0.295437 0.559058 0.935771 0.126127 0.970551 0.0706652 0.39459 0.453712 0.00855204 0.238311 0.64609 0.512568 0.937356 0.881717 0.378763 0.519686 0.660034 0.911116 0.470018 0.427357 0.132613 0.441872 0.400804 0.303983 0.636569 0.959338 0.92532 0.385724 0.542637 0.170335 0.442852 0.838074 0.729393 0.378623 0.964201 0.699944 0.449289 0.358791 0.153656 0.457841 0.597102 0.799746 0.970408 0.534458 0.681463 0.349171 0.0541438 0.341497 0.260287 0.524161 
37 61 46 57 1 14 7 
0.128995 0.622203 0.988327 0.671632 0.792538 0.431179 0.509705 0.521931 0.809802 0.473906 0.221875 0.259091 0.832697 0.37553 0.716932 0.429799 0.175277 0.68734 0.964257 0.85674 0.0365117 0.0184006 0.198236 0.296799 0.542562 0.96709 0.689699 0.508596 0.136747 0.386582 0.111199 0.265742 0.00878495 0.0995255 0.937374 0.801323 0.530705 0.447079 0.323254 0.340507 0.920985 0.545129 0.599598 0.753682 0.920659 0.31653 0.183481 0.0959362 0.00387018 0.147738 0.952676 0.0403819 0.166138 0.150912 0.337181 0.7087 0.118002 0.0268793 0.217296 0.254748 0.413461 0.328495 0.52049 0.422246 0.42802 0.457864 0.223569 0.958725 0.904942 0.546824 0.299232 0.825927 0.0919525 0.89883 0.579609 0.012612 0.21536 0.76309 0.108548 0.21923 0.910827 0.0612239 0.259612 0.0769657 0.212136 0.596793 0.785666 0.330137 0.623672 0.00296243 0.584886 0.0371331 0.331457 0.105376 0.459379 0.759478 0.56324 0.682948 0.718203 0.468182 0.229772 0.0174349 0.294109 0.321724 0.916265 0.873718 0.334336 0.131625 0.636808 0.442885 0.350855 0.547635 0.504108 0.610467 0.624601 0.716244 0.20726 0.410267 0.0463816 0.830932 0.41323 0.631267 0.868065 0.744687 0.736643 0.327444 0.504165 0.299883 
38 13 15 52 47 6 17 
0.561889 0.156068 0.935893 0.896225 0.287692 0.572701 0.33911 0.638547 0.120336 0.843218 0.249015 0.744937 0.559463 0.456275 0.155204 0.605844 0.287207 0.568434 0.237112 0.155272 0.313121 0.973755 0.482716 0.817286 0.273638 0.493109 0.0396536 0.0417028 0.733273 0.279456 0.103877 0.295162 0.435524 0.0397697 0.191387 0.723216 0.61247 0.530497 0.361764 0.732806 0.373715 0.610778 0.477743 0.933178 0.0670529 0.632948 0.539022 0.354259 0.201382 0.776134 0.509531 0.514502 0.749889 0.992247 0.331788 0.0235265 0.485356 0.371442 0.0652293 0.218629 0.650898 0.169106 0.51379 0.086422 0.208876 0.705178 0.809638 0.821346 0.235675 0.171402 0.554153 0.60939 0.78218 0.0318959 0.542568 0.849233 0.664843 0.0815906 0.203493 0.866225 0.857725 0.713024 0.380727 0.607613 0.705271 0.712516 0.63114 0.190627 0.0839577 0.696369 0.409255 0.734856 0.865476 0.923046 0.821278 0.0743517 0.628224 0.630916 0.895698 0.863898 0.802318 0.449851 0.473289 0.584499 0.481746 0.0158569 0.433732 0.14659 0.0974475 0.637225 0.012815 0.955172 0.350249 0.393542 0.562785 0.0555202 0.106058 0.193925 0.246147 0.190016 0.890294 0.655402 0.924872 0.75577 0.578448 0.74615 0.830122 0.206672 
39 1 36 22 10 6 44 
0.763883 0.657417 0.559716 0.197615 0.804007 0.657163 0.83484 0.816822 0.612335 0.185089 0.210364 0.175121 0.24061 0.316423 0.369046 0.486757 0.506439 0.25934 0.142159 0.43131 0.0151102 0.720607 0.17746 0.845232 0.927279 0.554526 0.571052 0.997849 0.733911 0.746722 0.541708 0.497794 0.404139 0.101424 0.695409 0.208146 0.758587 0.53025 0.0249676 0.370923 0.715339 0.235332 0.546043 0.955949 0.551754 0.915089 0.442705 0.058193 0.174429 0.584864 0.489503 0.18954 0.305472 0.666964 0.0347717 0.232751 0.22149 0.605823 0.2306 0.955401 0.352545 0.772308 0.453195 0.756684 0.873732 0.148604 0.96483 0.63232 0.678854 0.989798 0.00324247 0.394193 0.22513 0.549286 0.350142 0.776884 0.464375 0.792847 0.835077 0.638805 0.377711 0.324581 0.828344 0.683183 0.991545 0.863116 0.915933 0.213035 0.468939 0.146534 0.168436 0.821485 0.918842 0.62163 0.578169 0.792574 0.770235 0.543 0.424894 0.449089 0.532797 0.428137 0.843282 0.757927 0.977423 0.193423 0.534812 0.441798 0.98627 0.369889 0.0806021 0.363982 0.69447 0.908946 0.0471644 0.686014 0.772062 0.963098 0.899049 0.241002 0.109631 0.0674844 0.0624866 0.0284733 0.689115 0.640656 0.821048 0.45935 
40 61 0 3 39 29 36 
0.651501 0.945143 0.0091915 0.0932988 0.931413 0.37908 0.173901 0.295395 0.0735499 0.0828473 0.342559 0.759564 0.85491 0.305657 0.658613 0.0959114 0.415288 0.726097 0.158398 0.443762 0.415212 0.799054 0.26481 0.874562 0.982709 0.510752 0.783 0.699162 0.18483 0.534719 0.173542 0.836331 0.479862 0.182733 0.92963 0.411276 0.561814 0.103531 0.706671 0.635364 0.186378 0.0492297 0.394928 0.041288 0.354887 0.0535406 0.137199 0.770175 0.779638 0.295597 0.213937 0.19485 0.0946513 0.478747 0.069412 0.0773605 0.989498 0.852412 0.776522 0.174328 0.387131 0.950064 0.0106597 0.866994 0.132798 0.94029 0.278269 0.694611 0.0438209 0.98494 0.329975 0.230199 0.0341696 0.724903 0.271487 0.389056 0.778444 0.408687 0.159232 0.558082 0.704284 0.373169 0.752932 0.798935 0.851915 0.822344 0.876296 0.841413 0.674756 0.652818 0.0157414 0.0618868 0.602883 0.0264011 0.928881 0.73568 0.966691 0.20715 0.430292 0.0105118 0.19209 0.760267 0.240711 0.226259 0.48517 0.512198 0.615316 0.263613 0.920885 0.774547 0.821695 0.625169 0.147716 0.574627 0.424105 0.999631 0.39697 0.300401 0.841044 0.0717259 0.953219 0.856785 0.133613 0.556101 0.883187 0.0624933 0.291782 0.849877 
41 5 59 27 7 16 21 
0.967511 0.613299 0.303308 0.231124 0.534184 0.0778557 0.0528191 0.159353 0.225572 0.627446 0.583458 0.225203 0.0244163 0.883858 0.0662467 0.0961422 0.837077 0.923032 0.229755 0.393179 0.806219 0.292248 0.68496 0.656096 0.561891 0.407034 0.516485 0.0236244 0.889375 0.617586 0.711617 0.856885 0.230885 0.0149252 0.0880094 0.765068 0.0927809 0.140829 0.924422 0.318352 0.768274 0.507879 0.543555 0.792691 0.391738 0.609802 0.888833 0.228815 0.532834 0.118588 0.621993 0.339052 0.410836 0.306954 0.995149 0.972728 0.713988 0.511634 0.996352 0.603363 0.12922 0.707969 0.460248 0.360104 0.722894 0.548258 0.125173 0.815675 0.689086 0.0495944 0.134027 0.45736 0.557474 0.677582 0.250051 0.949211 0.287384 0.138884 0.178026 0.820218 0.257472 0.800019 0.15927 0.668308 0.106973 0.154419 0.641035 0.820961 0.666053 0.637387 0.424324 0.795273 0.345356 0.884572 0.155377 0.0682502 0.43283 0.28055 0.883925 0.121916 0.330144 0.0179523 0.579276 0.887618 0.695535 0.829327 0.836829 0.982919 0.968211 0.0148552 0.803136 0.225683 0.814875 0.962407 0.893991 0.921848 0.116826 0.535026 0.742809 0.782878 0.172413 0.167133 0.578151 0.51777 0.0517053 0.733528 0.58602 0.484535 
42 40 8 56 25 27 11 
0.231841 0.183432 0.0150536 0.0686698 0.16635 0.983265 0.083525 0.969487 0.208947 0.8984 0.931894 0.102938 0.820248 0.0487193 0.637964 0.563057 0.831598 0.810378 0.73019 0.409749 0.328147 0.781895 0.143277 0.914167 0.26643 0.157356 0.384112 0.872881 0.501578 0.872009 0.0586073 0.733419 0.0554404 0.073661 0.802089 0.221791 0.0569256 0.885614 0.191278 0.265873 0.784013 0.123171 0.368811 0.604261 0.171891 0.00677531 0.167318 0.00348854 0.817153 0.897508 0.413238 0.1453 0.679404 0.556515 0.0594667 0.945834 0.71387 0.443578 0.818715 0.215449 0.315587 0.877322 0.948868 0.371027 0.950983 0.750956 0.592818 0.00790851 0.63657 0.784096 0.273782 0.420583 0.907267 0.642593 0.0248443 0.079158 0.649368 0.192162 0.0826465 0.466521 0.0896704 0.495884 0.611821 0.769074 0.0523989 0.671288 0.714908 0.766269 0.114866 0.533622 0.981718 0.430453 0.410944 0.930586 0.80148 0.361927 0.681542 0.394298 0.369836 0.318112 0.178394 0.643617 0.738695 0.085661 0.28621 0.763539 0.164819 0.935578 0.955702 0.247466 0.402099 0.045372 0.74335 0.0139197 0.814446 0.795749 0.685207 0.529354 0.562018 0.800073 0.0629761 0.543736 0.230526 0.47392 0.474322 0.0320056 0.835848 0.155864 
43 24 13 52 0 48 33 
0.135511 0.97621 0.855177 0.0710889 0.931912 0.102643 0.473188 0.977284 0.845993 0.487108 0.79173 0.641741 0.172315 0.321083 0.203759 0.972388 0.384059 0.747495 0.202914 0.85798 0.221817 0.234919 0.693828 0.377681 0.661223 0.899511 0.851657 0.26592 0.748812 0.0643276 0.956279 0.884323 0.0405378 0.811456 0.955412 0.97245 0.914099 0.4286 0.949733 0.760092 0.915707 0.741463 0.401833 0.088022 0.0625465 0.605592 0.0604099 0.446606 0.353088 0.263324 0.304586 0.574905 0.498243 0.998414 0.952586 0.159465 0.897925 0.804243 0.425386 0.646737 0.868571 0.381664 0.531059 0.909109 0.19312 0.486471 0.881558 0.107219 0.915071 0.831291 0.867311 0.830778 0.572755 0.269144 0.9188 0.635301 0.874736 0.97921 0.081907 0.227824 0.242533 0.386493 0.802729 0.740776 0.384906 0.755315 0.900242 0.282831 0.559559 0.325627 0.929568 0.428129 0.707291 0.460627 0.337238 0.900412 0.947098 0.218796 0.0076311 0.862169 0.0500877 0.874942 0.692947 0.622842 0.144086 0.611747 0.258143 0.0188225 0.590956 0.34005 0.246646 0.83349 0.726543 0.0493755 0.574266 0.11145 0.804691 0.474507 0.394281 0.364249 0.800134 0.323848 0.792379 0.507426 0.784475 0.129617 0.407838 0.731574 
44 56 4 7 22 13 38 
0.0213429 0.434497 0.898436 0.279486 0.45332 0.489392 0.619536 0.699966 0.322882 0.34608 0.749342 0.897148 0.457529 0.554033 0.371655 0.85181 0.918282 0.171789 0.175658 0.710661 0.679215 0.960134 0.840278 0.0870529 0.691707 0.188691 0.502522 0.28545 0.587191 0.792933 0.572139 0.608534 0.22743 0.470575 0.88802 0.680749 0.959967 0.507557 0.380715 0.282849 0.853636 0.130057 0.179996 0.311166 0.68409 0.551651 0.162976 0.602372 0.72344 0.338634 0.313032 0.402655 0.298768 0.15331 0.489708 0.990475 0.342001 0.99223 0.275925 0.929192 0.785162 0.848064 0.537727 0.0125921 0.318639 0.425747 0.693341 0.278605 0.933304 0.0740569 0.561454 0.78694 0.204114 0.74145 0.0981058 0.888204 0.293101 0.261081 0.490575 0.0165412 0.599715 0.803608 0.419197 0.898483 0.956918 0.908905 0.888958 0.298919 0.901135 0.164883 0.228111 0.686297 0.0129472 0.765837 0.698889 0.331586 0.191584 0.392231 0.610191 0.124888 0.466288 0.171645 0.911828 0.670402 0.913095 0.00993388 0.558605 0.206196 0.271015 0.0491804 0.222737 0.870731 0.852788 0.641934 0.769214 0.809706 0.550839 0.658172 0.108624 0.451974 0.823055 0.336735 0.138271 0.836002 0.102572 0.83716 0.167588 0.294156 
45 22 32 9 54 36 18 
0.36608 0.86252 0.340806 0.924685 0.0687157 0.611822 0.973866 0.291453 0.482552 0.826654 0.933387 0.251766 0.636359 0.484226 0.909938 0.744984 0.9362 0.732993 0.0817186 0.0744703 0.568995 0.184291 0.91163 0.736583 0.478447 0.141021 0.514362 0.897492 0.8367 0.463786 0.228364 0.20278 0.326306 0.56917 0.127465 0.395022 0.180992 0.101331 0.686475 0.663544 0.927984 0.619862 0.91531 0.564344 0.104088 0.825248 0.309327 0.0402872 0.55824 0.391046 0.114758 0.127235 0.575336 0.0263879 0.863818 0.0537837 0.167409 0.37818 0.951275 0.00410885 0.841966 0.179639 0.206889 0.168272 0.74881 0.334354 0.563293 0.929802 0.435684 0.249768 0.593346 0.363668 0.86963 0.508656 0.928012 0.973717 0.333904 0.237339 0.0140046 0.892144 0.628385 0.128762 0.0193787 0.203721 0.15515 0.883197 0.257505 0.322559 0.261376 0.20878 0.326668 0.103343 0.388419 0.533557 0.271615 0.137229 0.86791 0.834908 0.0670309 0.303594 0.0846761 0.660377 0.667263 0.954306 0.169033 0.595275 0.928023 0.502936 0.832614 0.942028 0.39508 0.460998 0.0707902 0.414459 0.664719 0.22594 0.297655 0.922224 0.5485 0.559032 0.131004 0.875168 0.662374 0.519423 0.408724 0.933989 0.656652 0.276635 
46 31 17 35 32 3 27 
0.807879 0.553093 0.842766 0.735902 0.0560289 0.67538 0.67793 0.451109 0.136378 0.74872 0.865568 0.801097 0.974661 0.163223 0.723321 0.52316 0.722255 0.854324 0.398328 0.384629 0.373747 0.807052 0.318618 0.0303991 0.0836865 0.0875142 0.754082 0.663915 0.941087 0.138142 0.911407 0.748966 0.691234 0.754173 0.484868 0.747263 0.429553 0.162798 0.198372 0.565931 0.911518 0.0639398 0.367028 0.886179 0.227163 0.0903488 0.409339 0.949417 0.944673 0.807667 0.334046 0.31842 0.614719 0.652664 0.348819 0.698405 0.740178 0.102901 0.362321 0.681265 0.241043 0.273728 0.430231 0.932277 0.0279009 0.915099 0.67954 0.457454 0.0778966 0.877912 0.0233851 0.989415 0.941852 0.390413 0.875594 0.169015 0.480762 0.284933 0.118432 0.425435 0.0925997 0.452478 0.743855 0.707318 0.105142 0.0926746 0.405724 0.84532 0.195576 0.768044 0.526585 0.436619 0.0417718 0.956815 0.368895 0.0696727 0.871914 0.0484354 0.527127 0.949811 0.926347 0.550512 0.939226 0.868199 0.940925 0.81482 0.0372138 0.421687 0.0997525 0.155646 0.847122 0.192352 0.608124 0.590977 0.899671 0.713266 0.683652 0.305394 0.558585 0.879228 0.0734384 0.0851701 0.315846 0.11521 0.0419856 0.684742 0.184883 0.9139 
47 63 18 52 54 35 60 
0.203447 0.617756 0.564937 0.625134 0.717508 0.720583 0.472256 0.90986 0.328707 0.0632331 0.809531 0.0419724 0.746885 0.114925 0.600558 0.626112 0.188364 0.685728 0.941959 0.303574 0.727713 0.6267 0.488457 0.641613 0.359877 0.200466 0.505324 0.0194015 0.462988 0.30826 0.547125 0.666435 0.926015 0.112063 0.291568 0.643524 0.832646 0.763824 0.553384 0.161353 0.827057 0.362915 0.203325 0.573942 0.477841 0.803883 0.200055 0.666204 0.489611 0.142013 0.969778 0.217324 0.768713 0.458235 0.858937 0.12859 0.658701 0.364261 0.147992 0.121689 0.672521 0.695117 0.788124 0.598536 0.80718 0.0796926 0.24206 0.639825 0.843517 0.795444 0.801178 0.670574 0.158359 0.00450276 0.244516 0.636199 0.808385 0.444571 0.302404 0.297996 0.586584 0.272182 0.51532 0.355297 0.730417 0.374257 0.483888 0.389118 0.738518 0.63188 0.510808 0.411039 0.326997 0.298932 0.00957505 0.134177 0.378625 0.251635 0.774002 0.222142 0.0470784 0.57518 0.892716 0.205437 0.579682 0.137232 0.841637 0.388068 0.581803 0.144041 0.686064 0.168387 0.416223 0.201384 0.523684 0.14664 0.575642 0.00757194 0.535758 0.31416 0.639452 0.0465659 0.725199 0.966449 0.345498 0.734774 0.100625 0.724123 
48 31 30 2 32 39 23 
0.0805616 0.417557 0.558014 0.224602 0.103621 0.726401 0.640825 0.305005 0.250085 0.787464 0.880647 0.257657 0.323222 0.194807 0.897109 0.369788 0.920006 0.863557 0.715286 0.65478 0.964182 0.439409 0.641189 0.838809 0.385674 0.674676 0.288616 0.224653 0.913601 0.318105 0.200865 0.994163 0.735662 0.758879 0.218765 0.839283 0.48528 0.85959 0.144288 0.735365 0.647054 0.024935 0.993022 0.970277 0.219742 0.89013 0.340065 0.139748 0.753687 0.0553516 0.794528 0.71787 0.494761 0.435718 0.556679 0.880434 0.110394 0.845295 0.105088 0.0239952 0.1634 0.305953 0.0181579 0.899062 0.0648322 0.236923 0.738345 0.550112 0.0965127 0.882633 0.285477 0.743567 0.907568 0.278499 0.713844 0.12731 0.168629 0.0539088 0.267058 0.922316 0.10926 0.0615868 0.640186 0.604021 0.497304 0.196865 0.484456 0.607698 0.0421603 0.589544 0.631693 0.20556 0.895496 0.649851 0.104623 0.960329 0.886774 0.842968 0.510441 0.983287 0.725601 0.795918 0.726854 0.633169 0.074417 0.440698 0.76048 0.243046 0.494607 0.0275379 0.165362 0.603867 0.0891247 0.805549 0.207888 0.586429 0.00241389 0.692344 0.194127 0.0445742 0.281887 0.825821 0.250135 0.177384 0.475672 0.354757 0.137712 0.362447 
49 38 15 19 54 24 22 
0.556495 0.518489 0.513285 0.316975 0.761535 0.00789201 0.344513 0.926897 0.611759 0.433637 0.732446 0.819647 0.0200664 0.73486 0.511991 0.214194 0.779434 0.793878 0.0400146 0.0295685 0.971262 0.515687 0.384326 0.108974 0.878133 0.582051 0.757128 0.223867 0.505377 0.201199 0.296455 0.0618717 0.719688 0.80974 0.378846 0.481222 0.817632 0.723359 0.408119 0.429391 0.156996 0.140565 0.249038 0.177063 0.875425 0.761029 0.391257 0.654859 0.554907 0.431271 0.684427 0.526169 0.946958 0.0687527 0.635143 0.825091 0.650803 0.392271 0.0489583 0.15618 0.59347 0.345413 0.218051 0.313157 0.155153 0.596898 0.79438 0.972785 0.320257 0.202499 0.402176 0.477253 0.343064 0.651215 0.654316 0.218489 0.412244 0.0455727 0.873348 0.967151 0.476844 0.557775 0.493319 0.423802 0.626527 0.128462 0.248893 0.277331 0.520733 0.297851 0.433511 0.114203 0.643264 0.651562 0.42736 0.798418 0.24846 0.22174 0.771203 0.568717 0.424239 0.173379 0.0459702 0.767303 0.824594 0.700286 0.985792 0.236837 0.745859 0.85914 0.203988 0.222703 0.416915 0.697307 0.646505 0.0434421 0.82577 0.895398 0.320773 0.346503 0.193249 0.754283 0.460705 0.836514 0.405845 0.888065 0.634931 0.654305 
50 0 10 57 47 56 52 
0.301348 0.404108 0.969279 0.28714 0.640945 0.715138 0.14628 0.844933 0.937841 0.563195 0.54224 0.584345 0.606637 0.36801 0.479743 0.92741 0.714513 0.672993 0.681693 0.175218 0.509507 0.0875388 0.0632833 0.144438 0.741844 0.173089 0.550572 0.964866 0.707133 0.130086 0.233859 0.00848109 0.534193 0.203137 0.295621 0.175138 0.918275 0.441902 0.0200712 0.856116 0.00509679 0.562311 0.440461 0.611734 0.930321 0.920204 0.539144 0.644834 0.593197 0.220837 0.820052 0.102703 0.308376 0.883335 0.247141 0.0502201 0.0564237 0.797714 0.0150864 0.763557 0.9278 0.248945 0.772038 0.461993 0.452082 0.0676594 0.637132 0.370357 0.509561 0.657203 0.226473 0.514658 0.219514 0.666934 0.126392 0.149836 0.587138 0.665536 0.794669 0.180335 0.886373 0.614721 0.283038 0.194749 0.498056 0.53018 0.244969 0.55448 0.327894 0.260056 0.318037 0.255693 0.509001 0.0900748 0.717687 0.961083 0.157734 0.354818 0.33144 0.667295 0.0120211 0.557912 0.181953 0.231535 0.224846 0.308345 0.381371 0.811984 0.973881 0.17604 0.992319 0.860254 0.790761 0.275357 0.0550034 0.288817 0.805537 0.299973 0.843297 0.13343 0.560028 0.161334 0.389123 0.0690289 0.251409 0.10681 0.0301116 0.409143 
51 49 13 50 3 60 10 
0.705185 0.14431 0.566737 0.0865557 0.956293 0.540618 0.262596 0.948612 0.400872 0.0533574 0.223969 0.455875 0.342175 0.0295053 0.755848 0.185472 0.162935 0.315876 0.346806 0.552059 0.384905 0.598214 0.658869 0.415017 0.00735709 0.120497 0.776568 0.0837952 0.594147 0.696032 0.342187 0.299331 0.840341 0.908923 0.385887 0.796635 0.449541 0.648483 0.745246 0.850413 0.70184 0.969215 0.306288 0.0440152 0.99872 0.0621361 0.229487 0.161656 0.378012 0.576293 0.713715 0.762917 0.174507 0.372584 0.177934 0.181864 0.493081 0.954502 0.265659 0.0872277 0.650534 0.607846 0.386559 0.490875 0.516769 0.772446 0.28751 0.966311 0.420929 0.0327562 0.816723 0.122769 0.00197136 0.123012 0.166785 0.000691812 0.185148 0.396272 0.162348 0.56316 0.972564 0.876063 0.326077 0.147072 0.248647 0.504011 0.328936 0.741728 0.458514 0.594595 0.828955 0.109048 0.202441 0.215514 0.599923 0.719211 0.98796 0.887433 0.685521 0.408889 0.920189 0.502245 0.531659 0.92216 0.625256 0.698443 0.922852 0.810404 0.0947149 0.0851997 0.373564 0.0672794 0.961262 0.699641 0.214351 0.209909 0.203653 0.543287 0.951636 0.662167 0.137882 0.780592 0.771214 0.340323 0.996106 0.371137 0.0595338 0.984066 
52 41 47 11 59 48 0 
0.100918 0.872556 0.623057 0.0237702 0.68296 0.717772 0.10897 0.0565245 0.785052 0.0702322 0.756166 0.999403 0.280141 0.959819 0.542689 0.231777 0.621986 0.680571 0.0123693 0.3932 0.020894 0.00847536 0.764337 0.0804278 0.992542 0.022906 0.825483 0.385497 0.201664 0.0727828 0.310111 0.302582 0.945339 0.933169 0.326353 0.628299 0.650941 0.435323 0.684824 0.435993 0.505555 0.44099 0.435395 0.785696 0.400809 0.978084 0.0174732 0.0227944 0.658655 0.0298425 0.415994 0.679549 0.0383179 0.180331 0.759977 0.0308596 0.203237 0.58546 0.416357 0.404901 0.658243 0.726468 0.707483 0.603582 0.659637 0.033836 0.231881 0.310578 0.469159 0.916705 0.74657 0.974713 0.357695 0.181965 0.760409 0.758504 0.160049 0.777882 0.781298 0.818705 0.807725 0.197292 0.498254 0.846043 0.377623 0.25823 0.876902 0.58086 0.84369 0.293259 0.985761 0.501933 0.0197272 0.693244 0.105514 0.679364 0.72708 0.337395 0.989942 0.196238 0.2541 0.736512 0.170952 0.611795 0.918477 0.931361 0.370298 0.0785265 0.709243 0.151597 0.897231 0.516968 0.348889 0.395485 0.363011 0.726512 0.653715 0.239913 0.307371 0.497405 0.533172 0.293132 0.999338 0.552899 0.986376 0.104852 0.232263 0.713456 
53 7 27 6 44 33 58 
0.308142 0.877194 0.0120068 0.678441 0.95572 0.72125 0.830037 0.852951 0.238218 0.178926 0.248436 0.601229 0.905438 0.902151 0.841142 0.212809 0.399556 0.374314 0.505941 0.398894 0.927213 0.492317 0.503747 0.159476 0.205772 0.945994 0.381681 0.115466 0.642342 0.340398 0.196112 0.950484 0.217592 0.208119 0.628925 0.173312 0.929369 0.458962 0.0262639 0.167587 0.637889 0.2747 0.768816 0.543326 0.176851 0.609958 0.756135 0.576408 0.984272 0.262076 0.975302 0.911485 0.754393 0.479049 0.0709614 0.960165 0.425043 0.452643 0.0756313 0.0673845 0.793041 0.271744 0.0178685 0.0106328 0.479863 0.646793 0.183945 0.409232 0.105756 0.210209 0.576819 0.743644 0.484909 0.345634 0.286971 0.66176 0.955592 0.0431061 0.238168 0.939864 0.305182 0.21347 0.851349 0.0595752 0.692518 0.92231 0.0197403 0.117561 0.374953 0.0953716 0.184946 0.167993 0.367115 0.202814 0.178626 0.846978 0.849608 0.362572 0.256209 0.955363 0.572781 0.833028 0.699008 0.0576897 0.178662 0.985978 0.71945 0.134254 0.0290845 0.957618 0.0741182 0.334267 0.171087 0.925467 0.393842 0.863606 0.847777 0.413582 0.981167 0.222729 0.508954 0.166113 0.390723 0.876069 0.368927 0.569349 0.723047 0.218535 
54 9 35 22 17 62 6 
0.562391 0.990947 0.858884 0.281841 0.125201 0.887969 0.239458 0.19932 0.222236 0.410546 0.124786 0.616078 0.274152 0.972563 0.0296602 0.255319 0.195293 0.538614 0.421431 0.586016 0.414684 0.790358 0.155365 0.137731 0.00889311 0.0872855 0.116987 0.182791 0.591987 0.929271 0.0556972 0.154378 0.920218 0.914582 0.436219 0.0454194 0.80255 0.675677 0.244739 0.0247862 0.0862231 0.369525 0.640864 0.360375 0.342088 0.670524 0.615693 0.537381 0.209139 0.0371247 0.123396 0.623822 0.827483 0.278761 0.761553 0.836376 0.366047 0.878539 0.0191675 0.958034 0.807811 0.0748648 0.112411 0.728029 0.989446 0.54863 0.773448 0.791997 0.224307 0.0181872 0.816783 0.31053 0.387712 0.457647 0.670905 0.729801 0.128171 0.286598 0.267182 0.33731 0.323723 0.390578 0.961132 0.151206 0.669339 0.722685 0.987582 0.035386 0.601224 0.00674999 0.99342 0.409035 0.0816148 0.105831 0.137064 0.0710611 0.654461 0.910512 0.863058 0.878768 0.928699 0.679841 0.189299 0.316412 0.137488 0.860204 0.0462124 0.26566 0.146802 0.313394 0.60297 0.470525 0.703972 0.564102 0.621732 0.373312 0.286786 0.609314 0.408698 0.88801 0.616064 0.402117 0.297045 0.697679 0.507948 0.434109 0.76874 0.162409 
55 61 47 13 39 53 31 
0.589732 0.449127 0.0906801 0.635944 0.714787 0.237482 0.949338 0.317756 0.708008 0.653311 0.881858 0.329739 0.0266222 0.168644 0.939054 0.43532 0.056654 0.555118 0.837437 0.353699 0.252796 0.345385 0.787808 0.0215364 0.507794 0.132428 0.653334 0.548972 0.405748 0.964973 0.779448 0.99548 0.414101 0.870128 0.631424 0.128887 0.10761 0.580763 0.446644 0.815618 0.234073 0.328502 0.145358 0.260695 0.497146 0.0844111 0.696015 0.5538 0.639529 0.533452 0.907499 0.892325 0.878837 0.695306 0.913862 0.386631 0.827735 0.567196 0.935603 0.233483 0.532169 0.715051 0.228963 0.94627 0.585178 0.860388 0.0751575 0.692789 0.44115 0.521801 0.508407 0.675223 0.850303 0.653765 0.935919 0.347449 0.738176 0.631934 0.901248 0.377704 0.165386 0.808747 0.270029 0.0442227 0.504054 0.183891 0.430854 0.331788 0.751087 0.366457 0.565272 0.283256 0.0815072 0.794235 0.229526 0.666686 0.654623 0.304684 0.359474 0.0957733 0.826485 0.867881 0.770997 0.676788 0.521646 0.706915 0.0242369 0.259822 0.338849 0.925485 0.637526 0.504234 0.734232 0.907555 0.548457 0.238286 0.0914465 0.979311 0.570075 0.842533 0.345768 0.135346 0.12579 0.427275 0.929582 0.355316 0.0939604 0.584205 
56 12 54 13 37 26 39 
0.163273 0.842962 0.15789 0.18751 0.102784 0.496738 0.112995 0.74031 0.000972476 0.847228 0.647865 0.549429 0.0855139 0.739312 0.52874 0.655588 0.581845 0.874508 0.790935 0.707635 0.301783 0.720517 0.0629513 0.395743 0.304721 0.722951 0.849178 0.984699 0.209436 0.170494 0.435674 0.37271 0.0134565 0.593563 0.56022 0.11624 0.0903015 0.673215 0.85655 0.091274 0.520443 0.504416 0.640703 0.605957 0.243727 0.169444 0.261545 0.825573 0.0439516 0.05248 0.533208 0.345734 0.772997 0.596159 0.741477 0.0777178 0.31911 0.590655 0.0624171 0.528547 0.761149 0.498091 0.901256 0.774606 0.0916541 0.461476 0.890846 0.181956 0.134691 0.747396 0.27323 0.655134 0.251812 0.913933 0.26109 0.495539 0.0833769 0.522636 0.321112 0.127329 0.575116 0.85432 0.473063 0.348112 0.450479 0.21454 0.42583 0.76959 0.805195 0.488247 0.298137 0.566344 0.986338 0.199393 0.34095 0.077992 0.660869 0.231796 0.259948 0.79556 0.979192 0.533177 0.450694 0.231004 0.447111 0.711784 0.726544 0.530487 0.234419 0.0476561 0.657816 0.809535 0.901976 0.130879 0.157647 0.352456 0.345419 0.583477 0.122046 0.150614 0.0717242 0.420182 0.716958 0.0580621 0.619575 0.0579077 0.136054 0.280444 
57 14 47 15 21 23 5 
0.37629 0.238481 0.226444 0.906777 0.472901 0.2741 0.564593 0.282436 0.176077 0.695472 0.440083 0.528532 0.0408909 0.0235604 0.650578 0.191505 0.0952847 0.07076 0.908462 0.153347 0.690335 0.96637 0.289401 0.970779 0.256074 0.685403 0.0467835 0.52497 0.614582 0.573481 0.0248702 0.990872 0.811963 0.251314 0.897649 0.284863 0.525415 0.462242 0.567299 0.701491 0.157715 0.00738272 0.230024 0.198605 0.0309431 0.880601 0.39011 0.126228 0.951362 0.298572 0.279575 0.641697 0.264943 0.568976 0.612476 0.521017 0.254378 0.65926 0.0459864 0.86896 0.232741 0.0708567 0.859832 0.0447035 0.322171 0.757481 0.329567 0.847586 0.219724 0.896866 0.549077 0.377438 0.904249 0.779101 0.576044 0.935192 0.659702 0.966154 0.0614201 0.611064 0.264726 0.340995 0.252761 0.529669 0.90997 0.865237 0.0506855 0.164349 0.524497 0.096672 0.0333092 0.757238 0.167529 0.893142 0.801941 0.4897 0.650623 0.131508 0.337286 0.870347 0.0283747 0.886363 0.247785 0.932624 0.665464 0.823829 0.867816 0.325166 0.789983 0.929236 0.93623 0.054709 0.270231 0.188991 0.584378 0.180201 0.054228 0.635064 0.34455 0.578725 0.731736 0.377859 0.335963 0.899264 0.271001 0.137904 0.388964 0.921624 
58 2 11 34 59 56 22 
0.230411 0.278076 0.863585 0.0982268 0.603243 0.653567 0.0274631 0.539473 0.708276 0.297694 0.728464 0.292654 0.477895 0.782692 0.927718 0.822445 0.361417 0.659453 0.200304 0.697379 0.558718 0.471305 0.835283 0.947682 0.392929 0.104696 0.673931 0.184899 0.402483 0.286544 0.224655 0.632893 0.56462 0.0882392 0.73112 0.167862 0.741807 0.758583 0.707335 0.450083 0.0562773 0.435799 0.742737 0.534173 0.218491 0.670455 0.356618 0.579907 0.329909 0.556922 0.277287 0.888626 0.0282272 0.11257 0.836308 0.421156 0.217266 0.510239 0.606055 0.619748 0.796783 0.830709 0.252642 0.361403 0.918949 0.983762 0.529265 0.660755 0.742345 0.2366 0.110838 0.798623 0.672399 0.853575 0.332795 0.89089 0.524031 0.689413 0.470797 0.853939 0.246335 0.748084 0.742565 0.274562 0.860654 0.578873 0.695718 0.0779193 0.0891124 0.301773 0.697668 0.885895 0.132482 0.950309 0.247298 0.0514307 0.934071 0.776563 0.712186 0.676417 0.013163 0.823024 0.475039 0.685562 0.676599 0.807834 0.576452 0.20063 0.497247 0.0472489 0.0545688 0.743582 0.795332 0.797134 0.0181448 0.655986 0.376008 0.713863 0.733905 0.46512 0.0156358 0.431573 0.351015 0.148118 0.381883 0.598313 0.199549 0.315954 
59 39 13 64 51 47 14 
0.0736004 0.411357 0.275244 0.650052 0.611987 0.772491 0.697301 0.666556 0.516074 0.492634 0.46369 0.534218 0.14862 0.839697 0.248081 0.882525 0.304817 0.263717 0.314098 0.655832 0.411835 0.695981 0.254145 0.611384 0.0119351 0.62902 0.523119 0.00430562 0.0170584 0.257877 0.471715 0.0906588 0.669234 0.746959 0.740711 0.281221 0.51945 0.438012 0.947777 0.035524 0.930646 0.411466 0.569742 0.0792659 0.251164 0.817824 0.961791 0.555981 0.081541 0.27589 0.211814 0.493376 0.971871 0.465959 0.10476 0.983806 0.0949788 0.627879 0.988111 0.112037 0.885756 0.459827 0.202696 0.55499 0.206786 0.943407 0.836211 0.726236 0.381419 0.783987 0.76176 0.312065 0.195454 0.331503 0.391331 0.446618 0.149327 0.353122 0.00259885 0.230868 0.629012 0.214413 0.724244 0.600883 0.680371 0.829004 0.584689 0.77535 0.456883 0.5728 0.887387 0.342638 0.0326266 0.0900832 0.897628 0.239413 0.0334903 0.733838 0.965649 0.41491 0.517826 0.727409 0.726975 0.713279 0.0589121 0.118306 0.159897 0.208239 0.471429 0.162496 0.439106 0.100441 0.376908 0.16335 0.701323 0.0572794 0.992354 0.286012 0.832629 0.449237 0.858812 0.720017 0.791875 0.891438 0.8101 0.689503 0.130851 0.84359 
60 50 58 4 14 52 16 
0.654447 0.882821 0.103781 0.814343 0.0910599 0.575209 0.976839 0.530166 0.67565 0.353747 0.693516 0.376973 0.411026 0.685871 0.662985 0.243656 0.135108 0.521797 0.963673 0.926983 0.413235 0.773773 0.616487 0.544086 0.617363 0.0398284 0.640586 0.875863 0.980996 0.464495 0.861337 0.635443 0.347316 0.965118 0.449786 0.438376 0.540328 0.426625 0.968542 0.215977 0.780372 0.662059 0.592951 0.191399 0.347929 0.255936 0.435054 0.483037 0.777732 0.398727 0.41002 0.190967 0.1725 0.0265064 0.735053 0.789862 0.0663348 0.375639 0.665725 0.0473307 0.840134 0.527062 0.682773 0.18745 0.492181 0.132559 0.625826 0.0325082 0.559184 0.594368 0.248486 0.339557 0.256427 0.841436 0.530955 0.604356 0.0973719 0.96601 0.0873927 0.875104 0.364737 0.497413 0.0660715 0.537236 0.523919 0.801125 0.327099 0.590254 0.176764 0.992824 0.637584 0.0168978 0.519886 0.320358 0.204348 0.0120667 0.452917 0.830174 0.0445749 0.0121018 0.424542 0.293061 0.351658 0.680969 0.134497 0.882614 0.285325 0.231869 0.848623 0.372718 0.106973 0.21336 0.87013 0.173045 0.750596 0.394049 0.974169 0.0776947 0.984303 0.150933 0.0705185 0.621887 0.167831 0.590405 0.942245 0.372179 0.602471 0.395163 
61 10 55 35 27 57 53 
0.0746037 0.641536 0.593189 0.306473 0.490159 0.965907 0.413446 0.703519 0.836037 0.58649 0.454115 0.230087 0.56066 0.53181 0.21439 0.711593 0.602328 0.836277 0.879424 0.192733 0.778522 0.251603 0.795204 0.173685 0.453956 0.44225 0.580949 0.0808511 0.382357 0.339872 0.388715 0.456961 0.981408 0.981905 0.763433 0.471568 0.947812 0.176879 0.175087 0.783849 0.763369 0.629202 0.0139359 0.324029 0.161012 0.228326 0.0356223 0.76334 0.0646026 0.915046 0.956073 0.843125 0.16665 0.751277 0.0168098 0.620606 0.193528 0.597759 0.701457 0.575885 0.937631 0.0901721 0.0328457 0.919039 0.0720769 0.796279 0.390607 0.0198886 0.973158 0.565693 0.803738 0.736528 0.194895 0.817674 0.0605569 0.355907 0.0459992 0.0961792 0.119247 0.110602 0.0112257 0.0753201 0.953727 0.177875 0.826597 0.970536 0.798481 0.0201249 0.568295 0.499938 0.59601 0.505926 0.59011 0.628855 0.424965 0.662187 0.425134 0.815572 0.682075 0.398293 0.381265 0.485813 0.13482 0.57616 0.303487 0.195377 0.932067 0.349486 0.291556 0.0513143 0.460088 0.302782 0.126634 0.413814 0.480657 0.953232 0.384351 0.279138 0.973357 0.952646 0.779076 0.569366 0.458573 0.369186 0.198222 0.883538 0.0313722 0.623356 
62 28 24 5 7 25 55 
0.502747 0.351846 0.588603 0.852233 0.643403 0.639917 0.312321 0.946185 0.766552 0.726135 0.426842 0.719783 0.110486 0.70598 0.69314 0.0631325 0.485056 0.262506 0.521705 0.854241 0.460728 0.405243 0.885614 0.0840837 0.104353 0.599061 0.105732 0.184728 0.798321 0.262201 0.841264 0.301069 0.614048 0.429867 0.153302 0.25745 0.0697841 0.465623 0.203635 0.836336 0.191758 0.630477 0.556119 0.302245 0.336457 0.249259 0.365377 0.821512 0.511765 0.887082 0.675754 0.972493 0.292325 0.561367 0.0565763 0.396679 0.160428 0.162309 0.581407 0.95875 0.42451 0.422671 0.259818 0.0385577 0.852537 0.41312 0.296008 0.922322 0.878744 0.499642 0.758657 0.070502 0.130119 0.314776 0.372747 0.466575 0.564035 0.738124 0.288088 0.0757998 0.625206 0.963842 0.0482924 0.917532 0.525209 0.104869 0.31421 0.685637 0.267177 0.895617 0.644387 0.691687 0.318288 0.904205 0.730245 0.170825 0.317326 0.0262529 0.0931469 0.196069 0.525895 0.851804 0.266571 0.656014 0.16658 0.639318 0.12259 0.730615 0.377442 0.410677 0.806415 0.00264836 0.374519 0.854707 0.92018 0.899728 0.959576 0.234391 0.585365 0.226753 0.130008 0.229752 0.918441 0.448296 0.133958 0.648686 0.619121 0.451283 
63 44 59 10 21 20 0 
0.730652 0.553242 0.979438 0.461267 0.930684 0.390115 0.267683 0.933333 0.764634 0.12239 0.853513 0.664362 0.081966 0.0879034 0.249728 0.308719 0.217911 0.47948 0.22716 0.666207 0.613437 0.875846 0.285328 0.0647208 0.550785 0.997595 0.712074 0.751619 0.561667 0.625998 0.608467 0.292319 0.17924 0.587905 0.753587 0.109924 0.97802 0.0212694 0.0432571 0.742655 0.143659 0.89677 0.407017 0.225625 0.984673 0.656745 0.534345 0.202585 0.136225 0.761505 0.868791 0.749662 0.637351 0.154119 0.814383 0.188136 0.151714 0.526457 0.939755 0.713381 0.152454 0.548222 0.00570075 0.331695 0.136127 0.759288 0.441619 0.114148 0.780557 0.484876 0.856802 0.924216 0.381646 0.26382 0.149842 0.36632 0.920565 0.684186 0.568904 0.0567895 0.445691 0.437695 0.806452 0.0830425 0.591814 0.620834 0.271178 0.743528 0.147291 0.210933 0.45691 0.299745 0.759155 0.462611 0.63144 0.895283 0.221898 0.0730589 0.00943017 0.00245509 0.557935 0.866233 0.926671 0.939581 0.130052 0.076513 0.305901 0.0506171 0.760699 0.874805 0.107407 0.206391 0.312501 0.913858 0.289433 0.904315 0.534692 0.560612 0.647843 0.681983 0.771545 0.104753 0.981729 0.530701 0.567364 0.613168 0.425983 0.789262 
64 17 32 37 47 51 10 
0.183744 0.431698 0.794901 0.489645 0.482315 0.555601 0.36445 0.589722 0.761992 0.676951 0.50358 0.0514249 0.581266 0.0382727 0.612037 0.22911 0.720256 0.383582 0.333863 0.701985 0.914282 0.901227 0.315153 0.340265 0.690489 0.00138059 0.775679 0.482206 0.245543 0.0773247 0.200594 0.429287 0.509023 0.995495 0.918932 0.991339 0.551096 0.283383 0.581061 0.313088 0.960334 0.0846408 0.364513 0.5416 0.122914 0.976549 0.770709 0.84317 0.360131 0.104572 0.545154 0.274413 0.00579888 0.860307 0.614678 0.696287 0.861688 0.390357 0.178493 0.107231 0.467682 0.379087 0.536518 0.976705 0.374582 0.455451 0.968044 0.925678 0.738833 0.549104 0.238766 0.699167 0.633745 0.603278 0.240767 0.756659 0.579827 0.0114764 0.599828 0.939958 0.116049 0.144982 0.214371 0.121848 0.00528972 0.82905 0.818135 0.866978 0.219407 0.996628 0.974209 0.687089 0.375715 0.510727 0.663794 0.750297 0.966178 0.631837 0.675975 0.705011 0.180942 0.914741 0.404178 0.814687 0.518019 0.644945 0.571345 0.0978465 0.656422 0.171173 0.0378047 0.77247 0.316156 0.252176 0.894318 0.321445 0.0812257 0.712453 0.188423 0.300633 0.709081 0.162632 0.987721 0.0847954 0.673359 0.651515 0.835092 0.639537 
