62 1
0 1 1 0 1 1 0 0 1 0 1 0 1 0 1 0 0 1 0 0 0 1 1 1 0 1 0 1 1 1 0 0 1 0 1 1 0 0 0 0 1 0 1 0 0 1 1 1 1 0 1 0 0 1 0 1 0 1 1 0 1 0 
0 
0.388408 0.386114 
1 
0.255583 0.402683 
2 
0.473659 0.986996 
3 
0.291924 0.853302 
4 
0.00636579 0.440169 
5 
0.475798 0.939583 
6 
0.513237 0.946699 
7 
0.926855 0.434225 
8 
0.75414 0.0215026 
9 
0.0424206 0.121402 
10 
0.770468 0.0165441 
11 
0.603462 0.678302 
12 
0.190693 0.0884842 
13 
0.164458 0.271921 
14 
0.0577839 0.756749 
15 
0.87137 0.446192 
16 
0.142863 0.126953 
17 
0.848875 0.616523 
18 
0.113949 0.140799 
19 
0.469825 0.120315 
20 
0.580968 0.945623 
21 
0.0598987 0.0942047 
22 
0.892322 0.986753 
23 
0.528429 0.646462 
24 
0.00825581 0.57085 
25 
0.767864 0.778724 
26 
0.587394 0.371326 
27 
0.457025 0.778087 
28 
0.45981 0.621483 
29 
0.0500082 0.517594 
30 
0.378232 0.921378 
31 
0.963786 0.521095 
32 
0.0483316 0.812661 
33 
0.137618 0.162281 
34 
0.953459 0.607443 
35 
0.282596 0.534427 
36 
0.553066 0.342495 
37 
0.628632 0.445388 
38 
0.329248 0.157061 
39 
0.0918506 0.337504 
40 
0.727911 0.859715 
41 
0.116227 0.315305 
42 
0.231041 0.573253 
43 
0.0933927 0.690851 
44 
0.194736 0.143401 
45 
0.208445 0.572967 
46 
0.0647791 0.172231 
47 
0.0940625 0.113111 
48 
0.984892 0.23168 
49 
0.275392 0.938351 
50 
0.839123 0.557988 
51 
0.472778 0.392189 
52 
0.900483 0.10141 
53 
0.837577 0.229731 
54 
0.258471 0.929428 
55 
0.567235 0.986382 
56 
0.789143 0.683462 
57 
0.301688 0.020184 
58 
0.256715 0.395081 
59 
0.711035 0.45145 
60 
0.538481 0.919481 
61 
0.0244177 0.603261 
