46 6
1 0 0 1 0 1 1 0 1 1 1 0 0 1 0 0 1 1 1 1 1 1 0 0 0 0 1 0 1 0 0 1 0 0 0 1 0 0 1 0 0 1 0 0 1 1 
0 32 40 44 17 21 
0.342806 0.319818 0.71719 0.680952 0.202773 0.517416 0.204242 0.855423 0.408381 0.666286 0.521267 0.240527 0.552228 0.439072 0.197925 0.5189 0.815178 0.426174 0.177739 0.868536 0.277592 0.414288 0.423982 0.635809 0.060387 0.297569 0.743838 0.0554767 0.444432 0.334804 0.0296029 0.787238 0.654622 0.746793 0.468189 0.857395 0.264209 0.672432 0.712817 0.67259 0.338718 0.234085 0.913117 0.890946 0.673157 0.111042 0.409846 0.488335 0.537216 0.587585 0.356871 0.814808 0.001873 0.780853 0.450617 0.06226 0.0784224 0.194455 0.117737 0.522854 0.529258 0.14734 0.310092 0.18388 
1 8 2 35 41 7 
0.754092 0.830932 0.78943 0.988176 0.744049 0.680376 0.661333 0.855092 0.0902222 0.149668 0.392308 0.677807 0.506539 0.207115 0.67968 0.287393 0.657732 0.74194 0.365815 0.852187 0.859676 0.88867 0.381445 0.00701606 0.198762 0.565325 0.901149 0.977043 0.6066 0.0594905 0.427756 0.360691 0.890423 0.217186 0.348868 0.634472 0.897562 0.0102007 0.489564 0.987784 0.159869 0.881871 0.665591 0.666408 0.0889867 0.345271 0.953801 0.746719 0.0872106 0.319616 0.598906 0.946887 0.208286 0.980351 0.953903 0.407047 0.545676 0.855052 0.38409 0.152276 0.914542 0.811846 0.512967 0.804965 
2 20 39 36 19 9 
0.929001 0.914378 0.0319047 0.810872 0.579969 0.698313 0.899859 0.92524 0.652114 0.646578 0.0124505 0.97173 0.245483 0.959338 0.180016 0.225835 0.913241 0.587064 0.771511 0.768292 0.971154 0.923787 0.682834 0.782999 0.436754 0.487799 0.812031 0.298589 0.927236 0.738625 0.170625 0.856237 0.653003 0.20253 0.667109 0.232972 0.900843 0.566967 0.158212 0.552957 0.213545 0.170663 0.524687 0.459029 0.13 0.704704 0.684863 0.0432408 0.291767 0.456374 0.811533 0.262921 0.380161 0.494368 0.0459204 0.816915 0.982167 0.857952 0.115504 0.909403 0.596576 0.286128 0.765639 0.249579 
3 43 26 10 41 22 
0.640764 0.942458 0.213261 0.811426 0.467145 0.672289 0.941426 0.171849 0.357152 0.984667 0.463616 0.813526 0.796201 0.726537 0.193687 0.290568 0.772457 0.0106014 0.272735 0.630409 0.126105 0.182138 0.226985 0.412234 0.947777 0.476565 0.900892 0.380525 0.959116 0.290392 0.38024 0.59988 0.23285 0.593501 0.411306 0.699995 0.26579 0.352733 0.871844 0.622942 0.3374 0.33546 0.436468 0.133601 0.0619966 0.630155 0.424169 0.834454 0.640757 0.696904 0.464863 0.766862 0.879042 0.691848 0.179095 0.826819 0.168413 0.0799868 0.207343 0.127529 0.370379 0.587584 0.72741 0.603229 
4 20 41 37 25 42 
0.175068 0.0698162 0.828849 0.510528 0.506285 0.96245 0.572524 0.13644 0.386619 0.406978 0.777196 0.0835231 0.871841 0.544058 0.962565 0.563689 0.723153 0.789383 0.732102 0.80314 0.996727 0.859632 0.173519 0.58431 0.587041 0.776748 0.765395 0.725757 0.0799721 0.212269 0.217206 0.25504 0.282085 0.0460558 0.765568 0.78837 0.00850607 0.338092 0.924809 0.395125 0.74507 0.702005 0.478648 0.616911 0.246063 0.441213 0.1806 0.969216 0.230597 0.912703 0.772356 0.227323 0.772334 0.945875 0.811634 0.359376 0.722623 0.577028 0.0851329 0.802595 0.789297 0.302339 0.0576348 0.0713819 
5 8 39 0 27 31 
0.752027 0.906365 0.486566 0.230675 0.523276 0.732629 0.671888 0.703876 0.701846 0.902485 0.616579 0.474201 0.129808 0.388913 0.420076 0.941441 0.748289 0.142699 0.51847 0.833422 0.945293 0.307767 0.135761 0.00292824 0.379148 0.484156 0.826131 0.2389 0.841058 0.987425 0.0234606 0.593084 0.89379 0.510027 0.823759 0.417066 0.242656 0.495647 0.120942 0.944502 0.398132 0.737521 0.418703 0.52794 0.126435 0.838779 0.469381 0.874724 0.981478 0.987851 0.708145 0.926771 0.295617 0.843906 0.929699 0.674766 0.328063 0.75583 0.913665 0.16912 0.743256 0.937126 0.762204 0.637046 
6 44 41 5 45 43 
0.175054 0.634311 0.479742 0.912576 0.0530138 0.00768145 0.0390103 0.891793 0.477062 0.913734 0.873271 0.464913 0.621879 0.800042 0.76053 0.465785 0.729742 0.435296 0.793848 0.485572 0.348961 0.962968 0.228827 0.286087 0.725172 0.865873 0.73324 0.311135 0.919985 0.423049 0.392745 0.0950392 0.0573598 0.872487 0.00761483 0.110374 0.880168 0.0466252 0.00216663 0.357231 0.960359 0.875437 0.822144 0.582238 0.67548 0.582674 0.0480234 0.405221 0.0179697 0.841871 0.890793 0.366931 0.804839 0.11962 0.653018 0.530011 0.985494 0.386258 0.841146 0.905479 0.809307 0.233891 0.000517856 0.866667 
7 44 42 35 22 28 
0.343777 0.0151169 0.854645 0.165921 0.597355 0.530124 0.748595 0.645378 0.935345 0.766565 0.48725 0.826138 0.133496 0.292089 0.945759 0.786514 0.822099 0.931252 0.172772 0.663245 0.836731 0.982079 0.897136 0.837249 0.848746 0.00351382 0.845382 0.825787 0.99006 0.90014 0.804994 0.333837 0.915256 0.659639 0.499758 0.512611 0.189763 0.248353 0.15799 0.125108 0.0149175 0.645239 0.951247 0.148413 0.937328 0.897006 0.934927 0.759427 0.828258 0.107698 0.422672 0.664989 0.0897773 0.319808 0.502238 0.938523 0.323322 0.34762 0.76431 0.313382 0.24776 0.569304 0.647219 0.163016 
8 4 30 35 21 9 
0.833617 0.543814 0.410247 0.478856 0.495061 0.55866 0.416184 0.392067 0.493587 0.175611 0.220325 0.601285 0.598284 0.885314 0.691063 0.918092 0.387553 0.629586 0.241414 0.735173 0.393896 0.554796 0.982932 0.9632 0.202015 0.145948 0.192143 0.348992 0.821576 0.610849 0.744322 0.655193 0.154663 0.15457 0.134049 0.649724 0.71323 0.550233 0.0417912 0.206817 0.725844 0.262116 0.808102 0.324128 0.147431 0.499165 0.24222 0.534983 0.128751 0.483634 0.270156 0.522647 0.0384299 0.253088 0.485846 0.240445 0.399037 0.677989 0.589438 0.220612 0.288838 0.33376 0.875805 0.443501 
9 30 21 20 22 32 
0.135016 0.408377 0.285931 0.397133 0.216479 0.610059 0.544563 0.715644 0.852279 0.0795469 0.844394 0.335913 0.349703 0.367041 0.374342 0.602791 0.852887 0.614788 0.001828 0.530877 0.204225 0.22244 0.819714 0.537985 0.0982451 0.263215 0.026315 0.108099 0.35644 0.227875 0.668186 0.491457 0.636251 0.954117 0.888589 0.85273 0.564176 0.433153 0.568374 0.416455 0.5127 0.412768 0.752368 0.862403 0.779809 0.12671 0.465194 0.632696 0.741498 0.467022 0.163573 0.945723 0.689462 0.983287 0.483709 0.787707 0.246502 0.510024 0.895806 0.602943 0.737898 0.563992 0.0943993 0.374149 
10 16 32 25 20 38 
0.498741 0.928841 0.208021 0.251108 0.791243 0.987831 0.377818 0.256437 0.620527 0.119316 0.723459 0.7841 0.0650394 0.412921 0.767387 0.548748 0.200628 0.0138899 0.0587715 0.0964346 0.616833 0.79667 0.660427 0.711232 0.170819 0.178536 0.69422 0.397699 0.260822 0.110362 0.192952 0.759563 0.0392024 0.400973 0.0106711 0.830446 0.388804 0.38849 0.0868828 0.00933091 0.507806 0.810342 0.793431 0.572845 0.223263 0.560818 0.121593 0.423892 0.574708 0.180365 0.520326 0.191541 0.977034 0.180753 0.902773 0.147853 0.359289 0.596993 0.545552 0.620111 0.707355 0.738504 0.379674 0.746557 
11 30 0 35 20 1 
0.28664 0.474228 0.331043 0.859485 0.697491 0.891861 0.981078 0.121382 0.466569 0.161443 0.641709 0.65811 0.138477 0.822462 0.560883 0.286331 0.181751 0.157876 0.831882 0.801862 0.865231 0.570386 0.181535 0.611789 0.709863 0.57188 0.188792 0.238144 0.350714 0.852677 0.775755 0.637354 0.326905 0.106798 0.496839 0.0243957 0.998659 0.477918 0.145778 0.465228 0.639361 0.787487 0.123339 0.777838 0.609948 0.684222 0.0641687 0.791699 0.842098 0.896051 0.593561 0.70733 0.466437 0.775096 0.319118 0.1763 0.346976 0.50791 0.414444 0.69769 0.360587 0.190199 0.335044 0.687492 
12 1 43 28 39 13 
0.760885 0.949162 0.645152 0.884224 0.727 0.255101 0.568446 0.791169 0.0467998 0.410544 0.68722 0.640361 0.117873 0.153657 0.415457 0.436991 0.329957 0.762433 0.944901 0.744401 0.460123 0.305488 0.9346 0.795167 0.99298 0.231598 0.627051 0.704867 0.527254 0.936852 0.562533 0.288139 0.886014 0.207685 0.172363 0.613014 0.462786 0.740808 0.404182 0.509586 0.151352 0.0914021 0.149947 0.269225 0.245059 0.565403 0.706217 0.575016 0.327836 0.651118 0.319417 0.787958 0.956606 0.254017 0.583125 0.949585 0.485615 0.210176 0.654453 0.0128688 0.147028 0.216986 0.301008 0.0330414 
13 39 17 22 20 28 
0.0502374 0.397044 0.36553 0.141639 0.54699 0.634756 0.386699 0.112393 0.340972 0.961715 0.440229 0.99209 0.281132 0.228187 0.948696 0.535149 0.811313 0.898281 0.0207636 0.0214888 0.552734 0.0336324 0.168517 0.76972 0.33464 0.201558 0.194391 0.808011 0.847613 0.0818485 0.0221891 0.89785 0.478892 0.38772 0.0394899 0.0258821 0.0224752 0.426188 0.138275 0.363447 0.387903 0.578504 0.355537 0.669035 0.806692 0.304233 0.204183 0.618005 0.202514 0.224947 0.639494 0.755248 0.258579 0.80801 0.524967 0.59322 0.00956799 0.719358 0.40123 0.857181 0.801207 0.423419 0.755031 0.280099 
14 32 13 17 34 35 
0.444256 0.197061 0.608612 0.0227607 0.552599 0.277647 0.829453 0.856832 0.48183 0.447457 0.0593455 0.706777 0.0869509 0.814593 0.965357 0.894961 0.339561 0.558576 0.904529 0.0589188 0.959806 0.76171 0.860126 0.383225 0.516741 0.140224 0.194364 0.311262 0.446205 0.0279779 0.531972 0.890462 0.225039 0.140584 0.913222 0.777638 0.418231 0.742675 0.634469 0.900062 0.190132 0.693815 0.606839 0.277083 0.508408 0.572196 0.172044 0.847969 0.130772 0.0765732 0.906887 0.0905784 0.838283 0.767013 0.473804 0.355024 0.907237 0.668168 0.666287 0.353442 0.696146 0.198259 0.243904 0.921185 
15 10 0 41 45 23 
0.333292 0.657137 0.0899331 0.0271068 0.263976 0.367016 0.535515 0.836172 0.53906 0.383483 0.966944 0.615634 0.290371 0.0575223 0.453917 0.0573835 0.531326 0.808941 0.964621 0.199494 0.475228 0.318063 0.89564 0.673487 0.561967 0.816824 0.01233 0.719093 0.515647 0.769405 0.618894 0.848939 0.426541 0.708827 0.876046 0.690517 0.0758428 0.411561 0.526689 0.614903 0.795044 0.493633 0.230537 0.0854147 0.551155 0.684453 0.142798 0.082481 0.493394 0.107419 0.281975 0.968622 0.425482 0.177614 0.642109 0.987448 0.994439 0.654439 0.706541 0.510086 0.423844 0.325434 0.359025 0.850385 
16 7 23 43 31 45 
0.725007 0.441675 0.561224 0.955544 0.52709 0.112379 0.639997 0.669888 0.19486 0.133391 0.777307 0.476834 0.102014 0.202789 0.654449 0.744123 0.190237 0.648888 0.398562 0.896778 0.158973 0.822405 0.222212 0.517998 0.67279 0.256473 0.753069 0.213692 0.366577 0.3997 0.281283 0.0915838 0.841375 0.842506 0.0471275 0.368465 0.954885 0.687125 0.0383537 0.149745 0.820516 0.815661 0.626579 0.92253 0.0184492 0.281028 0.666652 0.208686 0.929916 0.0652136 0.105463 0.0888889 0.887619 0.327675 0.606887 0.560409 0.584148 0.359956 0.774101 0.950725 0.759656 0.0553837 0.0423091 0.601031 
17 31 7 30 3 45 
0.00785009 0.00251982 0.597077 0.823511 0.629099 0.519607 0.84196 0.910127 0.186259 0.0506459 0.840042 0.251472 0.156109 0.928931 0.139091 0.483785 0.535818 0.6995 0.0679332 0.895774 0.473601 0.0186585 0.655429 0.528984 0.0609676 0.25646 0.426875 0.150404 0.225957 0.27965 0.926965 0.233807 0.28217 0.524042 0.0573176 0.911269 0.0436491 0.899278 0.821395 0.229908 0.949923 0.661438 0.48138 0.106033 0.590369 0.620471 0.589818 0.126187 0.319971 0.657751 0.0219612 0.793572 0.676409 0.677391 0.322556 0.737377 0.933851 0.749431 0.887781 0.159808 0.0290809 0.814747 0.393615 0.311251 
18 6 44 10 9 11 
0.0439146 0.612346 0.300133 0.705352 0.0937259 0.406166 0.295722 0.714197 0.995983 0.421909 0.0341684 0.653734 0.44387 0.82774 0.330143 0.121261 0.150297 0.0675203 0.0551119 0.899728 0.955301 0.21492 0.928809 0.770048 0.608534 0.240059 0.108837 0.0594665 0.462578 0.491275 0.409676 0.506493 0.103621 0.709809 0.211845 0.197347 0.115975 0.507567 0.911544 0.111959 0.929476 0.945712 0.765693 0.373346 0.773453 0.0958365 0.494607 0.923749 0.163357 0.549719 0.823477 0.118658 0.764639 0.752286 0.888706 0.373173 0.992345 0.997543 0.432639 0.454923 0.488818 0.842316 0.961416 0.592439 
19 40 9 30 3 5 
0.70133 0.780059 0.610305 0.647042 0.545752 0.983651 0.420494 0.641589 0.478258 0.344244 0.804946 0.0279768 0.167721 0.923604 0.792615 0.920007 0.81231 0.165788 0.912352 0.809853 0.598427 0.367275 0.298671 0.440743 0.328691 0.89111 0.992868 0.501953 0.680896 0.660968 0.182782 0.382226 0.441027 0.793086 0.0292676 0.98678 0.776737 0.449762 0.628369 0.254995 0.794006 0.433314 0.282972 0.961727 0.356918 0.0755872 0.881733 0.169228 0.241375 0.794085 0.979082 0.839803 0.16136 0.277753 0.280545 0.490051 0.168864 0.273413 0.992005 0.84976 0.934381 0.174786 0.231986 0.375409 
20 42 34 31 9 16 
0.990557 0.999605 0.505021 0.423872 0.282577 0.466747 0.78079 0.358164 0.348481 0.950018 0.599539 0.142566 0.9291 0.439342 0.303926 0.206853 0.719887 0.793977 0.375717 0.993301 0.785982 0.225477 0.927682 0.960768 0.457462 0.303091 0.928641 0.718715 0.665279 0.673251 0.42973 0.655837 0.672856 0.934751 0.0797083 0.955433 0.401499 0.860498 0.313597 0.749979 0.810516 0.913136 0.892545 0.739616 0.352478 0.196471 0.94647 0.0723657 0.990448 0.322186 0.0656663 0.77643 0.547663 0.993348 0.737198 0.00512519 0.296439 0.665838 0.72384 0.961718 0.339089 0.153571 0.617555 0.0119449 
21 22 35 34 33 45 
0.280975 0.2398 0.368278 0.194111 0.132345 0.107894 0.54659 0.328816 0.0543638 0.618955 0.319263 0.37655 0.684622 0.095693 0.924213 0.67797 0.832891 0.929338 0.974409 0.498729 0.653179 0.936127 0.837818 0.80675 0.553682 0.849763 0.895072 0.250946 0.817141 0.384893 0.808707 0.0981155 0.624693 0.176985 0.292227 0.757038 0.284879 0.838816 0.0858533 0.339243 0.457772 0.405117 0.715793 0.142394 0.50081 0.640007 0.820363 0.3337 0.569345 0.794772 0.832429 0.222524 0.730899 0.670247 0.0292735 0.284582 0.52001 0.924345 0.535527 0.337151 0.309238 0.344235 0.435266 0.93393 
22 33 43 3 38 7 
0.776821 0.145342 0.0240813 0.181938 0.861136 0.166475 0.682748 0.501142 0.986838 0.0164484 0.0704871 0.781611 0.848878 0.293011 0.51251 0.519125 0.322285 0.797092 0.0391348 0.24663 0.332619 0.376285 0.555868 0.676854 0.811552 0.489798 0.198074 0.539045 0.180766 0.00417288 0.105354 0.957588 0.149515 0.129435 0.139526 0.0106507 0.29591 0.822274 0.511793 0.282749 0.838722 0.58228 0.0643595 0.6876 0.875291 0.57687 0.206725 0.197575 0.373962 0.24586 0.444205 0.706581 0.622145 7.29477e-05 0.383435 0.433697 0.489871 0.581509 0.972741 0.670637 0.585682 0.0780954 0.628225 0.735197 
23 42 19 35 37 16 
0.78619 0.428747 0.83992 0.850549 0.116347 0.715211 0.427419 0.323072 0.912787 0.801381 0.568932 0.356992 0.507962 0.191077 0.357065 0.891397 0.624773 0.846936 0.472906 0.597515 0.517573 0.0585874 0.67561 0.145798 0.793784 0.883141 0.913549 0.539632 0.386582 0.503574 0.797272 0.172772 0.932322 0.637193 0.0233211 0.0486688 0.352404 0.45074 0.371741 0.26519 0.252121 0.940672 0.622182 0.760082 0.131749 0.979247 0.651479 0.756522 0.826183 0.124385 0.354037 0.343756 0.182972 0.0296465 0.489555 0.976757 0.912787 0.403104 0.516388 0.299369 0.906678 0.313661 0.472141 0.839 
24 7 35 20 34 9 
0.259409 0.568447 0.198323 0.200082 0.19063 0.958405 0.331831 0.169877 0.609884 0.0883527 0.99606 0.734269 0.442389 0.339816 0.917241 0.472036 0.829371 0.893998 0.384823 0.232475 0.410386 0.684192 0.139153 0.724047 0.156333 0.978153 0.6749 0.651794 0.865821 0.978157 0.597996 0.125231 0.546604 0.796319 0.325312 0.737234 0.754724 0.657143 0.90711 0.364608 0.745496 0.90317 0.098877 0.187885 0.242986 0.0161182 0.659921 0.0723568 0.910116 0.0447437 0.304831 0.320502 0.728936 0.443984 0.0445485 0.885268 0.422137 0.719448 0.537063 0.287958 0.697605 0.135059 0.413189 0.244209 
25 36 26 42 19 4 
0.888553 0.0507102 0.14114 0.791723 0.149587 0.329025 0.0347087 0.165705 0.988946 0.107066 0.0758212 0.0336897 0.411897 0.396323 0.762625 0.855881 0.440872 0.647894 0.278018 0.16032 0.184956 0.565976 0.857925 0.320015 0.979165 0.102134 0.251394 0.717667 0.0835763 0.937496 0.113311 0.972129 0.988206 0.254451 0.763852 0.137793 0.583477 0.79856 0.303498 0.572423 0.905626 0.37932 0.606112 0.317523 0.775643 0.368738 0.173404 0.216514 0.0166312 0.451422 0.376834 0.201587 0.0173988 0.234759 0.521603 0.996564 0.336893 0.772997 0.714231 0.420469 0.710492 0.827542 0.392598 0.698698 
26 5 21 20 13 3 
0.13999 0.237893 0.860636 0.519309 0.844005 0.178159 0.294952 0.212743 0.351563 0.511466 0.229374 0.802985 0.8883 0.430962 0.820384 0.123059 0.952565 0.816948 0.459952 0.725561 0.531179 0.88042 0.436054 0.358721 0.273018 0.134752 0.440715 0.429468 0.971243 0.106185 0.384478 0.111233 0.344078 0.245114 0.630542 0.188084 0.423273 0.925494 0.400827 0.774836 0.43696 0.630201 0.577821 0.32526 0.0611631 0.398205 0.448319 0.0137279 0.215154 0.908271 0.739289 0.746333 0.788691 0.175343 0.105054 0.0617098 0.310095 0.545769 0.491178 0.281338 0.651955 0.875656 0.39257 0.996033 
27 5 34 17 44 1 
0.584944 0.318878 0.385567 0.215146 0.896699 0.710827 0.276309 0.294905 0.159146 0.290037 0.510058 0.0674173 0.0293258 0.256391 0.856109 0.204669 0.361446 0.917819 0.514763 0.907215 0.408996 0.796101 0.55917 0.284652 0.188671 0.555203 0.405422 0.211784 0.73932 0.949464 0.16039 0.324264 0.268342 0.545957 0.539409 0.165042 0.256784 0.815718 0.459946 0.41593 0.105755 0.970005 0.483347 0.135081 0.226396 0.339456 0.339749 0.587842 0.257275 0.854512 0.495057 0.666271 0.650613 0.0542264 0.950923 0.839285 0.609429 0.356345 0.0510683 0.348749 0.305809 0.211459 0.673013 0.574151 
28 39 35 45 8 13 
0.199139 0.43013 0.133895 0.169144 0.913477 0.268976 0.39554 0.252933 0.608725 0.983382 0.510208 0.463237 0.478439 0.176479 0.11385 0.532665 0.127402 0.953135 0.142095 0.483747 0.00420336 0.490843 0.789556 0.215662 0.163856 0.363707 0.973078 0.376279 0.102899 0.987277 0.404419 0.302038 0.417406 0.538314 0.471182 0.330884 0.80729 0.866722 0.583817 0.416015 0.850105 0.0940249 0.879252 0.328544 0.270504 0.993103 0.861209 0.397907 0.946238 0.00330367 0.881654 0.950441 0.494147 0.67121 0.166103 0.658003 0.0349162 0.139181 0.034282 0.137815 0.126457 0.438701 0.439853 0.543864 
29 0 11 15 7 3 
0.200321 0.627862 0.552589 0.0795728 0.956406 0.823093 0.0726755 0.817615 0.221 0.0189131 0.820919 0.102654 0.969354 0.315066 0.773863 0.135457 0.973069 0.80878 0.274638 0.00735118 0.946595 0.401095 0.446052 0.386448 0.944959 0.423068 0.297484 0.819706 0.207373 0.0752414 0.278271 0.407694 0.703104 0.83086 0.487267 0.65951 0.653953 0.559942 0.477125 0.874953 0.578855 0.298043 0.977607 0.548209 0.613109 0.75147 0.683667 0.586178 0.56025 0.958304 0.593529 0.506845 0.3594 0.0395817 0.893293 0.304359 0.462649 0.190776 0.124065 0.670023 0.266018 0.402336 0.0777167 0.969121 
30 16 43 25 4 10 
0.105756 0.762102 0.703781 0.403799 0.739709 0.25199 0.0169079 0.491179 0.935657 0.603086 0.0514286 0.893961 0.196616 0.558273 0.253361 0.236197 0.451566 0.557719 0.698847 0.642342 0.681784 0.368869 0.90836 0.0841201 0.446586 0.877481 0.317315 0.0115694 0.506112 0.204464 0.136495 0.611868 0.966565 0.840276 0.0156668 0.706274 0.0922658 0.0325746 0.197453 0.0279226 0.635661 0.248881 0.921884 0.832276 0.807155 0.175245 0.0684734 0.258721 0.732964 0.76732 0.901063 0.414749 0.13619 0.809423 0.498869 0.582776 0.686904 0.816184 0.594345 0.193017 0.0206478 0.73084 0.804885 0.987213 
31 5 6 37 41 8 
0.89094 0.691304 0.488787 0.139822 0.613188 0.321063 0.946976 0.788432 0.389537 0.205697 0.521397 0.156857 0.10676 0.936145 0.293046 0.916183 0.435014 0.875822 0.603087 0.251198 0.470167 0.796104 0.271845 0.201007 0.600989 0.259059 0.772123 0.421541 0.952546 0.435504 0.274667 0.843486 0.126808 0.763454 0.983308 0.739996 0.0845171 0.930284 0.528428 0.474054 0.13598 0.0498246 0.630911 0.24274 0.98597 0.923957 0.158923 0.420983 0.799779 0.76201 0.672181 0.269946 0.558114 0.944026 0.470953 0.159103 0.203085 0.243076 0.580644 0.155631 0.67858 0.85531 0.999117 0.805387 
32 38 44 39 22 8 
0.073811 0.177335 0.0486887 0.123636 0.808246 0.291429 0.109605 0.732203 0.450352 0.530588 0.531982 0.212362 0.202769 0.801928 0.770476 0.146795 0.272881 0.929579 0.34988 0.515957 0.510222 0.505511 0.194536 0.365533 0.504628 0.999924 0.984297 0.487053 0.545307 0.687579 0.399761 0.619118 0.864914 0.448449 0.742753 0.67316 0.739878 0.852359 0.405363 0.19023 0.382947 0.937345 0.402592 0.585716 0.739273 0.173067 0.732511 0.0121544 0.102646 0.0823915 0.528111 0.612868 0.587903 0.722648 0.978401 0.0925306 0.722571 0.962698 0.579583 0.267878 0.650277 0.979344 0.886996 0.515191 
33 16 26 30 12 43 
0.593714 0.357901 0.865055 0.531059 0.760493 0.450771 0.270333 0.93356 0.183282 0.282487 0.0362064 0.265673 0.810598 0.649075 0.853576 0.533246 0.627476 0.946107 0.255817 0.590174 0.52569 0.523695 0.240451 0.505033 0.410691 0.755642 0.932827 0.0404405 0.943994 0.100498 0.522548 0.537708 0.4584 0.387603 0.0687675 0.218893 0.838374 0.3391 0.152453 0.0216555 0.621587 0.188659 0.287329 0.432185 0.837734 0.140905 0.965431 0.46521 0.0870115 0.221248 0.055384 0.612701 0.744944 0.295835 0.117735 0.155635 0.0514777 0.0505613 0.196075 0.995471 0.151059 0.718624 0.533179 0.609459 
34 5 4 11 43 38 
0.980804 0.966256 0.562634 0.169464 0.253584 0.99482 0.00719747 0.394489 0.960251 0.472407 0.481501 0.181499 0.527791 0.094202 0.926443 0.823627 0.211937 0.082078 0.875104 0.262498 0.278153 0.870576 0.413557 0.996777 0.403755 0.0230162 0.103004 0.00570209 0.851368 0.0476039 0.946749 0.832172 0.0138595 0.509383 0.00163562 0.267444 0.504203 0.00883309 0.661933 0.464453 0.48124 0.143434 0.645953 0.0090317 0.237636 0.572396 0.832658 0.449573 0.654474 0.707763 0.712071 0.932627 0.578339 0.125628 0.929404 0.982094 0.148644 0.0324082 0.987796 1.18315e-05 0.0800121 0.934545 0.832184 0.0938717 
35 32 1 22 43 33 
0.0232491 0.412584 0.323893 0.166683 0.0585371 0.332925 0.40432 0.630933 0.165583 0.853892 0.285406 0.873346 0.565963 0.218034 0.451684 0.691591 0.147438 0.433778 0.840235 0.179846 0.421574 0.840247 0.259858 0.356119 0.672431 0.35373 0.800047 0.50625 0.715046 0.748178 0.348903 0.738295 0.160762 0.672796 0.904978 0.219299 0.00572038 0.309298 0.850232 0.171303 0.16319 0.135639 0.0446492 0.729153 0.353672 0.496334 0.420743 0.50111 0.930112 0.260978 0.680956 0.351685 0.101225 0.940815 0.707804 0.773655 0.294545 0.507851 0.279906 0.00959021 0.256029 0.628808 0.747885 0.416792 
36 21 16 14 10 0 
0.486323 0.478628 0.12535 0.621962 0.523277 0.854503 0.975634 0.0196104 0.275246 0.476744 0.949722 0.536225 0.1577 0.301407 0.63745 0.0985151 0.00921184 0.411105 0.39306 0.517063 0.69101 0.40265 0.773092 0.319819 0.150535 0.189884 0.621423 0.803398 0.825975 0.928747 0.765558 0.312298 0.407375 0.890909 0.93426 0.930652 0.745412 0.909894 0.950262 0.0206579 0.386638 0.899984 0.556883 0.544338 0.201391 0.194332 0.642853 0.210603 0.605437 0.035913 0.727667 0.296448 0.438563 0.500759 0.616266 0.589098 0.690643 0.237689 0.392495 0.516618 0.166436 0.158054 0.828916 0.573811 
37 30 27 45 3 24 
0.454724 0.815032 0.0597076 0.354708 0.371914 0.604046 0.5561 0.566246 0.246899 0.766703 0.171684 0.282812 0.494369 0.468131 0.721375 0.995128 0.0843974 0.310473 0.685771 0.322086 0.702968 0.202389 0.488522 0.861022 0.0313056 0.0623327 0.909984 0.794482 0.566795 0.704358 0.467551 0.021519 0.51939 0.527259 0.376227 0.891304 0.131305 0.932327 0.457551 0.378204 0.69903 0.629234 0.661016 0.193399 0.0973652 0.382391 0.188527 0.181763 0.692864 0.874299 0.503849 0.395833 0.0766883 0.992371 0.256855 0.107994 0.0547038 0.166839 0.902475 0.621499 0.871197 0.370027 0.643018 0.390587 
38 19 43 28 40 9 
0.739442 0.406794 0.650601 0.368676 0.0678104 0.844 0.466041 0.450202 0.0325276 0.647804 0.143066 0.906826 0.151653 0.538899 0.983515 0.144024 0.795753 0.0915087 0.198728 0.962593 0.993984 0.820226 0.83379 0.364011 0.463244 0.224377 0.261296 0.482489 0.506269 0.289887 0.43406 0.245711 0.696681 0.0846614 0.614387 0.764491 0.928662 0.0804283 0.214693 0.961189 0.728232 0.357759 0.868016 0.879885 0.896658 0.851531 0.0239092 0.692411 0.943039 0.222637 0.655004 0.937023 0.0428632 0.488794 0.301034 0.506107 0.713171 0.562331 0.988596 0.219439 0.852217 0.422656 0.46515 0.548898 
39 14 32 9 15 37 
0.528083 0.397168 0.888198 0.885842 0.265184 0.768083 0.7825 0.116715 0.791992 0.474911 0.0597539 0.0146289 0.129914 0.996777 0.0574921 0.618708 0.297811 0.563599 0.331879 0.860142 0.552195 0.551318 0.712359 0.974852 0.0164686 0.261258 0.482169 0.0960055 0.574648 0.918148 0.255971 0.102731 0.315317 0.144168 0.988572 0.580501 0.912251 0.771072 0.697216 0.704243 0.245983 0.75697 0.718872 0.375897 0.753747 0.776364 0.994605 0.0515582 0.339963 0.326484 0.9117 0.892159 0.877803 0.62406 0.86701 0.894271 0.885318 0.34918 0.990277 0.459965 0.267328 0.246248 0.562696 0.582645 
40 6 25 7 20 12 
0.860362 0.00691034 0.568323 0.617331 0.725782 0.94422 0.371078 0.502146 0.938825 0.422636 0.84211 0.26531 0.334337 0.734269 0.143113 0.958396 0.601279 0.0373843 0.843714 0.950458 0.0276613 0.303679 0.217786 0.273909 0.866375 0.800431 0.664325 0.417643 0.963577 0.966992 0.739983 0.823939 0.973903 0.308306 0.44127 0.699685 0.252526 0.812348 0.201831 0.191352 0.234985 0.0439412 0.456662 0.569321 0.77821 0.599775 0.527718 0.379489 0.637159 0.371432 0.329947 0.66482 0.675111 0.547733 0.938729 0.541486 0.348164 0.603055 0.959129 0.311742 0.570047 0.699113 0.13568 0.54395 
41 2 19 24 3 29 
0.445466 0.451297 0.624284 0.489408 0.907959 0.193605 0.267617 0.507734 0.721323 0.647106 0.144893 0.0927545 0.977053 0.809713 0.767866 0.524786 0.748442 0.309352 0.87295 0.351497 0.268481 0.184692 0.921544 0.967594 0.320372 0.465494 0.975013 0.897323 0.709129 0.234958 0.286621 0.154595 0.686256 0.910905 0.644002 0.594215 0.10451 0.91162 0.101949 0.825833 0.558726 0.246841 0.918587 0.535778 0.0565543 0.686453 0.0605643 0.804997 0.995804 0.933515 0.156494 0.264285 0.118207 0.0780374 0.231879 0.438579 0.543531 0.206892 0.335902 0.25266 0.441851 0.622523 0.407255 0.128107 
42 31 7 27 33 9 
0.82427 0.463771 0.521602 0.0711117 0.382358 0.0573806 0.127666 0.0688105 0.117945 0.932663 0.0646148 0.0514597 0.0891562 0.3289 0.169666 0.167194 0.560779 0.608245 0.710725 0.767672 0.944147 0.963384 0.209522 0.56667 0.370639 0.337629 0.100098 0.421896 0.0599503 0.738036 0.384772 0.884221 0.201807 0.906375 0.955332 0.584165 0.963755 0.0829982 0.652975 0.0817001 0.0156609 0.71759 0.13316 0.104817 0.0464904 0.302826 0.272011 0.60727 0.911071 0.982735 0.374941 0.855218 0.94612 0.584464 0.421889 0.316758 0.922093 0.521987 0.738654 0.982043 0.260023 0.123427 0.866264 0.46183 
43 44 31 24 8 15 
0.69897 0.0752565 0.920255 0.416561 0.208416 0.0250719 0.463051 0.511242 0.297082 0.0703209 0.422314 0.279818 0.445262 0.277532 0.225937 0.0297262 0.699421 0.542696 0.951819 0.221407 0.28135 0.933862 0.481431 0.404776 0.800125 0.943261 0.434577 0.621721 0.989256 0.428134 0.526315 0.688226 0.50339 0.44657 0.104787 0.711807 0.471642 0.567838 0.223049 0.768724 0.638159 0.645363 0.0485419 0.0834211 0.922895 0.274479 0.113147 0.622315 0.817175 0.064966 0.843723 0.0985246 0.998828 0.325153 0.503301 0.798953 0.268414 0.937878 0.420674 0.25767 0.366012 0.946989 0.945896 0.869403 
44 19 8 10 4 7 
0.804258 0.633925 0.256679 0.449621 0.682467 0.340101 0.372516 0.956946 0.453248 0.994831 0.774121 0.518214 0.838554 0.872645 0.517042 0.163707 0.375946 0.315995 0.432122 0.313825 0.736669 0.689792 0.679837 0.683658 0.635688 0.54924 0.0772165 0.686371 0.130449 0.942417 0.304891 0.934707 0.576342 0.561571 0.384328 0.258808 0.901671 0.756843 0.215754 0.354919 0.751674 0.989875 0.873133 0.590228 0.86252 0.390175 0.753936 0.238467 0.706169 0.186057 0.552292 0.442838 0.875849 0.232129 0.126496 0.511537 0.781368 0.203712 0.197907 0.911817 0.146129 0.502799 0.846524 0.722471 
45 21 29 8 31 38 
0.197033 0.32096 0.73937 0.186908 0.194093 0.329599 0.0494287 0.584268 0.0835345 0.287895 0.290437 0.269592 0.840187 0.733275 0.145441 0.0723156 0.859771 0.656978 0.853684 0.0634826 0.854885 0.765501 0.209612 0.357683 0.612026 0.932082 0.422053 0.842878 0.913362 0.388094 0.830574 0.110395 0.709054 0.569944 0.297303 0.903147 0.899543 0.346732 0.487415 0.983077 0.634628 0.777852 0.252669 0.474814 0.511127 0.39811 0.54713 0.370898 0.0550879 0.400814 0.43438 0.909973 0.166315 0.643992 0.267656 0.778341 0.576074 0.689709 0.621219 0.489436 0.0778027 0.451793 0.599831 0.786857 
