80 3
0 0 1 0 1 1 1 1 0 0 0 1 0 1 0 0 0 1 1 1 0 1 1 1 0 0 1 0 0 0 1 1 1 1 0 1 1 0 0 1 1 1 1 1 1 0 0 1 0 0 1 1 1 1 1 0 0 1 0 1 1 0 1 1 0 0 0 1 1 1 1 1 1 1 1 1 0 0 1 1 
0 29 66 
0.250074 0.539042 0.417867 0.409176 0.661447 0.48077 0.200515 0.443102 
1 79 34 
0.765919 0.507916 0.571189 0.194067 0.84437 0.863995 0.528607 0.746681 
2 20 40 
0.740607 0.150898 0.730676 0.213252 0.371777 0.974212 0.0253111 0.316183 
3 48 19 
0.973116 0.175593 0.51964 0.382292 0.837039 0.000410621 0.582806 0.280141 
4 41 5 
0.887524 0.915454 0.240127 0.731894 0.779449 0.768734 0.478576 0.129511 
5 65 36 
0.280409 0.548332 0.432434 0.652186 0.522544 0.457745 0.96837 0.245586 
6 39 54 
0.218701 0.269888 0.589783 0.600993 0.106928 0.590194 0.1838 0.387069 
7 24 17 
0.433129 0.857326 0.44352 0.673257 0.58922 0.222969 0.441991 0.067796 
8 78 70 
0.286979 0.632889 0.80798 0.719413 0.285076 0.330524 0.177158 0.253445 
9 54 12 
0.323588 0.794811 0.541342 0.913372 0.395804 0.64827 0.503565 0.579604 
10 30 57 
0.107669 0.468468 0.330693 0.551189 0.141725 0.919913 0.774157 0.583716 
11 21 41 
0.843364 0.274688 0.759527 0.651344 0.994101 0.0446021 0.981868 0.17126 
12 17 73 
0.442714 0.621635 0.352788 0.984056 0.535007 0.748593 0.632326 0.0385725 
13 19 42 
0.51194 0.435867 0.136134 0.842633 0.987056 0.277859 0.762547 0.761213 
14 78 18 
0.88785 0.704939 0.0249441 0.647377 0.356283 0.0190453 0.691979 0.33815 
15 18 11 
0.896128 0.633019 0.611662 0.248916 0.617075 0.146669 0.997509 0.249401 
16 3 18 
0.917067 0.697181 0.761573 0.0532006 0.539814 0.748628 0.33106 0.302361 
17 68 62 
0.0526169 0.397691 0.897574 0.077561 0.0450683 0.253856 0.0966062 0.737047 
18 43 26 
0.727074 0.488134 0.91993 0.338735 0.73705 0.537005 0.485404 0.734559 
19 60 56 
0.0602648 0.703473 0.367826 0.821837 0.756673 0.907641 0.570465 0.0877329 
20 45 1 
0.280368 0.262619 0.477998 0.177941 0.34018 0.523066 0.431798 0.436786 
21 73 63 
0.723697 0.987187 0.511938 0.643626 0.325922 0.248988 0.180631 0.811326 
22 34 31 
0.0438119 0.67051 0.849798 0.865649 0.427183 0.757439 0.436115 0.514916 
23 59 57 
0.230059 0.994419 0.973225 0.570239 0.517485 0.405022 0.00702448 0.777599 
24 72 27 
0.940765 0.374348 0.0907082 0.189753 0.554979 0.902034 0.1733 0.522016 
25 35 23 
0.192526 0.233804 0.0827614 0.619709 0.991243 0.518876 0.134624 0.958684 
26 10 12 
0.188743 0.0297159 0.903133 0.758982 0.547201 0.308155 0.766006 0.3248 
27 1 57 
0.0895857 0.677746 0.871075 0.180294 0.867499 0.426054 0.0823284 0.0407997 
28 42 53 
0.257912 0.140596 0.700139 0.340673 0.760304 0.691382 0.859549 0.894928 
29 76 26 
0.824836 0.838809 0.924562 0.727969 0.597791 0.471763 0.0361242 0.363797 
30 76 16 
0.860524 0.886149 0.450852 0.7316 0.0664427 0.318352 0.157654 0.148771 
31 60 33 
0.615106 0.617063 0.246319 0.315244 0.957736 0.00662342 0.00662609 0.817285 
32 28 65 
0.712131 0.726388 0.495501 0.636694 0.454357 0.0932911 0.108457 0.490482 
33 66 28 
0.263587 0.317612 0.791169 0.71444 0.0492119 0.857611 0.0327914 0.206866 
34 68 28 
0.31259 0.621488 0.00900598 0.558909 0.936732 0.966742 0.565532 0.943358 
35 22 39 
0.60005 0.496159 0.193473 0.0955504 0.132853 0.64783 0.188841 0.241309 
36 27 43 
0.146329 0.401899 0.963542 0.937498 0.116339 0.0127535 0.795109 0.14913 
37 53 18 
0.541073 0.532209 0.422979 0.550079 0.0911179 0.359711 0.516821 0.65665 
38 10 47 
0.123735 0.903119 0.797008 0.317207 0.998669 0.929861 0.965037 0.187511 
39 14 15 
0.83344 0.317499 0.505247 0.796982 0.254997 0.621586 0.809735 0.0501058 
40 43 12 
0.851597 0.311788 0.561563 0.274576 0.861867 0.652681 0.634287 0.378688 
41 20 55 
0.433066 0.840475 0.476545 0.750273 0.839144 0.406406 0.71531 0.0266553 
42 8 35 
0.860096 0.895075 0.323906 0.657077 0.150072 0.945492 0.466813 0.200178 
43 33 10 
0.0517748 0.027996 0.0577303 0.326351 0.889863 0.710412 0.960638 0.268551 
44 30 75 
0.948088 0.452809 0.738468 0.424633 0.203082 0.577613 0.831039 0.918393 
45 48 68 
0.737051 0.464364 0.30369 0.0609571 0.121441 0.453762 0.00644886 0.588253 
46 19 62 
0.0844205 0.705715 0.750652 0.142151 0.0320655 0.640516 0.852562 0.992703 
47 45 71 
0.890696 0.857155 0.325115 0.629165 0.281789 0.528197 0.206778 0.112828 
48 26 76 
0.521443 0.183641 0.275409 0.825133 0.244598 0.39685 0.278895 0.251047 
49 38 16 
0.973703 0.0695244 0.63855 0.724355 0.211675 0.670616 0.364871 0.0642376 
50 47 79 
0.936543 0.554015 0.131093 0.261658 0.18318 0.412882 0.789855 0.389958 
51 73 26 
0.201004 0.0471534 0.420085 0.476413 0.872287 0.664683 0.873264 0.151182 
52 20 39 
0.0840177 0.889433 0.927892 0.722568 0.613788 0.139567 0.393184 0.978659 
53 48 8 
0.252597 0.140348 0.610518 0.38369 0.402005 0.793698 0.796572 0.19186 
54 49 37 
0.428304 0.384659 0.369436 0.848389 0.861073 0.241723 0.513072 0.734336 
55 31 62 
0.592704 0.476922 0.318234 0.520595 0.19949 0.932021 0.660162 0.592674 
56 30 50 
0.649177 0.163277 0.00431448 0.259695 0.546967 0.40632 0.0533924 0.34354 
57 30 36 
0.665822 0.0264836 0.621708 0.0352582 0.874872 0.48278 0.276981 0.387944 
58 17 57 
0.816745 0.80982 0.146808 0.134978 0.330415 0.346298 0.0669999 0.990577 
59 32 3 
0.854544 0.588149 0.140957 0.858859 0.847844 0.687925 0.265179 0.901236 
60 20 0 
0.138284 0.697287 0.889842 0.759992 0.732545 0.764714 0.242772 0.00952593 
61 23 72 
0.679411 0.969403 0.269708 0.826219 0.104381 0.600123 0.172518 0.171381 
62 1 39 
0.149061 0.445245 0.699639 0.290019 0.304104 0.547483 0.977944 0.569282 
63 73 17 
0.432641 0.587003 0.706695 0.322482 0.346995 0.43924 0.0871963 0.589767 
64 63 35 
0.0496557 0.128178 0.209257 0.319364 0.954397 0.313638 0.919487 0.126915 
65 36 51 
0.238405 0.634081 0.955433 0.938044 0.9241 0.259537 0.485527 0.902044 
66 9 77 
0.911452 0.26146 0.521249 0.618147 0.583943 0.868244 0.0573877 0.671139 
67 4 63 
0.910993 0.507667 0.634332 0.12025 0.827031 0.588729 0.433889 0.746519 
68 58 54 
0.256707 0.954048 0.55299 0.21214 0.892092 0.47709 0.471678 0.377619 
69 31 12 
0.311865 0.290586 0.561958 0.833114 0.908733 0.145901 0.701358 0.966121 
70 49 26 
0.472274 0.728033 0.667037 0.106606 0.848283 0.494068 0.695335 0.282172 
71 64 61 
0.201081 0.497293 0.365026 0.75407 0.709434 0.257118 0.23116 0.181111 
72 69 17 
0.481609 0.946601 0.900879 0.0435667 0.779715 0.809611 0.189467 0.481073 
73 1 4 
0.248006 0.73454 0.307479 0.354612 0.582823 0.801547 0.049947 0.864995 
74 57 27 
0.0660755 0.539427 0.825951 0.820146 0.24886 0.0830685 0.0513053 0.429972 
75 29 45 
0.91158 0.664406 0.562477 0.955147 0.444121 0.372089 0.144615 0.925194 
76 12 56 
0.565637 0.395827 0.885661 0.873116 0.750439 0.468484 0.674663 0.800386 
77 25 62 
0.261311 0.399555 0.256223 0.087262 0.2197 0.505084 0.17033 0.271006 
78 75 48 
0.932604 0.846636 0.552542 0.495081 0.801783 0.996663 0.86717 0.946397 
79 68 28 
0.0975188 0.487494 0.410817 0.98318 0.360609 0.161257 0.451664 0.0352723 
