92 4
1 0 0 1 0 1 1 0 1 1 0 0 0 1 1 0 0 1 1 0 1 1 1 1 0 1 0 1 0 0 0 0 1 1 0 0 1 1 1 1 1 1 1 0 1 1 1 0 1 1 0 0 1 0 0 0 1 1 0 0 0 1 1 1 0 0 0 0 0 1 1 0 1 1 1 1 1 1 0 1 1 1 0 1 1 0 1 1 0 0 0 0 
0 1 39 31 
0.235426 0.109112 0.629464 0.69391 0.612212 0.029762 0.932219 0.858601 0.921953 0.085128 0.290213 0.110286 0.343724 0.717754 0.248802 0.387471 
1 20 56 55 
0.515114 0.783083 0.0156045 0.734174 0.839427 0.772982 0.605855 0.65152 0.553929 0.0507221 0.581715 0.0405864 0.286148 0.690827 0.67005 0.980057 
2 0 29 46 
0.16164 0.621765 0.997404 0.451853 0.732051 0.341128 0.169607 0.980854 0.728599 0.683722 0.563366 0.393181 0.198836 0.346449 0.408786 0.93301 
3 62 12 58 
0.837396 0.735697 0.589588 0.419111 0.776284 0.875735 0.109938 0.446334 0.855793 0.412976 0.146146 0.768069 0.574616 0.767911 0.765473 0.0264688 
4 78 38 53 
0.480816 0.8352 0.879798 0.0441817 0.228382 0.0786342 0.390631 0.637167 0.0116447 0.576507 0.818935 0.55051 0.413903 0.554633 0.140098 0.833013 
5 79 31 87 
0.77725 0.871626 0.355927 0.923396 0.639695 0.930543 0.691307 0.405168 0.957012 0.191269 0.511769 0.153088 0.672085 0.346969 0.0328857 0.716266 
6 29 60 72 
0.212518 0.123165 0.683404 0.0314538 0.673675 0.0973064 0.586087 0.813773 0.93032 0.917003 0.829607 0.873271 0.694253 0.701233 0.229198 0.617649 
7 83 2 30 
0.746096 0.116753 0.500225 0.257865 0.269841 0.17231 0.604834 0.302727 0.888576 0.180185 0.414247 0.995473 0.392703 0.537411 0.678877 0.424157 
8 61 36 5 
0.0248595 0.706503 0.927246 0.854466 0.579774 0.6215 0.555699 0.808972 0.239149 0.896626 0.968713 0.548105 0.642722 0.0854661 0.0483304 0.900587 
9 68 31 18 
0.658034 0.109216 0.685606 0.0722805 0.10469 0.0783088 0.609692 0.783567 0.502466 0.820778 0.55975 0.512709 0.845638 0.266254 0.439956 0.700104 
10 65 35 52 
0.300604 0.152428 0.623712 0.848709 0.79515 0.709178 0.89704 0.695737 0.0644854 0.11768 0.201158 0.722519 0.226896 0.886763 0.7948 0.331586 
11 85 37 73 
0.467538 0.22527 0.674903 0.980247 0.0709077 0.941157 0.420202 0.771011 0.787185 0.481658 0.0268138 0.442184 0.782262 0.179242 0.0658959 0.630971 
12 2 81 7 
0.670129 0.83956 0.64569 0.871287 0.562079 0.872587 0.75805 0.356879 0.204173 0.723122 0.76137 0.319326 0.19066 0.98664 0.994229 0.170907 
13 78 71 80 
0.82856 0.722571 0.0727668 0.855373 0.164755 0.855028 0.0346156 0.230651 0.485999 0.00900816 0.00572476 0.01401 0.679138 0.845284 0.6597 0.550425 
14 59 7 16 
0.764242 0.73646 0.0315968 0.525612 0.0557862 0.222257 0.512253 0.0500155 0.393163 0.569801 0.985402 0.984273 0.39836 0.707973 0.0570394 0.253734 
15 87 6 31 
0.103378 0.398067 0.297358 0.109103 0.412077 0.976495 0.954387 0.0717777 0.52692 0.36175 0.604065 0.835394 0.125992 0.340525 0.866991 0.651605 
16 91 36 13 
0.446327 0.482411 0.733658 0.431729 0.466684 0.132018 0.139702 0.523723 0.385752 0.0124289 0.435791 0.674102 0.115807 0.833858 0.971459 0.224909 
17 1 89 27 
0.474874 0.541047 0.921778 0.310268 0.667039 0.262303 0.177259 0.318644 0.658615 0.266507 0.482501 0.104942 0.748918 0.216159 0.53667 0.215602 
18 91 56 29 
0.688801 0.175116 0.408031 0.804608 0.00897448 0.37949 0.029517 0.25491 0.327445 0.208813 0.572623 0.802319 0.74986 0.494401 0.112587 0.416899 
19 42 15 66 
0.41532 0.556353 0.218044 0.520261 0.305272 0.434203 0.0569318 0.520874 0.78238 0.733304 0.260199 0.51631 0.422105 0.435315 0.924341 0.226712 
20 79 6 2 
0.6992 0.631276 0.465043 0.271823 0.433595 0.214903 0.766224 0.546181 0.631802 0.522929 0.836027 0.367344 0.938249 0.392381 0.585388 0.45851 
21 37 46 65 
0.218526 0.80197 0.248746 0.478725 0.31828 0.670851 0.914041 0.242621 0.897563 0.35833 0.546452 0.153792 0.05753 0.177728 0.618835 0.329353 
22 5 9 66 
0.157504 0.465539 0.618507 0.993531 0.832883 0.556756 0.385912 0.418271 0.0152659 0.0835647 0.437862 0.530708 0.302091 0.239832 0.779454 0.780816 
23 77 57 17 
0.800733 0.347867 0.0531873 0.347185 0.501659 0.110717 0.524913 0.120494 0.44007 0.136236 0.954231 0.535648 0.29374 0.41977 0.154154 0.287271 
24 79 75 6 
0.670925 0.726176 0.756748 0.108787 0.256884 0.058839 0.348619 0.0363377 0.839655 0.906731 0.486642 0.534512 0.707464 0.83451 0.5877 0.0546494 
25 55 36 51 
0.456663 0.138487 0.715798 0.410895 0.674135 0.00953819 0.830665 0.828289 0.296809 0.0833188 0.539199 0.969992 0.754244 0.265375 0.72674 0.863031 
26 91 73 36 
0.558596 0.625235 0.118381 0.0452382 0.159747 0.825845 0.879748 0.747447 0.880495 0.215917 0.445864 0.460057 0.67258 0.584351 0.175856 0.0834747 
27 13 39 88 
0.0867745 0.482203 0.997459 0.625973 0.452196 0.751702 0.891348 0.178936 0.614733 0.413606 0.964516 0.826383 0.972202 0.58975 0.944764 0.0174402 
28 79 57 13 
0.496945 0.651104 0.113105 0.942809 0.111161 0.785685 0.52716 0.287017 0.86916 0.785645 0.472411 0.783299 0.87242 0.954614 0.780758 0.498393 
29 18 42 52 
0.585745 0.147194 0.803347 0.550261 0.973577 0.775549 0.140012 0.918341 0.792989 0.889509 0.68895 0.690177 0.386454 0.340053 0.803282 0.329263 
30 49 43 47 
0.738231 0.458126 0.642068 0.210641 0.241426 0.514487 0.165255 0.0221837 0.0128804 0.572064 0.554644 0.402621 0.15781 0.701838 0.205968 0.708071 
31 24 22 57 
0.593755 0.774505 0.737591 0.282704 0.464682 0.124045 0.622758 0.267964 0.453308 0.0739716 0.85693 0.309731 0.812202 0.315057 0.951798 0.0228433 
32 89 66 84 
0.578666 0.479166 0.760162 0.13331 0.881787 0.917972 0.835148 0.0877551 0.626042 0.510562 0.0692715 0.474124 0.104317 0.843777 0.211716 0.387022 
33 90 37 36 
0.576422 0.789069 0.0837508 0.433353 0.0988001 0.895953 0.748409 0.0505986 0.918796 0.304892 0.516884 0.106894 0.883558 0.996051 0.867056 0.0168676 
34 36 72 46 
0.965593 0.41107 0.362578 0.0348645 0.885194 0.466895 0.878641 0.0969099 0.853916 0.1871 0.432671 0.863696 0.763523 0.22174 0.947446 0.196875 
35 29 91 79 
0.371139 0.762195 0.250176 0.888023 0.86909 0.133734 0.884074 0.736146 0.150601 0.761912 0.521174 0.00261676 0.727505 0.932244 0.365194 0.76237 
36 20 63 6 
0.914348 0.686005 0.828111 0.347019 0.549701 0.591633 0.568759 0.497147 0.788509 0.8893 0.340546 0.733793 0.260439 0.102742 0.98397 0.148462 
37 73 38 79 
0.268305 0.794449 0.229151 0.270922 0.521954 0.161395 0.636116 0.284323 0.978833 0.468205 0.925334 0.893181 0.154211 0.753445 0.2402 0.703912 
38 35 46 11 
0.133587 0.698259 0.541605 0.867381 0.958698 0.644347 0.85135 0.10716 0.616178 0.969054 0.139697 0.324156 0.237358 0.934145 0.553307 0.50828 
39 28 69 26 
0.740422 0.693534 0.612601 0.665756 0.586715 0.766812 0.419201 0.826915 0.470723 0.764279 0.635874 0.671782 0.897867 0.334133 0.213387 0.765247 
40 3 12 69 
0.399991 0.473913 0.585651 0.539688 0.798069 0.823009 0.473834 0.351375 0.331289 0.929933 0.0660767 0.475685 0.670355 0.759611 0.0882862 0.336111 
41 58 29 85 
0.173241 0.325821 0.519591 0.809115 0.997603 0.417458 0.143248 0.21099 0.182705 0.436079 0.0687242 0.799303 0.836071 0.542637 0.384954 0.375759 
42 54 70 37 
0.692081 0.539252 0.779525 0.758157 0.0149376 0.44988 0.517768 0.103224 0.785991 0.864095 0.958321 0.541302 0.0373359 0.284142 0.0608939 0.846451 
43 17 36 44 
0.492735 0.661057 0.425779 0.561459 0.46036 0.261849 0.104096 0.845313 0.637608 0.444802 0.0532762 0.4872 0.136882 0.592529 0.266725 0.89504 
44 14 69 80 
0.71069 0.502595 0.276903 0.669012 0.0438978 0.314239 0.953154 0.104792 0.16069 0.234899 0.583144 0.150389 0.727634 0.244201 0.576168 0.289093 
45 27 71 16 
0.549874 0.475625 0.837991 0.60315 0.962825 0.974873 0.195679 0.229551 0.869913 0.803145 0.946155 0.282721 0.513835 0.448751 0.559624 0.182846 
46 12 42 77 
0.59744 0.0345525 0.370899 0.180584 0.184942 0.0985326 0.424785 0.76111 0.387625 0.129345 0.599127 0.780814 0.679219 0.0747519 0.618805 0.282369 
47 57 77 79 
0.267128 0.463591 0.281192 0.213283 0.746312 0.795027 0.662034 0.305935 0.977873 0.154682 0.179798 0.113873 0.752123 0.214351 0.484772 0.932706 
48 50 54 77 
0.160402 0.97093 0.486836 0.759529 0.751744 0.166055 0.834281 0.370549 0.448423 0.871858 0.964227 0.92647 0.138986 0.427818 0.207662 0.352269 
49 81 53 45 
0.480065 0.980562 0.168985 0.659863 0.0944343 0.921108 0.874214 0.579206 0.853814 0.273506 0.16251 0.211306 0.433908 0.13344 0.698142 0.193437 
50 51 5 57 
0.31262 0.899576 0.21996 0.23909 0.0385623 0.647778 0.446752 0.390831 0.821907 0.449441 0.405134 0.301972 0.430003 0.57412 0.961835 0.524437 
51 3 29 57 
0.349042 0.109554 0.266153 0.560347 0.543462 0.399593 0.258489 0.7369 0.284777 0.122686 0.764618 0.54051 0.435305 0.664194 0.76047 0.674396 
52 67 1 66 
0.0935878 0.230155 0.570589 0.498722 0.532127 0.000591872 0.0728419 0.493961 0.525029 0.568069 0.33001 0.628672 0.917111 0.439564 0.894825 0.477459 
53 69 90 66 
0.719926 0.579195 0.858634 0.484544 0.119705 0.293939 0.148738 0.880175 0.968334 0.851494 0.288423 0.0894824 0.945082 0.518577 0.660072 0.443804 
54 33 82 41 
0.544665 0.185692 0.0847157 0.874675 0.814364 0.00182712 0.314239 0.70919 0.479286 0.297265 0.00360772 0.215234 0.0171913 0.582803 0.0738677 0.501735 
55 62 52 84 
0.582683 0.336141 0.501967 0.871106 0.425624 0.44705 0.389683 0.0856952 0.890854 0.440387 0.746359 0.4075 0.985052 0.932051 0.492216 0.859727 
56 42 19 78 
0.455605 0.973329 0.471231 0.459213 0.188563 0.488423 0.0420155 0.262431 0.990158 0.744524 0.630238 0.640631 0.327207 0.966379 0.142598 0.198312 
57 22 1 74 
0.477697 0.480502 0.0283825 0.224056 0.888002 0.0134348 0.156107 0.380218 0.873162 0.902523 0.874261 0.047128 0.358127 0.84759 0.518359 0.81734 
58 73 70 84 
0.298584 0.99694 0.603879 0.928822 0.637571 0.931086 0.8952 0.780169 0.129398 0.287203 0.369817 0.717393 0.7649 0.850319 0.745776 0.988956 
59 34 91 6 
0.118539 0.632372 0.0475858 0.9928 0.6795 0.405713 0.84039 0.19786 0.223053 0.876544 0.204641 0.0824088 0.175128 0.201581 0.686288 0.10395 
60 78 32 89 
0.61932 0.746771 0.286353 0.989137 0.464165 0.0512526 0.839456 0.20994 0.0402087 0.577777 0.969151 0.185272 0.696317 0.601523 0.232858 0.689117 
61 46 86 67 
0.478883 0.861624 0.406051 0.683525 0.944033 0.581179 0.885106 0.630321 0.685129 0.724258 0.247695 0.684278 0.343578 0.994466 0.970631 0.332715 
62 53 59 37 
0.668571 0.0620923 0.749949 0.637722 0.247364 0.446266 0.239245 0.480222 0.135383 0.520269 0.118793 0.66489 0.999152 0.980418 0.0709414 0.682677 
63 66 34 50 
0.554772 0.337249 0.29204 0.802466 0.0215274 0.635618 0.796932 0.992158 0.968334 0.255563 0.0140421 0.140505 0.924134 0.0761344 0.890455 0.561856 
64 12 80 77 
0.803721 0.472104 0.321369 0.922514 0.136994 0.320521 0.902931 0.207935 0.00319805 0.827382 0.860056 0.570981 0.382154 0.197305 0.863021 0.18462 
65 50 8 22 
0.21099 0.466973 0.237116 0.225032 0.607478 0.16125 0.301167 0.497933 0.723105 0.624666 0.834654 0.524206 0.428386 0.306757 0.845575 0.3509 
66 46 87 8 
0.651686 0.169295 0.0812139 0.511742 0.740275 0.463368 0.709046 0.603296 0.647988 0.927878 0.101936 0.629541 0.138869 0.568908 0.866657 0.363901 
67 73 44 16 
0.751012 0.289734 0.508974 0.275218 0.71812 0.815731 0.120793 0.0690202 0.259482 0.286889 0.322852 0.911168 0.456184 0.404066 0.42291 0.196459 
68 51 79 63 
0.515422 0.0598351 0.901691 0.144963 0.198704 0.4706 0.01162 0.562605 0.646986 0.0395265 0.227673 0.321306 0.790538 0.517407 0.83028 0.0657561 
69 20 12 38 
0.304547 0.905493 0.473439 0.627399 0.816662 0.929623 0.0314649 0.239572 0.126082 0.898899 0.371529 0.925837 0.414321 0.431364 0.827528 0.559284 
70 64 71 36 
0.192673 0.945114 0.610431 0.420346 0.266421 0.400969 0.937753 0.096701 0.466725 0.17328 0.742712 0.653274 0.477827 0.648206 0.126713 0.105226 
71 31 11 81 
0.70444 0.182417 0.0355896 0.0759687 0.108254 0.44991 0.507333 0.935783 0.0091944 0.137401 0.23391 0.580098 0.330074 0.179025 0.190529 0.75042 
72 86 49 10 
0.542146 0.0582231 0.861453 0.284858 0.711497 0.33928 0.933064 0.83821 0.444507 0.397932 0.894545 0.581197 0.102372 0.0769623 0.616787 0.17834 
73 7 59 18 
0.120999 0.0758917 0.823074 0.354909 0.65599 0.153147 0.533934 0.846519 0.903568 0.979379 0.438017 0.591741 0.521525 0.49624 0.453194 0.806384 
74 39 48 73 
0.0459477 0.236981 0.13738 0.940493 0.818179 0.239751 0.0174553 0.434966 0.418092 0.202672 0.501663 0.103765 0.323671 0.577555 0.926839 0.67858 
75 85 31 70 
0.0800642 0.983554 0.191894 0.518081 0.575295 0.713419 0.0143218 0.0284891 0.519803 0.222059 0.820964 0.259251 0.268007 0.0579452 0.396631 0.2085 
76 80 20 73 
0.054474 0.428627 0.812753 0.158239 0.752298 0.390308 0.0850776 0.430879 0.623853 0.165064 0.643393 0.703917 0.148618 0.835287 0.221998 0.723912 
77 76 68 37 
0.0685083 0.458379 0.573365 0.327759 0.726386 0.631311 0.72439 0.934886 0.507435 0.360772 0.160842 0.818524 0.415246 0.589469 0.631277 0.573485 
78 22 85 3 
0.772646 0.645437 0.823626 0.416039 0.349354 0.972244 0.251326 0.571352 0.696156 0.800031 0.807672 0.448558 0.86854 0.266051 0.0219231 0.196299 
79 77 16 48 
0.927324 0.160668 0.281461 0.0881656 0.979192 0.696706 0.677635 0.610469 0.270191 0.0194019 0.632054 0.928754 0.792048 0.277491 0.75238 0.208087 
80 49 27 78 
0.42078 0.259444 0.00586846 0.869338 0.127984 0.27192 0.891261 0.324283 0.264357 0.544494 0.244971 0.191681 0.705163 0.526432 0.279847 0.684355 
81 59 3 9 
0.493329 0.976883 0.926878 0.422083 0.768931 0.204369 0.174463 0.977018 0.831214 0.899086 0.436431 0.0294104 0.319866 0.695875 0.0352788 0.189204 
82 13 49 48 
0.148142 0.571556 0.624959 0.393113 0.763237 0.330122 0.919545 0.0430834 0.0144765 0.142683 0.000564683 0.309301 0.636012 0.977448 0.236179 0.0580951 
83 17 5 90 
0.723397 0.271762 0.131644 0.159828 0.301172 0.45151 0.855703 0.336451 0.640714 0.679562 0.64365 0.721179 0.827703 0.215205 0.346138 0.220816 
84 44 64 0 
0.0215255 0.690736 0.283044 0.0220902 3.67812e-05 0.919056 0.999538 0.236216 0.977151 0.745917 0.676764 0.209709 0.469314 0.948526 0.341353 0.629142 
85 2 53 78 
0.58615 0.433577 0.164406 0.229799 0.154756 0.992109 0.445005 0.500894 0.212925 0.423447 0.177154 0.353286 0.444972 0.867889 0.63633 0.467063 
86 78 30 73 
0.104142 0.532536 0.212518 0.780906 0.742245 0.681831 0.729432 0.0835976 0.310973 0.979131 0.876461 0.795818 0.565281 0.310038 0.960224 0.79508 
87 69 13 85 
0.965688 0.165259 0.663532 0.142842 0.518545 0.108504 0.0107311 0.154875 0.575566 0.878657 0.71026 0.042167 0.982799 0.242796 0.254685 0.763706 
88 47 58 39 
0.0686387 0.247489 0.472269 0.945099 0.0433066 0.0375494 0.255137 0.00353047 0.832629 0.719931 0.955864 0.0727141 0.68562 0.121123 0.736246 0.828461 
89 52 51 87 
0.420316 0.71785 0.504802 0.462483 0.700649 0.747598 0.717167 0.464355 0.73264 0.653683 0.957493 0.801278 0.901172 0.429762 0.746378 0.944479 
90 21 7 48 
0.299941 0.721446 0.903873 0.372655 0.407066 0.0249958 0.1089 0.235527 0.664663 0.95365 0.0747197 0.459205 0.373966 0.792569 0.964007 0.836448 
91 7 72 12 
0.444246 0.207299 0.915067 0.245524 0.108472 0.344828 0.991902 0.0529506 0.812139 0.993416 0.000960093 0.11208 0.714863 0.904833 0.484735 0.121929 
