75 6
1 0 1 1 1 1 1 0 0 1 0 0 1 0 1 0 0 0 0 0 0 1 1 0 0 0 1 1 0 1 1 0 0 1 0 0 0 0 1 1 1 0 0 1 1 1 0 0 0 1 0 0 1 0 1 0 1 1 1 0 1 1 1 0 1 0 1 0 0 1 0 0 0 0 0 
0 41 2 70 65 35 
0.961013 0.302874 0.748875 0.568804 0.838051 0.777468 0.169579 0.61977 0.505584 0.907943 0.305313 0.408359 0.750617 0.353493 0.526662 0.892275 0.255358 0.315269 0.500969 0.76443 0.100926 0.803809 0.988286 0.397009 0.91344 0.63099 0.492523 0.26497 0.13712 0.0643667 0.385186 0.0981328 0.36724 0.134061 0.666937 0.205291 0.911528 0.836516 0.825061 0.417113 0.744459 0.130374 0.825472 0.495076 0.483866 0.352134 0.38735 0.739224 0.667403 0.888319 0.503654 0.768329 0.692129 0.491939 0.165338 0.605568 0.122929 0.657861 0.870539 0.26005 0.722228 0.255724 0.358182 0.0894685 
1 10 6 17 20 61 
0.119821 0.718426 0.606095 0.250194 0.543898 0.101171 0.734061 0.896032 0.488521 0.473285 0.563434 0.376841 0.976939 0.331764 0.0689691 0.468878 0.497102 0.674537 0.591807 0.154964 0.545076 0.851857 0.877192 0.8008 0.210039 0.96666 0.190586 0.235159 0.26142 0.491899 0.0967948 0.381241 0.210326 0.70289 0.631435 0.754224 0.804061 0.365496 0.650255 0.292582 0.838781 0.21369 0.669422 0.81572 0.545453 0.738392 0.284598 0.0425553 0.412929 0.876405 0.197519 0.958005 0.728262 0.0747107 0.758806 0.938301 0.041371 0.949391 0.17346 0.302791 0.44129 0.270255 0.684031 0.651616 
2 44 18 11 10 63 
0.0560947 0.0697874 0.519743 0.269784 0.73921 0.335463 0.815237 0.477601 0.620061 0.857793 0.89053 0.496466 0.0553116 0.848535 0.224727 0.130022 0.607341 0.163029 0.171393 0.556732 0.336489 0.474184 0.998023 0.606744 0.158216 0.649639 0.579889 0.473682 0.0554783 0.357094 0.154645 0.111573 0.426882 0.674388 0.381357 0.166092 0.00985136 0.196595 0.643693 0.629912 0.0543873 0.534223 0.126378 0.109699 0.382759 0.351105 0.239721 0.9901 0.514134 0.411114 0.546832 0.850623 0.885299 0.544855 0.457367 0.0435145 0.194493 0.0372554 0.517197 0.249971 0.39435 0.671841 0.361544 0.821231 
3 64 48 61 65 14 
0.985993 0.993883 0.165239 0.112371 0.103582 0.547998 0.463476 0.343303 0.538097 0.97761 0.754418 0.0849292 0.828232 0.639717 0.629784 0.285599 0.683231 0.824277 0.322854 0.200428 0.0742484 0.717204 0.872269 0.435793 0.538435 0.218499 0.178694 0.525758 0.57458 0.11819 0.156774 0.560573 0.112074 0.322013 0.672943 0.215656 0.870011 0.136419 0.558959 0.408108 0.114029 0.313377 0.493037 0.942261 0.953094 0.122821 0.22786 0.636325 0.947098 0.550714 0.836753 0.0213463 0.267918 0.709022 0.457139 0.806353 0.927521 0.635833 0.332111 0.502101 0.754024 0.488885 0.0626734 0.866098 
4 68 47 66 48 45 
0.640713 0.0890167 0.986065 0.95409 0.582054 0.928326 0.907184 0.704875 0.156186 0.543509 0.651973 0.7069 0.380262 0.673319 0.974818 0.0892845 0.130458 0.781172 0.0168054 0.766291 0.113283 0.518906 0.520315 0.602168 0.581579 0.386413 0.413066 0.317196 0.468166 0.0939752 0.189232 0.108879 0.182992 0.175298 0.0629695 0.765046 0.103624 0.970154 0.469921 0.25981 0.513663 0.121893 0.966711 0.893925 0.795212 0.941529 0.98321 0.92567 0.722701 1.52858e-05 0.691961 0.835983 0.518921 0.212277 0.438152 0.100501 0.598689 0.851218 0.417697 0.0668555 0.945193 0.606929 0.175735 0.128185 
5 33 65 30 37 56 
0.112372 0.616446 0.280257 0.0539009 0.599656 0.205927 0.776601 0.599672 0.897888 0.612585 0.118593 0.110165 0.0507365 0.219094 0.708854 0.901955 0.636791 0.77571 0.847148 0.24372 0.951444 0.975333 0.0259471 0.190149 0.868564 0.911798 0.399006 0.231715 0.0574592 0.121527 0.71676 0.169831 0.737974 0.997017 0.223732 0.33763 0.202944 0.000333303 0.937301 0.100832 0.612918 0.0558943 0.210997 0.663655 0.274988 0.919851 0.565609 0.911779 0.695561 0.412757 0.155499 0.647005 0.38809 0.181446 0.837154 0.256654 0.0932436 0.23616 0.488369 0.150703 0.357688 0.205129 0.320534 0.0956616 
6 59 49 58 30 11 
0.370593 0.505922 0.157517 0.426487 0.716919 0.821172 0.701475 0.63677 0.386781 0.613254 0.332331 0.799538 0.768752 0.979337 0.187628 0.950198 0.816491 0.444282 0.0434417 0.052651 0.932651 0.194145 0.410339 0.13778 0.514678 0.506 0.339925 0.0589443 0.939292 0.745015 0.603543 0.309885 0.250937 0.761061 0.736373 0.967856 0.582233 0.437848 0.604626 0.969014 0.0511018 0.936957 0.768552 0.819854 0.916294 0.95618 0.770052 0.732784 0.400461 0.813494 0.785435 0.333112 0.00763871 0.195774 0.470891 0.522317 0.701775 0.810817 0.581262 0.641067 0.555832 0.184805 0.950952 0.806768 
7 53 52 57 56 3 
0.497112 0.176274 0.316206 0.265663 0.996128 0.2325 0.221843 0.766181 0.965284 0.622304 0.579675 0.750719 0.955416 0.587313 0.946494 0.426308 0.109631 0.648268 0.237124 0.690892 0.289335 0.792956 0.875697 0.240287 0.599724 0.821563 0.927611 0.374348 0.349661 0.0527831 0.753598 0.846773 0.229057 0.0698041 0.112436 0.225185 0.302304 0.334279 0.991366 0.267588 0.956584 0.571041 0.0183078 0.912 0.158354 0.964801 0.338307 0.267985 0.613069 0.575432 0.958877 0.902404 0.368387 0.834574 0.142691 0.968112 0.656137 0.0703018 0.34246 0.00579804 0.123085 0.0960573 0.852571 0.352142 
8 74 33 36 34 14 
0.568694 0.735754 0.25587 0.139734 0.754062 0.16787 0.298089 0.718863 0.506177 0.566074 0.331932 0.0816085 0.524951 0.234337 0.449996 0.359526 0.377028 0.418108 0.0156627 0.447329 0.760567 0.0214608 0.570414 0.856625 0.874032 0.922556 0.0224861 0.839038 0.499884 0.490652 0.138325 0.0685773 0.226405 0.394195 0.208312 0.980467 0.562064 0.506401 0.69933 0.0682413 0.0724745 0.0312624 0.14985 0.597426 0.265599 0.599846 0.956951 0.642627 0.0179533 0.972614 0.0899559 0.778521 0.994075 0.66037 0.635145 0.868106 0.582926 0.657631 0.707145 0.08281 0.148283 0.84547 0.151387 0.374688 
9 35 57 48 23 54 
0.0544853 0.86997 0.938574 0.0857477 0.0198197 0.536 0.351347 0.619665 0.492951 0.993973 0.637619 0.465565 0.0839292 0.416139 0.45964 0.744299 0.0512846 0.327747 0.327226 0.708916 0.0348914 0.410036 0.857199 0.880361 0.561423 0.231887 0.120025 0.921122 0.587043 0.921754 0.787222 0.641528 0.791724 0.725796 0.727276 0.811544 0.261796 0.0786224 0.431209 0.754747 0.0725957 0.0688278 0.220312 0.156525 0.484967 0.679952 0.900824 0.536252 0.00769882 0.22805 0.245168 0.0425902 0.638085 0.102366 0.922951 0.199508 0.334254 0.0429766 0.12063 0.921296 0.964731 0.907852 0.562824 0.756454 
10 42 67 14 38 23 
0.999207 0.65019 0.441318 0.0680348 0.870502 0.597843 0.553002 0.550455 0.498667 0.0892536 0.558153 0.726717 0.334421 0.600744 0.364802 0.436788 0.523695 0.56431 0.771041 0.566672 0.684941 0.692337 0.531402 0.592792 0.255161 0.287857 0.22644 0.545261 0.855855 0.121883 0.913983 0.855062 0.772073 0.3553 0.923096 0.642576 0.953143 0.476098 0.19303 0.45181 0.565352 0.751184 0.178527 0.899773 0.351927 0.543329 0.336561 0.875622 0.107639 0.107602 0.442294 0.79258 0.799939 0.973696 0.385372 0.0551007 0.261552 0.611812 0.600362 0.117407 0.733695 0.514344 0.972468 0.505768 
11 63 5 9 10 18 
0.341374 0.274598 0.937015 0.0925577 0.453125 0.836788 0.444485 0.996453 0.173349 0.320107 0.104093 0.280951 0.762401 0.896672 0.0808904 0.736097 0.282044 0.135991 0.997649 0.893856 0.736353 0.115056 0.627551 0.250697 0.0875243 0.13332 0.120342 0.983089 0.281663 0.94313 0.354752 0.623037 0.217728 0.291767 0.715595 0.670852 0.128555 0.16008 0.667305 0.301904 0.480187 0.771398 0.582855 0.242588 0.66807 0.663746 0.978685 0.950114 0.799737 0.976334 0.843971 0.536089 0.0913898 0.471522 0.786786 0.178914 0.604841 0.907128 0.162003 0.886505 0.850258 0.516756 0.509542 0.0679854 
12 1 58 44 43 69 
0.406143 0.238983 0.865405 0.177541 0.821838 0.107993 0.845611 0.485584 0.0866782 0.795725 0.28532 0.0630122 0.639696 0.82141 0.154402 0.111218 0.608196 0.333316 0.716059 0.515324 0.495319 0.602564 0.365582 0.0120749 0.112106 0.433568 0.820598 0.337244 0.172405 0.757676 0.722461 0.578548 0.996658 0.587866 0.756089 0.818496 0.69586 0.601699 0.30408 0.782538 0.397424 0.589401 0.84555 0.0371203 0.41081 0.999952 0.148338 0.0190066 0.333268 0.864397 0.534331 0.828587 0.466961 0.899913 0.840662 0.579067 0.333481 0.66126 0.916311 0.505886 0.418936 0.638772 0.084434 0.415594 
13 15 22 4 48 26 
0.538171 0.705036 0.839646 0.127571 0.550586 0.876767 0.538382 0.550538 0.0251044 0.557388 0.883806 0.889501 0.0917195 0.712393 0.356462 0.991633 0.553055 0.935529 0.325114 0.214315 0.85184 0.831 0.633251 0.490612 0.915434 0.0488457 0.717251 0.755957 0.282937 0.639749 0.198178 0.821107 0.344784 0.0378247 0.948679 0.89537 0.914591 0.487061 0.445908 0.939696 0.044449 0.329713 0.829197 0.136168 0.0421062 0.185659 0.127801 0.595162 0.121189 0.452915 0.809477 0.973029 0.283915 0.442728 0.463641 0.19935 0.491574 0.180892 0.955306 0.774511 0.82064 0.153485 0.595618 0.165425 
14 60 3 67 23 22 
0.506702 0.0455964 0.0758063 0.836416 0.874793 0.211975 0.878522 0.0604528 0.339776 0.473683 0.181641 0.792692 0.28316 0.15467 0.076607 0.725889 0.618311 0.275957 0.217463 0.799203 0.231263 0.991973 0.619843 0.384747 0.587591 0.785268 0.576057 0.131888 0.846063 0.681957 0.163246 0.352765 0.727554 0.239052 0.18918 0.602347 0.451027 0.0677023 0.6628 0.790803 0.541386 0.844442 0.583494 0.824546 0.999112 0.660101 0.550435 0.617423 0.936058 0.767898 0.416625 0.167321 0.759871 0.0364685 0.552068 0.347463 0.821736 0.128125 0.479351 0.667799 0.810082 0.642597 0.0205636 0.537636 
15 7 48 43 13 8 
0.802783 0.123478 0.818832 0.647225 0.706973 0.643378 0.646337 0.367074 0.193813 0.263759 0.303132 0.961711 0.680385 0.470452 0.721583 0.716853 0.0225203 0.0690456 0.53859 0.150645 0.548397 0.206388 0.960727 0.190993 0.226952 0.498363 0.072642 0.436696 0.638346 0.405317 0.714142 0.44113 0.528796 0.532974 0.0883547 0.235768 0.176353 0.734691 0.602842 0.370166 0.998451 0.905974 0.331877 0.678836 0.376426 0.0534597 0.395689 0.398947 0.122505 0.934279 0.549592 0.670902 0.140667 0.510319 0.861895 0.367619 0.00868177 0.934537 0.804316 0.647028 0.339855 0.518458 0.0881578 0.86865 
16 14 8 54 11 9 
0.70726 0.597951 0.909655 0.613234 0.929828 0.588491 0.98966 0.983287 0.98418 0.388607 0.105793 0.918459 0.938199 0.776695 0.0591264 0.448517 0.63859 0.426746 0.457199 0.573128 0.231061 0.104227 0.912982 0.749519 0.192385 0.781633 0.800952 0.368897 0.886051 0.0287365 0.280101 0.593311 0.626687 0.189756 0.206546 0.556515 0.778247 0.196206 0.539802 0.762426 0.584813 0.645595 0.680885 0.523012 0.42229 0.740012 0.971529 0.0608799 0.166758 0.428728 0.634007 0.397819 0.532955 0.54699 0.147338 0.72534 0.328622 0.94829 0.0942371 0.214674 0.977026 0.374338 0.807985 0.603713 
17 66 11 42 72 29 
0.700031 0.104767 0.79555 0.345626 0.785653 0.318561 0.767916 0.525664 0.29009 0.828796 0.692422 0.718818 0.462803 0.0902407 0.251773 0.00979277 0.237579 0.977112 0.338415 0.185869 0.0713495 0.553089 0.162895 0.445688 0.361074 0.766608 0.00978192 0.375604 0.926837 0.352123 0.586341 0.626867 0.45689 0.381891 0.972493 0.242542 0.700452 0.740409 0.768207 0.990542 0.569204 0.460628 0.70936 0.0320074 0.550869 0.961133 0.0418001 0.788448 0.938245 0.380215 0.974317 0.00959493 0.933304 0.137211 0.455283 0.294378 0.90382 0.465065 0.669982 0.830656 0.817187 0.256324 0.457524 0.274077 
18 16 8 72 59 39 
0.284826 0.329209 0.739631 0.745454 0.0385697 0.771638 0.296323 0.999703 0.813438 0.0847711 0.937948 0.193653 0.0590876 0.947543 0.126958 0.196299 0.402826 0.421336 0.100119 0.86789 0.0913181 0.930775 0.685078 0.347642 0.388299 0.959155 0.985856 0.818316 0.475774 0.324523 0.988743 0.7606 0.653733 0.728373 0.506054 0.692303 0.500011 0.802377 0.692005 0.313449 0.887148 0.629953 0.507102 0.946236 0.577497 0.63406 0.142535 0.980322 0.0553957 0.242654 0.848213 0.146714 0.173429 0.53329 0.494356 0.561728 0.492445 0.480212 0.380045 0.968219 0.804736 0.368787 0.728818 0.458468 
19 47 17 49 70 36 
0.842776 0.91062 0.924397 0.47273 0.417722 0.870632 0.0502263 0.0517825 0.0131671 0.0305487 0.107178 0.255821 0.878761 0.253892 0.429249 0.412052 0.748248 0.990978 0.904497 0.22846 0.371022 0.872715 0.0331951 0.739809 0.601534 0.491663 0.836969 0.836406 0.642434 0.43414 0.873654 0.485211 0.34476 0.798051 0.95794 0.762483 0.668684 0.0081667 0.814265 0.681851 0.0387154 0.921443 0.937671 0.917477 0.175335 0.366921 0.329529 0.923583 0.357898 0.234025 0.152043 0.72892 0.10674 0.185238 0.46873 0.708274 0.676901 0.305699 0.54468 0.319336 0.739839 0.418334 0.804546 0.0845994 
20 71 56 19 66 60 
0.661347 0.56692 0.809369 0.582791 0.504591 0.726845 0.758126 0.871512 0.0563741 0.681709 0.22941 0.290399 0.833752 0.958331 0.39714 0.0189894 0.42706 0.105414 0.69589 0.732759 0.650093 0.015226 0.472598 0.0684274 0.819772 0.557198 0.284813 0.582259 0.40428 0.169882 0.352912 0.0656275 0.736802 0.162281 0.648418 0.241393 0.889126 0.406545 0.112905 0.9455 0.0882539 0.342315 0.235899 0.922006 0.300646 0.633039 0.940995 0.727707 0.738453 0.636886 0.460466 0.388546 0.652112 0.933064 0.456974 0.471884 0.490262 0.741786 0.0541424 0.894542 0.911668 0.407054 0.960169 0.64847 
21 16 72 3 31 50 
0.00276692 0.403961 0.103386 0.345082 0.63986 0.0253922 0.645728 0.272899 0.966387 0.373435 0.011352 0.603273 0.8339 0.399898 0.255384 0.766965 0.856872 0.727268 0.257227 0.598658 0.78141 0.151769 0.510326 0.188465 0.111938 0.158796 0.757799 0.720526 0.0486579 0.21626 0.735658 0.0514249 0.620221 0.839045 0.396507 0.260081 0.864437 0.042235 0.532981 0.830824 0.41567 0.544333 0.434097 0.24957 0.944231 0.689481 0.0165346 0.801103 0.416749 0.273761 0.399761 0.19816 0.42553 0.910087 0.386624 0.537468 0.0688825 0.144424 0.257994 0.11754 0.360684 0.993652 0.168965 0.980905 
22 4 36 16 41 33 
0.0233768 0.3183 0.962055 0.272947 0.262531 0.651537 0.289481 0.0636334 0.0682862 0.563242 0.463394 0.266446 0.988772 0.373481 0.65307 0.52624 0.442363 0.797494 0.784234 0.559904 0.158179 0.777886 0.728869 0.139084 0.610583 0.294342 0.380071 0.307717 0.902049 0.154038 0.835675 0.925426 0.472338 0.797731 0.198372 0.734869 0.449267 0.487854 0.798502 0.517554 0.0510961 0.261896 0.784 0.0398683 0.635377 0.43707 0.566108 0.0777407 0.234564 0.350342 0.637645 0.392743 0.128228 0.366514 0.531827 0.738811 0.660856 0.911897 0.0465275 0.562904 0.0659354 0.882203 0.48833 0.538273 
23 15 69 51 42 35 
0.0716441 0.646755 0.225652 0.33354 0.430754 0.26552 0.968917 0.867824 0.831629 0.0466582 0.102389 0.181971 0.684303 0.495132 0.310198 0.0508168 0.0269587 0.0490091 0.711672 0.938856 0.0955366 0.274577 0.00479159 0.977739 0.762907 0.543065 0.657673 0.449609 0.816207 0.786874 0.624165 0.887851 0.433629 0.849818 0.221391 0.864383 0.115338 0.190309 0.732207 0.946967 0.236967 0.834596 0.128938 0.92127 0.329728 0.439136 0.972087 0.356687 0.488145 0.683759 0.295543 0.583682 0.958336 0.300335 0.561421 0.721243 0.843399 0.219094 0.170852 0.659606 0.00596793 0.795018 0.547457 0.439596 
24 28 56 49 6 20 
0.0361867 0.70714 0.196124 0.870783 0.836078 0.117394 0.200511 0.275214 0.0894803 0.557198 0.763359 0.773239 0.852741 0.347041 0.731575 0.153075 0.908462 0.452818 0.996475 0.127556 0.62367 0.656081 0.133524 0.418688 0.203538 0.57312 0.0635229 0.972387 0.8771 0.823696 0.931544 0.913286 0.530837 0.127668 0.784069 0.366914 0.245062 0.98458 0.642128 0.334542 0.541778 0.405487 0.107781 0.394519 0.752528 0.839356 0.547594 0.66099 0.292174 0.544069 0.788546 0.915844 0.20015 0.922069 0.334532 0.403688 0.49519 0.398055 0.376075 0.372289 0.221751 0.307619 0.285576 0.752587 
25 45 58 55 35 49 
0.0148909 0.596003 0.167118 0.122672 0.990522 0.919645 0.962028 0.538116 0.580635 0.254202 0.0821851 0.369181 0.170046 0.282335 0.29125 0.504578 0.686023 0.78644 0.902633 0.0620986 0.158729 0.124383 0.369718 0.444305 0.876971 0.805005 0.51395 0.996473 0.485354 0.568175 0.758103 0.500245 0.164178 0.925221 0.622917 0.1547 0.844866 0.584945 0.692816 0.425501 0.839147 0.775001 0.794682 0.00919379 0.0573365 0.0859324 0.513772 0.74336 0.872372 0.416404 0.805459 0.0311013 0.540788 0.175176 0.475406 0.417759 0.980181 0.989356 0.414232 0.465535 0.557531 0.172335 0.965779 0.721709 
26 34 42 44 45 8 
0.569225 0.367923 0.0127881 0.344226 0.162605 0.0219819 0.401563 0.248538 0.535754 0.144923 0.12091 0.952158 0.950381 0.152011 0.492946 0.125557 0.627417 0.910705 0.105738 0.616773 0.324937 0.571273 0.174304 0.497272 0.537052 0.896012 0.594828 0.125748 0.772421 0.53725 0.299388 0.341646 0.905173 0.312177 0.685872 0.0677784 0.334158 0.0874344 0.316316 0.869912 0.232357 0.437226 0.82207 0.182738 0.589238 0.315016 0.308296 0.216655 0.225722 0.414034 0.833428 0.550659 0.985307 0.00773157 0.0479305 0.522359 0.903744 0.642758 0.648107 0.676164 0.180008 0.947495 0.0178099 0.0851808 
27 20 42 60 65 25 
0.469275 0.463742 0.0234731 0.906502 0.285812 0.206211 0.495739 0.600829 0.514507 0.712394 0.82655 0.928541 0.545822 0.377209 0.913847 0.553554 0.425139 0.436206 0.457297 0.0678976 0.0843127 0.133462 0.247905 0.0318078 0.151272 0.333086 0.291479 0.854953 0.486045 0.885309 0.646069 0.955321 0.349051 0.669542 0.861822 0.634864 0.875754 0.357561 0.235692 0.39026 0.0699555 0.0622427 0.318801 0.615778 0.439451 0.232648 0.169331 0.864591 0.668855 0.626629 0.932488 0.753167 0.76009 0.180394 0.784975 0.911362 0.51348 0.0764543 0.766315 0.999526 0.961764 0.412385 0.954846 0.310815 
28 48 55 37 34 7 
0.181371 0.347941 0.244186 0.243613 0.666742 0.859963 0.683065 0.899391 0.0292945 0.547656 0.568245 0.655923 0.480144 0.321412 0.416013 0.660538 0.106387 0.327375 0.174018 0.182842 0.0936908 0.173544 0.144605 0.506076 0.12839 0.45542 0.588003 0.945058 0.401099 0.545684 0.119289 0.582469 0.893625 0.363474 0.826083 0.560367 0.223437 0.509148 0.459758 0.252732 0.0568034 0.0280029 0.908655 0.536948 0.349415 0.324668 0.197486 0.455803 0.652044 0.371504 0.638644 0.745735 0.545047 0.78325 0.25181 0.673437 0.23867 0.839813 0.618496 0.639768 0.385497 0.737784 0.222238 0.279122 
29 12 32 46 35 15 
0.577427 0.614271 0.32725 0.486082 0.151219 0.676665 0.810751 0.348705 0.132468 0.462795 0.720208 0.771112 0.208529 0.265255 0.554362 0.460339 0.938693 0.793031 0.300152 0.557188 0.4328 0.685649 0.294972 0.655037 0.964771 0.396231 0.703357 0.804259 0.720926 0.260825 0.103506 0.298354 0.875097 0.430756 0.784436 0.0263159 0.10742 0.595187 0.37502 0.239888 0.0579815 0.0952286 0.0109999 0.266511 0.360484 0.565362 0.72685 0.299177 0.358393 0.0270026 0.856365 0.791192 0.712652 0.151337 0.44623 0.677422 0.547568 0.149587 0.481682 0.268494 0.410412 0.585188 0.566848 0.285509 
30 50 49 27 56 4 
0.686846 0.363252 0.00445194 0.782074 0.374251 0.270963 0.142558 0.939613 0.997813 0.441735 0.298006 0.0248154 0.2981 0.0891982 0.737467 0.449437 0.535428 0.414889 0.997005 0.685015 0.896571 0.265499 0.0954271 0.481758 0.832347 0.380936 0.497701 0.18363 0.692762 0.621065 0.130101 0.379607 0.984316 0.134553 0.161682 0.358568 0.405515 0.30424 0.298181 0.403328 0.745975 0.596187 0.428144 0.0440753 0.685385 0.16561 0.493512 0.220813 0.5805 0.490517 0.905827 0.47707 0.756016 0.0012545 0.958828 0.588363 0.382191 0.45653 0.771993 0.0749526 0.0775945 0.902094 0.45456 0.0619109 
31 44 42 61 47 29 
0.71866 0.84549 0.666457 0.314846 0.273633 0.710533 0.000231301 0.439244 0.204045 0.221044 0.0197433 0.694563 0.126871 0.496814 0.450579 0.128126 0.455642 0.0389419 0.510317 0.912172 0.810935 0.585269 0.989766 0.713029 0.0398295 0.051677 0.749675 0.656071 0.472156 0.191837 0.576553 0.190815 0.0373262 0.24301 0.505662 0.310959 0.953543 0.505893 0.750203 0.157588 0.726937 0.769946 0.852151 0.853808 0.26676 0.30273 0.981934 0.722402 0.341672 0.492251 0.634574 0.152607 0.0775206 0.62434 0.865635 0.11735 0.676017 0.61531 0.773421 0.148172 0.807147 0.349975 0.338988 0.844473 
32 65 63 2 54 19 
0.905635 0.704116 0.0774794 0.675582 0.556267 0.931288 0.942342 0.858997 0.913222 0.664744 0.200668 0.405473 0.299317 0.353275 0.482994 0.923657 0.21891 0.600344 0.599674 0.83422 0.373765 0.747846 0.641367 0.72374 0.0868337 0.48584 0.316725 0.931483 0.641273 0.863253 0.282026 0.546908 0.567369 0.359505 0.22249 0.123636 0.290793 0.164832 0.982633 0.204015 0.829575 0.183301 0.609488 0.128893 0.536576 0.0924817 0.0525495 0.755486 0.692826 0.652223 0.589706 0.0665907 0.400069 0.231073 0.79033 0.486903 0.716913 0.107055 0.418386 0.358186 0.970308 0.700411 0.905094 0.537677 
33 44 65 61 73 70 
0.643946 0.554724 0.121991 0.827247 0.164211 0.250883 0.363822 0.256693 0.303433 0.119308 0.949519 0.955656 0.709014 0.0161094 0.355725 0.940087 0.80644 0.842628 0.657001 0.913495 0.261014 0.0151866 0.883803 0.961425 0.92028 0.42148 0.0213413 0.0478643 0.0827926 0.37205 0.34028 0.726738 0.926774 0.46227 0.553985 0.0909851 0.713154 0.917807 0.347678 0.0165866 0.0371152 0.297197 0.972243 0.746129 0.313306 0.327967 0.686217 0.119746 0.170595 0.343218 0.0332408 0.431609 0.358404 0.917044 0.393034 0.278685 0.338523 0.414375 0.326549 0.421316 0.786425 0.666829 0.148054 0.713199 
34 32 20 24 7 74 
0.151862 0.858839 0.656961 0.449059 0.831082 0.403091 0.762365 0.159049 0.0893076 0.882111 0.329644 0.432525 0.915352 0.761253 0.790929 0.832395 0.154287 0.0696138 0.170919 0.568662 0.396163 0.592235 0.355087 0.0629912 0.740289 0.0682853 0.19209 0.442328 0.872469 0.034343 0.062174 0.0243311 0.893182 0.719135 0.47339 0.724264 0.122226 0.235755 0.883314 0.211534 0.117866 0.212958 0.644059 0.0332174 0.974211 0.434988 0.865613 0.128498 0.504602 0.0365314 0.69716 0.900765 0.628766 0.0522462 0.963756 0.369055 0.120531 0.155846 0.811383 0.993001 0.190189 0.873557 0.0173316 0.0833716 
35 47 59 38 25 5 
0.69095 0.926452 0.844342 0.903908 0.570511 0.877559 0.878119 0.00549985 0.743172 0.00661734 0.510102 0.779704 0.703777 0.410867 0.408469 0.756023 0.374623 0.777524 0.876555 0.530469 0.588907 0.869555 0.720658 0.462463 0.886887 0.80403 0.0551553 0.377608 0.611666 0.770074 0.104085 0.302616 0.696526 0.948427 0.206524 0.267038 0.825986 0.0846428 0.272537 0.569158 0.0912602 0.782639 0.348862 0.795037 0.193506 0.757331 0.55106 0.568129 0.534855 0.427615 0.0985982 0.123762 0.29717 0.819256 0.586225 0.184057 0.623286 0.641381 0.561665 0.234952 0.411454 0.66575 0.537567 0.107981 
36 54 44 29 67 49 
0.647556 0.00932078 0.919994 0.430195 0.358182 0.715031 0.623701 0.115514 0.266091 0.191831 0.650369 0.693706 0.290429 0.774131 0.990877 0.109685 0.360357 0.174934 0.732971 0.00173741 0.736599 0.967923 0.413192 0.402349 0.505491 0.521172 0.0165255 0.249582 0.896191 0.456688 0.0783157 0.543746 0.466009 0.99831 0.973941 0.824191 0.713341 0.597642 0.939705 0.979432 0.789473 0.590074 0.673139 0.0799018 0.364205 0.664015 0.189587 0.724562 0.838949 0.922558 0.726299 0.575547 0.890482 0.139491 0.977896 0.395972 0.660664 0.994422 0.645554 0.556854 0.45111 0.72387 0.100601 0.917119 
37 9 39 20 28 46 
0.681015 0.414953 0.461657 0.27109 0.0880912 0.541559 0.635295 0.752106 0.731146 0.359857 0.591055 0.653704 0.0861563 0.166602 0.544186 0.225648 0.144499 0.940158 0.886311 0.138921 0.585713 0.443166 0.590031 0.309583 0.543766 0.50715 0.0317623 0.618308 0.24846 0.467283 0.290492 0.929476 0.882235 0.752149 0.200565 0.970327 0.293708 0.83586 0.722433 0.0248542 0.195717 0.313488 0.678559 0.281873 0.48009 0.222744 0.507521 0.624589 0.162903 0.393832 0.763509 0.748616 0.836998 0.35354 0.0581982 0.380765 0.86069 0.0899605 0.999073 0.10915 0.557243 0.289565 0.0386254 0.439478 
38 71 48 68 61 70 
0.132238 0.360277 0.270768 0.445725 0.0388352 0.552641 0.925815 0.26158 0.060162 0.550404 0.424482 0.453994 0.313914 0.173098 0.290993 0.667454 0.231296 0.671757 0.528144 0.321257 0.67083 0.637293 0.8785 0.960395 0.675919 0.317978 0.00210867 0.915109 0.727783 0.337531 0.99016 0.860021 0.697808 0.260928 0.305747 0.736643 0.813569 0.231562 0.998223 0.873731 0.781966 0.422705 0.327725 0.0958797 0.595803 0.618718 0.763333 0.827099 0.290475 0.291477 0.148356 0.961305 0.92877 0.0268559 0.921699 0.604689 0.344834 0.923808 0.519799 0.0726177 0.261339 0.509959 0.932639 0.959147 
39 33 69 35 38 67 
0.694012 0.458186 0.251914 0.116717 0.785911 0.347793 0.71252 0.404629 0.111127 0.53962 0.695104 0.402604 0.687976 0.656408 0.331374 0.714832 0.578108 0.936063 0.0596658 0.501916 0.455862 0.132284 0.763255 0.965821 0.0649224 0.722401 0.736707 0.303308 0.418191 0.321163 0.773255 0.112203 0.779348 0.025169 0.228921 0.565259 0.372962 0.941441 0.969888 0.484089 0.48106 0.664991 0.886693 0.169036 0.3214 0.218067 0.883868 0.899507 0.154131 0.943533 0.401423 0.609993 0.0758169 0.164677 0.575814 0.140739 0.887079 0.312521 0.444047 0.30527 0.633684 0.217303 0.417473 0.413032 
40 68 55 8 13 46 
0.948179 0.0995233 0.0688951 0.61317 0.986216 0.237931 0.93457 0.204283 0.121799 0.834077 0.358414 0.065332 0.2355 0.968406 0.141149 0.400177 0.54422 0.281888 0.287255 0.856741 0.725935 0.592525 0.490425 0.943238 0.00999827 0.903457 0.18571 0.656392 0.881748 0.801144 0.244227 0.829927 0.900667 0.313122 0.443097 0.886883 0.551053 0.377667 0.0911664 0.672851 0.211744 0.44958 0.738183 0.447244 0.417987 0.879332 0.84742 0.962207 0.16122 0.134676 0.818948 0.887156 0.727201 0.309373 0.830394 0.737199 0.21283 0.0161032 0.393591 0.0945776 0.817247 0.637818 0.924505 0.717914 
41 38 24 50 47 11 
0.174844 0.957013 0.145543 0.913027 0.404257 0.56353 0.792359 0.251677 0.525737 0.95358 0.386353 0.344685 0.840735 0.113554 0.654058 0.671129 0.850753 0.866888 0.687232 0.244344 0.961465 0.504479 0.882162 0.88597 0.222393 0.833102 0.253572 0.827189 0.335094 0.998841 0.523153 0.509938 0.955854 0.668696 0.422965 0.360111 0.232226 0.215324 0.611788 0.757963 0.168904 0.998141 0.102648 0.00963886 0.111695 0.756706 0.680768 0.962448 0.623594 0.368 0.206793 0.585059 0.872479 0.0889547 0.471029 0.0948715 0.922056 0.7246 0.922061 0.257151 0.723441 0.445213 0.767088 0.679295 
42 7 8 49 36 17 
0.651194 0.104099 0.574281 0.649335 0.206747 0.583919 0.76103 0.963453 0.264687 0.723478 0.587047 0.632687 0.93027 0.172106 0.505166 0.0192251 0.643134 0.600038 0.941282 0.367734 0.522098 0.198432 0.0911753 0.967312 0.96552 0.77047 0.0812211 0.155573 0.809876 0.427357 0.56095 0.461069 0.531455 0.135231 0.110404 0.738202 0.71915 0.871434 0.701656 0.983837 0.594912 0.288702 0.616525 0.525182 0.460808 0.121691 0.544407 0.103942 0.721728 0.485689 0.471676 0.243826 0.684121 0.562852 0.211138 0.649641 0.333322 0.292359 0.805214 0.143198 0.719716 0.366165 0.604267 0.251171 
43 27 28 39 56 47 
0.691029 0.204383 0.181016 0.979731 0.820908 0.706199 0.440539 0.942598 0.250606 0.544482 0.664326 0.736294 0.0161581 0.908153 0.420415 0.57901 0.119291 0.0700563 0.912332 0.41165 0.875271 0.0555294 0.131366 0.241435 0.659796 0.382537 0.742831 0.374467 0.371911 0.963376 0.960572 0.0629398 0.16776 0.141589 0.0426713 0.988667 0.847787 0.483211 0.931265 0.098393 0.0276923 0.595591 0.834687 0.0438505 0.503744 0.255103 0.62286 0.623034 0.325159 0.535192 0.0346843 0.200429 0.590721 0.16605 0.441865 0.250518 0.548587 0.184696 0.624985 0.920498 0.148072 0.585558 0.983438 0.315832 
44 69 29 40 41 70 
0.235764 0.673327 0.537012 0.831355 0.508014 0.580862 0.335099 0.763117 0.203723 0.958133 0.0882753 0.738915 0.992817 0.288705 0.329636 0.158867 0.73057 0.580154 0.707455 0.915265 0.205139 0.627952 0.0633376 0.790697 0.61139 0.379169 0.517843 0.637499 0.683668 0.0927772 0.146818 0.919432 0.766104 0.68383 0.750787 0.274118 0.264692 0.0858856 0.0372345 0.468415 0.0440187 0.12551 0.20733 0.0368361 0.414215 0.536966 0.195703 0.144784 0.11712 0.903158 0.0600498 0.322259 0.53111 0.123387 0.112956 0.1425 0.502557 0.630799 0.779999 0.186225 0.723576 0.926817 0.105657 0.48968 
45 70 73 44 49 19 
0.801033 0.343753 0.986348 0.926543 0.551083 0.0231841 0.340757 0.0880485 0.218888 0.485542 0.205168 0.122046 0.545592 0.527427 0.653156 0.668979 0.640383 0.795656 0.171536 0.271182 0.575654 0.357761 0.994759 0.502471 0.463417 0.484439 0.113117 0.319861 0.248238 0.988456 0.262191 0.0492705 0.332209 0.248539 0.975813 0.883292 0.271723 0.316571 0.971341 0.49061 0.802112 0.176509 0.612656 0.347704 0.703936 0.265812 0.0166829 0.344319 0.0614674 0.188219 0.615501 0.637122 0.545979 0.61026 0.139592 0.0093969 0.0946996 0.25271 0.329258 0.342937 0.241165 0.591449 0.392208 0.573374 
46 38 45 53 52 9 
0.428007 0.60232 0.486704 0.604516 0.214976 0.834408 0.308452 0.480788 0.851091 0.652771 0.542255 0.0393094 0.268272 0.179377 0.585289 0.878532 0.318969 0.594686 0.973232 0.571679 0.923944 0.316169 0.812844 0.515392 0.708377 0.386219 0.35538 0.076398 0.842885 0.46709 0.760989 0.270892 0.0694104 0.247693 0.875408 0.284387 0.0821009 0.183859 0.765175 0.933192 0.83663 0.30743 0.972501 0.104902 0.486807 0.55779 0.983435 0.805777 0.152475 0.956667 0.377456 0.0764192 0.272836 0.1903 0.591812 0.981213 0.576518 0.947192 0.0576112 0.419403 0.414282 0.818601 0.690295 0.483692 
47 0 49 73 56 9 
0.533254 0.0815864 0.586193 0.840684 0.0540874 0.691095 0.327491 0.611877 0.67453 0.133268 0.764353 0.631197 0.510723 0.840772 0.904033 0.701023 0.432583 0.885246 0.277541 0.379775 0.942857 0.696945 0.794057 0.761458 0.38724 0.277749 0.827752 0.952943 0.0458273 0.976147 0.702506 0.579081 0.0577331 0.288699 0.419765 0.11182 0.979794 0.747256 0.723698 0.654324 0.880524 0.48805 0.285521 0.391247 0.328822 0.189553 0.0922702 0.761405 0.0747995 0.369812 0.14118 0.0176568 0.0667566 0.935237 0.779115 0.453997 0.212985 0.606867 0.40694 0.258813 0.583013 0.109446 0.837894 0.640746 
48 47 31 15 19 16 
0.0322631 0.885438 0.964314 0.317784 0.276685 0.293136 0.507337 0.368955 0.0545413 0.582136 0.738767 0.195722 0.599793 0.805523 0.130958 0.378908 0.25952 0.343944 0.985775 0.666461 0.602756 0.568788 0.775907 0.44065 0.209534 0.174052 0.698308 0.962101 0.551991 0.703222 0.438365 0.584254 0.58866 0.402679 0.902038 0.865345 0.695816 0.409375 0.234301 0.750357 0.991511 0.973067 0.946078 0.591305 0.778591 0.0770368 0.970213 0.0381112 0.420981 0.955987 0.704572 0.023737 0.524775 0.480479 0.464387 0.734309 0.654531 0.162695 0.69641 0.206522 0.865917 0.134775 0.790776 0.454578 
49 57 38 44 68 18 
0.554224 0.983627 0.0937008 0.527291 0.929705 0.685005 0.305882 0.00674213 0.655218 0.343993 0.427723 0.611205 0.0485649 0.45146 0.13598 0.529043 0.915847 0.870289 0.183574 0.0785417 0.566699 0.390096 0.944459 0.701474 0.180872 0.399037 0.238929 0.873687 0.71896 0.472199 0.975876 0.273184 0.455826 0.0695769 0.800475 0.385531 0.754582 0.106357 0.392273 0.4098 0.45035 0.819996 0.0210052 0.498915 0.271456 0.156985 0.0279583 0.187302 0.0272743 0.211532 0.265844 0.593973 0.601628 0.210303 0.295448 0.782501 0.60934 0.534377 0.656188 0.3283 0.00657571 0.632064 0.601484 0.462402 
50 45 73 6 15 33 
0.866023 0.958665 0.0602024 0.887028 0.45758 0.331658 0.0440136 0.485538 0.518961 0.0712879 0.69707 0.784805 0.665261 0.298699 0.995108 0.960709 0.0811995 0.604448 0.495086 0.737387 0.932748 0.501662 0.369451 0.534232 0.964063 0.0710913 0.93619 0.811996 0.527314 0.444505 0.0522024 0.393337 0.40317 0.112405 0.280366 0.86075 0.444063 0.324379 0.346288 0.963024 0.395667 0.0433587 0.747828 0.0609285 0.342057 0.742936 0.0216377 0.423257 0.347384 0.516724 0.160644 0.280132 0.0183851 0.530095 0.814363 0.982448 0.601186 0.750554 0.794444 0.1285 0.195059 0.846647 0.521838 0.598229 
51 5 35 43 66 45 
0.805268 0.366138 0.52225 0.848627 0.113966 0.583178 0.190684 0.856902 0.604816 0.613941 0.204286 0.121539 0.774585 0.484417 0.139925 0.30468 0.298781 0.122373 0.905866 0.0493341 0.916817 0.0343661 0.244393 0.763464 0.556204 0.842622 0.722516 0.358407 0.301602 0.12563 0.484989 0.10687 0.491768 0.00723912 0.955496 0.605734 0.590417 0.146181 0.462636 0.195233 0.760122 0.666922 0.316773 0.534707 0.151339 0.456697 0.839386 0.45012 0.57907 0.745252 0.499454 0.495887 0.779618 0.743847 0.259352 0.335822 0.586469 0.981867 0.694229 0.888071 0.107497 0.179218 0.994941 0.599266 
52 33 67 66 45 34 
0.972108 0.85674 0.334559 0.288881 0.391446 0.485898 0.745578 0.230833 0.936017 0.324648 0.976085 0.435471 0.820536 0.755703 0.179318 0.0798872 0.0915255 0.765787 0.0617544 0.785755 0.653858 0.169252 0.964973 0.648799 0.768518 0.151431 0.599237 0.973518 0.928305 0.695855 0.641155 0.900414 0.552594 0.975713 0.189294 0.94404 0.461611 0.934873 0.174873 0.397628 0.259521 0.150958 0.833099 0.0800565 0.906661 0.0124169 0.159944 0.998187 0.778204 0.221698 0.783941 0.432062 0.39095 0.748914 0.0808617 0.159468 0.900345 0.680098 0.132986 0.82865 0.375953 0.77414 0.729064 0.928547 
53 69 58 43 19 25 
0.609092 0.112752 0.198419 0.442191 0.192809 0.10508 0.454608 0.352752 0.103267 0.232812 0.57445 0.887209 0.664874 0.9654 0.636123 0.745736 0.124868 0.536468 0.425834 0.257854 0.365119 0.801788 0.0319939 0.0941827 0.730335 0.781847 0.0125412 0.602923 0.993311 0.865772 0.650383 0.602403 0.978524 0.848802 0.0445943 0.171333 0.953883 0.499202 0.524085 0.0571499 0.732014 0.0985355 0.944359 0.396889 0.0639359 0.580482 0.142625 0.188804 0.11695 0.568459 0.446658 0.482069 0.370247 0.478652 0.576251 0.100582 0.260499 0.588793 0.703504 0.25381 0.454565 0.353888 0.856213 0.433089 
54 17 51 49 70 14 
0.128507 0.213722 0.132024 0.227043 0.158081 0.528913 0.290979 0.738563 0.671538 0.479783 0.855513 0.239997 0.92644 0.337582 0.610244 0.405092 0.913833 0.710826 0.66559 0.502625 0.41433 0.9194 0.95719 0.768218 0.775613 0.390279 0.970908 0.67642 0.994701 0.12748 0.07643 0.123209 0.341203 0.208454 0.350251 0.499284 0.737367 0.64123 0.237847 0.408904 0.121012 0.0933597 0.648901 0.0474524 0.430941 0.259145 0.452544 0.344774 0.96997 0.118135 0.847399 0.3843 0.0375349 0.80459 0.152518 0.813148 0.194869 0.123426 0.489569 0.18957 0.250906 0.565999 0.312779 0.592109 
55 7 11 57 47 18 
0.32924 0.920723 0.425272 0.422599 0.569624 0.472724 0.85354 0.828769 0.925269 0.198315 0.79874 0.0434031 0.0457139 0.18304 0.080938 0.850304 0.335558 0.894086 0.0451725 0.458984 0.383655 0.234743 0.70989 0.949653 0.547522 0.301999 0.724106 0.210552 0.393392 0.235925 0.514812 0.722631 0.156649 0.940084 0.145231 0.726273 0.412808 0.998771 0.555042 0.338077 0.197086 0.353782 0.38148 0.242799 0.536822 0.462418 0.093103 0.872381 0.356504 0.138275 0.331365 0.740158 0.373018 0.0412549 0.689812 0.92054 0.343254 0.413918 0.131092 0.736646 0.649843 0.645904 0.459277 0.806491 
56 30 73 74 9 33 
0.0878067 0.336872 0.800364 0.441589 0.718352 0.0431638 0.978411 0.180769 0.136267 0.850792 0.537273 0.274542 0.182157 0.277431 0.647561 0.223411 0.967243 0.568101 0.566665 0.381161 0.699193 0.303311 0.0310035 0.345097 0.762588 0.837495 0.931084 0.367096 0.370259 0.92988 0.970375 0.458066 0.266752 0.770739 0.899655 0.985103 0.813903 0.878066 0.165873 0.95017 0.728858 0.703146 0.224712 0.911014 0.980577 0.872273 0.134426 0.94782 0.440373 0.701091 0.328981 0.139566 0.00440256 0.359984 0.484663 0.766991 0.197479 0.415747 0.134087 0.567739 0.345627 0.104462 0.0258045 0.612379 
57 48 38 44 20 32 
0.639274 0.532383 0.466501 0.863986 0.443397 0.447078 0.736259 0.577823 0.394898 0.176632 0.278914 0.723879 0.316199 0.283317 0.0838634 0.800862 0.0503079 0.281343 0.216609 0.184395 0.849081 0.562236 0.288858 0.874886 0.174615 0.164059 0.800345 0.772097 0.853164 0.60387 0.535452 0.492438 0.136253 0.00195241 0.356425 0.579651 0.44903 0.0926838 0.157474 0.843928 0.269316 0.436388 0.567807 0.585515 0.719705 0.651671 0.386377 0.770013 0.933013 0.602985 0.954408 0.782095 0.165221 0.243266 0.65698 0.339836 0.407325 0.457325 0.111933 0.260488 0.0611957 0.647384 0.752927 0.197449 
58 27 57 18 44 30 
0.934573 0.942295 0.471351 0.370961 0.510102 0.0568663 0.0906659 0.161773 0.443243 0.860679 0.094786 0.0462282 0.815087 0.876881 0.211449 0.0583521 0.533861 0.551285 0.465677 0.991186 0.663218 0.726165 0.0523821 0.310602 0.479092 0.249831 0.959939 0.588443 0.0269305 0.0583057 0.790479 0.961504 0.000600736 0.26183 0.332465 0.510703 0.318696 0.423131 0.672476 0.761939 0.283809 0.767262 0.808168 0.0988957 0.644142 0.019617 0.157248 0.178003 0.570902 0.622924 0.16919 0.23412 0.34909 0.221572 0.544722 0.828182 0.471403 0.504661 0.416625 0.498333 0.562966 0.207104 0.459837 0.563567 
59 8 60 70 66 41 
0.746746 0.54957 0.499241 0.514008 0.357737 0.598137 0.15815 0.377354 0.755385 0.336153 0.948256 0.378309 0.505343 0.182376 0.727399 0.726914 0.727098 0.55558 0.198317 0.231759 0.972205 0.69665 0.794726 0.179309 0.156487 0.358293 0.648243 0.948789 0.432563 0.435873 0.164221 0.179309 0.985443 0.663462 0.693316 0.34318 0.261599 0.851466 0.720534 0.0169836 0.187619 0.66879 0.395293 0.692962 0.851167 0.122692 0.419876 0.578265 0.678272 0.618194 0.810024 0.650477 0.314844 0.60475 0.829786 0.471331 0.963043 0.478029 0.42012 0.395606 0.913902 0.584341 0.574915 0.899345 
60 49 17 51 13 33 
0.631849 0.921679 0.000278263 0.483016 0.0443702 0.420155 0.0612808 0.722642 0.0383483 0.871305 0.373119 0.353192 0.476055 0.202906 0.824524 0.439097 0.680935 0.244644 0.834703 0.594838 0.828986 0.409618 0.494183 0.0767889 0.677848 0.736708 0.586191 0.797546 0.699767 0.112577 0.104862 0.331616 0.0342558 0.10514 0.814632 0.078626 0.525295 0.875913 0.801268 0.563643 0.747218 0.174388 0.916836 0.223272 0.377293 0.74136 0.662369 0.0582286 0.986004 0.497072 0.653066 0.81499 0.90669 0.147249 0.891778 0.584538 0.883957 0.47797 0.382084 0.583724 0.590547 0.486946 0.91534 0.624803 
61 12 58 74 11 48 
0.504697 0.681024 0.353102 0.679084 0.59786 0.576374 0.0563778 0.339219 0.238743 0.114606 0.325223 0.735816 0.767673 0.140213 0.642505 0.914922 0.0319912 0.227044 0.798878 0.509961 0.609128 0.382602 0.100508 0.0960736 0.297941 0.72531 0.68816 0.0279129 0.428739 0.80554 0.633797 0.933436 0.486564 0.986899 0.61252 0.0844239 0.563272 0.668898 0.423643 0.802016 0.783504 0.748866 0.537831 0.551177 0.889079 0.180337 0.466098 0.92107 0.407381 0.264977 0.431031 0.0165083 0.647578 0.531539 0.112582 0.94552 0.256849 0.800741 0.973433 0.685588 0.606282 0.60723 0.619023 0.092846 
62 73 64 18 54 30 
0.600913 0.959416 0.683945 0.349779 0.497248 0.235122 0.238858 0.677584 0.70122 0.159928 0.0849648 0.966197 0.59096 0.101473 0.613775 0.122498 0.214055 0.559295 0.379348 0.0147965 0.532728 0.0649355 0.621078 0.139957 0.683959 0.713924 0.734085 0.915502 0.891194 0.891486 0.815943 0.492107 0.850903 0.499888 0.841886 0.34815 0.73501 0.0807448 0.0257345 0.43623 0.240673 0.110699 0.402427 0.831633 0.212172 0.0162022 0.954131 0.426228 0.575497 0.333479 0.441024 0.108225 0.398414 0.0621024 0.248182 0.0823732 0.776027 0.982267 0.997876 0.667221 0.873753 0.813819 0.159328 0.724656 
63 40 38 24 73 59 
0.0985406 0.484948 0.322633 0.20924 0.887375 0.154266 0.421412 0.903577 0.108397 0.84764 0.479074 0.441876 0.288664 0.587298 0.84029 0.350766 0.83548 0.922663 0.126793 0.817747 0.920539 0.794014 0.691501 0.734357 0.953342 0.416157 0.0480646 0.954557 0.488963 0.0967819 0.0365164 0.587503 0.58173 0.359149 0.796743 0.469104 0.513415 0.218156 0.372681 0.621812 0.0657955 0.851755 0.0636873 0.354459 0.439053 0.903977 0.705226 0.274533 0.82664 0.832019 0.0922806 0.747179 0.626033 0.783781 0.481537 0.579375 0.199938 0.529601 0.533932 0.688901 0.626383 0.570448 0.276404 0.208113 
64 51 61 50 33 45 
0.0498976 0.0648239 0.357098 0.901652 0.128511 0.711558 0.340706 0.0324884 0.416784 0.615239 0.859129 0.248802 0.707519 0.606308 0.874835 0.491301 0.0878444 0.45421 0.691239 0.617446 0.988143 0.380139 0.243829 0.558591 0.656543 0.451941 0.488189 0.729691 0.129158 0.931201 0.0209936 0.179055 0.996025 0.378092 0.0807078 0.124536 0.0896498 0.421413 0.157025 0.506433 0.0366522 0.0161533 0.755236 0.744172 0.622461 0.630071 0.235472 0.710306 0.0842816 0.926711 0.327751 0.0724241 0.30685 0.57158 0.631015 0.963394 0.0235209 0.119204 0.693085 0.152679 0.0504047 0.714078 0.331734 0.0464295 
65 72 25 57 21 28 
0.688253 0.870508 0.344143 0.443489 0.614679 0.966605 0.0735603 0.850152 0.67691 0.157842 0.776863 0.00466119 0.230266 0.0837132 0.576241 0.861281 0.0471071 0.599762 0.980485 0.740192 0.752441 0.0308895 0.45427 0.0841748 0.077319 0.54644 0.496617 0.248285 0.72826 0.330472 0.576275 0.416513 0.20098 0.920418 0.860002 0.815659 0.887023 0.933562 0.665811 0.563933 0.0914042 0.442674 0.568594 0.32167 0.526387 0.144835 0.182951 0.573494 0.744597 0.163436 0.313686 0.497037 0.194326 0.767955 0.581212 0.271645 0.314395 0.0778292 0.519929 0.0426547 0.408302 0.0962041 0.459168 0.609282 
66 13 73 31 1 62 
0.0907522 0.467578 0.344136 0.533426 0.0361721 0.665806 0.0598132 0.181007 0.848757 0.633307 0.925604 0.0121935 0.946993 0.422641 0.206519 0.714949 0.00385346 0.478164 0.0293437 0.0816826 0.998093 0.0719984 0.489984 0.0942972 0.531166 0.0992659 0.110919 0.850335 0.524207 0.0145646 0.103067 0.614959 0.482143 0.447203 0.148385 0.518315 0.113009 0.208198 0.699322 0.961767 0.841506 0.624926 0.97396 0.788499 0.0475669 0.180479 0.503448 0.0514204 0.658643 0.532791 0.133103 0.656736 0.60479 0.623087 0.751033 0.135956 0.722353 0.861953 0.986291 0.24656 0.876518 0.0893586 0.861519 0.35866 
67 38 18 56 42 64 
0.576297 0.611338 0.0596087 0.201222 0.585298 0.848108 0.248789 0.765778 0.351555 0.30021 0.424421 0.884347 0.433313 0.0811573 0.489137 0.0564 0.832191 0.625092 0.778753 0.694144 0.611384 0.0253132 0.570661 0.700742 0.886832 0.929321 0.237304 0.896737 0.806296 0.886875 0.11484 0.382593 0.498213 0.174448 0.583815 0.0835116 0.0225559 0.832605 0.849289 0.374111 0.132815 0.27371 0.258458 0.566127 0.354868 0.747595 0.622527 0.187059 0.372687 0.40128 0.881202 0.984071 0.426594 0.451864 0.684813 0.313426 0.381185 0.922117 0.210163 0.187481 0.808992 0.325002 0.570074 0.307205 
68 36 49 53 38 43 
0.240006 0.896118 0.119309 0.513717 0.154576 0.685437 0.868585 0.902171 0.307964 0.0556432 0.274858 0.709244 0.936846 0.258928 0.135838 0.388709 0.943741 0.449264 0.769894 0.865858 0.659427 0.957375 0.67485 0.984429 0.52745 0.982055 0.48388 0.68134 0.372772 0.00588605 0.667834 0.612779 0.902004 0.787143 0.126495 0.0565798 0.47258 0.99508 0.95875 0.780544 0.0507232 0.233608 0.489788 0.987569 0.492536 0.625626 0.376278 0.436278 0.0748903 0.146172 0.302136 0.734317 0.103547 0.976986 0.718746 0.630997 0.959041 0.202626 0.312336 0.331813 0.208512 0.980171 0.944592 0.110516 
69 63 57 33 62 6 
0.020438 0.11689 0.359454 0.510226 0.104459 0.85199 0.135853 0.480737 0.288268 0.210743 0.626909 0.590403 0.94506 0.730456 0.567389 0.663806 0.361453 0.52643 0.866432 0.673789 0.858243 0.0749432 0.65396 0.802834 0.185459 0.421274 0.873921 0.352554 0.661168 0.940088 0.4784 0.681606 0.0569781 0.837854 0.191833 0.161437 0.689844 0.327685 0.642174 0.978112 0.538428 0.269082 0.568515 0.483488 0.999538 0.135904 0.147294 0.360991 0.662334 0.0137251 0.0347803 0.520576 0.0886683 0.68874 0.323411 0.274127 0.110014 0.197332 0.626681 0.771182 0.13742 0.105081 0.452789 0.194398 
70 17 45 2 3 20 
0.61089 0.510734 0.267091 0.179405 0.994222 0.266629 0.315309 0.141515 0.62762 0.977643 0.15524 0.662401 0.498219 0.243909 0.351141 0.82163 0.518036 0.461155 0.0189615 0.144717 0.232338 0.156381 0.249798 0.685126 0.350779 0.192733 0.329748 0.706614 0.825512 0.302054 0.704622 0.436402 0.812788 0.971713 0.615807 0.80701 0.238343 0.931117 0.948525 0.865963 0.90876 0.103766 0.528364 0.406979 0.347674 0.879505 0.228609 0.86571 0.34066 0.24757 0.0104272 0.572998 0.403951 0.260225 0.258124 0.75473 0.452958 0.587872 0.461344 0.27847 0.889926 0.165966 0.714872 0.702714 
71 29 30 42 10 26 
0.458249 0.241986 0.170555 0.562015 0.77035 0.577534 0.90969 0.649855 0.806143 0.7754 0.990515 0.0537133 0.785827 0.563513 0.457665 0.0460523 0.821638 0.212395 0.49901 0.40951 0.673739 0.77748 0.299435 0.839705 0.492352 0.00214948 0.977385 0.823031 0.511873 0.353408 0.0848263 0.970123 0.595394 0.255382 0.532138 0.365744 0.832916 0.441827 0.0155989 0.639059 0.217227 0.00611406 0.692773 0.00305414 0.569627 0.150437 0.0491065 0.391265 0.362832 0.548117 0.800774 0.0365712 0.325597 0.10021 0.876277 0.817948 0.102359 0.853662 0.640979 0.614233 0.20707 0.725805 0.584355 0.802464 
72 66 41 35 26 45 
0.183806 0.453163 0.775547 0.189921 0.145935 0.778602 0.759548 0.296373 0.827708 0.150812 0.659205 0.375825 0.951587 0.695776 0.701422 0.0517964 0.572053 0.51937 0.154156 0.425714 0.160349 0.768388 0.632784 0.886154 0.352743 0.435248 0.867341 0.469236 0.603455 0.681444 0.0275568 0.787262 0.134607 0.803104 0.977182 0.280542 0.581706 0.73673 0.576915 0.409414 0.887543 0.23612 0.785239 0.839129 0.931896 0.48666 0.890926 0.503948 0.00603033 0.0450811 0.929663 0.166379 0.813469 0.562447 0.0525334 0.166213 0.997694 0.919875 0.635449 0.60115 0.601319 0.663006 0.388412 0.735926 
73 60 36 56 18 25 
0.593382 0.45723 0.989866 0.829502 0.242468 0.828996 0.761397 0.729128 0.719921 0.265345 0.735159 0.765002 0.195008 0.901538 0.578472 0.757455 0.954072 0.744684 0.755149 0.873946 0.380133 0.356299 0.475265 0.0431394 0.74471 0.21119 0.50925 0.110304 0.227658 0.557066 0.212628 0.82104 0.0142951 0.202495 0.650542 0.256763 0.0314902 0.411939 0.985892 0.751411 0.677284 0.72105 0.516414 0.872292 0.622589 0.0948851 0.629747 0.57666 0.839569 0.384896 0.450606 0.219703 0.741195 0.925871 0.262842 0.485905 0.137061 0.772092 0.596209 0.364719 0.329157 0.808837 0.185759 0.343452 
74 57 33 67 37 68 
0.586108 0.794233 0.925524 0.307158 0.310647 0.797817 0.929747 0.405532 0.427564 0.506407 0.245102 0.81246 0.957013 0.464804 0.553655 0.882884 0.727647 0.0395598 0.0199447 0.499738 0.635769 0.384664 0.828896 0.444606 0.570423 0.172348 0.455938 0.406724 0.772564 0.49876 0.654963 0.358672 0.292994 0.580488 0.66583 0.603641 0.378304 0.595576 0.00917289 0.805868 0.101983 0.254274 0.618328 0.0589953 0.719079 0.171982 0.941879 0.446725 0.211542 0.961823 0.946464 0.847311 0.346487 0.775359 0.291918 0.91691 0.947708 0.747856 0.323634 0.720272 0.246616 0.978597 0.0789432 0.53961 
