68 4
1 1 0 1 1 1 0 0 0 1 0 0 1 1 1 0 0 1 0 0 1 0 0 1 0 1 0 0 0 1 0 0 1 1 0 0 1 0 1 0 0 0 1 0 1 0 1 0 0 0 0 0 1 1 0 1 1 1 0 0 0 1 1 0 1 1 1 1 
0 55 48 16 
0.264197 0.0617429 0.560013 0.57867 0.531885 0.70632 0.944013 0.192329 0.530782 0.517572 0.640863 0.642985 0.809615 0.26948 0.0780722 0.904103 
1 55 28 18 
0.953198 0.0488017 0.388171 0.807814 0.779688 0.754264 0.133885 0.286646 0.832516 0.385568 0.679185 0.828062 0.649766 0.740928 0.388075 0.228436 
2 21 53 26 
0.465142 0.625178 0.690021 0.106005 0.268162 0.499637 0.375485 0.346234 0.40374 0.103533 0.405836 0.472396 0.0567311 0.454637 0.860567 0.864545 
3 63 0 47 
0.520972 0.447346 0.383999 0.200157 0.275408 0.0337648 0.941085 0.663483 0.262201 0.213898 0.757879 0.43465 0.679039 0.383057 0.124671 0.785044 
4 25 41 15 
0.997453 0.0280479 0.264062 0.403289 0.500444 0.320794 0.857926 0.361011 0.185339 0.0922516 0.975842 0.18377 0.613223 0.423188 0.567769 0.81338 
5 22 0 34 
0.36208 0.863734 0.968362 0.119959 0.298384 0.647401 0.503016 0.423055 0.432446 0.154234 0.0473634 0.592975 0.151688 0.0754113 0.857037 0.554977 
6 54 63 66 
0.936867 0.36317 0.505155 0.912708 0.546939 0.118378 0.335896 0.114708 0.931758 0.0344925 0.716242 0.686222 0.396572 0.579976 0.654585 0.516531 
7 19 32 20 
0.301416 0.734431 0.173781 0.34878 0.327406 0.325469 0.424191 0.184443 0.880445 4.61969e-05 0.362274 0.293348 0.936913 0.725444 0.798503 0.849621 
8 35 26 13 
0.387091 0.848638 0.22001 0.103333 0.534861 0.616582 0.683309 0.189445 0.133113 0.56167 0.491431 0.15266 0.863086 0.225863 0.326441 0.211866 
9 22 41 38 
0.737712 0.532355 0.636103 0.0999866 0.825704 0.573015 0.82543 0.624207 0.422636 0.0978134 0.541088 0.608154 0.484904 0.389726 0.828163 0.588237 
10 60 53 54 
0.114032 0.577859 0.833216 0.605464 0.730519 0.696302 0.831327 0.0569599 0.908168 0.384596 0.70887 0.544224 0.122308 0.241225 0.180327 0.222295 
11 34 40 26 
0.691136 0.175978 0.145538 0.232224 0.784132 0.630443 0.62195 0.612295 0.21868 0.546537 0.0570407 0.490227 0.660569 0.634899 0.323443 0.266033 
12 1 29 50 
0.422378 0.927914 0.481955 0.131248 0.472138 0.604263 0.372473 0.652465 0.826558 0.439402 0.405807 0.874283 0.130538 0.581785 0.019821 0.362762 
13 65 61 36 
0.978213 0.868944 0.531248 0.0352535 0.359171 0.191817 0.670153 0.682614 0.45785 0.035571 0.70236 0.555209 0.457949 0.630273 0.037164 0.589197 
14 31 13 7 
0.754876 0.467984 0.401072 0.160683 0.342267 0.53161 0.742469 0.362088 0.894372 0.108386 0.0123518 0.879083 0.0865987 0.881296 0.410331 0.121852 
15 23 14 36 
0.923081 0.0599983 0.827576 0.625441 0.615207 0.285525 0.255714 0.652371 0.874722 0.358125 0.293798 0.836392 0.113001 0.761783 0.237464 0.273684 
16 55 20 65 
0.466138 0.663446 0.124539 0.47849 0.542529 0.211138 0.359785 0.95286 0.33299 0.600252 0.555009 0.124995 0.523333 0.615007 0.952571 0.148773 
17 67 48 57 
0.882586 0.112817 0.762612 0.176384 0.949209 0.875614 0.938167 0.186673 0.149298 0.0422166 0.955746 0.165451 0.508354 0.619192 0.28999 0.986844 
18 33 45 30 
0.114581 0.834117 0.946881 0.66959 0.959112 0.470214 0.284597 0.911683 0.618988 0.514812 0.149778 0.0234751 0.397398 0.262596 0.786088 0.573782 
19 16 46 30 
0.398477 0.810999 0.554165 0.354224 0.97645 0.0625196 0.973415 0.26644 0.0493634 0.135136 0.767567 0.395993 0.249717 0.601684 0.342874 0.919307 
20 17 55 27 
0.472479 0.432076 0.718716 0.622257 0.455551 0.116113 0.884853 0.241639 0.689895 0.0966576 0.90334 0.201844 0.495135 0.71434 0.756009 0.849359 
21 7 15 19 
0.95723 0.867892 0.95791 0.724798 0.263885 0.207628 0.326482 0.606759 0.126935 0.887278 0.419847 0.330839 0.359757 0.851923 0.049555 0.982014 
22 20 2 38 
0.549113 0.855563 0.963524 0.452453 0.0574073 0.458659 0.166793 0.813416 0.308017 0.857583 0.631945 0.130791 0.814813 0.499837 0.0887016 0.539611 
23 7 28 14 
0.370481 0.423264 0.753371 0.790328 0.754103 0.113127 0.642251 0.803658 0.0951409 0.949725 0.969326 0.962007 0.498838 0.82489 0.925531 0.951291 
24 51 6 41 
0.695714 0.692207 0.975667 0.327659 0.822999 0.79048 0.827496 0.9117 0.330091 0.591218 0.208029 0.196183 0.961699 0.631293 0.949554 0.752027 
25 18 11 51 
0.189055 0.157822 0.344002 0.158381 0.11983 0.84284 0.983271 0.0453606 0.79413 0.865568 0.429551 0.912214 0.561282 0.121758 0.887881 0.888941 
26 67 42 62 
0.856457 0.00845093 0.307656 0.0644862 0.204634 0.269355 0.69578 0.154188 0.0213813 0.0811761 0.21687 0.415659 0.270231 0.374692 0.759661 0.428612 
27 53 14 42 
0.539882 0.39663 0.277451 0.969433 0.308844 0.838733 0.0911907 0.196725 0.727674 0.0359473 0.875085 0.444111 0.892404 0.883536 0.751766 0.95689 
28 61 15 36 
0.242359 0.0425023 0.733846 0.459229 0.458161 0.00407673 0.833921 0.217821 0.432688 0.328443 0.820321 0.844571 0.868325 0.216952 0.122022 0.837758 
29 4 35 13 
0.722521 0.688428 0.964896 0.597606 0.132539 0.8573 0.481143 0.884305 0.81419 0.569313 0.905426 0.46686 0.811672 0.947929 0.200706 0.270901 
30 15 27 13 
0.623911 0.637471 0.433264 0.444232 0.482042 0.301589 0.661184 0.604064 0.139347 0.186981 0.564819 0.0682952 0.909502 0.253247 0.0331908 0.507108 
31 61 52 64 
0.270092 0.704681 0.557564 0.175518 0.171541 0.369236 0.123447 0.372247 0.640137 0.529536 0.57703 0.744959 0.153447 0.214501 0.178223 0.59768 
32 36 51 8 
0.300608 0.619159 0.445845 0.865427 0.687454 0.355347 0.118674 0.720645 0.862455 0.50446 0.611136 0.850706 0.774551 0.315817 0.40827 0.950069 
33 15 58 11 
0.859604 0.417644 0.603052 0.436634 0.162602 0.7565 0.651136 0.340826 0.35418 0.347679 0.820638 0.613044 0.648287 0.439797 0.0588883 0.513714 
34 42 44 54 
0.847896 0.27669 0.136847 0.459032 0.127396 0.911398 0.774849 0.535666 0.861468 0.262206 0.313172 0.934984 0.12181 0.730816 0.538036 0.558445 
35 51 49 15 
0.234244 0.648715 0.55726 0.0548818 0.261759 0.205547 0.494679 0.320647 0.71926 0.62193 0.734882 0.351648 0.469826 0.0115718 0.488495 0.928858 
36 6 56 15 
0.26136 0.965913 0.987805 0.196344 0.0877233 0.718621 0.73438 0.646168 0.612039 0.0289163 0.855749 0.846283 0.677632 0.413008 0.901165 0.939391 
37 12 60 52 
0.337815 0.0177737 0.99492 0.689463 0.4876 0.00649183 0.177958 0.416458 0.145459 0.57785 0.120165 0.820092 0.839211 0.0860783 0.807898 0.035555 
38 52 43 18 
0.81997 0.138558 0.798852 0.675718 0.984841 0.476483 0.0887266 0.886006 0.415874 0.707282 0.28185 0.675912 0.0450972 0.299623 0.670832 0.73456 
39 16 38 66 
0.203682 0.822783 0.490368 0.323847 0.642875 0.329579 0.409926 0.450773 0.365134 0.583727 0.977291 0.135069 0.403697 0.115849 0.933921 0.0794152 
40 22 48 36 
0.986696 0.826278 0.875424 0.268546 0.50219 0.920521 0.56817 0.173022 0.655081 0.355393 0.850346 0.567599 0.559075 0.673129 0.0579667 0.882922 
41 35 44 10 
0.766777 0.752679 0.876575 0.744068 0.887749 0.280272 0.859917 0.82167 0.359688 0.960608 0.232074 0.527829 0.947304 0.0583518 0.403253 0.21585 
42 14 13 45 
0.733564 0.978855 0.139413 0.583909 0.546454 0.698488 0.257038 0.60442 0.581411 0.573042 0.991966 0.874259 0.339818 0.744645 0.750834 0.0838866 
43 19 59 4 
0.454064 0.390794 0.904412 0.686137 0.918624 0.851716 0.744489 0.321877 0.0675666 0.305031 0.645651 0.851587 0.0385945 0.624506 0.991 0.622504 
44 21 30 39 
0.775379 0.270899 0.452584 0.767345 0.145158 0.792402 0.511991 0.895992 0.876289 0.144385 0.927099 0.820093 0.598448 0.317893 0.724504 0.284586 
45 39 58 19 
0.558393 0.643787 0.334106 0.204044 0.495374 0.3727 0.828549 0.486374 0.995204 0.999508 0.175862 0.874746 0.774888 0.44676 0.327329 0.542233 
46 4 50 31 
0.48791 0.99602 0.198609 0.415009 0.816112 0.797057 0.732901 0.540617 0.081643 0.969418 0.116838 0.110718 0.527811 0.760625 0.444823 0.731855 
47 51 19 35 
0.742372 0.812728 0.559912 0.918233 0.687473 0.3348 0.364994 0.0148027 0.877034 0.956912 0.134534 0.931258 0.444822 0.130554 0.129866 0.85983 
48 38 28 49 
0.487283 0.00856665 0.562149 0.604121 0.119284 0.0899601 0.364746 0.564108 0.821815 0.620744 0.381631 0.382219 0.363116 0.194359 0.942131 0.281349 
49 3 14 20 
0.896635 0.153965 0.603255 0.0311692 0.0852225 0.0480768 0.161723 0.215089 0.907907 0.108389 0.142013 0.500639 0.595673 0.150579 0.0627879 0.199794 
50 47 44 4 
0.833971 0.974563 0.185283 0.215603 0.356782 0.548399 0.409962 0.298913 0.829748 0.291794 0.575844 0.476092 0.188429 0.729809 0.0793468 0.219599 
51 27 66 8 
0.0301207 0.0353307 0.489711 0.172133 0.535969 0.0853838 0.322712 0.598757 0.285177 0.592576 0.751505 0.849716 0.426548 0.726068 0.0349996 0.64215 
52 18 47 26 
0.381763 0.413147 0.343906 0.957607 0.889239 0.532336 0.687416 0.968586 0.751934 0.502448 0.0960094 0.133256 0.532569 0.13134 0.622967 0.704702 
53 26 12 23 
0.266067 0.993528 0.61999 0.0175721 0.843245 0.0465379 0.74364 0.878244 0.688688 0.82649 0.461643 0.7408 0.208252 0.87479 0.0847069 0.165859 
54 45 18 15 
0.732615 0.368977 0.355723 0.828624 0.502233 0.888292 0.959964 0.1252 0.592994 0.627274 0.83355 0.620408 0.89334 0.827079 0.240398 0.910912 
55 44 36 50 
0.548567 0.975625 0.481042 0.0102101 0.716425 0.689295 0.885 0.801132 0.855154 0.649029 0.418175 0.70843 0.381643 0.787151 0.064153 0.210267 
56 55 26 50 
0.414584 0.545439 0.797505 0.248134 0.165846 0.690845 0.0752128 0.406245 0.601757 0.745536 0.693181 0.25631 0.294103 0.668806 0.737352 0.304313 
57 33 38 50 
0.186363 0.281802 0.838342 0.604537 0.990231 0.219986 0.391688 0.0543844 0.430253 0.681073 0.0068293 0.600484 0.0956565 0.552268 0.397989 0.343791 
58 63 13 11 
0.124359 0.690591 0.16454 0.81754 0.946901 0.458643 0.486346 0.684254 0.762956 0.871576 0.110901 0.95227 0.0579388 0.392703 0.790612 0.662476 
59 23 20 2 
0.437319 0.440851 0.735237 0.444148 0.041335 0.830894 0.996416 0.439324 0.174684 0.71453 0.528158 0.593688 0.838889 0.21875 0.758227 0.656429 
60 52 8 25 
0.849905 0.979826 0.0143514 0.960806 0.932096 0.0722903 0.353509 0.722708 0.734766 0.736443 0.733306 0.788931 0.173761 0.174157 0.524168 0.617909 
61 37 42 34 
0.654816 0.529745 0.328855 0.182974 0.123433 0.167744 0.401723 0.881661 0.824173 0.567374 0.0985307 0.966948 0.417279 0.0783572 0.9813 0.378085 
62 66 49 8 
0.733162 0.788356 0.468037 0.466468 0.577287 0.641798 0.640625 0.101454 0.259707 0.856116 0.456515 0.874032 0.510932 0.986261 0.202887 0.693906 
63 28 20 26 
0.991355 0.194804 0.663004 0.0898853 0.161752 0.0802827 0.168242 0.143052 0.458368 0.178696 0.196642 0.189961 0.911858 0.984999 0.657998 0.378325 
64 67 25 38 
0.559503 0.875066 0.120255 0.433535 0.385999 0.106516 0.636421 0.0799046 0.21621 0.00705221 0.175534 0.207565 0.201856 0.838538 0.29745 0.363609 
65 51 17 59 
0.377188 0.644388 0.703303 0.567149 0.556246 0.688302 0.225147 0.934571 0.250587 0.524943 0.953521 0.914327 0.084446 0.828587 0.0345821 0.517981 
66 54 21 63 
0.357308 0.161454 0.470025 0.564873 0.363311 0.308562 0.862323 0.726919 0.227382 0.328015 0.23358 0.60457 0.972403 0.936884 0.171719 0.528649 
67 64 3 23 
0.875773 0.92181 0.416741 0.7901 0.00625575 0.245329 0.824682 0.524236 0.459915 0.96578 0.678639 0.754406 0.323088 0.840093 0.22443 0.887961 
