50 4
0 0 1 1 1 0 0 1 0 0 1 0 0 1 1 1 1 1 1 0 1 0 0 1 0 0 1 0 0 1 0 1 1 0 0 1 1 1 1 0 1 1 1 0 0 1 1 0 0 1 
0 42 49 27 
0.672118 0.504564 0.369745 0.543808 0.990029 0.964544 0.0898647 0.531968 0.900118 0.456476 0.171252 0.932547 0.286415 0.10693 0.945195 0.136123 
1 31 26 32 
0.745614 0.126556 0.33965 0.639057 0.123992 0.158885 0.3382 0.178411 0.0729739 0.362334 0.799519 0.15408 0.0344522 0.304083 0.523825 0.57826 
2 26 30 44 
0.82608 0.388487 0.124601 0.997332 0.321034 0.411016 0.104262 0.266229 0.547139 0.090708 0.711934 0.583999 0.836322 0.83849 0.923649 0.475379 
3 36 4 38 
0.140893 0.155509 0.175913 0.940412 0.309589 0.210365 0.244495 0.833414 0.788625 0.538608 0.321783 0.45675 0.364688 0.710271 0.58135 0.36202 
4 30 6 40 
0.297534 0.539504 0.556991 0.00946837 0.123503 0.393313 0.847958 0.0471527 0.868692 0.81044 0.129687 0.682272 0.951332 0.285196 0.858185 0.891744 
5 47 3 28 
0.428199 0.857175 0.674847 0.749982 0.313925 0.0395355 0.460253 0.895275 0.401556 0.491558 0.887641 0.867838 0.789092 0.427146 0.424829 0.798561 
6 31 20 44 
0.597802 0.686834 0.456959 0.727489 0.369106 0.408291 0.0126852 0.227291 0.300035 0.60747 0.295841 0.436275 0.0356689 0.153017 0.111122 0.785651 
7 13 15 40 
0.362217 0.552214 0.737462 0.249858 0.420052 0.526554 0.677003 0.844881 0.325115 0.227652 0.663023 0.971634 0.825454 0.349858 0.428593 0.552943 
8 30 32 35 
0.946255 0.136919 0.173098 0.242096 0.573194 0.208767 0.395113 0.684316 0.994419 0.862054 0.834974 0.240323 0.224271 0.387188 0.977785 0.474129 
9 2 32 1 
0.652122 0.829455 0.378785 0.315145 0.801089 0.204239 0.665002 0.229681 0.757182 0.383966 0.0665647 0.32281 0.330221 0.203484 0.495909 0.572317 
10 31 12 8 
0.460994 0.699095 0.829484 0.295969 0.939418 0.0537551 0.683157 0.917203 0.527884 0.490397 0.421542 0.679017 0.142519 0.250997 0.0578013 0.457664 
11 48 15 19 
0.281767 0.0192221 0.506632 0.348331 0.342033 0.836853 0.551815 0.837941 0.40917 0.328493 0.542617 0.3766 0.789487 0.241712 0.206084 0.0854562 
12 9 37 20 
0.0983326 0.787723 0.25901 0.519875 0.46674 0.401529 0.770872 0.524541 0.859192 0.822958 0.786581 0.981858 0.104724 0.805803 0.488491 0.453056 
13 30 42 22 
0.985777 0.734514 0.333364 0.528395 0.111114 0.122851 0.770107 0.317199 0.208308 0.951237 0.577038 0.97692 0.0495694 0.364761 0.235931 0.569444 
14 24 23 31 
0.356042 0.496652 0.163274 0.142623 0.47851 0.267999 0.948427 0.967001 0.721055 0.0962629 0.292345 0.725926 0.0820401 0.0268594 0.0592896 0.610435 
15 10 34 9 
0.455173 0.390448 0.331779 0.0322103 0.367369 0.381348 0.396972 0.603299 0.950792 0.228473 0.240759 0.291109 0.584515 0.737411 0.454384 0.727138 
16 47 49 14 
0.182922 0.443437 0.771828 0.475267 0.169363 0.853868 0.502127 0.228653 0.464303 0.6401 0.410794 0.844845 0.095273 0.801242 0.176624 0.127483 
17 5 15 41 
0.77191 0.508764 0.752927 0.0126694 0.799873 0.337442 0.75008 0.254257 0.0645804 0.966001 0.97664 0.740146 0.148923 0.420077 0.511974 0.62419 
18 26 23 7 
0.830145 0.766417 0.228886 0.67499 0.86169 0.0301283 0.851613 0.989174 0.198739 0.409585 0.513628 0.97065 0.918349 0.266556 0.983319 0.718222 
19 8 39 49 
0.949119 0.408724 0.848323 0.369195 0.920698 0.472513 0.958635 0.28654 0.59883 0.776728 0.116685 0.365248 0.00561426 0.791674 0.226938 0.0357425 
20 22 47 28 
0.0528726 0.72974 0.205131 0.971222 0.996296 0.188451 0.689444 0.600294 0.92185 0.661923 0.268872 0.62125 0.611041 0.677597 0.469573 0.980237 
21 17 5 37 
0.884834 0.540917 0.7156 0.00151847 0.906165 0.721214 0.793193 0.133102 0.756957 0.436481 0.349214 0.991439 0.489353 0.0789539 0.19657 0.460575 
22 19 8 29 
0.30687 0.811941 0.944416 0.92812 0.422982 0.622013 0.397693 0.403219 0.220307 0.33978 0.342091 0.105141 0.880697 0.0576907 0.10666 0.786861 
23 41 12 19 
0.535862 0.336333 0.269178 0.5273 0.825686 0.348132 0.72387 0.286261 0.423381 0.108891 0.436279 0.0989251 0.415761 0.24822 0.0433413 0.343882 
24 11 49 33 
0.0744208 0.885661 0.0813549 0.416512 0.990802 0.962052 0.474202 0.0974618 0.748913 0.253107 0.997314 0.668877 0.788969 0.333647 0.938055 0.31627 
25 10 49 19 
0.445594 0.709568 0.149031 0.881873 0.808493 0.564793 0.130093 0.851834 0.908674 0.801295 0.517189 0.650249 0.875715 0.40285 0.731604 0.292227 
26 39 37 29 
0.491114 0.442569 0.0195366 0.488428 0.111446 0.808506 0.822075 0.0495013 0.124775 0.981408 0.335688 0.164915 0.427001 0.0452559 0.313947 0.308874 
27 41 8 19 
0.787413 0.240261 0.222772 0.437662 0.115977 0.625622 0.169267 0.408204 0.0192738 0.862922 0.174633 0.510387 0.305492 0.19417 0.998815 0.416938 
28 31 44 42 
0.127451 0.802298 0.802127 0.292366 0.229299 0.847383 0.606313 0.538174 0.701132 0.485052 0.97714 0.406716 0.272465 0.217401 0.629488 0.710128 
29 14 24 41 
0.741582 0.274383 0.742317 0.916215 0.784771 0.0478082 0.110385 0.783586 0.464746 0.11306 0.604476 0.931186 0.240511 0.406774 0.733313 0.532877 
30 13 18 0 
0.174247 0.281828 0.624242 0.151387 0.688544 0.896707 0.368789 0.318032 0.606835 0.702167 0.573142 0.486229 0.443749 0.847525 0.228545 0.359964 
31 49 19 40 
0.415882 0.7411 0.58341 0.0203585 0.672285 0.823921 0.427133 0.405598 0.356799 0.0632066 0.986294 0.495989 0.237454 0.268122 0.120231 0.388841 
32 41 38 17 
0.274698 0.623772 0.459798 0.84784 0.110001 0.903547 0.695365 0.338546 0.263511 0.327661 0.6149 0.733861 0.743543 0.355999 0.317271 0.763901 
33 45 9 5 
0.433882 0.49799 0.254241 0.420176 0.993979 0.491695 0.688298 0.11421 0.880536 0.644964 0.131148 0.638166 0.919662 0.75492 0.0979641 0.767502 
34 33 6 35 
0.203468 0.265023 0.790527 0.818368 0.998883 0.53407 0.174367 0.316154 0.297971 0.202651 0.457346 0.489005 0.636534 0.955336 0.743246 0.0567097 
35 32 45 30 
0.115476 0.389972 0.194673 0.753643 0.309634 0.949593 0.851607 0.0771362 0.814515 0.853118 0.540003 0.0179824 0.11814 0.330529 0.83635 0.117024 
36 12 23 15 
0.16257 0.213368 0.890524 0.651575 0.849902 0.84586 0.39482 0.906611 0.795175 0.629761 0.651619 0.858701 0.745237 0.0415913 0.0533736 0.49888 
37 22 33 1 
0.428362 0.817482 0.203604 0.968364 0.835464 0.321745 0.298894 0.671814 0.438769 0.163493 0.682531 0.871946 0.326063 0.895899 0.76247 0.977638 
38 18 36 46 
0.652412 0.403505 0.00221873 0.304031 0.262206 0.747456 0.345622 0.315579 0.246335 0.696848 0.318546 0.596822 0.125209 0.136028 0.800426 0.0935738 
39 5 2 47 
0.643305 0.560939 0.555961 0.325836 0.432886 0.882023 0.221735 0.195356 0.859661 0.967535 0.803686 0.232119 0.619947 0.207191 0.234338 0.923977 
40 36 7 17 
0.784975 0.228129 0.966447 0.103521 0.82495 0.0916564 0.239549 0.625377 0.18523 0.21104 0.747548 0.577698 0.854346 0.308487 0.133658 0.180182 
41 36 8 16 
0.875343 0.369452 0.740414 0.107462 0.989398 0.947605 0.3418 0.913375 0.417001 0.323593 0.182975 0.201977 0.551722 0.149422 0.305498 0.376672 
42 15 34 2 
0.426308 0.756087 0.749596 0.00400611 0.610433 0.0580832 0.137665 0.790615 0.799456 0.153346 0.192532 0.736185 0.0286892 0.561983 0.476599 0.136151 
43 22 45 31 
0.464757 0.841205 0.801544 0.647731 0.0431812 0.353265 0.797153 0.348679 0.729937 0.0382309 0.893726 0.731986 0.464539 0.649813 0.481583 0.468545 
44 4 11 43 
0.0508611 0.339122 0.759556 0.243393 0.0753063 0.788245 0.805376 0.551905 0.924396 0.356757 0.976109 0.402347 0.821514 0.817313 0.20389 0.469245 
45 40 37 20 
0.209173 0.287093 0.304629 0.102899 0.0190795 0.769168 0.752713 0.500662 0.237713 0.0129587 0.0403278 0.843923 0.0638199 0.37945 0.603479 0.307213 
46 31 16 17 
0.00666084 0.316121 0.469345 0.982769 0.718468 0.290859 0.800083 0.922358 0.760105 0.660577 0.479514 0.0265028 0.86975 0.766607 0.331132 0.97265 
47 34 39 22 
0.286349 0.338013 0.738321 0.326677 0.181937 0.802141 0.706126 0.785416 0.109354 0.160882 0.177141 0.221942 0.167543 0.493262 0.691287 0.150312 
48 1 32 26 
0.134088 0.742251 0.610972 0.613602 0.768754 0.480722 0.380209 0.099886 0.453372 0.165896 0.200186 0.178735 0.452245 0.5382 0.917056 0.778922 
49 9 38 47 
0.505552 0.82855 0.64593 0.682693 0.050492 0.813473 0.175955 0.741779 0.963785 0.387684 0.723926 0.91418 0.521772 0.466177 0.525152 0.135374 
