44 4
0 0 0 0 0 1 0 0 0 0 0 0 0 1 1 1 1 1 1 1 1 1 1 0 0 1 0 0 1 1 1 0 0 1 0 1 1 1 0 0 0 1 0 1 
0 42 21 23 
0.145994 0.0634308 0.467035 0.631531 0.24047 0.0884142 0.587378 0.375351 0.292227 0.642059 0.937251 0.92534 0.134142 0.121759 0.520135 0.620328 
1 5 23 42 
0.898875 0.618694 0.497877 0.734177 0.919364 0.245791 0.638344 0.55633 0.151427 0.470016 0.785317 0.403746 0.61601 0.848747 0.870781 0.247541 
2 34 18 8 
0.464569 0.251422 0.476978 0.401819 0.176763 0.61112 0.523578 0.696898 0.231448 0.2966 0.920328 0.737647 0.195475 0.539022 0.235524 0.929653 
3 23 28 21 
0.0147162 0.632742 0.0380131 0.800033 0.0364879 0.654023 0.64878 0.907269 0.901564 0.737998 0.866465 0.736483 0.202567 0.117887 0.213461 0.604386 
4 16 22 41 
0.991547 0.0560297 0.424564 0.911876 0.793677 0.620039 0.450897 0.029201 0.549692 0.909283 0.510516 0.117689 0.923999 0.143258 0.155702 0.724032 
5 13 9 25 
0.087015 0.711289 0.11081 0.95348 0.447772 0.313377 0.0713666 0.661233 0.917763 0.366016 0.485815 0.0457271 0.357564 0.541845 0.470291 0.269439 
6 17 25 5 
0.364723 0.640022 0.62962 0.875239 0.757711 0.553619 0.0184967 0.913413 0.277652 0.198243 0.723138 0.650464 0.285258 0.434428 0.761274 0.238737 
7 26 2 11 
0.543434 0.992414 0.67612 0.0292488 0.0381412 0.0336839 0.571093 0.508432 0.303123 0.906615 0.598763 0.0234601 0.271338 0.238785 0.65308 0.146577 
8 9 27 3 
0.909909 0.484351 0.363316 0.633048 0.134815 0.648574 0.0674754 0.896089 0.887311 0.949676 0.97074 0.197415 0.493109 0.963154 0.873535 0.522358 
9 39 22 19 
0.509728 0.210342 6.68447e-05 0.108491 0.233802 0.271405 0.347276 0.886882 0.417981 0.343772 0.0935819 0.583055 0.253681 0.577933 0.946371 0.886729 
10 14 39 0 
0.608838 0.482255 0.90388 0.579578 0.67967 0.396989 0.542732 0.553205 0.919347 0.544028 0.460423 0.0127991 0.0537562 0.670765 0.012866 0.162247 
11 17 25 6 
0.79145 0.702252 0.853295 0.885032 0.285307 0.106976 0.462965 0.231678 0.993705 0.175713 0.826622 0.947909 0.784551 0.308877 0.851789 0.364129 
12 43 9 33 
0.541752 0.168126 0.450889 0.00217487 0.180925 0.504646 0.67294 0.193791 0.666893 0.577508 0.478062 0.176415 0.368957 0.180314 0.0297101 0.253989 
13 14 20 41 
0.697299 0.130391 0.892667 0.523921 0.0783002 0.677218 0.832798 0.930089 0.0413469 0.821345 0.178867 0.948208 0.363097 0.346993 0.399097 0.365272 
14 34 24 39 
0.721709 0.570635 0.615719 0.19977 0.747051 0.984677 0.380084 0.776761 0.238666 0.845705 0.913447 0.95562 0.543004 0.043838 0.848288 0.0669244 
15 32 34 3 
0.0522273 0.566853 0.721068 0.231095 0.515061 0.0841643 0.578088 0.914158 0.449436 0.106006 0.817901 0.487648 0.827715 0.388537 0.103367 0.0274851 
16 4 39 3 
0.912348 0.32671 0.253274 0.825795 0.282331 0.796278 0.869633 0.130618 0.863202 0.991771 0.656124 0.762925 0.0439988 0.222977 0.483992 0.275094 
17 0 8 13 
0.652196 0.0175927 0.959187 0.470097 0.50524 0.786902 0.858634 0.608608 0.814387 0.994221 0.696652 0.221956 0.90657 0.0233619 0.475231 0.732365 
18 26 14 34 
0.436311 0.134711 0.593769 0.0924352 0.897635 0.637768 0.315412 0.381628 0.912862 0.0534501 0.949785 0.766043 0.705646 0.967377 0.725231 0.175743 
19 30 24 28 
0.0812252 0.32652 0.0285986 0.777877 0.548476 0.935168 0.801239 0.0237065 0.667533 0.106931 0.295215 0.269531 0.543242 0.429925 0.8633 0.635678 
20 23 1 42 
0.709188 0.413931 0.00453985 0.658973 0.179974 0.710186 0.62635 0.905204 0.885929 0.0989681 0.417337 0.920307 0.180193 0.743857 0.948905 0.95807 
21 43 36 27 
0.316039 0.551606 0.86624 0.611254 0.821137 0.409483 0.0411791 0.684438 0.0451602 0.36874 0.185506 0.99625 0.0779283 0.599437 0.00078983 0.736901 
22 4 31 1 
0.684615 0.596905 0.46222 0.101952 0.517212 0.642413 0.845808 0.466118 0.600483 0.138141 0.350191 0.359792 0.45418 0.901797 0.226033 0.0654338 
23 27 26 6 
0.407372 0.680675 0.475353 0.592878 0.676925 0.553281 0.192315 0.677715 0.290182 0.971726 0.388691 0.653434 0.656341 0.985596 0.115654 0.758293 
24 0 22 40 
0.35855 0.742242 0.319117 0.718342 0.196422 0.220914 0.944375 0.261856 0.943849 0.57989 0.368469 0.351221 0.260565 0.843821 0.9441 0.937491 
25 22 32 30 
0.687285 0.10814 0.00389709 0.340719 0.764481 0.989493 0.456373 0.522774 0.492302 0.21444 0.126875 0.461228 0.57299 0.869117 0.780345 0.291332 
26 37 27 4 
0.327394 0.945108 0.815597 0.695863 0.296329 0.0761626 0.539684 0.240429 0.0136534 0.936786 0.376843 0.628859 0.624071 0.484984 0.632757 0.96479 
27 30 20 8 
0.772238 0.114552 0.635602 0.899113 0.57578 0.208592 0.76823 0.356125 0.499924 0.833768 0.357384 0.735631 0.161162 0.302492 0.551228 0.857025 
28 8 25 16 
0.83925 0.641044 0.333496 0.216093 0.269903 0.957567 0.701077 0.90266 0.922357 0.950542 0.52491 0.343519 0.72278 0.639462 0.979121 0.621893 
29 31 8 39 
0.92875 0.423267 0.385054 0.231242 0.974495 0.242079 0.830063 0.601886 0.638789 0.669313 0.24293 0.972284 0.885406 0.512833 0.929851 0.586483 
30 16 11 35 
0.940403 0.195727 0.259806 0.579864 0.174848 0.881699 0.795106 0.36256 0.271822 0.366472 0.0501968 0.495713 0.295222 0.473464 0.880767 0.526464 
31 9 5 2 
0.0498447 0.761634 0.0258394 0.292774 0.733919 0.911246 0.805607 0.66377 0.497729 0.2211 0.515978 0.0347542 0.161502 0.711705 0.29456 0.741367 
32 30 15 26 
0.249114 0.44808 0.902945 0.299311 0.943793 0.198166 0.772774 0.82456 0.72463 0.220733 0.947406 0.0811565 0.270578 0.70904 0.106996 0.563352 
33 22 20 9 
0.106728 0.515971 0.590059 0.622706 0.550725 0.751562 0.334412 0.845284 0.492928 0.220965 0.021543 0.029401 0.470079 0.469624 0.932345 0.769389 
34 29 32 17 
0.237977 0.855142 0.762897 0.185383 0.936298 0.0334752 0.894422 0.0432942 0.596828 0.33738 0.0615358 0.965787 0.444108 0.577506 0.555846 0.0668148 
35 32 42 0 
0.800336 0.622191 0.995058 0.829737 0.0922697 0.464682 0.762083 0.861659 0.878099 0.892594 0.403822 0.116076 0.747736 0.166719 0.301459 0.684034 
36 35 40 13 
0.797022 0.533261 0.788864 0.762809 0.97737 0.366371 0.318655 0.0441843 0.494602 0.626063 0.445411 0.468117 0.426399 0.0676019 0.463176 0.256136 
37 35 27 33 
0.0215304 0.805957 0.910813 0.425353 0.922033 0.65855 0.592072 0.223491 0.342584 0.792266 0.419372 0.0699126 0.589288 0.952633 0.858777 0.352097 
38 5 18 4 
0.974187 0.71975 0.296815 0.419598 0.187867 0.723215 0.487199 0.651043 0.979351 0.647071 0.5789 0.99757 0.668601 0.384857 0.908383 0.0939541 
39 33 23 19 
0.530381 0.909517 0.478293 0.949753 0.979429 0.067581 0.902386 0.838206 0.419678 0.832389 0.0633542 0.0904309 0.806575 0.783104 0.387246 0.226173 
40 2 1 9 
0.622014 0.0898118 0.360443 0.200914 0.0873815 0.0290449 0.585771 0.995765 0.122999 0.892661 0.562697 0.809025 0.423042 0.472214 0.287318 0.372795 
41 8 39 35 
0.289849 0.774577 0.10757 0.353204 0.865008 0.914145 0.136308 0.252254 0.140318 0.107279 0.362715 0.853691 0.729292 0.452527 0.214134 0.930207 
42 31 2 25 
0.535673 0.366178 0.408639 0.0983702 0.175203 0.831681 0.570584 0.462521 0.204477 0.0222271 0.817419 0.479658 0.312076 0.591996 0.587228 0.66528 
43 27 17 2 
0.709259 0.641691 0.908866 0.0719737 0.495382 0.638159 0.524501 0.709516 0.568365 0.064409 0.952695 0.0843433 0.600082 0.318873 0.492982 0.698452 
