71 6
0 1 1 1 1 1 1 0 1 1 0 0 1 1 0 1 0 1 1 0 0 0 0 0 1 0 1 1 0 1 0 1 0 0 1 0 0 1 1 1 1 0 0 0 1 1 0 0 1 0 0 0 1 1 0 1 0 0 1 1 1 1 1 0 0 1 1 0 1 0 0 
0 60 25 17 61 50 
0.70546 0.91499 0.484805 0.628813 0.00275273 0.509124 0.691486 0.552947 0.847817 0.161914 0.785937 0.720698 0.248084 0.646944 0.813241 0.567464 0.105953 0.662397 0.888419 0.924872 0.254741 0.715838 0.745108 0.342469 0.717955 0.772883 0.999247 0.0526585 0.243914 0.627155 0.532373 0.949374 0.542145 0.017178 0.578188 0.544897 0.526302 0.269673 0.0978447 0.37412 0.431587 0.883782 0.0948173 0.679671 0.530726 0.908058 0.247136 0.636679 0.570455 0.135555 0.561551 0.825196 0.851392 0.306659 0.167665 0.569347 0.0795419 0.166912 0.622006 0.323456 0.794067 0.154379 0.27283 0.336212 
1 27 59 61 25 28 
0.978954 0.0719792 0.552279 0.862736 0.166797 0.23195 0.393461 0.0748546 0.479086 0.0301404 0.64531 0.614641 0.591691 0.470506 0.466033 0.898351 0.63817 0.0353805 0.977893 0.805082 0.657386 0.301349 0.59915 0.811765 0.574179 0.935361 0.983323 0.425197 0.81647 0.681182 0.545888 0.795424 0.753161 0.098167 0.65816 0.919958 0.330117 0.0516208 0.994812 0.809203 0.0817612 0.640122 0.423844 0.673453 0.110627 0.889877 0.571803 0.748798 0.925257 0.549696 0.55388 0.582644 0.851044 0.15303 0.394409 0.425224 0.0883911 0.377732 0.850421 0.904861 0.0589136 0.396309 0.700286 0.812075 
2 7 23 20 29 37 
0.726845 0.633796 0.491827 0.366966 0.0576397 0.16528 0.477594 0.947516 0.737083 0.226392 0.872774 0.286779 0.780272 0.455417 0.137823 0.933302 0.849827 0.563047 0.021693 0.227558 0.413467 0.926554 0.286472 0.809776 0.62684 0.0985465 0.304252 0.985285 0.830579 0.128845 0.395351 0.557423 0.762641 0.887178 0.92439 0.820281 0.052458 0.401984 0.767797 0.789541 0.628375 0.640571 0.0763197 0.408647 0.0959884 0.214143 0.341949 0.945815 0.77719 0.363642 0.173373 0.190657 0.290197 0.459845 0.000433091 0.917037 0.558392 0.304685 0.902322 0.38897 0.43353 0.297673 0.946394 0.196171 
3 58 40 67 60 45 
0.784249 0.0268501 0.901142 0.42482 0.10317 0.30979 0.520808 0.317313 0.651739 0.466623 0.0945023 0.0153813 0.639997 0.285159 0.305578 0.0998416 0.285592 0.222615 0.658233 0.590277 0.124937 0.0472035 0.0238075 0.422609 0.993597 0.219979 0.607461 0.864381 0.23643 0.84477 0.137148 0.0206795 0.87162 0.0382902 0.445499 0.97479 0.34808 0.966308 0.292102 0.999819 0.432931 0.386605 0.0152005 0.0729276 0.671764 0.320778 0.172769 0.957356 0.543393 0.831002 0.547634 0.66833 0.878206 0.571441 0.0909392 0.871803 0.79142 0.6984 0.736183 0.0278503 0.54317 0.873331 0.0485298 0.41479 
4 41 37 49 40 68 
0.681682 0.259521 0.893268 0.0682862 0.274721 0.966196 0.74005 0.595499 0.138965 0.697406 0.138893 0.969967 0.24504 0.807222 0.848173 0.816481 0.898162 0.719976 0.607901 0.596562 0.456159 0.635751 0.139731 0.329491 0.684281 0.554521 0.241112 0.178311 0.9441 0.500813 0.638648 0.625782 0.760334 0.531916 0.694068 0.035055 0.498112 0.434118 0.630554 0.637077 0.131525 0.769447 0.607044 0.376565 0.57667 0.455217 0.193046 0.474831 0.175193 0.800947 0.0713928 0.631352 0.436698 0.211124 0.960843 0.12098 0.765645 0.201955 0.29929 0.709745 0.702769 0.937938 0.335527 0.463103 
5 52 41 60 45 0 
0.128712 0.605042 0.595238 0.898159 0.212086 0.971803 0.474829 0.667303 0.164849 0.94966 0.842496 0.965795 0.0210526 0.473848 0.402494 0.232177 0.434692 0.523473 0.997822 0.636647 0.822763 0.707567 0.339415 0.760701 0.0430943 0.802518 0.230554 0.0726896 0.300675 0.198519 0.536403 0.429387 0.803561 0.131641 0.327546 0.0156471 0.103444 0.802375 0.68295 0.268293 0.752035 0.525446 0.234088 0.773088 0.999294 0.636582 0.00526424 0.433986 0.160055 0.00308597 0.0706324 0.982818 0.710653 0.410048 0.743519 0.753747 0.212565 0.974073 0.826437 0.513241 0.172593 0.36284 0.942628 0.976154 
6 69 59 31 30 24 
0.674751 0.866218 0.824585 0.200197 0.100307 0.597672 0.199491 0.736888 0.602937 0.633477 0.896943 0.606022 0.704109 0.879762 0.316676 0.114157 0.623281 0.0704228 0.326722 0.597354 0.89686 0.839963 0.769947 0.2597 0.782591 0.746101 0.754181 0.0527661 0.737902 0.352107 0.125316 0.412653 0.218326 0.949901 0.61285 0.318632 0.547573 0.812341 0.0555208 0.150509 0.445818 0.952464 0.756532 0.149927 0.832226 0.0732075 0.264084 0.455506 0.14363 0.590806 0.0528601 0.04049 0.43077 0.822807 0.30019 0.213361 0.568908 0.0543714 0.266127 0.306809 0.406479 0.391443 0.719462 0.624804 
7 3 66 65 38 53 
0.998958 0.0394261 0.59047 0.951422 0.795958 0.740397 0.783647 0.869166 0.00448107 0.239154 0.0127958 0.595287 0.292014 0.0532858 0.026057 0.11482 0.353476 0.239418 0.683728 0.407847 0.505545 0.990537 0.814326 0.896988 0.709999 0.43913 0.238332 0.0423114 0.382567 0.127249 0.186964 0.381525 0.166675 0.777434 0.332946 0.962633 0.517832 0.116594 0.831799 0.522313 0.355747 0.844595 0.1176 0.647761 0.89788 0.143657 0.762581 0.251356 0.383075 0.446309 0.659203 0.88862 0.436847 0.473529 0.785609 0.146846 0.912659 0.0239411 0.189157 0.295226 0.15119 0.376121 0.676751 0.317865 
8 14 26 35 17 22 
0.112297 0.1937 0.482038 0.956892 0.3113 0.129799 0.854772 0.454957 0.89238 0.106128 0.838032 0.33869 0.765331 0.726653 0.775536 0.23886 0.512261 0.922382 0.151519 0.536203 0.11154 0.446745 0.687393 0.487661 0.123496 0.00525793 0.641217 0.133193 0.285756 0.312604 0.259484 0.398053 0.506304 0.741522 0.354945 0.817604 0.871321 0.209717 0.272562 0.763701 0.315845 0.110594 0.102391 0.0811761 0.837246 0.877927 0.320036 0.349508 0.800309 0.471555 0.88571 0.911849 0.918301 0.573103 0.39951 0.0417973 0.578361 0.040727 0.174991 0.864117 0.353331 0.434475 0.262171 0.859636 
9 42 57 6 54 25 
0.949802 0.81102 0.142678 0.0603954 0.91341 0.223854 0.897642 0.791337 0.54389 0.247149 0.591647 0.0154454 0.132859 0.503495 0.933746 0.705962 0.903005 0.975544 0.284323 0.943732 0.150534 0.14844 0.297064 0.585009 0.410611 0.1567 0.761006 0.0277268 0.83394 0.808324 0.854559 0.783742 0.619344 0.997237 0.844137 0.532754 0.221091 0.741779 0.324092 0.764981 0.988928 0.915738 0.780426 0.121787 0.419234 0.714173 0.82775 0.322239 0.689716 0.112073 0.265972 0.840251 0.260514 0.563035 0.42526 0.671125 0.719735 0.186266 0.698851 0.553675 0.99459 0.553411 0.337416 0.613934 
10 69 37 13 45 28 
0.47078 0.53672 0.91226 0.386519 0.317146 0.0340472 0.805753 0.0313187 0.861797 0.127992 0.721035 0.97387 0.393963 0.561285 0.234384 0.956999 0.986545 0.905508 0.676734 0.172811 0.60436 0.230408 0.167401 0.157771 0.567825 0.781336 0.708419 0.749378 0.928024 0.480158 0.67271 0.398805 0.0168775 0.58497 0.785324 0.334024 0.619017 0.591076 0.365342 0.480814 0.719068 0.0863771 0.454684 0.113031 0.647663 0.689068 0.0700301 0.634208 0.594576 0.746764 0.807019 0.198936 0.977172 0.97442 0.356706 0.544997 0.755756 0.0651248 0.294374 0.68378 0.545282 0.967084 0.0825851 0.56216 
11 52 23 8 14 26 
0.651884 0.178053 0.347903 0.106568 0.291085 0.995565 0.795636 0.361115 0.629773 0.390212 0.107878 0.436792 0.589147 0.0850505 0.411212 0.945853 0.630047 0.166967 0.0109782 0.924421 0.850748 0.556261 0.891506 0.933333 0.118421 0.443559 0.801241 0.0146041 0.61463 0.260227 0.27613 0.266514 0.43828 0.624033 0.373082 0.729364 0.619598 0.168718 0.090479 0.249371 0.55893 0.198357 0.686163 0.148077 0.283408 0.0973743 0.0939302 0.913455 0.264342 0.104908 0.837876 0.115089 0.661169 0.729382 0.0484219 0.77959 0.172941 0.849663 0.794194 0.787571 0.10989 0.0703234 0.0540856 0.54817 
12 63 1 66 29 39 
0.368013 0.563325 0.154816 0.56637 0.249488 0.302893 0.849778 0.346862 0.396823 0.763233 0.611203 0.501731 0.60111 0.726293 0.1629 0.330492 0.774715 0.94249 0.503433 0.624378 0.736683 0.291005 0.734268 0.807007 0.34509 0.282438 0.501363 0.772258 0.559972 0.815317 0.368144 0.927984 0.378642 0.52296 0.494355 0.628129 0.825853 0.344133 0.974991 0.222676 0.107367 0.586195 0.724407 0.708476 0.312487 0.887307 0.0389682 0.0872019 0.829797 0.542402 0.71158 0.56648 0.833406 0.445848 0.373487 0.178497 0.728285 0.87485 0.950755 0.288257 0.690167 0.318899 0.216241 0.0688088 
13 51 1 63 62 31 
0.671929 0.890388 0.162096 0.258124 0.614795 0.870573 0.570611 0.502103 0.909541 0.657813 0.3319 0.451942 0.369393 0.89838 0.285349 0.815241 0.271867 0.463845 0.543526 0.146718 0.4146 0.831783 0.836885 0.7335 0.0480246 0.905693 0.575359 0.758621 0.602632 0.243072 0.813351 0.274561 0.13346 0.975447 0.532685 0.748255 0.846019 0.103296 0.250358 0.75556 0.761109 0.582258 0.207502 0.130502 0.480638 0.492851 0.945743 0.752505 0.956696 0.48927 0.899223 0.371297 0.321053 0.736107 0.104796 0.369077 0.641801 0.680155 0.127698 0.244433 0.923227 0.941049 0.518994 0.0566868 
14 54 7 47 25 35 
0.518075 0.916084 0.637558 0.725577 0.0465865 0.118196 0.218428 0.99233 0.870701 0.175125 0.481599 0.769924 0.546421 0.802652 0.506032 0.651217 0.17173 0.147833 0.331372 0.299428 0.392265 0.254599 0.240477 0.911259 0.311286 0.156972 0.962937 0.116228 0.919487 0.117912 0.171529 0.437562 0.033996 0.809087 0.163139 0.0805825 0.927283 0.381568 0.0729123 0.797984 0.556692 0.554512 0.567909 0.103114 0.357164 0.0739406 0.754331 0.528893 0.221773 0.0857036 0.828321 0.614039 0.340303 0.0687977 0.525298 0.651589 0.22577 0.488235 0.767817 0.145256 0.606147 0.939346 0.582818 0.640143 
15 18 38 68 3 1 
0.793638 0.4737 0.684217 0.348149 0.0416092 0.787331 0.705313 0.11555 0.541662 0.234207 0.337323 0.627365 0.0625278 0.951362 0.967668 0.131325 0.476659 0.619257 0.357095 0.964894 0.387074 0.502351 0.571041 0.32642 0.0851695 0.211184 0.0748532 0.831127 0.931909 0.750569 0.958651 0.725547 0.22427 0.642868 0.0736965 0.265879 0.430199 0.77901 0.381429 0.971861 0.0132164 0.718752 0.599226 0.0757441 0.670114 0.566894 0.20707 0.146773 0.186151 0.564165 0.111667 0.573225 0.0665161 0.682708 0.899646 0.151686 0.893892 0.974499 0.982812 0.825801 0.725068 0.941463 0.551348 0.949337 
16 5 64 48 4 62 
0.596645 0.986391 0.417271 0.315397 0.585617 0.493015 0.98551 0.152511 0.700085 0.132283 0.338662 0.264249 0.24395 0.911887 0.330766 0.926658 0.811533 0.482451 0.82055 0.786032 0.465263 0.646352 0.511099 0.406727 0.1977 0.460437 0.991059 0.822745 0.675653 0.00558917 0.2268 0.272298 0.99198 0.644071 0.587694 0.577597 0.137086 0.573205 0.730108 0.837171 0.705488 0.0687705 0.10142 0.949438 0.980658 0.432186 0.876096 0.792191 0.914637 0.696646 0.578222 0.3799 0.342997 0.0893219 0.786627 0.540698 0.549759 0.777686 0.363443 0.225412 0.783275 0.590242 0.49771 0.775255 
17 65 37 2 26 59 
0.0829611 0.208569 0.364096 0.151732 0.309989 0.313534 0.132389 0.742175 0.18963 0.92458 0.656812 0.886275 0.502803 0.0367121 0.229273 0.592125 0.823339 0.76997 0.141883 0.601025 0.133413 0.367295 0.3843 0.723655 0.865005 0.159556 0.957968 0.950409 0.512408 0.329367 0.609018 0.595369 0.537936 0.973115 0.747101 0.847926 0.286648 0.87949 0.590101 0.476278 0.804071 0.246913 0.362553 0.306873 0.283625 0.591826 0.898998 0.106964 0.361797 0.0408812 0.707989 0.49521 0.408176 0.0922898 0.218865 0.273182 0.251845 0.176833 0.223591 0.764254 0.5062 0.832609 0.359623 0.0441358 
18 4 16 29 64 45 
0.482162 0.56865 0.790285 0.729075 0.931204 0.0971585 0.0126998 0.52303 0.996156 0.119664 0.884826 0.0370375 0.827653 0.380036 0.445214 0.919943 0.598901 0.718396 0.171789 0.775733 0.941987 0.936042 0.281933 0.774596 0.295666 0.326069 0.580319 0.40239 0.21813 0.672692 0.388605 0.700292 0.241342 0.17889 0.429367 0.172545 0.276048 0.442067 0.695575 0.272205 0.561731 0.580402 0.309242 0.389384 0.960438 0.754456 0.309328 0.559338 0.472852 0.481116 0.335071 0.414838 0.417159 0.617004 0.189434 0.712824 0.943073 0.769754 0.115214 0.161203 0.442445 0.503819 0.861495 0.683787 
19 61 15 18 16 63 
0.551907 0.230962 0.294661 0.132309 0.540204 0.684045 0.0927464 0.29466 0.993373 0.652085 0.767512 0.474489 0.987156 0.18235 0.891648 0.60416 0.371785 0.604472 0.547233 0.141538 0.719687 0.708436 0.583984 0.223506 0.569931 0.267771 0.906214 0.860794 0.124103 0.864971 0.593724 0.676011 0.0959329 0.888384 0.808319 0.636137 0.572429 0.901066 0.930797 0.565802 0.55315 0.698309 0.0402908 0.540306 0.880659 0.931938 0.144467 0.252444 0.536411 0.6917 0.393982 0.256097 0.400136 0.977966 0.479603 0.970067 0.245737 0.385817 0.830861 0.36984 0.250788 0.424585 0.0458502 0.346721 
20 13 61 4 44 66 
0.913655 0.4512 0.308386 0.611963 0.491491 0.848692 0.492622 0.423429 0.993159 0.745066 0.95984 0.684859 0.139048 0.215937 0.0849947 0.117014 0.69554 0.055062 0.36275 0.0813569 0.885923 0.73259 0.332145 0.310508 0.77844 0.678866 0.623477 0.63261 0.661724 0.508875 0.387845 0.575379 0.960075 0.696231 0.187343 0.451566 0.544923 0.679965 0.874995 0.538082 0.425031 0.834834 0.222941 0.564079 0.0507715 0.307936 0.681093 0.746311 0.362998 0.0438428 0.827668 0.248921 0.776433 0.159814 0.559429 0.554873 0.83868 0.182906 0.187483 0.500404 0.691781 0.575328 0.0757837 0.651856 
21 51 19 59 38 7 
0.354565 0.368122 0.813251 0.577506 0.932201 0.864022 0.885442 0.613294 0.610334 0.24844 0.657136 0.438002 0.497361 0.433569 0.597815 0.05679 0.988442 0.436495 0.239696 0.175925 0.9369 0.931477 0.751253 0.0126835 0.583333 0.0228122 0.27581 0.686755 0.839295 0.218901 0.665171 0.19386 0.587023 0.478422 0.771366 0.519224 0.342444 0.656808 0.132518 0.952777 0.905247 0.789654 0.390779 0.402608 0.223223 0.988594 0.459398 0.211665 0.42509 0.699094 0.38759 0.36199 0.630572 0.138843 0.374673 0.213905 0.161655 0.650483 0.90066 0.000949961 0.869384 0.565831 0.19481 0.456407 
22 27 52 46 45 40 
0.339474 0.528231 0.897804 0.730253 0.930839 0.121027 0.718847 0.390238 0.332692 0.143937 0.0893319 0.720282 0.505927 0.719904 0.859125 0.8806 0.933808 0.0207801 0.531083 0.834468 0.02173 0.400467 0.400299 0.21654 0.856874 0.444552 0.182716 0.832505 0.831248 0.805699 0.940655 0.170721 0.33393 0.838458 0.900974 0.264769 0.959485 0.619821 0.655007 0.292177 0.763758 0.744339 0.0124592 0.269685 0.464242 0.871584 0.150285 0.398051 0.892364 0.681368 0.232519 0.914094 0.0818343 0.632818 0.130634 0.938708 0.0773696 0.31335 0.771214 0.908617 0.119049 0.711869 0.0793388 0.452979 
23 17 65 56 50 0 
0.801989 0.363893 0.117094 0.814448 0.633578 0.581336 0.686032 0.783863 0.979387 0.578397 0.46523 0.211906 0.492491 0.547064 0.844724 0.623125 0.485773 0.922094 0.936474 0.256987 0.830711 0.0555232 0.968855 0.91005 0.508502 0.519182 0.890363 0.22625 0.0289939 0.490497 0.599006 0.830983 0.85439 0.7161 0.645431 0.487968 0.297436 0.331463 0.27183 0.276823 0.90986 0.73706 0.488729 0.402351 0.284125 0.333453 0.0254755 0.769897 0.255547 0.96195 0.0268839 0.086258 0.0174732 0.995739 0.996308 0.525975 0.514921 0.886671 0.752226 0.543915 0.377168 0.351231 0.374898 0.231558 
24 0 68 59 13 29 
0.64159 0.261652 0.728416 0.130319 0.664003 0.0125403 0.463772 0.689479 0.782438 0.719319 0.651429 0.809322 0.805577 0.668902 0.805061 0.801885 0.194877 0.319981 0.688556 0.947103 0.863896 0.0657236 0.298334 0.238794 0.297282 0.365665 0.259123 0.016807 0.730432 0.610915 0.00816246 0.372021 0.872568 0.736578 0.50234 0.536571 0.749118 0.966112 0.22605 0.531556 0.685431 0.877478 0.340878 0.491007 0.54638 0.145938 0.292892 0.741257 0.46592 0.981447 0.68836 0.329816 0.0471711 0.986694 0.56861 0.344453 0.35236 0.827733 0.36126 0.0827914 0.438648 0.369422 0.454813 0.311216 
25 0 45 40 60 4 
0.386675 0.608695 0.951315 0.727552 0.0997026 0.497695 0.873491 0.392595 0.238952 0.33941 0.374042 0.927312 0.669226 0.421213 0.914007 0.237836 0.765666 0.266366 0.0655692 0.126925 0.349158 0.504218 0.496348 0.803971 0.815434 0.602348 0.761124 0.663221 0.457466 0.684388 0.737057 0.844141 0.293084 0.688372 0.571694 0.392786 0.186067 0.445184 0.785381 0.425019 0.784594 0.159423 0.352331 0.453821 0.580636 0.266338 0.691657 0.346302 0.532704 0.757226 0.473227 0.881862 0.261444 0.969575 0.685833 0.0768773 0.571923 0.446956 0.740098 0.0293891 0.131345 0.477155 0.87353 0.424428 
26 57 40 70 65 19 
0.776613 0.675002 0.762018 0.128944 0.128823 0.342654 0.395282 0.82048 0.688956 0.927986 0.577706 0.162183 0.809848 0.839149 0.131758 0.495681 0.916026 0.703681 0.942637 0.656124 0.73307 0.073982 0.13328 0.6066 0.49841 0.298807 0.0518236 0.315625 0.6504 0.942231 0.91822 0.427013 0.617234 0.680238 0.555957 0.746056 0.0228919 0.951239 0.566536 0.711848 0.879225 0.144241 0.874031 0.689074 0.983391 0.00578862 0.184755 0.899417 0.709469 0.127392 0.555541 0.442539 0.201374 0.688821 0.0491386 0.699785 0.987628 0.100962 0.0154092 0.638028 0.0431936 0.933629 0.065041 0.660427 
27 13 44 49 37 36 
0.348607 0.451462 0.117261 0.222637 0.140536 0.100651 0.228426 0.325291 6.81151e-05 0.937895 0.452683 0.55561 0.380434 0.654057 0.244431 0.429573 0.353842 0.232058 0.530535 0.369251 0.870086 0.573728 0.30288 0.935127 0.234156 0.916747 0.556125 0.640639 0.553506 0.128362 0.613658 0.902113 0.579824 0.730919 0.12475 0.72036 0.83157 0.353176 0.0456501 0.831638 0.291071 0.498333 0.387247 0.671505 0.15239 0.631678 0.101078 0.506232 0.863736 0.631612 0.875483 0.733822 0.205341 0.178363 0.66895 0.439496 0.0951106 0.225075 0.0801351 0.648617 0.353437 0.693793 0.550729 0.933261 
28 25 55 62 41 33 
0.69927 0.0879193 0.319726 0.197603 0.475167 0.991231 0.349994 0.106845 0.092309 0.856226 0.970581 0.723921 0.731709 0.704403 0.929262 0.910073 0.373353 0.368758 0.00518339 0.598428 0.448893 0.6538 0.951865 0.142687 0.20453 0.885125 0.567398 0.880009 0.538746 0.82368 0.908664 0.238016 0.911599 0.228391 0.43562 0.386766 0.219622 0.785613 0.493611 0.311931 0.641839 0.464191 0.0358527 0.373549 0.168595 0.965115 0.283621 0.541948 0.333873 0.288805 0.140376 0.782766 0.942605 0.0922406 0.925453 0.147134 0.977366 0.492851 0.0271434 0.516112 0.316531 0.935808 0.754128 0.228131 
29 44 47 20 10 65 
0.108507 0.695752 0.6172 0.572698 0.731605 0.990749 0.741293 0.69672 0.274371 0.283241 0.0305928 0.563175 0.423617 0.813359 0.50578 0.515858 0.738812 0.652915 0.493224 0.231664 0.680058 0.00933563 0.548195 0.615866 0.763464 0.776326 0.780065 0.953211 0.391222 0.163886 0.928572 0.499729 0.859638 0.545773 0.0724277 0.591243 0.536522 0.813721 0.287963 0.810892 0.096962 0.318556 0.374068 0.520579 0.131915 0.879848 0.0364366 0.870727 0.532763 0.52966 0.102391 0.212821 0.538996 0.650586 0.828687 0.30246 0.426912 0.608752 0.255671 0.818134 0.772638 0.184243 0.317863 0.632276 
30 66 0 63 52 33 
0.511481 0.0774293 0.300974 0.830037 0.451497 0.821553 0.961952 0.331345 0.857989 0.832679 0.864107 0.38765 0.935069 0.0769285 0.926646 0.585655 0.905616 0.229105 0.0125665 0.514367 0.484776 0.8307 0.287005 0.669019 0.148564 0.919281 0.399035 0.538854 0.142799 0.665572 0.742866 0.65428 0.743001 0.0438399 0.484317 0.194498 0.865393 0.446269 0.525843 0.723382 0.278947 0.38995 0.111032 0.214017 0.466878 0.0376773 0.799672 0.372494 0.266783 0.812238 0.886861 0.751559 0.642938 0.173867 0.420578 0.791502 0.0931471 0.819612 0.330356 0.235946 0.485184 0.0732224 0.890227 0.228185 
31 12 13 51 30 48 
0.948526 0.705837 0.0997603 0.338475 0.816869 0.313777 0.805354 0.854546 0.113448 0.177848 0.121328 0.925686 0.0647093 0.872887 0.568625 0.238576 0.293465 0.360127 0.331723 0.113077 0.690483 0.567669 0.598261 0.763705 0.457896 0.826446 0.880768 0.83244 0.249129 0.863222 0.653253 0.197655 0.569059 0.753013 0.53613 0.385928 0.0667898 0.341484 0.240474 0.180238 0.519332 0.361802 0.105925 0.584041 0.234689 0.674549 0.822617 0.528154 0.0346762 0.15434 0.641231 0.725159 0.722009 0.239492 0.488864 0.179905 0.0659388 0.369632 0.0123446 0.315068 0.232855 0.665597 0.512723 0.801914 
32 12 35 0 22 28 
0.428316 0.665638 0.90967 0.790118 0.771563 0.493711 0.0248074 0.446112 0.316328 0.552961 0.480788 0.470669 0.194193 0.205948 0.192678 0.433685 0.694812 0.372583 0.499624 0.0644441 0.384927 0.814692 0.297299 0.0505245 0.327415 0.0992126 0.469135 0.376269 0.287054 0.954535 0.766606 0.71537 0.620173 0.676276 0.505488 0.391736 0.169988 0.530296 0.837848 0.486316 0.0832572 0.318636 0.956985 0.27745 0.524584 0.149662 0.711135 0.219396 0.522245 0.210759 0.28384 0.907172 0.0254506 0.581139 0.957697 0.352866 0.680351 0.426832 0.729134 0.967406 0.381366 0.495741 0.682776 0.00153893 
33 70 54 66 44 49 
0.231122 0.828321 0.801817 0.549759 0.785305 0.0792671 0.0743427 0.934968 0.790402 0.293739 0.457213 0.00116051 0.577579 0.364385 0.0266111 0.158718 0.322082 0.379477 0.839069 0.748913 0.108611 0.806475 0.13028 0.604352 0.489251 0.131818 0.776369 0.677515 0.525093 0.118374 0.396075 0.756215 0.946695 0.197893 0.305974 0.732 0.27716 0.380317 0.666968 0.0675618 0.674056 0.12418 0.0687223 0.251635 0.488565 0.0953334 0.410352 0.810647 0.47481 0.249421 0.559561 0.583421 0.0558962 0.68984 0.187773 0.545147 0.821659 0.964143 0.222663 0.346752 0.0825167 0.618738 0.102967 0.0292114 
34 30 65 25 28 27 
0.428179 0.161352 0.463314 0.552359 0.230075 0.714948 0.0409245 0.325408 0.125301 0.851572 0.800218 0.374722 0.411132 0.38364 0.430618 0.100972 0.571413 0.975765 0.922631 0.535556 0.198428 0.269383 0.618073 0.817166 0.37235 0.647284 0.633797 0.781291 0.408495 0.727587 0.570549 0.836674 0.88894 0.033863 0.389034 0.119014 0.748811 0.429958 0.444423 0.874112 0.28153 0.244641 0.248834 0.692662 0.628281 0.679452 0.793634 0.199694 0.655217 0.716265 0.73525 0.853645 0.985648 0.353323 0.670811 0.357998 0.000607002 0.304607 0.139289 0.409102 0.0321947 0.709838 0.245777 0.921134 
35 27 53 38 30 51 
0.484571 0.366624 0.346298 0.729212 0.615458 0.0389604 0.357493 0.29491 0.832595 0.557187 0.950127 0.54886 0.292438 0.803772 0.534508 0.64576 0.474583 0.892506 0.646367 0.779191 0.0317947 0.0554698 0.811385 0.741633 0.301247 0.73252 0.485334 0.936057 0.772668 0.977846 0.000825715 0.25724 0.34447 0.347124 0.986452 0.959928 0.386084 0.343945 0.254838 0.218679 0.901133 0.204965 0.767539 0.19357 0.00873753 0.302048 0.839331 0.483321 0.194554 0.485698 0.262511 0.226348 0.541168 0.0738967 0.967981 0.842415 0.806416 0.453315 0.778472 0.579085 0.43116 0.779298 0.836325 0.77563 
36 21 3 40 59 27 
0.990396 0.731185 0.0678553 0.195361 0.498725 0.261426 0.204099 0.800772 0.100756 0.687419 0.995326 0.586454 0.949931 0.221675 0.127622 0.0238275 0.189656 0.970037 0.830244 0.64297 0.748509 0.409329 0.0741304 0.527806 0.245653 0.849761 0.654228 0.0684302 0.585319 0.166734 0.235153 0.575715 0.89792 0.303008 0.771076 0.396644 0.564434 0.975175 0.197417 0.66519 0.662594 0.192743 0.251644 0.612525 0.414417 0.379267 0.636352 0.604073 0.349304 0.466596 0.247043 0.0978129 0.875925 0.321174 0.625619 0.121578 0.170934 0.279847 0.190008 0.756253 0.446582 0.425161 0.331967 0.344501 
37 38 62 22 26 59 
0.938562 0.957792 0.740812 0.131305 0.209437 0.353337 0.545723 0.588704 0.989689 0.149796 0.938008 0.456285 0.396839 0.0358205 0.33221 0.718012 0.66144 0.453788 0.888946 0.941287 0.643797 0.645199 0.387869 0.0689578 0.977167 0.73237 0.797127 0.0802101 0.473515 0.0897292 0.158428 0.412077 0.0475216 0.89924 0.543383 0.256958 0.252577 0.0891053 0.845662 0.242266 0.238901 0.78367 0.698552 0.63574 0.81949 0.030762 0.353752 0.48093 0.48455 0.242699 0.422217 0.128347 0.887898 0.810086 0.197305 0.865065 0.542456 0.994432 0.945275 0.0159708 0.0841609 0.103703 0.428048 0.131682 
38 39 42 68 13 29 
0.497786 0.299437 0.0179725 0.196338 0.935177 0.837462 0.2271 0.288929 0.318392 0.71165 0.531628 0.740609 0.839997 0.419525 0.550695 0.0373022 0.28459 0.0931508 0.0317338 0.229865 0.109122 0.115895 0.333567 0.53717 0.247577 0.33651 0.508601 0.636218 0.59203 0.569137 0.870521 0.0898157 0.868574 0.888493 0.286153 0.803751 0.725956 0.513253 0.0926803 0.0443482 0.224903 0.624308 0.784958 0.0649006 0.0438332 0.335653 0.102203 0.328423 0.428804 0.133937 0.558288 0.537925 0.249831 0.891855 0.0750951 0.497408 0.228365 0.583696 0.133626 0.820395 0.152833 0.00414719 0.91021 0.0214073 
39 57 48 42 23 32 
0.917839 0.662945 0.93452 0.542147 0.447902 0.999421 0.58598 0.783555 0.101624 0.914403 0.212358 0.23556 0.472691 0.750284 0.485391 0.364546 0.825379 0.982799 0.59291 0.409075 0.116426 0.413305 0.561908 0.120573 0.323515 0.583315 0.0132134 0.519879 0.408474 0.63181 0.229496 0.326312 0.294754 0.164016 0.868459 0.742657 0.163437 0.454439 0.526211 0.265061 0.368842 0.73857 0.500621 0.841533 0.488854 0.986012 0.206078 0.314232 0.968811 0.798988 0.723307 0.0852369 0.212293 0.285215 0.20581 0.535809 0.86853 0.219023 0.0556879 0.277003 0.850833 0.285184 0.603316 0.145587 
40 41 1 16 27 34 
0.414455 0.877698 0.295056 0.153025 0.378319 0.136588 0.641879 0.36433 0.342666 0.956111 0.333141 0.141655 0.679419 0.418378 0.353948 0.964633 0.624188 0.889757 0.833163 0.843211 0.945445 0.110167 0.694044 0.230629 0.713482 0.839632 0.679829 0.185257 0.727876 0.292466 0.111471 0.142331 0.170164 0.406527 0.295356 0.548483 0.543115 0.937235 0.912813 0.885781 0.893347 0.245955 0.0274357 0.572765 0.664333 0.381384 0.537399 0.288521 0.271141 0.370562 0.131732 0.216585 0.480729 0.825777 0.447214 0.194211 0.665408 0.127043 0.379468 0.393284 0.419509 0.490939 0.535615 0.589674 
41 7 25 3 43 15 
0.0509696 0.326362 0.661554 0.296924 0.353797 0.234319 0.961257 0.735181 0.771718 0.249778 0.00632162 0.14228 0.381511 0.222907 0.623009 0.207287 0.670121 0.81722 0.872695 0.797164 0.196688 0.265979 0.216674 0.687627 0.801594 0.806347 0.585093 0.632565 0.944504 0.0256734 0.400772 0.995473 0.352035 0.0623259 0.292397 0.705832 0.296645 0.253654 0.441013 0.0683632 0.503433 0.447335 0.210643 0.884943 0.670242 0.833652 0.0922305 0.340363 0.650872 0.964926 0.137527 0.84756 0.230905 0.354201 0.535187 0.0324993 0.160548 0.12028 0.665065 0.105051 0.145953 0.0658369 0.100525 0.497988 
42 8 51 38 14 43 
0.644834 0.493171 0.150009 0.0921686 0.703814 0.0349524 0.762411 0.537466 0.127183 0.102774 0.188338 0.0921088 0.240301 0.0358978 0.323014 0.594501 0.571084 0.355513 0.755049 0.691364 0.0205778 0.860101 0.837317 0.0864147 0.960625 0.335305 0.214577 0.353547 0.539126 0.639385 0.000123309 0.183959 0.132556 0.150132 0.276128 0.836371 0.185085 0.0385384 0.373837 0.312268 0.141312 0.562175 0.404376 0.381613 0.598073 0.72739 0.976114 0.169158 0.0829035 0.731163 0.860522 0.103481 0.591264 0.697839 0.189896 0.551889 0.033144 0.404473 0.905436 0.57227 0.0438589 0.905559 0.756229 0.176415 
43 33 26 18 21 11 
0.386623 0.553044 0.212207 0.948799 0.95742 0.593819 0.546872 0.68481 0.569933 0.716029 0.767714 0.301096 0.576551 0.871195 0.89236 0.27439 0.0610913 0.444248 0.307534 0.465565 0.349684 0.879803 0.509424 0.255243 0.636032 0.685839 0.310934 0.668389 0.698625 0.55171 0.739284 0.0852484 0.104754 0.95149 0.034047 0.062174 0.54531 0.580919 0.746985 0.115243 0.296948 0.514698 0.41634 0.873499 0.385894 0.308699 0.147888 0.446985 0.752948 0.455422 0.91255 0.102632 0.335225 0.421974 0.357875 0.971257 0.107813 0.668809 0.639645 0.806438 0.220519 0.378929 0.891686 0.325273 
44 62 26 38 67 19 
0.134431 0.990972 0.8036 0.64913 0.407312 0.677098 0.0350237 0.716011 0.824986 0.482009 0.468959 0.280408 0.394559 0.571591 0.615633 0.816532 0.929466 0.58689 0.924345 0.598275 0.226535 0.730783 0.818794 0.605463 0.622469 0.144066 0.935883 0.548202 0.531513 0.811612 0.0548537 0.665945 0.802584 0.858453 0.315075 0.209896 0.535552 0.350098 0.925907 0.360538 0.832107 0.394866 0.640946 0.226666 0.966457 0.256579 0.0431982 0.895922 0.843469 0.967543 0.494197 0.0700035 0.698326 0.312991 0.675467 0.320794 0.457057 0.61135 0.868996 0.98857 0.422961 0.92385 0.654515 0.225545 
45 60 68 2 52 33 
0.678393 0.151796 0.756213 0.319339 0.378462 0.72267 0.575919 0.42166 0.618593 0.419387 0.389203 0.11279 0.489391 0.0875285 0.42578 0.164858 0.408323 0.882837 0.776207 0.277319 0.871408 0.199169 0.201169 0.525923 0.424714 0.983472 0.495513 0.860155 0.301327 0.815202 0.221502 0.97972 0.966997 0.977716 0.299059 0.345459 0.700386 0.874977 0.767119 0.318978 0.294365 0.156322 0.431768 0.783756 0.243851 0.857548 0.948613 0.652173 0.740385 0.724821 0.929492 0.611793 0.92399 0.130661 0.137716 0.348704 0.114133 0.633229 0.208858 0.415459 0.448431 0.430361 0.395179 0.415428 
46 6 51 16 69 57 
0.528006 0.42744 0.86358 0.684328 0.859208 0.647336 0.928179 0.716756 0.595949 0.580352 0.457142 0.32077 0.509845 0.0689345 0.24476 0.640506 0.20665 0.593463 0.754638 0.839879 0.802321 0.170098 0.28831 0.232682 0.565277 0.703738 0.640758 0.259515 0.464625 0.74922 0.82873 0.992631 0.17666 0.69231 0.67696 0.0358687 0.339646 0.605139 0.752625 0.935594 0.185491 0.209767 0.256364 0.695336 0.278701 0.501124 0.335841 0.485352 0.0945869 0.0904798 0.325231 0.896908 0.260577 0.61354 0.12959 0.825854 0.317278 0.770348 0.0853688 0.781903 0.519568 0.914099 0.774534 0.696228 
47 8 52 15 33 25 
0.484722 0.881649 0.242125 0.694489 0.138013 0.937461 0.973191 0.639137 0.273302 0.458542 0.733724 0.363782 0.783773 0.630632 0.624359 0.397313 0.760222 0.450213 0.714592 0.53057 0.535582 0.496495 0.0501383 0.449681 0.271029 0.746367 0.0560895 0.722523 0.478464 0.00214365 0.779157 0.963186 0.883792 0.0212813 0.657675 0.0218053 0.958742 0.630866 0.660942 0.232044 0.0894081 0.394666 0.595826 0.873181 0.0252979 0.220185 0.270494 0.78552 0.670398 0.985086 0.31609 0.20598 0.481581 0.366229 0.655661 0.75261 0.112595 0.711751 0.475133 0.591059 0.713894 0.25429 0.554246 0.597687 
48 31 7 63 4 42 
0.280434 0.466357 0.932195 0.6751 0.0621824 0.805376 0.700398 0.282367 0.0758708 0.485918 0.952765 0.0609568 0.802008 0.158746 0.542537 0.168236 0.814407 0.295147 0.280832 0.526157 0.77028 0.871891 0.240051 0.0245703 0.426137 0.837738 0.300142 0.638058 0.45723 0.534455 0.480845 0.737664 0.000811415 0.41304 0.412763 0.0629939 0.218417 0.113161 0.345361 0.294287 0.599078 0.298126 0.355244 0.401086 0.456872 0.897781 0.569323 0.271279 0.192929 0.850154 0.797436 0.963209 0.722045 0.0374875 0.987779 0.148182 0.875226 0.287921 0.78624 0.332455 0.822375 0.267085 0.0701188 0.823187 
49 47 48 24 13 28 
0.231542 0.192829 0.195121 0.529668 0.548073 0.596208 0.98654 0.445855 0.16553 0.257819 0.638783 0.0156845 0.0552553 0.601992 0.73773 0.0927428 0.589772 0.885912 0.967968 0.877693 0.672152 0.300424 0.700068 0.939237 0.370542 0.523255 0.619363 0.853425 0.409436 0.517905 0.449467 0.640977 0.710734 0.644589 0.170646 0.258807 0.240796 0.157186 0.704662 0.406327 0.415005 0.343445 0.422011 0.470261 0.945438 0.159741 0.563003 0.535209 0.0456531 0.530972 0.412902 0.717805 0.831395 0.11297 0.657043 0.201938 0.636225 0.276405 0.0553623 0.0456607 0.79431 0.50483 0.686638 0.505044 
50 18 14 65 51 43 
0.468512 0.796542 0.429476 0.811957 0.218553 0.899736 0.757395 0.378294 0.46274 0.292604 0.423947 0.993712 0.705506 0.141752 0.825107 0.818476 0.798795 0.0270447 0.454702 0.0751999 0.082407 0.500362 0.86951 0.587237 0.187 0.374553 0.736655 0.0442845 0.138404 0.12687 0.0587547 0.606916 0.923412 0.48823 0.418873 0.141965 0.387967 0.176268 0.520258 0.850706 0.468873 0.944205 0.844418 0.174379 0.0859567 0.669525 0.992856 0.884751 0.69657 0.447557 0.959951 0.778977 0.947919 0.829461 0.366213 0.13492 0.204014 0.102869 0.179204 0.342418 0.229739 0.237959 0.949334 0.153151 
51 48 21 14 66 59 
0.815374 0.964862 0.0133486 0.759579 0.80928 0.187728 0.845536 0.478805 0.180584 0.730287 0.175375 0.628141 0.690238 0.954351 0.57606 0.519699 0.320565 0.71098 0.723713 0.423433 0.890185 0.0661306 0.653173 0.128144 0.0154644 0.806324 0.854333 0.383672 0.10144 0.968489 0.928147 0.916814 0.933351 0.941496 0.676393 0.742632 0.129224 0.521928 0.221437 0.309807 0.252215 0.396811 0.937948 0.942453 0.351163 0.514008 0.462152 0.671727 0.224989 0.185865 0.0951605 0.115173 0.251996 0.748333 0.243317 0.26746 0.554657 0.0976499 0.651131 0.656097 0.0661389 0.579279 0.572911 0.99949 
52 8 27 21 46 42 
0.963558 0.959805 0.0234472 0.36037 0.897753 0.9659 0.711532 0.411761 0.428052 0.383259 0.63675 0.613917 0.47842 0.751923 0.865913 0.226753 0.99524 0.133373 0.78141 0.0928899 0.784504 0.437507 0.159029 0.363783 0.0104183 0.158519 0.884557 0.259722 0.900641 0.534555 0.0309542 0.864199 0.49436 0.0544014 0.224569 0.392114 0.0203017 0.936101 0.803875 0.448354 0.31936 0.440625 0.0622712 0.79778 0.192548 0.928184 0.0245328 0.187788 0.0615564 0.805943 0.280678 0.84606 0.24345 0.439707 0.209843 0.253868 0.598226 0.0944001 0.513591 0.498867 0.628955 0.544545 0.363066 0.123316 
53 45 6 7 63 65 
0.067602 0.843095 0.75993 0.129873 0.640875 0.952478 0.0580571 0.665408 0.140266 0.119614 0.471351 0.420944 0.965674 0.714801 0.860651 0.175517 0.968669 0.458877 0.269917 0.48226 0.957744 0.898872 0.0268047 0.320809 0.0221882 0.625751 0.908444 0.537618 0.244999 0.432179 0.856922 0.312601 0.275274 0.616852 0.442474 0.916149 0.56933 0.500531 0.581557 0.709596 0.620145 0.0529079 0.130541 0.585819 0.767709 0.991192 0.761336 0.736378 0.450069 0.0312526 0.218638 0.407813 0.930125 0.245443 0.728622 0.952313 0.871194 0.637066 0.489931 0.116192 0.0692447 0.346853 0.428793 0.344519 
54 6 24 12 49 8 
0.842225 0.242631 0.991943 0.895133 0.373172 0.577762 0.662842 0.364363 0.339098 0.39922 0.814432 0.37035 0.617858 0.222245 0.300475 0.863301 0.950867 0.252788 0.734494 0.587933 0.742719 0.850687 0.657177 0.0895721 0.27948 0.00169613 0.053277 0.150747 0.262364 0.586312 0.522546 0.10459 0.828943 0.514489 0.999723 0.202114 0.0922514 0.662565 0.566478 0.431349 0.0617847 0.38091 0.801699 0.679643 0.603155 0.102174 0.542943 0.554021 0.354962 0.277437 0.141954 0.0976815 0.128124 0.799131 0.187254 0.407604 0.800827 0.240531 0.558351 0.0631917 0.826842 0.0808969 0.167781 0.655785 
55 29 46 32 63 6 
0.424377 0.118987 0.891854 0.805287 0.920686 0.571496 0.408442 0.0228598 0.114439 0.962463 0.377822 0.391877 0.104417 0.475504 0.52 0.903548 0.662757 0.927604 0.704376 0.903288 0.485955 0.767568 0.73013 0.566852 0.935349 0.385915 0.162238 0.102853 0.243815 0.849876 0.932922 0.668192 0.968862 0.824776 0.473479 0.889548 0.396272 0.881921 0.912408 0.510711 0.844384 0.29023 0.902588 0.948801 0.765734 0.422588 0.85235 0.428491 0.350192 0.556726 0.331778 0.836146 0.324293 0.0619084 0.402998 0.259642 0.447824 0.565236 0.362495 0.691639 0.415112 0.295417 0.359831 0.383974 
56 8 14 22 69 32 
0.47616 0.929763 0.508416 0.241893 0.352351 0.360765 0.670384 0.702543 0.917491 0.00216228 0.538689 0.241784 0.0640707 0.941687 0.501426 0.511894 0.506923 0.863922 0.203533 0.922035 0.159339 0.563364 0.306009 0.279532 0.396673 0.579531 0.795997 0.111904 0.765461 0.823172 0.671519 0.241621 0.752936 0.179934 0.483514 0.105287 0.5407 0.153898 0.807829 0.458191 0.15606 0.346519 0.699975 0.220131 0.288206 0.201401 0.732025 0.795129 0.0653227 0.935558 0.717164 0.224662 0.498922 0.0231737 0.504194 0.895595 0.602705 0.30019 0.00749926 0.368166 0.123363 0.679018 0.609787 0.876298 
57 64 54 36 14 32 
0.789414 0.857842 0.403259 0.135933 0.557817 0.62339 0.424139 0.759218 0.355416 0.219268 0.824541 0.290974 0.936433 0.0492025 0.789896 0.959607 0.553396 0.685491 0.562312 0.853587 0.69299 0.930478 0.976949 0.372008 0.540265 0.853248 0.23096 0.633566 0.834833 0.630612 0.880765 0.624247 0.488454 0.284024 0.76018 0.0462713 0.907414 0.184319 0.805489 0.26283 0.403588 0.63003 0.553803 0.340021 0.679233 0.343699 0.299627 0.232629 0.0291898 0.861939 0.0862155 0.72218 0.792417 0.0631649 0.0941877 0.332681 0.916413 0.325148 0.966247 0.751245 0.95576 0.847012 0.375493 0.444214 
58 27 39 53 70 45 
0.295974 0.30128 0.72358 0.926004 0.855083 0.0636008 0.605237 0.198782 0.363228 0.837866 0.227972 0.225167 0.924081 0.950152 0.0175836 0.987246 0.0443396 0.350265 0.903659 0.369487 0.316512 0.654904 0.325247 0.163524 0.0303968 0.769461 0.29456 0.16607 0.259946 0.33301 0.486062 0.55592 0.63429 0.209642 0.481925 0.489373 0.273243 0.0871618 0.688155 0.636471 0.925028 0.916128 0.861638 0.849109 0.86628 0.879222 0.836355 0.910619 0.229486 0.740014 0.280107 0.545999 0.394918 0.605354 0.709523 0.425315 0.374814 0.00408241 0.591385 0.63476 0.337092 0.0774469 0.190681 0.971382 
59 26 10 43 20 23 
0.196803 0.684795 0.0650385 0.058441 0.533904 0.931318 0.937663 0.370259 0.841937 0.167149 0.110273 0.122044 0.713148 0.505192 0.727397 0.42267 0.930507 0.102212 0.426753 0.521892 0.736972 0.763845 0.599339 0.927653 0.735227 0.886428 0.600258 0.195983 0.44676 0.360026 0.344894 0.643563 0.0448205 0.409932 0.702004 0.578724 0.34125 0.639666 0.948984 0.183187 0.806815 0.0592571 0.305231 0.519963 0.564449 0.0326283 0.942633 0.494956 0.13484 0.369385 0.0168473 0.871812 0.13323 0.616186 0.799465 0.868458 0.502613 0.399723 0.0644402 0.949373 0.759748 0.409334 0.592936 0.804569 
60 12 7 41 28 37 
0.332277 0.343703 0.741421 0.391534 0.648934 0.261384 0.955983 0.681562 0.204017 0.450939 0.816402 0.573402 0.467786 0.688214 0.706632 0.0839717 0.487679 0.57509 0.586585 0.887402 0.63953 0.535958 0.64715 0.048864 0.128894 0.451719 0.86813 0.423833 0.835012 0.0286456 0.358439 0.167289 0.372349 0.0998598 0.558823 0.0212828 0.361243 0.514806 0.702845 0.56526 0.965745 0.519248 0.138662 0.433531 0.207462 0.845294 0.517502 0.69514 0.420384 0.104087 0.582542 0.0599148 0.640046 0.229692 0.108779 0.76894 0.681411 0.976909 0.192773 0.516423 0.00555409 0.551212 0.683712 0.377903 
61 4 19 39 1 53 
0.577575 0.723086 0.621278 0.716237 0.156617 0.82874 0.561531 0.674119 0.52388 0.981916 0.778206 0.106422 0.0418306 0.418252 0.336114 0.150609 0.187192 0.0175246 0.127518 0.379965 0.533947 0.133072 0.931177 0.217659 0.510975 0.582249 0.460194 0.91016 0.594564 0.217535 0.0121912 0.172139 0.940622 0.63347 0.888376 0.0972382 0.46221 0.449907 0.771357 0.98609 0.431823 0.549563 0.0925124 0.473654 0.967815 0.428627 0.624263 0.155007 0.446151 0.751781 0.534972 0.980098 0.884853 0.466149 0.197757 0.395828 0.048398 0.657952 0.305988 0.642962 0.875487 0.318179 0.815101 0.816109 
62 44 61 19 37 70 
0.684704 0.399948 0.585208 0.234267 0.492461 0.058862 0.202083 0.921087 0.683125 0.35709 0.367239 0.434906 0.892062 0.347337 0.319759 0.358211 0.545094 0.715587 0.406609 0.203046 0.0215754 0.0495711 0.0785331 0.339755 0.864672 0.894642 0.291404 0.568149 0.807989 0.705262 0.721534 0.492692 0.105211 0.306742 0.72696 0.597671 0.365604 0.929042 0.518759 0.0487294 0.286132 0.885997 0.483636 0.178194 0.233334 0.803395 0.536405 0.778429 0.518982 0.943014 0.981475 0.540558 0.992585 0.0600077 0.880313 0.857258 0.954649 0.171716 0.425407 0.762638 0.876978 0.146941 0.25533 0.982189 
63 56 40 66 11 5 
0.0986192 0.868017 0.197464 0.984617 0.351653 0.375658 0.217951 0.155048 0.912064 0.996379 0.67403 0.855078 0.977854 0.214588 0.847663 0.0378618 0.0949007 0.704921 0.992511 0.266617 0.130328 0.755149 0.143595 0.277269 0.0104796 0.125784 0.730952 0.99277 0.705645 0.55024 0.904102 0.804264 0.418257 0.101566 0.788881 0.76991 0.477225 0.00683147 0.924958 0.389288 0.00321094 0.598988 0.244366 0.981065 0.813576 0.0920294 0.0189269 0.908477 0.79695 0.0114382 0.175094 0.927278 0.766587 0.318689 0.204547 0.777067 0.444474 0.9355 0.769837 0.150118 0.48574 0.673938 0.954382 0.903997 
64 16 3 67 48 26 
0.598864 0.642017 0.753305 0.197852 0.886383 0.734371 0.0114284 0.978413 0.753297 0.919905 0.775363 0.764736 0.0949989 0.702641 0.531323 0.413688 0.907188 0.30839 0.858161 0.842688 0.0782265 0.00827983 0.328428 0.752165 0.962662 0.232424 0.527669 0.705925 0.906331 0.780398 0.45602 0.505195 0.422415 0.209325 0.703048 0.308798 0.943696 0.714476 0.287211 0.696993 0.634381 0.0625735 0.461729 0.72938 0.765215 0.993052 0.143068 0.672403 0.301442 0.00122949 0.51509 0.379668 0.00950932 0.843518 0.131833 0.972172 0.0759423 0.659502 0.678097 0.982273 0.4399 0.134117 0.487469 0.862315 
65 36 45 23 19 14 
0.458323 0.984131 0.539373 0.520897 0.44586 0.268753 0.286111 0.438911 0.411821 0.958514 0.740353 0.413051 0.473605 0.120021 0.42256 0.317123 0.251854 0.394732 0.393065 0.911356 0.0728286 0.375338 0.351256 0.206945 0.862807 0.213571 0.550387 0.0533229 0.384683 0.837525 0.958315 0.843007 0.821656 0.497689 0.363904 0.267516 0.766442 0.650015 0.706427 0.178263 0.608529 0.44678 0.591314 0.0821339 0.566801 0.0138745 0.399257 0.818655 0.408606 0.792321 0.730011 0.481435 0.16766 0.0812666 0.68838 0.0304664 0.294837 0.238767 0.0837893 0.679521 0.0762924 0.0421045 0.522527 0.897948 
66 23 54 24 59 67 
0.871891 0.484498 0.144976 0.31867 0.0758128 0.22711 0.885471 0.0896873 0.626366 0.704126 0.498294 0.418688 0.434137 0.979729 0.586347 0.515403 0.668109 0.616814 0.810241 0.906876 0.700603 0.489761 0.983169 0.742707 0.0122886 0.881117 0.2825 0.89872 0.0465808 0.588736 0.435166 0.918471 0.073234 0.580142 0.237142 0.149047 0.807251 0.122613 0.238734 0.433617 0.826739 0.737028 0.852305 0.260876 0.716756 0.438652 0.776279 0.384865 0.0554658 0.58652 0.291741 0.756069 0.076281 0.27491 0.498776 0.0885696 0.156027 0.781277 0.987289 0.202608 0.370012 0.422455 0.121079 0.443246 
67 54 12 19 69 63 
0.831027 0.243466 0.307573 0.568055 0.0957707 0.568449 0.284811 0.534423 0.344728 0.669676 0.589889 0.931248 0.961417 0.345957 0.00752927 0.236327 0.844734 0.0960989 0.392354 0.62601 0.0833882 0.594961 0.996022 0.505844 0.71604 0.439269 0.508441 0.0742613 0.0315615 0.318289 0.555095 0.862588 0.561755 0.862669 0.430643 0.657525 0.431118 0.715454 0.191948 0.775846 0.38513 0.781837 0.707094 0.346547 0.127794 0.714623 0.582874 0.972528 0.810722 0.975227 0.598538 0.894111 0.570189 0.594561 0.399954 0.286229 0.0338291 0.908395 0.36049 0.0653906 0.226684 0.915586 0.927979 0.788438 
68 6 51 14 15 64 
0.637912 0.985218 0.459206 0.419748 0.692312 0.805753 0.547543 0.406935 0.388627 0.520071 0.217658 0.363854 0.118609 0.111768 0.934043 0.71317 0.511722 0.220272 0.746999 0.420117 0.580763 0.812389 0.646801 0.496349 0.740369 0.435239 0.274603 0.0989908 0.881202 0.483975 0.173067 0.519114 0.469193 0.632273 0.938862 0.161505 0.438027 0.486405 0.56844 0.826654 0.00647594 0.786098 0.190508 0.125085 0.897866 0.124551 0.838255 0.409589 0.344823 0.585254 0.829706 0.925586 0.397643 0.476506 0.421935 0.138012 0.911745 0.696538 0.237002 0.792947 0.180513 0.410069 0.312061 0.649705 
69 0 62 51 47 48 
0.379651 0.307023 0.743804 0.165749 0.497531 0.868889 0.0636151 0.622082 0.707144 0.473204 0.966905 0.292398 0.30291 0.892492 0.690041 0.779416 0.314426 0.828052 0.691161 0.0109639 0.0650544 0.484108 0.191476 0.475124 0.796169 0.841182 0.517467 0.0470926 0.652392 0.997836 0.784421 0.0320426 0.304859 0.528225 0.197791 0.802389 0.397114 0.261406 0.424471 0.104258 0.73461 0.391377 0.396656 0.0375201 0.283868 0.0866962 0.816936 0.598294 0.914748 0.508097 0.609258 0.979803 0.992206 0.800735 0.454926 0.788375 0.641917 0.972393 0.835468 0.294309 0.970229 0.619889 0.326351 0.275087 
70 17 66 61 28 33 
0.501948 0.649486 0.520159 0.893325 0.0461414 0.557679 0.177193 0.132838 0.374616 0.775487 0.0475859 0.882713 0.384746 0.0273886 0.874919 0.185481 0.482315 0.663294 0.827397 0.454708 0.498762 0.121706 0.424937 0.118651 0.448057 0.700024 0.266764 0.9722 0.777501 0.811992 0.757749 0.279449 0.461478 0.277908 0.172774 0.507619 0.835587 0.349967 0.640457 0.210203 0.125455 0.688043 0.092916 0.5102 0.715431 0.967835 0.695681 0.197746 0.631129 0.523078 0.652454 0.129891 0.644784 0.0773913 0.248542 0.0928411 0.777416 0.515307 0.0650408 0.554917 0.327299 0.822789 0.834366 0.788777 
