96 3
0 0 1 1 1 1 0 1 1 1 0 0 0 1 0 0 0 1 0 0 1 0 1 0 1 0 0 1 0 0 0 0 1 0 0 1 1 0 1 1 0 1 0 1 1 0 0 1 0 0 0 1 1 0 0 1 1 1 1 1 0 1 0 1 0 1 1 0 0 0 1 0 0 0 0 0 1 0 0 1 1 1 1 1 1 0 1 1 0 1 1 0 1 0 0 1 
0 74 27 
0.678443 0.0837246 0.0391544 0.438908 0.71912 0.117925 0.3673 0.780897 
1 9 87 
0.399958 0.00845243 0.500955 0.452977 0.625974 0.212278 0.527368 0.351073 
2 46 93 
0.143229 0.306339 0.897124 0.991943 0.910919 0.879146 0.112114 0.110135 
3 28 63 
0.224352 0.598097 0.430422 0.263506 0.0370055 0.149542 0.381431 0.404306 
4 9 26 
0.542669 0.330397 0.623742 0.0436238 0.783375 0.249716 0.255902 0.310743 
5 3 65 
0.74664 0.744018 0.226614 0.643764 0.735961 0.137534 0.52291 0.848075 
6 94 87 
0.194773 0.47202 0.0406609 0.625195 0.735526 0.0776665 0.774737 0.116957 
7 95 3 
0.732247 0.024641 0.0355729 0.355989 0.0682648 0.818948 0.605705 0.324166 
8 80 69 
0.244441 0.876331 0.950512 0.471056 0.520095 0.686473 0.608589 0.043005 
9 32 16 
0.485569 0.729321 0.328278 0.52623 0.354516 0.0638038 0.603896 0.129253 
10 46 54 
0.834429 0.913008 0.11051 0.870002 0.268997 0.178774 0.688949 0.874702 
11 53 9 
0.0811962 0.747382 0.694971 0.0317084 0.218438 0.215066 0.718182 0.827028 
12 3 81 
0.683285 0.74364 0.982052 0.0115629 0.269869 0.336568 0.0753668 0.873766 
13 0 42 
0.959634 0.300249 0.169135 0.0701439 0.170251 0.438132 0.248918 0.8592 
14 50 2 
0.67784 0.39403 0.499242 0.37281 0.425738 0.71768 0.587876 0.14392 
15 23 17 
0.39665 0.227993 0.589586 0.378702 0.239556 0.859456 0.715269 0.314922 
16 72 25 
0.57105 0.692856 0.481339 0.740185 0.763 0.65159 0.178317 0.011918 
17 12 70 
0.763777 0.18863 0.88518 0.263019 0.56144 0.310918 0.980699 0.149316 
18 85 82 
0.995263 0.851488 0.753399 0.584849 0.23019 0.992955 0.444305 0.945459 
19 35 43 
0.126549 0.878927 0.870382 0.607888 0.619112 0.633382 0.259478 0.797429 
20 23 19 
0.288579 0.409077 0.958898 0.173759 0.672096 0.520338 0.484678 0.652795 
21 80 72 
0.178201 0.664917 0.791004 0.9316 0.249766 0.0211938 0.924554 0.694071 
22 82 19 
0.871598 0.0932018 0.111358 0.74198 0.70109 0.730471 0.375362 0.960568 
23 13 58 
0.730836 0.816478 0.42974 0.689734 0.990237 0.101836 0.210072 0.474915 
24 87 82 
0.414431 0.932831 0.544642 0.205435 0.864431 0.794408 0.226629 0.788985 
25 7 48 
0.0214166 0.360077 0.286483 0.132775 0.102057 0.987573 0.863246 0.477419 
26 45 36 
0.498082 0.678977 0.207623 0.927821 0.368711 0.197861 0.0296571 0.578783 
27 24 40 
0.458508 0.0872064 0.717119 0.00315051 0.292641 0.58155 0.797559 0.51927 
28 73 41 
0.712551 0.391951 0.646114 0.999034 0.524727 0.748171 0.986607 0.387972 
29 43 52 
0.779117 0.723673 0.613725 0.98674 0.651494 0.982437 0.184601 0.681151 
30 85 28 
0.465438 0.0197282 0.944583 0.182557 0.0228787 0.237224 0.764107 0.820437 
31 40 59 
0.106475 0.469045 0.526593 0.752589 0.468079 0.0513193 0.500761 0.454686 
32 9 14 
0.389434 0.218409 0.450024 0.00315916 0.205149 0.101518 0.985596 0.38975 
33 84 8 
0.247126 0.248108 0.566544 0.191709 0.430665 0.589423 0.428933 0.194771 
34 68 35 
0.329413 0.516335 0.654472 0.856005 0.268924 0.122551 0.907325 0.769685 
35 50 38 
0.496036 0.96667 0.565025 0.94606 0.969829 0.770174 0.0475784 0.955425 
36 7 0 
0.502241 0.40705 0.078355 0.0687846 0.598759 0.50902 0.658207 0.0276926 
37 29 47 
0.21312 0.0332037 0.584402 0.867592 0.889209 0.853326 0.990142 0.796534 
38 55 14 
0.14315 0.119047 0.534048 0.708175 0.0651071 0.503877 0.478349 0.112686 
39 4 68 
0.961543 0.0453218 0.0212881 0.0303275 0.644081 0.530308 0.688535 0.671774 
40 93 76 
0.884893 0.267302 0.341004 0.752485 0.156512 0.19433 0.742627 0.953045 
41 26 82 
0.0961955 0.936387 0.844053 0.80437 0.00149402 0.347931 0.282719 0.11418 
42 9 6 
0.0571126 0.768776 0.966313 0.0784006 0.799103 0.610394 0.608708 0.487638 
43 92 58 
0.24424 0.16706 0.11011 0.585244 0.919545 0.266621 0.779573 0.662172 
44 28 23 
0.972177 0.315862 0.5333 0.816231 0.120233 0.534794 0.164161 0.402951 
45 4 15 
0.706086 0.74017 0.290255 0.784487 0.539273 0.900648 0.393195 0.0269112 
46 49 86 
0.271151 0.349876 0.346112 0.856395 0.269421 0.612733 0.635968 0.931593 
47 31 43 
0.903771 0.148262 0.766181 0.720002 0.268495 0.300976 0.884163 0.671446 
48 14 3 
0.995389 0.656036 0.595727 0.285643 0.440523 0.135001 0.186292 0.833718 
49 55 16 
0.0697208 0.433063 0.718983 0.415833 0.289458 0.988404 0.0285666 0.925425 
50 35 68 
0.158307 0.823768 0.00922907 0.924488 0.54377 0.277724 0.225464 0.427933 
51 64 65 
0.28349 0.944559 0.831449 0.879218 0.230202 0.271972 0.0142185 0.416494 
52 13 42 
0.785601 0.175411 0.609193 0.504584 0.591244 0.898651 0.492989 0.61981 
53 69 5 
0.480777 0.982383 0.236754 0.490006 0.906871 0.780524 0.76773 0.132335 
54 0 79 
0.307748 0.491947 0.661459 0.139196 0.371165 0.891661 0.411168 0.385384 
55 39 46 
0.561514 0.0937564 0.692269 0.170707 0.598341 0.283513 0.0693583 0.0913293 
56 38 16 
0.504315 0.3841 0.875818 0.74107 0.874106 0.782689 0.521594 0.641837 
57 3 75 
0.358737 0.222771 0.221998 0.020196 0.361967 0.593164 0.911857 0.773136 
58 82 55 
0.289994 0.540061 0.313769 0.982262 0.710768 0.912109 0.265775 0.780127 
59 43 82 
0.673562 0.507754 0.553198 0.549379 0.248824 0.427305 0.332068 0.770418 
60 44 79 
0.500469 0.427878 0.469862 0.722467 0.448074 0.831829 0.315631 0.359931 
61 34 49 
0.579944 0.894958 0.834239 0.893712 0.877221 0.545008 0.805822 0.142996 
62 9 16 
0.312094 0.998696 0.317015 0.865292 0.548075 0.565839 0.292597 0.880143 
63 27 85 
0.127234 0.836726 0.789616 0.597096 0.559193 0.23769 0.428925 0.874824 
64 90 35 
0.169003 0.177565 0.928849 0.00324182 0.0712777 0.80607 0.54825 0.8771 
65 13 34 
0.68636 0.26116 0.87208 0.00337546 0.126452 0.420156 0.569214 0.419049 
66 52 48 
0.780787 0.427533 0.742197 0.570403 0.0246291 0.301391 0.808094 0.453555 
67 27 61 
0.487445 0.345218 0.58328 0.416294 0.34846 0.654558 0.222363 0.896709 
68 59 44 
0.770093 0.218018 0.432589 0.642173 0.221394 0.559041 0.062329 0.790608 
69 50 95 
0.69608 0.758877 0.790161 0.438277 0.32928 0.81479 0.739668 0.137374 
70 72 9 
0.543089 0.755789 0.2611 0.126369 0.172083 0.60956 0.780928 0.394446 
71 32 49 
0.565875 0.276362 0.530604 0.998463 0.918536 0.751997 0.557504 0.980865 
72 68 59 
0.343492 0.238685 0.29447 0.133653 0.676962 0.623751 0.948442 0.41663 
73 85 87 
0.332512 0.304214 0.972576 0.593613 0.430583 0.144658 0.203173 0.211511 
74 6 13 
0.524096 0.104979 0.985804 0.0546996 0.103442 0.90434 0.806697 0.660946 
75 41 43 
0.196539 0.228697 0.587988 0.491009 0.36235 0.26495 0.11476 0.310792 
76 24 13 
0.527579 0.0140913 0.180098 0.500154 0.607704 0.610681 0.644813 0.810877 
77 45 44 
0.520318 0.346288 0.288895 0.506123 0.400987 0.392337 0.410462 0.207684 
78 3 38 
0.249822 0.524364 0.144974 0.740832 0.886713 0.409924 0.855591 0.197506 
79 7 89 
0.725085 0.105594 0.911574 0.225239 0.713299 0.522255 0.870052 0.524175 
80 64 88 
0.0444937 0.690734 0.342864 0.550616 0.0917208 0.735201 0.961078 0.299405 
81 74 65 
0.856392 0.0383065 0.781109 0.00136627 0.779138 0.667822 0.41129 0.634729 
82 15 7 
0.366205 0.590412 0.608388 0.277779 0.815651 0.321686 0.800033 0.685703 
83 8 36 
0.739672 0.890355 0.835213 0.0825354 0.440972 0.926934 0.817737 0.40205 
84 60 35 
0.658795 0.082731 0.644527 0.439904 0.0840972 0.423665 0.107727 0.495388 
85 84 62 
0.998181 0.4246 0.563467 0.606569 0.702379 0.379118 0.928255 0.502412 
86 8 26 
0.646892 0.804493 0.664472 0.482105 0.887028 0.105444 0.409039 0.704765 
87 73 10 
0.310986 0.166289 0.718109 0.955513 0.606193 0.802206 0.379178 0.71392 
88 87 36 
0.686974 0.295775 0.862173 0.250441 0.902344 0.564552 0.629559 0.830599 
89 51 38 
0.604716 0.713856 0.498874 0.269188 0.195961 0.385902 0.374631 0.605 
90 74 51 
0.240378 0.401653 0.0484139 0.958487 0.357166 0.654607 0.760694 0.736344 
91 39 14 
0.173918 0.0555009 0.354062 0.0360907 0.305942 0.256406 0.600643 0.935501 
92 52 33 
0.629882 0.69172 0.381462 0.128756 0.960908 0.577423 0.514658 0.335539 
93 58 71 
0.217664 0.422801 0.00697786 0.266078 0.381288 0.364144 0.920685 0.141982 
94 41 39 
0.200269 0.274406 0.344713 0.554332 0.310497 0.650655 0.810738 0.911139 
95 92 8 
0.578746 0.216038 0.589463 0.960208 0.344794 0.550371 0.537631 0.859452 
