92 1
1 0 0 1 0 1 1 0 1 1 0 0 0 1 1 0 0 1 1 0 1 1 1 1 0 1 0 1 0 0 0 0 1 1 0 0 1 1 1 1 1 1 1 0 1 1 1 0 1 1 0 0 1 0 0 0 1 1 0 0 0 1 1 1 0 0 0 0 0 1 1 0 1 1 1 1 1 1 0 1 1 1 0 1 1 0 1 1 0 0 0 0 
0 
0.780947 0.444867 
1 
0.930196 0.486657 
2 
0.235426 0.109112 
3 
0.629464 0.69391 
4 
0.612212 0.029762 
5 
0.932219 0.858601 
6 
0.921953 0.085128 
7 
0.290213 0.110286 
8 
0.343724 0.717754 
9 
0.248802 0.387471 
10 
0.514115 0.582512 
11 
0.664582 0.515114 
12 
0.783083 0.0156045 
13 
0.734174 0.839427 
14 
0.772982 0.605855 
15 
0.65152 0.553929 
16 
0.0507221 0.581715 
17 
0.0405864 0.286148 
18 
0.690827 0.67005 
19 
0.980057 0.303039 
20 
0.699812 0.912276 
21 
0.16164 0.621765 
22 
0.997404 0.451853 
23 
0.732051 0.341128 
24 
0.169607 0.980854 
25 
0.728599 0.683722 
26 
0.563366 0.393181 
27 
0.198836 0.346449 
28 
0.408786 0.93301 
29 
0.185876 0.181768 
30 
0.538866 0.837396 
31 
0.735697 0.589588 
32 
0.419111 0.776284 
33 
0.875735 0.109938 
34 
0.446334 0.855793 
35 
0.412976 0.146146 
36 
0.768069 0.574616 
37 
0.767911 0.765473 
38 
0.0264688 0.499962 
39 
0.106601 0.196076 
40 
0.480816 0.8352 
41 
0.879798 0.0441817 
42 
0.228382 0.0786342 
43 
0.390631 0.637167 
44 
0.0116447 0.576507 
45 
0.818935 0.55051 
46 
0.413903 0.554633 
47 
0.140098 0.833013 
48 
0.330916 0.0158334 
49 
0.942951 0.77725 
50 
0.871626 0.355927 
51 
0.923396 0.639695 
52 
0.930543 0.691307 
53 
0.405168 0.957012 
54 
0.191269 0.511769 
55 
0.153088 0.672085 
56 
0.346969 0.0328857 
57 
0.716266 0.575351 
58 
0.11152 0.106897 
59 
0.212518 0.123165 
60 
0.683404 0.0314538 
61 
0.673675 0.0973064 
62 
0.586087 0.813773 
63 
0.93032 0.917003 
64 
0.829607 0.873271 
65 
0.694253 0.701233 
66 
0.229198 0.617649 
67 
0.340928 0.159741 
68 
0.308956 0.746096 
69 
0.116753 0.500225 
70 
0.257865 0.269841 
71 
0.17231 0.604834 
72 
0.302727 0.888576 
73 
0.180185 0.414247 
74 
0.995473 0.392703 
75 
0.537411 0.678877 
76 
0.424157 0.211086 
77 
0.776184 0.0102435 
78 
0.0248595 0.706503 
79 
0.927246 0.854466 
80 
0.579774 0.6215 
81 
0.555699 0.808972 
82 
0.239149 0.896626 
83 
0.968713 0.548105 
84 
0.642722 0.0854661 
85 
0.0483304 0.900587 
86 
0.355307 0.22064 
87 
0.505421 0.658034 
88 
0.109216 0.685606 
89 
0.0722805 0.10469 
90 
0.0783088 0.609692 
91 
0.783567 0.502466 
