31 2
0 1 0 0 1 1 1 0 1 1 0 1 1 0 1 1 1 1 0 1 0 1 1 0 0 1 0 1 0 0 0 
0 18 
0.0586227 0.206565 0.632658 0.27148 
1 20 
0.0545267 0.531511 0.0265229 0.168941 
2 23 
0.437358 0.170701 0.0442992 0.9495 
3 8 
0.470331 0.345158 0.260589 0.537298 
4 30 
0.483622 0.068193 0.453384 0.44678 
5 13 
0.254431 0.0113688 0.126886 0.582254 
6 1 
0.0400261 0.640877 0.641073 0.672684 
7 0 
0.724796 0.727211 0.443868 0.751319 
8 11 
0.588319 0.188676 0.0668525 0.632619 
9 3 
0.0715226 0.10295 0.483335 0.332111 
10 27 
0.972076 0.815734 0.708441 0.425459 
11 7 
0.860008 0.67989 0.273883 0.986894 
12 4 
0.708391 0.0269203 0.903021 0.349464 
13 21 
0.815377 0.0742597 0.426816 0.259245 
14 20 
0.322967 0.847565 0.0142548 0.38982 
15 4 
0.152431 0.461342 0.583133 0.635766 
16 28 
0.223382 0.607842 0.609188 0.931823 
17 22 
0.871702 0.791831 0.713191 0.145585 
18 3 
0.975335 0.853976 0.805646 0.878356 
19 20 
0.50525 0.693733 0.277699 0.932066 
20 22 
0.103278 0.255033 0.800543 0.117533 
21 19 
0.280726 0.269964 0.106196 0.86386 
22 9 
0.89965 0.0872413 0.513572 0.508837 
23 13 
0.546873 0.380539 0.810896 0.260064 
24 6 
0.589621 0.235399 0.3801 0.395267 
25 14 
0.583539 0.900517 0.807488 0.861239 
26 14 
0.760467 0.964516 0.0876167 0.56101 
27 12 
0.73247 0.841736 0.352013 0.838665 
28 19 
0.257743 0.738315 0.792837 0.771315 
29 8 
0.811902 0.318188 0.627692 0.622797 
30 23 
0.153816 0.212418 0.813651 0.533916 
