21 4
1 0 1 0 1 0 0 1 0 0 0 1 0 1 1 0 1 1 1 1 1 
0 11 2 18 
0.138497 0.511164 0.894654 0.955557 0.524144 0.235172 0.483006 0.435168 0.290525 0.411392 0.431564 0.387643 0.151869 0.271139 0.450697 0.679937 
1 4 19 15 
0.179907 0.673048 0.880153 0.360566 0.282065 0.22625 0.0570637 0.446087 0.849959 0.388705 0.212391 0.0203377 0.527202 0.723555 0.914992 0.482759 
2 3 9 4 
0.682867 0.440688 0.377157 0.114431 0.828332 0.529027 0.38557 0.279028 0.208964 0.492134 0.14195 0.900372 0.672042 0.814998 0.780526 0.0326074 
3 7 14 11 
0.856735 0.478376 0.755541 0.877073 0.00557863 0.479096 0.792065 0.488338 0.726794 0.942229 0.454104 0.40966 0.382917 0.831261 0.524091 0.211249 
4 5 1 15 
0.569251 0.401795 0.632227 0.469624 0.073837 0.447225 0.250149 0.106444 0.544289 0.256925 0.196115 0.0874391 0.11366 0.674492 0.84298 0.990733 
5 19 20 7 
0.168408 0.0488699 0.725026 0.622512 0.45853 0.107943 0.453773 0.982622 0.319192 0.81406 0.892283 0.80947 0.383312 0.294078 0.441696 0.852935 
6 14 7 12 
0.43321 0.36001 0.670475 0.520649 0.47367 0.344967 0.363629 0.464403 0.0250375 0.685705 0.247201 0.193446 0.734575 0.972227 0.815958 0.193106 
7 10 5 2 
0.399363 0.0837912 0.0680101 0.208832 0.467103 0.362088 0.650529 0.320038 0.730004 0.53945 0.423123 0.204363 0.97266 0.783133 0.874838 0.493309 
8 0 19 14 
0.244843 0.542644 0.968406 0.438289 0.277219 0.940633 0.254247 0.470325 0.0208035 0.523978 0.646052 0.420166 0.607769 0.714062 0.628998 0.0748718 
9 5 8 7 
0.806154 0.818977 0.818033 0.0105176 0.791637 0.601166 0.885356 0.284946 0.857969 0.105161 0.141885 0.579175 0.350004 0.684529 0.547581 0.788293 
10 1 12 7 
0.509017 0.566517 0.0781261 0.929183 0.174286 0.792188 0.558181 0.249158 0.868339 0.837708 0.644068 0.674493 0.656685 0.462102 0.685011 0.448321 
11 14 16 4 
0.921237 0.675528 0.875153 0.500411 0.0255325 0.559682 0.0479921 0.813826 0.521431 0.536206 0.856366 0.953505 0.0452236 0.422883 0.0316313 0.974407 
12 0 2 4 
0.846327 0.692159 0.370296 0.490396 0.366652 0.0269809 0.952497 0.0516625 0.475302 0.0157652 0.622029 0.20857 0.937002 0.297557 0.0837231 0.437413 
13 17 4 19 
0.136916 0.164837 0.0216115 0.993281 0.118342 0.066835 0.416164 0.149973 0.041242 0.0133335 0.973793 0.57383 0.859661 0.665952 0.944127 0.350057 
14 9 5 12 
0.44641 0.318319 0.706295 0.65498 0.255321 0.00385263 0.738703 0.692734 0.326943 0.382109 0.17814 0.463858 0.546945 0.199751 0.457139 0.665288 
15 18 11 19 
0.307828 0.886637 0.789054 0.881658 0.746298 0.455006 0.825785 0.0963548 0.487609 0.796893 0.398909 0.571875 0.243303 0.717228 0.27817 0.898283 
16 5 18 2 
0.665284 0.608965 0.0190944 0.843423 0.0728237 0.56604 0.0431744 0.529963 0.231327 0.309761 0.403267 0.0465883 0.617589 0.289904 0.835642 0.499247 
17 11 6 18 
0.132557 0.778257 0.121925 0.531466 0.350132 0.365227 0.248694 0.628302 0.26351 0.221243 0.910325 0.900496 0.886527 0.519291 0.91959 0.72995 
18 16 8 11 
0.122077 0.716957 0.0828853 0.525344 0.763546 0.700474 0.815249 0.599188 0.199721 0.851451 0.889836 0.524753 0.984008 0.668093 0.646678 0.515474 
19 5 6 17 
0.985412 0.556852 0.175911 0.871939 0.0761429 0.0955007 0.601889 0.668257 0.581131 0.375014 0.790335 0.298088 0.457899 0.315679 0.0616333 0.158373 
20 17 12 6 
0.550657 0.882848 0.966387 0.21875 0.529526 0.481861 0.236975 0.541431 0.246029 0.883502 0.816846 0.231441 0.440355 0.992757 0.103379 0.516498 
