35 1
1 1 0 0 1 1 1 0 1 1 1 0 1 1 1 0 0 0 1 0 0 0 0 1 1 0 1 1 0 1 1 0 1 0 0 
0 
0.695711 0.759065 
1 
0.633305 0.994109 
2 
0.367305 0.763194 
3 
0.218402 0.220274 
4 
0.580154 0.236946 
5 
0.630794 0.929347 
6 
0.839391 0.696436 
7 
0.5041 0.345342 
8 
0.206665 0.878671 
9 
0.806695 0.122444 
10 
0.0982641 0.638202 
11 
0.937565 0.0105391 
12 
0.720036 0.0273058 
13 
0.327878 0.539645 
14 
0.303423 0.56022 
15 
0.419452 0.999134 
16 
0.319285 0.0527566 
17 
0.993243 0.68659 
18 
0.815951 0.211645 
19 
0.906864 0.396105 
20 
0.448592 0.537657 
21 
0.325452 0.287982 
22 
0.234093 0.829552 
23 
0.633324 0.440758 
24 
0.708223 0.440019 
25 
0.563202 0.806487 
26 
0.0782211 0.500767 
27 
0.817026 0.798257 
28 
0.528073 0.144904 
29 
0.337902 0.831496 
30 
0.705124 0.757354 
31 
0.83063 0.024409 
32 
0.810111 0.823873 
33 
0.710999 0.626062 
34 
0.0355185 0.617862 
