26 3
0 0 1 1 1 0 1 0 1 0 1 0 1 1 1 0 0 1 1 0 0 1 0 0 1 0 
0 7 19 
0.844347 0.539071 0.0138819 0.978722 0.308186 0.162371 0.853645 0.307033 
1 7 10 
0.0200848 0.157532 0.533455 0.0115326 0.619243 0.714367 0.280806 0.724148 
2 23 3 
0.938644 0.456233 0.628506 0.201553 0.018962 0.710395 0.197547 0.215305 
3 24 21 
0.419774 0.868647 0.00185019 0.433656 0.847369 0.310036 0.596027 0.701014 
4 24 8 
0.140499 0.637154 0.639222 0.673953 0.648687 0.258465 0.38832 0.929492 
5 3 7 
0.946074 0.921257 0.871193 0.574579 0.122809 0.890155 0.284974 0.320356 
6 18 23 
0.783136 0.525234 0.177921 0.784986 0.95889 0.0252903 0.0950217 0.554917 
7 8 25 
0.866803 0.349245 0.675829 0.540756 0.997931 0.934294 0.929076 0.927424 
8 2 12 
0.873497 0.838163 0.21523 0.448077 0.960972 0.105385 0.733051 0.281328 
9 14 19 
0.0644636 0.73608 0.220246 0.849449 0.69497 0.245536 0.944471 0.249887 
10 24 0 
0.286495 0.838643 0.00580682 0.962324 0.379399 0.00373832 0.896618 0.308475 
11 0 19 
0.652512 0.804659 0.651687 0.867741 0.252736 0.612659 0.973127 0.985786 
12 22 2 
0.0281113 0.958451 0.920052 0.248357 0.8079 0.615022 0.493894 0.752371 
13 25 18 
0.408933 0.151403 0.304378 0.41474 0.113727 0.683777 0.418478 0.0103448 
14 8 21 
0.823869 0.644764 0.154299 0.475555 0.512505 0.407035 0.0882143 0.485632 
15 9 19 
0.669604 0.420933 0.940652 0.589656 0.66929 0.748552 0.204677 0.163184 
16 4 10 
0.628918 0.909856 0.220989 0.933296 0.324596 0.334717 0.617073 0.743074 
17 25 12 
0.16893 0.254089 0.247013 0.644485 0.766594 0.654049 0.7327 0.252226 
18 11 16 
0.92183 0.467803 0.655553 0.511486 0.137093 0.404105 0.716163 0.300277 
19 16 17 
0.929195 0.814884 0.00673803 0.862491 0.13948 0.341455 0.479564 0.882553 
20 21 13 
0.975267 0.855446 0.342977 0.222281 0.499931 0.109572 0.876329 0.232631 
21 0 7 
0.283628 0.391003 0.603085 0.795113 0.528096 0.00718993 0.511276 0.828374 
22 23 21 
0.757569 0.727102 0.303763 0.62006 0.866581 0.645217 0.0996234 0.749135 
23 14 11 
0.724402 0.187179 0.531489 0.946683 0.68711 0.641061 0.823012 0.919741 
24 22 10 
0.867273 0.286486 0.137215 0.470358 0.0815996 0.665311 0.477548 0.592876 
25 2 5 
0.889901 0.251253 0.116868 0.193663 0.871313 0.983449 0.838881 0.970937 
