62 6
0 1 1 0 1 1 0 0 1 0 1 0 1 0 1 0 0 1 0 0 0 1 1 1 0 1 0 1 1 1 0 0 1 0 1 1 0 0 0 0 1 0 1 0 0 1 1 1 1 0 1 0 0 1 0 1 0 1 1 0 1 0 
0 26 30 2 61 55 
0.291924 0.853302 0.00636579 0.440169 0.475798 0.939583 0.513237 0.946699 0.926855 0.434225 0.75414 0.0215026 0.0424206 0.121402 0.770468 0.0165441 0.603462 0.678302 0.190693 0.0884842 0.164458 0.271921 0.0577839 0.756749 0.87137 0.446192 0.142863 0.126953 0.848875 0.616523 0.113949 0.140799 0.469825 0.120315 0.580968 0.945623 0.0598987 0.0942047 0.892322 0.986753 0.528429 0.646462 0.00825581 0.57085 0.767864 0.778724 0.587394 0.371326 0.457025 0.778087 0.45981 0.621483 0.0500082 0.517594 0.378232 0.921378 0.963786 0.521095 0.0483316 0.812661 0.137618 0.162281 0.953459 0.607443 
1 37 10 7 51 59 
0.329248 0.157061 0.0918506 0.337504 0.727911 0.859715 0.116227 0.315305 0.231041 0.573253 0.0933927 0.690851 0.194736 0.143401 0.208445 0.572967 0.0647791 0.172231 0.0940625 0.113111 0.984892 0.23168 0.275392 0.938351 0.839123 0.557988 0.472778 0.392189 0.900483 0.10141 0.837577 0.229731 0.258471 0.929428 0.567235 0.986382 0.789143 0.683462 0.301688 0.020184 0.256715 0.395081 0.711035 0.45145 0.538481 0.919481 0.0244177 0.603261 0.0917117 0.11848 0.716371 0.0766034 0.35016 0.991763 0.0149545 0.189283 0.549751 0.487733 0.581472 0.450234 0.589143 0.41905 0.679965 0.847614 
2 12 8 50 60 31 
0.135684 0.157805 0.187376 0.530765 0.86884 0.638827 0.069246 0.78832 0.663244 0.672507 0.880032 0.781725 0.388878 0.956635 0.131885 0.380641 0.97159 0.321169 0.930392 0.459322 0.902641 0.380626 0.048465 0.321691 0.0605902 0.896079 0.670168 0.30779 0.730075 0.807789 0.238451 0.865759 0.965593 0.425827 0.396523 0.834433 0.0646542 0.465769 0.622753 0.727899 0.138276 0.502785 0.509623 0.527154 0.459421 0.641508 0.907795 0.431011 0.962677 0.838187 0.890333 0.865318 0.218812 0.938798 0.187008 0.279403 0.834877 0.857176 0.587192 0.564952 0.664965 0.825643 0.430711 0.630559 
3 53 46 47 2 60 
0.0877452 0.0440236 0.43128 0.590531 0.553647 0.958434 0.0499515 0.195155 0.866229 0.480962 0.157832 0.704415 0.371295 0.02315 0.923228 0.310093 0.210158 0.202631 0.14497 0.0673347 0.789823 0.709922 0.7323 0.615466 0.140632 0.362858 0.866937 0.967866 0.82785 0.183062 0.26087 0.915595 0.227086 0.692149 0.506126 0.780732 0.650583 0.556077 0.975888 0.516812 0.0370394 0.13372 0.221227 0.408335 0.15687 0.144455 0.718428 0.367028 0.347086 0.863398 0.434363 0.136908 0.57332 0.166663 0.752374 0.713952 0.529521 0.619311 0.681818 0.357371 0.802373 0.942688 0.272966 0.0294589 
4 8 61 9 59 35 
0.802233 0.372209 0.919799 0.0234598 0.780543 0.0766685 0.167915 0.498971 0.443697 0.515 0.362369 0.878059 0.651909 0.935689 0.044722 0.404283 0.649641 0.574243 0.0235945 0.33146 0.931614 0.825968 0.274148 0.20458 0.855427 0.908986 0.983672 0.665618 0.194407 0.318842 0.451697 0.99664 0.691051 0.371496 0.0200995 0.471594 0.448164 0.188014 0.970565 0.891861 0.703015 0.332935 0.76992 0.354923 0.268624 0.814642 0.759206 0.918265 0.388885 0.782801 0.249725 0.320499 0.608769 0.523874 0.52508 0.464195 0.43286 0.508752 0.129814 0.627267 0.827594 0.581511 0.623906 0.518645 
5 40 21 46 39 1 
0.960804 0.293031 0.535035 0.293739 0.0629516 0.889958 0.562363 0.877594 0.649164 0.480629 0.266479 0.431965 0.730354 0.586979 0.0407335 0.254227 0.112058 0.504929 0.687087 0.620811 0.634743 0.314354 0.448405 0.216253 0.93826 0.967049 0.169259 0.582266 0.957288 0.57043 0.414286 0.918092 0.863461 0.949321 0.211831 0.926413 0.839279 0.774195 0.804007 0.488443 0.254823 0.0704862 0.920408 0.985177 0.657465 0.961142 0.239404 0.769523 0.466071 0.926491 0.390334 0.100813 0.240845 0.838739 0.317066 0.179105 0.805788 0.486326 0.761371 0.763076 0.0567559 0.175657 0.681169 0.920217 
6 32 38 53 52 61 
0.650637 0.4527 0.922018 0.721124 0.373108 0.907195 0.378589 0.33425 0.146599 0.148112 0.800321 0.073091 0.538446 0.901134 0.313936 0.377185 0.2182 0.493041 0.182973 0.704526 0.254412 0.94605 0.761282 0.43007 0.627219 0.681499 0.555048 0.520219 0.528129 0.519305 0.187413 0.178767 0.972005 0.109431 0.89989 0.345114 0.0166264 0.278479 0.679364 0.163226 0.426591 0.479684 0.236317 0.965037 0.380818 0.550253 0.342222 0.599018 0.043294 0.525196 0.303544 0.297706 0.471245 0.0648258 0.727776 0.098464 0.746325 0.282824 0.618683 0.274454 0.802129 0.806096 0.453221 0.774134 
7 0 34 35 60 41 
0.0953798 0.0581817 0.278296 0.331697 0.023219 0.659115 0.88195 0.365441 0.258133 0.925244 0.890637 0.561677 0.22295 0.361882 0.626503 0.950726 0.460346 0.372828 0.233549 0.0790291 0.647282 0.0356779 0.885125 0.100503 0.809812 0.800653 0.453614 0.92906 0.732807 0.0852051 0.727672 0.828186 0.143387 0.0059687 0.159883 0.166606 0.665083 0.0418326 0.532047 0.923216 0.967076 0.422684 0.484893 0.190026 0.784567 0.111396 0.140752 0.244913 0.484223 0.374301 0.323942 0.131505 0.409979 0.209068 0.232008 0.219791 0.00972034 0.685623 0.148851 0.742527 0.770828 0.876523 0.570713 0.914215 
8 43 18 16 15 10 
0.612868 0.470792 0.739505 0.0355519 0.955685 0.929531 0.820119 0.0670805 0.0702827 0.0650317 0.551304 0.444583 0.388974 0.682809 0.854562 0.598042 0.914817 0.074353 0.607762 0.60044 0.223204 0.350289 0.371267 0.0997274 0.921002 0.285482 0.982219 0.651599 0.366302 0.529795 0.424028 0.97917 0.000586242 0.163533 0.0147218 0.956271 0.0930642 0.83484 0.0233513 0.163347 0.899872 0.574655 0.60793 0.288846 0.257464 0.462493 0.886888 0.172281 0.536846 0.49465 0.772721 0.76005 0.844939 0.143988 0.859777 0.765941 0.42947 0.841997 0.41754 0.795772 0.371791 0.841568 0.774942 0.372377 
9 17 16 7 8 0 
0.352 0.261512 0.524377 0.926655 0.869443 0.813223 0.184119 0.331935 0.700111 0.3564 0.868781 0.19476 0.129121 0.62883 0.0396991 0.273109 0.488608 0.80564 0.702579 0.330604 0.22318 0.498351 0.702395 0.0647482 0.273293 0.0747728 0.0698492 0.0629572 0.403421 0.168014 0.687462 0.755421 0.429527 0.211838 0.682076 0.298969 0.0250608 0.866195 0.630904 0.725171 0.222595 0.499685 0.919932 0.351716 0.128515 0.959631 0.624825 0.617123 0.765271 0.327404 0.947727 0.988451 0.825755 0.650122 0.0531996 0.0990485 0.724895 0.123049 0.162006 0.128316 0.291063 0.849467 0.883737 0.72059 
10 40 38 12 46 36 
0.650463 0.811538 0.654602 0.150148 0.731469 0.00631842 0.278664 0.6911 0.631143 0.895787 0.456371 0.958548 0.843514 0.444823 0.784303 0.493636 0.498022 0.883351 0.218531 0.621071 0.0453569 0.346848 0.912135 0.894824 0.230585 0.632725 0.95613 0.796397 0.652284 0.0424959 0.228405 0.302747 0.854034 0.883007 0.452896 0.585503 0.889326 0.731559 0.276603 0.520469 0.627346 0.732974 0.479017 0.47086 0.177797 0.26332 0.964496 0.675819 0.146671 0.183028 0.296891 0.192028 0.529875 0.209025 0.086852 0.76046 0.84175 0.0429816 0.556857 0.494033 0.0854776 0.785262 0.796781 0.939511 
11 13 3 21 29 5 
0.801617 0.0780649 0.608582 0.534591 0.557082 0.0794417 0.712388 0.820401 0.043938 0.388207 0.967072 0.226966 0.685098 0.1591 0.756841 0.894123 0.245952 0.517301 0.735873 0.288933 0.0741582 0.229906 0.374411 0.859421 0.0266868 0.313922 0.52769 0.276363 0.838936 0.0852859 0.257598 0.640553 0.163351 0.86618 0.175144 0.720433 0.945622 0.887532 0.540834 0.98956 0.27574 0.507906 0.216526 0.960838 0.667005 0.973366 0.854961 0.912957 0.490667 0.590834 0.20189 0.564826 0.82074 0.576301 0.424246 0.847427 0.890223 0.951936 0.12379 0.729159 0.0372224 0.381388 0.369712 0.200573 
12 24 49 7 45 61 
0.46184 0.18275 0.708127 0.969745 0.399276 0.668965 0.636751 0.372642 0.523926 0.549708 0.863309 0.114759 0.751598 0.428135 0.935499 0.327899 0.852381 0.782926 0.218122 0.804318 0.906716 0.947281 0.84154 0.288104 0.316993 0.0421131 0.535672 0.861848 0.963119 0.728862 0.294236 0.424958 0.911613 0.00236317 0.394704 0.310888 0.671328 0.0314543 0.68353 0.195254 0.581162 0.54684 0.310013 0.33276 0.974975 0.245512 0.660659 0.827356 0.0284384 0.878781 0.631673 0.935154 0.826063 0.473213 0.223258 0.143055 0.515326 0.75893 0.00490349 0.478445 0.487793 0.299139 0.903404 0.399405 
13 26 56 19 1 27 
0.168084 0.910724 0.940664 0.478097 0.243484 0.915638 0.72361 0.904143 0.742994 0.752048 0.782924 0.374668 0.687202 0.608987 0.847881 0.91046 0.752042 0.363207 0.669391 0.756946 0.841652 0.157183 0.0560849 0.745056 0.556589 0.357588 0.0431631 0.266882 0.330418 0.372725 0.660706 0.498503 0.283448 0.601369 0.9766 0.526932 0.517008 0.70021 0.431075 0.260002 0.452258 0.213999 0.63467 0.13946 0.822986 0.482551 0.0499208 0.575028 0.845758 0.719311 0.331973 0.68741 0.876495 0.388058 0.432466 0.433083 0.745646 0.475629 0.699965 0.0760639 0.848354 0.360671 0.574566 0.131802 
14 50 55 24 58 36 
0.0898086 0.73905 0.703634 0.303807 0.37372 0.843095 0.126793 0.856271 0.893016 0.701821 0.702029 0.612327 0.0337942 0.389439 0.488822 0.421852 0.821905 0.921905 0.167498 0.297535 0.62187 0.243562 0.145889 0.982541 0.818129 0.277691 0.944582 0.369295 0.936425 0.42363 0.620671 0.0262335 0.16268 0.324306 0.330041 0.5364 0.167401 0.456834 0.392671 0.0604165 0.158655 0.0946995 0.672744 0.192449 0.484138 0.161566 0.614302 0.306044 0.0834706 0.7818 0.603578 0.705341 0.0253619 0.749467 0.687882 0.84349 0.027158 0.632464 0.212785 0.963583 0.0560941 0.833457 0.989816 0.218774 
15 61 38 22 10 16 
0.147846 0.38558 0.935346 0.242545 0.0583236 0.127796 0.726684 0.219889 0.742097 0.0327272 0.30336 0.523897 0.636306 0.00870076 0.549259 0.385773 0.696583 0.392749 0.412931 0.329047 0.605535 0.376513 0.385141 0.438992 0.36633 0.603916 0.596754 0.686187 0.35909 0.921918 0.462879 0.506936 0.307498 0.398225 0.749481 0.365821 0.526021 0.476165 0.58571 0.268118 0.508892 0.88907 0.792015 0.145197 0.897771 0.341274 0.53097 0.594354 0.734023 0.943901 0.923401 0.339558 0.320414 0.308543 0.778549 0.686744 0.912458 0.375304 0.372931 0.271549 0.297221 0.83581 0.778485 0.604719 
16 30 49 43 45 52 
0.0281731 0.513022 0.445321 0.820188 0.65822 0.343092 0.161462 0.18919 0.937446 0.895485 0.133091 0.860848 0.235043 0.453505 0.16939 0.0135925 0.140249 0.0818488 0.388896 0.51318 0.353397 0.686118 0.34899 0.131882 0.290837 0.583024 0.659848 0.261377 0.34308 0.663978 0.817628 0.371253 0.177 0.26295 0.191441 0.83522 0.606042 0.352903 0.02441 0.543488 0.248388 0.157501 0.404336 0.483431 0.611005 0.573727 0.497023 0.751254 0.655576 0.885919 0.264434 0.00897301 0.572037 0.613424 0.140855 0.862874 0.196448 0.800703 0.124251 0.539527 0.464681 0.94188 0.91078 0.641681 
17 3 9 53 54 48 
0.501312 0.35436 0.703511 0.658812 0.758697 0.186941 0.269817 0.332423 0.683965 0.0210714 0.987999 0.569884 0.285505 0.996972 0.141921 0.898929 0.137827 0.00479505 0.0953768 0.93853 0.129047 0.634904 0.403211 0.0709265 0.545684 0.0448924 0.275756 0.647905 0.521794 0.0866281 0.103028 0.0231057 0.440988 0.806539 0.681918 0.199685 0.993481 0.951735 0.532108 0.677445 0.972807 0.520107 0.247329 0.258312 0.517079 0.38925 0.157241 0.654906 0.394045 0.252618 0.593436 0.523092 0.887522 0.996647 0.594018 0.433206 0.0415389 0.869775 0.0811112 0.563333 0.956403 0.184139 0.586439 0.397391 
18 3 35 32 59 21 
0.129184 0.661605 0.192898 0.649291 0.908934 0.451211 0.16637 0.298184 0.608452 0.821276 0.692229 0.861069 0.414712 0.215321 0.748591 0.411358 0.809339 0.181798 0.452897 0.679114 0.262909 0.0162304 0.635517 0.447048 0.602669 0.0329077 0.437727 0.871025 0.629984 0.421886 0.0911172 0.759168 0.0834906 0.284016 0.408459 0.992424 0.735226 0.57483 0.290608 0.343678 0.396106 0.982837 0.204747 0.810818 0.198159 0.953338 0.222176 0.00749786 0.135136 0.675074 0.686612 0.398045 0.691304 0.322128 0.845093 0.293973 0.355036 0.28282 0.164999 0.98502 0.704706 0.256116 0.744188 0.788197 
19 14 42 40 1 2 
0.0712293 0.619036 0.123583 0.0540668 0.823783 0.934401 0.252225 0.777121 0.156578 0.259723 0.912257 0.831652 0.946335 0.310302 0.522956 0.268463 0.155395 0.816929 0.623499 0.438214 0.981928 0.608519 0.14292 0.238043 0.352707 0.931117 0.778175 0.505355 0.711738 0.0535329 0.232832 0.782967 0.672568 0.356415 0.837034 0.496351 0.290817 0.0892592 0.273472 0.447394 0.348982 0.185729 0.279046 0.295317 0.496031 0.802002 0.563781 0.651425 0.61893 0.18728 0.0896394 0.600858 0.795799 0.23256 0.838902 0.148507 0.163677 0.617077 0.653861 0.875415 0.67061 0.886693 0.658382 0.343178 
20 54 45 33 32 16 
0.113001 0.98132 0.933658 0.29873 0.260365 0.228975 0.794761 0.0623669 0.792755 0.446186 0.681297 0.980036 0.535825 0.282155 0.775835 0.768385 0.121057 0.924342 0.932062 0.738133 0.578203 0.807476 0.408743 0.464896 0.465858 0.751921 0.708005 0.961274 0.59145 0.24193 0.545949 0.704452 0.22325 0.479607 0.00318173 0.483615 0.708582 0.797942 0.545982 0.501337 0.244128 0.22728 0.481373 0.779954 0.509435 0.257208 0.548338 0.630492 0.181549 0.4804 0.368625 0.759752 0.287877 0.777368 0.224649 0.753735 0.529289 0.932654 0.715009 0.12074 0.174585 0.260958 0.825191 0.397835 
21 27 31 52 42 0 
0.427432 0.950484 0.870444 0.654712 0.431857 0.650397 0.164147 0.689065 0.198736 0.794638 0.870614 0.679136 0.163263 0.630366 0.967012 0.940632 0.855015 0.720747 0.469921 0.787669 0.435756 0.590661 0.962254 0.696715 0.415852 0.360089 0.43728 0.244225 0.241538 0.886427 0.87054 0.668971 0.836911 0.740983 0.323682 0.268768 0.39138 0.487829 0.957832 0.590116 0.282467 0.828446 0.269252 0.44573 0.458813 0.236264 0.386362 0.313828 0.957011 0.856283 0.101498 0.392767 0.446944 0.0637515 0.089482 0.862796 0.42384 0.526762 0.10702 0.665379 0.413189 0.97756 0.334349 0.2501 
22 0 23 26 29 41 
0.4767 0.70004 0.428327 0.305146 0.969291 0.874057 0.763959 0.205555 0.260419 0.077787 0.162566 0.116703 0.179285 0.555334 0.563646 0.243036 0.644816 0.426442 0.666876 0.171578 0.533462 0.332255 0.584767 0.511022 0.666604 0.834866 0.229565 0.324635 0.353734 0.339489 0.470495 0.830434 0.0395284 0.898821 0.13558 0.00881982 0.772879 0.899539 0.214375 0.0332979 0.977326 0.376942 0.15 0.156611 0.932276 0.713647 0.399647 0.577091 0.140089 0.0665229 0.748669 0.673551 0.398778 0.333436 0.184572 0.0653812 0.168302 0.414137 0.390016 0.522036 0.753626 0.860511 0.35247 0.793155 
23 35 11 48 2 60 
0.565509 0.364915 0.393291 0.715509 0.521526 0.325567 0.429156 0.921173 0.902658 0.569245 0.987696 0.651327 0.242795 0.386473 0.984763 0.427368 0.451854 0.153065 0.841505 0.84187 0.6751 0.595131 0.702381 0.0275703 0.388286 0.461713 0.51562 0.19026 0.993924 0.90321 0.20661 0.559432 0.268125 0.599901 0.274941 0.789651 0.925468 0.704097 0.710824 0.828126 0.273342 0.69852 0.479454 0.516137 0.0849932 0.464216 0.943504 0.536848 0.617281 0.785009 0.378718 0.292381 0.380141 0.0810991 0.319952 0.768427 0.542812 0.835572 0.958687 0.536736 0.738782 0.165297 0.0961683 0.00690714 
24 22 37 58 0 28 
0.518793 0.348549 0.205903 0.998246 0.864685 0.290896 0.462463 0.80819 0.827744 0.0797439 0.593199 0.206462 0.372125 0.97334 0.287561 0.692077 0.741767 0.830373 0.527649 0.700454 0.367109 0.266431 0.865751 0.463277 0.273338 0.630949 0.834387 0.0698969 0.321615 0.909594 0.57728 0.840408 0.258142 0.783182 0.838655 0.122828 0.0740782 0.301118 0.931017 0.901822 0.380861 0.524217 0.108283 0.752987 0.497557 0.395844 0.445064 0.239324 0.226217 0.972713 0.939777 0.593326 0.239144 0.805528 0.0566027 0.512483 0.436477 0.89099 0.58238 0.758092 0.800583 0.159659 0.5985 0.0587253 
25 15 2 50 4 36 
0.11257 0.918741 0.119134 0.636787 0.0270247 0.872121 0.134344 0.422869 0.317185 0.373667 0.649085 0.289898 0.313445 0.242411 0.529043 0.118973 0.299014 0.0415256 0.555449 0.190003 0.623905 0.313542 0.990586 0.783565 0.912042 0.0493118 0.726406 0.349197 0.230865 0.743326 0.0874701 0.343435 0.662067 0.206604 0.980222 0.689092 0.0787255 0.114566 0.111961 0.39591 0.488233 0.761046 0.685809 0.801678 0.00345714 0.214851 0.920651 0.302471 0.256377 0.4761 0.492474 0.880282 0.789642 0.483061 0.663847 0.701684 0.532372 0.390253 0.0508811 0.763237 0.133579 0.138351 0.106672 0.795647 
26 16 59 17 37 35 
0.596699 0.819591 0.689693 0.357746 0.5054 0.491371 0.361203 0.720252 0.412022 0.663674 0.976629 0.888122 0.156148 0.856911 0.677764 0.639208 0.520758 0.379448 0.171581 0.911011 0.430329 0.934818 0.0445898 0.56868 0.0414896 0.840236 0.913635 0.128384 0.324975 0.337316 0.329843 0.921674 0.156908 0.0195367 0.27942 0.662308 0.510908 0.640622 0.38256 0.92293 0.304296 0.359188 0.811052 0.460444 0.216099 0.488815 0.0996519 0.736857 0.868263 0.271233 0.647867 0.298592 0.20605 0.692457 0.867272 0.24754 0.532693 0.780907 0.375923 0.857668 0.118223 0.705767 0.779343 0.275131 
27 26 32 16 14 23 
0.319999 0.159141 0.00368098 0.679187 0.970193 0.464125 0.895286 0.459008 0.563777 0.632143 0.327271 0.835009 0.28001 0.625863 0.0410593 0.972467 0.493134 0.288599 0.505161 0.274041 0.664522 0.362829 0.392264 0.370289 0.142172 0.667396 0.0955921 0.200934 0.604835 0.331803 0.900319 0.924834 0.490944 0.904 0.604022 0.461137 0.368125 0.499308 0.920145 0.931902 0.131451 0.247416 0.766911 0.411461 0.873278 0.80797 0.383929 0.366413 0.0965689 0.88909 0.640454 0.761091 0.251919 0.0327181 0.13138 0.394091 0.700114 0.226972 0.595025 0.304949 0.558775 0.495344 0.229784 0.0497194 
28 26 6 36 10 37 
0.431001 0.699371 0.464565 0.678417 0.466282 0.876026 0.551695 0.274252 0.259955 0.918108 0.37082 0.149045 0.558561 0.131911 0.400963 0.59128 0.263291 0.795054 0.291393 0.490263 0.390079 0.596343 0.0490384 0.885423 0.826126 0.0987578 0.284767 0.659932 0.609614 0.0522365 0.993046 0.040615 0.751607 0.45761 0.719032 0.217889 0.333637 0.270727 0.492141 0.593592 0.188835 0.862961 0.742636 0.747396 0.994872 0.143599 0.338676 0.258164 0.938653 0.630069 0.748427 0.328732 0.226412 0.797465 0.214155 0.0525385 0.896223 0.498922 0.71247 0.505837 0.551159 0.705516 0.546452 0.302766 
29 19 53 58 44 40 
0.0127955 0.0903544 0.725046 0.875756 0.832991 0.472443 0.870629 0.97659 0.811118 0.128793 0.915243 0.441188 0.87722 0.243975 0.6676 0.674685 0.45813 0.720139 0.570908 0.957052 0.432609 0.0767454 0.508211 0.138125 0.623198 0.810977 0.301251 0.888681 0.331632 0.798014 0.424893 0.344427 0.888369 0.149939 0.220184 0.721359 0.622381 0.0908126 0.697949 0.4335 0.219605 0.613192 0.874688 0.0968251 0.857168 0.542288 0.77151 0.315298 0.262426 0.342418 0.27235 0.695035 0.419164 0.780561 0.83316 0.0423614 0.591537 0.134411 0.931043 0.923169 0.932426 0.355935 0.267596 0.820794 
30 8 10 43 46 47 
0.240103 0.561755 0.798198 0.853295 0.436442 0.895023 0.710463 0.97873 0.666533 0.0257603 0.241156 0.00895168 0.29811 0.936191 0.428116 0.0786708 0.769351 0.470477 0.670208 0.903763 0.40152 0.593377 0.836188 0.757455 0.860974 0.656983 0.263329 0.348754 0.199136 0.391584 0.927346 0.439239 0.953339 0.725544 0.292534 0.389782 0.620567 0.00299621 0.368512 0.287101 0.0287565 0.609668 0.296052 0.326867 0.545859 0.724168 0.405537 0.31521 0.194645 0.0757457 0.218973 0.596164 0.669123 0.0551609 0.35362 0.530097 0.712143 0.616949 0.87885 0.911279 0.00853319 0.806197 0.350518 0.961873 
31 2 13 40 35 17 
0.720166 0.439409 0.674804 0.329834 0.735461 0.00167105 0.875693 0.459629 0.407209 0.190903 0.654274 0.482954 0.409875 0.250438 0.152077 0.465036 0.604058 0.682174 0.17718 0.221006 0.561024 0.0884593 0.22954 0.367221 0.438977 0.191412 0.898962 0.0820291 0.543066 0.0512703 0.728077 0.263232 0.490679 0.402881 0.593066 0.226141 0.404552 0.468759 0.68577 0.811761 0.659662 0.340043 0.294715 0.0695371 0.590482 0.446792 0.534573 0.194539 0.128966 0.711753 0.415546 0.68999 0.800213 0.645085 0.0572111 0.23919 0.836498 0.956173 0.321219 0.379564 0.00744329 0.0492962 0.642796 0.498123 
32 37 39 51 48 41 
0.410033 0.668491 0.364283 0.750076 0.963206 0.43382 0.340558 0.409998 0.968394 0.535097 0.538965 0.680147 0.950643 0.228955 0.48036 0.595728 0.286166 0.71955 0.432226 0.242339 0.0407689 0.81179 0.249782 0.0900651 0.454586 0.747905 0.542243 0.690449 0.472168 0.398973 0.39507 0.882201 0.067464 0.759353 0.632277 0.0306702 0.193173 0.972835 0.440669 0.161567 0.507932 0.979633 0.841714 0.458575 0.208588 0.322073 0.0543035 0.494754 0.0416232 0.486529 0.737093 0.0823921 0.298319 0.986875 0.172457 0.752906 0.73478 0.7147 0.443355 0.206948 0.113673 0.838425 0.0891486 0.181137 
33 50 16 42 56 32 
0.652476 0.952519 0.202193 0.632109 0.794233 0.660768 0.840697 0.116306 0.715071 0.335451 0.157929 0.201601 0.0725437 0.240322 0.49992 0.0594188 0.412779 0.252826 0.794199 0.127479 0.69618 0.00114659 0.241152 0.534605 0.0902952 0.422288 0.132384 0.811721 0.634095 0.923336 0.505981 0.286571 0.875855 0.708174 0.91868 0.670087 0.368942 0.759377 0.786394 0.084013 0.0948277 0.944323 0.285614 0.167371 0.184645 0.785534 0.22679 0.597423 0.0383593 0.020989 0.724902 0.73454 0.0221356 0.966054 0.269145 0.112431 0.388342 0.401529 0.924152 0.0224373 0.324864 0.430133 0.309008 0.200719 
34 14 49 7 10 3 
0.6572 0.591262 0.0818927 0.601523 0.876876 0.249264 0.786168 0.662409 0.476054 0.383591 0.700768 0.497043 0.108493 0.435308 0.519179 0.0745466 0.704453 0.63161 0.462889 0.105981 0.555761 0.485326 0.430846 0.985894 0.794334 0.631564 0.124201 0.0220225 0.502371 0.63145 0.00908753 0.15957 0.222712 0.0909802 0.761093 0.0995877 0.340244 0.547261 0.761997 0.816299 0.930852 0.462765 0.313342 0.039345 0.898073 0.832521 0.113892 0.602526 0.46413 0.57678 0.708508 0.0198917 0.0621061 0.139353 0.00578602 0.85644 0.770918 0.129987 0.878463 0.273288 0.761438 0.88755 0.432859 0.98415 
35 2 19 36 16 28 
0.845734 0.135074 0.672065 0.3085 0.448415 0.71141 0.206573 0.280936 0.825302 0.809099 0.745067 0.402082 0.517606 0.764958 0.464188 0.65696 0.770744 0.320629 0.427877 0.900732 0.199092 0.701166 0.662169 0.0866419 0.134025 0.646319 0.0651724 0.327977 0.730056 0.383947 0.0691901 0.575791 0.519021 0.741255 0.88429 0.967436 0.452666 0.0908629 0.248373 0.277968 0.899962 0.993439 0.68005 0.417568 0.758398 0.144239 0.074528 0.529142 0.464867 0.502405 0.429874 0.663959 0.203571 0.0920434 0.750601 0.337596 0.738362 0.815773 0.665572 0.468419 0.19972 0.734762 0.0442093 0.718741 
36 59 26 58 14 6 
0.93455 0.206652 0.919324 0.927989 0.886702 0.336892 0.686387 0.0309407 0.41142 0.215529 0.495808 0.913826 0.645403 0.159767 0.117397 0.737447 0.910368 0.454992 0.475809 0.726141 0.120565 0.944228 0.925861 0.855327 0.988437 0.644602 0.331345 0.916937 0.33078 0.260029 0.936299 0.26533 0.466681 0.855623 0.193319 0.353383 0.192515 0.879706 0.384324 0.603935 0.0952357 0.880132 0.517761 0.740639 0.0398983 0.635158 0.478086 0.950266 0.0901499 0.953895 0.676406 0.210715 0.898122 0.602268 0.0660417 0.88656 0.24687 0.397387 0.803496 0.57765 0.657416 0.739795 0.84298 0.124097 
37 31 0 16 25 12 
0.861803 0.391868 0.0112416 0.741934 0.909629 0.751881 0.781833 0.544787 0.229966 0.732099 0.634937 0.183861 0.408505 0.845651 0.081983 0.0107728 0.911693 0.968543 0.257643 0.30908 0.772039 0.835293 0.966495 0.511834 0.678273 0.0905918 0.107251 0.714572 0.568071 0.895184 0.630578 0.429874 0.287052 0.64182 0.171809 0.196681 0.393701 0.953641 0.741467 0.623667 0.68574 0.376404 0.807527 0.0942453 0.222055 0.88951 0.105018 0.133748 0.858053 0.362661 0.442827 0.630092 0.197954 0.409322 0.141925 0.876227 0.499914 0.249176 0.590799 0.0679855 0.14436 0.221378 0.49786 0.431412 
38 47 11 2 27 57 
0.36956 0.880565 0.30905 0.745963 0.688092 0.403295 0.968018 0.577602 0.508313 0.101766 0.435655 0.870974 0.544593 0.0657462 0.0689279 0.953916 0.207671 0.945155 0.45383 0.456847 0.535954 0.521815 0.601207 0.757331 0.0196751 0.032619 0.620529 0.689343 0.660711 0.877427 0.312653 0.030271 0.757991 0.621703 0.776234 0.446083 0.024998 0.744253 0.023685 0.533311 0.846019 0.45934 0.404285 0.390612 0.525086 0.473213 0.344528 0.732757 0.418368 0.798358 0.189605 0.954321 0.320173 0.790812 0.711653 0.339848 0.823431 0.332181 0.0291917 0.484142 0.209608 0.341845 0.514413 0.967599 
39 58 50 1 10 49 
0.437367 0.521857 0.88092 0.896707 0.926142 0.271532 0.421793 0.399355 0.616059 0.15455 0.817723 0.414417 0.344155 0.772044 0.734591 0.134967 0.483697 0.0744389 0.958398 0.815878 0.103631 0.44254 0.025486 0.445475 0.956953 0.993085 0.409023 0.247601 0.406768 0.397568 0.282502 0.844135 0.919425 0.163421 0.740842 0.845567 0.434953 0.162635 0.244922 0.0510124 0.317185 0.0626447 0.46543 0.66134 0.834689 0.20002 0.796306 0.318385 0.274459 0.754704 0.134263 0.37809 0.197244 0.159749 0.823565 0.154197 0.152835 0.232588 0.401798 0.559602 0.630156 0.6843 0.403737 0.549581 
40 49 42 29 54 44 
0.640069 0.333687 0.6244 0.702714 0.799116 0.28574 0.537403 0.999136 0.0820462 0.855788 0.273595 0.83675 0.990052 0.651685 0.033994 0.149801 0.47525 0.188191 0.302636 0.707837 0.589989 0.862238 0.337993 0.274289 0.265975 0.887574 0.122011 0.410555 0.282721 0.404685 0.71777 0.922791 0.738371 0.34217 0.625505 0.537488 0.62791 0.162908 0.536624 0.709956 0.0186962 0.810219 0.546706 0.00874784 0.461904 0.5807 0.158549 0.937154 0.768891 0.461184 0.644991 0.358881 0.323422 0.982984 0.63317 0.589398 0.870558 0.755181 0.999953 0.15328 0.159865 0.717723 0.0760703 0.898237 
41 33 49 21 24 44 
0.397758 0.883179 0.782568 0.944464 0.891927 0.244473 0.525164 0.0504758 0.181627 0.294055 0.51166 0.826618 0.652936 0.835083 0.809603 0.286106 0.42448 0.680161 0.0412865 0.424433 0.83344 0.201152 0.142156 0.909511 0.0993888 0.202049 0.611086 0.535113 0.889851 0.475569 0.507462 0.287609 0.358748 0.29003 0.232073 0.250675 0.534503 0.757237 0.301151 0.71613 0.0512927 0.812811 0.542748 0.704229 0.647894 0.35235 0.990335 0.072374 0.0325111 0.031621 0.496807 0.865951 0.232773 0.638963 0.775462 0.332162 0.841012 0.386548 0.867275 0.730863 0.862117 0.374737 0.018472 0.220865 
42 53 50 32 21 8 
0.772691 0.9154 0.0590751 0.585502 0.458148 0.763304 0.233396 0.810498 0.753638 0.30577 0.843009 0.785259 0.802577 0.70896 0.0180322 0.44154 0.484422 0.350194 0.282552 0.87097 0.217469 0.0134154 0.733087 0.592206 0.0318875 0.953952 0.256974 0.282433 0.425492 0.456244 0.290215 0.198183 0.371644 0.34929 0.783685 0.829792 0.112594 0.0170803 0.640289 0.866232 0.32285 0.483298 0.651491 0.125427 0.192259 0.669524 0.566967 0.676681 0.0197175 0.849519 0.547651 0.237187 0.862935 0.280739 0.829393 0.894822 0.234691 0.0863669 0.177255 0.660183 0.542611 0.46747 0.858366 0.914255 
43 6 39 14 59 2 
0.384336 0.795586 0.981981 0.867634 0.447078 0.107408 0.059893 0.116601 0.674375 0.736574 0.136319 0.523894 0.284225 0.373506 0.386829 0.564964 0.202899 0.281651 0.799655 0.289266 0.458906 0.459838 0.831877 0.926376 0.318204 0.746132 0.743137 0.960255 0.490179 0.672491 0.619386 0.874515 0.468077 0.601367 0.742149 0.915155 0.708774 0.802042 0.0317565 0.383149 0.538616 0.168075 0.907043 0.822842 0.541581 0.293872 0.387806 0.74448 0.575523 0.187461 0.0337453 0.0344296 0.6473 0.865622 0.960806 0.965504 0.611754 0.703943 0.925759 0.101933 0.376434 0.545145 0.976448 0.844511 
44 21 41 45 14 18 
0.791422 0.238435 0.0592558 0.959498 0.145478 0.882098 0.501079 0.43935 0.269904 0.245559 0.0148731 0.457365 0.279304 0.0493027 0.104664 0.144926 0.0101087 0.0701682 0.75668 0.714051 0.995927 0.858612 0.0904849 0.541072 0.83506 0.934996 0.687583 0.553657 0.694661 0.542869 0.0742967 0.486084 0.781304 0.133553 0.445582 0.926782 0.0156502 0.946661 0.366132 0.285554 0.192219 0.381005 0.742919 0.471523 0.430307 0.847583 0.616449 0.440416 0.917751 0.373129 0.154467 0.913678 0.231741 0.244952 0.45475 0.0668013 0.179948 0.142333 0.620459 0.874609 0.685202 0.694755 0.360693 0.466506 
45 38 59 21 5 32 
0.75942 0.129512 0.945155 0.140425 0.872431 0.416678 0.570732 0.720014 0.0331264 0.011148 0.637765 0.406255 0.165615 0.551444 0.637996 0.410568 0.00619363 0.704797 0.590515 0.148527 0.325256 0.465125 0.833729 0.0200113 0.825818 0.300236 0.848319 0.632093 0.693524 0.692277 0.385028 0.452944 0.821789 0.330183 0.593369 0.69422 0.746861 0.1641 0.414233 0.779987 0.175248 0.0519984 0.186242 0.340864 0.603442 0.824238 0.751431 0.609636 0.529036 0.341947 0.758163 0.854292 0.807072 0.591892 0.874303 0.63289 0.892128 0.722622 0.264983 0.585652 0.414899 0.650011 0.038596 0.236688 
46 39 23 8 12 61 
0.345141 0.507042 0.971313 0.397139 0.693284 0.312177 0.000581319 0.517522 0.0636085 0.610217 0.0465577 0.405555 0.368379 0.900849 0.212627 0.960271 0.775152 0.845517 0.852399 0.497775 0.1105 0.438051 0.912674 0.760511 0.476647 0.149362 0.740705 0.108612 0.0802696 0.46776 0.904677 0.425411 0.974802 0.87599 0.82255 0.668086 0.188167 0.823131 0.185608 0.251776 0.433348 0.232165 0.657331 0.801728 0.133015 0.869959 0.761999 0.908167 0.715476 0.614398 0.405942 0.825975 0.0524497 0.318615 0.586487 0.529097 0.467977 0.327192 0.637709 0.548247 0.794952 0.542386 0.973658 0.769754 
47 32 31 61 46 45 
0.623448 0.85832 0.0526871 0.855613 0.515651 0.854415 0.988628 0.385609 0.616414 0.896795 0.101085 0.230812 0.302736 0.92706 0.283262 0.621352 0.513547 0.812359 0.0893291 0.840739 0.450068 0.637576 0.635692 0.992453 0.611234 0.405446 0.410829 0.407441 0.843286 0.0173728 0.0267804 0.466734 0.875692 0.0794675 0.322347 0.391343 0.933882 0.310974 0.776953 0.550296 0.207769 0.878038 0.781108 0.510505 0.805098 0.06437 0.131857 0.318645 0.876729 0.221186 0.159385 0.326797 0.858762 0.795076 0.31925 0.469996 0.200523 0.730079 0.877437 0.0438086 0.747452 0.904218 0.510542 0.623144 
48 11 23 18 34 44 
0.791441 0.467864 0.351632 0.669478 0.248972 0.862137 0.474577 0.313342 0.993994 0.793222 0.190071 0.21518 0.952607 0.516867 0.0739422 0.747683 0.836117 0.543938 0.948206 0.566196 0.421376 0.992015 0.313648 0.325594 0.502557 0.936793 0.309279 0.335446 0.951281 0.226847 0.479309 0.742721 0.69471 0.830941 0.412199 0.943682 0.693078 0.886776 0.257024 0.687072 0.679998 0.447094 0.902252 0.632605 0.963962 0.976194 0.380288 0.800079 0.520132 0.328494 0.366275 0.941508 0.320509 0.679923 0.267102 0.823065 0.616716 0.576381 0.158511 0.567997 0.803227 0.63782 0.310718 0.497938 
49 8 58 25 47 23 
0.698643 0.84891 0.289692 0.145738 0.751162 0.922297 0.109699 0.727356 0.302585 0.909778 0.247489 0.631079 0.276053 0.188997 0.951588 0.955976 0.456099 0.774653 0.572692 0.0324796 0.933164 0.140689 0.835707 0.570984 0.451407 0.333645 0.0397451 0.174324 0.775264 0.201584 0.784018 0.473907 0.0504942 0.0737092 0.619645 0.801657 0.996006 0.729344 0.529013 0.29859 0.639122 0.776502 0.929669 0.915174 0.965499 0.881257 0.87115 0.421597 0.65591 0.443842 0.454077 0.589074 0.584531 0.289784 0.160058 0.035938 0.623429 0.199803 0.210262 0.398693 0.401387 0.99428 0.8726 0.451881 
50 17 42 57 8 39 
0.86071 0.559053 0.292254 0.775884 0.524551 0.173511 0.647034 0.946149 0.829421 0.0908766 0.400226 0.418495 0.675408 0.69001 0.578554 0.711346 0.313439 0.778357 0.921608 0.712131 0.179744 0.915888 0.584731 0.631626 0.983877 0.0769752 0.885164 0.0478713 0.298563 0.667715 0.410456 0.159273 0.226767 0.702711 0.935157 0.751319 0.876222 0.582191 0.697468 0.705643 0.673068 0.0976938 0.124139 0.348476 0.787704 0.702693 0.059822 0.101142 0.48105 0.98143 0.813274 0.660794 0.897318 0.398005 0.29242 0.881195 0.47498 0.177584 0.929066 0.773543 0.845298 0.339522 0.932816 0.0720655 
51 56 45 57 17 44 
0.520852 0.624099 0.123233 0.618546 0.748238 0.471709 0.40625 0.45093 0.531531 0.507392 0.93198 0.512961 0.320666 0.592774 0.410279 0.71867 0.885194 0.291474 0.19365 0.0627776 0.22054 0.967193 0.908076 0.560062 0.90001 0.980141 0.602295 0.767983 0.803525 0.52075 0.218148 0.324377 0.144849 0.341381 0.942923 0.893087 0.81309 0.349173 0.344017 0.344622 0.856565 0.275997 0.857583 0.17723 0.868772 0.267862 0.895901 0.753966 0.559335 0.0895507 0.816743 0.779875 0.0567439 0.724819 0.339937 0.956753 0.70496 0.942232 0.724737 0.508486 0.462982 0.942885 0.832863 0.607832 
52 21 40 30 25 60 
0.844936 0.441978 0.981524 0.120933 0.299561 0.158754 0.989705 0.567422 0.0546551 0.74367 0.126758 0.144206 0.560413 0.906633 0.20095 0.285232 0.24657 0.157703 0.990193 0.188802 0.88244 0.498678 0.651784 0.825324 0.331542 0.259616 0.10959 0.107328 0.760535 0.206947 0.232287 0.60547 0.648925 0.213811 0.726403 0.948486 0.372565 0.716108 0.515908 0.427221 0.459778 0.642666 0.571426 0.0201915 0.549299 0.772376 0.305424 0.795869 0.930079 0.295617 0.984671 0.812519 0.794295 0.636455 0.637843 0.125837 0.896072 0.747434 0.233165 0.656606 0.954381 0.465452 0.262076 0.603306 
53 21 57 12 61 55 
0.479049 0.164366 0.710365 0.0504755 0.184557 0.259664 0.822852 0.489981 0.0555328 0.752931 0.785598 0.0402038 0.56545 0.579893 0.676659 0.203293 0.70573 0.572731 0.950727 0.938894 0.229337 0.905108 0.404346 0.491413 0.508413 0.0836092 0.479893 0.0602042 0.135438 0.184481 0.127903 0.614487 0.348846 0.838268 0.664962 0.533403 0.0979318 0.487814 0.0233846 0.153465 0.240745 0.808983 0.193668 0.806194 0.388875 0.870328 0.00948764 0.0946051 0.443059 0.960215 0.0334995 0.672396 0.865322 0.437846 0.163809 0.373735 0.521455 0.643702 0.43394 0.656893 0.828183 0.561843 0.271379 0.177029 
54 46 21 5 28 15 
0.5428 0.845176 0.471095 0.931675 0.715503 0.480582 0.0262802 0.158562 0.440797 0.0597797 0.830958 0.306119 0.497626 0.994767 0.679855 0.0190806 0.638469 0.113794 0.675973 0.466651 0.675637 0.947353 0.64368 0.0757474 0.883694 0.354113 0.57379 0.30785 0.0879299 0.225297 0.97275 0.630729 0.0704726 0.443845 0.562404 0.785976 0.924427 0.588685 0.944538 0.365224 0.648464 0.775496 0.671343 0.14609 0.770262 0.351197 0.165171 0.408731 0.464991 0.841144 0.875383 0.140628 0.788497 0.519063 0.216375 0.672191 0.873176 0.790165 0.980041 0.961106 0.0154624 0.952791 0.591835 0.0859351 
55 34 23 0 54 47 
0.816449 0.686285 0.391389 0.591945 0.357628 0.537479 0.362207 0.708825 0.702649 0.770938 0.173817 0.543793 0.646321 0.314445 0.332289 0.165384 0.53082 0.00448031 0.0385595 0.320986 0.984521 0.999665 0.336448 0.937311 0.5915 0.422383 0.333946 0.74574 0.294294 0.655008 0.488664 0.110743 0.341294 0.880052 0.702688 0.698922 0.417531 0.0648954 0.407747 0.12018 0.835834 0.581564 0.663973 0.482155 0.896009 0.996263 0.647538 0.426829 0.000743007 0.686098 0.747815 0.985264 0.685763 0.0842631 0.922575 0.277263 0.506646 0.256522 0.0230025 0.80094 0.91153 0.511666 0.911684 0.252824 
56 54 10 59 43 41 
0.359493 0.92943 0.515101 0.941057 0.593403 0.997255 0.837066 0.589666 0.644794 0.263896 0.590409 0.330892 0.0117109 0.575673 0.0166545 0.0959741 0.498248 0.293917 0.60262 0.75477 0.31692 0.403561 0.6663 0.828586 0.315244 0.919124 0.220305 0.929616 0.870869 0.0295546 0.608884 0.230362 0.958985 0.123985 0.17142 0.552388 0.12124 0.00848627 0.142053 0.766034 0.272382 0.732462 0.0969255 0.284093 0.308135 0.11358 0.380067 0.806383 0.407497 0.982687 0.561153 0.724417 0.386248 0.227453 0.553003 0.701493 0.146576 0.773308 0.631109 0.0174455 0.802863 0.239993 0.247808 0.761847 
57 42 44 29 17 32 
0.251251 0.700096 0.188751 0.348176 0.984189 0.496886 0.461756 0.364256 0.303269 0.869254 0.346944 0.864422 0.593671 0.733192 0.0918747 0.146675 0.434685 0.238451 0.919983 0.0657935 0.255896 0.722846 0.305786 0.503704 0.484693 0.669763 0.922932 0.798928 0.15498 0.350646 0.255217 0.406231 0.0507417 0.443968 0.754408 0.0349308 0.940853 0.216164 0.399187 0.244123 0.0854183 0.746131 0.108545 0.679089 0.479323 0.200419 0.825764 0.914007 0.43887 0.745747 0.979801 0.694767 0.468593 0.285587 0.198471 0.953286 0.95535 0.121403 0.752214 0.110331 0.472048 0.00743038 0.516562 0.52279 
58 34 3 19 46 4 
0.956908 0.636374 0.572553 0.703039 0.744918 0.251642 0.182361 0.945338 0.0774061 0.0963685 0.384208 0.823153 0.0761692 0.0789743 0.291745 0.361756 0.277445 0.245031 0.317106 0.398848 0.997245 0.427437 0.870896 0.00467512 0.943999 0.393686 0.456073 0.214969 0.951407 0.848324 0.702104 0.908315 0.484698 0.274656 0.611353 0.229617 0.526299 0.793715 0.174954 0.603705 0.890083 0.559162 0.426858 0.966252 0.638136 0.718603 0.328009 0.915582 0.963634 0.645115 0.314429 0.960879 0.0725516 0.185325 0.965554 0.0165506 0.579011 0.421627 0.23152 0.530418 0.269951 0.933623 0.438733 0.75465 
59 42 30 38 7 57 
0.159221 0.338283 0.733884 0.718383 0.765141 0.700137 0.356519 0.483744 0.0281455 0.272101 0.447378 0.67326 0.58653 0.408257 0.745812 0.771855 0.373811 0.762362 0.350867 0.795438 0.993882 0.881285 0.0653888 0.927505 0.320017 0.820038 0.135785 0.370104 0.804305 0.870364 0.213905 0.963525 0.208647 0.947789 0.681908 0.973787 0.647926 0.0384273 0.457531 0.676072 0.310528 0.904909 0.349332 0.897058 0.313165 0.0951437 0.668914 0.686976 0.857506 0.0197803 0.482414 0.851388 0.901065 0.547802 0.778894 0.221082 0.367841 0.914679 0.591186 0.172146 0.785042 0.805091 0.135671 0.993689 
60 45 44 56 25 13 
0.425007 0.0768778 0.166534 0.329916 0.42621 0.0635928 0.643082 0.521353 0.732507 0.330058 0.37886 0.752287 0.812471 0.230248 0.653352 0.360274 0.00914156 0.874434 0.728115 0.923821 0.46562 0.90026 0.708863 0.27071 0.0359309 0.702552 0.0235903 0.85351 0.670028 0.424396 0.709516 0.0950358 0.501274 0.876051 0.424952 0.927484 0.939643 0.0680337 0.448837 0.67215 0.398091 0.827697 0.424437 0.210563 0.0579447 0.0777884 0.570836 0.0670863 0.952222 0.298951 0.990907 0.417842 0.199211 0.69977 0.688552 0.235142 0.402322 0.712143 0.0886517 0.0723502 0.136539 0.798168 0.167386 0.637813 
61 53 60 41 55 3 
0.0141345 0.286012 0.0584632 0.841831 0.710448 0.269026 0.899776 0.788237 0.839862 0.966862 0.740459 0.138813 0.957769 0.158301 0.338024 0.657539 0.846853 0.573166 0.0598608 0.558996 0.661818 0.132211 0.695535 0.459986 0.299597 0.333348 0.134204 0.891935 0.898646 0.748066 0.552307 0.91278 0.0340775 0.61077 0.754611 0.744526 0.879796 0.654388 0.532763 0.719658 0.62125 0.273222 0.858472 0.579019 0.431523 0.196496 0.236558 0.278376 0.769662 0.296419 0.837372 0.43148 0.42863 0.532907 0.891466 0.728227 0.866255 0.0256699 0.620162 0.764901 0.773736 0.172469 0.677681 0.807813 
