84 7
1 0 1 0 0 1 0 1 1 1 0 0 0 1 0 0 1 0 0 0 0 1 1 1 1 0 1 0 1 0 0 1 1 0 0 0 0 1 0 0 1 1 0 0 1 1 1 0 1 0 1 0 1 1 0 1 0 0 0 0 0 1 0 0 0 1 0 0 0 1 1 0 0 0 0 0 1 0 1 1 0 1 0 0 
0 40 47 81 76 6 74 
0.949294 0.157719 0.400882 0.191663 0.340239 0.943713 0.637707 0.00381638 0.634362 0.945473 0.26497 0.276217 0.136128 0.303779 0.397226 0.77401 0.78046 0.903156 0.838651 0.214328 0.83044 0.192853 0.273814 0.945909 0.420556 0.71967 0.805475 0.770653 0.266688 0.919826 0.447054 0.215982 0.077545 0.847936 0.407645 0.417784 0.79165 0.0453516 0.4216 0.426012 0.990825 0.68657 0.702229 0.126952 0.99035 0.0994547 0.900963 0.77081 0.00261048 0.739613 0.985138 0.833051 0.932466 0.258951 0.77896 0.353022 0.978622 0.584435 0.123675 0.24531 0.504261 0.570729 0.461292 0.581806 0.418665 0.868937 0.99959 0.210315 0.914289 0.42119 0.636327 0.905113 0.107761 0.338555 0.0320655 0.0981103 0.43801 0.933028 0.86892 0.44062 0.672641 0.854058 0.273671 0.605107 0.113009 0.0526309 0.958129 0.091631 0.637066 0.0818038 0.336941 0.141327 0.652532 0.798233 0.723133 0.0711977 0.667171 0.722723 0.281513 0.581459 0.143914 0.917839 0.486572 0.251674 0.256395 0.518638 0.349785 0.694405 0.451666 0.218705 0.135025 0.124308 0.0727625 0.408696 0.729415 0.185772 0.461327 0.687544 0.277403 0.0983929 0.769348 0.614344 0.23972 0.42188 0.412577 0.962853 0.493078 0.079748 
1 51 68 12 63 36 58 
0.0811646 0.948825 0.666418 0.430949 0.64323 0.118084 0.649654 0.778255 0.242391 0.722416 0.186951 0.971806 0.908188 0.648278 0.65935 0.185591 0.746671 0.428697 0.799935 0.986391 0.850577 0.212512 0.949244 0.343655 0.29226 0.634821 0.118246 0.953467 0.464311 0.810676 0.101247 0.545476 0.7595 0.767665 0.976425 0.40273 0.885748 0.626079 0.180985 0.12814 0.348495 0.367936 0.0999455 0.256684 0.0162142 0.759295 0.442274 0.762885 0.187992 0.242209 0.749277 0.0385698 0.454721 0.698521 0.382225 0.746981 0.333342 0.500471 0.700449 0.797653 0.311146 0.801696 0.343129 0.0706467 0.56936 0.319555 0.473377 0.455109 0.945634 0.654362 0.583248 0.294129 0.0222975 0.683194 0.550813 0.0385118 0.442489 0.993087 0.801397 0.630481 0.235296 0.550674 0.669051 0.690017 0.249195 0.0512762 0.436998 0.582537 0.551747 0.137447 0.38019 0.862893 0.939143 0.72332 0.93354 0.508503 0.0428743 0.406916 0.963612 0.988508 0.0612779 0.54686 0.282637 0.0835755 0.230054 0.83345 0.122087 0.672543 0.826537 0.923484 0.303025 0.0618326 0.474158 0.972076 0.75185 0.723353 0.0233521 0.188848 0.30589 0.575099 0.326295 0.68608 0.437992 0.265438 0.4094 0.371532 0.773942 0.452274 
2 35 42 70 77 5 47 
0.923301 0.514468 0.556869 0.0453885 0.187012 0.383405 0.968873 0.490036 0.445238 0.443031 0.462112 0.197088 0.166384 0.485464 0.385936 0.472274 0.060563 0.712231 0.158354 0.498555 0.97767 0.567754 0.870086 0.751611 0.0200278 0.648534 0.489165 0.46081 0.48826 0.773579 0.184229 0.411561 0.288048 0.741098 0.45695 0.475059 0.124503 0.425823 0.965096 0.569741 0.868854 0.427208 0.766829 0.0352384 0.912672 0.152765 0.507512 0.973235 0.864996 0.665866 0.47179 0.842666 0.23362 0.341876 0.594277 0.253648 0.99041 0.0834425 0.714458 0.47867 0.857022 0.898687 0.890232 0.14507 0.639784 0.347182 0.620129 0.764287 0.773005 0.585225 0.334028 0.641859 0.0124325 0.100857 0.677097 0.925104 0.253621 0.18461 0.898339 0.118617 0.850476 0.370129 0.961283 0.0840965 0.712005 0.55556 0.337745 0.702415 0.639003 0.0522026 0.181086 0.496025 0.950889 0.0713175 0.641095 0.590674 0.418499 0.261224 0.354961 0.191504 0.846449 0.688989 0.833363 0.858881 0.789845 0.51046 0.783986 0.0434664 0.69507 0.682325 0.162084 0.545546 0.0524533 0.123367 0.629643 0.764458 0.678927 0.967387 0.466873 0.317929 0.0195899 0.647959 0.813954 0.970479 0.719276 0.455049 0.561153 0.137776 
3 7 36 32 43 60 18 
0.421603 0.394947 0.673103 0.205588 0.438414 0.368173 0.887913 0.600497 0.913719 0.940366 0.723864 0.543361 0.704824 0.40279 0.510749 0.171698 0.72072 0.530339 0.819656 0.534674 0.500818 0.538933 0.989723 0.0619706 0.676708 0.705995 0.978084 0.00598771 0.268717 0.583186 0.16863 0.690319 0.978133 0.841733 0.895907 0.416547 0.209905 0.78382 0.0170444 0.123624 0.724187 0.740908 0.666986 0.429011 0.143699 0.177735 0.600708 0.864419 0.708073 0.420365 0.399092 0.208891 0.959297 0.388815 0.270862 0.636005 0.0948102 0.248946 0.641993 0.363527 0.832132 0.810623 0.0538459 0.810265 0.652356 0.949753 0.226812 0.862262 0.733574 0.243857 0.985886 0.45776 0.984765 0.652872 0.886771 0.128464 0.830606 0.48748 0.992882 0.53868 0.907844 0.391975 0.747571 0.867142 0.78079 0.0184327 0.503147 0.8756 0.267379 0.14514 0.239126 0.0995105 0.955764 0.292972 0.909776 0.60812 0.242726 0.136588 0.470382 0.9763 0.380445 0.456267 0.43406 0.365209 0.109139 0.320831 0.493673 0.939746 0.808311 0.486555 0.478425 0.716155 0.87853 0.225996 0.583297 0.659319 0.244429 0.0864438 0.534919 0.511807 0.231584 0.774045 0.611318 0.187348 0.0670178 0.521093 0.795468 0.309744 
4 38 45 13 15 17 56 
0.403335 0.831256 0.0409341 0.897008 0.771001 0.849245 0.383563 0.249427 0.5654 0.262093 0.475422 0.148697 0.921412 0.719851 0.23514 0.456331 0.231658 0.466724 0.230377 0.842976 0.654072 0.297394 0.364069 0.44954 0.607138 0.0217506 0.715389 0.893181 0.0598765 0.437506 0.613284 0.463212 0.268762 0.654218 0.36022 0.0397629 0.503463 0.743784 0.289189 0.0688628 0.00587664 0.764612 0.217559 0.927289 0.484463 0.4527 0.38362 0.716121 0.919424 0.613997 0.559097 0.573496 0.911391 0.923167 0.0230363 0.518529 0.944917 0.738425 0.41171 0.0047939 0.175931 0.0249938 0.468006 0.444693 0.679212 0.828226 0.484455 0.182675 0.57201 0.773645 0.251538 0.577886 0.538257 0.469097 0.505175 0.0227196 0.921797 0.888795 0.738841 0.841221 0.502792 0.297938 0.414717 0.414183 0.221105 0.437754 0.932712 0.166022 0.176179 0.344421 0.170816 0.35211 0.369415 0.638822 0.796803 0.0486271 0.467048 0.281258 0.231302 0.0390577 0.0549028 0.48284 0.616944 0.593159 0.951937 0.122119 0.615879 0.873733 0.0109141 0.35472 0.714954 0.513706 0.652658 0.129671 0.927889 0.873763 0.567425 0.8606 0.0397859 0.743604 0.205022 0.210602 0.0957142 0.574437 0.849424 0.892517 0.623064 0.316472 
5 54 67 76 27 13 78 
0.821837 0.289142 0.0945928 0.437716 0.162875 0.105507 0.792436 0.877829 0.619213 0.445095 0.00750094 0.547102 0.318858 0.574926 0.407702 0.358644 0.31853 0.612724 0.569246 0.414244 0.187161 0.41867 0.306761 0.810225 0.735143 0.480536 0.664591 0.0906728 0.709214 0.00179675 0.0631467 0.531051 0.290939 0.157739 0.968767 0.453814 0.263246 0.761203 0.331644 0.882459 0.206298 0.339145 0.429561 0.525156 0.914071 0.837263 0.8838 0.232601 0.449987 0.453047 0.646846 0.637147 0.871717 0.953607 0.447372 0.60686 0.434143 0.111963 0.697533 0.143357 0.11376 0.760679 0.674408 0.404699 0.918419 0.643175 0.858513 0.181665 0.404378 0.190157 0.0641247 0.610676 0.529302 0.493686 0.135833 0.443373 0.330949 0.0196328 0.675974 0.780935 0.472679 0.322819 0.418083 0.344396 0.276426 0.865455 0.951256 0.710569 0.977418 0.648789 0.853926 0.0911786 0.409468 0.528334 0.495878 0.327887 0.171509 0.354391 0.509552 0.575887 0.544548 0.573677 0.186563 0.0738503 0.0673628 0.322396 0.517223 0.398311 0.342029 0.193197 0.179247 0.814708 0.516016 0.597329 0.159104 0.792443 0.462785 0.110361 0.503012 0.440203 0.75915 0.356938 0.531382 0.168618 0.885272 0.0272592 0.496505 0.0567813 
6 11 12 2 26 28 36 
4.89508e-05 0.647097 0.141627 0.517272 0.0454088 0.483656 0.710469 0.224656 0.298364 0.226486 0.821985 0.457468 0.0189284 0.28477 0.567829 0.521941 0.724972 0.326979 0.878879 0.256354 0.495597 0.764152 0.283613 0.992102 0.820933 0.665264 0.998159 0.453601 0.591462 0.577894 0.272833 0.591511 0.224991 0.41446 0.108783 0.2704 0.898116 0.819252 0.495055 0.19648 0.0457378 0.31704 0.653948 0.0646662 0.60181 0.221777 0.586607 0.326782 0.548756 0.465486 0.583136 0.0443527 0.229637 0.86675 0.0364544 0.0505703 0.532013 0.0346135 0.504171 0.123475 0.612507 0.777004 0.714987 0.837498 0.191464 0.82377 0.107898 0.0895797 0.643022 0.602953 0.28606 0.68876 0.919993 0.940008 0.753426 0.521803 0.161785 0.340033 0.848585 0.710541 0.805519 0.431721 0.754894 0.0351565 0.298471 0.791348 0.0857268 0.830484 0.825962 0.589898 0.953959 0.438469 0.366902 0.668946 0.275967 0.558366 0.492716 0.383865 0.647946 0.135738 0.986817 0.934005 0.824498 0.906811 0.874013 0.577924 0.428613 0.035798 0.917957 0.277198 0.746339 0.723476 0.70892 0.501233 0.758633 0.00739049 0.292581 0.84436 0.837874 0.118543 0.434258 0.791834 0.557011 0.80116 0.46078 0.832978 0.359526 0.953496 
7 12 10 28 54 32 73 
0.81549 0.491656 0.539084 0.851288 0.409613 0.816282 0.597627 0.133089 0.525202 0.0988599 0.891722 0.532593 0.391441 0.736082 0.370467 0.509983 0.170339 0.162301 0.0669945 0.971499 0.623081 0.899973 0.331025 0.576576 0.116816 0.338497 0.66581 0.320476 0.279974 0.579541 0.430947 0.0954645 0.071197 0.970031 0.946753 0.48081 0.786313 0.54438 0.613899 0.311515 0.64324 0.505621 0.844108 0.0346805 0.241703 0.214575 0.544664 0.412042 0.376876 0.611658 0.383542 0.999956 0.511631 0.714567 0.576532 0.628447 0.0530642 0.242342 0.948922 0.333038 0.821883 0.379869 0.428503 0.89308 0.3499 0.375256 0.37389 0.136213 0.919636 0.98779 0.447728 0.562875 0.493411 0.291836 0.597556 0.735114 0.50641 0.142219 0.147156 0.883286 0.753878 0.530698 0.883242 0.265509 0.245265 0.459775 0.893955 0.298329 0.702117 0.842878 0.631368 0.524 0.222747 0.0598706 0.41708 0.572646 0.435126 0.790971 0.708859 0.354762 0.77876 0.156587 0.917637 0.272171 0.448422 0.515193 0.00728504 0.954832 0.657412 0.154441 0.838118 0.41129 0.685139 0.72136 0.676799 0.930404 0.181135 0.570754 0.228733 0.883251 0.413632 0.860101 0.407251 0.636378 0.919971 0.824332 0.209024 0.355098 
8 26 55 65 29 83 49 
0.666234 0.522892 0.14269 0.673519 0.477724 0.800102 0.82796 0.315842 0.211392 0.513099 0.0372028 0.888191 0.443504 0.218338 0.458945 0.672237 0.101589 0.872577 0.532338 0.508841 0.508955 0.452309 0.333172 0.71798 0.807407 0.948475 0.635863 0.517266 0.342538 0.710333 0.144763 0.0087715 0.233225 0.287453 0.68229 0.710949 0.0875552 0.510251 0.0267916 0.298948 0.0233501 0.0639944 0.187139 0.466854 0.282332 0.646084 0.139091 0.383921 0.518662 0.671428 0.892762 0.027617 0.123738 0.225934 0.745597 0.931145 0.174409 0.38146 0.448411 0.516947 0.0917932 0.593174 0.525718 0.325018 0.880627 0.208009 0.0359673 0.968182 0.718259 0.062759 0.26713 0.741609 0.126753 0.454269 0.208463 0.409085 0.100353 0.347554 0.793007 0.619015 0.018982 0.685768 0.646632 0.14272 0.911702 0.392229 0.0738642 0.0861114 0.773689 0.522275 0.603058 0.865482 0.115449 0.128776 0.1905 0.996076 0.336785 0.226467 0.964259 0.055044 0.289226 0.231388 0.796653 0.41598 0.685657 0.00511631 0.825065 0.78601 0.35267 0.618072 0.405025 0.371652 0.30384 0.0516563 0.514372 0.215542 0.443885 0.588236 0.301654 0.217574 0.110511 0.904712 0.0830555 0.22596 0.033488 0.273556 0.222036 0.370273 
9 48 59 16 39 82 81 
0.205229 0.10334 0.227086 0.0302942 0.889351 0.579756 0.648366 0.294375 0.951408 0.952206 0.346032 0.46578 0.167748 0.789917 0.0540155 0.469402 0.00749021 0.164526 0.374114 0.0905457 0.390486 0.407602 0.364101 0.612523 0.777874 0.864124 0.798818 0.203191 0.653374 0.216501 0.425162 0.858603 0.319842 0.652248 0.888897 0.209192 0.232004 0.537263 0.503568 0.183413 0.489468 0.849599 0.649193 0.657217 0.639516 0.703208 0.126618 0.647006 0.867734 0.500732 0.737552 0.258221 0.908334 0.101653 0.870744 0.686208 0.965778 0.669561 0.8894 0.619151 0.886063 0.314561 0.477754 0.205904 0.966809 0.366651 0.415097 0.198814 0.903913 0.918664 0.382226 0.393382 0.768264 0.0314188 0.0505983 0.40778 0.734627 0.177217 0.0547863 0.602361 0.677949 0.792338 0.860582 0.586283 0.893992 0.731326 0.272491 0.859769 0.400887 0.161891 0.47892 0.28695 0.476452 0.956674 0.492854 0.443261 0.323325 0.907951 0.642075 0.227238 0.826615 0.0243008 0.62062 0.594879 0.0557196 0.671218 0.00265925 0.790346 0.848435 0.0574456 0.392708 0.526383 0.849784 0.25329 0.112666 0.743776 0.984615 0.385157 0.603545 0.385503 0.547048 0.0824655 0.672452 0.0234993 0.0391397 0.165307 0.46676 0.362464 
10 13 48 15 5 57 53 
0.494752 0.188855 0.88154 0.497411 0.979202 0.729974 0.554857 0.371909 0.256358 0.404641 0.625199 0.369024 0.148416 0.609814 0.754181 0.751961 0.995317 0.301228 0.834427 0.667769 0.324727 0.873567 0.833076 0.791488 0.236031 0.906333 0.900323 0.825733 0.806206 0.033458 0.0360551 0.300958 0.222313 0.917595 0.798369 0.201515 0.647569 0.353226 0.573424 0.903926 0.757866 0.198623 0.27295 0.906283 0.808437 0.0271305 0.658244 0.803754 0.328359 0.492671 0.471523 0.653086 0.366238 0.304599 0.444574 0.602269 0.210932 0.344896 0.428002 0.0171376 0.378354 0.464057 0.318095 0.600668 0.381652 0.116464 0.802182 0.0292207 0.46969 0.375606 0.933147 0.227556 0.574229 0.206097 0.133839 0.382666 0.233228 0.792084 0.18642 0.561586 0.284755 0.657943 0.214672 0.650993 0.962541 0.659246 0.253261 0.173473 0.00414252 0.681263 0.190611 0.382497 0.14532 0.508706 0.983164 0.526972 0.62517 0.785347 0.556193 0.0948601 0.160953 0.48934 0.322417 0.735182 0.695437 0.456256 0.117847 0.928665 0.248339 0.304267 0.490251 0.533094 0.96221 0.704923 0.184087 0.924751 0.364169 0.437348 0.0982239 0.368312 0.118611 0.288834 0.750809 0.263932 0.79754 0.733973 0.790904 0.422711 
11 29 46 44 20 34 58 
0.415454 0.531874 0.296243 0.533302 0.460539 0.544583 0.837569 0.95079 0.0776768 0.799779 0.655713 0.261764 0.72453 0.0198825 0.699112 0.822754 0.388194 0.817723 0.111588 0.139003 0.0816549 0.909129 0.872977 0.872559 0.331839 0.392297 0.219656 0.84941 0.0725695 0.0560933 0.689397 0.488024 0.587968 0.98564 0.0213259 0.0485066 0.530223 0.858895 0.999297 0.6079 0.658674 0.65501 0.869663 0.383204 0.674892 0.568775 0.205957 0.0630867 0.386498 0.317545 0.20209 0.468153 0.226674 0.0750666 0.340712 0.558513 0.467363 0.560368 0.407923 0.539933 0.616461 0.0973198 0.0279567 0.204429 0.0829599 0.0492826 0.252936 0.613183 0.908178 0.252232 0.221082 0.566851 0.907242 0.0907454 0.950055 0.582134 0.65952 0.156012 0.645221 0.0460181 0.473557 0.847311 0.514171 0.700231 0.922377 0.854883 0.258744 0.389741 0.415251 0.666667 0.929673 0.0317118 0.763987 0.95763 0.236141 0.846947 0.00691257 0.489076 0.460129 0.91509 0.741308 0.681212 0.481942 0.64855 0.771957 0.431996 0.230684 0.431477 0.588008 0.875905 0.477495 0.0615658 0.723215 0.991666 0.761797 0.645593 0.846549 0.0205411 0.0353333 0.261799 0.687208 0.965007 0.293511 0.451195 0.922637 0.529652 0.298141 0.929549 
12 34 25 15 77 2 38 
0.758577 0.63927 0.642916 0.346586 0.515175 0.120411 0.408152 0.23839 0.112077 0.169949 0.883983 0.958626 0.19049 0.919316 0.220425 0.877698 0.884323 0.513937 0.328892 0.80696 0.0435883 0.627034 0.736509 0.0623163 0.385304 0.581148 0.822353 0.824786 0.907729 0.230939 0.0362249 0.666306 0.870209 0.679141 0.0128921 0.385384 0.799552 0.421044 0.623774 0.91163 0.590992 0.507758 0.870256 0.781482 0.427074 0.0906813 0.65918 0.311397 0.604618 0.988073 0.118356 0.648206 0.615106 0.854865 0.710523 0.000410362 0.436013 0.532875 0.825196 0.343742 0.763814 0.861421 0.0100485 0.634023 0.540562 0.0229406 0.0194071 0.340114 0.443984 0.643182 0.251744 0.0349769 0.150939 0.122 0.816459 0.578013 0.212681 0.475639 0.88941 0.817299 0.463712 0.00776648 0.465505 0.0788184 0.862632 0.176028 0.0792287 0.298645 0.708903 0.904425 0.642387 0.472717 0.765846 0.652436 0.10674 0.306409 0.675376 0.126147 0.646523 0.119361 0.769328 0.898267 0.154338 0.920268 0.0202673 0.970797 0.498281 0.232949 0.446436 0.387691 0.0502477 0.910149 0.395457 0.515753 0.988967 0.258089 0.691781 0.0681957 0.556734 0.400684 0.972621 0.199121 0.873401 0.738467 0.851557 0.980141 0.044876 0.526933 
13 44 52 77 65 80 71 
0.795884 0.609934 0.771429 0.294165 0.842882 0.217866 0.681855 0.89313 0.128014 0.0773124 0.408883 0.116981 0.335401 0.100664 0.185177 0.892135 0.501349 0.157798 0.0912562 0.37475 0.896265 0.942813 0.354891 0.941141 0.469746 0.461179 0.63254 0.116041 0.336795 0.222207 0.916673 0.132679 0.83214 0.688102 0.426844 0.675023 0.905967 0.108699 0.568153 0.0339815 0.186011 0.977036 0.150963 0.521412 0.0777004 0.336139 0.413548 0.579049 0.493937 0.504804 0.953799 0.390202 0.447617 0.308689 0.331343 0.917363 0.769868 0.963883 0.0334039 0.106663 0.18609 0.950077 0.239341 0.0182302 0.638178 0.666185 0.693253 0.544146 0.774884 0.261406 0.578127 0.960895 0.238442 0.72909 0.482308 0.316142 0.0652291 0.895855 0.895191 0.559166 0.400659 0.84899 0.949368 0.848276 0.157679 0.280711 0.765639 0.927546 0.244594 0.799043 0.0342089 0.430684 0.749119 0.27355 0.448915 0.387298 0.939735 0.142168 0.931443 0.714619 0.403573 0.50957 0.675514 0.642015 0.23866 0.157822 0.958157 0.303889 0.053677 0.853348 0.863055 0.454336 0.702338 0.812424 0.302611 0.860017 0.093135 0.06825 0.787563 0.337729 0.867293 0.821772 0.768414 0.616412 0.0953224 0.217328 0.00370963 0.0350579 
14 60 22 56 58 0 52 
0.583013 0.363241 0.987273 0.63669 0.21659 0.850328 0.0910262 0.918928 0.662752 0.393637 0.778945 0.755887 0.461888 0.566508 0.0936164 0.32918 0.38828 0.86203 0.945592 0.483602 0.0793585 0.949302 0.51866 0.438854 0.884455 0.268337 0.201923 0.329178 0.693529 0.607008 0.0125617 0.276542 0.970249 0.999834 0.913233 0.186839 0.850163 0.00425883 0.105767 0.512915 0.397896 0.884711 0.268802 0.859784 0.451219 0.362418 0.188964 0.839499 0.224448 0.134556 0.323101 0.303807 0.0838581 0.841761 0.742661 0.968313 0.110098 0.944585 0.297491 0.803626 0.551592 0.310053 0.0801686 0.521841 0.309887 0.993401 0.70868 0.16005 0.99766 0.814447 0.672965 0.395556 0.699159 0.941766 0.25534 0.150378 0.304184 0.444304 0.989876 0.528633 0.57886 0.312977 0.83244 0.662718 0.154738 0.575101 0.631031 0.264835 0.519685 0.928522 0.0684618 0.0712776 0.238575 0.14863 0.593119 0.548462 0.142032 0.301799 0.708512 0.139692 0.116247 0.381477 0.535248 0.815405 0.323243 0.790588 0.965783 0.627427 0.234892 0.955659 0.15606 0.813753 0.268636 0.9885 0.476471 0.423374 0.563601 0.107502 0.688209 0.0832861 0.0360246 0.756671 0.154564 0.2746 0.905301 0.747683 0.823062 0.0473327 
15 26 71 64 0 46 20 
0.981134 0.236293 0.51286 0.946917 0.863721 0.747752 0.902576 0.0197811 0.561505 0.171212 0.00828099 0.0379757 0.594585 0.571882 0.145478 0.282794 0.655168 0.181503 0.0394652 0.809731 0.456102 0.944766 0.557414 0.279164 0.992099 0.606896 0.810737 0.179123 0.772625 0.723788 0.901395 0.753759 0.960081 0.414255 0.700676 0.823802 0.162007 0.603252 0.843583 0.723512 0.774463 0.851864 0.761488 0.369049 0.423746 0.906966 0.651843 0.0789133 0.0884682 0.691309 0.888645 0.54457 0.636075 0.446059 0.823734 0.628174 0.0529553 0.634471 0.807297 0.82558 0.358259 0.708692 0.579339 0.31834 0.122947 0.280015 0.142142 0.284955 0.883267 0.985725 0.00846675 0.65773 0.837588 0.769954 0.0267791 0.261334 0.67692 0.678622 0.340247 0.765388 0.369931 0.228892 0.309959 0.00600581 0.674951 0.133692 0.63418 0.727906 0.768164 0.441477 0.553487 0.126423 0.150169 0.132826 0.444762 0.273117 0.412841 0.586904 0.558071 0.296108 0.572629 0.566538 0.953838 0.410217 0.336493 0.980617 0.671551 0.0134126 0.65924 0.0117981 0.778801 0.0291705 0.24069 0.0887594 0.0351763 0.915641 0.222452 0.669356 0.643547 0.990616 0.110833 0.197034 0.117038 0.261002 0.32986 0.561801 0.534119 0.742701 
16 22 12 56 24 35 80 
0.13155 0.995221 0.973264 0.803101 0.00863332 0.632504 0.814899 0.787434 0.661674 0.0555896 0.876194 0.696851 0.971231 0.0986455 0.366207 0.614778 0.0892611 0.477039 0.811812 0.206299 0.738041 0.141672 0.7681 0.27216 0.884373 0.916805 0.36435 0.923182 0.638138 0.0230782 0.915829 0.769688 0.0182989 0.889093 0.57279 0.0269322 0.521597 0.387689 0.814366 0.183271 0.443279 0.69056 0.880121 0.414509 0.789206 0.246328 0.0292875 0.878467 0.723367 0.841099 0.0847659 0.461409 0.982771 0.852866 0.733569 0.867144 0.769671 0.0979191 0.790326 0.407809 0.120997 0.706155 0.177497 0.139296 0.595247 0.750287 0.166228 0.116844 0.137976 0.980595 0.300115 0.581255 0.671155 0.180236 0.995764 0.46036 0.426564 0.0250519 0.338827 0.149931 0.866151 0.423593 0.61134 0.848923 0.276459 0.344909 0.716067 0.0461295 0.442828 0.506393 0.453938 0.563826 0.212547 0.631435 0.703122 0.807794 0.381722 0.86935 0.924638 0.519698 0.849945 0.224753 0.100953 0.5211 0.404989 0.0967179 0.98146 0.831553 0.12177 0.320288 0.981484 0.987921 0.743881 0.592825 0.836844 0.0203395 0.937734 0.55291 0.066469 0.380562 0.059303 0.520407 0.944388 0.27185 0.151842 0.64751 0.0796445 0.533565 
17 66 69 14 32 31 64 
0.887905 0.634025 0.250935 0.869366 0.465578 0.372704 0.189654 0.447062 0.360625 0.933534 0.0398868 0.197469 0.953874 0.977621 0.75038 0.0203427 0.358183 0.809683 0.54075 0.302572 0.0815328 0.692592 0.950082 0.161177 0.226157 0.466942 0.16546 0.27942 0.833747 0.394496 0.433637 0.721653 0.0285207 0.684571 0.591019 0.494098 0.0572758 0.780672 0.941161 0.417901 0.714206 0.981047 0.615371 0.66808 0.958668 0.36575 0.688423 0.316852 0.175433 0.229172 0.619423 0.256966 0.921765 0.569505 0.418143 0.147922 0.0364467 0.583603 0.427342 0.870194 0.978099 0.860979 0.591847 0.00661994 0.54555 0.182865 0.500718 0.602826 0.963538 0.441879 0.0207274 0.677744 0.422926 0.636098 0.345824 0.381594 0.00184814 0.0342464 0.698446 0.177281 0.263419 0.317869 0.434247 0.185184 0.887374 0.85239 0.333105 0.923821 0.435993 0.760447 0.794015 0.414092 0.621426 0.385862 0.420712 0.166976 0.568727 0.921431 0.769802 0.532265 0.363309 0.79053 0.210009 0.786236 0.426628 0.555832 0.16783 0.428476 0.590079 0.866276 0.605757 0.853498 0.184146 0.0400036 0.0386812 0.0715197 0.892393 0.371786 0.995341 0.328386 0.132233 0.789356 0.742479 0.753659 0.175217 0.163191 0.920636 0.743944 
18 81 46 73 6 64 11 
0.907595 0.0420501 0.401997 0.336071 0.632129 0.268273 0.941828 0.485627 0.452418 0.981832 0.524308 0.523938 0.874225 0.896094 0.519279 0.202611 0.0283276 0.308634 0.94509 0.781987 0.483852 0.108281 0.702623 0.227796 0.192902 0.39306 0.504005 0.640833 0.874028 0.990223 0.874999 0.781623 0.0322733 0.276996 0.117695 0.664402 0.545269 0.0595225 0.150029 0.997687 0.0413541 0.674336 0.521625 0.915579 0.570431 0.0409037 0.11819 0.598758 0.349538 0.0632801 0.380745 0.83339 0.171561 0.0833677 0.0611859 0.364463 0.476428 0.565191 0.00529567 0.350456 0.555414 0.880295 0.13208 0.587688 0.157291 0.249774 0.25209 0.702559 0.309297 0.402119 0.700246 0.350651 0.076455 0.221871 0.26623 0.646886 0.262775 0.38442 0.245644 0.612313 0.4477 0.626389 0.445703 0.619261 0.709756 0.506889 0.983724 0.186185 0.0720799 0.989019 0.536641 0.627494 0.869314 0.668721 0.215182 0.0266052 0.918495 0.467272 0.729165 0.227792 0.86939 0.429411 0.578443 0.945845 0.651282 0.844672 0.592731 0.914057 0.229093 0.838374 0.52637 0.676793 0.464763 0.972073 0.296053 0.174519 0.478962 0.279777 0.360704 0.551041 0.268797 0.897345 0.178536 0.138111 0.566065 0.393718 0.164716 0.48456 
19 53 80 8 58 69 52 
0.676225 0.974574 0.135467 0.268956 0.888631 0.36456 0.10733 0.415001 0.0413523 0.572093 0.387074 0.337406 0.746612 0.866036 0.617183 0.107317 0.417077 0.88598 0.00466134 0.595613 0.0240905 0.570727 0.989331 0.188807 0.0552871 0.85032 0.0826872 0.767639 0.5807 0.405979 0.0584339 0.256925 0.380553 0.193901 0.52588 0.269184 0.558461 0.63321 0.684185 0.599813 0.205303 0.0712594 0.937219 0.951916 0.937295 0.554402 0.0592321 0.354373 0.440382 0.0638934 0.949986 0.464472 0.63462 0.939317 0.653279 0.689907 0.789637 0.735966 0.457546 0.370337 0.141944 0.51598 0.627261 0.522497 0.709881 0.153141 0.791681 0.268342 0.786351 0.475866 0.868155 0.991654 0.547125 0.805374 0.94357 0.48442 0.359776 0.00280197 0.838793 0.800158 0.0666954 0.788779 0.26463 0.701316 0.728096 0.917908 0.391223 0.517732 0.653874 0.848769 0.888069 0.795818 0.36475 0.51533 0.318315 0.074631 0.668471 0.109996 0.342973 0.454822 0.585861 0.211128 0.446477 0.132986 0.0165025 0.390046 0.617406 0.376279 0.392848 0.456199 0.176436 0.459544 0.244978 0.441066 0.160859 0.973074 0.358974 0.552082 0.490806 0.0128477 0.400852 0.378875 0.808666 0.765601 0.894205 0.126981 0.840232 0.562676 
20 6 81 31 65 13 73 
0.955824 0.410836 0.854022 0.57323 0.787115 0.24687 0.0294293 0.963551 0.706414 0.274407 0.404617 0.867274 0.247481 0.763591 0.419356 0.738287 0.776439 0.820208 0.117162 0.585105 0.585809 0.0113674 0.712086 0.426041 0.574044 0.949062 0.609247 0.591542 0.7719 0.00358078 0.0555173 0.727724 0.414417 0.909539 0.300954 0.201532 0.156409 0.330383 0.165083 0.862823 0.604791 0.5697 0.730097 0.852272 0.333291 0.149453 0.590559 0.10973 0.96966 0.707721 0.694835 0.555469 0.719089 0.40692 0.98151 0.293133 0.355983 0.590757 0.884675 0.127883 0.594338 0.940192 0.855607 0.00875529 0.849731 0.156561 0.210287 0.00614021 0.486944 0.375371 0.868963 0.091735 0.945071 0.59906 0.944007 0.278363 0.748513 0.534566 0.388093 0.718173 0.242288 0.0829275 0.273642 0.961376 0.489848 0.255152 0.254509 0.84583 0.84591 0.139184 0.973713 0.440248 0.0793757 0.82932 0.449003 0.929107 0.985881 0.659291 0.935247 0.472825 0.0346614 0.80421 0.56456 0.979733 0.40327 0.508567 0.258096 0.151783 0.0431328 0.646188 0.869956 0.28542 0.729116 0.143598 0.246797 0.218964 0.39875 0.501306 0.0647942 0.24466 0.640489 0.0385073 0.684907 0.719865 0.867827 0.13391 0.648972 0.853708 
21 66 13 29 45 39 32 
0.7917 0.399659 0.0656908 0.943483 0.442792 0.711879 0.813439 0.728212 0.440995 0.957036 0.975009 0.659959 0.355786 0.476315 0.724753 0.600446 0.116804 0.76326 0.285354 0.836669 0.631087 0.419264 0.485641 0.484795 0.212465 0.0698604 0.811328 0.0403276 0.45829 0.70242 0.847923 0.24999 0.102079 0.913614 0.193473 0.544871 0.625493 0.00691125 0.273083 0.066488 0.963948 0.248092 0.726447 0.319734 0.724406 0.4512 0.92018 0.84121 0.21446 0.205534 0.67788 0.845548 0.624798 0.163521 0.330343 0.837263 0.233382 0.141671 0.877591 0.691671 0.84409 0.725514 0.941661 0.946169 0.639127 0.135133 0.49104 0.26462 0.142045 0.764123 0.331108 0.105992 0.0122141 0.0575551 0.425727 0.73662 0.508755 0.345907 0.577831 0.723215 0.551441 0.25571 0.568763 0.176239 0.419232 0.899106 0.0135021 0.652613 0.0407761 0.891093 0.344284 0.884867 0.616607 0.285945 0.831036 0.255734 0.421079 0.322076 0.520355 0.563123 0.0861985 0.851463 0.669116 0.0984126 0.909018 0.0948421 0.835033 0.417773 0.440749 0.412864 0.140988 0.99219 0.668574 0.709751 0.168429 0.0878055 0.608856 0.181931 0.740419 0.649632 0.0730238 0.0847028 0.534499 0.689631 0.370648 0.365535 0.945365 0.791727 
22 15 9 37 76 63 50 
0.872222 0.2262 0.118807 0.707255 0.643973 0.559556 0.120118 0.784961 0.551746 0.788692 0.494711 0.720175 0.876498 0.103567 0.902106 0.616916 0.7532 0.975129 0.701619 0.287698 0.66476 0.0722671 0.653233 0.610125 0.863994 0.340844 0.075844 0.218843 0.114653 0.393026 0.242809 0.986874 0.619226 0.361616 0.694129 0.263199 0.921173 0.814247 0.0481593 0.472919 0.602939 0.54287 0.193094 0.479437 0.646438 0.0951995 0.0963531 0.399637 0.070329 0.797972 0.687336 0.735089 0.870239 0.340569 0.345214 0.734233 0.681412 0.421058 0.953076 0.796065 0.814084 0.195885 0.782939 0.43331 0.557502 0.477068 0.696508 0.478674 0.291315 0.744668 0.951593 0.894254 0.287538 0.144687 0.373691 0.933976 0.239886 0.470044 0.333613 0.310215 0.268017 0.0209492 0.0453044 0.138256 0.361518 0.390518 0.872489 0.0429304 0.811576 0.825565 0.838995 0.62566 0.0214504 0.621935 0.0589692 0.578952 0.0990027 0.755478 0.0576262 0.390318 0.500145 0.00921933 0.284572 0.787683 0.153906 0.658264 0.721659 0.393793 0.128308 0.0552725 0.704008 0.396325 0.0762217 0.749312 0.53458 0.43774 0.13983 0.407069 0.48067 0.951406 0.232634 0.319666 0.577066 0.254085 0.9416 0.636035 0.833037 0.0406029 
23 56 11 35 67 72 10 
0.679341 0.0537884 0.373757 0.401 0.447581 0.502065 0.456273 0.151589 0.898389 0.532494 0.900901 0.43297 0.970234 0.0407319 0.840039 0.450904 0.992138 0.0726734 0.77057 0.569204 0.326758 0.71217 0.205239 0.159795 0.752773 0.596752 0.0504575 0.183694 0.48841 0.95034 0.899187 0.167751 0.00412801 0.272944 0.568751 0.451709 0.775008 0.0250235 0.603298 0.673398 0.557518 0.504199 0.106368 0.527752 0.544931 0.946407 0.978656 0.537069 0.0190799 0.749226 0.106274 0.345838 0.461396 0.311513 0.505633 0.214169 0.908265 0.55609 0.397863 0.396674 0.50643 0.29705 0.564425 0.510558 0.569994 0.133176 0.962267 0.345002 0.158199 0.565565 0.0183998 0.715717 0.0697645 0.124767 0.243469 0.614696 0.0711739 0.222126 0.151765 0.0902538 0.971352 0.258039 0.436092 0.432748 0.569551 0.941725 0.646918 0.477816 0.497815 0.0447809 0.87449 0.00424462 0.341831 0.438915 0.514802 0.911825 0.572091 0.477069 0.256827 0.73029 0.0426344 0.275227 0.446007 0.112399 0.399994 0.689476 0.727095 0.471168 0.911602 0.87886 0.561422 0.882954 0.136899 0.997514 0.315702 0.70645 0.939238 0.96262 0.184266 0.437053 0.00740077 0.0587564 0.441298 0.349232 0.497671 0.9561 0.261057 0.0697619 
24 54 0 4 67 52 19 
0.588203 0.193104 0.935534 0.315297 0.664272 0.847136 0.194157 0.225694 0.73009 0.331056 0.223208 0.045792 0.0375062 0.162446 0.00841181 0.221772 0.599499 0.0158126 0.280529 0.0407968 0.365044 0.7782 0.996897 0.626101 0.847962 0.430066 0.143985 0.648014 0.90587 0.937095 0.894072 0.494073 0.130199 0.829607 0.80937 0.794472 0.676743 0.00352753 0.0201659 0.406833 0.334583 0.243374 0.452625 0.37209 0.40582 0.461036 0.593862 0.00531925 0.476849 0.874391 0.046116 0.841893 0.652591 0.0430129 0.467994 0.500553 0.473079 0.611979 0.148566 0.378949 0.549074 0.0426384 0.873022 0.679273 0.872245 0.682393 0.473744 0.548988 0.68592 0.49391 0.955821 0.0205036 0.737284 0.408445 0.392593 0.143104 0.869482 0.986455 0.148424 0.346331 0.860846 0.19454 0.188224 0.513437 0.237553 0.656218 0.0139894 0.710632 0.268197 0.162556 0.0895811 0.817271 0.205194 0.962603 0.496544 0.0774393 0.644996 0.970288 0.626427 0.330916 0.464199 0.582248 0.35142 0.201483 0.990693 0.744013 0.344587 0.860174 0.730468 0.493011 0.206505 0.591314 0.687551 0.394729 0.104751 0.925103 0.0509476 0.11874 0.635735 0.319145 0.281296 0.725316 0.136416 0.48649 0.687919 0.63296 0.56393 0.332915 
25 45 67 61 16 42 44 
0.26893 0.763297 0.759264 0.613517 0.623472 0.489733 0.106528 0.829977 0.081047 0.794079 0.224706 0.185798 0.719182 0.275653 0.304538 0.354917 0.594798 0.585835 0.0802327 0.731214 0.072325 0.768152 0.364174 0.636255 0.101068 0.967422 0.826611 0.764899 0.0348687 0.599216 0.780151 0.303798 0.362513 0.539415 0.917316 0.985985 0.0291477 0.0238438 0.815961 0.110195 0.817923 0.040667 0.295993 0.537104 0.31632 0.600531 0.892021 0.911119 0.186366 0.972254 0.642333 0.258691 0.740406 0.00650654 0.894945 0.841474 0.973928 0.721557 0.606373 0.00879714 0.320772 0.386523 0.312596 0.683285 0.925938 0.229911 0.66927 0.955086 0.253755 0.485231 0.0652809 0.0716777 0.525898 0.361274 0.608782 0.842218 0.961805 0.500803 0.753337 0.14817 0.473057 0.39567 0.406861 0.213463 0.402176 0.301806 0.0549372 0.376105 0.0233631 0.66131 0.384902 0.344135 0.0478336 0.697497 0.0274207 0.973772 0.927409 0.696691 0.928858 0.181164 0.181922 0.994139 0.252842 0.70782 0.355413 0.861624 0.550038 0.317217 0.362427 0.303375 0.465388 0.835484 0.699045 0.872249 0.048948 0.101221 0.174055 0.103885 0.477326 0.197418 0.765195 0.862227 0.541554 0.813029 0.559725 0.568975 0.786801 0.487133 
26 12 43 47 52 39 54 
0.155406 0.0652109 0.782763 0.705444 0.382428 0.14519 0.00881934 0.847816 0.980674 0.707864 0.720065 0.0296221 0.809085 0.89412 0.133507 0.28641 0.0915389 0.898703 0.148638 0.633093 0.711731 0.708362 0.202067 0.498532 0.195496 0.467733 0.214191 0.863793 0.915319 0.92399 0.784932 0.0707259 0.9892 0.567695 0.77617 0.371629 0.712884 0.78499 0.219445 0.693558 0.492854 0.93951 0.723181 0.301938 0.83363 0.856688 0.588349 0.925169 0.75539 0.736986 0.558262 0.467122 0.445349 0.760329 0.965654 0.640844 0.228062 0.179845 0.504638 0.143381 0.103835 0.28957 0.214107 0.0930353 0.857264 0.990277 0.464664 0.570149 0.775267 0.684109 0.263707 0.26812 0.623618 0.986888 0.570059 0.457248 0.843576 0.158407 0.382417 0.598966 0.895394 0.940679 0.0660878 0.340742 0.701008 0.0317418 0.981587 0.92907 0.211587 0.486224 0.0724512 0.315422 0.775794 0.286558 0.408457 0.633058 0.276836 0.873121 0.203207 0.0521025 0.55723 0.466914 0.320223 0.180848 0.453802 0.890282 0.638097 0.297377 0.0486891 0.0205141 0.896343 0.944083 0.961193 0.962431 0.284825 0.662201 0.994173 0.266412 0.591271 0.20576 0.752636 0.663722 0.521182 0.52843 0.950281 0.92964 0.161488 0.227116 
27 30 52 66 12 16 51 
0.540839 0.285411 0.489723 0.178936 0.582789 0.538412 0.19945 0.479132 0.482495 0.160643 0.441564 0.76732 0.822845 0.435737 0.0337319 0.414116 0.641497 0.786368 0.0778385 0.162679 0.314798 0.0281192 0.0923189 0.476286 0.255235 0.89508 0.840982 0.534454 0.255071 0.672591 0.133896 0.795911 0.958002 0.623619 0.974847 0.540791 0.162031 0.174297 0.0199234 0.644527 0.334941 0.461487 0.411847 0.157786 0.897224 0.445579 0.571902 0.53872 0.231947 0.64974 0.7014 0.546745 0.677859 0.793718 0.0230308 0.933095 0.688798 0.864012 0.467549 0.94387 0.536603 0.601445 0.73978 0.494606 0.225064 0.714627 0.0353969 0.387095 0.888925 0.0553203 0.0316216 0.223865 0.516807 0.443468 0.381651 0.414031 0.889047 0.953553 0.952751 0.120994 0.603293 0.654151 0.667738 0.281152 0.447869 0.690769 0.214247 0.136667 0.554781 0.681796 0.0805371 0.0913848 0.28324 0.820317 0.585991 0.508304 0.534945 0.621388 0.895399 0.423869 0.676708 0.927021 0.647735 0.193515 0.370489 0.0293858 0.607546 0.259536 0.982939 0.560297 0.38053 0.586231 0.214447 0.0482677 0.867384 0.662316 0.739037 0.0816305 0.798984 0.293818 0.763426 0.879521 0.385203 0.0466666 0.699838 0.971193 0.554971 0.234783 
28 53 22 39 49 36 59 
0.462804 0.747879 0.335773 0.0703495 0.00741536 0.318712 0.630646 0.387945 0.904943 0.845094 0.436213 0.772326 0.50741 0.175249 0.853957 0.306394 0.469067 0.617383 0.185914 0.85427 0.66405 0.885753 0.825463 0.21902 0.120536 0.418044 0.66939 0.779188 0.687333 0.0467803 0.0855752 0.150137 0.79466 0.421348 0.220486 0.802075 0.74006 0.851133 0.19002 0.645003 0.696226 0.626233 0.417329 0.203636 0.801482 0.271286 0.51003 0.270549 0.888669 0.695944 0.124819 0.552719 0.581697 0.950283 0.77174 0.702232 0.368327 0.44113 0.48142 0.0556601 0.48791 0.566995 0.205797 0.28257 0.988344 0.426283 0.0846446 0.728404 0.277416 0.274665 0.373406 0.973642 0.900897 0.790736 0.177278 0.702379 0.0620216 0.687308 0.972929 0.950691 0.383252 0.0977482 0.50341 0.964948 0.048031 0.27515 0.667181 0.416358 0.716279 0.148601 0.472018 0.204189 0.715596 0.677815 0.486759 0.70394 0.104098 0.571403 0.432343 0.381514 0.846068 0.80575 0.355157 0.746965 0.596485 0.532435 0.449345 0.658507 0.219743 0.422273 0.609198 0.602994 0.520022 0.112608 0.567943 0.568053 0.387758 0.235124 0.984411 0.104037 0.383724 0.456429 0.308226 0.0993205 0.134244 0.794985 0.80326 0.238342 
29 53 55 30 22 80 42 
0.959422 0.637839 0.507448 0.408766 0.296346 0.727191 0.83104 0.905543 0.330185 0.351061 0.0181514 0.898128 0.919114 0.405909 0.133252 0.903524 0.509946 0.516976 0.359953 0.818172 0.616296 0.494197 0.613157 0.419557 0.73254 0.979546 0.65516 0.352396 0.192002 0.696514 0.32741 0.151423 0.334353 0.834858 0.56019 0.630698 0.562048 0.391229 0.536242 0.892234 0.74229 0.554393 0.790362 0.661404 0.960302 0.923613 0.564928 0.470248 0.440589 0.924881 0.28842 0.0568856 0.419078 0.901577 0.476442 0.151618 0.881123 0.131603 0.504014 0.0731249 0.828117 0.831424 0.224548 0.162469 0.666281 0.784738 0.793168 0.22833 0.175967 0.32941 0.120563 0.918257 0.883803 0.910925 0.579661 0.844105 0.834539 0.144589 0.314353 0.275128 0.0694701 0.602774 0.332014 0.488548 0.504351 0.808456 0.640166 0.385474 0.940059 0.14418 0.458599 0.768175 0.975603 0.683147 0.930645 0.641885 0.467885 0.723813 0.870214 0.643852 0.0532223 0.990778 0.562109 0.937025 0.901703 0.14177 0.78113 0.736242 0.28636 0.0954834 0.0113698 0.35583 0.698257 0.343383 0.844378 0.202608 0.151839 0.484544 0.588082 0.091898 0.628723 0.0466808 0.860073 0.604327 0.729828 0.790718 0.246211 0.197713 
30 19 33 53 27 16 46 
0.504778 0.00890691 0.545445 0.285908 0.745149 0.831805 0.381392 0.756519 0.187634 0.0796487 0.0999019 0.0320121 0.282257 0.251741 0.516556 0.870339 0.343639 0.145279 0.917019 0.203713 0.749606 0.646847 0.994431 0.995817 0.84456 0.508962 0.112243 0.686126 0.076715 0.219446 0.0898002 0.581493 0.228353 0.635245 0.867402 0.973502 0.46705 0.248794 0.730021 0.654684 0.328442 0.829922 0.686696 0.610699 0.0816635 0.203252 0.481037 0.425303 0.348531 0.398057 0.629015 0.0981365 0.0449041 0.623446 0.0939534 0.889465 0.132408 0.206196 0.57559 0.209123 0.425642 0.66539 0.790616 0.653996 0.300636 0.658018 0.627498 0.767686 0.906811 0.357518 0.42237 0.235254 0.187441 0.109066 0.845952 0.269104 0.312318 0.32699 0.694407 0.660849 0.725047 0.323422 0.758985 0.769951 0.946868 0.852939 0.659415 0.0792756 0.0591348 0.235005 0.288398 0.484777 0.900396 0.0790145 0.138773 0.201031 0.737032 0.76627 0.968717 0.643844 0.123788 0.391087 0.879097 0.311229 0.500153 0.72505 0.580333 0.812471 0.0520396 0.27474 0.47332 0.777086 0.598161 0.232306 0.547037 0.545029 0.0852445 0.206452 0.624305 0.144379 0.441458 0.912703 0.629156 0.341854 0.991718 0.767929 0.542885 0.72875 
31 8 47 79 10 9 42 
0.402842 0.976741 0.54955 0.215313 0.0287804 0.824289 0.688634 0.805867 0.422451 0.920939 0.352904 0.96748 0.00618378 0.559356 0.591785 0.150563 0.000813908 0.504488 0.77972 0.342667 0.496206 0.547649 0.885552 0.224956 0.0818481 0.397155 0.59755 0.739836 0.299844 0.849241 0.709053 0.702686 0.825982 0.258602 0.917999 0.854762 0.0828917 0.606633 0.660629 0.505343 0.527572 0.0135327 0.472823 0.533756 0.572889 0.0646077 0.684319 0.573703 0.569096 0.464039 0.91637 0.0653021 0.0116874 0.801923 0.290258 0.0935355 0.199077 0.887808 0.833371 0.498921 0.737049 0.542424 0.201607 0.563031 0.801027 0.119606 0.417793 0.883918 0.726239 0.0784223 0.389261 0.253812 0.091955 0.862083 0.787568 0.664844 0.926691 0.471887 0.238547 0.495787 0.935925 0.154917 0.561089 0.947613 0.956839 0.851348 0.0411482 0.155917 0.739156 0.87452 0.654838 0.476205 0.416944 0.856445 0.0392363 0.21797 0.976051 0.45703 0.101889 0.70229 0.535452 0.49115 0.956102 0.627407 0.353233 0.74367 0.292251 0.279924 0.215556 0.530797 0.775711 0.151481 0.685714 0.336801 0.0990941 0.642554 0.188148 0.140242 0.79847 0.927304 0.0147619 0.453308 0.40351 0.431706 0.309753 0.442746 0.649676 0.285804 
32 73 47 39 44 22 67 
0.595947 0.687866 0.354885 0.875872 0.903423 0.885683 0.651583 0.054904 0.571397 0.988384 0.153998 0.21395 0.176532 0.29424 0.0124208 0.103836 0.309002 0.465729 0.507346 0.740708 0.775482 0.950092 0.390384 0.0612864 0.849867 0.141949 0.0493812 0.285095 0.384664 0.993578 0.347729 0.980611 0.681444 0.702614 0.856483 0.584867 0.588297 0.508066 0.639771 0.159694 0.496449 0.793769 0.373644 0.672981 0.0880093 0.386065 0.776818 0.397012 0.851794 0.284164 0.13772 0.627276 0.234255 0.528104 0.688562 0.0841225 0.670053 0.737944 0.369217 0.0547171 0.731522 0.716946 0.0353281 0.412966 0.41956 0.891811 0.997833 0.00785698 0.399876 0.637604 0.16755 0.896326 0.431372 0.541194 0.569307 0.519382 0.927259 0.346125 0.916394 0.779053 0.630288 0.0541133 0.406329 0.864544 0.582217 0.0948913 0.948666 0.252271 0.832835 0.317883 0.306988 0.564357 0.0348291 0.342316 0.977322 0.454389 0.234127 0.975155 0.462246 0.634003 0.612759 0.629797 0.530329 0.0441312 0.170991 0.0996354 0.563513 0.0982503 0.44576 0.479907 0.877303 0.0760481 0.53402 0.283632 0.940592 0.116237 0.378523 0.889258 0.368508 0.211358 0.207141 0.675496 0.775715 0.24197 0.0178121 0.753037 0.696359 0.251939 
33 55 62 1 15 58 17 
0.385082 0.959394 0.515906 0.948595 0.0576438 0.961666 0.428502 0.934947 0.0377138 0.962522 0.218579 0.978305 0.078759 0.597102 0.867563 0.447267 0.808461 0.0747038 0.122763 0.584176 0.316674 0.140575 0.337213 0.0130328 0.392514 0.0654053 0.171638 0.278456 0.406357 0.960041 0.694726 0.791439 0.919434 0.210632 0.740034 0.977078 0.172298 0.168536 0.912025 0.210012 0.131058 0.130604 0.188317 0.209817 0.727707 0.0558802 0.657084 0.536167 0.130584 0.779847 0.120343 0.447258 0.920422 0.457556 0.46029 0.312936 0.522961 0.631929 0.591392 0.929318 0.591969 0.286119 0.720756 0.511403 0.496751 0.460791 0.488481 0.669049 0.629327 0.400506 0.87906 0.760385 0.531111 0.0673774 0.970202 0.258817 0.123258 0.627286 0.794984 0.253842 0.407133 0.915327 0.701099 0.327555 0.372883 0.161389 0.640491 0.895844 0.793318 0.231884 0.825161 0.385287 0.518002 0.545918 0.896691 0.0147531 0.00670857 0.385172 0.683802 0.636035 0.785679 0.562862 0.39642 0.316789 0.630239 0.366622 0.575606 0.753497 0.993907 0.370591 0.00733853 0.40104 0.285918 0.708438 0.728595 0.658801 0.869827 0.369086 0.554644 0.663145 0.60097 0.379806 0.0484327 0.118972 0.925724 0.945124 0.133725 0.932432 
34 70 16 4 43 1 55 
0.432764 0.0106284 0.33151 0.00837032 0.764125 0.325417 0.378961 0.771464 0.726457 0.664879 0.479902 0.455052 0.323679 0.349729 0.824138 0.878324 0.0128739 0.425108 0.25813 0.0613066 0.544081 0.183853 0.00643011 0.677806 0.116285 0.336726 0.495333 0.684753 0.452701 0.875722 0.649641 0.885464 0.88635 0.98115 0.893835 0.650476 0.306567 0.272796 0.42194 0.0330243 0.937675 0.901841 0.488076 0.261354 0.25157 0.312214 0.139678 0.264444 0.737323 0.397807 0.325751 0.281403 0.58166 0.332181 0.959209 0.697946 0.668907 0.454542 0.382699 0.121607 0.330264 0.0323394 0.00707163 0.216614 0.0134898 0.900906 0.86709 0.320057 0.173702 0.28903 0.353082 0.111377 0.190871 0.841158 0.372731 0.442441 0.153372 0.512409 0.706885 0.890695 0.910216 0.0326358 0.172098 0.491876 0.364816 0.131307 0.189822 0.033723 0.585849 0.572521 0.15533 0.916113 0.60486 0.162402 0.132727 0.61835 0.0633082 0.999817 0.938407 0.23701 0.288847 0.291488 0.348387 0.479719 0.132646 0.721118 0.92216 0.286018 0.233527 0.629045 0.176713 0.143743 0.661681 0.348811 0.635619 0.0264974 0.480117 0.825441 0.0602204 0.0659657 0.397962 0.215551 0.982078 0.0028217 0.377952 0.114805 0.621171 0.44126 
35 77 1 26 45 31 78 
0.883189 0.983713 0.747776 0.805349 0.269731 0.981303 0.434394 0.446444 0.125046 0.0960753 0.795255 0.760665 0.122573 0.275372 0.586106 0.182793 0.341337 0.984068 0.398344 0.323416 0.986889 0.776296 0.438221 0.608061 0.217556 0.552844 0.167639 0.895827 0.956314 0.0187061 0.922485 0.839504 0.0024191 0.670262 0.644853 0.27215 0.651565 0.0792469 0.718594 0.776611 0.175322 0.513849 0.537275 0.297895 0.789221 0.123381 0.480688 0.130558 0.107449 0.879032 0.453974 0.0943382 0.655327 0.892195 0.702399 0.872884 0.44504 0.870038 0.768711 0.401354 0.888744 0.691197 0.240858 0.891163 0.361458 0.88571 0.163314 0.0130231 0.964957 0.881908 0.789634 0.140279 0.395757 0.326909 0.438174 0.184978 0.450291 0.918862 0.315536 0.557739 0.797894 0.76951 0.652078 0.453221 0.661706 0.354477 0.326105 0.106746 0.224515 0.0948162 0.5081 0.113259 0.786013 0.748957 0.00442228 0.147471 0.634668 0.167736 0.160494 0.599625 0.0496441 0.950128 0.739904 0.445401 0.277037 0.178078 0.630379 0.727328 0.0969406 0.945915 0.285067 0.894834 0.715426 0.937145 0.348056 0.377132 0.291621 0.674161 0.483877 0.516136 0.768977 0.991977 0.629395 0.55499 0.740935 0.633817 0.702461 0.375602 
36 28 69 6 42 4 56 
0.296599 0.0901201 0.89321 0.926978 0.817448 0.990151 0.872893 0.102515 0.884985 0.588319 0.0396594 0.233041 0.965451 0.331281 0.907202 0.449328 0.847417 0.676179 0.441305 0.476812 0.231168 0.18224 0.110629 0.933629 0.557842 0.912182 0.796584 0.533069 0.763379 0.609667 0.248201 0.0599777 0.699787 0.141411 0.986955 0.517235 0.131561 0.859849 0.61975 0.0165463 0.448168 0.659409 0.249587 0.413619 0.99069 0.156788 0.862947 0.838106 0.832967 0.304252 0.314918 0.0641355 0.486492 0.425547 0.997765 0.0443339 0.337729 0.794349 0.577403 0.101108 0.404017 0.825604 0.161085 0.103804 0.967015 0.148041 0.621039 0.0985763 0.0078895 0.240789 0.115123 0.456057 0.900198 0.36471 0.869676 0.890888 0.521498 0.732623 0.728995 0.354465 0.0368745 0.0439125 0.418601 0.523366 0.469459 0.416365 0.5677 0.807188 0.210715 0.145103 0.908296 0.614731 0.970708 0.0693811 0.718535 0.937722 0.217422 0.339574 0.0362987 0.225311 0.580363 0.151421 0.681369 0.480561 0.516131 0.551044 0.371449 0.0376289 0.283667 0.100444 0.392094 0.320541 0.144356 0.810695 0.843908 0.613815 0.22706 0.411608 0.421003 0.437775 0.556711 0.329299 0.052506 0.527419 0.39868 0.771041 0.465141 0.616102 
37 41 24 36 4 15 71 
0.168992 0.0738267 0.542988 0.206621 0.357494 0.643432 0.598715 0.678035 0.787788 0.40941 0.521943 0.401604 0.63647 0.93355 0.822607 0.0742448 0.490262 0.151906 0.126751 0.0176803 0.550586 0.897792 0.482821 0.166688 0.00840692 0.984261 0.00810165 0.699385 0.637122 0.530884 0.870924 0.806115 0.604711 0.413913 0.0127355 0.962204 0.0573445 0.611451 0.640239 0.845133 0.0208604 0.162182 0.246736 0.65733 0.0957325 0.0693433 0.731575 0.585994 0.221249 0.858326 0.603674 0.771835 0.756118 0.0864957 0.938523 0.764525 0.0707569 0.946625 0.46391 0.707879 0.477509 0.334834 0.513994 0.0822195 0.748747 0.526729 0.0444237 0.806091 0.13818 0.684663 0.651224 0.15904 0.846845 0.89796 0.816371 0.942577 0.967303 0.547946 0.528571 0.188553 0.406272 0.132246 0.960388 0.16239 0.218741 0.898911 0.926915 0.289498 0.845537 0.390825 0.997378 0.323046 0.725659 0.511372 0.405265 0.474405 0.0381011 0.449689 0.280496 0.176281 0.134352 0.93172 0.335322 0.981197 0.82968 0.151693 0.923774 0.796983 0.699639 0.452346 0.985536 0.105911 0.584591 0.945924 0.268301 0.803333 0.844836 0.195216 0.0928313 0.690372 0.586041 0.0902091 0.0134178 0.311699 0.601581 0.418683 0.786104 0.639682 
38 1 42 13 2 47 29 
0.98392 0.828001 0.302977 0.907694 0.624984 0.00261593 0.36004 0.61052 0.108527 0.944631 0.556444 0.376828 0.747964 0.40128 0.572044 0.840795 0.0916519 0.158084 0.931004 0.10507 0.469783 0.532585 0.523753 0.255888 0.172267 0.392124 0.322488 0.98823 0.394848 0.320809 0.139515 0.378768 0.148809 0.442492 0.286462 0.773793 0.445108 0.646501 0.384313 0.553635 0.591132 0.940757 0.930462 0.339096 0.342037 0.502506 0.179891 0.433689 0.66059 0.110895 0.538759 0.130374 0.64348 0.0625114 0.386262 0.815747 0.454636 0.70875 0.803977 0.849483 0.0295585 0.943491 0.228251 0.178368 0.385983 0.514712 0.952161 0.831091 0.161214 0.336474 0.384725 0.752346 0.277231 0.315188 0.0914418 0.619268 0.817694 0.271333 0.0529575 0.478284 0.382228 0.591716 0.608658 0.0257081 0.654228 0.99492 0.841455 0.108863 0.70367 0.645432 0.958346 0.733228 0.588923 0.186597 0.911596 0.974906 0.701309 0.863757 0.805997 0.862523 0.200231 0.190722 0.614869 0.477462 0.50591 0.70631 0.0967304 0.323603 0.977643 0.149688 0.801888 0.359871 0.741404 0.410546 0.38558 0.395632 0.405466 0.227035 0.504495 0.109135 0.872466 0.462841 0.842363 0.461389 0.649438 0.753959 0.436295 0.350747 
39 48 69 8 21 72 11 
0.938924 0.534449 0.392139 0.262527 0.512093 0.541827 0.0644145 0.871964 0.283231 0.47496 0.257544 0.678863 0.880426 0.484578 0.183357 0.989561 0.357045 0.646199 0.831924 0.818434 0.295637 0.585883 0.254729 0.646384 0.203599 0.497021 0.859655 0.021545 0.930035 0.687793 0.316953 0.868959 0.222243 0.709092 0.131486 0.734336 0.250918 0.1959 0.6063 0.534149 0.67086 0.863843 0.213012 0.551286 0.348422 0.396369 0.540847 0.705466 0.0425679 0.372771 0.5239 0.338205 0.958655 0.778629 0.984589 0.162253 0.275651 0.844244 0.183798 0.205686 0.532037 0.500751 0.0746447 0.75428 0.209843 0.20613 0.488616 0.460762 0.402031 0.0949151 0.994911 0.0728911 0.958758 0.207923 0.624177 0.30718 0.604292 0.165025 0.0126461 0.64686 0.537796 0.536546 0.985064 0.49645 0.315175 0.969653 0.658704 0.590826 0.813897 0.842502 0.796512 0.345934 0.343253 0.871156 0.100214 0.553097 0.0772868 0.58883 0.0138585 0.479317 0.683745 0.00876941 0.552208 0.642503 0.216692 0.176386 0.949683 0.820984 0.34141 0.962329 0.467843 0.879206 0.498875 0.452907 0.375657 0.814051 0.422561 0.0343605 0.404877 0.236458 0.876863 0.201388 0.582392 0.220116 0.0725448 0.682606 0.773213 0.149832 
40 30 82 16 32 23 77 
0.0125327 0.357743 0.547367 0.833516 0.699154 0.509696 0.301359 0.57836 0.00857158 0.754267 0.954017 0.822622 0.176827 0.988378 0.227499 0.413285 0.86524 0.428887 0.995677 0.085356 0.501432 0.678283 0.858569 0.651264 0.949719 0.64564 0.280413 0.904899 0.441481 0.46177 0.502583 0.454014 0.819513 0.0499498 0.28753 0.518667 0.559646 0.588889 0.0970274 0.568218 0.343156 0.0510444 0.39084 0.519983 0.0394219 0.618339 0.933269 0.904662 0.0472258 0.928946 0.990018 0.548658 0.607229 0.848587 0.199921 0.556947 0.494227 0.480334 0.461846 0.935708 0.942104 0.964429 0.389722 0.761617 0.0143791 0.677252 0.280285 0.574025 0.266141 0.377312 0.142243 0.609297 0.428357 0.533082 0.129281 0.467778 0.151421 0.0625491 0.37244 0.198647 0.991495 0.362458 0.747305 0.598723 0.211045 0.947226 0.155671 0.705272 0.42756 0.617517 0.64098 0.369664 0.581946 0.0307022 0.131281 0.596325 0.707954 0.411566 0.17035 0.974095 0.788878 0.312593 0.583392 0.217235 0.845675 0.712673 0.685013 0.997096 0.775222 0.0574537 0.195743 0.766717 0.419912 0.943048 0.36544 0.630957 0.890274 0.52111 0.33623 0.317834 0.138627 0.97721 0.687498 0.720574 0.00791236 0.818779 0.316899 0.715866 
41 20 28 63 11 47 45 
0.645517 0.986026 0.921471 0.642614 0.761248 0.978925 0.838357 0.527965 0.398837 0.781405 0.893405 0.029794 0.671679 0.414515 0.366024 0.989513 0.553142 0.343234 0.67701 0.273716 0.351146 0.495789 0.590615 0.0670126 0.726134 0.0778639 0.756974 0.745357 0.877706 0.0303275 0.981815 0.523223 0.0163538 0.903285 0.165837 0.777602 0.88221 0.00419458 0.305567 0.281047 0.7856 0.198971 0.310841 0.457279 0.613486 0.676865 0.446792 0.166628 0.0200984 0.123802 0.440344 0.371245 0.619591 0.0309587 0.438257 0.345725 0.108823 0.195231 0.0910819 0.986529 0.225559 0.0728965 0.509752 0.241912 0.976182 0.675589 0.0195144 0.858392 0.679784 0.325081 0.139439 0.465384 0.524052 0.45028 0.922663 0.137538 0.127144 0.369454 0.304167 0.147243 0.493256 0.744511 0.518487 0.112847 0.775469 0.956744 0.458572 0.884292 0.151976 0.549654 0.870821 0.377534 0.622551 0.380573 0.619447 0.598733 0.056162 0.638961 0.457125 0.735946 0.964042 0.596564 0.20133 0.488094 0.0468434 0.123992 0.625633 0.173988 0.493446 0.929799 0.32123 0.986703 0.67431 0.839717 0.09955 0.449779 0.796462 0.558122 0.334071 0.948437 0.107777 0.204892 0.325971 0.730327 0.585464 0.945418 0.32906 0.641626 
42 81 7 5 83 15 21 
0.0365149 0.429592 0.702894 0.662147 0.60358 0.196341 0.591947 0.92481 0.183043 0.266257 0.764527 0.282593 0.716036 0.560989 0.840716 0.0501072 0.509426 0.948492 0.254999 0.835397 0.67882 0.840463 0.780815 0.00788006 0.48209 0.365194 0.794065 0.859662 0.913615 0.176814 0.438564 0.95013 0.606406 0.141458 0.612277 0.209986 0.337799 0.204224 0.134796 0.520842 0.47048 0.899323 0.803436 0.186516 0.460312 0.644151 0.236623 0.969738 0.592643 0.491622 0.805135 0.271463 0.332086 0.58595 0.279343 0.814175 0.951144 0.0734085 0.673837 0.864759 0.250223 0.112401 0.814889 0.856629 0.25386 0.427166 0.0666151 0.591658 0.631389 0.201411 0.112501 0.10187 0.100734 0.915936 0.288386 0.561046 0.560087 0.525009 0.530784 0.152731 0.0166316 0.335919 0.424194 0.348717 0.921869 0.703537 0.162893 0.873013 0.776946 0.83673 0.737772 0.0271685 0.949132 0.552661 0.883798 0.202991 0.979826 0.950413 0.79465 0.611216 0.151824 0.90715 0.713085 0.252558 0.823087 0.00147126 0.813604 0.383174 0.526481 0.344387 0.535905 0.543112 0.680306 0.960099 0.89183 0.602175 0.663636 0.0547223 0.475188 0.440582 0.891452 0.212961 0.467751 0.840584 0.765621 0.351548 0.0435752 0.745448 
43 39 11 16 47 58 36 
0.706342 0.568462 0.0712201 0.519946 0.951636 0.597701 0.864333 0.48754 0.140813 0.544639 0.447639 0.0326423 0.146814 0.111276 0.0873646 0.622003 0.551858 0.978817 0.834963 0.0196085 0.819401 0.600585 0.371157 0.862976 0.346033 0.673118 0.701201 0.702696 0.126902 0.446576 0.772445 0.833244 0.0150379 0.843665 0.35319 0.966674 0.441366 0.217524 0.454214 0.582178 0.762163 0.901853 0.614821 0.908977 0.0131291 0.702185 0.53098 0.564987 0.681002 0.365944 0.584595 0.500403 0.966528 0.955752 0.36338 0.312561 0.62887 0.0645807 0.0152568 0.755772 0.511157 0.787702 0.589016 0.526195 0.631367 0.942207 0.492868 0.0727322 0.159731 0.947082 0.654911 0.921894 0.848936 0.269731 0.830871 0.862065 0.971917 0.361851 0.427052 0.652919 0.727795 0.0116473 0.153323 0.694323 0.9674 0.516702 0.00688381 0.596269 0.581283 0.0221406 0.352041 0.0924397 0.809842 0.941058 0.618634 0.441209 0.883265 0.111503 0.513941 0.0429952 0.0585852 0.168852 0.964889 0.907521 0.438583 0.79576 0.769586 0.4105 0.157611 0.196638 0.0634191 0.885405 0.208285 0.216742 0.579728 0.175685 0.733444 0.586612 0.771954 0.314727 0.608753 0.123996 0.407166 0.418595 0.0650533 0.0258009 0.859804 0.948318 
44 73 25 62 57 18 46 
0.10341 0.98118 0.751962 0.872996 0.39168 0.909572 0.0696339 0.455099 0.794978 0.277919 0.671841 0.374706 0.453604 0.405285 0.961319 0.225558 0.720012 0.570071 0.349554 0.127178 0.988667 0.414607 0.152979 0.848471 0.362925 0.290283 0.222216 0.354238 0.486172 0.764813 0.31044 0.589582 0.745993 0.0624016 0.462578 0.137673 0.971974 0.532212 0.592772 0.766952 0.810131 0.264613 0.141658 0.263735 0.669898 0.102977 0.489293 0.38991 0.673048 0.838846 0.517088 0.661715 0.253453 0.670067 0.510186 0.616378 0.96035 0.732401 0.970616 0.446522 0.497214 0.281056 0.0361037 0.243207 0.343458 0.498681 0.38088 0.315432 0.0308929 0.973652 0.0823837 0.841024 0.238266 0.224042 0.104758 0.908164 0.327019 0.594051 0.298074 6.7031e-05 0.432897 0.815162 0.661782 0.68635 0.48523 0.171968 0.302728 0.44558 0.904369 0.273345 0.892102 0.401583 0.554401 0.928206 0.64479 0.897858 0.426887 0.0256697 0.21329 0.45778 0.999322 0.295674 0.298803 0.237588 0.519716 0.403562 0.145751 0.846735 0.997612 0.443825 0.846802 0.43051 0.258988 0.508584 0.11686 0.744217 0.680551 0.419588 0.189797 0.58492 0.692933 0.0818991 0.986503 0.247334 0.0101047 0.631293 0.145192 0.436992 
45 2 62 18 36 11 20 
0.893872 0.173872 0.597137 0.0396233 0.0206068 0.594749 0.483449 0.867408 0.0252587 0.742436 0.375992 0.142119 0.486654 0.0565431 0.561707 0.676451 0.641463 0.25464 0.75835 0.627966 0.501973 0.768454 0.259259 0.647165 0.205446 0.916221 0.00564786 0.100218 0.572506 0.659804 0.293793 0.466377 0.833676 0.890929 0.506001 0.854283 0.485679 0.989449 0.721692 0.510937 0.731886 0.0976836 0.653056 0.218539 0.154227 0.214763 0.89499 0.79569 0.469403 0.653339 0.423656 0.971376 0.421794 0.682915 0.618542 0.62724 0.599136 0.62419 0.727458 0.171642 0.283994 0.0212505 0.638019 0.11767 0.91218 0.14402 0.971953 0.397859 0.133469 0.693645 0.908796 0.865355 0.791329 0.561852 0.0838938 0.945555 0.776615 0.978884 0.741245 0.246017 0.632223 0.164901 0.217394 0.0540169 0.847816 0.835935 0.681257 0.446953 0.460125 0.408715 0.618594 0.744119 0.429965 0.256614 0.861789 0.342145 0.400633 0.833742 0.740004 0.534103 0.527387 0.6488 0.399457 0.318716 0.210651 0.483351 0.264271 0.987266 0.462235 0.00551667 0.233284 0.0944578 0.170418 0.450677 0.148475 0.0182344 0.286613 0.829732 0.465187 0.746738 0.238447 0.0837813 0.490856 0.668412 0.340395 0.352645 0.0105572 0.741028 
46 79 76 36 29 52 66 
0.0324906 0.610012 0.15794 0.296762 0.597278 0.620175 0.302279 0.830562 0.714632 0.472697 0.281239 0.863107 0.490931 0.567852 0.692839 0.956118 0.314589 0.931286 0.0398994 0.805445 0.599698 0.380294 0.158091 0.610255 0.121323 0.344478 0.360816 0.396454 0.0582527 0.760176 0.0710423 0.0907433 0.370188 0.228982 0.387505 0.967466 0.849157 0.689784 0.798028 0.563789 0.162481 0.0792668 0.426897 0.653412 0.647118 0.119736 0.60953 0.961707 0.0510212 0.649429 0.767153 0.650719 0.0297235 0.925243 0.260974 0.151046 0.269721 0.621789 0.5475 0.327974 0.381966 0.618542 0.418717 0.752154 0.847524 0.806223 0.71962 0.696681 0.496006 0.517648 0.260471 0.658487 0.596915 0.687367 0.311899 0.244033 0.807103 0.921428 0.20574 0.858124 0.570858 0.972893 0.508843 0.600581 0.898137 0.769816 0.751627 0.167858 0.391606 0.299127 0.495832 0.773571 0.91767 0.914549 0.525725 0.765194 0.720772 0.245345 0.461875 0.216778 0.762993 0.722346 0.875265 0.359908 0.409713 0.187163 0.603941 0.216816 0.108592 0.809682 0.0749395 0.67945 0.782575 0.583782 0.280031 0.680712 0.353598 0.0316581 0.84857 0.745204 0.330785 0.344401 0.518775 0.248455 0.25895 0.0445003 0.0136494 0.979722 
47 30 51 2 43 36 70 
0.412747 0.607584 0.258928 0.0166889 0.824399 0.36752 0.826371 0.899339 0.0469696 0.608946 0.483121 0.327 0.289658 0.836719 0.358658 0.138227 0.581923 0.689444 0.482629 0.100698 0.937899 0.741579 0.145199 0.951549 0.721301 0.435044 0.427073 0.917801 0.487884 0.624944 0.989566 0.900631 0.232528 0.248494 0.91732 0.0569273 0.616014 0.743691 0.956266 0.662983 0.352637 0.439387 0.989984 0.642295 0.276106 0.348642 0.780522 0.85803 0.0380861 0.263151 0.958728 0.975985 0.00473007 0.103927 0.927534 0.726031 0.538972 0.354607 0.643832 0.0268552 0.979551 0.633398 0.927486 0.212079 0.881891 0.844806 0.269006 0.497905 0.588497 0.225273 0.160889 0.941134 0.66466 0.150872 0.583429 0.940766 0.499515 0.363951 0.798796 0.537601 0.627102 0.757524 0.513586 0.631832 0.861451 0.44112 0.357863 0.400423 0.795727 0.00169503 0.427278 0.775278 0.635093 0.354764 0.987357 0.516984 0.199571 0.256364 0.0148892 0.788068 0.481636 0.175778 0.729202 0.146296 0.32665 0.312631 0.0870621 0.826165 0.676581 0.885858 0.363765 0.303683 0.643382 0.877351 0.935515 0.504834 0.318471 0.293378 0.905256 0.114197 0.295073 0.332534 0.889475 0.930166 0.687299 0.876832 0.44715 0.886869 
48 61 13 40 29 4 53 
0.964467 0.71677 0.84819 0.790631 0.393351 0.734048 0.154396 0.697034 0.377431 0.0317475 0.632549 0.882264 0.350218 0.925927 0.787521 0.464415 0.221 0.120055 0.353891 0.151165 0.807354 0.230723 0.598315 0.694223 0.363919 0.0603535 0.36916 0.978752 0.69817 0.773299 0.73988 0.662637 0.490069 0.58807 0.453268 0.88342 0.322118 0.607664 0.580454 0.699549 0.639412 0.213003 0.581813 0.98963 0.138929 0.369334 0.454045 0.359929 0.489389 0.807936 0.511094 0.296742 0.0386592 0.109409 0.990966 0.402578 0.169763 0.360126 0.38133 0.867933 0.133425 0.12121 0.530569 0.623494 0.70928 0.983837 0.506914 0.0313985 0.591501 0.0873674 0.730948 0.230913 0.30037 0.312761 0.220542 0.439299 0.682095 0.674588 0.799228 0.171483 0.482524 0.310322 0.468226 0.521183 0.419731 0.459191 0.923761 0.589494 0.819317 0.305091 0.457426 0.952742 0.426301 0.987995 0.576236 0.135581 0.971832 0.0831501 0.16698 0.563333 0.170517 0.897927 0.794246 0.470887 0.210688 0.0147879 0.910187 0.892782 0.689375 0.709415 0.0642656 0.171899 0.0197371 0.532491 0.693082 0.439468 0.991682 0.616843 0.0289623 0.810999 0.921934 0.486389 0.763742 0.348235 0.474384 0.339978 0.483816 0.446216 
49 45 18 29 14 33 62 
0.064533 0.759411 0.818583 0.97472 0.652193 0.507959 0.684134 0.716459 0.679858 0.703872 0.24895 0.372939 0.14334 0.240633 0.989782 0.172302 0.0516321 0.911717 0.658691 0.815374 0.259952 0.133075 0.155352 0.743768 0.579292 0.57848 0.394564 0.588841 0.172125 0.943287 0.392637 0.236658 0.702698 0.21122 0.211378 0.354892 0.719179 0.895513 0.0713506 0.399036 0.599384 0.320301 0.771976 0.742724 0.560933 0.761758 0.915027 0.612566 0.673475 0.573718 0.427939 0.933427 0.706793 0.583291 0.677195 0.286085 0.161771 0.0717598 0.874926 0.333896 0.0150472 0.267563 0.570555 0.717745 0.478783 0.781933 0.0726371 0.197961 0.677446 0.143988 0.596998 0.27683 0.464288 0.368974 0.0195538 0.025222 0.130732 0.93458 0.637787 0.804207 0.508298 0.0657268 0.737634 0.215091 0.649018 0.414829 0.501176 0.810789 0.486589 0.376102 0.144685 0.501636 0.643664 0.71524 0.219382 0.122447 0.497173 0.292019 0.320408 0.174619 0.436007 0.917406 0.451448 0.900295 0.28638 0.471002 0.925517 0.417112 0.405582 0.563305 0.221319 0.91388 0.629031 0.958953 0.128971 0.278049 0.373782 0.630147 0.088838 0.860371 0.00624834 0.233523 0.362008 0.649913 0.948763 0.581389 0.77236 0.445936 
50 17 78 41 26 35 31 
0.20971 0.296554 0.543005 0.135227 0.713666 0.948588 0.698531 0.934985 0.862468 0.327563 0.893937 0.991439 0.605612 0.26772 0.621586 0.69445 0.128091 0.627834 0.927973 0.490098 0.277747 0.876737 0.0714878 0.0501067 0.322673 0.944896 0.142875 0.943228 0.254311 0.153049 0.0152313 0.464021 0.449603 0.558237 0.599248 0.163269 0.506824 0.297779 0.0982535 0.369292 0.625342 0.992191 0.360732 0.230954 0.259911 0.982318 0.925404 0.388001 0.610152 0.853377 0.8781 0.887899 0.730113 0.949588 0.938006 0.0527865 0.894484 0.0808806 0.996015 0.148795 0.233929 0.0112458 0.612815 0.683532 0.569482 0.212063 0.846801 0.0763065 0.509842 0.945055 0.445599 0.135184 0.937246 0.80633 0.366138 0.197156 0.788648 0.291541 0.585158 0.3988 0.144918 0.463258 0.2867 0.875032 0.412845 0.224706 0.927818 0.307329 0.305586 0.923833 0.456124 0.539516 0.935079 0.0689393 0.223048 0.504561 0.281002 0.0698492 0.580868 0.790845 0.0149039 0.0264664 0.926029 0.95215 0.832797 0.292167 0.149306 0.621445 0.583708 0.734464 0.0202453 0.728627 0.197721 0.306945 0.603658 0.610567 0.531651 0.531477 0.917896 0.837237 0.455309 0.37402 0.376753 0.390388 0.442959 0.599801 0.894949 0.723962 
51 66 72 0 6 7 8 
0.636704 0.33508 0.733002 0.78601 0.956525 0.31671 0.520473 0.97677 0.0453369 0.718195 0.283715 0.648995 0.328762 0.815366 0.180472 0.246658 0.652603 0.635781 0.620677 0.0293563 0.0261694 0.0636367 0.629157 0.921119 0.787598 0.298808 0.396935 0.302405 0.983362 0.899219 0.74324 0.620066 0.234298 0.476242 0.406076 0.190823 0.792953 0.926549 0.167593 0.83829 0.644744 0.451309 0.487285 0.973505 0.266674 0.667757 0.220163 0.919278 0.303538 0.840841 0.948634 0.329707 0.904477 0.577791 0.250826 0.692076 0.876599 0.647761 0.99448 0.859962 0.54698 0.737721 0.480028 0.781278 0.213963 0.886103 0.972102 0.00691542 0.812652 0.139695 0.845205 0.457396 0.591004 0.33249 0.430902 0.857678 0.000246231 0.651065 0.776956 0.303784 0.491905 0.72559 0.633491 0.396382 0.303381 0.884317 0.088458 0.17998 0.532079 0.0829383 0.039942 0.0790586 0.820659 0.51997 0.860337 0.0346217 0.406073 0.832439 0.0415371 0.218725 0.972134 0.886742 0.676121 0.563137 0.219232 0.107023 0.420815 0.219478 0.758088 0.197771 0.523262 0.249993 0.923361 0.156753 0.646375 0.226742 0.0410708 0.734833 0.406722 0.573149 0.817771 0.446664 0.652208 0.63843 0.966634 0.512545 0.673052 0.372707 
52 55 42 1 41 30 45 
0.880255 0.820563 0.374576 0.30107 0.0400407 0.132663 0.498841 0.563303 0.382656 0.422202 0.720056 0.0290314 0.648944 0.761127 0.763864 0.0556659 0.334276 0.581636 0.50233 0.986484 0.220066 0.468964 0.49903 0.893118 0.84167 0.844013 0.607707 0.433102 0.161131 0.209038 0.700655 0.0413856 0.0296011 0.0752309 0.342456 0.0696418 0.207894 0.841297 0.632944 0.590551 0.263498 0.353001 0.619582 0.912442 0.114127 0.383446 0.968108 0.448404 0.965082 0.470438 0.434888 0.185149 0.939402 0.933918 0.0782669 0.781072 0.777931 0.685974 0.214174 0.939062 0.895013 0.914829 0.980448 0.924614 0.99006 0.322903 0.994255 0.197955 0.1642 0.6272 0.788505 0.427698 0.980201 0.408087 0.34014 0.094328 0.791534 0.308248 0.542732 0.756616 0.778686 0.97762 0.941765 0.718088 0.911538 0.0200315 0.49916 0.68947 0.706006 0.713334 0.628532 0.601018 0.628164 0.60898 0.525632 0.618224 0.931883 0.519887 0.816179 0.0960831 0.147087 0.604684 0.523782 0.127288 0.0127714 0.863922 0.221616 0.804305 0.17217 0.764347 0.560921 0.950856 0.741968 0.502686 0.668944 0.653506 0.522717 0.168104 0.342975 0.228723 0.881438 0.971507 0.829741 0.509602 0.580487 0.355373 0.127826 0.51237 
53 22 5 0 55 3 54 
0.149635 0.561461 0.996156 0.371251 0.365766 0.168326 0.135598 0.926687 0.119182 0.877566 0.429373 0.788126 0.531071 0.95209 0.95623 0.874047 0.180813 0.837668 0.845554 0.010554 0.34727 0.42604 0.365927 0.475096 0.93841 0.241187 0.419101 0.546863 0.263534 0.96779 0.679097 0.413169 0.52925 0.675253 0.78442 0.895016 0.84358 0.920018 0.821703 0.962762 0.797583 0.251075 0.750888 0.328655 0.203165 0.707117 0.202701 0.383978 0.544785 0.0482551 0.394532 0.892054 0.474295 0.760459 0.36715 0.412705 0.00164587 0.786251 0.959568 0.26518 0.75404 0.638666 0.678349 0.283291 0.313919 0.462769 0.178307 0.157499 0.382787 9.59961e-06 0.12026 0.18037 0.251085 0.871148 0.509025 0.45425 0.578265 0.711726 0.838228 0.12305 0.759982 0.23276 0.0151043 0.234277 0.993219 0.382254 0.646982 0.994865 0.168505 0.606551 0.260045 0.922545 0.245216 0.938394 0.205836 0.559135 0.401164 0.384143 0.716634 0.783951 0.384153 0.836895 0.964321 0.635237 0.708043 0.473346 0.0894876 0.286308 0.185073 0.927716 0.409358 0.945054 0.160476 0.424462 0.179331 0.153694 0.806716 0.826313 0.148559 0.975221 0.432864 0.408604 0.897767 0.678081 0.346998 0.103603 0.237216 0.748162 
54 66 82 0 52 40 73 
0.507136 0.498787 0.969779 0.596623 0.785095 0.154852 0.524339 0.194452 0.099906 0.684814 0.618914 0.279237 0.838509 0.425631 0.10555 0.987068 0.400852 0.538415 0.395672 0.298618 0.216495 0.74267 0.402221 0.453711 0.490832 0.889966 0.407561 0.0229438 0.761865 0.198306 0.519377 0.269 0.697093 0.489156 0.865624 0.482188 0.644008 0.389963 0.67664 0.743914 0.074777 0.295554 0.0231511 0.913286 0.721185 0.128702 0.900354 0.122036 0.667116 0.296025 0.420655 0.883612 0.0386951 0.822875 0.337323 0.529527 0.712842 0.744884 0.55247 0.474707 0.94319 0.0718474 0.743707 0.640282 0.561004 0.609331 0.12247 0.205012 0.999293 0.79911 0.948926 0.0740704 0.0946639 0.972077 0.987356 0.815849 0.100779 0.88771 0.937885 0.767895 0.183735 0.35854 0.651507 0.22243 0.181415 0.988829 0.751957 0.894257 0.733713 0.304427 0.368963 0.676903 0.376275 0.11267 0.317185 0.937278 0.722001 0.439655 0.14229 0.721295 0.238765 0.0912161 0.795365 0.333429 0.0632932 0.782721 0.149277 0.164072 0.670431 0.0871623 0.931967 0.854166 0.445702 0.583473 0.0765962 0.627117 0.572303 0.828553 0.521374 0.306016 0.13298 0.890337 0.982918 0.509255 0.00300758 0.300103 0.446533 0.725009 
55 9 71 13 3 60 73 
0.743332 0.0243895 0.461229 0.907404 0.69482 0.548391 0.839371 0.548987 0.994093 0.422844 0.625583 0.62121 0.995147 0.454136 0.142583 0.301163 0.587116 0.0329205 0.284081 0.0963705 0.0359281 0.584184 0.542904 0.760937 0.323943 0.131727 0.20724 0.302466 0.811766 0.448909 0.614417 0.555098 0.473298 0.075646 0.462503 0.168119 0.624037 0.301874 0.717105 0.61813 0.724718 0.342688 0.23934 0.719865 0.796823 0.381923 0.0210277 0.383939 0.414844 0.305109 0.48031 0.450772 0.889293 0.0232133 0.211709 0.213236 0.15494 0.418949 0.515701 0.966706 0.867858 0.130118 0.521805 0.341156 0.205764 0.984307 0.509275 0.829801 0.286181 0.22638 0.447931 0.0108994 0.569068 0.687271 0.730765 0.365891 0.0691946 0.751792 0.74983 0.484038 0.0569009 0.23014 0.93481 0.946194 0.253353 0.146519 0.15943 0.408293 0.565468 0.675131 0.375 0.433326 0.805249 0.896804 0.774482 0.0110133 0.881111 0.283756 0.840815 0.167293 0.510136 0.288746 0.178192 0.0792035 0.976017 0.908957 0.445095 0.045212 0.660749 0.194925 0.52925 0.71765 0.425065 0.464061 0.663844 0.678418 0.610579 0.823273 0.0867119 0.176047 0.498404 0.461711 0.609373 0.303653 0.358516 0.383855 0.314666 0.239627 
56 3 6 14 11 80 7 
0.25695 0.420244 0.494068 0.702045 0.465456 0.154817 0.89697 0.994707 0.872467 0.322035 0.458767 0.53631 0.000453477 0.0693468 0.359583 0.0871654 0.245394 0.857987 0.548877 0.854767 0.16164 0.907392 0.238622 0.476306 0.147019 0.906233 0.631787 0.553939 0.0839802 0.0760137 0.13905 0.340931 0.496258 0.633118 0.0429756 0.961714 0.787935 0.939946 0.956421 0.660402 0.261981 0.415189 0.196712 0.262434 0.484535 0.556295 0.349599 0.72993 0.414282 0.898476 0.584697 0.575922 0.805869 0.823319 0.0522283 0.952888 0.729553 0.684015 0.506827 0.813533 0.760029 0.645877 0.154463 0.256287 0.278995 0.197439 0.218001 0.0669306 0.137385 0.174422 0.727332 0.399365 0.589611 0.924044 0.661799 0.0741464 0.480339 0.0113987 0.804076 0.894622 0.909875 0.388773 0.470544 0.715744 0.212093 0.522772 0.668632 0.941645 0.206787 0.175458 0.755178 0.966816 0.821336 0.909641 0.223103 0.100331 0.10708 0.441104 0.167262 0.244465 0.615526 0.894594 0.64383 0.205137 0.818638 0.305629 0.279284 0.298977 0.317028 0.0833597 0.193599 0.226903 0.472133 0.664143 0.942647 0.684226 0.186915 0.611278 0.625871 0.393702 0.786737 0.381049 0.360518 0.608072 0.29069 0.583621 0.708403 0.39777 
57 17 54 13 34 7 9 
0.588896 0.591694 0.124671 0.887873 0.908722 0.208031 0.0814723 0.135625 0.680164 0.745615 0.0782715 0.364389 0.93253 0.68955 0.99026 0.326232 0.476286 0.371309 0.68675 0.0843582 0.661999 0.270371 0.792761 0.0597689 0.295095 0.668426 0.702004 0.935346 0.438684 0.988069 0.780733 0.0275803 0.579763 0.905404 0.915454 0.488485 0.113435 0.996926 0.62411 0.793599 0.742541 0.702382 0.157988 0.675071 0.391931 0.148248 0.00130359 0.868217 0.519557 0.688054 0.952576 0.181556 0.958425 0.745337 0.241325 0.25352 0.413763 0.943329 0.188866 0.852447 0.931397 0.969599 0.880027 0.511161 0.875003 0.795481 0.999646 0.988439 0.792407 0.623756 0.782038 0.534948 0.326138 0.940026 0.210019 0.718069 0.0882746 0.211323 0.586287 0.607832 0.899377 0.538862 0.789387 0.857802 0.284199 0.0307119 0.111322 0.697962 0.97404 0.300187 0.550408 0.905438 0.269786 0.430435 0.416599 0.14479 0.225916 0.416245 0.133228 0.0183226 0.0400008 0.915266 0.553271 0.366139 0.855292 0.76329 0.0842081 0.943567 0.974613 0.670495 0.551398 0.87399 0.209357 0.340786 0.731792 0.493557 0.371498 0.843113 0.191518 0.345538 0.1433 0.741927 0.250976 0.413087 0.172362 0.667575 0.557876 0.398278 
58 23 45 78 50 5 29 
0.461663 0.733161 0.574167 0.40523 0.707774 0.244662 0.956628 0.581764 0.454019 0.297414 0.313555 0.947576 0.668912 0.156669 0.139094 0.0144497 0.299969 0.881021 0.265426 0.713056 0.0533823 0.933 0.270932 0.45166 0.0168195 0.962036 0.86826 0.14064 0.568407 0.838131 0.630598 0.0300697 0.571292 0.204765 0.435299 0.279066 0.449427 0.391928 0.86083 0.903446 0.689341 0.174385 0.851022 0.358253 0.331054 0.990116 0.372703 0.631023 0.871137 0.638128 0.344078 0.924519 0.571129 0.61501 0.376179 0.587948 0.577046 0.244439 0.728588 0.145453 0.0825702 0.359186 0.175523 0.653862 0.563952 0.610822 0.932928 0.0133788 0.00274989 0.793758 0.916825 0.692091 0.968143 0.767847 0.0503444 0.299197 0.757964 0.423047 0.93022 0.6291 0.0611756 0.274298 0.55362 0.632304 0.889308 0.929799 0.220253 0.466354 0.174238 0.948841 0.611807 0.256808 0.308027 0.78733 0.91067 0.871978 0.398152 0.843598 0.885357 0.400902 0.637356 0.802182 0.0929937 0.6055 0.57003 0.143338 0.904697 0.327994 0.566385 0.834916 0.957094 0.627561 0.109214 0.510714 0.259865 0.998522 0.440512 0.480118 0.464876 0.61475 0.428959 0.0766832 0.871558 0.736986 0.864013 0.782229 0.608964 0.262166 
59 57 15 33 41 67 66 
0.868683 0.866534 0.8994 0.77338 0.194527 0.465785 0.608296 0.151621 0.0933462 0.71751 0.662335 0.353211 0.716032 0.102847 0.83333 0.180908 0.717597 0.262288 0.257592 0.589155 0.999274 0.121605 0.371384 0.608238 0.383771 0.997211 0.102559 0.0468391 0.260395 0.399063 0.802901 0.129078 0.265596 0.702301 0.902458 0.460123 0.168086 0.510754 0.611744 0.261432 0.228265 0.274079 0.614644 0.944297 0.376926 0.447974 0.125206 0.0945233 0.710262 0.382797 0.683679 0.709536 0.504402 0.0550628 0.317773 0.888173 0.0522739 0.420332 0.935012 0.312669 0.819395 0.737913 0.441747 0.0849914 0.440214 0.344204 0.545115 0.6083 0.854959 0.156859 0.869733 0.0832234 0.430938 0.484377 0.0275205 0.807864 0.93235 0.152726 0.902387 0.642612 0.535523 0.586066 0.352148 0.0399253 0.641129 0.669921 0.928098 0.693403 0.0902537 0.86311 0.00607151 0.909649 0.601023 0.447818 0.99464 0.0412375 0.792022 0.539755 0.649538 0.646981 0.696614 0.519271 0.730205 0.127552 0.0036476 0.757725 0.935416 0.935998 0.910451 0.837804 0.57861 0.445974 0.42387 0.930758 0.4859 0.0649989 0.600679 0.413998 0.758402 0.690933 0.277108 0.764473 0.600582 0.878132 0.212291 0.595222 0.919369 0.00431385 
60 15 39 45 34 67 9 
0.959143 0.0918257 0.139225 0.89456 0.0278237 0.0496761 0.732363 0.606434 0.49565 0.156233 0.537192 0.98155 0.221232 0.137871 0.395548 0.979634 0.828805 0.672657 0.744107 0.429387 0.550789 0.956399 0.024609 0.470158 0.960712 0.159586 0.0390655 0.612008 0.991178 0.127244 0.993507 0.950321 0.219069 0.132732 0.844881 0.246893 0.182408 0.577244 0.853327 0.678059 0.733477 0.390519 0.659609 0.954709 0.528391 0.0551571 0.934343 0.357195 0.727814 0.67845 0.786582 0.278603 0.634849 0.811191 0.748761 0.595561 0.970777 0.787826 0.207569 0.961955 0.91507 0.201076 0.912275 0.134139 0.333808 0.757156 0.381032 0.516216 0.3344 0.234359 0.194275 0.0678771 0.624878 0.853884 0.0225864 0.153269 0.909041 0.95693 0.510464 0.636855 0.63538 0.297046 0.915458 0.270229 0.108237 0.664218 0.86579 0.0790138 0.452045 0.0733595 0.0409683 0.367115 0.274436 0.953244 0.501254 0.608244 0.7104 0.882286 0.12446 0.0447999 0.116645 0.318735 0.112677 0.741524 0.172619 0.135263 0.894793 0.0816603 0.0921929 0.405257 0.718515 0.727573 0.702303 0.633973 0.997802 0.81054 0.298191 0.863592 0.889553 0.750236 0.936952 0.930522 0.11735 0.211388 0.883766 0.618604 0.819632 0.594165 
61 75 2 27 26 80 81 
0.35906 0.435447 0.886906 0.253852 0.517107 0.979099 0.659109 0.235622 0.706671 0.361412 0.869595 0.704473 0.171952 0.167786 0.568066 0.0615051 0.918022 0.505018 0.992027 0.0353718 0.716405 0.875792 0.653976 0.536037 0.469958 0.154866 0.480129 0.108923 0.772402 0.742956 0.860565 0.131461 0.178403 0.747471 0.385314 0.695509 0.72657 0.0444228 0.931132 0.433241 0.405835 0.800726 0.137714 0.577787 0.968512 0.70578 0.639292 0.886534 0.210798 0.631319 0.921906 0.927203 0.507111 0.575882 0.46324 0.977069 0.730748 0.943368 0.0859919 0.503149 0.686324 0.946557 0.634611 0.864727 0.694028 0.0199244 0.560236 0.420598 0.0643473 0.491368 0.853839 0.470182 0.292094 0.991553 0.0479688 0.260607 0.697333 0.68726 0.14714 0.908131 0.318579 0.0690459 0.835334 0.82569 0.644927 0.298574 0.802759 0.375675 0.241942 0.888751 0.878825 0.928266 0.835308 0.513435 0.792993 0.529336 0.53336 0.35323 0.949934 0.597707 0.844598 0.803773 0.0678893 0.136692 0.795326 0.115858 0.397299 0.492659 0.803119 0.544439 0.400789 0.121698 0.613485 0.236123 0.947388 0.258412 0.534697 0.750146 0.634087 0.776639 0.638897 0.512912 0.704905 0.474205 0.0263475 0.497899 0.00354106 0.559707 
62 58 10 75 9 39 17 
0.832418 0.552573 0.341162 0.229717 0.0452315 0.144281 0.774156 0.446021 0.265978 0.387641 0.682144 0.213366 0.646054 0.216841 0.963512 0.280141 0.99348 0.602409 0.793053 0.698385 0.0766142 0.819401 0.196284 0.0801553 0.379108 0.0474123 0.0336302 0.536523 0.743139 0.790878 0.761826 0.575557 0.343451 0.102988 0.805274 0.388682 0.247269 0.579431 0.834703 0.513247 0.967072 0.516847 0.726613 0.613125 0.733688 0.690125 0.893266 0.727168 0.292534 0.686319 0.425553 0.369149 0.50572 0.621837 0.449304 0.884828 0.669249 0.482934 0.421351 0.412388 0.273812 0.183177 0.987945 0.617262 0.286166 0.793219 0.00594416 0.533434 0.37265 0.840647 0.0466815 0.339721 0.357494 0.773294 0.952847 0.0911823 0.463419 0.846113 0.81835 0.755954 0.532432 0.243903 0.125102 0.0381525 0.86574 0.574406 0.922981 0.534989 0.05734 0.344331 0.947376 0.331152 0.527509 0.935321 0.948414 0.813674 0.72854 0.954358 0.347109 0.101189 0.795005 0.39379 0.440911 0.152499 0.167084 0.393757 0.243682 0.630504 0.23987 0.0620318 0.386457 0.772303 0.305935 0.51156 0.810455 0.171675 0.0859656 0.733436 0.706663 0.143306 0.0777672 0.654039 0.474457 0.605276 0.58936 0.422871 0.41895 0.3179 
63 45 30 2 54 43 22 
0.324733 0.326933 0.253757 0.568415 0.957437 0.493628 0.630446 0.343894 0.26593 0.936381 0.855454 0.0763853 0.108056 0.941419 0.809821 0.814719 0.0847249 0.887588 0.468758 0.559182 0.492864 0.0581185 0.982053 0.911814 0.376018 0.359282 0.677873 0.795108 0.531516 0.837722 0.655108 0.856249 0.164655 0.908865 0.424663 0.122091 0.402493 0.0551096 0.465985 0.668423 0.991491 0.321439 0.744809 0.0995466 0.262858 0.55463 0.914266 0.347583 0.442218 0.383024 0.906765 0.935082 0.441142 0.888818 0.846897 0.817161 0.2481 0.524769 0.612269 0.779616 0.362491 0.267377 0.635864 0.527146 0.176242 0.0605274 0.649237 0.578735 0.115637 0.115222 0.247158 0.107128 0.436661 0.991967 0.206674 0.69952 0.546597 0.12094 0.0471031 0.988815 0.503964 0.953868 0.923897 0.945106 0.842687 0.770794 0.762267 0.090787 0.295563 0.374535 0.870403 0.658054 0.641912 0.506267 0.185199 0.818154 0.566794 0.834436 0.396889 0.682431 0.949658 0.644048 0.789559 0.38632 0.636015 0.996233 0.0858397 0.182611 0.117173 0.132943 0.171426 0.621137 0.0868112 0.0953231 0.566243 0.929498 0.866117 0.328509 0.020285 0.161679 0.703045 0.890688 0.819733 0.344957 0.396954 0.00493264 0.163111 0.963749 
64 26 66 77 68 21 74 
0.175347 0.840063 0.431972 0.261187 0.0226742 0.549145 0.39413 0.1941 0.170281 0.480941 0.289423 0.736524 0.410439 0.15554 0.0650334 0.430724 0.317219 0.768078 0.321411 0.136953 0.113035 0.718366 0.141885 0.276146 0.682114 0.981254 0.836147 0.328294 0.770281 0.0401949 0.764032 0.945629 0.880258 0.196004 0.206815 0.902932 0.745149 0.600945 0.0970322 0.91543 0.0818857 0.386456 0.651954 0.492324 0.541995 0.716987 0.923048 0.859215 0.485066 0.244459 0.996167 0.598101 0.962825 0.138053 0.874247 0.644939 0.119307 0.710394 0.973233 0.889588 0.750589 0.737266 0.835217 0.630847 0.93327 0.0420323 0.533779 0.678418 0.642977 0.630811 0.593848 0.724863 0.0172663 0.245802 0.217187 0.559262 0.96279 0.140235 0.418476 0.447855 0.384695 0.414644 0.0459562 0.34752 0.552697 0.920203 0.992459 0.672004 0.630597 0.965693 0.561592 0.381186 0.702959 0.396809 0.012033 0.636228 0.438841 0.545812 0.314647 0.0818182 0.176622 0.908495 0.806681 0.193889 0.154298 0.0238683 0.75315 0.117087 0.164104 0.171627 0.564943 0.548798 0.586271 0.610899 0.896318 0.138967 0.531102 0.888778 0.810971 0.1617 0.854471 0.372563 0.542886 0.557429 0.769372 0.554919 0.193658 0.208213 
65 55 13 10 24 8 39 
0.571098 0.12058 0.224392 0.688185 0.284684 0.396019 0.253128 0.833482 0.98229 0.864027 0.729801 0.121257 0.39513 0.618579 0.932228 0.556829 0.473049 0.304791 0.0997155 0.0304787 0.0741628 0.654635 0.224137 0.282375 0.755365 0.732441 0.572406 0.0327186 0.149242 0.669118 0.50396 0.72034 0.789698 0.728353 0.408525 0.0743819 0.124372 0.661653 0.907864 0.106662 0.525681 0.637665 0.227919 0.92081 0.256243 0.160147 0.477639 0.729293 0.464939 0.577355 0.759771 0.539102 0.231989 0.983908 0.821477 0.987355 0.716349 0.393883 0.0200733 0.865591 0.0630012 0.524034 0.585931 0.852699 0.252387 0.994456 0.927081 0.376758 0.65611 0.834945 0.48342 0.18179 0.47261 0.711339 0.1026 0.728853 0.871487 0.580239 0.458146 0.336426 0.157594 0.217917 0.875527 0.389584 0.201825 0.697004 0.376938 0.918175 0.0908872 0.397012 0.783766 0.153888 0.921046 0.369697 0.00658778 0.173432 0.364153 0.933669 0.55019 0.0202628 0.768614 0.0336106 0.202053 0.241225 0.74495 0.304653 0.970078 0.616437 0.884892 0.428224 0.952862 0.0424865 0.646141 0.828389 0.43207 0.847967 0.525393 0.809008 0.766142 0.61628 0.20602 0.549908 0.770169 0.127066 0.919605 0.776757 0.300498 0.283758 
66 80 46 68 50 19 51 
0.720265 0.629249 0.810727 0.690343 0.245685 0.695619 0.118567 0.198548 0.738106 0.764708 0.0269369 0.170176 0.612675 0.55233 0.979184 0.378817 0.168611 0.185204 0.928725 0.938779 0.31227 0.84833 0.715536 0.612768 0.132088 0.425962 0.463456 0.436109 0.905002 0.347755 0.942183 0.625266 0.977004 0.75291 0.315609 0.222689 0.448529 0.434175 0.421237 0.186635 0.198883 0.448174 0.356811 0.811558 0.000504009 0.335995 0.190375 0.169115 0.521199 0.1191 0.107894 0.83347 0.967429 0.82343 0.446238 0.0995175 0.249391 0.909694 0.535627 0.154393 0.257449 0.47781 0.779659 0.234453 0.23072 0.0952677 0.457142 0.679249 0.529443 0.878379 0.865884 0.728326 0.326553 0.222695 0.539885 0.327057 0.55869 0.73026 0.496171 0.079889 0.84936 0.604065 0.913359 0.816789 0.427495 0.359596 0.916306 0.676886 0.26929 0.451933 0.831279 0.526739 0.929743 0.610938 0.761192 0.160463 0.706206 0.218333 0.839712 0.235649 0.096712 0.705596 0.963975 0.423265 0.92829 0.50386 0.750321 0.48698 0.23412 0.246492 0.566869 0.0834794 0.850557 0.480227 0.900268 0.278052 0.839824 0.816575 0.954938 0.109114 0.268508 0.786217 0.635853 0.198251 0.397155 0.397044 0.358714 0.103361 
67 27 63 82 5 37 58 
0.135354 0.832311 0.806846 0.885675 0.319291 0.0409654 0.132167 0.88616 0.124445 0.982725 0.366387 0.0247132 0.260777 0.206211 0.841288 0.215715 0.315324 0.109796 0.00193238 0.951177 0.308047 0.399088 0.348221 0.666761 0.502449 0.963599 0.865186 0.841459 0.675688 0.769207 0.144445 0.811042 0.601519 0.951291 0.696718 0.92081 0.992256 0.828885 0.806969 0.116701 0.81161 0.173356 0.141414 0.0723867 0.379567 0.982702 0.288102 0.694891 0.0924981 0.290034 0.646068 0.400545 0.689122 0.994289 0.067306 0.191571 0.957887 0.932492 0.0330305 0.633576 0.7017 0.177475 0.444618 0.303218 0.128766 0.141336 0.224028 0.121022 0.970221 0.0309972 0.237723 0.781831 0.204353 0.379136 0.854217 0.58392 0.361838 0.142319 0.278811 0.454337 0.432353 0.924879 0.854882 0.121475 0.919168 0.922188 0.313046 0.877055 0.85468 0.346077 0.510631 0.55638 0.523552 0.955249 0.859598 0.652318 0.0965843 0.0836262 0.77334 0.0668051 0.114623 0.0110624 0.848636 0.318977 0.390199 0.702853 0.902897 0.752037 0.845172 0.181708 0.206374 0.277525 0.106587 0.0612557 0.399 0.0257545 0.983444 0.712047 0.90281 0.838124 0.0581234 0.41344 0.394504 0.581676 0.368689 0.254102 0.233994 0.465273 
68 43 50 30 80 10 12 
0.771328 0.408595 0.083567 0.674225 0.160632 0.928739 0.855933 0.367006 0.206264 0.96252 0.428262 0.605265 0.988274 0.411705 0.317311 0.891084 0.249829 0.375435 0.304524 0.644333 0.95711 0.673213 0.898434 0.191104 0.138486 0.236162 0.198437 0.670564 0.688514 0.216833 0.0512785 0.459842 0.625428 0.134845 0.134067 0.786061 0.0635845 0.99 0.153067 0.269849 0.952519 0.581328 0.875114 0.940794 0.993034 0.192425 0.831877 0.242863 0.56786 0.136401 0.887196 0.52497 0.809614 0.78563 0.716074 0.948101 0.0217925 0.914511 0.618665 0.710306 0.131345 0.669944 0.170148 0.756773 0.804789 0.304215 0.542834 0.868373 0.294215 0.6959 0.138222 0.246734 0.277229 0.0133359 0.187528 0.270263 0.205761 0.0194051 0.513126 0.77362 0.155807 0.400321 0.29859 0.965421 0.185951 0.0146645 0.913521 0.207744 0.929176 0.532186 0.91805 0.0605208 0.20213 0.0881982 0.817294 0.00691896 0.392413 0.360128 0.875292 0.686628 0.0560282 0.0135148 0.933362 0.333257 0.0268506 0.12089 0.60352 0.232611 0.140295 0.116646 0.00623187 0.296101 0.516967 0.304822 0.261522 0.702918 0.319487 0.175044 0.910662 0.248663 0.70723 0.828712 0.309184 0.90936 0.91691 0.126478 0.916279 0.309324 
69 58 23 71 45 77 9 
0.875891 0.831937 0.0502028 0.479411 0.0645483 0.190498 0.596056 0.0707802 0.486599 0.113023 0.375603 0.748121 0.815941 0.695089 0.923165 0.726603 0.943752 0.630395 0.555316 0.252936 0.539755 0.472226 0.379413 0.456034 0.78155 0.866019 0.247605 0.777501 0.408652 0.0526915 0.706814 0.284543 0.884628 0.757017 0.763954 0.949177 0.947514 0.36001 0.0199568 0.434113 0.473033 0.395559 0.182234 0.288974 0.0906487 0.105399 0.0155777 0.0344008 0.735793 0.570893 0.287337 0.275548 0.0431193 0.66675 0.731582 0.824669 0.532769 0.979187 0.60217 0.941421 0.0318785 0.308984 0.225964 0.916507 0.0660006 0.989918 0.865684 0.013515 0.349928 0.88564 0.447628 0.822961 0.2812 0.629862 0.111935 0.371849 0.735261 0.127513 0.406249 0.471054 0.698406 0.693586 0.746602 0.741525 0.360336 0.478184 0.566194 0.893104 0.457371 0.168364 0.834526 0.489249 0.477348 0.0604897 0.405756 0.543348 0.0504076 0.27144 0.556863 0.400335 0.15708 0.00449122 0.223296 0.43828 0.634353 0.335231 0.810129 0.369614 0.462744 0.216378 0.840668 0.16115 0.909964 0.58727 0.902675 0.2703 0.0654534 0.46887 0.163404 0.522824 0.637233 0.99793 0.012073 0.114581 0.0584194 0.417829 0.657929 0.108827 
70 78 2 59 51 37 65 
0.284629 0.853637 0.0676902 0.0947571 0.223251 0.530434 0.311135 0.0639189 0.691585 0.221099 0.651189 0.59426 0.491399 0.716642 0.0631296 0.654803 0.239466 0.700363 0.652732 0.251539 0.814944 0.711152 0.669368 0.472873 0.819979 0.358637 0.687665 0.329141 0.204985 0.906948 0.0616001 0.489614 0.760585 0.12929 0.584371 0.983836 0.659725 0.895506 0.0477548 0.351309 0.116605 0.698944 0.945569 0.608004 0.415586 0.00869898 0.262807 0.655052 0.709062 0.915539 0.906591 0.524006 0.626691 0.575959 0.996878 0.44667 0.934596 0.684543 0.775811 0.139581 0.591492 0.837411 0.629195 0.352077 0.966702 0.213567 0.335913 0.626426 0.109073 0.383668 0.977736 0.225678 0.0826111 0.923305 0.833682 0.498197 0.932004 0.0964883 0.153249 0.641066 0.0120274 0.0598396 0.165072 0.638718 0.635799 0.16195 0.0853881 0.570395 0.846493 0.861199 0.709976 0.437985 0.698611 0.339171 0.790062 0.665312 0.552738 0.125975 0.291738 0.661811 0.509643 0.269474 0.887489 0.592254 0.192779 0.72117 0.0904506 0.124783 0.817659 0.243699 0.765849 0.829686 0.303539 0.93092 0.468404 0.939338 0.0928702 0.553793 0.509732 0.939364 0.414992 0.219708 0.377349 0.113602 0.558879 0.167411 0.778915 0.111617 
71 25 19 67 57 26 74 
0.395282 0.532906 0.382087 0.485733 0.657689 0.199745 0.729432 0.423537 0.0294316 0.032971 0.354458 0.497836 0.972309 0.447328 0.0516287 0.482041 0.386692 0.466621 0.701749 0.764041 0.580223 0.260628 0.931452 0.359138 0.372245 0.224838 0.429791 0.145673 0.0278663 0.769917 0.806589 0.423149 0.302823 0.188676 0.908882 0.960512 0.388421 0.638314 0.38405 0.417853 0.671285 0.738507 0.915689 0.643593 0.185835 0.967318 0.125634 0.572527 0.433938 0.827383 0.336568 0.0141615 0.0880109 0.268019 0.373299 0.460256 0.492857 0.80309 0.605929 0.520723 0.573007 0.412518 0.943872 0.87583 0.601194 0.852753 0.836342 0.989616 0.491067 0.220392 0.407469 0.162352 0.958899 0.323158 0.805945 0.144734 0.290476 0.931579 0.717261 0.724414 0.758962 0.053829 0.738575 0.846973 0.321848 0.111875 0.307229 0.814705 0.914964 0.913158 0.335428 0.487971 0.325676 0.2793 0.363801 0.92687 0.132053 0.200144 0.916486 0.623121 0.420536 0.323954 0.785473 0.379435 0.647112 0.591418 0.524169 0.937588 0.522997 0.241431 0.662002 0.28196 0.29526 0.400577 0.128933 0.617108 0.512452 0.436162 0.431813 0.427416 0.34932 0.767241 0.915387 0.674996 0.0465413 0.279188 0.601866 0.178595 
72 82 75 66 39 59 18 
0.279303 0.489418 0.178606 0.803472 0.427006 0.701603 0.0449032 0.0890073 0.983563 0.340163 0.489585 0.112495 0.957271 0.0020363 0.548657 0.389084 0.429452 0.897977 0.156325 0.344839 0.572973 0.202867 0.624028 0.174838 0.381461 0.10336 0.69319 0.183177 0.00322798 0.535496 0.770365 0.282531 0.024914 0.948971 0.0860033 0.45192 0.650574 0.130907 0.540927 0.634137 0.47107 0.0305115 0.746632 0.428341 0.0325478 0.295289 0.817425 0.462 0.193266 0.97375 0.806839 0.766238 0.176617 0.430867 0.941077 0.558078 0.534227 0.634267 0.741255 0.537455 0.169763 0.51162 0.819986 0.194677 0.46059 0.905989 0.646596 0.111164 0.0368956 0.187523 0.745301 0.507965 0.218035 0.491932 0.936306 0.250583 0.787221 0.753731 0.712583 0.980487 0.727481 0.519422 0.746725 0.904097 0.950289 0.687802 0.462175 0.484516 0.322069 0.20343 0.0219703 0.491831 0.71505 0.841956 0.686508 0.17564 0.747945 0.333105 0.286804 0.784841 0.520628 0.0321044 0.292806 0.738663 0.524037 0.229112 0.989246 0.311258 0.982843 0.701828 0.291745 0.710323 0.22125 0.0384698 0.614421 0.171539 0.726272 0.0765959 0.656055 0.0483402 0.280026 0.678025 0.540172 0.995076 0.519981 0.22668 0.170716 0.267926 
73 10 12 65 23 28 4 
0.819075 0.0136606 0.574685 0.808321 0.324918 0.557527 0.510149 0.616663 0.267851 0.7314 0.655133 0.882271 0.902939 0.381405 0.958867 0.558993 0.429745 0.238893 0.237018 0.969917 0.233969 0.756999 0.196596 0.404685 0.0249248 0.756381 0.862204 0.0776917 0.836793 0.351828 0.423265 0.655869 0.365489 0.99795 0.46419 0.690407 0.555477 0.974339 0.30707 0.823328 0.705739 0.962204 0.705599 0.608677 0.343608 0.664466 0.16767 0.773353 0.90336 0.404688 0.74327 0.137329 0.161687 0.939866 0.542014 0.186612 0.696247 0.404218 0.264303 0.53304 0.756046 0.687568 0.188909 0.121535 0.685518 0.653099 0.811942 0.240995 0.627438 0.119013 0.0643223 0.333176 0.0812162 0.769921 0.941853 0.424824 0.434388 0.109524 0.198178 0.337748 0.514212 0.941447 0.475076 0.675898 0.881314 0.0170901 0.86251 0.577561 0.421308 0.126813 0.110601 0.177354 0.814381 0.29951 0.298889 0.499899 0.952609 0.110831 0.740893 0.580047 0.229844 0.805216 0.913223 0.31106 0.575137 0.855077 0.735885 0.00952494 0.9646 0.934062 0.347272 0.478812 0.87551 0.822349 0.15471 0.756824 0.839439 0.0172203 0.334384 0.260747 0.144034 0.444985 0.438101 0.958415 0.744496 0.736991 0.458314 0.697104 
74 26 55 34 37 68 3 
0.57956 0.0454506 0.124611 0.589085 0.0100507 0.0586735 0.936358 0.488862 0.934183 0.758707 0.643573 0.691007 0.598146 0.660793 0.0253914 0.858893 0.804827 0.470377 0.296994 0.763242 0.214872 0.0339852 0.221556 0.911977 0.881807 0.420763 0.189128 0.959473 0.425187 0.379502 0.3482 0.00474712 0.424952 0.472811 0.593833 0.435003 0.531485 0.53019 0.923866 0.465668 0.288897 0.567438 0.156675 0.887043 0.228231 0.182066 0.745936 0.0330578 0.652443 0.0429304 0.7963 0.867315 0.0769156 0.0178554 0.779292 0.958723 0.438619 0.96842 0.918196 0.863805 0.347922 0.266396 0.868553 0.772874 0.739207 0.462385 0.207877 0.270692 0.992575 0.131743 0.73636 0.281473 0.699181 0.893035 0.168516 0.927412 0.0751015 0.914452 0.96047 0.727545 0.957382 0.756769 0.59486 0.0342976 0.774625 0.374152 0.993021 0.213244 0.342572 0.911217 0.0770491 0.690494 0.177613 0.945602 0.463368 0.916821 0.407987 0.671245 0.187513 0.400562 0.802988 0.923873 0.682035 0.502169 0.816908 0.85055 0.429581 0.892009 0.765002 0.39005 0.619554 0.722384 0.14682 0.214414 0.756681 0.921445 0.588566 0.749702 0.134688 0.931138 0.660919 0.211737 0.621632 0.838532 0.157339 0.0850004 0.755353 0.565326 
75 48 69 68 41 73 57 
0.061402 0.683646 0.498473 0.490983 0.575655 0.263475 0.881033 0.195209 0.985859 0.027853 0.409622 0.74254 0.949298 0.998189 0.492242 0.0839861 0.929327 0.153161 0.295724 0.550959 0.991693 0.453063 0.63596 0.747046 0.0183885 0.392205 0.689912 0.984277 0.951439 0.55665 0.632199 0.0128408 0.240296 0.130672 0.503823 0.815951 0.394147 0.384856 0.0111591 0.380006 0.412709 0.420782 0.122546 0.362007 0.41897 0.614788 0.445993 0.348297 0.767949 0.741717 0.899257 0.759642 0.19478 0.535217 0.506688 0.213168 0.927422 0.1966 0.197445 0.878861 0.75325 0.829644 0.891702 0.993546 0.960316 0.395525 0.809496 0.354464 0.780382 0.820655 0.734469 0.193091 0.241437 0.857015 0.555098 0.660407 0.471803 0.00109147 0.00870437 0.239752 0.742808 0.907961 0.999394 0.937588 0.443178 0.506082 0.150756 0.3706 0.702682 0.348201 0.249461 0.455932 0.177844 0.141163 0.449478 0.138161 0.536688 0.258974 0.492624 0.317069 0.0796295 0.227094 0.51016 0.321066 0.084109 0.0652587 0.981474 0.555912 0.0663501 0.990178 0.795664 0.809158 0.898139 0.795058 0.746746 0.341317 0.301141 0.897502 0.711917 0.00382301 0.245703 0.961378 0.459755 0.423547 0.102541 0.909233 0.561708 0.639228 
76 83 11 36 8 53 65 
0.568903 0.365535 0.531717 0.550377 0.921447 0.598067 0.540555 0.717111 0.407226 0.438694 0.51217 0.153972 0.780011 0.813311 0.0514741 0.491928 0.817134 0.297177 0.453305 0.276889 0.720724 0.555846 0.186122 0.282432 0.195074 0.354329 0.336764 0.151372 0.602166 0.61819 0.617831 0.171069 0.983725 0.149547 0.721446 0.905172 0.747615 0.262 0.622283 0.15484 0.700694 0.134453 0.308812 0.480705 0.947764 0.360286 0.972632 0.764897 0.657463 0.425938 0.0417861 0.378187 0.981784 0.227908 0.660619 0.176858 0.582237 0.997383 0.32823 0.184403 0.615573 0.946061 0.355471 0.599298 0.0956083 0.0769169 0.50447 0.843223 0.338917 0.126753 0.998063 0.0396112 0.261206 0.306875 0.520316 0.208969 0.667161 0.492948 0.973867 0.324624 0.918886 0.0156528 0.702811 0.90067 0.243561 0.363429 0.077528 0.825798 0.360813 0.405758 0.0102003 0.976386 0.351819 0.365672 0.575684 0.447427 0.442589 0.0801532 0.29065 0.781506 0.206906 0.288713 0.821117 0.468112 0.595588 0.341433 0.677081 0.262749 0.834381 0.650948 0.587372 0.753267 0.666601 0.290183 0.653937 0.910162 0.653612 0.731465 0.735959 0.0144251 0.137223 0.74616 0.990811 0.489043 0.111831 0.566494 0.93647 0.55442 
77 67 34 19 82 75 61 
0.321666 0.111421 0.498475 0.998747 0.37417 0.332857 0.649695 0.961543 0.0861239 0.316296 0.251726 0.740061 0.226458 0.905338 0.471526 0.962417 0.919763 0.60875 0.708577 0.910574 0.0977922 0.820408 0.477068 0.0342622 0.374828 0.123716 0.261382 0.710753 0.97727 0.777216 0.867796 0.298935 0.888637 0.366271 0.297682 0.262807 0.699127 0.947377 0.22435 0.785251 0.263673 0.476076 0.525312 0.49013 0.381414 0.996839 0.452547 0.301177 0.605588 0.161124 0.211751 0.70338 0.981531 0.688819 0.737643 0.356359 0.812535 0.999025 0.0671121 0.789805 0.776241 0.934908 0.0887402 0.664878 0.301178 0.386422 0.927686 0.000305757 0.333799 0.152036 0.785557 0.597472 0.628111 0.310869 0.0876021 0.00952521 0.307708 0.540149 0.310702 0.913296 0.701273 0.522453 0.616676 0.682804 0.211273 0.354319 0.0391633 0.0238084 0.353344 0.106275 0.813613 0.129585 0.0411829 0.902354 0.794463 0.342361 0.288776 0.722149 0.342667 0.622575 0.874184 0.128224 0.220047 0.502296 0.439093 0.307649 0.511821 0.746801 0.847798 0.822523 0.660097 0.549071 0.344976 0.276774 0.231875 0.556249 0.631093 0.271038 0.580058 0.984437 0.377314 0.393671 0.114022 0.418497 0.296025 0.908485 0.760858 0.584801 
78 36 64 69 79 4 65 
0.670843 0.735071 0.518934 0.417644 0.582869 0.341457 0.077741 0.13194 0.686434 0.354515 0.363816 0.242683 0.985607 0.634854 0.822741 0.970044 0.0121679 0.216412 0.0840664 0.430665 0.512437 0.992552 0.191523 0.097238 0.623185 0.295048 0.304614 0.128003 0.526797 0.732036 0.135117 0.19764 0.467108 0.654051 0.615283 0.049977 0.995508 0.693024 0.181917 0.681942 0.0475389 0.545733 0.924625 0.0331464 0.180587 0.747366 0.00319086 0.192755 0.963778 0.0872573 0.623419 0.476215 0.0798088 0.814942 0.573453 0.702994 0.10999 0.878067 0.830997 0.636787 0.610103 0.966114 0.834426 0.0772104 0.620165 0.44971 0.127187 0.615673 0.142734 0.309105 0.297614 0.190273 0.854838 0.222239 0.223419 0.0354247 0.969604 0.22661 0.22818 0.933382 0.313867 0.851599 0.409597 0.393676 0.666541 0.98305 0.0966703 0.776531 0.861116 0.927668 0.413318 0.471219 0.893781 0.247744 0.548429 0.513946 0.697454 0.675617 0.129619 0.840188 0.984722 0.427233 0.0304607 0.839559 0.649471 0.25388 0.874984 0.619076 0.48049 0.103164 0.552458 0.794357 0.954763 0.962055 0.188034 0.621304 0.945104 0.284704 0.397835 0.806221 0.212372 0.811153 0.27744 0.106153 0.0588969 0.825869 0.620099 0.756351 
79 32 13 40 61 17 45 
0.325767 0.826422 0.880879 0.200751 0.445497 0.361369 0.303914 0.997955 0.155727 0.258677 0.96001 0.34376 0.879981 0.905114 0.628464 0.277815 0.711335 0.840836 0.088968 0.988775 0.946989 0.147865 0.814644 0.567088 0.904216 0.31613 0.316805 0.500755 0.802337 0.493755 0.127754 0.128104 0.320177 0.00863338 0.328855 0.765674 0.370003 0.63277 0.763629 0.52573 0.891447 0.723639 0.86949 0.771427 0.628753 0.497955 0.0492427 0.340088 0.338791 0.138211 0.328863 0.285779 0.286076 0.143506 0.852867 0.190291 0.459636 0.169673 0.691046 0.261973 0.663428 0.8188 0.390078 0.983605 0.827433 0.718933 0.74928 0.197436 0.351702 0.512909 0.723166 0.243149 0.236548 0.592656 0.0145764 0.865302 0.0906101 0.0638191 0.20539 0.429401 0.20203 0.534253 0.71518 0.488105 0.677759 0.568048 0.678397 0.137396 0.73772 0.369442 0.399369 0.401149 0.188242 0.789447 0.384754 0.0156755 0.508379 0.134034 0.213111 0.860082 0.646943 0.936277 0.103231 0.883491 0.528933 0.117807 0.748793 0.619543 0.181626 0.954183 0.0489435 0.383656 0.488436 0.764124 0.871761 0.166196 0.332171 0.550158 0.303591 0.0698915 0.9196 0.70296 0.47104 0.107843 0.492407 0.855794 0.123518 0.000785873 
80 22 74 36 56 1 57 
0.801839 0.0819055 0.269054 0.421382 0.263532 0.223237 0.470325 0.647188 0.711673 0.234449 0.518949 0.877869 0.56662 0.0691071 0.18146 0.636512 0.988707 0.88442 0.107552 0.0965499 0.376827 0.963346 0.220068 0.377613 0.953173 0.556697 0.23848 0.589944 0.829604 0.202578 0.110205 0.631443 0.284484 0.379259 0.0528248 0.548016 0.602496 0.52315 0.195204 0.31417 0.757599 0.714153 0.192039 0.324219 0.78326 0.373499 0.960731 0.771968 0.257919 0.0682825 0.868517 0.634745 0.0316282 0.0885854 0.0123579 0.984802 0.645283 0.250838 0.574745 0.474886 0.453416 0.68495 0.106329 0.7379 0.0642091 0.159154 0.285916 0.666706 0.682304 0.48112 0.980875 0.439903 0.195273 0.172914 0.764123 0.978533 0.546413 0.724854 0.7505 0.804331 0.793136 0.619018 0.439077 0.824764 0.707603 0.451435 0.809566 0.352886 0.702273 0.384311 0.827772 0.155689 0.0692609 0.934102 0.893589 0.13347 0.0932559 0.179505 0.800176 0.77556 0.660625 0.781051 0.215464 0.855898 0.953965 0.979586 0.834431 0.500378 0.70444 0.584932 0.304709 0.497576 0.20395 0.743786 0.322341 0.911553 0.19522 0.131906 0.264439 0.897493 0.516217 0.0922114 0.0531818 0.585478 0.0263132 0.946771 0.718948 0.119569 
81 78 56 1 45 64 52 
0.6428 0.25414 0.0901795 0.477231 0.754518 0.79462 0.0621629 0.0592266 0.292196 0.266112 0.803012 0.614536 0.177665 0.998233 0.746443 0.442104 0.895725 0.26266 0.534316 0.948907 0.848138 0.560629 0.895678 0.567086 0.680198 0.0219548 0.0862101 0.575327 0.808857 0.386385 0.68592 0.451657 0.640525 0.7761 0.928888 0.395042 0.570719 0.991051 0.454269 0.862915 0.257163 0.257281 0.477451 0.434829 0.255514 0.223894 0.876933 0.151239 0.486554 0.411249 0.100146 0.334692 0.971877 0.995825 0.901778 0.652075 0.0177795 0.987988 0.227402 0.826636 0.374373 0.913323 0.278293 0.0148977 0.689423 0.207181 0.40994 0.260142 0.198232 0.864209 0.123057 0.455395 0.12149 0.600508 0.890224 0.377004 0.824402 0.767157 0.528243 0.310955 0.178405 0.62839 0.645647 0.150282 0.624214 0.547425 0.802358 0.641994 0.535413 0.0297601 0.46863 0.909786 0.943083 0.746923 0.924683 0.632506 0.954104 0.334623 0.892648 0.152335 0.198832 0.0157045 0.60773 0.320322 0.616213 0.497954 0.697326 0.440615 0.265111 0.22557 0.75157 0.443516 0.853959 0.397217 0.593798 0.478173 0.944642 0.396156 0.120167 0.480055 0.425916 0.588797 0.38984 0.368999 0.33572 0.314524 0.00150412 0.289823 
82 17 23 49 68 80 78 
0.168302 0.526069 0.547843 0.865628 0.966683 0.812954 0.0911975 0.718253 0.256469 0.945157 0.11547 0.850267 0.42333 0.0601124 0.246423 0.543497 0.540167 0.672338 0.132294 0.930007 0.041337 0.468014 0.244531 0.0428411 0.757837 0.893678 0.936993 0.199996 0.741657 0.846849 0.249885 0.909958 0.372918 0.797728 0.775586 0.339601 0.610682 0.866784 0.0578544 0.867151 0.81194 0.173325 0.717419 0.23527 0.233437 0.963841 0.778767 0.773604 0.63618 0.911061 0.703612 0.677517 0.379075 0.948142 0.720358 0.136912 0.84182 0.65735 0.336908 0.583477 0.504199 0.586793 0.493435 0.877117 0.384521 0.269021 0.216718 0.995203 0.135805 0.274572 0.862354 0.947745 0.447897 0.579773 0.183016 0.681334 0.543614 0.961783 0.454939 0.179794 0.872844 0.15855 0.85731 0.251919 0.106693 0.577668 0.38883 0.948513 0.235019 0.725738 0.531989 0.739218 0.31253 0.0254242 0.616335 0.697051 0.294445 0.833053 0.692254 0.43025 0.107625 0.554609 0.377996 0.555522 0.134381 0.561012 0.236857 0.677996 0.522795 0.691795 0.857789 0.395639 0.850346 0.7151 0.647557 0.957038 0.292768 0.0363876 0.905551 0.527787 0.762125 0.43754 0.267005 0.0746557 0.462964 0.883339 0.771707 0.757409 
83 76 2 3 44 9 24 
0.379539 0.152952 0.126668 0.616396 0.830947 0.649462 0.308191 0.688737 0.0451011 0.158537 0.403836 0.692658 0.115575 0.696605 0.729046 0.0211257 0.224391 0.491171 0.458666 0.491396 0.565827 0.92163 0.374735 0.337534 0.679039 0.0911275 0.801495 0.866699 0.915145 0.820066 0.432355 0.294684 0.973017 0.559022 0.91108 0.803964 0.208485 0.219272 0.492701 0.253586 0.377808 0.896537 0.946244 0.493383 0.593142 0.67529 0.514509 0.817533 0.166462 0.973175 0.308929 0.732289 0.894804 0.683664 0.0698227 0.573843 0.774792 0.871318 0.440542 0.689937 0.691384 0.872897 0.984621 0.664401 0.431919 0.895701 0.468365 0.640404 0.114973 0.961066 0.89399 0.492781 0.857604 0.840234 0.986165 0.450745 0.515524 0.500674 0.268279 0.681986 0.473848 0.577208 0.414275 0.368652 0.260872 0.484097 0.942496 0.0356635 0.355415 0.383038 0.7256 0.0467993 0.255934 0.710221 0.7112 0.687853 0.605922 0.179565 0.328257 0.720894 0.140632 0.222247 0.213676 0.998235 0.0624808 0.19984 0.448981 0.578005 0.700514 0.717259 0.259991 0.174362 0.294467 0.674266 0.543014 0.555339 0.158363 0.48551 0.591002 0.513778 0.868548 0.316602 0.560578 0.124482 0.0268229 0.271778 0.812335 0.632745 
