37 6
0 1 0 0 0 1 0 0 1 1 1 0 0 0 0 1 1 1 0 0 0 1 0 1 0 0 1 1 1 0 1 0 1 0 0 0 1 
0 11 30 4 9 3 
0.925424 0.349588 0.294514 0.268365 0.906406 0.655367 0.673153 0.822524 0.279051 0.676834 0.313869 0.142255 0.674494 0.625721 0.307879 0.438486 0.389005 0.512626 0.701306 0.997804 0.459215 0.53679 0.636032 0.201404 0.823747 0.841783 0.217991 0.966671 0.788217 0.949903 0.891064 0.71364 0.299491 0.185577 0.982005 0.205897 0.840944 0.655158 0.0284209 0.119995 0.331992 0.34229 0.262249 0.00648535 0.968011 0.570129 0.444971 0.357016 0.0827551 0.146278 0.35482 0.541971 0.683067 0.990851 0.743375 0.506814 0.832634 0.961366 0.473486 0.620851 0.911268 0.364549 0.334491 0.210759 
1 25 33 22 17 10 
0.303646 0.787366 0.773314 0.310131 0.755377 0.343443 0.755102 0.112393 0.426198 0.90138 0.467212 0.968168 0.584447 0.458063 0.711543 0.0912614 0.290698 0.672909 0.564747 0.911549 0.584177 0.929296 0.24604 0.794936 0.479422 0.562536 0.211591 0.870492 0.53419 0.656668 0.381557 0.837835 0.444034 0.154871 0.147966 0.199411 0.498314 0.903068 0.311803 0.924512 0.804448 0.779015 0.892681 0.388896 0.237079 0.604224 0.480157 0.527776 0.277133 0.044904 0.439325 0.86131 0.9742 0.685365 0.656245 0.453622 0.247901 0.867837 0.324115 0.782091 0.524504 0.705672 0.619926 0.968538 
2 1 34 24 22 10 
0.28337 0.475409 0.258767 0.176051 0.864304 0.495845 0.780275 0.344461 0.0236217 0.0574072 0.389365 0.462947 0.918717 0.363565 0.148312 0.574962 0.817188 0.396212 0.442799 0.141302 0.178303 0.967303 0.846974 0.798229 0.935841 0.707517 0.566121 0.103789 0.0663748 0.237082 0.58354 0.349745 0.712491 0.842307 0.525795 0.576795 0.338152 0.30607 0.921256 0.361774 0.363477 0.310622 0.824721 0.282194 0.674187 0.973032 0.857156 0.491375 0.369245 0.299955 0.632677 0.547548 0.267258 0.479651 0.345776 0.203098 0.187168 0.911897 0.306887 0.253543 0.148979 0.890428 0.603288 0.86147 
3 30 6 23 14 26 
0.359521 0.432661 0.79863 0.670143 0.257382 0.0808241 0.34433 0.230415 0.93798 0.835705 0.599659 0.237935 0.468383 0.147207 0.505192 0.948034 0.492983 0.70829 0.135202 0.404881 0.0151776 0.388746 0.55386 0.905605 0.992033 0.41533 0.63834 0.121117 0.853594 0.709227 0.55627 0.213115 0.141888 0.3549 0.883258 0.39927 0.435724 0.227589 0.629685 0.373704 0.063294 0.229344 0.611639 0.531677 0.376551 0.116831 0.47971 0.869534 0.825122 0.614913 0.274415 0.840299 0.0036582 0.828275 0.745904 0.995692 0.243605 0.384244 0.116808 0.0971989 0.093471 0.673078 0.310314 0.235359 
4 30 15 19 27 5 
0.837406 0.484456 0.493658 0.449045 0.0161321 0.870209 0.565876 0.495842 0.739743 0.390998 0.110755 0.0141583 0.231297 0.114413 0.842433 0.977201 0.110105 0.086038 0.361446 0.226913 0.183237 0.454917 0.899991 0.493551 0.690276 0.927968 0.687124 0.324905 0.39167 0.108286 0.589219 0.229076 0.592741 0.0828776 0.67812 0.608873 0.953087 0.243996 0.104716 0.69283 0.634994 0.215471 0.706988 0.866291 0.329884 0.549422 0.843492 0.439989 0.63546 0.204938 0.666902 0.818696 0.659855 0.566893 0.312248 0.35013 0.494861 0.999372 0.675036 0.886531 0.107657 0.264255 0.115607 0.700399 
5 35 13 24 21 2 
0.993049 0.672717 0.629458 0.700037 0.539007 0.959342 0.249459 0.3825 0.399331 0.884918 0.587438 0.0662337 0.703615 0.247292 0.633127 0.0158626 0.597423 0.127988 0.0152344 0.272458 0.0145193 0.122892 0.536713 0.130126 0.82329 0.883846 0.923853 0.132562 0.184065 0.961576 0.546549 0.177114 0.634292 0.176008 0.877151 0.1733 0.13535 0.12661 0.5558 0.534681 0.0115286 0.143237 0.600915 0.715144 0.390529 0.234042 0.731006 0.987952 0.36203 0.746241 0.26041 0.376549 0.869132 0.797123 0.506675 0.692423 0.680969 0.430528 0.824985 0.865034 0.392104 0.371534 0.042148 0.026396 
6 12 18 7 9 4 
0.217573 0.0574382 0.898732 0.818488 0.772582 0.289262 0.05253 0.503588 0.277214 0.41456 0.249828 0.537624 0.791109 0.118961 0.334747 0.297784 0.811384 0.0157159 0.728312 0.636368 0.88075 0.120415 0.00790248 0.922898 0.146811 0.555444 0.842197 0.346507 0.238336 0.888107 0.102002 0.455909 0.945545 0.000734887 0.274397 0.718127 0.289997 0.326927 0.221714 0.56721 0.741487 0.471543 0.104834 0.532596 0.590504 0.439581 0.83038 0.401887 0.455297 0.558692 0.0382554 0.336047 0.679108 0.0461579 0.258945 0.825919 0.601602 0.101142 0.172426 0.839938 0.989248 0.274429 0.295847 0.934793 
7 5 2 22 16 25 
0.874634 0.132371 0.638659 0.346177 0.237205 0.171255 0.936681 0.676786 0.00163558 0.338568 0.132083 0.560328 0.376824 0.46813 0.239435 0.422981 0.727074 0.0653543 0.0245836 0.828216 0.23778 0.864522 0.817464 0.512209 0.160369 0.752258 0.787373 0.730613 0.405178 0.352533 0.627785 0.279812 0.484903 0.266445 0.62599 0.722108 0.4377 0.562671 0.398894 0.439336 0.901239 0.530976 0.999663 0.278062 0.999106 0.239098 0.701044 0.72618 0.304453 0.725627 0.554396 0.542233 0.590149 0.371861 0.0544423 0.750518 0.124118 0.841815 0.481131 0.529296 0.194348 0.108917 0.809108 0.679251 
8 19 3 24 29 30 
0.800253 0.252397 0.899007 0.33123 0.25206 0.177069 0.330336 0.491158 0.878113 0.0565159 0.795611 0.60374 0.610912 0.337844 0.193889 0.982773 0.392287 0.944407 0.106891 0.234102 0.425538 0.636187 0.42845 0.534455 0.445295 0.107701 0.909816 0.880393 0.509061 0.722878 0.878162 0.309314 0.975274 0.777169 0.640544 0.227335 0.954238 0.970879 0.718493 0.832351 0.0273952 0.514104 0.436092 0.638307 0.851949 0.629981 0.62108 0.244235 0.574388 0.727971 0.478337 0.999926 0.364158 0.906787 0.534382 0.809453 0.014488 0.444198 0.689846 0.523549 0.167076 0.568008 0.832862 0.14235 
9 10 33 28 27 5 
0.131767 0.471681 0.602282 0.567858 0.109988 0.454231 0.197839 0.731068 0.698466 0.772227 0.459039 0.176803 0.772154 0.823197 0.0835901 0.306535 0.63265 0.0980782 0.750733 0.322496 0.621627 0.917809 0.890504 0.454489 0.060159 0.235681 0.927895 0.429844 0.535097 0.372181 0.518021 0.666863 0.843861 0.120303 0.234722 0.953849 0.574534 0.432561 0.684917 0.273 0.204788 0.143956 0.449803 0.976942 0.967152 0.533393 0.283477 0.599802 0.631471 0.0342102 0.922298 0.253098 0.952019 0.812802 0.707588 0.0121781 0.0484836 0.635483 0.442022 0.58358 0.00766341 0.960043 0.250443 0.851525 
10 0 27 35 28 14 
0.634246 0.377684 0.0994554 0.601399 0.911077 0.382932 0.201201 0.542548 0.417143 0.123499 0.795647 0.369162 0.936301 0.503234 0.38134 0.984785 0.138717 0.823362 0.568365 0.14638 0.783405 0.818808 0.997905 0.863751 0.303973 0.803279 0.518632 0.221699 0.293569 0.446512 0.344212 0.927816 0.824196 0.443668 0.529214 0.735273 0.8266 0.730415 0.277821 0.243743 0.853914 0.0734678 0.612905 0.790215 0.576702 0.994244 0.774999 0.715419 0.817606 0.343364 0.861799 0.601011 0.162173 0.859704 0.464762 0.466146 0.662983 0.983394 0.687844 0.956552 0.429906 0.0320569 0.884368 0.254102 
11 8 26 3 15 30 
0.267196 0.546068 0.997911 0.340664 0.158973 0.788126 0.917366 0.153217 0.563125 0.632785 0.970823 0.906489 0.494584 0.571834 0.068662 0.354288 0.0365962 0.534808 0.0172711 0.0199902 0.222652 0.973823 0.449896 0.254709 0.858191 0.703998 0.730434 0.271774 0.693373 0.0327588 0.415771 0.960569 0.578827 0.413682 0.301233 0.737799 0.201807 0.218599 0.891017 0.764933 0.851383 0.86184 0.671422 0.345967 0.433674 0.740084 0.700255 0.47027 0.274892 0.717526 0.49026 0.497544 0.69135 0.940157 0.752253 0.549541 0.644155 0.482687 0.821315 0.337528 0.515445 0.237086 0.298097 0.0942721 
12 9 23 10 33 25 
0.723088 0.617508 0.669312 0.584928 0.28893 0.0152788 0.0186018 0.029014 0.715534 0.488872 0.303906 0.43306 0.979132 0.80145 0.12441 0.919289 0.553702 0.673952 0.563444 0.036389 0.495267 0.900972 0.551834 0.732353 0.199069 0.646106 0.38312 0.798399 0.478178 0.235696 0.616327 0.201266 0.853203 0.285639 0.786194 0.142133 0.300918 0.804796 0.171147 0.0164516 0.293668 0.475053 0.449512 0.2728 0.276503 0.573922 0.192088 0.830205 0.247874 0.755532 0.866594 0.743141 0.656503 0.418429 0.475493 0.855572 0.064535 0.858613 0.653971 0.542713 0.094309 0.270298 0.743979 0.947512 
13 2 8 26 31 5 
0.260793 0.873306 0.628637 0.735846 0.322818 0.901437 0.0123492 0.896741 0.0935249 0.842555 0.144615 0.849057 0.709149 0.887755 0.50556 0.127577 0.363248 0.361133 0.192112 0.221862 0.0151036 0.734825 0.316171 0.285402 0.478804 0.263683 0.841339 0.0089777 0.353329 0.698194 0.343947 0.614122 0.5715 0.972584 0.349969 0.894318 0.87402 0.362318 0.791059 0.967545 0.204872 0.935674 0.816602 0.914021 0.823429 0.322162 0.0415984 0.186678 0.683295 0.233711 0.40854 0.698399 0.968536 0.724711 0.9838 0.44734 0.988394 0.825139 0.456318 0.341723 0.523333 0.800265 0.955845 0.0948326 
14 2 26 30 12 16 
0.78021 0.614415 0.873004 0.715884 0.431017 0.787025 0.539313 0.753179 0.828623 0.725991 0.436474 0.0623342 0.134531 0.134873 0.0308703 0.859241 0.118673 0.478211 0.847635 0.943812 0.934529 0.189358 0.467145 0.734794 0.145203 0.561978 0.507643 0.451017 0.551129 0.154512 0.119149 0.331339 0.768927 0.992153 0.0472226 0.199943 0.779178 0.586536 0.953122 0.607801 0.312527 0.389596 0.670135 0.447058 0.524469 0.701006 0.306299 0.643142 0.179216 0.153934 0.586955 0.113745 0.343293 0.0540996 0.848539 0.488496 0.616077 0.356182 0.939513 0.167206 0.510694 0.058662 0.498545 0.279621 
15 27 33 6 29 21 
0.432686 0.437793 0.44483 0.822282 0.107929 0.891888 0.346751 0.808934 0.198187 0.989894 0.988151 0.352121 0.576848 0.101896 0.695414 0.630948 0.950435 0.18391 0.247025 0.306617 0.123423 0.414231 0.817311 0.182085 0.912776 0.0969315 0.2329 0.458543 0.576495 0.0628922 0.590846 0.00918113 0.500686 0.0356764 0.831463 0.608614 0.927564 0.178215 0.417549 0.125751 0.168108 0.405699 0.477873 0.744957 0.507595 0.173287 0.375904 0.45803 0.357197 0.622929 0.764647 0.48062 0.0371605 0.581958 0.662705 0.949936 0.67889 0.895605 0.408479 0.255385 0.958497 0.999326 0.264566 0.459183 
16 19 11 1 0 5 
0.485346 0.088318 0.442353 0.891046 0.566191 0.187309 0.398641 0.739478 0.563214 0.856671 0.0966748 0.186143 0.621318 0.577295 0.223303 0.203277 0.24 0.17324 0.882166 0.135606 0.581719 0.137551 0.0941031 0.581045 0.402117 0.553286 0.616047 0.498147 0.621084 0.578614 0.772391 0.10643 0.666932 0.214744 0.997475 0.233122 0.402053 0.396116 0.9726 0.965267 0.252787 0.069275 0.15141 0.874105 0.64657 0.374713 0.0773819 0.88657 0.547953 0.959548 0.022176 0.129672 0.0970995 0.116279 0.710717 0.499217 0.669565 0.326764 0.997364 0.290649 0.905378 0.769755 0.397079 0.572309 
17 20 25 28 27 34 
0.778032 0.351819 0.0434573 0.847307 0.503229 0.917563 0.493877 0.877942 0.994945 0.380447 0.425895 0.954493 0.402623 0.555567 0.0515922 0.518902 0.266284 0.550809 0.188468 0.593049 0.548173 0.479116 0.498426 0.317928 0.876195 0.0707358 0.302427 0.270749 0.876168 0.68898 0.0614192 0.6542 0.0407988 0.104876 0.501507 0.544028 0.0224391 0.995384 0.42197 0.0173837 0.375831 0.847865 0.971876 0.778454 0.403433 0.0234686 0.297357 0.669717 0.574278 0.485824 0.262766 0.12245 0.964941 0.761192 0.440378 0.841136 0.831928 0.742805 0.111885 0.708096 0.431785 0.173304 0.362295 0.472584 
18 36 12 7 3 35 
0.318003 0.235017 0.286447 0.28988 0.0134713 0.68988 0.313348 0.310828 0.359597 0.887626 0.796652 0.622363 0.0100761 0.761593 0.383555 0.450454 0.602728 0.215483 0.19326 0.714613 0.923579 0.625045 0.887917 0.285874 0.0976282 0.166097 0.149677 0.11424 0.466717 0.00886255 0.552822 0.78472 0.24388 0.839269 0.0745994 0.257351 0.529148 0.387947 0.568179 0.888745 0.275573 0.364831 0.511108 0.285649 0.126424 0.894663 0.736104 0.729152 0.110146 0.929363 0.443766 0.0337254 0.554408 0.331683 0.3196 0.652036 0.49778 0.469276 0.766276 0.964497 0.478139 0.319097 0.749217 0.722019 
19 33 7 25 0 2 
0.547548 0.57626 0.487337 0.912379 0.0873678 0.772986 0.0388034 0.982031 0.509089 0.767956 0.0921774 0.438453 0.211721 0.125903 0.99286 0.543404 0.445503 0.644896 0.0411839 0.914779 0.411172 0.00568053 0.392918 0.730269 0.754897 0.114937 0.888635 0.578713 0.094306 0.57615 0.790476 0.641854 0.152409 0.277813 0.554234 0.239777 0.0507988 0.593037 0.221808 0.559888 0.360993 0.313986 0.998341 0.572714 0.439889 0.991201 0.116118 0.885391 0.636097 0.157302 0.80017 0.0472691 0.162983 0.193089 0.777539 0.91788 0.308025 0.666174 0.496593 0.402331 0.242324 0.287069 0.0441855 0.394733 
20 23 33 11 8 15 
0.856319 0.175569 0.552449 0.170305 0.17391 0.125164 0.610193 0.165111 0.241282 0.495585 0.801208 0.398584 0.295755 0.848477 0.561567 0.488844 0.626015 0.479447 0.796869 0.292189 0.97604 0.1992 0.534513 0.263109 0.243386 0.929246 0.827992 0.841805 0.563757 0.443673 0.0332612 0.420076 0.619242 0.58571 0.59038 0.793152 0.710874 0.200574 0.958262 0.952156 0.696159 0.75947 0.35074 0.991914 0.607947 0.912307 0.480758 0.233962 0.391754 0.277626 0.526151 0.367794 0.476826 0.0606639 0.630904 0.720212 0.98991 0.458895 0.562017 0.553667 0.902568 0.595278 0.973742 0.52181 
21 36 0 30 5 24 
0.273224 0.844019 0.460856 0.0326943 0.194759 0.452769 0.640641 0.107067 0.933527 0.874603 0.498821 0.211153 0.400754 0.866615 0.68798 0.461417 0.497519 0.408192 0.451328 0.956415 0.970209 0.00499428 0.858983 0.565487 0.978737 0.380793 0.746476 0.54286 0.695755 0.638338 0.307557 0.96898 0.482357 0.768412 0.00167412 0.677116 0.221182 0.642315 0.784182 0.154709 0.516918 0.283003 0.365862 0.917671 0.149619 0.053842 0.379089 0.647138 0.462034 0.830416 0.603552 0.432243 0.83541 0.462535 0.99773 0.814147 0.843328 0.744206 0.357007 0.539084 0.382544 0.664563 0.508064 0.864901 
22 9 35 13 21 34 
0.326199 0.808866 0.66897 0.609202 0.174728 0.586641 0.758821 0.22857 0.96573 0.405959 0.690604 0.796146 0.00951132 0.122847 0.631557 0.472047 0.120577 0.445704 0.315375 0.864782 0.802711 0.854459 0.247326 0.467274 0.362522 0.112227 0.90025 0.87226 0.654243 0.554407 0.0243129 0.980442 0.363273 0.693283 0.589644 0.538001 0.279925 0.348465 0.766571 0.245655 0.754424 0.457175 0.0418009 0.763936 0.580021 0.673357 0.235982 0.700598 0.119061 0.551357 0.565381 0.921772 0.405816 0.812707 0.389046 0.768339 0.924934 0.289295 0.640599 0.579177 0.843702 0.664912 0.559619 0.206975 
23 31 1 21 2 24 
0.511546 0.883774 0.252153 0.968721 0.925575 0.0160891 0.548743 0.598933 0.252071 0.249341 0.717994 0.803429 0.814722 0.639765 0.209245 0.627428 0.0288109 0.977583 0.552362 0.318106 0.618182 0.131539 0.161808 0.283094 0.691158 0.368783 0.641289 0.840421 0.113759 0.279408 0.33815 0.625305 0.163183 0.590304 0.594026 0.0887579 0.606393 0.142769 0.68769 0.858464 0.392109 0.405684 0.661893 0.206831 0.0454496 0.871138 0.834259 0.0742605 0.848721 0.386621 0.392367 0.466903 0.51816 0.554175 0.749997 0.209318 0.922958 0.391285 0.0497399 0.0367161 0.670694 0.38789 0.662021 0.833876 
24 7 0 20 34 5 
0.443051 0.790925 0.016009 0.104944 0.997756 0.0614586 0.976081 0.832015 0.135719 0.824802 0.218637 0.528086 0.291705 0.736797 0.0822604 0.041702 0.946115 0.00521794 0.432987 0.995855 0.041934 0.103681 0.383746 0.703955 0.937558 0.36194 0.960002 0.860192 0.946527 0.358817 0.470517 0.389578 0.149742 0.486526 0.494522 0.147498 0.547984 0.470603 0.979513 0.683703 0.295405 0.19815 0.211789 0.587111 0.934947 0.29405 0.628813 0.881062 0.299267 0.0618001 0.876918 0.341202 0.165481 0.260664 0.0451566 0.103039 0.622603 0.00515857 0.963231 0.56913 0.363976 0.433748 0.958708 0.513718 
25 16 19 34 14 27 
0.64073 0.151961 0.219238 0.83888 0.363751 0.806348 0.773827 0.6578 0.435161 0.654889 0.957068 0.496961 0.531807 0.298269 0.662442 0.792471 0.343426 0.765481 0.415074 0.348584 0.728712 0.984204 0.71256 0.16246 0.942911 0.226279 0.0827336 0.396141 0.887495 0.550992 0.319973 0.528225 0.702953 0.539211 0.367105 0.0667035 0.345559 0.140932 0.724504 0.78072 0.795821 0.681571 0.277682 0.327628 0.97984 0.940124 0.120098 0.323266 0.705605 0.535172 0.67185 0.434318 0.519376 0.384411 0.596778 0.462287 0.610689 0.679511 0.858428 0.498185 0.230503 0.178401 0.0264096 0.933456 
26 0 27 18 21 8 
0.724663 0.843892 0.330267 0.406234 0.121573 0.657894 0.386075 0.0616971 0.777992 0.709341 0.767302 0.313164 0.381191 0.20162 0.83254 0.765602 0.798398 0.294827 0.376291 0.477909 0.153255 0.874476 0.708412 0.331656 0.900885 0.641868 0.0492682 0.2944 0.642027 0.112439 0.828846 0.36669 0.956331 0.159112 0.772924 0.0779043 0.817007 0.158999 0.139601 0.594999 0.86834 0.906904 0.908163 0.249531 0.108524 0.740703 0.015133 0.906921 0.0355308 0.391424 0.38483 0.188786 0.2659 0.0932424 0.520442 0.166785 0.73511 0.56971 0.461185 0.377137 0.68215 0.290031 0.743827 0.638481 
27 8 11 22 18 25 
0.855987 0.861148 0.544091 0.76289 0.769312 0.793622 0.871414 0.510015 0.808755 0.778336 0.545546 0.200179 0.163166 0.734332 0.466079 0.256408 0.254774 0.632864 0.991519 0.824485 0.0940494 0.368656 0.506634 0.38408 0.112483 0.145115 0.833223 0.629235 0.8615 0.0993726 0.304986 0.717487 0.960521 0.849077 0.480377 0.729833 0.642699 0.351791 0.239848 0.451454 0.130127 0.785394 0.651633 0.293293 0.519726 0.117713 0.549702 0.7745 0.750577 0.54122 0.598984 0.844626 0.909876 0.105619 0.228707 0.0223591 0.250734 0.0619297 0.651594 0.112234 0.161302 0.95658 0.829721 0.121823 
28 36 30 32 12 31 
0.0915039 0.89981 0.792017 0.876898 0.551444 0.0853099 0.396623 0.669156 0.635012 0.171123 0.419733 0.176232 0.770108 0.26436 0.0861077 0.875727 0.493066 0.108467 0.126461 0.554996 0.760061 0.238695 0.716298 0.716641 0.0684161 0.838122 0.522298 0.378515 0.689778 0.970654 0.0404043 0.781282 0.870464 0.832421 0.658179 0.421908 0.917731 0.0548027 0.0910646 0.552743 0.225926 0.510798 0.728974 0.996034 0.775158 0.815082 0.871761 0.268224 0.923549 0.998221 0.82322 0.68361 0.236916 0.539519 0.400251 0.305332 0.37764 0.922549 0.683847 0.0674182 0.893203 0.724251 0.8487 0.763668 
29 26 4 8 15 34 
0.0271458 0.787608 0.787438 0.75612 0.783642 0.562596 0.571202 0.655402 0.830821 0.494751 0.653624 0.654041 0.178361 0.89054 0.19356 0.578612 0.195872 0.5712 0.501161 0.879718 0.638618 0.394364 0.603969 0.487318 0.158031 0.160641 0.994197 0.343607 0.635045 0.555879 0.620247 0.66219 0.343487 0.407686 0.41831 0.127128 0.970282 0.989513 0.782531 0.801103 0.484263 0.436154 0.455144 0.662624 0.326694 0.648704 0.241236 0.522566 0.219904 0.742397 0.402284 0.858522 0.13676 0.00625341 0.34584 0.294791 0.166895 0.340038 0.638398 0.801939 0.895916 0.258646 0.46413 0.239403 
30 13 34 4 7 1 
0.149062 0.437717 0.356216 0.585216 0.892861 0.0188404 0.91191 0.541564 0.260076 0.434476 0.761468 0.00247284 0.83676 0.619991 0.139233 0.843014 0.965831 0.434024 0.00990855 0.305869 0.0724227 0.811848 0.201785 0.331069 0.275978 0.441188 0.9974 0.158418 0.807719 0.634014 0.0303703 0.956781 0.0717314 0.386586 0.541997 0.964592 0.405427 0.453908 0.506157 0.665503 0.888384 0.267625 0.667976 0.725144 0.887616 0.807209 0.568158 0.853447 0.241233 0.578066 0.159315 0.313656 0.389914 0.3611 0.644724 0.665892 0.802288 0.642125 0.82431 0.610007 0.276139 0.85468 0.566787 0.34787 
31 10 0 7 11 13 
0.312196 0.451076 0.0862445 0.980172 0.17622 0.97386 0.787381 0.744378 0.827307 0.028614 0.322444 0.986623 0.34227 0.712359 0.347723 0.986994 0.378251 0.150011 0.629119 0.20256 0.760017 0.905258 0.05724 0.326805 0.253129 0.298506 0.435589 0.565591 0.945199 0.998281 0.384211 0.257395 0.449357 0.470455 0.237567 0.625577 0.444316 0.0249481 0.369955 0.271623 0.0535621 0.692399 0.258245 0.395832 0.404758 0.605968 0.382826 0.783009 0.755979 0.0119454 0.985569 0.515997 0.917203 0.0428087 0.842802 0.170332 0.341315 0.278391 0.735923 0.286514 0.276672 0.120134 0.543909 0.72603 
32 5 25 7 34 8 
0.413961 0.564773 0.255819 0.818719 0.170742 0.638645 0.601728 0.926721 0.650591 0.587297 0.442717 0.567794 0.630105 0.285519 0.738126 0.97142 0.56391 0.47405 0.257935 0.840582 0.594184 0.801844 0.566612 0.184773 0.583321 0.918219 0.219679 0.389746 0.639781 0.526207 0.249732 0.0537425 0.0909799 0.505551 0.872462 0.261722 0.144197 0.47419 0.188442 0.794787 0.0614866 0.63116 0.362581 0.691592 0.916679 0.100708 0.663012 0.480588 0.574757 0.920947 0.321171 0.168941 0.722791 0.887783 0.353714 0.306112 0.806002 0.573393 0.695857 0.445783 0.0995995 0.945589 0.499525 0.190579 
33 18 9 17 28 5 
0.640743 0.390125 0.907664 0.271903 0.752706 0.599256 0.188582 0.853414 0.262268 0.66917 0.428171 0.183215 0.990341 0.597112 0.906006 0.878124 0.950827 0.212117 0.684125 0.52422 0.907974 0.129908 0.623819 0.853564 0.629434 0.814399 0.304705 0.00142109 0.2667 0.900042 0.847598 0.907443 0.290167 0.755262 0.179346 0.0428733 0.354518 0.367927 0.896287 0.616786 0.0370974 0.324459 0.800001 0.0274383 0.921571 0.706007 0.905562 0.872398 0.918124 0.589687 0.396618 0.826098 0.719596 0.020437 0.679662 0.349029 0.834836 0.984367 0.35045 0.101535 0.884409 0.198049 0.00897814 0.174576 
34 2 10 6 24 4 
0.113737 0.924615 0.593349 0.438195 0.724616 0.620787 0.359766 0.430623 0.526349 0.232164 0.348747 0.116036 0.628782 0.174845 0.835632 0.649219 0.854507 0.184661 0.484055 0.838874 0.535112 0.58559 0.723283 0.733161 0.594568 0.897858 0.686472 0.782892 0.115308 0.994301 0.339143 0.229044 0.918916 0.932492 0.667239 0.643532 0.553279 0.0270055 0.0741553 0.0796278 0.25917 0.422902 0.195664 0.887951 0.597747 0.031296 0.53717 0.452254 0.215957 0.0212247 0.291128 0.751069 0.606814 0.0144104 0.48423 0.201382 0.912269 0.170702 0.984274 0.0275764 0.165003 0.323418 0.256621 0.0839189 
35 23 5 36 9 22 
0.888816 0.210035 0.224509 0.0844803 0.0979863 0.822256 0.115776 0.635156 0.27451 0.331734 0.656381 0.565638 0.0828029 0.263196 0.580048 0.567033 0.464578 0.492317 0.737734 0.448852 0.519893 0.902737 0.77227 0.776514 0.986656 0.0281793 0.700374 0.714107 0.837368 0.651239 0.515714 0.726184 0.861274 0.740223 0.810664 0.959261 0.562479 0.926441 0.594417 0.836989 0.258174 0.250798 0.402627 0.340977 0.513994 0.982675 0.90801 0.978572 0.474992 0.645745 0.427424 0.994885 0.548482 0.199694 0.771399 0.535138 0.227873 0.471773 0.249245 0.0652409 0.123012 0.764959 0.791425 0.984287 
36 30 35 19 2 5 
0.537964 0.904649 0.786704 0.788763 0.307276 0.127681 0.302756 0.289951 0.035691 0.281328 0.764943 0.681436 0.708752 0.759828 0.229917 0.908446 0.531227 0.765055 0.136319 0.00300014 0.0142999 0.20156 0.126013 0.779259 0.992985 0.110299 0.284441 0.595074 0.0538468 0.352101 0.123603 0.591811 0.256751 0.910307 0.380574 0.564027 0.0379882 0.68333 0.853977 0.0736792 0.964658 0.61892 0.755115 0.673411 0.378748 0.985032 0.581857 0.909975 0.750087 0.718176 0.912975 0.764387 0.919737 0.0389873 0.543646 0.912722 0.149287 0.828086 0.507796 0.203134 0.180188 0.631399 0.794945 0.436938 
