43 6
0 0 0 0 0 0 1 1 0 0 0 1 1 1 1 1 1 0 0 1 0 0 1 0 0 1 1 1 0 0 0 1 1 0 1 1 1 1 1 0 0 0 1 
0 39 16 5 23 14 
0.672488 0.39195 0.623948 0.283182 0.846388 0.914931 0.351232 0.519586 0.442137 0.0212072 0.0669284 0.574539 0.0528779 0.31999 0.111914 0.183116 0.876341 0.958076 0.405147 0.738276 0.0437949 0.509832 0.938822 0.657327 0.646942 0.797265 0.447022 0.92477 0.712093 0.151975 0.723776 0.38458 0.543926 0.347723 0.667763 0.390314 0.262655 0.0189951 0.9099 0.704792 0.0402023 0.976828 0.27933 0.0930801 0.296818 0.391244 0.276196 0.173159 0.349319 0.681343 0.911435 0.393114 0.191175 0.850257 0.0504413 0.838117 0.647523 0.497463 0.762887 0.359616 0.649439 0.486663 0.744196 0.193364 
1 30 41 16 28 26 
0.493578 0.801833 0.471157 0.470406 0.0811631 0.564237 0.767224 0.472407 0.840433 0.940383 0.821726 0.521776 0.851818 0.21484 0.712951 0.702076 0.265282 0.551068 0.349599 0.762745 0.313956 0.709215 0.412183 0.800619 0.453411 0.605548 0.635006 0.86537 0.189225 0.732047 0.296324 0.682803 0.53388 0.767481 0.153208 0.615043 0.331718 0.920432 0.0874497 0.17215 0.860815 0.909176 0.693927 0.712633 0.124016 0.406878 0.414709 0.389298 0.957946 0.764308 0.152043 0.271902 0.473522 0.564227 0.0725209 0.926933 0.169774 0.707526 0.792303 0.359 0.439573 0.0886276 0.0418024 0.973453 
2 37 13 15 26 25 
0.675946 0.359977 0.976258 0.585122 0.0539032 0.688891 0.709138 0.460781 0.1036 0.0984363 0.418727 0.867908 0.250479 0.690629 0.34143 0.814706 0.76315 0.268363 0.98448 0.470676 0.0606664 0.34348 0.91025 0.149294 0.385282 0.883703 0.00540258 0.580293 0.472199 0.193229 0.695736 0.148145 0.553205 0.671994 0.733266 0.607109 0.360885 0.442405 0.0678896 0.464485 0.540841 0.486617 0.332392 0.79132 0.177246 0.673822 0.606026 0.940395 0.942186 0.590506 0.411072 0.00285206 0.933986 0.321321 0.152146 0.319268 0.205024 0.157549 0.899561 0.677223 0.350777 0.595296 0.825367 0.903983 
3 39 0 4 14 30 
0.578981 0.0926595 0.541879 0.0655977 0.425052 0.333199 0.242843 0.0988744 0.939225 0.183239 0.0410601 0.529732 0.59431 0.0439122 0.463718 0.915631 0.196058 0.782985 0.120655 0.353607 0.682546 0.797878 0.704384 0.277843 0.623245 0.608367 0.545133 0.181879 0.119459 0.173307 0.182917 0.69844 0.265967 0.724796 0.764037 0.691019 0.0579955 0.00688066 0.789893 0.997221 0.190119 0.830953 0.526953 0.784429 0.874866 0.99067 0.70006 0.0709238 0.773656 0.820715 0.424531 0.456202 0.618593 0.128915 0.734044 0.241838 0.737282 0.279177 0.423717 0.856741 0.452484 0.606634 0.55518 0.718451 
4 37 33 5 0 8 
0.199363 0.386647 0.516218 0.0303163 0.9136 0.300647 0.905182 0.90427 0.000707258 0.976106 0.677926 0.821423 0.400636 0.134127 0.440016 0.529551 0.868171 0.681854 0.266833 0.147348 0.105571 0.123574 0.599832 0.712206 0.678755 0.318283 0.0436365 0.997972 0.727753 0.433063 0.324071 0.927116 0.81971 0.840289 0.957432 0.73331 0.140935 0.862614 0.63758 0.141643 0.83872 0.315506 0.963065 0.239356 0.449633 0.403081 0.768907 0.317805 0.0849354 0.0357409 0.465153 0.190507 0.159315 0.064985 0.902713 0.83807 0.383268 0.946349 0.836042 0.111021 0.379412 0.160113 0.0381372 0.199122 
5 13 15 32 18 8 
0.282979 0.696904 0.885518 0.246045 0.93626 0.335151 0.649126 0.705167 0.652955 0.734061 0.740908 0.118108 0.924568 0.900223 0.183093 0.827281 0.738293 0.566361 0.77363 0.574335 0.677383 0.153042 0.734447 0.71552 0.352164 0.734849 0.711089 0.284596 0.876185 0.569273 0.854608 0.159165 0.266177 0.740126 0.405209 0.202437 0.0752767 0.0543351 0.907604 0.728232 0.788396 0.648512 0.84634 0.712965 0.548735 0.0294329 0.540246 0.287028 0.595794 0.313876 0.861363 0.273177 0.466918 0.59581 0.988696 0.819083 0.330659 0.699786 0.103679 0.206844 0.269059 0.958288 0.366008 0.535235 
6 20 41 24 27 19 
0.645276 0.501922 0.613949 0.293788 0.348262 0.326914 0.842523 0.377695 0.867159 0.129551 0.973489 0.181035 0.990914 0.246666 0.647954 0.586724 0.235362 0.467036 0.917382 0.935148 0.570716 0.124226 0.204207 0.529003 0.490234 0.739442 0.227417 0.261452 0.477114 0.00110669 0.0870044 0.12239 0.503029 0.700953 0.416178 0.851291 0.027867 0.258701 0.228986 0.895026 0.388252 0.202475 0.0760614 0.379166 0.449141 0.724015 0.965889 0.684503 0.191051 0.883271 0.619651 0.761767 0.0074973 0.823857 0.29077 0.497732 0.5633 0.518186 0.759183 0.0404137 0.519293 0.846188 0.162804 0.0223219 
7 21 3 32 0 34 
0.102598 0.470034 0.225934 0.305073 0.546096 0.6051 0.754214 0.270111 0.570989 0.438717 0.461162 0.45426 0.0583673 0.222929 0.461758 0.882225 0.513698 0.959489 0.445524 0.0318848 0.718672 0.485938 0.551178 0.56486 0.648741 0.5735 0.112001 0.227723 0.447113 0.687009 0.065405 0.549711 0.157044 0.291339 0.854784 0.70314 0.896439 0.608998 0.97325 0.467428 0.0477147 0.434412 0.921688 0.106082 0.657341 0.383445 0.988307 0.171039 0.342934 0.433831 0.202924 0.0616069 0.919769 0.754102 0.626467 0.56851 0.327602 0.738468 0.796233 0.774714 0.425478 0.861638 0.324425 0.582522 
8 18 12 41 9 0 
0.835922 0.693323 0.438531 0.942004 0.350664 0.821977 0.930311 0.521703 0.164911 0.364141 0.724627 0.226518 0.28391 0.478729 0.852985 0.85242 0.80633 0.591454 0.648653 0.581044 0.0169313 0.510292 0.905469 0.599453 0.663269 0.0846786 0.885114 0.712685 0.872886 0.144025 0.229528 0.708808 0.837349 0.66806 0.650812 0.188012 0.490037 0.581122 0.709715 0.654948 0.945264 0.434342 0.881466 0.229174 0.913071 0.734451 0.0815944 0.719401 0.325905 0.730248 0.300445 0.342836 0.240539 0.205915 0.942289 0.903808 0.290593 0.827403 0.616493 0.163479 0.971428 0.846021 0.872287 0.808777 
9 17 24 7 32 26 
0.706505 0.659065 0.0494844 0.140847 0.540531 0.278658 0.0539176 0.274982 0.360253 0.773318 0.600887 0.0905005 0.0737635 0.943723 0.33104 0.279678 0.886012 0.234848 0.570271 0.713415 0.851341 0.73375 0.684843 0.697362 0.606037 0.49362 0.211443 0.129135 0.49041 0.215561 0.233356 0.196915 0.874626 0.28284 0.337762 0.415158 0.561499 0.391679 0.69014 0.921751 0.164998 0.291027 0.0122518 0.238761 0.23475 0.343292 0.518439 0.120762 0.57814 0.0887102 0.834177 0.429481 0.82246 0.519021 0.126843 0.428497 0.012641 0.338286 0.557632 0.503051 0.553847 0.790988 0.699966 0.428474 
10 27 2 41 33 7 
0.533771 0.557079 0.594404 0.824799 0.56933 0.833165 0.0595489 0.912622 0.351604 0.180311 0.490762 0.440315 0.0144885 0.920243 0.262775 0.533509 0.0470858 0.691272 0.54615 0.385372 0.248904 0.0492011 0.93922 0.0398928 0.749167 0.367693 0.113721 0.786894 0.211324 0.749049 0.216301 0.745096 0.306127 0.810705 0.569894 0.875457 0.64387 0.629443 0.788079 0.995474 0.809754 0.278841 0.435789 0.824243 0.199084 0.698564 0.357752 0.24617 0.389836 0.903902 0.631542 0.63874 0.953103 0.570761 0.678633 0.70227 0.938454 0.792354 0.489164 0.149779 0.541403 0.705465 0.894874 0.84753 
11 17 41 39 19 2 
0.511067 0.155514 0.903966 0.789908 0.591302 0.728209 0.988992 0.289866 0.0859609 0.235162 0.679702 0.989863 0.866704 0.318442 0.942966 0.437465 0.997074 0.645236 0.375919 0.789429 0.1344 0.525698 0.330832 0.839865 0.420572 0.178362 0.356035 0.885341 0.90135 0.516074 0.979553 0.412417 0.671588 0.883519 0.202325 0.26289 0.611728 0.191317 0.552756 0.697689 0.426479 0.232457 0.687552 0.293183 0.550899 0.630518 0.730647 0.547973 0.275754 0.106567 0.337402 0.410155 0.632265 0.668234 0.25002 0.0528371 0.846596 0.606054 0.938178 0.747945 0.122128 0.917731 0.160362 0.793716 
12 23 3 26 6 0 
0.609361 0.110667 0.980484 0.841819 0.798219 0.273667 0.392718 0.428737 0.00431451 0.940691 0.704491 0.110881 0.278093 0.114646 0.743146 0.946327 0.364665 0.795983 0.792922 0.97072 0.734161 0.540868 0.0928477 0.651892 0.70123 0.886564 0.453143 0.0639179 0.943169 0.866121 0.617923 0.552531 0.976788 0.598407 0.394349 0.775006 0.872074 0.787067 0.203743 0.876389 0.727758 0.908234 0.98727 0.0058503 0.0228797 0.730416 0.952177 0.387545 0.526399 0.745099 0.358265 0.26056 0.285967 0.451112 0.912453 0.987197 0.337676 0.365595 0.0511149 0.280845 0.231716 0.669038 0.833375 0.208504 
13 29 25 9 12 3 
0.187253 0.0159086 0.742549 0.0954876 0.00317864 0.748399 0.118367 0.733595 0.700576 0.505912 0.259994 0.445675 0.864177 0.520554 0.731642 0.315289 0.433007 0.718839 0.652965 0.798602 0.769954 0.93381 0.0303179 0.438992 0.767185 0.238822 0.706437 0.99491 0.222332 0.845957 0.0097011 0.409585 0.861866 0.75225 0.505073 0.865044 0.500649 0.62344 0.598639 0.201225 0.129353 0.858632 0.6469 0.99353 0.379186 0.378542 0.308819 0.812193 0.0973812 0.961784 0.610795 0.867335 0.895593 0.641113 0.306327 0.662779 0.879935 0.0127646 0.657688 0.102266 0.858722 0.667389 0.511852 0.720587 
14 37 30 1 6 13 
0.18427 0.121513 0.769718 0.0429026 0.768414 0.763247 0.422089 0.146956 0.0720661 0.234282 0.244337 0.0338497 0.845077 0.111672 0.929443 0.48619 0.417999 0.592222 0.366124 0.430764 0.24991 0.468391 0.289485 0.917299 0.980242 0.0100725 0.336939 0.997167 0.595704 0.257227 0.637532 0.779974 0.37874 0.40725 0.822876 0.147154 0.170497 0.244965 0.29411 0.242563 0.479248 0.538446 0.276413 0.324324 0.650119 0.205856 0.810514 0.0681178 0.798078 0.176639 0.498882 0.0479877 0.645029 0.788367 0.965287 0.625272 0.79844 0.302226 0.622439 0.394143 0.559453 0.259971 0.174117 0.938193 
15 3 28 30 26 21 
0.379457 0.080282 0.721207 0.917903 0.356695 0.0455312 0.568022 0.562551 0.856045 0.63614 0.360629 0.032684 0.135021 0.408617 0.677713 0.923388 0.373904 0.302985 0.721828 0.676129 0.925424 0.115971 0.235582 0.185395 0.290089 0.173775 0.852616 0.287083 0.259123 0.690335 0.529042 0.638579 0.770617 0.250249 0.556483 0.127312 0.29578 0.124504 0.689863 0.151825 0.760644 0.0504923 0.184509 0.895665 0.459109 0.862222 0.819053 0.833013 0.165207 0.540881 0.509142 0.0906311 0.656853 0.744725 0.276026 0.946941 0.9185 0.128642 0.234024 0.177622 0.818976 0.763066 0.816202 0.589593 
16 12 42 35 11 8 
0.406768 0.46092 0.257832 0.45726 0.645429 0.153497 0.916369 0.507651 0.972551 0.749382 0.672859 0.513432 0.258524 0.76349 0.170285 0.0032489 0.0395157 0.117226 0.921749 0.168158 0.35125 0.0993713 0.987134 0.114316 0.915573 0.576727 0.12763 0.288257 0.293632 0.436725 0.785446 0.7004 0.897644 0.0432784 0.15766 0.543073 0.196776 0.0740293 0.0507246 0.169326 0.823411 0.723583 0.682758 0.0819358 0.487073 0.853043 0.0851847 0.526589 0.970269 0.00693353 0.694746 0.321519 0.106305 0.681881 0.435835 0.021878 0.258608 0.563465 0.310135 0.55224 0.000189557 0.0955816 0.25264 0.897834 
17 3 26 22 2 23 
0.491631 0.504962 0.30774 0.215215 0.18772 0.389676 0.702288 0.040763 0.474861 0.228877 0.011032 0.481794 0.923623 0.332551 0.588099 0.605504 0.768386 0.609977 0.864111 0.331851 0.920113 0.416351 0.33204 0.0156944 0.668991 0.229874 0.154554 0.0792902 0.670781 0.49019 0.563619 0.162412 0.995152 0.87136 0.377627 0.182872 0.261036 0.0799149 0.223635 0.735897 0.308792 0.234667 0.217691 0.232415 0.567218 0.80579 0.837918 0.335604 0.415768 0.70203 0.667454 0.335881 0.118381 0.999495 0.351575 0.787371 0.229369 0.506129 0.866662 0.900149 0.996319 0.430281 0.0625618 0.991471 
18 14 29 27 42 9 
0.397978 0.298573 0.828895 0.632645 0.516264 0.0613102 0.199863 0.322055 0.899229 0.535467 0.737822 0.601258 0.202921 0.073703 0.719639 0.202416 0.425278 0.507011 0.431784 0.931407 0.373672 0.331934 0.927726 0.803953 0.394496 0.919197 0.105594 0.834684 0.0935403 0.66827 0.354788 0.491518 0.966843 0.183684 0.124164 0.483107 0.244994 0.324027 0.805161 0.144222 0.859494 0.542984 0.745481 0.0624146 0.616687 0.46512 0.26483 0.0419647 0.972131 0.696615 0.973372 0.345803 0.0285484 0.901098 0.149756 0.423044 0.820295 0.25535 0.257728 0.913836 0.92362 0.612516 0.405354 0.890462 
19 14 24 32 31 4 
0.185416 0.713038 0.721714 0.930897 0.775453 0.338401 0.396017 0.040283 0.380366 0.368148 0.736898 0.353737 0.713951 0.765446 0.254836 0.863707 0.18849 0.0751309 0.119057 0.446218 0.988967 0.0426763 0.0587346 0.394321 0.933139 0.854935 0.923838 0.306708 0.896128 0.777383 0.485438 0.0815442 0.490421 0.207152 0.012441 0.265874 0.545553 0.408458 0.306157 0.925919 0.776605 0.0430541 0.279657 0.490556 0.8085 0.534492 0.354263 0.99699 0.609623 0.47332 0.443208 0.59859 0.515996 0.501943 0.99291 0.449135 0.356877 0.916749 0.755842 0.253006 0.694132 0.24128 0.33455 0.184553 
20 29 2 15 26 12 
0.919905 0.532054 0.799637 0.199562 0.0226099 0.608137 0.734054 0.376873 0.605127 0.343677 0.850193 0.048335 0.942267 0.366189 0.550278 0.935177 0.815323 0.907155 0.851926 0.571165 0.160161 0.546057 0.812446 0.494711 0.73061 0.260878 0.841701 0.181036 0.254864 0.59715 0.937619 0.17477 0.129204 0.737255 0.374332 0.151814 0.345392 0.108386 0.528687 0.950519 0.452063 0.378879 0.998854 0.39433 0.745068 0.549132 0.329507 0.560391 0.456287 0.181432 0.131556 0.616448 0.72749 0.944001 0.111158 0.4581 0.20488 0.95286 0.639136 0.459744 0.55001 0.576754 0.634514 0.679214 
21 30 25 10 19 17 
0.359714 0.60992 0.569294 0.738593 0.608774 0.963624 0.483661 0.157906 0.293131 0.0440512 0.614193 0.474563 0.175607 0.230641 0.202053 0.119609 0.341799 0.660152 0.324488 0.294659 0.299288 0.784232 0.844669 0.876042 0.418746 0.523882 0.190051 0.427592 0.35491 0.849453 0.544823 0.714624 0.459373 0.114117 0.453217 0.0681472 0.0777413 0.936877 0.226053 0.370872 0.980929 0.840246 0.845435 0.156536 0.070887 0.0474876 0.276144 0.412686 0.70764 0.600633 0.707345 0.0069279 0.384865 0.552014 0.88297 0.803611 0.0758964 0.0730211 0.231203 0.430806 0.922474 0.776026 0.14543 0.381847 
22 28 6 16 0 9 
0.676047 0.338757 0.516453 0.516293 0.184192 0.672989 0.58718 0.231679 0.949133 0.999867 0.939319 0.549766 0.707212 0.946247 0.93463 0.259226 0.829217 0.738242 0.335122 0.902238 0.969445 0.765928 0.824712 0.745471 0.911358 0.206559 0.635614 0.510005 0.656553 0.603499 0.0455295 0.3326 0.942256 0.561982 0.848893 0.126447 0.234971 0.436074 0.358127 0.184104 0.43594 0.297446 0.73387 0.143152 0.243693 0.6685 0.402378 0.0729096 0.406742 0.7375 0.975148 0.376186 0.503428 0.799859 0.121657 0.414786 0.00641803 0.757271 0.924792 0.662971 0.36077 0.970321 0.99557 0.303026 
23 40 5 12 18 25 
0.7876 0.951379 0.716477 0.0850457 0.685249 0.859629 0.328738 0.353749 0.262007 0.401648 0.76049 0.999506 0.376796 0.136677 0.502934 0.176655 0.258333 0.917721 0.183073 0.0156046 0.842512 0.846044 0.376375 0.812833 0.841614 0.679401 0.345137 0.686077 0.108874 0.112412 0.966614 0.896474 0.0637904 0.683091 0.98152 0.749039 0.54272 0.310259 0.102788 0.804727 0.711906 0.863278 0.804233 0.088702 0.999955 0.307168 0.265357 0.258288 0.224888 0.44843 0.273893 0.0674007 0.294474 0.650267 0.880234 0.136088 0.329668 0.225371 0.822165 0.438543 0.337782 0.788779 0.335017 0.401573 
24 30 18 36 26 16 
0.253399 0.819318 0.338703 0.116677 0.623551 0.427405 0.116632 0.930719 0.692762 0.37492 0.155607 0.141192 0.648812 0.223008 0.435666 0.29908 0.103242 0.571753 0.628748 0.328613 0.393918 0.0672913 0.666395 0.182697 0.402309 0.067968 0.654567 0.718846 0.21858 0.669158 0.345642 0.471979 0.488475 0.684345 0.588657 0.112026 0.11175 0.705289 0.0427454 0.804511 0.0802085 0.198353 0.945703 0.729021 0.421361 0.381369 0.0281009 0.524603 0.953122 0.656849 0.853216 0.34704 0.72414 0.519611 0.529737 0.126449 0.587579 0.184304 0.845295 0.806159 0.853462 0.190938 0.278138 0.341937 
25 5 10 20 23 7 
0.496709 0.791544 0.652292 0.695062 0.737247 0.381313 0.116423 0.118616 0.409414 0.641026 0.0717378 0.0662632 0.494242 0.418778 0.790404 0.0138531 0.948515 0.916853 0.601432 0.132819 0.762148 0.407591 0.986281 0.953086 0.68573 0.328218 0.828369 0.552525 0.782182 0.815401 0.124608 0.278891 0.606945 0.7769 0.973953 0.344192 0.158214 0.0903757 0.462807 0.567628 0.731402 0.534545 0.633891 0.225644 0.953323 0.424295 0.239497 0.901838 0.341147 0.840929 0.034657 0.103296 0.24852 0.020938 0.0563817 0.93425 0.349156 0.884751 0.486775 0.131338 0.700152 0.611383 0.410229 0.307096 
26 15 38 22 10 30 
0.114095 0.114125 0.205959 0.64864 0.748015 0.431603 0.601963 0.17231 0.671099 0.503801 0.513457 0.512028 0.538458 0.616753 0.760549 0.559396 0.673135 0.694799 0.908552 0.557885 0.181574 0.0398902 0.258037 0.792956 0.450119 0.565133 0.18124 0.834301 0.216421 0.727737 0.308858 0.330517 0.841861 0.514817 0.979157 0.589877 0.94642 0.58112 0.762187 0.617519 0.0849217 0.275644 0.129548 0.62338 0.892397 0.890097 0.182776 0.565532 0.584896 0.0913283 0.123417 0.766469 0.131218 0.381454 0.559426 0.581338 0.946588 0.740665 0.415638 0.163009 0.468402 0.724496 0.493526 0.310263 
27 15 16 7 22 12 
0.662327 0.803253 0.138725 0.937971 0.932801 0.762105 0.830369 0.822898 0.944881 0.395901 0.407793 0.0362094 0.519318 0.174262 0.167428 0.900772 0.733688 0.748765 0.84736 0.474353 0.164404 0.0103688 0.942755 0.8889 0.503895 0.253019 0.128214 0.976578 0.153159 0.313948 0.0303813 0.815486 0.117201 0.169107 0.753457 0.0500016 0.931212 0.583826 0.872899 0.876093 0.979727 0.280693 0.912302 0.499044 0.454955 0.0797302 0.399816 0.188643 0.828496 0.247176 0.662996 0.992899 0.257545 0.605751 0.8818 0.76144 0.85877 0.0100135 0.738017 0.011929 0.323961 0.768399 0.827415 0.441162 
28 21 3 24 17 8 
0.364063 0.74481 0.144425 0.644755 0.657112 0.643469 0.0997103 0.736842 0.0432859 0.288353 0.565338 0.290462 0.951349 0.558237 0.548007 0.557101 0.440037 0.309446 0.415871 0.45005 0.0474636 0.4278 0.774011 0.815862 0.255215 0.215173 0.753367 0.836087 0.706337 0.622084 0.000786011 0.0703993 0.366894 0.145211 0.715155 0.0240059 0.788681 0.814865 0.760848 0.831966 0.103218 0.326186 0.122428 0.0545675 0.884423 0.670435 0.611668 0.324459 0.979882 0.0275388 0.77451 0.0273452 0.455339 0.548521 0.843207 0.710553 0.763694 0.596575 0.546641 0.470031 0.218659 0.547427 0.54043 0.585553 
29 23 1 6 14 26 
0.370407 0.313285 0.173668 0.696593 0.435713 0.228235 0.581015 0.106149 0.839904 0.905475 0.0860302 0.867442 0.679984 0.113375 0.322781 0.228505 0.956583 0.0333344 0.9922 0.553158 0.579975 0.462231 0.771817 0.127402 0.00266068 0.35737 0.82004 0.258245 0.966929 0.301359 0.328695 0.337336 0.614644 0.502363 0.0339287 0.0503573 0.730598 0.614944 0.156506 0.570502 0.520419 0.242536 0.437944 0.200403 0.355911 0.760725 0.428909 0.312494 0.79406 0.421108 0.865652 0.374035 0.883339 0.637469 0.501437 0.886 0.994839 0.321477 0.144245 0.961768 0.622836 0.47294 0.299104 0.23748 
30 0 15 11 12 5 
0.444343 0.276404 0.468396 0.686879 0.714348 0.668799 0.0427909 0.475074 0.0977075 0.355285 0.269134 0.518816 0.220937 0.643169 0.402155 0.858406 0.144606 0.288154 0.853245 0.466083 0.432399 0.815014 0.0889196 0.905339 0.114118 0.3264 0.880643 0.447151 0.614237 0.586544 0.395128 0.0585805 0.862948 0.863524 0.74546 0.577296 0.532323 0.788251 0.0523701 0.630031 0.143536 0.321504 0.148847 0.364473 0.964672 0.551001 0.222879 0.109278 0.839156 0.0761243 0.575362 0.271555 0.891138 0.664281 0.176894 0.00525579 0.990681 0.057537 0.452407 0.604918 0.644081 0.847535 0.663499 0.50703 
31 40 27 32 12 25 
0.136696 0.873413 0.340745 0.4582 0.0222599 0.705218 0.422872 0.573261 0.928097 0.53215 0.412417 0.00422138 0.107512 0.683972 0.895359 0.771793 0.860866 0.900615 0.762474 0.918403 0.353022 0.367392 0.562484 0.200557 0.0308908 0.0695141 0.911617 0.439849 0.15384 0.154999 0.637058 0.290536 0.0284128 0.977803 0.748736 0.0506728 0.683021 0.171608 0.623934 0.611119 0.703759 0.0363508 0.61534 0.811271 0.720323 0.510699 0.583064 0.581189 0.411314 0.345538 0.499592 0.764336 0.71293 0.0620762 0.964893 0.743821 0.13159 0.87651 0.18367 0.28543 0.0315095 0.820729 0.575967 0.0599224 
32 36 5 37 21 26 
0.092672 0.20007 0.77088 0.708012 0.0113408 0.491203 0.218711 0.594405 0.0723911 0.630025 0.939942 0.571983 0.394361 0.652873 0.634059 0.359254 0.396693 0.765649 0.235765 0.580364 0.0510797 0.267274 0.401092 0.627046 0.327196 0.199624 0.95175 0.437792 0.681178 0.448061 0.172321 0.77385 0.648131 0.943201 0.481862 0.659472 0.434403 0.700573 0.253876 0.506794 0.330598 0.193819 0.0787771 0.724959 0.846691 0.712836 0.0842135 0.243385 0.478485 0.319978 0.823748 0.529565 0.587252 0.224841 0.156611 0.914449 0.424465 0.108361 0.35224 0.105642 0.556422 0.524561 0.879492 0.204553 
33 6 22 7 25 37 
0.117901 0.408959 0.392524 0.31172 0.487736 0.117483 0.158411 0.200572 0.201697 0.401796 0.679057 0.521675 0.225545 0.208622 0.108927 0.450385 0.365233 0.0233757 0.87485 0.473594 0.375616 0.980492 0.0300164 0.900177 0.859984 0.234569 0.367938 0.221338 0.0985944 0.270103 0.283265 0.216496 0.679061 0.675789 0.528216 0.166797 0.793272 0.686627 0.367369 0.994969 0.0884233 0.0464262 0.516644 0.313968 0.255048 0.625571 0.764353 0.620282 0.648947 0.639203 0.0938762 0.0245628 0.619695 0.123893 0.924739 0.479679 0.358462 0.292677 0.701018 0.457056 0.56278 0.984282 0.673552 0.241841 
34 15 8 27 41 37 
0.776007 0.448313 0.976818 0.822434 0.964957 0.290786 0.0774819 0.590529 0.0551389 0.697764 0.239476 0.694342 0.79164 0.264038 0.314036 0.915533 0.188778 0.793716 0.273995 0.481455 0.494733 0.731051 0.044235 0.479016 0.404603 0.286076 0.139087 0.606371 0.694715 0.592431 0.494766 0.470722 0.0407436 0.471584 0.293156 0.00570075 0.76237 0.370638 0.596229 0.817509 0.0684014 0.835705 0.51185 0.860041 0.0997432 0.825887 0.775574 0.288521 0.619603 0.0495684 0.769976 0.114336 0.780619 0.814211 0.593352 0.185222 0.100287 0.732439 0.791593 0.795002 0.32487 0.286359 0.265724 0.365613 
35 27 33 11 30 15 
0.967543 0.337822 0.997919 0.803248 0.849673 0.85796 0.902991 0.67556 0.633534 0.191512 0.295162 0.683102 0.961488 0.409499 0.463722 0.775699 0.00285066 0.648944 0.875987 0.73529 0.440537 0.670989 0.0601594 0.726897 0.936713 0.425773 0.48484 0.495593 0.797087 0.00515289 0.42511 0.76463 0.342975 0.423029 0.567878 0.192648 0.280989 0.470869 0.868207 0.914523 0.662381 0.163369 0.597626 0.62387 0.572868 0.0613473 0.399569 0.575719 0.710291 0.275555 0.311008 0.150829 0.946544 0.371168 0.877725 0.883257 0.79694 0.362565 0.378849 0.594027 0.367718 0.803959 0.358657 0.710693 
36 27 38 5 21 12 
0.771548 0.422501 0.0597856 0.934917 0.0201265 0.683655 0.507785 0.0814738 0.0832241 0.083504 0.791765 0.35878 0.394512 0.942594 0.305324 0.76568 0.82032 0.18858 0.562621 0.182885 0.56743 0.156648 0.550603 0.371389 0.515305 0.261296 0.598378 0.44184 0.164636 0.106355 0.839244 0.936184 0.528856 0.899029 0.871101 0.548983 0.582684 0.378887 0.630456 0.665909 0.462391 0.422222 0.0246881 0.856903 0.364816 0.330012 0.622583 0.185136 0.518592 0.185204 0.36802 0.0860217 0.341851 0.918623 0.457411 0.857156 0.179919 0.0557883 0.298995 0.344556 0.162144 0.138239 0.28074 0.691 
37 33 41 17 22 3 
0.870439 0.285861 0.993118 0.292661 0.31055 0.850021 0.657477 0.640561 0.472604 0.842612 0.159153 0.657808 0.210633 0.245175 0.999659 0.129256 0.702586 0.856815 0.309175 0.758374 0.15581 0.653731 0.920518 0.294049 0.93447 0.611517 0.331318 0.0863115 0.8515 0.951271 0.617039 0.721939 0.237132 0.610157 0.0145992 0.547682 0.460178 0.672076 0.188243 0.932782 0.514688 0.347396 0.59059 0.725321 0.592571 0.590249 0.854577 0.295157 0.447064 0.163752 0.0535309 0.602874 0.817483 0.974048 0.896924 0.751953 0.585566 0.228242 0.838265 0.437065 0.179513 0.455304 0.159004 0.416645 
38 18 22 3 14 31 
0.15257 0.458422 0.360367 0.499966 0.0490116 0.0856882 0.0925374 0.639261 0.940265 0.387694 0.0863246 0.104017 0.441225 0.689199 0.9215 0.415274 0.586123 0.673454 0.00083932 0.814364 0.511718 0.437905 0.993877 0.967022 0.596909 0.410522 0.0324835 0.770512 0.374849 0.558123 0.616191 0.527419 0.0165444 0.976558 0.0273849 0.065556 0.0622465 0.119922 0.704817 0.00251167 0.507617 0.791141 0.106529 0.948842 0.48034 0.0280292 0.364115 0.066463 0.701483 0.364955 0.880827 0.213201 0.802859 0.874704 0.180224 0.399768 0.285226 0.212707 0.17028 0.660075 0.77083 0.786471 0.187494 0.787375 
39 37 26 27 5 11 
0.557747 0.827788 0.842417 0.348889 0.934317 0.791259 0.829229 0.962346 0.155374 0.895692 0.663829 0.520329 0.776519 0.87703 0.323188 0.651224 0.0572539 0.722956 0.93645 0.269961 0.893236 0.596525 0.0407912 0.679708 0.784019 0.828166 0.442738 0.998897 0.681096 0.268014 0.333698 0.238844 0.0958017 0.176116 0.587732 0.0301185 0.967375 0.416961 0.992465 0.122749 0.312653 0.656294 0.643078 0.0891724 0.533324 0.966266 0.740396 0.590578 0.689223 0.676846 0.860539 0.582459 0.273371 0.90133 0.262167 0.05739 0.729496 0.704905 0.0562875 0.410592 0.972918 0.389986 0.649436 0.0687199 
40 28 26 4 12 3 
0.0913031 0.656226 0.966782 0.747597 0.299304 0.0559546 0.28092 0.265571 0.796351 0.871498 0.954793 0.473197 0.732037 0.537253 0.746568 0.633367 0.799419 0.803958 0.362862 0.504324 0.860245 0.773454 0.477242 0.250231 0.42289 0.545962 0.816333 0.660058 0.644801 0.34981 0.314187 0.736104 0.00603621 0.28097 0.4837 0.305341 0.336924 0.764621 0.570911 0.133275 0.636119 0.525705 0.606471 0.368155 0.0629573 0.353039 0.00152191 0.862377 0.156997 0.364384 0.366701 0.0172425 0.137839 0.843943 0.267474 0.560729 0.389905 0.0838069 0.220787 0.034706 0.433617 0.534974 0.77081 0.439653 
41 36 20 3 28 18 
0.315905 0.286143 0.655249 0.84161 0.892614 0.0234046 0.904567 0.245653 0.0249265 0.766944 0.402651 0.389311 0.133645 0.419893 0.52715 0.977588 0.687367 0.0878785 0.367493 0.771174 0.308665 0.402199 0.204791 0.84364 0.173009 0.644444 0.659584 0.427519 0.389438 0.812452 0.44665 0.705343 0.0985942 0.101899 0.546952 0.991208 0.125304 0.45152 0.236862 0.15023 0.218464 0.639512 0.539541 0.352108 0.0594051 0.0666906 0.329696 0.746772 0.154569 0.697189 0.517946 0.463235 0.099388 0.722736 0.306874 0.272397 0.36718 0.966458 0.699916 0.756618 0.778909 0.146565 0.46196 0.877504 
42 1 0 36 12 24 
0.105573 0.523998 0.678896 0.745085 0.0635392 0.031004 0.804491 0.13023 0.3607 0.551262 0.284799 0.0578889 0.0692081 0.748033 0.157277 0.791944 0.0549076 0.429674 0.159124 0.0213656 0.129589 0.915742 0.800275 0.276155 0.377702 0.677779 0.524619 0.386615 0.54649 0.898387 0.847047 0.652064 0.422385 0.525943 0.397149 0.485924 0.556947 0.20164 0.616154 0.917647 0.752902 0.900953 0.975536 0.82211 0.648986 0.132813 0.614055 0.703894 0.562486 0.773179 0.725259 0.692076 0.688921 0.525534 0.96823 0.0666236 0.203313 0.492849 0.453238 0.749803 0.391236 0.300286 0.401867 0.813621 
