75 2
1 0 1 1 1 1 1 0 0 1 0 0 1 0 1 0 0 0 0 0 0 1 1 0 0 0 1 1 0 1 1 0 0 1 0 0 0 0 1 1 1 0 0 1 1 1 0 0 0 1 0 0 1 0 1 0 1 1 1 0 1 1 1 0 1 0 1 0 0 1 0 0 0 0 0 
0 41 
0.35153 0.50613 0.571844 0.120215 
1 29 
0.302874 0.748875 0.568804 0.838051 
2 74 
0.169579 0.61977 0.505584 0.907943 
3 27 
0.408359 0.750617 0.353493 0.526662 
4 3 
0.255358 0.315269 0.500969 0.76443 
5 50 
0.803809 0.988286 0.397009 0.91344 
6 19 
0.492523 0.26497 0.13712 0.0643667 
7 15 
0.0981328 0.36724 0.134061 0.666937 
8 44 
0.911528 0.836516 0.825061 0.417113 
9 39 
0.130374 0.825472 0.495076 0.483866 
10 53 
0.38735 0.739224 0.667403 0.888319 
11 52 
0.692129 0.491939 0.165338 0.605568 
12 9 
0.657861 0.870539 0.26005 0.722228 
13 51 
0.358182 0.0894685 0.389785 0.0251197 
14 17 
0.301314 0.861636 0.119821 0.718426 
15 2 
0.250194 0.543898 0.101171 0.734061 
16 34 
0.488521 0.473285 0.563434 0.376841 
17 30 
0.331764 0.0689691 0.468878 0.497102 
18 65 
0.591807 0.154964 0.545076 0.851857 
19 20 
0.8008 0.210039 0.96666 0.190586 
20 11 
0.26142 0.491899 0.0967948 0.381241 
21 33 
0.70289 0.631435 0.754224 0.804061 
22 45 
0.650255 0.292582 0.838781 0.21369 
23 49 
0.81572 0.545453 0.738392 0.284598 
24 29 
0.412929 0.876405 0.197519 0.958005 
25 27 
0.0747107 0.758806 0.938301 0.041371 
26 73 
0.17346 0.302791 0.44129 0.270255 
27 12 
0.651616 0.973145 0.315466 0.40584 
28 10 
0.680962 0.0560947 0.0697874 0.519743 
29 31 
0.73921 0.335463 0.815237 0.477601 
30 70 
0.857793 0.89053 0.496466 0.0553116 
31 48 
0.224727 0.130022 0.607341 0.163029 
32 17 
0.556732 0.336489 0.474184 0.998023 
33 18 
0.158216 0.649639 0.579889 0.473682 
34 53 
0.357094 0.154645 0.111573 0.426882 
35 34 
0.381357 0.166092 0.00985136 0.196595 
36 51 
0.629912 0.0543873 0.534223 0.126378 
37 48 
0.382759 0.351105 0.239721 0.9901 
38 56 
0.411114 0.546832 0.850623 0.885299 
39 11 
0.457367 0.0435145 0.194493 0.0372554 
40 49 
0.249971 0.39435 0.671841 0.361544 
41 51 
0.34623 0.742902 0.987323 0.356081 
42 65 
0.631016 0.985993 0.993883 0.165239 
43 42 
0.103582 0.547998 0.463476 0.343303 
44 41 
0.97761 0.754418 0.0849292 0.828232 
45 64 
0.629784 0.285599 0.683231 0.824277 
46 53 
0.200428 0.0742484 0.717204 0.872269 
47 6 
0.538435 0.218499 0.178694 0.525758 
48 73 
0.156774 0.560573 0.112074 0.322013 
49 4 
0.215656 0.870011 0.136419 0.558959 
50 21 
0.114029 0.313377 0.493037 0.942261 
51 50 
0.122821 0.22786 0.636325 0.947098 
52 21 
0.836753 0.0213463 0.267918 0.709022 
53 65 
0.806353 0.927521 0.635833 0.332111 
54 29 
0.754024 0.488885 0.0626734 0.866098 
55 68 
0.735617 0.0817536 0.680909 0.872036 
56 74 
0.0890167 0.986065 0.95409 0.582054 
57 27 
0.907184 0.704875 0.156186 0.543509 
58 31 
0.7069 0.380262 0.673319 0.974818 
59 54 
0.130458 0.781172 0.0168054 0.766291 
60 34 
0.518906 0.520315 0.602168 0.581579 
61 5 
0.413066 0.317196 0.468166 0.0939752 
62 3 
0.108879 0.182992 0.175298 0.0629695 
63 52 
0.103624 0.970154 0.469921 0.25981 
64 15 
0.121893 0.966711 0.893925 0.795212 
65 34 
0.98321 0.92567 0.722701 1.52858e-05 
66 48 
0.835983 0.518921 0.212277 0.438152 
67 49 
0.598689 0.851218 0.417697 0.0668555 
68 1 
0.606929 0.175735 0.128185 0.782227 
69 65 
0.893231 0.885851 0.208858 0.363151 
70 65 
0.722521 0.485045 0.112372 0.616446 
71 41 
0.0539009 0.599656 0.205927 0.776601 
72 33 
0.897888 0.612585 0.118593 0.110165 
73 59 
0.219094 0.708854 0.901955 0.636791 
74 25 
0.847148 0.24372 0.951444 0.975333 
