41 5
0 1 1 1 1 0 1 0 0 1 1 1 0 0 0 1 0 1 0 1 1 0 0 1 1 0 1 0 0 1 1 1 1 1 1 0 1 1 1 0 0 
0 3 14 16 37 
0.215442 0.89056 0.530962 0.735677 0.116602 0.70137 0.609868 0.240863 0.647783 0.113166 0.0950838 0.281159 0.52531 0.804228 0.581356 0.0144942 0.993848 0.56686 0.378582 0.60617 0.452571 0.846994 0.275536 0.919948 0.448236 0.0223976 0.82688 0.623951 0.816612 0.440554 0.0144374 0.0320534 
1 6 25 15 18 
0.377598 0.688578 0.894553 0.490765 0.783662 0.175711 0.0160748 0.58789 0.757067 0.030569 0.581738 0.323927 0.409151 0.187908 0.776498 0.256145 0.463444 0.696446 0.704381 0.485842 0.523326 0.328332 0.302453 0.96388 0.342769 0.334507 0.294993 0.888169 0.102237 0.742708 0.134939 0.479836 
2 31 15 33 40 
0.986675 0.802838 0.962269 0.0172439 0.384576 0.286197 0.426395 0.572484 0.0626951 0.68254 0.0359281 0.759141 0.386921 0.52177 0.282468 0.715253 0.824223 0.246347 0.0580224 0.15873 0.541341 0.946191 0.260967 0.284049 0.0811298 0.740802 0.715335 0.110621 0.711402 0.930282 0.315823 0.698077 
3 18 32 30 35 
0.564289 0.141716 0.69018 0.626985 0.824257 0.726108 0.386126 0.211178 0.247878 0.668594 0.926431 0.0721011 0.914941 0.984453 0.230831 0.456282 0.930645 0.491798 0.74033 0.0117744 0.2326 0.455665 0.122395 0.944002 0.385947 0.438218 0.642079 0.119068 0.716311 0.357401 0.236764 0.2806 
4 17 10 39 2 
0.653052 0.293711 0.534551 0.900931 0.962305 0.460982 0.973032 0.877246 0.445436 0.203862 0.333528 0.37608 0.69566 0.0738581 0.387855 0.92826 0.529523 0.51025 0.872262 0.91547 0.948469 0.514341 0.0345379 0.66478 0.871742 0.271302 0.94538 0.370859 0.198246 0.852965 0.694232 0.851298 
5 8 0 6 37 
0.689766 0.725261 0.986227 0.135202 0.929123 0.319754 0.511282 0.624783 0.393612 0.899137 0.553043 0.923135 0.409387 0.425305 0.838606 0.357855 0.939646 0.873144 0.0226351 0.811388 0.144445 0.968015 0.182247 0.342691 0.82098 0.876479 0.193989 0.967656 0.105263 0.946218 0.0766372 0.795029 
6 33 22 40 17 
0.382618 0.441513 0.225385 0.776231 0.34065 0.778427 0.699366 0.750036 0.203732 0.537972 0.107892 0.143378 0.411116 0.130527 0.954766 0.555561 0.0985422 0.137012 0.898253 0.919522 0.0134913 0.0922419 0.887179 0.118754 0.0384601 0.963816 0.913783 0.709939 0.02668 0.844013 0.31054 0.409298 
7 4 18 3 21 
0.314352 0.884895 0.376212 0.518084 0.422867 0.484104 0.661462 0.833983 0.614631 0.616228 0.389545 0.713173 0.753241 0.287797 0.632696 0.766732 0.380039 0.519874 0.885486 0.418499 0.48369 0.799268 0.128438 0.51037 0.643282 0.438978 0.919669 0.928807 0.974903 0.105198 0.554983 0.289256 
8 28 14 29 13 
0.415298 0.468803 0.246943 0.0299289 0.0850309 0.636488 0.743102 0.838272 0.924285 0.375797 0.605003 0.304324 0.895672 0.490489 0.722823 0.379362 0.289758 0.851261 0.889732 0.933039 0.290239 0.809401 0.861847 0.265143 0.914599 0.416829 0.554398 0.904692 0.348023 0.361739 0.317652 0.763322 
9 13 17 35 24 
0.201083 0.536352 0.753844 0.125368 0.91215 0.358847 0.429692 0.807821 0.849336 0.152516 0.187184 0.139094 0.00377644 0.0769161 0.0721335 0.294016 0.886317 0.93398 0.559158 0.800916 0.350809 0.113557 0.705608 0.698833 0.475295 0.0232595 0.462154 0.305836 0.587855 0.255404 0.221409 0.788938 
10 28 33 29 11 
0.3341 0.343999 0.511728 0.183436 0.496515 0.698912 0.32253 0.500291 0.775828 0.394664 0.794307 0.662145 0.328644 0.353465 0.463061 0.679453 0.467021 0.168668 0.378286 0.942317 0.191928 0.84044 0.248153 0.779783 0.0958444 0.469562 0.568721 0.887601 0.444814 0.483028 0.591508 0.778914 
11 15 27 19 26 
0.802147 0.28488 0.823832 0.577975 0.679544 0.618139 0.240119 0.00818829 0.971604 0.70318 0.687641 0.438625 0.871849 0.0659272 0.380942 0.0637764 0.906367 0.629095 0.843559 0.00221148 0.0986568 0.41228 0.889813 0.543471 0.895308 0.48132 0.322385 0.722335 0.584556 0.284735 0.045876 0.386703 
12 24 21 18 19 
0.204797 0.257348 0.459452 0.907977 0.944989 0.898077 0.779826 0.0109166 0.279019 0.843602 0.917284 0.908114 0.687161 0.919495 0.0067706 0.0994416 0.809308 0.550242 0.99475 0.290628 0.872626 0.717084 0.875184 0.157361 0.76296 0.261887 0.726977 0.632669 0.226564 0.976136 0.120516 0.431362 
13 14 10 4 3 
0.478045 0.119165 0.18939 0.757064 0.962767 0.106674 0.665177 0.649928 0.0261688 0.671948 0.74937 0.835477 0.22219 0.744119 0.126105 0.094816 0.461204 0.00128859 0.252177 0.224164 0.263175 0.979154 0.856833 0.48974 0.95529 0.977349 0.921101 0.188774 0.557317 0.26044 0.367248 0.0353614 
14 37 23 25 38 
0.663312 0.457602 0.9923 0.689481 0.12955 0.74167 0.524957 0.35174 0.485789 0.651062 0.446556 0.946993 0.65235 0.698733 0.171157 0.915526 0.677887 0.0279893 0.405266 0.633177 0.00533824 0.326367 0.821952 0.562655 0.586808 0.1892 0.598016 0.966412 0.745838 0.390441 0.308784 0.40915 
15 8 39 34 23 
0.0427537 0.623587 0.329333 0.528543 0.274649 0.775889 0.475536 0.927 0.474622 0.646692 0.842525 0.152509 0.674682 0.247791 0.785687 0.68002 0.574158 0.607639 0.242675 0.160966 0.796839 0.840691 0.127378 0.542676 0.231132 0.436162 0.951826 0.0791759 0.737246 0.0504562 0.0567696 0.78 
16 20 25 14 29 
0.784079 0.875692 0.636614 0.430771 0.718218 0.789123 0.105453 0.966009 0.57481 0.785473 0.540167 0.182449 0.0281479 0.701133 0.979287 0.868839 0.828512 0.521964 0.0999716 0.264674 0.47379 0.179148 0.00192055 0.524246 0.235917 0.781921 0.198289 0.62202 0.0904638 0.146982 0.784012 0.874543 
17 3 23 1 33 
0.20975 0.410767 0.706901 0.78456 0.19624 0.247068 0.967008 0.224388 0.948201 0.946296 0.0932267 0.776713 0.46826 0.193198 0.0413868 0.942049 0.372346 0.0433074 0.466295 0.608263 0.825228 0.664585 0.230283 0.915692 0.811567 0.0142952 0.790234 0.834241 0.434921 0.0955483 0.575133 0.644671 
18 29 14 34 25 
0.529101 0.396239 0.926942 0.477302 0.342535 0.020169 0.254015 0.810794 0.213367 0.295402 0.752844 0.585713 0.338709 0.219139 0.193976 0.163937 0.883724 0.42426 0.0796293 0.695291 0.438555 0.869864 0.529532 0.873476 0.965412 0.104665 0.518147 0.471727 0.386699 0.947378 0.174282 0.9158 
19 2 18 7 5 
0.121393 0.647118 0.496946 0.334761 0.94252 0.24979 0.920474 0.281229 0.468929 0.11445 0.445166 0.352653 0.53871 0.524796 0.0479448 0.977265 0.39466 0.577477 0.850741 0.360072 0.682143 0.368888 0.831799 0.0688414 0.316266 0.00608079 0.984642 0.659882 0.107305 0.377744 0.346034 0.228698 
20 39 23 0 33 
0.0927691 0.483933 0.24861 0.561698 0.598383 0.693777 0.914352 0.137093 0.218573 0.962296 0.114358 0.613232 0.539774 0.965099 0.973304 0.221916 0.333988 0.805103 0.290758 0.650253 0.811184 0.275399 0.310135 0.918489 0.653144 0.656169 0.147187 0.678005 0.499148 0.710646 0.645387 0.591917 
21 19 22 29 14 
0.587774 0.0679673 0.930055 0.806347 0.0302638 0.044413 0.419579 0.570038 0.00951236 0.392883 0.791954 0.3435 0.197986 0.0827115 0.993753 0.00916912 0.358111 0.303889 0.927658 0.0112543 0.960058 0.0748445 0.68926 0.459206 0.78549 0.334647 0.0511233 0.980068 0.228644 0.204739 0.77303 0.816418 
22 28 39 29 32 
0.747498 0.0423433 0.873008 0.75701 0.435226 0.664961 0.10051 0.633212 0.747673 0.094263 0.642381 0.105784 0.398152 0.570038 0.117038 0.358209 0.644883 0.806298 0.817415 0.430373 0.140944 0.868538 0.410441 0.369588 0.0732771 0.183471 0.186006 0.345983 0.886556 0.80877 0.648953 0.634053 
23 21 26 16 18 
0.491573 0.919551 0.934595 0.585836 0.561932 0.040379 0.983988 0.13197 0.157417 0.342197 0.776853 0.963715 0.159612 0.207226 0.104659 0.0281502 0.617667 0.474247 0.101427 0.801138 0.660253 0.447411 0.687694 0.469023 0.0963642 0.321748 0.320137 0.618325 0.712811 0.606477 0.805248 0.204384 
24 20 29 17 19 
0.780222 0.774208 0.21993 0.937639 0.116405 0.996783 0.901354 0.276017 0.20401 0.00601282 0.304167 0.821677 0.48026 0.405595 0.622815 0.140513 0.853006 0.31051 0.609536 0.94937 0.632257 0.929673 0.567695 0.345068 0.53615 0.372943 0.549452 0.0621774 0.112785 0.339673 0.150137 0.893007 
25 9 36 13 26 
0.366851 0.732 0.506304 0.570861 0.738013 0.810471 0.392538 0.218273 0.216066 0.015353 0.358786 0.0690714 0.325863 0.968322 0.0184412 0.95812 0.897995 0.586136 0.303188 0.434144 0.959079 0.852641 0.496322 0.0718642 0.192313 0.646459 0.964871 0.306195 0.0165263 0.795518 0.536481 0.383377 
26 17 23 32 25 
0.346775 0.483803 0.0693214 0.362128 0.842589 0.138393 0.687991 0.81091 0.156834 0.646111 0.708905 0.74297 0.949299 0.143049 0.702049 0.80194 0.639371 0.773913 0.994253 0.28583 0.738784 0.300448 0.302356 0.534302 0.836929 0.685733 0.0618198 0.879713 0.639971 0.32735 0.732969 0.986746 
27 21 0 5 24 
0.036865 0.464652 0.0975167 0.682976 0.173557 0.840487 0.632275 0.316606 0.542536 0.434214 0.955977 0.316449 0.428468 0.241807 0.0552332 0.728915 0.544163 0.589535 0.565844 0.229896 0.651355 0.445557 0.869867 0.978705 0.178525 0.856613 0.789858 0.980815 0.205487 0.4436 0.921498 0.242352 
28 15 39 12 20 
0.557602 0.398415 0.402037 0.991817 0.354392 0.718486 0.420284 0.596199 0.773719 0.149199 0.140362 0.363254 0.715043 0.370258 0.0146097 0.1606 0.240124 0.993315 0.339125 0.0967367 0.783173 0.31994 0.302223 0.226774 0.241438 0.544575 0.135026 0.260452 0.469903 0.216835 0.119954 0.0275051 
29 31 20 25 10 
0.240476 0.439606 0.565842 0.0141955 0.588806 0.706204 0.37745 0.303849 0.0764613 0.39206 0.464448 0.316585 0.385375 0.803573 0.413322 0.168548 0.123513 0.715546 0.395322 0.364951 0.260121 0.530347 0.625403 0.730023 0.747182 0.745356 0.757529 0.362433 0.267347 0.776851 0.332076 0.507823 
30 1 29 32 28 
0.899469 0.109111 0.680582 0.291529 0.57356 0.997168 0.676903 0.377133 0.41049 0.845451 0.500646 0.126035 0.240773 0.865597 0.386156 0.77112 0.491 0.11618 0.518302 0.236356 0.873708 0.880735 0.503704 0.650559 0.212811 0.0115269 0.867016 0.110728 0.533546 0.672278 0.714849 0.433015 
31 32 38 30 39 
0.392599 0.401447 0.732083 0.803089 0.246898 0.232729 0.929125 0.487671 0.0983265 0.315281 0.258791 0.589327 0.431461 0.777094 0.825683 0.305169 0.657829 0.329387 0.955727 0.87064 0.340914 0.822743 0.981368 0.874459 0.495021 0.696217 0.307474 0.276411 0.0916488 0.0320181 0.63136 0.484248 
32 34 20 6 25 
0.596173 0.216462 0.168035 0.694499 0.531743 0.426826 0.283826 0.963204 0.20392 0.109509 0.268373 0.861749 0.438895 0.2241 0.732388 0.779809 0.0468432 0.713756 0.654268 0.541864 0.409973 0.961743 0.818275 0.501622 0.993761 0.449635 0.98587 0.427226 0.813079 0.273208 0.107589 0.409251 
33 31 10 29 19 
0.702449 0.387576 0.984618 0.906369 0.497084 0.252991 0.768118 0.93598 0.477091 0.500506 0.715788 0.523934 0.214262 0.370057 0.0657985 0.624235 0.331799 0.884073 0.125857 0.32556 0.333709 0.111728 0.752786 0.146787 0.384936 0.860375 0.556039 0.874606 0.135998 0.659789 0.89602 0.838448 
34 27 1 14 13 
0.133628 0.512934 0.480428 0.610719 0.0134403 0.196217 0.134654 0.227702 0.566273 0.200452 0.851938 0.898073 0.0845255 0.977795 0.223633 0.418234 0.0895228 0.976418 0.565022 0.474458 0.836793 0.12106 0.349064 0.972791 0.780849 0.245084 0.811239 0.828213 0.125722 0.556056 0.372662 0.25935 
35 7 40 28 25 
0.0493076 0.00472333 0.310133 0.615581 0.205175 0.162071 0.513654 0.289701 0.139866 0.737286 0.707935 0.229389 0.713704 0.272957 0.703847 0.550497 0.394017 0.0529115 0.523289 0.174866 0.297996 0.334528 0.00307978 0.423718 0.890584 0.375742 0.683068 0.959574 0.228833 0.553138 0.0420047 0.27814 
36 4 16 34 38 
0.514208 0.407375 0.0527376 0.654074 0.144661 0.760673 0.883463 0.858366 0.0336297 0.58731 0.408863 0.427647 0.640221 0.932152 0.602513 0.938217 0.266679 0.605593 0.361935 0.157263 0.981335 0.045003 0.116837 0.210168 0.598141 0.158842 0.488308 0.156002 0.510979 0.38203 0.919039 0.0251878 
37 39 16 4 15 
0.732449 0.562725 0.792432 0.766079 0.150035 0.201295 0.193726 0.790256 0.133447 0.796239 0.728473 0.400126 0.401833 0.0904075 0.557389 0.383168 0.135411 0.674226 0.593336 0.733552 0.833067 0.0816443 0.889554 0.344047 0.463674 0.808593 0.369234 0.253079 0.78037 0.0484964 0.187146 0.512819 
38 10 21 9 7 
0.180874 0.472624 0.551511 0.314321 0.268864 0.279984 0.714447 0.670696 0.370392 0.271836 0.0538641 0.505802 0.946062 0.6472 0.239354 0.779129 0.728844 0.128908 0.123176 0.192519 0.937501 0.49241 0.445598 0.71787 0.540907 0.632744 0.230689 0.152128 0.612323 0.509587 0.913384 0.793197 
39 5 14 40 37 
0.744879 0.821965 0.921771 0.115271 0.0938008 0.975635 0.621073 0.0398628 0.622835 0.860427 0.818992 0.35168 0.989334 0.942168 0.544198 0.926835 0.434579 0.989796 0.644705 0.975486 0.622541 0.875394 0.127614 0.234863 0.384981 0.0409975 0.0280599 0.367192 0.505893 0.135577 0.618267 0.250772 
40 14 22 5 28 
0.515674 0.987116 0.0912058 0.138509 0.847543 0.910198 0.490189 0.836878 0.852366 0.0343872 0.763713 0.286945 0.0241836 0.408418 0.26243 0.646724 0.283812 0.390044 0.881588 0.668793 0.431041 0.909647 0.0359853 0.936934 0.0452249 0.654253 0.187706 0.00276703 0.194291 0.55375 0.05411 0.709965 
