26 5
0 0 1 1 1 0 1 0 1 0 1 0 1 1 1 0 0 1 1 0 0 1 0 0 1 0 
0 7 19 1 13 
0.0138819 0.978722 0.308186 0.162371 0.853645 0.307033 0.885663 0.439484 0.0200848 0.157532 0.533455 0.0115326 0.619243 0.714367 0.280806 0.724148 0.0266399 0.0165813 0.938644 0.456233 0.628506 0.201553 0.018962 0.710395 0.197547 0.215305 0.0243002 0.46278 0.419774 0.868647 0.00185019 0.433656 
1 22 24 25 11 
0.617069 0.48169 0.140499 0.637154 0.639222 0.673953 0.648687 0.258465 0.38832 0.929492 0.982612 0.41496 0.946074 0.921257 0.871193 0.574579 0.122809 0.890155 0.284974 0.320356 0.10546 0.309274 0.783136 0.525234 0.177921 0.784986 0.95889 0.0252903 0.0950217 0.554917 0.726304 0.712091 
2 25 6 7 19 
0.540756 0.997931 0.934294 0.929076 0.927424 0.916906 0.344036 0.873497 0.838163 0.21523 0.448077 0.960972 0.105385 0.733051 0.281328 0.210845 0.0423249 0.0644636 0.73608 0.220246 0.849449 0.69497 0.245536 0.944471 0.249887 0.971841 0.656562 0.286495 0.838643 0.00580682 0.962324 0.379399 
3 6 14 0 19 
0.652512 0.804659 0.651687 0.867741 0.252736 0.612659 0.973127 0.985786 0.893987 0.183972 0.0281113 0.958451 0.920052 0.248357 0.8079 0.615022 0.493894 0.752371 0.864909 0.465734 0.408933 0.151403 0.304378 0.41474 0.113727 0.683777 0.418478 0.0103448 0.992252 0.34964 0.823869 0.644764 
4 21 25 20 17 
0.0882143 0.485632 0.392822 0.982201 0.669604 0.420933 0.940652 0.589656 0.66929 0.748552 0.204677 0.163184 0.500923 0.069586 0.628918 0.909856 0.220989 0.933296 0.324596 0.334717 0.617073 0.743074 0.345061 0.609325 0.092714 0.16893 0.254089 0.247013 0.644485 0.766594 0.654049 0.7327 
5 8 11 16 17 
0.467803 0.655553 0.511486 0.137093 0.404105 0.716163 0.300277 0.905028 0.785749 0.929195 0.814884 0.00673803 0.862491 0.13948 0.341455 0.479564 0.882553 0.686516 0.0888884 0.975267 0.855446 0.342977 0.222281 0.499931 0.109572 0.876329 0.232631 0.361798 0.9232 0.947532 0.283628 0.391003 
6 18 7 1 4 
0.912218 0.297025 0.757569 0.727102 0.303763 0.62006 0.866581 0.645217 0.0996234 0.749135 0.331733 0.188512 0.724402 0.187179 0.531489 0.946683 0.68711 0.641061 0.823012 0.919741 0.00285839 0.746212 0.867273 0.286486 0.137215 0.470358 0.0815996 0.665311 0.477548 0.592876 0.493685 0.389766 
7 6 18 4 3 
0.983449 0.838881 0.970937 0.732584 0.170614 0.159449 0.456986 0.357793 0.690938 0.403669 0.0449038 0.331998 0.226682 0.964645 0.334857 0.972894 0.831918 0.621343 0.110109 0.302277 0.702943 0.77542 0.779825 0.295818 0.269104 0.169591 0.185719 0.520357 0.286459 0.379382 0.391671 0.269908 
8 6 24 17 20 
0.459478 0.746671 0.212993 0.863147 0.791575 0.544992 0.089829 0.75622 0.879849 0.0627227 0.588138 0.501192 0.172831 0.890415 0.204134 0.948251 0.67024 0.499952 0.217355 0.839831 0.685671 0.737712 0.126289 0.0650536 0.129383 0.396197 0.283317 0.49199 0.398689 0.672194 0.0140459 0.858167 
9 23 8 4 12 
0.772031 0.811143 0.96666 0.65188 0.873866 0.554798 0.153071 0.0466972 0.445213 0.357205 0.994948 0.115453 0.857158 0.212303 0.955283 0.542829 0.950015 0.0815722 0.607883 0.079398 0.477769 0.891199 0.571388 0.876458 0.563394 0.585434 0.734625 0.982259 0.812474 0.455939 0.192699 0.584505 
10 23 21 7 11 
0.714157 0.389456 0.187645 0.15937 0.746661 0.182593 0.274823 0.603819 0.394896 0.230106 0.146648 0.344911 0.311678 0.75453 0.424309 0.789447 0.64573 0.995697 0.665905 0.209124 0.581131 0.40053 0.191383 0.393605 0.856469 0.384082 0.97811 0.123551 0.543441 0.214494 0.264499 0.257599 
11 25 3 22 19 
0.634737 0.691791 0.95443 0.0296333 0.921897 0.101078 0.374544 0.233575 0.855609 0.798854 0.0230223 0.501339 0.794551 0.688927 0.710463 0.375682 0.0894575 0.901846 0.769287 0.945926 0.285928 0.747397 0.0694775 0.82937 0.961891 0.333977 0.0869682 0.565841 0.786121 0.503937 0.916453 0.420858 
12 22 8 11 21 
0.971961 0.825036 0.3512 0.82757 0.623889 0.374223 0.328909 0.41844 0.0631502 0.0393711 0.794122 0.152608 0.941217 0.56341 0.0985341 0.227145 0.310806 0.168012 0.0565144 0.272698 0.501988 0.143483 0.838539 0.288109 0.647419 0.754991 0.708967 0.843148 0.625874 0.159458 0.960773 0.597835 
13 4 1 25 8 
0.686196 0.754314 0.0268238 0.749347 0.793685 0.820946 0.901954 0.734902 0.384356 0.000488341 0.962047 0.695162 0.1685 0.0185609 0.96786 0.670488 0.162043 0.806399 0.958597 0.809463 0.56139 0.667564 0.652611 0.187264 0.827023 0.613384 0.7851 0.811517 0.925357 0.210505 0.419901 0.611554 
14 18 21 12 24 
0.493405 0.652027 0.263343 0.455452 0.347189 0.431843 0.474013 0.315049 0.102331 0.636056 0.121447 0.0609282 0.445519 0.682838 0.728493 0.0981297 0.870102 0.555515 0.711513 0.655202 0.367033 0.636871 0.865707 0.786933 0.248424 0.830525 0.233658 0.609325 0.589029 0.501329 0.872179 0.0824344 
15 14 24 5 21 
0.0118991 0.815594 0.669695 0.647955 0.937041 0.730624 0.0934744 0.619879 0.459116 0.191604 0.48998 0.0146315 0.903118 0.145182 0.381664 0.539988 0.0108886 0.168597 0.788413 0.841414 0.402255 0.397737 0.430443 0.903584 0.269916 0.512878 0.0569401 0.405438 0.0507639 0.557485 0.972802 0.0626629 
16 12 15 24 9 
0.373121 0.804093 0.929998 0.832237 0.995697 0.419978 0.846869 0.898814 0.56516 0.228533 0.438803 0.576049 0.39713 0.227215 0.417463 0.799386 0.624953 0.847906 0.70297 0.894869 0.360783 0.75991 0.300307 0.411547 0.317395 0.273109 0.47421 0.690473 0.915607 0.184828 0.00059283 0.288728 
17 23 15 6 1 
0.967835 0.883432 0.915729 0.196368 0.322235 0.491778 0.593498 0.54945 0.909241 0.392884 0.174403 0.757147 0.0958546 0.0692721 0.11793 0.855765 0.369579 0.529477 0.17316 0.642689 0.00368761 0.863634 0.558296 0.188516 0.864227 0.847024 0.177437 0.794817 0.96799 0.162055 0.145386 0.935825 
18 5 13 4 23 
0.552893 0.725691 0.917172 0.462134 0.118575 0.0915752 0.219281 0.21443 0.160847 0.337211 0.070195 0.530426 0.866688 0.243355 0.173115 0.870376 0.106989 0.731411 0.0588917 0.971215 0.578435 0.236329 0.766033 0.546425 0.398384 0.911419 0.482251 0.443871 0.972534 0.614443 0.811593 0.525427 
19 0 21 11 13 
0.206842 0.67314 0.981188 0.544053 0.743335 0.511614 0.410741 0.98669 0.684729 0.281116 0.0936787 0.41614 0.340008 0.0648941 0.994576 0.576337 0.830927 0.541001 0.974721 0.742346 0.0232516 0.418592 0.71488 0.637695 0.230185 0.240307 0.977829 0.95895 0.227868 0.436539 0.779291 0.43471 
20 10 23 19 7 
0.272093 0.389504 0.839704 0.956822 0.67062 0.933382 0.372963 0.0106278 0.998276 0.367538 0.586965 0.829203 0.90854 0.561685 0.571549 0.931791 0.980277 0.286428 0.569486 0.210462 0.526735 0.547315 0.169413 0.754604 0.983855 0.948703 0.189314 0.0935337 0.709182 0.168077 0.946547 0.981275 
21 11 7 19 14 
0.31106 0.238828 0.71791 0.678599 0.825793 0.547113 0.587138 0.387478 0.118662 0.518929 0.367755 0.40509 0.0884154 0.578218 0.931825 0.635731 0.74763 0.686429 0.619586 0.696334 0.875743 0.713119 0.405516 0.0438201 0.659667 0.386791 0.601401 0.445918 0.324888 0.829601 0.165551 0.635949 
22 25 8 6 10 
0.430574 0.901686 0.2817 0.549235 0.420615 0.649456 0.954325 0.509031 0.227674 0.88615 0.144762 0.975304 0.572579 0.764347 0.671637 0.448322 0.477467 0.0771531 0.492142 0.137133 0.463944 0.0935431 0.583051 0.788833 0.923144 0.748602 0.424781 0.991574 0.632063 0.739329 0.885796 0.0626365 
23 15 16 5 25 
0.816952 0.566197 0.570661 0.0446258 0.452347 0.715422 0.0199295 0.0249267 0.47977 0.691567 0.473249 0.957236 0.76872 0.965391 0.0943694 0.232664 0.0589345 0.67742 0.0214965 0.982079 0.426022 0.446278 0.973652 0.0580852 0.185607 0.859448 0.120722 0.826622 0.0269449 0.732594 0.888252 0.843897 
24 2 12 7 10 
0.174335 0.908453 0.776065 0.654105 0.600019 0.249314 0.611341 0.368739 0.214705 0.70571 0.601403 0.273639 0.38313 0.6229 0.255718 0.809153 0.0691778 0.229371 0.867238 0.254785 0.0888189 0.98796 0.0814063 0.115764 0.720553 0.969658 0.959661 0.0193438 0.428571 0.848184 0.770482 0.602906 
25 17 19 2 7 
0.0105646 0.574061 0.326799 0.284204 0.957191 0.949699 0.539922 0.766344 0.0188763 0.769292 0.633582 0.273661 0.858111 0.621542 0.355067 0.973875 0.342095 0.324725 0.933536 0.361439 0.753296 0.78172 0.13192 0.356201 0.538357 0.678467 0.613211 0.895012 0.474326 0.481562 0.620408 0.484891 
