33 7
1 1 0 0 1 0 1 0 1 1 0 0 0 1 0 0 1 0 0 0 1 0 0 0 0 0 0 0 1 0 1 1 1 
0 16 6 24 26 12 4 
0.0462242 0.351369 0.0884573 0.998983 0.939228 0.594295 0.969066 0.349903 0.621329 0.0330356 0.392808 0.356905 0.707513 0.226669 0.802563 0.746588 0.955488 0.817984 0.432545 0.0634098 0.419652 0.822676 0.767089 0.659399 0.523959 0.668322 0.48475 0.248657 0.339551 0.429772 0.135377 0.385775 0.781141 0.223834 0.384758 0.72037 0.81813 0.353824 0.0702726 0.439458 0.386859 0.463081 0.796363 0.0943725 0.68975 0.598927 0.840961 0.645238 0.41691 0.273506 0.708648 0.836562 0.096182 0.475737 0.495961 0.620141 0.144058 0.98071 0.868798 0.483609 0.410483 0.00417483 0.869384 0.191624 0.228009 0.254142 0.911993 0.0461386 0.607965 0.982266 0.485597 0.994824 0.445346 0.28196 0.0891969 0.135096 0.880887 0.930157 0.780334 0.297797 0.203663 0.488982 0.134359 0.299845 0.964719 0.630319 0.919986 0.108777 0.61103 0.788784 0.592386 0.0215124 0.792959 0.46177 0.213136 0.0209681 0.715912 0.125129 0.0671066 0.323877 0.107395 0.552703 0.318701 0.552742 0.834663 0.407898 0.687838 0.71555 0.338055 0.468172 0.0133469 0.541718 0.957154 0.147705 0.841563 0.921873 0.778025 0.76155 0.0306498 0.389055 0.550334 0.623036 0.410567 0.343293 0.0848059 0.623703 0.364261 0.800718 
1 19 22 25 32 7 31 
0.408969 0.818734 0.851193 0.0968074 0.534285 0.189249 0.56498 0.547631 0.730967 0.522134 0.695337 0.572531 0.444007 0.473362 0.33408 0.474657 0.862416 0.884414 0.0976928 0.272983 0.227707 0.182499 0.896686 0.591968 0.983216 0.645519 0.0233352 0.107811 0.501746 0.00740619 0.551106 0.910716 0.826141 0.402299 0.00752314 0.360425 0.591548 0.572503 0.908056 0.322516 0.0946372 0.603393 0.895046 0.538644 0.0767549 0.229126 0.0133011 0.939171 0.11354 0.110994 0.212154 0.341247 0.293493 0.108841 0.933215 0.276709 0.754359 0.95655 0.384519 0.256106 0.963956 0.935625 0.166821 0.790097 0.337925 0.174345 0.150522 0.929473 0.746848 0.0585784 0.251989 0.841485 0.661972 0.147035 0.380129 0.738727 0.376161 0.39343 0.677898 0.489702 0.504424 0.890052 0.830949 0.797917 0.998893 0.764164 0.0746256 0.753252 0.720714 0.459145 0.00935804 0.68467 0.394771 0.176179 0.474767 0.732696 0.350524 0.625289 0.662169 0.0973716 0.683867 0.914158 0.938856 0.345839 0.0611927 0.318985 0.0845658 0.437354 0.712415 0.762464 0.927056 0.21684 0.652516 0.758004 0.0147563 0.651409 0.522168 0.0893819 0.404661 0.242882 0.548527 0.414019 0.927552 0.943298 0.590199 0.402319 0.675993 0.940723 
2 26 11 20 4 10 27 
0.313512 0.295936 0.14188 0.750866 0.00835147 0.904343 0.677922 0.225191 0.556859 0.435926 0.239947 0.208268 0.958094 0.329329 0.612929 0.200976 0.877856 0.0269479 0.128528 0.821154 0.617146 0.530846 0.497147 0.557869 0.558454 0.835309 0.595963 0.269929 0.0876287 0.572914 0.327243 0.401141 0.86885 0.469123 0.152007 0.877201 0.373467 0.829929 0.102392 0.930326 0.265856 0.34234 0.138594 0.22395 0.671669 0.751523 0.424926 0.549525 0.77847 0.553454 0.370679 0.395617 0.0843003 0.867826 0.953486 0.642754 0.703135 0.549449 0.912684 0.790764 0.122363 0.239927 0.191905 0.991213 0.70905 0.343912 0.868414 0.0825165 0.173842 0.970806 0.0128423 0.439698 0.313146 0.151436 0.663648 0.984815 0.902959 0.0885737 0.53434 0.681429 0.642028 0.905019 0.077046 0.726328 0.772845 0.0305318 0.369082 0.475981 0.579981 0.281766 0.266745 0.702344 0.521692 0.45865 0.693556 0.230742 0.802562 0.56197 0.313259 0.976404 0.532776 0.326101 0.416102 0.845922 0.477537 0.0797494 0.830736 0.380496 0.168323 0.365076 0.0619247 0.810351 0.270095 0.138971 0.536678 0.0429405 0.169502 0.905761 0.518921 0.749483 0.187526 0.785666 0.451827 0.709219 0.244315 0.145383 0.939961 0.0468773 
3 12 18 30 8 25 19 
0.056858 0.519132 0.916786 0.437354 0.687456 0.281862 0.499278 0.497806 0.551958 0.638249 0.0344846 0.594898 0.807752 0.940245 0.113819 0.557235 0.127771 0.899485 0.00906178 0.83699 0.1438 0.154445 0.776951 0.190677 0.861798 0.030171 0.213959 0.101926 0.609492 0.653342 0.187977 0.66635 0.172474 0.104763 0.103704 0.859929 0.386626 0.602982 0.357736 0.938583 0.241231 0.39222 0.533481 0.0489826 0.332465 0.6473 0.606217 0.460237 0.546785 0.615279 0.297227 0.690585 0.769724 0.0741783 0.881263 0.631522 0.104349 0.0952215 0.733448 0.713841 0.748563 0.921425 0.380191 0.921037 0.0261883 0.483895 0.780966 0.412814 0.0868766 0.138702 0.351397 0.328108 0.530922 0.884878 0.37709 0.863388 0.532179 0.983308 0.323625 0.0789641 0.598587 0.620852 0.76955 0.368311 0.69503 0.650812 0.999833 0.799379 0.746034 0.733281 0.513221 0.494597 0.654706 0.893412 0.415634 0.680894 0.377306 0.1966 0.0937083 0.464183 0.335302 0.445105 0.792291 0.866225 0.329984 0.169381 0.729612 0.862162 0.152689 0.053237 0.941126 0.751276 0.674089 0.710676 0.119587 0.369119 0.361488 0.119419 0.168498 0.107522 0.852701 0.681719 0.602119 0.507407 0.57513 0.017753 0.188301 0.952437 
4 6 10 28 7 9 20 
0.415881 0.0570987 0.378291 0.145493 0.919261 0.530979 0.19873 0.860388 0.282255 0.872819 0.571064 0.401841 0.241937 0.932552 0.521261 0.410435 0.040074 0.373962 0.0921539 0.642193 0.881368 0.667284 0.659946 0.0696697 0.619721 0.8743 0.351679 0.0363401 0.423955 0.0787943 0.24525 0.839836 0.135893 0.623541 0.985329 0.055154 0.15452 0.184059 0.915542 0.436775 0.0568775 0.486605 0.838617 0.298815 0.419157 0.359878 0.70925 0.459231 0.733839 0.801404 0.101424 0.615208 0.468688 0.76137 0.684877 0.0884089 0.63567 0.0365566 0.124749 0.0596252 0.115351 0.369999 0.899461 0.251244 0.99354 0.88479 0.306398 0.14806 0.0688487 0.221939 0.584835 0.125726 0.708544 0.423452 0.424541 0.127701 0.78333 0.133791 0.586932 0.517169 0.935196 0.688356 0.132377 0.403884 0.449726 0.817254 0.492293 0.0853962 0.853811 0.617042 0.145021 0.969162 0.987041 0.0444824 0.220405 0.980581 0.929272 0.526803 0.128641 0.998121 0.748742 0.713476 0.123847 0.457287 0.136929 0.548388 0.584988 0.920258 0.68218 0.17192 0.437428 0.617375 0.860276 0.569804 0.0212589 0.310003 0.387058 0.513552 0.395399 0.240869 0.130593 0.54042 0.210031 0.117634 0.584902 0.430436 0.0982144 0.514175 
5 13 27 32 19 10 6 
0.0772602 0.184531 0.748256 0.997519 0.86671 0.920177 0.434946 0.484085 0.780453 0.00475036 0.505344 0.0904554 0.391809 0.018896 0.485854 0.632678 0.149489 0.0262743 0.842709 0.267123 0.611177 0.273145 0.365338 0.125351 0.230384 0.592193 0.637647 0.936366 0.532524 0.27379 0.0996342 0.609785 0.458321 0.847891 0.607303 0.325031 0.768067 0.0422492 0.809116 0.54852 0.0469996 0.314461 0.638975 0.438808 0.333357 0.124829 0.0714862 0.482846 0.151104 0.914195 0.749969 0.76228 0.187339 0.115307 0.887632 0.417723 0.7075 0.525279 0.354089 0.240024 0.799069 0.453723 0.849809 0.257389 0.301614 0.457112 0.58242 0.0696809 0.499361 0.391537 0.618201 0.546361 0.705998 0.257176 0.985169 0.0393545 0.382006 0.0566552 0.522201 0.533109 0.97085 0.27217 0.29539 0.158189 0.387476 0.183022 0.575913 0.0949761 0.7083 0.930002 0.335 0.507369 0.383725 0.184809 0.764758 0.685338 0.641921 0.347179 0.755019 0.141282 0.738715 0.37322 0.687642 0.444713 0.630396 0.672811 0.484067 0.0124018 0.729467 0.00626803 0.545511 0.700317 0.278438 0.840901 0.858506 0.665914 0.0239222 0.434419 0.76089 0.732223 0.36442 0.0958904 0.239592 0.748145 0.280699 0.00435003 0.433483 0.92262 
6 1 30 29 32 28 4 
0.534957 0.192119 0.424355 0.0190245 0.204521 0.153822 0.0252926 0.750032 0.854138 0.30373 0.590933 0.712644 0.969645 0.614855 0.147063 0.730535 0.347077 0.511483 0.826425 0.586669 0.259628 0.107125 0.591019 0.693111 0.0297444 0.942548 0.881614 0.0936459 0.0327919 0.443337 0.84519 0.567749 0.635456 0.269545 0.586774 0.839977 0.423367 0.612066 0.590009 0.277505 0.915796 0.180942 0.99015 0.885441 0.795796 0.137213 0.615976 0.142874 0.648696 0.442401 0.729543 0.908324 0.549526 0.320562 0.601436 0.57927 0.26311 0.48305 0.672916 0.295902 0.926387 0.518106 0.863651 0.561843 0.787651 0.450424 0.40182 0.211018 0.0624904 0.991829 0.488523 0.978287 0.17277 0.478673 0.863728 0.968567 0.615886 0.479704 0.111441 0.264582 0.922105 0.840984 0.172907 0.471631 0.161546 0.774342 0.0509013 0.424656 0.257392 0.723818 0.720558 0.183779 0.241924 0.584209 0.745622 0.0295747 0.0346329 0.147442 0.240593 0.0971233 0.139271 0.729116 0.0754102 0.312041 0.20779 0.939138 0.280608 0.823676 0.418842 0.392049 0.0882582 0.340947 0.233032 0.261165 0.812578 0.394578 0.0355072 0.863479 0.819234 0.2929 0.587297 0.539792 0.476679 0.829221 0.124 0.222301 0.858795 0.158633 
7 0 17 23 13 32 31 
0.0362938 0.270305 0.101663 0.85997 0.689146 0.493712 0.948228 0.0300933 0.726744 0.209393 0.842671 0.121322 0.2449 0.706151 0.940556 0.537799 0.293448 0.480347 0.0144781 0.122668 0.604348 0.236779 0.981463 0.762981 0.606522 0.0808513 0.0187369 0.115536 0.909355 0.349903 0.936591 0.945649 0.620208 0.0382542 0.805619 0.309354 0.531966 0.753847 0.339448 0.25871 0.963239 0.182119 0.380032 0.208139 0.88827 0.320588 0.745938 0.181717 0.800935 0.760417 0.304385 0.405283 0.997196 0.285849 0.168264 0.603717 0.3667 0.187 0.719253 0.276055 0.536904 0.655844 0.221705 0.157112 0.694099 0.0273235 0.466466 0.226065 0.78117 0.805913 0.484775 0.744409 0.988032 0.864807 0.952548 0.876302 0.185395 0.698487 0.0580191 0.98633 0.458903 0.362404 0.391613 0.456099 0.648253 0.559877 0.0598164 0.014953 0.746877 0.77907 0.291008 0.283781 0.434914 0.512713 0.440893 0.129013 0.540037 0.907359 0.355077 0.321207 0.713272 0.839852 0.0656161 0.701304 0.704658 0.0181645 0.577606 0.890053 0.716651 0.635625 0.876383 0.175555 0.99803 0.267997 0.631654 0.646283 0.827873 0.69147 0.661236 0.574751 0.47054 0.952244 0.858532 0.905454 0.464957 0.299425 0.0344664 0.00499407 
8 18 23 20 6 17 14 
0.62136 0.934054 0.409981 0.198966 0.824107 0.126633 0.834592 0.70049 0.302187 0.832622 0.968487 0.933841 0.478904 0.79636 0.625311 0.14014 0.371111 0.0958504 0.0923846 0.229642 0.00130407 0.557342 0.529067 0.0357705 0.562336 0.73585 0.425314 0.888537 0.655906 0.654709 0.280354 0.277266 0.588763 0.690335 0.476232 0.41287 0.816968 0.310824 0.11336 0.119155 0.143445 0.081847 0.052996 0.62235 0.878207 0.678307 0.76249 0.249318 0.774157 0.854875 0.47896 0.775461 0.412217 0.00802705 0.811232 0.974553 0.743877 0.236546 0.86309 0.399783 0.891255 0.143444 0.677049 0.480018 0.833779 0.153281 0.892889 0.650746 0.464105 0.00624887 0.769902 0.607551 0.0880959 0.822898 0.2299 0.966303 0.501204 0.992391 0.21562 0.275361 0.847265 0.69458 0.0508226 0.259482 0.702608 0.862054 0.234035 0.446485 0.0985999 0.0971246 0.846268 0.989855 0.240568 0.523317 0.469874 0.0743468 0.676599 0.362762 0.725093 0.140704 0.369011 0.494995 0.748254 0.457107 0.317893 0.978155 0.42341 0.819097 0.970545 0.63903 0.0944583 0.817811 0.333611 0.145281 0.0772927 0.0362181 0.00733511 0.311327 0.482703 0.105935 0.408452 0.328971 0.0957901 0.64902 0.852289 0.565664 0.723367 0.528887 
9 12 26 11 0 10 8 
0.261348 0.396 0.177953 0.0804446 0.366546 0.816983 0.174903 0.184356 0.150594 0.320184 0.261649 0.186812 0.327519 0.572976 0.669515 0.433454 0.981429 0.998486 0.529244 0.630449 0.850775 0.0949077 0.353816 0.379662 0.0233334 0.802276 0.0492528 0.32077 0.745731 0.467098 0.0753134 0.00707891 0.863098 0.253266 0.0875235 0.229644 0.0702495 0.262426 0.414 0.220843 0.58261 0.67565 0.407655 0.910129 0.248626 0.0771699 0.343583 0.230055 0.075656 0.872827 0.860503 0.926431 0.967735 0.214319 0.306093 0.991068 0.0165948 0.355346 0.311838 0.762326 0.822444 0.387152 0.769405 0.685542 0.640418 0.856928 0.915186 0.710668 0.119355 0.329187 0.931511 0.701965 0.00483618 0.339166 0.612094 0.253462 0.416336 0.955677 0.483517 0.491992 0.828505 0.34402 0.418422 0.79624 0.558339 0.724515 0.787308 0.574934 0.0798607 0.099146 0.33726 0.902304 0.486298 0.106665 0.587847 0.126716 0.963593 0.503033 0.837383 0.0829478 0.832219 0.768894 0.784913 0.837056 0.10806 0.397007 0.0905178 0.524395 0.352685 0.574034 0.016387 0.18119 0.918054 0.434809 0.977429 0.476393 0.159325 0.764737 0.0513267 0.239185 0.863883 0.388586 0.14149 0.35018 0.495251 0.729336 0.476896 0.458844 
10 13 3 31 27 16 30 
0.901644 0.191233 0.723712 0.992162 0.715628 0.0763968 0.566196 0.732015 0.257586 0.484251 0.166825 0.235015 0.960644 0.326149 0.999752 0.0119704 0.565335 0.863635 0.400557 0.706824 0.213816 0.895808 0.436161 0.690712 0.354651 0.66853 0.00499092 0.896443 0.733118 0.088164 0.223148 0.634762 0.279397 0.94686 0.626924 0.995025 0.0232564 0.19312 0.72704 0.280843 0.67737 0.893864 0.515858 0.638014 0.220014 0.51561 0.649984 0.785348 0.379246 0.0505412 0.492173 0.593061 0.946349 0.928333 0.283773 0.301 0.596863 0.288764 0.197443 0.329981 0.376928 0.420591 0.964743 0.656325 0.36745 0.591666 0.651349 0.390707 0.784786 0.378389 0.671549 0.462156 0.272254 0.187408 0.100171 0.492268 0.703018 0.750155 0.277616 0.0822635 0.800696 0.769788 0.675325 0.747045 0.698122 0.959098 0.0480452 0.294984 0.247861 0.245488 0.624965 0.624789 0.666079 0.589708 0.281114 0.0335296 0.181374 0.932463 0.424236 0.96616 0.310853 0.0957858 0.428317 0.583106 0.283193 0.528487 0.0753739 0.986211 0.278642 0.35299 0.068475 0.0793383 0.122778 0.7438 0.826383 0.8209 0.702897 0.874428 0.115884 0.950759 0.119917 0.740849 0.575548 0.785996 0.330557 0.856662 0.819526 0.511931 
11 18 23 4 26 14 0 
0.622741 0.434895 0.758458 0.608953 0.713537 0.111448 0.677428 0.792875 0.234226 0.421227 0.619259 0.0551254 0.124125 0.493687 0.171009 0.0748832 0.613604 0.911859 0.650431 0.3996 0.242416 0.507093 0.219126 0.754346 0.296218 0.462887 0.232437 0.396195 0.802435 0.138845 0.0792792 0.425177 0.57374 0.837737 0.0341292 0.287277 0.949185 0.711557 0.080152 0.18341 0.132784 0.699411 0.238536 0.256909 0.193098 0.409545 0.331792 0.806701 0.321404 0.982223 0.206301 0.563819 0.489316 0.425427 0.318166 0.785533 0.888314 0.550603 0.181729 0.69075 0.689448 0.261008 0.115926 0.263188 0.0987447 0.150055 0.550465 0.0479294 0.861612 0.630617 0.23134 0.994396 0.330028 0.469876 0.251305 0.523125 0.879421 0.583097 0.329827 0.200825 0.565319 0.536128 0.764644 0.054635 0.961555 0.0828103 0.840168 0.849869 0.633414 0.0218968 0.540619 0.322862 0.282904 0.656545 0.58605 0.381649 0.806601 0.136515 0.429579 0.668213 0.767132 0.660918 0.662609 0.0971597 0.130794 0.913914 0.620285 0.010215 0.49701 0.950111 0.21104 0.0623294 0.486239 0.975684 0.116964 0.447794 0.0584946 0.957133 0.297664 0.691908 0.979029 0.838283 0.0147701 0.261934 0.494828 0.60082 0.643583 0.301428 
12 6 22 19 26 9 31 
0.864874 0.546164 0.221912 0.875089 0.0431736 0.172024 0.086129 0.105503 0.658263 0.0618133 0.222467 0.106057 0.120308 0.1796 0.403721 0.812216 0.158629 0.242004 0.826986 0.420563 0.736832 0.427807 0.0641464 0.0382602 0.165142 0.137308 0.00790139 0.66961 0.871388 0.640151 0.271237 0.736262 0.186315 0.49315 0.611351 0.229489 0.665173 0.69748 0.334992 0.323437 0.759293 0.557459 0.429494 0.879601 0.737059 0.833215 0.691818 0.895688 0.0752189 0.518804 0.316252 0.812051 0.94661 0.380398 0.850311 0.111752 0.517706 0.858212 0.781362 0.389094 0.498364 0.0525998 0.125356 0.684679 0.54575 0.736708 0.914167 0.210923 0.434188 0.249159 0.53436 0.193481 0.806618 0.963854 0.0730828 0.543677 0.797069 0.7649 0.439365 0.872288 0.283704 0.755617 0.684338 0.230314 0.136015 0.534649 0.342067 0.653721 0.392861 0.123429 0.0428158 0.891225 0.176029 0.168172 0.575904 0.721779 0.90488 0.490071 0.932702 0.339068 0.73923 0.467061 0.532549 0.545847 0.430915 0.605632 0.0895242 0.227983 0.370532 0.528889 0.100271 0.654236 0.284506 0.78461 0.884551 0.420522 0.319259 0.226618 0.0742432 0.71212 0.350047 0.117059 0.603345 0.526076 0.285231 0.179249 0.247854 0.190111 
13 15 9 23 30 26 28 
0.043921 0.306515 0.0378927 0.57281 0.406786 0.692129 0.857317 0.191396 0.57668 0.277838 0.510655 0.803297 0.352082 0.222775 0.153344 0.469141 0.82612 0.67942 0.754372 0.0053691 0.927274 0.944483 0.674689 0.10783 0.473662 0.0832383 0.755447 0.535391 0.0376351 0.833979 0.202751 0.0815561 0.140494 0.240644 0.654366 0.547281 0.932773 0.511683 0.738677 0.509453 0.789522 0.249332 0.31275 0.141603 0.472107 0.466094 0.610744 0.298227 0.145514 0.365116 0.303596 0.0727886 0.309599 0.978285 0.180619 0.783261 0.061523 0.936066 0.318652 0.0991581 0.770046 0.521403 0.180714 0.91054 0.762047 0.835081 0.457821 0.69482 0.346764 0.196498 0.204273 0.136286 0.445829 0.517022 0.277889 0.917936 0.983117 0.888633 0.216163 0.128631 0.253749 0.519758 0.201419 0.563348 0.498043 0.382038 0.34661 0.559566 0.318105 0.665262 0.658724 0.0881503 0.186665 0.839438 0.99869 0.948712 0.674519 0.456511 0.643532 0.0212832 0.653009 0.847805 0.157569 0.0988382 0.364827 0.435458 0.0167741 0.347944 0.324092 0.232937 0.476574 0.577841 0.752695 0.677994 0.141189 0.250738 0.060032 0.487799 0.810304 0.378137 0.153061 0.469028 0.466287 0.339726 0.308467 0.464977 0.288439 0.982986 
14 20 30 6 28 2 7 
0.144603 0.597296 0.69011 0.492547 0.921388 0.923046 0.969122 0.499229 0.675741 0.647115 0.640418 0.92648 0.707147 0.128217 0.736784 0.085284 0.281278 0.205812 0.551571 0.621004 0.514279 0.0165483 0.909443 0.497265 0.938037 0.841414 0.501534 0.512534 0.62119 0.663372 0.18587 0.765793 0.260669 0.87598 0.25834 0.182057 0.799026 0.227462 0.681286 0.474767 0.874577 0.321704 0.401247 0.581725 0.449921 0.138031 0.667009 0.731199 0.343843 0.21858 0.352203 0.858122 0.235128 0.261646 0.355387 0.173165 0.103061 0.856921 0.685699 0.724251 0.520293 0.871569 0.490044 0.780962 0.747548 0.748384 0.963019 0.546574 0.975846 0.644305 0.0213419 0.850424 0.966009 0.422589 0.432148 0.41593 0.56062 0.0991568 0.147129 0.904463 0.317736 0.499332 0.762584 0.552864 0.760978 0.117971 0.726029 0.864039 0.974892 0.411728 0.58829 0.495186 0.283297 0.0783335 0.276148 0.0308452 0.826718 0.239167 0.57742 0.802564 0.883471 0.598761 0.652988 0.84948 0.0213504 0.085136 0.265409 0.58197 0.184293 0.412538 0.486433 0.502029 0.91187 0.249017 0.0548934 0.672848 0.366988 0.780922 0.536887 0.341881 0.19265 0.125177 0.837066 0.475947 0.20351 0.113214 0.506792 0.0302281 
15 23 1 7 27 22 30 
0.704324 0.570916 0.350741 0.286294 0.755209 0.763279 0.772726 0.257238 0.675149 0.0217434 0.312131 0.347997 0.388732 0.0930537 0.884885 0.730612 0.285704 0.0100613 0.567678 0.761651 0.213572 0.680892 0.268443 0.2438 0.0332722 0.352655 0.0765921 0.269124 0.0356286 0.562372 0.354455 0.739952 0.133288 0.705196 0.0262461 0.888497 0.468475 0.798972 0.145735 0.143624 0.820716 0.457866 0.491622 0.209448 0.55092 0.376506 0.94006 0.836624 0.386567 0.507738 0.598275 0.600139 0.18863 0.866719 0.843939 0.221902 0.219374 0.920531 0.491026 0.255003 0.482903 0.845481 0.994955 0.616191 0.550678 0.0212009 0.504688 0.0191529 0.820173 0.650423 0.162777 0.640889 0.10829 0.654399 0.850337 0.65921 0.0309049 0.790396 0.495834 0.417472 0.298134 0.0941097 0.0176113 0.486764 0.960828 0.86155 0.708666 0.180202 0.782081 0.199692 0.435205 0.264984 0.0451732 0.43016 0.881175 0.595851 0.451361 0.385864 0.615004 0.271534 0.036287 0.777781 0.912423 0.144577 0.43218 0.76276 0.803787 0.463084 0.553156 0.299621 0.880557 0.851291 0.393731 0.898168 0.338055 0.354559 0.759718 0.0467212 0.534762 0.541799 0.246413 0.969967 0.806783 0.291586 0.400126 0.687958 0.887437 0.851487 
16 29 31 18 2 13 9 
0.254685 0.712401 0.798204 0.0584722 0.175486 0.351361 0.358094 0.0560426 0.202652 0.751825 0.954211 0.540707 0.106384 0.713929 0.587428 0.641146 0.255727 0.833841 0.611112 0.0625101 0.125428 0.0112386 0.750468 0.0128648 0.862726 0.824289 0.515306 0.985747 0.934398 0.795527 0.0211913 0.189083 0.507929 0.819396 0.247555 0.683415 0.170757 0.605649 0.739457 0.373408 0.357473 0.693668 0.914115 0.463857 0.407597 0.501543 0.105003 0.663324 0.335384 0.716115 0.725834 0.460811 0.727354 0.476302 0.473676 0.590079 0.300591 0.988982 0.575826 0.234989 0.784509 0.597017 0.424072 0.292438 0.416413 0.671627 0.975853 0.58717 0.277275 0.71531 0.960578 0.634748 0.408978 0.874693 0.0986053 0.816574 0.376235 0.203608 0.479898 0.711619 0.919723 0.205733 0.17243 0.647077 0.682035 0.646106 0.237156 0.982626 0.635087 0.812982 0.217615 0.419596 0.41 0.641687 0.712034 0.826413 0.313313 0.687887 0.413582 0.590588 0.403197 0.37416 0.225337 0.812175 0.248853 0.323942 0.628749 0.625088 0.52755 0.108647 0.336707 0.447273 0.31438 0.509137 0.0943494 0.996415 0.155243 0.331505 0.979041 0.79033 0.144487 0.196656 0.209927 0.554487 0.838343 0.921961 0.3809 0.151656 
17 2 16 11 19 6 26 
0.417495 0.291523 0.453968 0.0425826 0.819073 0.562616 0.379289 0.266346 0.876996 0.888426 0.360695 0.87341 0.0436687 0.6922 0.852451 0.833999 0.836688 0.0491073 0.0439254 0.391175 0.88745 0.965886 0.772074 0.0391058 0.575734 0.566556 0.78135 0.588779 0.735198 0.748931 0.413998 0.152693 0.0404541 0.867966 0.195276 0.859527 0.430581 0.574565 0.125873 0.307577 0.462991 0.486568 0.180987 0.50666 0.178768 0.0334386 0.340659 0.0154561 0.0825459 0.384584 0.406631 0.969996 0.35047 0.178705 0.0091016 0.926205 0.745262 0.790452 0.514983 0.48046 0.539383 0.928981 0.633153 0.579837 0.796947 0.828428 0.439364 0.227528 0.402993 0.565236 0.535105 0.865984 0.051804 0.716092 0.372644 0.230572 0.749531 0.713303 0.246028 0.832077 0.0978871 0.652659 0.802072 0.448358 0.831364 0.811174 0.374562 0.576626 0.601626 0.889545 0.0570859 0.141009 0.818526 0.690239 0.720845 0.615473 0.518667 0.160209 0.843001 0.92166 0.725446 0.378105 0.787645 0.77725 0.0941975 0.160289 0.00782185 0.843728 0.873592 0.25385 0.675805 0.971479 0.906509 0.477877 0.419837 0.737874 0.289051 0.794399 0.3145 0.890677 0.683944 0.371586 0.0316855 0.50247 0.0618243 0.752531 0.117943 0.580491 
18 5 6 0 32 21 2 
0.415435 0.433247 0.450085 0.423257 0.276975 0.323677 0.677107 0.95278 0.295156 0.583617 0.430657 0.714993 0.32149 0.719708 0.509392 0.63599 0.610385 0.193336 0.00757601 0.64207 0.695806 0.0694003 0.394601 0.813749 0.649892 0.307341 0.774692 0.152043 0.945527 0.113742 0.441839 0.360963 0.546988 0.891925 0.78422 0.823963 0.215602 0.461327 0.776742 0.510758 0.0449439 0.207399 0.225751 0.366434 0.927107 0.735142 0.00242466 0.537492 0.928478 0.0100007 0.179562 0.624284 0.079401 0.574163 0.438032 0.729293 0.881505 0.212725 0.881336 0.827032 0.326466 0.323175 0.187994 0.873455 0.2151 0.972214 0.697417 0.430701 0.433541 0.47416 0.941459 0.478485 0.681559 0.16721 0.84492 0.608666 0.902352 0.847344 0.146158 0.83083 0.857345 0.32572 0.455114 0.936746 0.899883 0.893147 0.666039 0.781388 0.105872 0.547374 0.60842 0.432338 0.870549 0.796414 0.305793 0.0856492 0.768628 0.00321 0.516351 0.202169 0.47737 0.45781 0.680655 0.158929 0.62502 0.525574 0.767595 0.527373 0.372919 0.913753 0.358203 0.230264 0.239473 0.813317 0.16701 0.139356 0.706464 0.833048 0.920744 0.812335 0.380423 0.529163 0.244673 0.250972 0.325577 0.550466 0.336621 0.0942053 
19 31 25 12 30 28 24 
0.935802 0.502604 0.95757 0.463175 0.875523 0.871322 0.821378 0.105787 0.110795 0.634695 0.272796 0.250151 0.341159 0.105845 0.170895 0.153495 0.486268 0.700058 0.398168 0.73724 0.0256352 0.948634 0.0738616 0.11984 0.50231 0.926834 0.416215 0.533356 0.237616 0.393245 0.72333 0.173418 0.895849 0.6809 0.636593 0.771372 0.552222 0.457971 0.877158 0.663017 0.0926669 0.149955 0.913168 0.433826 0.2558 0.0840626 0.587321 0.742067 0.784121 0.985489 0.479308 0.809756 0.934123 0.553169 0.929596 0.436433 0.480003 0.345811 0.969788 0.717619 0.739056 0.693118 0.891037 0.634905 0.374018 0.52763 0.406277 0.92624 0.985601 0.283435 0.589257 0.0782682 0.433389 0.502425 0.512094 0.689189 0.586488 0.0994152 0.431257 0.370608 0.084904 0.910564 0.180364 0.0190268 0.463733 0.10996 0.455459 0.943736 0.455772 0.425247 0.661355 0.194828 0.118366 0.552391 0.829733 0.492384 0.0800211 0.23601 0.418624 0.0656225 0.519444 0.00788119 0.143891 0.952834 0.510306 0.655985 0.642023 0.0967941 0.7554 0.0732794 0.467403 0.840304 0.983843 0.647767 0.859331 0.447577 0.757727 0.31479 0.391313 0.213499 0.740038 0.0526672 0.408327 0.858404 0.605058 0.23806 0.350788 0.68508 
20 5 9 30 21 18 0 
0.287599 0.550578 0.588371 0.384393 0.305978 0.66165 0.851796 0.146282 0.645494 0.499563 0.0056133 0.0930706 0.25729 0.320404 0.484383 0.470789 0.0604416 0.53705 0.879116 0.918845 0.142109 0.117176 0.269633 0.827188 0.591246 0.0390447 0.57789 0.584761 0.816338 0.472483 0.531109 0.103937 0.0230608 0.11948 0.48833 0.329039 0.78113 0.340126 0.475321 0.426624 0.839688 0.480934 0.519695 0.096978 0.801338 0.00407817 0.567767 0.86178 0.541129 0.446883 0.780625 0.683237 0.564059 0.050258 0.510426 0.155306 0.0893026 0.088316 0.740067 0.90564 0.560799 0.271176 0.0095769 0.58386 0.390656 0.497907 0.912899 0.171786 0.838033 0.38822 0.598411 0.677721 0.869154 0.118106 0.774699 0.670492 0.122184 0.342466 0.532272 0.663312 0.789349 0.312897 0.34655 0.353408 0.363155 0.856975 0.508714 0.452457 0.945291 0.248781 0.358097 0.506091 0.519957 0.367674 0.0899503 0.910613 0.865581 0.00284895 0.0823989 0.703614 0.391069 0.68081 0.381335 0.260223 0.798915 0.156034 0.930714 0.921099 0.4985 0.462986 0.584411 0.287849 0.775883 0.930961 0.641257 0.139037 0.787936 0.149972 0.591494 0.733228 0.398753 0.949592 0.239318 0.91871 0.317266 0.329268 0.829322 0.182847 
21 15 22 6 1 29 2 
0.42383 0.914123 0.312544 0.922331 0.377109 0.896956 0.21018 0.152992 0.827916 0.851437 0.292029 0.615853 0.001409 0.883523 0.34908 0.400162 0.833115 0.588398 0.318871 0.150381 0.917667 0.148193 0.333228 0.249784 0.0599144 0.219689 0.97297 0.652445 0.487486 0.956379 0.0438907 0.911316 0.870502 0.356435 0.833647 0.247611 0.253391 0.0438267 0.400602 0.0813071 0.895264 0.692631 0.69716 0.896673 0.576154 0.0462399 0.296835 0.409269 0.634638 0.615706 0.55965 0.552305 0.763899 0.892879 0.802089 0.823814 0.112568 0.77506 0.476259 0.600054 0.731438 0.520149 0.51137 0.60194 0.876585 0.345017 0.849551 0.129975 0.388844 0.250153 0.211282 0.284107 0.942784 0.908442 0.18078 0.518939 0.954682 0.477615 0.928208 0.58932 0.093321 0.487858 0.141625 0.85722 0.380737 0.943714 0.681034 0.493305 0.718774 0.157293 0.0933587 0.450212 0.677442 0.604729 0.0521522 0.554027 0.949746 0.901703 0.684002 0.338589 0.151856 0.895284 0.622697 0.0946401 0.803726 0.803477 0.613579 0.758408 0.281092 0.541787 0.347728 0.374413 0.0296449 0.489353 0.231633 0.410382 0.433068 0.912667 0.903687 0.151842 0.06996 0.997045 0.602054 0.747402 0.601774 0.654206 0.301428 0.55152 
22 25 20 6 1 31 16 
0.802405 0.68444 0.316282 0.415984 0.442848 0.597375 0.95777 0.790576 0.971788 0.987415 0.27993 0.203421 0.397797 0.712997 0.116088 0.301484 0.864839 0.186048 0.298529 0.466893 0.93345 0.900303 0.121099 0.234879 0.451823 0.677008 0.220309 0.341932 0.384772 0.101023 0.854737 0.187177 0.785464 0.17102 0.603161 0.228312 0.768394 0.560931 0.0188884 0.740182 0.548346 0.298818 0.943603 0.946143 0.011815 0.0596914 0.247627 0.876654 0.24574 0.546156 0.343546 0.17919 0.44646 0.464645 0.414069 0.898283 0.141653 0.634378 0.240215 0.526425 0.735401 0.0949522 0.713602 0.520865 0.265972 0.316763 0.749177 0.0343664 0.877694 0.768065 0.774548 0.426041 0.066883 0.718152 0.372184 0.0786981 0.777843 0.619811 0.955352 0.0235827 0.165968 0.298898 0.202773 0.612427 0.763543 0.616841 0.51071 0.905196 0.251219 0.750925 0.431621 0.98662 0.845877 0.145223 0.507485 0.111849 0.461986 0.256662 0.146216 0.33968 0.024727 0.920764 0.765721 0.09161 0.638916 0.137906 0.170308 0.416759 0.757717 0.12566 0.440341 0.923685 0.424558 0.643114 0.536112 0.188101 0.259955 0.0468223 0.0932969 0.511175 0.797747 0.524917 0.497795 0.643624 0.67014 0.00527981 0.755473 0.132126 
23 30 19 26 24 27 22 
0.378279 0.461369 0.375434 0.548587 0.878127 0.133151 0.674246 0.318469 0.0568356 0.0988046 0.961583 0.592948 0.286906 0.221538 0.63977 0.380203 0.732713 0.437517 0.90512 0.230508 0.0811416 0.57526 0.235787 0.836615 0.707387 0.497729 0.738304 0.179193 0.784398 0.560757 0.416721 0.162676 0.0221261 0.792155 0.711263 0.900254 0.925306 0.385509 0.218722 0.982141 0.484314 0.180305 0.575089 0.77122 0.401844 0.214859 0.151422 0.134556 0.652376 0.0565424 0.365064 0.733518 0.631803 0.600851 0.570133 0.339189 0.0985805 0.308437 0.518383 0.882978 0.869194 0.935104 0.0456542 0.891321 0.727258 0.756917 0.791574 0.652564 0.142426 0.0102966 0.634705 0.62674 0.190602 0.209794 0.39796 0.592445 0.424653 0.549382 0.727002 0.077029 0.605924 0.0920657 0.810547 0.237727 0.692917 0.38068 0.576916 0.791498 0.689117 0.0952988 0.674476 0.558311 0.0304025 0.72013 0.449632 0.757661 0.477047 0.241206 0.410225 0.619473 0.251502 0.0449301 0.246213 0.442104 0.254724 0.644172 0.0345495 0.679377 0.193554 0.761551 0.756406 0.799478 0.853617 0.566953 0.0372054 0.546534 0.947632 0.614122 0.338032 0.636749 0.70942 0.0125071 0.19506 0.739823 0.732637 0.644692 0.497484 0.209684 
24 7 18 26 25 15 16 
0.579504 0.207363 0.719542 0.614054 0.88674 0.913096 0.375605 0.643146 0.712575 0.229222 0.210099 0.74978 0.775756 0.157731 0.363902 0.113788 0.794481 0.0733223 0.126295 0.989541 0.813145 0.858932 0.634233 0.310629 0.0686154 0.520131 0.218338 0.897772 0.657531 0.170977 0.973142 0.237035 0.37834 0.692684 0.851089 0.26508 0.605781 0.226694 0.908227 0.318355 0.455916 0.118326 0.0681357 0.231672 0.276057 0.432038 0.34546 0.0705375 0.50536 0.471755 0.0600785 0.318505 0.330686 0.694311 0.629134 0.399302 0.214442 0.847472 0.297074 0.871973 0.0184496 0.270216 0.109008 0.39679 0.9629 0.960097 0.66187 0.56868 0.186792 0.570097 0.887036 0.642708 0.688423 0.955172 0.87438 0.964479 0.387209 0.21984 0.035017 0.892569 0.691595 0.0950955 0.211074 0.0222808 0.789407 0.840209 0.421583 0.00384922 0.687681 0.718656 0.875822 0.706131 0.988872 0.984831 0.102921 0.951772 0.944928 0.764791 0.520453 0.13172 0.334888 0.407489 0.774428 0.0233109 0.36266 0.648808 0.98779 0.74987 0.868648 0.0228074 0.642439 0.560242 0.117903 0.853513 0.582523 0.90731 0.693722 0.00410578 0.911159 0.381403 0.722762 0.786981 0.087534 0.711634 0.771812 0.190455 0.663407 0.71674 
25 10 30 23 22 18 24 
0.313445 0.954008 0.271696 0.301236 0.703878 0.140343 0.324043 0.346316 0.700586 0.441946 0.199829 0.283109 0.349256 0.893551 0.287215 0.260415 0.274954 0.00997699 0.0473967 0.362488 0.721611 0.819209 0.552943 0.385018 0.535949 0.508189 0.568877 0.384409 0.798324 0.160225 0.0072969 0.111769 0.114233 0.278992 0.413005 0.818111 0.419336 0.737048 0.164427 0.119921 0.178994 0.364257 0.40303 0.52825 0.257808 0.690245 0.788666 0.532762 0.700222 0.836062 0.895251 0.421834 0.655271 0.448194 0.806852 0.19122 0.956383 0.375729 0.57563 0.754707 0.535954 0.582927 0.866476 0.650188 0.861919 0.279481 0.468298 0.281255 0.0165289 0.632726 0.401176 0.195523 0.996982 0.804207 0.723774 0.25479 0.494452 0.51244 0.787552 0.194674 0.348502 0.682803 0.616508 0.00377333 0.130997 0.42336 0.194994 0.0873797 0.799089 0.770624 0.842086 0.335043 0.35355 0.708562 0.985231 0.215469 0.988043 0.453529 0.496724 0.00457189 0.0862548 0.8979 0.200095 0.0832369 0.702107 0.923869 0.338027 0.196559 0.436309 0.125579 0.391233 0.784811 0.808382 0.00774054 0.788584 0.939379 0.4311 0.983578 0.0267584 0.230189 0.754201 0.868845 0.565232 0.107751 0.577407 0.550463 0.323221 0.56545 
26 15 20 18 6 0 21 
0.419951 0.693986 0.51151 0.61651 0.130295 0.63709 0.00774264 0.915105 0.445472 0.0154832 0.703689 0.38485 0.446583 0.687267 0.411609 0.676772 0.441468 0.280454 0.242004 0.549219 0.857861 0.792467 0.87244 0.423311 0.796459 0.692384 0.993333 0.886705 0.410229 0.76345 0.0601886 0.83018 0.457436 0.571699 0.44669 0.587731 0.208789 0.454433 0.502836 0.65426 0.469916 0.206525 0.0391107 0.916499 0.893792 0.45072 0.593271 0.33526 0.731173 0.835275 0.884479 0.589034 0.627742 0.756919 0.0123449 0.424201 0.449304 0.00567758 0.310906 0.859533 0.769127 0.371094 0.689713 0.226563 0.942793 0.136403 0.814294 0.151582 0.590836 0.31713 0.805842 0.0607519 0.523655 0.844953 0.977251 0.417447 0.295672 0.570523 0.752707 0.0268457 0.405798 0.637186 0.61588 0.0335402 0.394105 0.628225 0.457741 0.843409 0.633902 0.768647 0.702942 0.40303 0.139741 0.392655 0.629593 0.0825344 0.529058 0.443887 0.234116 0.119894 0.761017 0.0399585 0.180646 0.284672 0.884911 0.157897 0.702118 0.180584 0.72842 0.454825 0.207429 0.134218 0.0920109 0.823309 0.167758 0.486116 0.451534 0.625499 0.329525 0.0854359 0.394146 0.0324672 0.488465 0.533887 0.425122 0.118058 0.616421 0.95418 
27 25 0 28 32 17 7 
0.412618 0.309752 0.955991 0.141038 0.764577 0.16342 0.275255 0.856588 0.986729 0.443013 0.342704 0.438263 0.0685122 0.67223 0.523699 0.462658 0.704697 0.0121645 0.996544 0.129819 0.130223 0.612965 0.0839997 0.692168 0.463503 0.158074 0.0151307 0.353998 0.412795 0.622765 0.129405 0.825413 0.932517 0.0853961 0.96645 0.697095 0.248816 0.241706 0.553683 0.235546 0.684719 0.896387 0.673809 0.753231 0.568617 0.197508 0.215889 0.273314 0.209672 0.212433 0.403134 0.339895 0.825398 0.487133 0.0320637 0.288901 0.645208 0.0471944 0.642899 0.0580025 0.669959 0.772304 0.883415 0.602476 0.8577 0.849865 0.299571 0.106517 0.091571 0.853254 0.342063 0.77629 0.749642 0.0158714 0.529521 0.318259 0.213379 0.74541 0.591573 0.423052 0.957843 0.994707 0.762947 0.783241 0.48184 0.795011 0.072142 0.127048 0.842205 0.715041 0.18505 0.512164 0.487346 0.0684654 0.114641 0.345046 0.918331 0.414212 0.451563 0.00990183 0.267466 0.793625 0.786192 0.0171074 0.809497 0.315713 0.335366 0.0228762 0.0611224 0.926939 0.445928 0.0189651 0.921646 0.208875 0.802206 0.403486 0.00388594 0.874348 0.530534 0.846091 0.589389 0.715584 0.358256 0.076735 0.784049 0.472896 0.421781 0.70238 
28 12 31 0 27 6 25 
0.476466 0.814186 0.507047 0.499342 0.875309 0.433987 0.94527 0.894274 0.355633 0.154145 0.69648 0.759119 0.158031 0.570829 0.289653 0.00412231 0.160218 0.00523701 0.362378 0.236953 0.789286 0.835274 0.658734 0.491667 0.722382 0.532078 0.203949 0.876956 0.199047 0.702423 0.0486376 0.675513 0.516609 0.555685 0.174855 0.391918 0.989672 0.120125 0.286192 0.345305 0.27427 0.982672 0.104424 0.432301 0.5535 0.394077 0.436424 0.713718 0.399314 0.798801 0.950671 0.1886 0.634076 0.609405 0.680267 0.356458 0.141483 0.884216 0.233414 0.34053 0.586638 0.282052 0.0160425 0.103247 0.837737 0.190897 0.495165 0.827409 0.311022 0.781357 0.172714 0.585293 0.764028 0.277138 0.0175938 0.317529 0.671215 0.454017 0.0312473 0.0705285 0.252819 0.981919 0.259129 0.886895 0.591324 0.939396 0.243353 0.732807 0.823611 0.476767 0.0733364 0.41025 0.758819 0.0893789 0.513497 0.596556 0.280276 0.00866158 0.423965 0.591299 0.790018 0.596679 0.176591 0.554047 0.873816 0.194185 0.871575 0.545031 0.648202 0.902823 0.615559 0.901021 0.884741 0.874688 0.787916 0.476065 0.814084 0.0312686 0.208872 0.637695 0.508036 0.282208 0.0479448 0.266854 0.371587 0.561442 0.86341 0.651863 
29 28 13 30 2 4 20 
0.613938 0.785743 0.302901 0.262141 0.688566 0.91846 0.163162 0.573307 0.793148 0.951078 0.0493722 0.607232 0.982347 0.258244 0.244928 0.490382 0.540452 0.292872 0.757237 0.912039 0.854314 0.620647 0.563903 0.424417 0.908022 0.807065 0.784538 0.792076 0.226818 0.698706 0.549947 0.840757 0.484449 0.852848 0.102898 0.173015 0.771308 0.26606 0.746322 0.564456 0.217138 0.795695 0.171689 0.199485 0.0539386 0.416616 0.689868 0.594391 0.709489 0.447104 0.50643 0.563802 0.0677516 0.0703331 0.98822 0.975774 0.877398 0.772758 0.76785 0.104216 0.471464 0.317797 0.944973 0.955913 0.170645 0.0478711 0.128929 0.941953 0.313931 0.875251 0.506409 0.53107 0.670946 0.678098 0.730555 0.724884 0.0947137 0.420422 0.319275 0.804202 0.867527 0.825705 0.368005 0.935278 0.896038 0.356224 0.911052 0.773437 0.128982 0.678903 0.877653 0.600446 0.9967 0.822626 0.55636 0.167344 0.870497 0.685288 0.109297 0.184428 0.560539 0.615706 0.715498 0.231485 0.293803 0.446053 0.956369 0.388517 0.866475 0.275644 0.192719 0.734002 0.10135 0.560724 0.66928 0.997388 0.916949 0.580333 0.770825 0.0459308 0.259236 0.648478 0.646377 0.255936 0.471104 0.202737 0.42328 0.341601 
30 15 4 25 16 10 18 
0.442087 0.687581 0.636419 0.830604 0.554056 0.912063 0.0233232 0.288058 0.0134126 0.584047 0.957338 0.0108008 0.500996 0.537671 0.781625 0.546927 0.796907 0.430103 0.193304 0.0528429 0.901207 0.396041 0.476123 0.242808 0.284066 0.00870035 0.768838 0.73263 0.156983 0.0103655 0.412679 0.59907 0.697946 0.049098 0.429674 0.252002 0.961161 0.452997 0.54006 0.974573 0.0370444 0.497398 0.985374 0.53804 0.0350694 0.767 0.0849673 0.831977 0.197103 0.278271 0.884819 0.0983097 0.674312 0.360942 0.341118 0.958378 0.369643 0.109956 0.691008 0.526626 0.120321 0.103687 0.125696 0.818267 0.152785 0.55537 0.0702693 0.113946 0.00836701 0.610329 0.0885193 0.0454114 0.107727 0.0738936 0.583452 0.142797 0.840893 0.668419 0.974773 0.037996 0.946691 0.859593 0.136306 0.621002 0.220535 0.477424 0.57938 0.590178 0.587379 0.270387 0.116804 0.707701 0.374074 0.242501 0.525968 0.526859 0.797871 0.596237 0.640805 0.806238 0.206566 0.729325 0.851649 0.314294 0.803218 0.435101 0.457091 0.644111 0.10352 0.431864 0.682107 0.0502109 0.291457 0.818413 0.671213 0.511992 0.295837 0.250593 0.10217 0.883216 0.520981 0.218974 0.590917 0.895055 0.461475 0.116885 0.421914 0.259345 
31 23 17 12 25 24 22 
0.595263 0.352333 0.691073 0.239374 0.455854 0.122936 0.921481 0.506065 0.414393 0.739894 0.177278 0.926385 0.0357313 0.427871 0.0285547 0.918947 0.948852 0.247529 0.509864 0.843907 0.709004 0.626749 0.265821 0.968349 0.33987 0.328541 0.0339323 0.259558 0.120585 0.951165 0.49354 0.715848 0.303498 0.184613 0.955222 0.759352 0.307549 0.876703 0.265416 0.721942 0.616598 0.442694 0.648327 0.652329 0.870565 0.676882 0.571276 0.819417 0.924411 0.0811404 0.663324 0.633415 0.707889 0.929145 0.601764 0.0477591 0.257686 0.635696 0.307317 0.378271 0.586861 0.800858 0.0941189 0.890359 0.985471 0.0493408 0.64971 0.29302 0.926044 0.915127 0.0149621 0.542642 0.357821 0.663289 0.194971 0.228386 0.340171 0.766247 0.0478027 0.264582 0.847387 0.711126 0.897997 0.555276 0.640271 0.499761 0.603035 0.897957 0.135457 0.910353 0.276228 0.722317 0.711211 0.370347 0.612676 0.696681 0.419687 0.262386 0.989701 0.345731 0.177513 0.004663 0.888373 0.535334 0.667952 0.0833439 0.76372 0.00812365 0.849591 0.811522 0.272706 0.696978 0.522649 0.170703 0.252255 0.16292 0.670463 0.85529 0.0608762 0.80592 0.765643 0.337104 0.528237 0.476854 0.70745 0.140914 0.173535 0.127138 
32 19 1 8 25 0 28 
0.444586 0.879866 0.843975 0.294177 0.691389 0.116681 0.991156 0.214037 0.287383 0.243411 0.376957 0.957847 0.0987007 0.437833 0.763767 0.864344 0.774937 0.292004 0.341197 0.482387 0.432918 0.514732 0.609525 0.836218 0.677968 0.0823943 0.417031 0.845867 0.443637 0.533177 0.681718 0.888223 0.413044 0.525692 0.1824 0.104433 0.642373 0.173556 0.31847 0.929756 0.416967 0.695427 0.887603 0.515667 0.13326 0.651369 0.380011 0.908197 0.943373 0.721209 0.390584 0.376291 0.235941 0.000108962 0.212509 0.913909 0.0825033 0.62954 0.759775 0.52614 0.162717 0.441493 0.414363 0.575761 0.967185 0.596764 0.680194 0.609558 0.77032 0.998664 0.539314 0.187286 0.69409 0.426917 0.702954 0.82735 0.078286 0.0829651 0.735547 0.0216594 0.804174 0.126131 0.39795 0.0401146 0.12624 0.610459 0.954023 0.208743 0.239999 0.713799 0.734883 0.402716 0.155292 0.149246 0.978477 0.122477 0.74601 0.65867 0.732035 0.516329 0.657334 0.271349 0.703616 0.351424 0.698266 0.40657 0.178774 0.776552 0.489535 0.914321 0.798211 0.293709 0.0404517 0.196162 0.333823 0.166691 0.806621 0.287847 0.375434 0.0466196 0.00164525 0.110317 0.449335 0.156937 0.259564 0.427812 0.279414 0.00557328 
