68 3
1 1 0 1 1 1 0 0 0 1 0 0 1 1 1 0 0 1 0 0 1 0 0 1 0 1 0 0 0 1 0 0 1 1 0 0 1 0 1 0 0 0 1 0 1 0 1 0 0 0 0 0 1 1 0 1 1 1 0 0 0 1 1 0 1 1 1 1 
0 55 48 
0.995547 0.264197 0.0617429 0.560013 0.57867 0.531885 0.70632 0.944013 
1 17 40 
0.517572 0.640863 0.642985 0.809615 0.26948 0.0780722 0.904103 0.728048 
2 28 18 
0.953198 0.0488017 0.388171 0.807814 0.779688 0.754264 0.133885 0.286646 
3 27 50 
0.679185 0.828062 0.649766 0.740928 0.388075 0.228436 0.272813 0.0943956 
4 26 39 
0.625178 0.690021 0.106005 0.268162 0.499637 0.375485 0.346234 0.40374 
5 47 55 
0.472396 0.0567311 0.454637 0.860567 0.864545 0.234325 0.614831 0.998431 
6 38 36 
0.383999 0.200157 0.275408 0.0337648 0.941085 0.663483 0.262201 0.213898 
7 17 10 
0.679039 0.383057 0.124671 0.785044 0.651219 0.624308 0.160529 0.997453 
8 12 62 
0.403289 0.500444 0.320794 0.857926 0.361011 0.185339 0.0922516 0.975842 
9 57 23 
0.423188 0.567769 0.81338 0.698596 0.601534 0.754465 0.36208 0.863734 
10 64 19 
0.298384 0.647401 0.503016 0.423055 0.432446 0.154234 0.0473634 0.592975 
11 27 61 
0.857037 0.554977 0.575855 0.177831 0.412903 0.936867 0.36317 0.505155 
12 31 55 
0.118378 0.335896 0.114708 0.931758 0.0344925 0.716242 0.686222 0.396572 
13 15 18 
0.516531 0.878361 0.301986 0.0195467 0.301416 0.734431 0.173781 0.34878 
14 61 1 
0.184443 0.880445 4.61969e-05 0.362274 0.293348 0.936913 0.725444 0.798503 
15 39 35 
0.916881 0.185517 0.387091 0.848638 0.22001 0.103333 0.534861 0.616582 
16 35 55 
0.133113 0.56167 0.491431 0.15266 0.863086 0.225863 0.326441 0.211866 
17 22 41 
0.636056 0.737712 0.532355 0.636103 0.0999866 0.825704 0.573015 0.82543 
18 50 20 
0.0978134 0.541088 0.608154 0.484904 0.389726 0.828163 0.588237 0.924587 
19 53 54 
0.114032 0.577859 0.833216 0.605464 0.730519 0.696302 0.831327 0.0569599 
20 47 66 
0.70887 0.544224 0.122308 0.241225 0.180327 0.222295 0.0669291 0.753342 
21 26 16 
0.175978 0.145538 0.232224 0.784132 0.630443 0.62195 0.612295 0.21868 
22 5 11 
0.490227 0.660569 0.634899 0.323443 0.266033 0.365418 0.0197457 0.0973593 
23 12 8 
0.481955 0.131248 0.472138 0.604263 0.372473 0.652465 0.826558 0.439402 
24 22 7 
0.130538 0.581785 0.019821 0.362762 0.365917 0.650264 0.984711 0.978213 
25 29 49 
0.0352535 0.359171 0.191817 0.670153 0.682614 0.45785 0.035571 0.70236 
26 37 4 
0.630273 0.037164 0.589197 0.102411 0.641427 0.96167 0.754876 0.467984 
27 48 35 
0.342267 0.53161 0.742469 0.362088 0.894372 0.108386 0.0123518 0.879083 
28 18 23 
0.410331 0.121852 0.240467 0.602148 0.792005 0.923081 0.0599983 0.827576 
29 66 47 
0.285525 0.255714 0.652371 0.874722 0.358125 0.293798 0.836392 0.113001 
30 29 51 
0.273684 0.10405 0.769074 0.0161528 0.466138 0.663446 0.124539 0.47849 
31 13 11 
0.359785 0.95286 0.33299 0.600252 0.555009 0.124995 0.523333 0.615007 
32 0 2 
0.230215 0.238096 0.404487 0.882586 0.112817 0.762612 0.176384 0.949209 
33 38 67 
0.186673 0.149298 0.0422166 0.955746 0.165451 0.508354 0.619192 0.28999 
34 16 33 
0.501127 0.346629 0.114581 0.834117 0.946881 0.66959 0.959112 0.470214 
35 41 21 
0.618988 0.514812 0.149778 0.0234751 0.397398 0.262596 0.786088 0.573782 
36 16 46 
0.511949 0.398477 0.810999 0.554165 0.354224 0.97645 0.0625196 0.973415 
37 38 31 
0.135136 0.767567 0.395993 0.249717 0.601684 0.342874 0.919307 0.560796 
38 55 27 
0.472479 0.432076 0.718716 0.622257 0.455551 0.116113 0.884853 0.241639 
39 14 56 
0.90334 0.201844 0.495135 0.71434 0.756009 0.849359 0.69079 0.818529 
40 19 46 
0.867892 0.95791 0.724798 0.263885 0.207628 0.326482 0.606759 0.126935 
41 23 36 
0.330839 0.359757 0.851923 0.049555 0.982014 0.307474 0.165668 0.866866 
42 14 16 
0.963524 0.452453 0.0574073 0.458659 0.166793 0.813416 0.308017 0.857583 
43 40 7 
0.814813 0.499837 0.0887016 0.539611 0.763722 0.296329 0.866093 0.370481 
44 3 45 
0.790328 0.754103 0.113127 0.642251 0.803658 0.0951409 0.949725 0.969326 
45 39 34 
0.82489 0.925531 0.951291 0.882297 0.38419 0.118084 0.695714 0.692207 
46 54 55 
0.822999 0.79048 0.827496 0.9117 0.330091 0.591218 0.208029 0.196183 
47 18 4 
0.949554 0.752027 0.385396 0.0626814 0.394277 0.189055 0.157822 0.344002 
48 2 59 
0.84284 0.983271 0.0453606 0.79413 0.865568 0.429551 0.912214 0.561282 
49 6 42 
0.888941 0.944757 0.67836 0.716437 0.856457 0.00845093 0.307656 0.0644862 
50 21 58 
0.69578 0.154188 0.0213813 0.0811761 0.21687 0.415659 0.270231 0.374692 
51 36 57 
0.494522 0.6025 0.411883 0.539882 0.39663 0.277451 0.969433 0.308844 
52 3 15 
0.196725 0.727674 0.0359473 0.875085 0.444111 0.892404 0.883536 0.751766 
53 43 61 
0.021121 0.65267 0.242359 0.0425023 0.733846 0.459229 0.458161 0.00407673 
54 5 30 
0.328443 0.820321 0.844571 0.868325 0.216952 0.122022 0.837758 0.525796 
55 35 13 
0.722521 0.688428 0.964896 0.597606 0.132539 0.8573 0.481143 0.884305 
56 23 17 
0.905426 0.46686 0.811672 0.947929 0.200706 0.270901 0.40609 0.204783 
57 13 20 
0.637471 0.433264 0.444232 0.482042 0.301589 0.661184 0.604064 0.139347 
58 46 10 
0.0682952 0.909502 0.253247 0.0331908 0.507108 0.385786 0.890491 0.988251 
59 36 15 
0.557564 0.175518 0.171541 0.369236 0.123447 0.372247 0.640137 0.529536 
60 35 22 
0.153447 0.214501 0.178223 0.59768 0.696544 0.479812 0.258864 0.300608 
61 65 54 
0.865427 0.687454 0.355347 0.118674 0.720645 0.862455 0.50446 0.611136 
62 20 34 
0.315817 0.40827 0.950069 0.487357 0.777506 0.0735161 0.859604 0.417644 
63 38 66 
0.162602 0.7565 0.651136 0.340826 0.35418 0.347679 0.820638 0.613044 
64 20 0 
0.0588883 0.513714 0.127251 0.414235 0.632387 0.847896 0.27669 0.136847 
65 66 28 
0.911398 0.774849 0.535666 0.861468 0.262206 0.313172 0.934984 0.12181 
66 14 17 
0.558445 0.893418 0.294536 0.20958 0.234244 0.648715 0.55726 0.0548818 
67 61 52 
0.494679 0.320647 0.71926 0.62193 0.734882 0.351648 0.469826 0.0115718 
