33 4
1 1 0 0 1 0 1 0 1 1 0 0 0 1 0 0 1 0 0 0 1 0 0 0 0 0 0 0 1 0 1 1 1 
0 16 6 24 
0.901233 0.825351 0.724697 0.671229 0.945022 0.88672 0.0462242 0.351369 0.0884573 0.998983 0.939228 0.594295 0.969066 0.349903 0.621329 0.0330356 
1 6 0 18 
0.226669 0.802563 0.746588 0.955488 0.817984 0.432545 0.0634098 0.419652 0.822676 0.767089 0.659399 0.523959 0.668322 0.48475 0.248657 0.339551 
2 7 16 11 
0.781141 0.223834 0.384758 0.72037 0.81813 0.353824 0.0702726 0.439458 0.386859 0.463081 0.796363 0.0943725 0.68975 0.598927 0.840961 0.645238 
3 29 19 21 
0.836562 0.096182 0.475737 0.495961 0.620141 0.144058 0.98071 0.868798 0.483609 0.410483 0.00417483 0.869384 0.191624 0.228009 0.254142 0.911993 
4 7 26 12 
0.994824 0.445346 0.28196 0.0891969 0.135096 0.880887 0.930157 0.780334 0.297797 0.203663 0.488982 0.134359 0.299845 0.964719 0.630319 0.919986 
5 10 1 29 
0.592386 0.0215124 0.792959 0.46177 0.213136 0.0209681 0.715912 0.125129 0.0671066 0.323877 0.107395 0.552703 0.318701 0.552742 0.834663 0.407898 
6 8 28 21 
0.468172 0.0133469 0.541718 0.957154 0.147705 0.841563 0.921873 0.778025 0.76155 0.0306498 0.389055 0.550334 0.623036 0.410567 0.343293 0.0848059 
7 12 17 2 
0.748832 0.431368 0.124594 0.856228 0.984071 0.443295 0.408969 0.818734 0.851193 0.0968074 0.534285 0.189249 0.56498 0.547631 0.730967 0.522134 
8 6 29 9 
0.473362 0.33408 0.474657 0.862416 0.884414 0.0976928 0.272983 0.227707 0.182499 0.896686 0.591968 0.983216 0.645519 0.0233352 0.107811 0.501746 
9 16 17 21 
0.402299 0.00752314 0.360425 0.591548 0.572503 0.908056 0.322516 0.0946372 0.603393 0.895046 0.538644 0.0767549 0.229126 0.0133011 0.939171 0.11354 
10 19 16 32 
0.293493 0.108841 0.933215 0.276709 0.754359 0.95655 0.384519 0.256106 0.963956 0.935625 0.166821 0.790097 0.337925 0.174345 0.150522 0.929473 
11 10 15 1 
0.841485 0.661972 0.147035 0.380129 0.738727 0.376161 0.39343 0.677898 0.489702 0.504424 0.890052 0.830949 0.797917 0.998893 0.764164 0.0746256 
12 11 8 30 
0.00935804 0.68467 0.394771 0.176179 0.474767 0.732696 0.350524 0.625289 0.662169 0.0973716 0.683867 0.914158 0.938856 0.345839 0.0611927 0.318985 
13 6 15 9 
0.762464 0.927056 0.21684 0.652516 0.758004 0.0147563 0.651409 0.522168 0.0893819 0.404661 0.242882 0.548527 0.414019 0.927552 0.943298 0.590199 
14 17 19 32 
0.0276076 0.338162 0.0380942 0.711475 0.25232 0.976951 0.0573141 0.313512 0.295936 0.14188 0.750866 0.00835147 0.904343 0.677922 0.225191 0.556859 
15 28 8 26 
0.958094 0.329329 0.612929 0.200976 0.877856 0.0269479 0.128528 0.821154 0.617146 0.530846 0.497147 0.557869 0.558454 0.835309 0.595963 0.269929 
16 17 6 5 
0.401141 0.86885 0.469123 0.152007 0.877201 0.373467 0.829929 0.102392 0.930326 0.265856 0.34234 0.138594 0.22395 0.671669 0.751523 0.424926 
17 4 28 6 
0.370679 0.395617 0.0843003 0.867826 0.953486 0.642754 0.703135 0.549449 0.912684 0.790764 0.122363 0.239927 0.191905 0.991213 0.70905 0.343912 
18 0 23 22 
0.970806 0.0128423 0.439698 0.313146 0.151436 0.663648 0.984815 0.902959 0.0885737 0.53434 0.681429 0.642028 0.905019 0.077046 0.726328 0.772845 
19 11 24 18 
0.579981 0.281766 0.266745 0.702344 0.521692 0.45865 0.693556 0.230742 0.802562 0.56197 0.313259 0.976404 0.532776 0.326101 0.416102 0.845922 
20 3 26 8 
0.380496 0.168323 0.365076 0.0619247 0.810351 0.270095 0.138971 0.536678 0.0429405 0.169502 0.905761 0.518921 0.749483 0.187526 0.785666 0.451827 
21 28 29 16 
0.939961 0.0468773 0.707353 0.25322 0.0232813 0.240129 0.579321 0.439383 0.0860503 0.056858 0.519132 0.916786 0.437354 0.687456 0.281862 0.499278 
22 8 25 28 
0.0344846 0.594898 0.807752 0.940245 0.113819 0.557235 0.127771 0.899485 0.00906178 0.83699 0.1438 0.154445 0.776951 0.190677 0.861798 0.030171 
23 6 29 1 
0.653342 0.187977 0.66635 0.172474 0.104763 0.103704 0.859929 0.386626 0.602982 0.357736 0.938583 0.241231 0.39222 0.533481 0.0489826 0.332465 
24 11 4 5 
0.546785 0.615279 0.297227 0.690585 0.769724 0.0741783 0.881263 0.631522 0.104349 0.0952215 0.733448 0.713841 0.748563 0.921425 0.380191 0.921037 
25 18 3 0 
0.412814 0.0868766 0.138702 0.351397 0.328108 0.530922 0.884878 0.37709 0.863388 0.532179 0.983308 0.323625 0.0789641 0.598587 0.620852 0.76955 
26 28 24 16 
0.999833 0.799379 0.746034 0.733281 0.513221 0.494597 0.654706 0.893412 0.415634 0.680894 0.377306 0.1966 0.0937083 0.464183 0.335302 0.445105 
27 19 16 11 
0.729612 0.862162 0.152689 0.053237 0.941126 0.751276 0.674089 0.710676 0.119587 0.369119 0.361488 0.119419 0.168498 0.107522 0.852701 0.681719 
28 7 21 23 
0.017753 0.188301 0.952437 0.214353 0.28201 0.416619 0.549656 0.727115 0.20891 0.415881 0.0570987 0.378291 0.145493 0.919261 0.530979 0.19873 
29 27 14 21 
0.571064 0.401841 0.241937 0.932552 0.521261 0.410435 0.040074 0.373962 0.0921539 0.642193 0.881368 0.667284 0.659946 0.0696697 0.619721 0.8743 
30 21 20 32 
0.0787943 0.24525 0.839836 0.135893 0.623541 0.985329 0.055154 0.15452 0.184059 0.915542 0.436775 0.0568775 0.486605 0.838617 0.298815 0.419157 
31 4 26 11 
0.733839 0.801404 0.101424 0.615208 0.468688 0.76137 0.684877 0.0884089 0.63567 0.0365566 0.124749 0.0596252 0.115351 0.369999 0.899461 0.251244 
32 28 26 10 
0.221939 0.584835 0.125726 0.708544 0.423452 0.424541 0.127701 0.78333 0.133791 0.586932 0.517169 0.935196 0.688356 0.132377 0.403884 0.449726 
