1900 1
1 0 0 1 1 0 0 0 1 0 1 1 1 1 1 0 0 0 1 1 0 0 0 0 1 1 0 1 0 0 1 0 0 0 0 0 0 1 0 0 0 0 0 0 0 1 0 0 0 0 0 1 0 1 0 0 1 1 0 0 1 1 1 0 0 0 1 1 0 0 1 0 0 0 1 1 0 0 0 1 0 1 0 1 1 1 0 0 0 0 1 0 0 0 1 1 1 1 0 1 1 0 0 0 1 0 0 1 0 0 1 1 0 0 1 1 1 0 0 0 1 0 1 0 1 1 1 0 1 0 0 1 1 1 0 1 0 0 1 1 1 0 1 0 1 1 0 1 1 1 0 1 1 0 1 1 0 1 0 1 0 1 1 0 1 1 0 1 0 1 1 0 0 0 1 0 0 1 1 0 1 0 1 1 0 1 0 1 1 1 1 0 0 0 1 0 0 0 0 1 0 1 0 1 0 0 1 1 0 1 1 1 0 1 1 1 1 0 0 1 1 0 0 0 1 0 1 0 1 1 0 1 1 1 1 0 1 1 0 0 1 0 0 1 0 1 1 0 0 0 0 0 0 1 1 0 0 0 0 1 0 1 1 0 0 1 1 0 0 0 1 0 0 1 0 1 1 1 1 0 0 0 0 1 1 0 1 0 1 0 0 0 0 0 1 1 1 1 0 0 1 1 1 0 1 1 0 1 1 0 0 0 0 1 1 0 1 1 1 1 0 1 1 1 0 1 0 0 0 1 1 0 1 0 1 1 0 0 1 0 0 1 1 1 1 1 0 1 1 0 0 0 0 0 1 0 0 0 1 1 0 0 0 1 1 0 1 0 0 0 1 1 0 1 1 0 0 0 1 0 1 0 0 1 1 0 0 0 1 0 1 0 1 0 0 1 0 1 0 1 0 0 1 1 1 1 0 0 0 0 1 0 1 0 0 1 1 1 1 1 1 1 1 1 0 0 0 1 0 1 1 1 1 1 1 1 1 1 0 0 0 0 0 1 0 1 1 0 0 1 1 0 1 1 0 1 0 1 1 0 0 0 0 0 0 1 0 1 1 1 0 0 0 1 0 1 0 1 1 1 1 1 0 0 1 1 0 0 0 0 1 1 1 1 0 1 1 1 1 1 1 0 0 0 1 0 1 0 0 1 0 0 1 1 1 1 1 0 0 0 0 1 0 0 1 1 0 1 1 0 1 1 0 0 1 0 1 1 1 0 1 0 0 1 0 0 1 0 0 0 0 1 0 1 0 0 0 0 0 0 1 0 1 0 0 1 1 0 1 1 0 1 0 1 1 1 0 1 1 1 0 0 1 0 0 1 1 1 0 1 1 0 0 1 0 1 1 0 1 1 1 0 1 0 0 1 1 1 1 1 0 0 0 0 1 1 0 0 0 1 0 0 1 1 0 0 0 0 1 0 0 1 1 0 1 0 0 1 0 0 1 1 1 0 1 0 0 0 1 1 1 0 0 1 0 1 0 1 0 0 0 1 1 0 0 1 1 1 1 1 0 1 1 1 0 1 0 1 1 0 0 1 1 1 1 0 0 0 1 1 1 0 0 1 0 1 1 0 0 1 0 1 1 1 1 0 1 0 1 1 1 0 1 1 0 1 1 1 0 1 0 1 0 1 1 1 1 0 1 0 0 0 1 1 0 1 0 1 1 0 1 1 1 0 0 1 0 0 1 0 0 0 0 1 0 0 0 1 1 0 0 1 1 0 1 1 1 0 1 1 0 1 1 0 0 0 0 0 1 1 1 0 0 0 1 0 1 0 0 0 1 1 0 1 1 0 1 1 1 1 1 0 0 1 0 1 1 1 0 1 1 0 1 1 1 1 0 0 0 1 1 0 1 0 0 1 1 1 1 1 1 1 1 0 0 0 1 0 0 0 0 1 0 0 1 0 0 0 1 1 0 1 0 0 0 0 1 0 0 1 1 0 0 1 0 1 0 0 0 1 1 1 1 0 1 1 0 0 0 0 1 1 1 0 1 0 1 1 0 0 1 0 0 0 0 1 0 1 0 1 1 0 0 0 0 0 0 1 1 0 0 1 0 0 1 0 0 1 0 1 1 1 0 0 0 1 0 0 1 1 0 1 0 1 0 1 0 0 1 1 1 1 1 0 0 1 0 1 0 1 1 0 1 0 1 1 0 0 0 0 0 1 1 1 0 0 0 1 1 0 1 1 0 0 1 0 0 0 0 1 0 1 0 1 0 0 1 0 1 0 1 0 0 1 1 1 1 0 0 1 1 0 0 1 1 0 0 1 1 1 1 0 1 1 0 1 0 0 0 1 1 0 0 1 1 0 1 1 1 0 1 0 0 0 0 0 1 1 0 1 1 1 1 0 1 0 0 0 0 1 0 0 0 0 0 0 1 1 0 0 0 1 1 1 0 0 1 1 0 0 1 0 0 1 1 0 1 0 0 0 0 1 1 0 0 1 1 1 1 1 0 0 1 0 1 0 1 1 0 0 0 1 1 0 1 0 1 1 1 0 0 1 1 1 0 0 1 0 0 1 0 1 0 0 0 0 0 0 0 1 1 0 1 0 1 0 1 1 0 1 1 0 1 1 0 0 0 0 0 0 0 1 0 1 1 0 1 0 1 0 0 0 1 1 1 1 0 1 0 1 1 0 0 0 0 1 1 1 0 0 0 1 1 0 0 1 1 0 0 1 1 1 0 0 1 0 0 0 0 1 1 1 0 0 0 1 1 0 0 0 0 1 1 0 0 0 0 0 1 1 1 1 1 0 0 0 0 0 1 1 0 1 1 0 1 0 0 1 0 1 0 1 0 0 0 1 1 1 1 1 1 1 0 1 0 1 0 1 0 1 0 0 1 0 1 1 0 0 1 1 1 1 1 0 0 0 0 1 0 0 1 0 0 0 0 0 1 0 0 0 0 1 1 0 1 1 1 0 1 1 0 1 1 0 0 1 1 1 1 0 1 1 1 0 1 0 1 1 1 1 0 0 1 1 0 1 1 0 0 1 0 1 1 1 0 0 1 0 1 1 1 1 1 1 0 1 1 1 1 1 1 1 1 1 1 0 0 1 1 1 0 0 0 0 0 1 0 0 1 0 0 1 0 1 0 1 1 0 1 0 0 1 0 0 0 0 1 1 0 1 1 1 1 0 1 0 1 0 0 1 1 1 1 0 1 0 0 0 1 1 1 1 1 0 0 0 1 1 0 0 1 1 1 1 0 1 1 0 0 0 0 0 0 1 1 1 0 0 0 1 0 0 1 1 1 0 0 1 0 0 0 1 0 0 1 1 0 1 1 1 0 0 0 0 0 0 0 0 0 1 0 1 0 0 1 0 1 1 0 1 0 1 1 1 1 1 1 0 0 1 1 1 1 0 0 0 0 1 1 1 1 0 1 0 1 0 1 0 0 0 0 1 1 0 1 1 0 1 0 1 0 0 0 0 0 1 1 1 0 0 1 0 1 1 0 0 0 0 1 1 0 0 1 0 1 1 0 0 0 1 1 1 1 0 0 0 0 0 0 1 1 0 1 0 0 0 1 0 1 1 0 0 0 1 1 0 1 0 1 0 1 1 0 1 0 1 0 0 1 1 0 1 0 0 0 1 1 0 0 0 0 0 1 1 0 0 0 0 1 1 0 1 1 1 1 1 0 0 0 0 0 1 0 1 1 0 0 1 1 1 0 1 0 1 1 1 0 1 1 0 1 0 1 1 0 1 1 1 1 0 0 0 1 0 1 1 1 0 1 1 0 1 1 0 1 0 0 0 0 0 1 0 1 1 0 1 0 1 1 0 0 1 1 0 0 1 0 0 0 1 0 0 1 1 1 1 0 0 0 1 0 0 0 0 1 1 0 0 1 1 1 1 1 1 0 0 0 0 1 1 0 0 0 0 0 0 0 1 0 1 1 1 0 0 0 0 1 0 1 1 0 1 1 0 0 1 1 1 0 1 1 1 0 1 0 0 0 1 0 1 1 1 1 0 0 1 0 0 0 0 1 1 1 1 0 0 1 0 0 0 0 0 0 1 0 1 0 0 1 0 0 1 0 1 1 1 1 0 1 0 1 1 0 1 1 1 0 0 0 1 1 1 1 1 1 0 1 1 1 0 0 1 0 1 1 0 1 1 1 1 0 0 1 1 0 0 1 0 1 0 0 1 0 0 1 0 0 0 0 0 1 1 0 0 1 0 0 0 0 0 0 1 1 1 1 1 0 1 0 0 0 1 0 1 1 1 1 0 0 0 1 0 1 1 1 1 0 0 0 0 0 0 0 0 0 1 0 1 1 1 
0 
0.858979 0.0240795 
1 
0.153159 0.832587 
2 
0.67247 0.0464668 
3 
0.724574 0.542506 
4 
0.357241 0.251022 
5 
0.582586 0.458496 
6 
0.397977 0.0732048 
7 
0.18022 0.533438 
8 
0.344204 0.42503 
9 
0.452406 0.94725 
10 
0.776702 0.612802 
11 
0.865141 0.315081 
12 
0.858637 0.72852 
13 
0.515606 0.663246 
14 
0.315632 0.931353 
15 
0.102668 0.174611 
16 
0.955433 0.255827 
17 
0.00719853 0.627902 
18 
0.302294 0.731772 
19 
0.170409 0.659535 
20 
0.982795 0.752995 
21 
0.11803 0.380772 
22 
0.8262 0.29825 
23 
0.91421 0.170404 
24 
0.72328 0.366616 
25 
0.117655 0.499982 
26 
0.979418 0.982795 
27 
0.815063 0.838054 
28 
0.711315 0.330668 
29 
0.5013 0.026947 
30 
0.262022 0.603968 
31 
0.201558 0.217455 
32 
0.859795 0.208757 
33 
0.845357 0.162089 
34 
0.940529 0.0157657 
35 
0.821623 0.923324 
36 
0.768761 0.939654 
37 
0.304096 0.59496 
38 
0.237904 0.218306 
39 
0.765365 0.961184 
40 
0.584921 0.883019 
41 
0.461165 0.564339 
42 
0.865814 0.276228 
43 
0.402393 0.577129 
44 
0.606897 0.903693 
45 
0.604076 0.868919 
46 
0.507661 0.805634 
47 
0.0863734 0.367456 
48 
0.0143912 0.93173 
49 
0.529545 0.95492 
50 
0.947496 0.351168 
51 
0.878244 0.716257 
52 
0.290822 0.18234 
53 
0.311217 0.528725 
54 
0.400646 0.0765819 
55 
0.489909 0.985567 
56 
0.959601 0.951075 
57 
0.549906 0.825415 
58 
0.227303 0.9523 
59 
0.402544 0.8342 
60 
0.855993 0.00662055 
61 
0.703119 0.363654 
62 
0.812255 0.789492 
63 
0.73111 0.826646 
64 
0.721222 0.260655 
65 
0.781567 0.668719 
66 
0.611823 0.659811 
67 
0.384975 0.902645 
68 
0.842151 0.696193 
69 
0.431371 0.242797 
70 
0.772774 0.92128 
71 
0.228364 0.732376 
72 
0.872354 0.778271 
73 
0.557791 0.0996575 
74 
0.73057 0.960335 
75 
0.933857 0.586563 
76 
0.966956 0.636976 
77 
0.950217 0.779211 
78 
0.426468 0.681327 
79 
0.605857 0.14769 
80 
0.941983 0.387424 
81 
0.816409 0.553806 
82 
0.0472345 0.201384 
83 
0.456451 0.889386 
84 
0.897577 0.887821 
85 
0.132183 0.670351 
86 
0.809101 0.360547 
87 
0.402727 0.681456 
88 
0.138818 0.960518 
89 
0.781113 0.869388 
90 
0.920853 0.71497 
91 
0.455951 0.887809 
92 
0.351946 0.406168 
93 
0.66702 0.778414 
94 
0.0874952 0.272877 
95 
0.926104 0.0294777 
96 
0.6603 0.742513 
97 
0.583283 0.707535 
98 
0.943897 0.0397344 
99 
0.59692 0.841474 
100 
0.927556 0.729103 
101 
0.511825 0.736657 
102 
0.08965 0.914552 
103 
0.418113 0.228468 
104 
0.87507 0.199226 
105 
0.0978553 0.795923 
106 
0.914196 0.553806 
107 
0.683732 0.266142 
108 
0.959974 0.350752 
109 
0.0445566 0.047469 
110 
0.623628 0.970661 
111 
0.0769467 0.283929 
112 
0.713174 0.66023 
113 
0.991463 0.657072 
114 
0.699965 0.588384 
115 
0.498546 0.62752 
116 
0.317487 0.0103715 
117 
0.364177 0.407137 
118 
0.924924 0.78229 
119 
0.635604 0.799994 
120 
0.981516 0.73346 
121 
0.595917 0.895712 
122 
0.287266 0.279648 
123 
0.161854 0.24724 
124 
0.6304 0.206411 
125 
0.294708 0.254028 
126 
0.177072 0.371655 
127 
0.537957 0.890246 
128 
0.0318853 0.52942 
129 
0.547318 0.73185 
130 
0.117804 0.0458643 
131 
0.35937 0.435291 
132 
0.0562358 0.723548 
133 
0.842428 0.981159 
134 
0.505838 0.478032 
135 
0.781153 0.487354 
136 
0.211492 0.37707 
137 
0.383065 0.498757 
138 
0.656718 0.54492 
139 
0.745997 0.287118 
140 
0.751331 0.0407055 
141 
0.541147 0.928403 
142 
0.412361 0.0791035 
143 
0.818649 0.444246 
144 
0.608524 0.365968 
145 
0.176096 0.726328 
146 
0.411832 0.535466 
147 
0.161619 0.468068 
148 
0.259014 0.0040462 
149 
0.449227 0.764851 
150 
0.482078 0.23038 
151 
0.252205 0.69357 
152 
0.60745 0.63527 
153 
0.192327 0.264168 
154 
0.18019 0.938324 
155 
0.551286 0.931521 
156 
0.97903 0.0924327 
157 
0.859924 0.39139 
158 
0.171536 0.678573 
159 
0.835636 0.78006 
160 
0.044541 0.0117318 
161 
0.506388 0.456373 
162 
0.547198 0.668007 
163 
0.924441 0.806211 
164 
0.672053 0.373668 
165 
0.571063 0.154131 
166 
0.604048 0.823267 
167 
0.847701 0.211498 
168 
0.458538 0.0400279 
169 
0.475667 0.638728 
170 
0.978352 0.0269527 
171 
0.570249 0.957382 
172 
0.119385 0.430172 
173 
0.348772 0.290922 
174 
0.108746 0.184408 
175 
0.0709817 0.153287 
176 
0.19614 0.57737 
177 
0.60966 0.743337 
178 
0.245376 0.5341 
179 
0.549549 0.917429 
180 
0.907768 0.120611 
181 
0.0715602 0.511817 
182 
0.943879 0.919261 
183 
0.723315 0.402416 
184 
0.959289 0.198982 
185 
0.041144 0.937641 
186 
0.225934 0.611393 
187 
0.895023 0.34532 
188 
0.041565 0.243794 
189 
0.636241 0.150311 
190 
0.428202 0.707223 
191 
0.303597 0.624342 
192 
0.284593 0.913257 
193 
0.367679 0.529969 
194 
0.447357 0.917228 
195 
0.447399 0.355126 
196 
0.0378396 0.518959 
197 
0.866943 0.981718 
198 
0.43822 0.590258 
199 
0.384135 0.397509 
200 
0.78924 0.425279 
201 
0.33515 0.015174 
202 
0.0366714 0.230172 
203 
0.360494 0.0782364 
204 
0.473967 0.996735 
205 
0.228547 0.902169 
206 
0.703958 0.532144 
207 
0.526511 0.988551 
208 
0.445401 0.89419 
209 
0.518521 0.892759 
210 
0.811419 0.965919 
211 
0.247884 0.849258 
212 
0.484878 0.114827 
213 
0.830977 0.923098 
214 
0.705085 0.215111 
215 
0.320606 0.494324 
216 
0.64039 0.655756 
217 
0.509498 0.677061 
218 
0.885928 0.869992 
219 
0.755298 0.359895 
220 
0.866727 0.983845 
221 
0.262064 0.570686 
222 
0.515989 0.788575 
223 
0.559237 0.961391 
224 
0.682765 0.0777579 
225 
0.854149 0.494184 
226 
0.0436771 0.102034 
227 
0.343442 0.528555 
228 
0.216861 0.174419 
229 
0.451653 0.921946 
230 
0.38953 0.772259 
231 
0.41627 0.0299202 
232 
0.428015 0.925768 
233 
0.706982 0.313944 
234 
0.795761 0.46228 
235 
0.673839 0.662488 
236 
0.446125 0.935903 
237 
0.233174 0.962114 
238 
0.724477 0.792411 
239 
0.923505 0.407243 
240 
0.870169 0.777654 
241 
0.901427 0.913846 
242 
0.879688 0.244869 
243 
0.442402 0.0965489 
244 
0.419288 0.894054 
245 
0.0184946 0.808818 
246 
0.666314 0.434765 
247 
0.838738 0.0943289 
248 
0.360533 0.54572 
249 
0.408273 0.156294 
250 
0.00799913 0.0821113 
251 
0.818782 0.454124 
252 
0.0180139 0.051956 
253 
0.416238 0.742491 
254 
0.844367 0.339742 
255 
0.149734 0.714537 
256 
0.117396 0.0511608 
257 
0.628383 0.997084 
258 
0.29603 0.0707846 
259 
0.0936331 0.715317 
260 
0.964839 0.112128 
261 
0.524135 0.631153 
262 
0.546892 0.362873 
263 
0.725481 0.907426 
264 
0.908592 0.133754 
265 
0.0637195 0.916591 
266 
0.215865 0.882502 
267 
0.370715 0.233879 
268 
0.934458 0.786953 
269 
0.976371 0.778825 
270 
0.126695 0.126105 
271 
0.493362 0.244091 
272 
0.177266 0.121745 
273 
0.241176 0.473295 
274 
0.192529 0.334809 
275 
0.188613 0.157368 
276 
0.446936 0.712748 
277 
0.788521 0.993829 
278 
0.0756203 0.514002 
279 
0.901254 0.984213 
280 
0.647756 0.964974 
281 
0.900804 0.863622 
282 
0.847475 0.271519 
283 
0.097501 0.781933 
284 
0.0584718 0.0738717 
285 
0.560758 0.185167 
286 
0.199976 0.0541195 
287 
0.429258 0.377242 
288 
0.175864 0.670434 
289 
0.850538 0.368393 
290 
0.00524218 0.0391501 
291 
0.525762 0.452179 
292 
0.751898 0.314282 
293 
0.446007 0.827518 
294 
0.828285 0.347262 
295 
0.81173 0.476041 
296 
0.312236 0.712534 
297 
0.339663 0.159711 
298 
0.984054 0.437164 
299 
0.941644 0.0425254 
300 
0.511035 0.502402 
301 
0.227692 0.711012 
302 
0.556522 0.65695 
303 
0.0882539 0.732386 
304 
0.327384 0.938791 
305 
0.100779 0.332626 
306 
0.977941 0.626541 
307 
0.784805 0.729839 
308 
0.940824 0.230812 
309 
0.557357 0.769108 
310 
0.578074 0.369087 
311 
0.245149 0.890309 
312 
0.0816218 0.584812 
313 
0.0500204 0.0656754 
314 
0.0219753 0.991665 
315 
0.108201 0.533011 
316 
0.494067 0.335893 
317 
0.244022 0.0505884 
318 
0.992843 0.332276 
319 
0.782974 0.320227 
320 
0.271068 0.883754 
321 
0.652853 0.249009 
322 
0.510295 0.437658 
323 
0.978848 0.451118 
324 
0.66847 0.536205 
325 
0.220226 0.246543 
326 
0.905292 0.465375 
327 
0.136852 0.986914 
328 
0.0501872 0.186873 
329 
0.0525897 0.0721624 
330 
0.178538 0.16079 
331 
0.605173 0.672604 
332 
0.496684 0.849195 
333 
0.723193 0.489527 
334 
0.181471 0.506167 
335 
0.809754 0.452539 
336 
0.389921 0.462607 
337 
0.701548 0.900215 
338 
0.900265 0.680396 
339 
0.351334 0.568735 
340 
0.216601 0.57156 
341 
0.815278 0.121894 
342 
0.0369355 0.95213 
343 
0.108808 0.0871227 
344 
0.139003 0.161398 
345 
0.159285 0.317541 
346 
0.322188 0.764458 
347 
0.990145 0.818872 
348 
0.613653 0.713338 
349 
0.308399 0.795125 
350 
0.219505 0.118153 
351 
0.247664 0.609425 
352 
0.58076 0.949212 
353 
0.509641 0.481025 
354 
0.629608 0.860975 
355 
0.0497597 0.846209 
356 
0.432535 0.865038 
357 
0.968103 0.46947 
358 
0.817168 0.0769112 
359 
0.556593 0.956172 
360 
0.238309 0.715878 
361 
0.273712 0.560497 
362 
0.480336 0.263858 
363 
0.379369 0.0939893 
364 
0.977195 0.687768 
365 
0.889114 0.1967 
366 
0.80592 0.136778 
367 
0.806126 0.38668 
368 
0.0859896 0.315767 
369 
0.867705 0.715598 
370 
0.176741 0.917465 
371 
0.561807 0.609276 
372 
0.782503 0.52991 
373 
0.078746 0.599671 
374 
0.606821 0.635339 
375 
0.555842 0.84513 
376 
0.351217 0.829555 
377 
0.405627 0.831553 
378 
0.0934125 0.784996 
379 
0.925542 0.0706079 
380 
0.472764 0.814656 
381 
0.267308 0.278684 
382 
0.951434 0.0734341 
383 
0.665365 0.0374236 
384 
0.389201 0.53307 
385 
0.753021 0.565942 
386 
0.450535 0.314828 
387 
0.175218 0.233038 
388 
0.844738 0.253964 
389 
0.832709 0.451559 
390 
0.889303 0.388551 
391 
0.296689 0.240519 
392 
0.218106 0.702316 
393 
0.0720721 0.311518 
394 
0.487313 0.997614 
395 
0.382126 0.960077 
396 
0.81227 0.649435 
397 
0.238761 0.763704 
398 
0.722869 0.904126 
399 
0.801128 0.11207 
400 
0.437196 0.554149 
401 
0.678012 0.887732 
402 
0.868977 0.85323 
403 
0.120769 0.713715 
404 
0.107194 0.953478 
405 
0.165274 0.996496 
406 
0.342029 0.461963 
407 
0.237016 0.560135 
408 
0.16428 0.309088 
409 
0.871654 0.651593 
410 
0.306702 0.25378 
411 
0.61167 0.118972 
412 
0.903215 0.850431 
413 
0.882677 0.626084 
414 
0.754557 0.683804 
415 
0.738153 0.191754 
416 
0.237953 0.416165 
417 
0.0794851 0.10693 
418 
0.269394 0.200254 
419 
0.820645 0.376588 
420 
0.153733 0.98592 
421 
0.373084 0.495762 
422 
0.447883 0.6101 
423 
0.0558972 0.612162 
424 
0.919188 0.927551 
425 
0.263755 0.22589 
426 
0.181331 0.875425 
427 
0.344862 0.0845459 
428 
0.725855 0.227539 
429 
0.71063 0.480413 
430 
0.911343 0.448783 
431 
0.672166 0.149296 
432 
0.864948 0.751651 
433 
0.256227 0.134342 
434 
0.951906 0.076872 
435 
0.51093 0.105638 
436 
0.0627915 0.884014 
437 
0.6014 0.510674 
438 
0.494114 0.657297 
439 
0.122837 0.413302 
440 
0.584848 0.386592 
441 
0.639192 0.766179 
442 
0.262016 0.984054 
443 
0.850725 0.987872 
444 
0.211593 0.561355 
445 
0.468284 0.122936 
446 
0.0101377 0.140451 
447 
0.272232 0.875085 
448 
0.892102 0.528459 
449 
0.00942738 0.844008 
450 
0.605331 0.520357 
451 
0.949646 0.668122 
452 
0.404372 0.551047 
453 
0.178797 0.898486 
454 
0.208344 0.301633 
455 
0.311788 0.793192 
456 
0.688225 0.95098 
457 
0.559372 0.950241 
458 
0.935034 0.410097 
459 
0.938113 0.146627 
460 
0.971452 0.406398 
461 
0.269563 0.98159 
462 
0.546848 0.541795 
463 
0.856675 0.43895 
464 
0.0702534 0.866103 
465 
0.282958 0.675584 
466 
0.38646 0.232605 
467 
0.343706 0.790832 
468 
0.783651 0.522503 
469 
0.689318 0.991996 
470 
0.824136 0.00110588 
471 
0.785188 0.512361 
472 
0.952086 0.34456 
473 
0.462602 0.88712 
474 
0.754657 0.400715 
475 
0.0337471 0.72611 
476 
0.807113 0.30331 
477 
0.707699 0.353961 
478 
0.845105 0.564375 
479 
0.792912 0.915358 
480 
0.430478 0.0758701 
481 
0.590942 0.816938 
482 
0.308475 0.934648 
483 
0.607769 0.0921264 
484 
0.457151 0.297087 
485 
0.084122 0.281287 
486 
0.298193 0.86931 
487 
0.793648 0.250279 
488 
0.21387 0.256251 
489 
0.137399 0.968527 
490 
0.656966 0.171146 
491 
0.694637 0.464079 
492 
0.474456 0.402336 
493 
0.81804 0.319561 
494 
0.966711 0.610952 
495 
0.234919 0.397189 
496 
0.686822 0.825861 
497 
0.214126 0.995297 
498 
0.760509 0.821896 
499 
0.0874231 0.21766 
500 
0.118983 0.171545 
501 
0.498947 0.417176 
502 
0.0408552 0.292595 
503 
0.667455 0.254725 
504 
0.548846 0.804854 
505 
0.223253 0.205812 
506 
0.976 0.917889 
507 
0.669891 0.450457 
508 
0.320226 0.487931 
509 
0.770017 0.286937 
510 
0.0988823 0.00493586 
511 
0.684126 0.785704 
512 
0.830796 0.898252 
513 
0.781001 0.591305 
514 
0.720147 0.868424 
515 
0.808965 0.83913 
516 
0.0399691 0.307912 
517 
0.256306 0.0808243 
518 
0.600507 0.923761 
519 
0.33555 0.149353 
520 
0.728615 0.558802 
521 
0.355165 0.704616 
522 
0.476691 0.0250553 
523 
0.155073 0.796917 
524 
0.512986 0.92509 
525 
0.083854 0.611868 
526 
0.930026 0.76798 
527 
0.397572 0.760822 
528 
0.666231 0.178573 
529 
0.352127 0.386379 
530 
0.0469972 0.161093 
531 
0.225509 0.0869663 
532 
0.469005 0.481815 
533 
0.167791 0.0695122 
534 
0.405577 0.50334 
535 
0.218865 0.134192 
536 
0.0621421 0.57403 
537 
0.838808 0.538834 
538 
0.599085 0.993881 
539 
0.335751 0.112071 
540 
0.918971 0.419605 
541 
0.723939 0.848996 
542 
0.187584 0.121512 
543 
0.609818 0.853816 
544 
0.300085 0.961946 
545 
0.240194 0.347082 
546 
0.123038 0.465703 
547 
0.434048 0.592043 
548 
0.947519 0.601839 
549 
0.661555 0.353096 
550 
0.105179 0.880421 
551 
0.487288 0.167321 
552 
0.454451 0.326096 
553 
0.706155 0.0535362 
554 
0.319977 0.0419056 
555 
0.165607 0.238947 
556 
0.46151 0.889547 
557 
0.0879434 0.649095 
558 
0.0110587 0.697762 
559 
0.50291 0.311144 
560 
0.659708 0.743105 
561 
0.658226 0.782746 
562 
0.208808 0.0922743 
563 
0.374789 0.156327 
564 
0.694113 0.0363446 
565 
0.509423 0.799292 
566 
0.916765 0.99671 
567 
0.966614 0.371216 
568 
0.322806 0.672769 
569 
0.424752 0.642783 
570 
0.714674 0.59036 
571 
0.88173 0.176185 
572 
0.479907 0.969673 
573 
0.825279 0.490965 
574 
0.667435 0.32819 
575 
0.802109 0.327143 
576 
0.0712943 0.460335 
577 
0.109889 0.280103 
578 
0.552609 0.484678 
579 
0.43643 0.246723 
580 
0.521023 0.945852 
581 
0.046015 0.437788 
582 
0.942563 0.0126287 
583 
0.809004 0.265369 
584 
0.685397 0.233757 
585 
0.908152 0.400071 
586 
0.824116 0.789882 
587 
0.576256 0.304023 
588 
0.759555 0.401535 
589 
0.794988 0.426991 
590 
0.729725 0.597097 
591 
0.754134 0.801019 
592 
0.0574323 0.864023 
593 
0.0811215 0.610042 
594 
0.348701 0.517551 
595 
0.856764 0.869724 
596 
0.463403 0.902779 
597 
0.307512 0.405966 
598 
0.915408 0.116517 
599 
0.671335 0.600805 
600 
0.350273 0.579487 
601 
0.000876541 0.17439 
602 
0.369369 0.577132 
603 
0.478413 0.128925 
604 
0.978668 0.273401 
605 
0.555916 0.708392 
606 
0.870498 0.310049 
607 
0.509411 0.927931 
608 
0.174072 0.590533 
609 
0.537972 0.522773 
610 
0.108084 0.394736 
611 
0.392498 0.571488 
612 
0.297515 0.70001 
613 
0.977454 0.212923 
614 
0.816527 0.648789 
615 
0.813728 0.1668 
616 
0.228276 0.814605 
617 
0.34119 0.597646 
618 
0.391737 0.819602 
619 
0.72657 0.370405 
620 
0.0930034 0.282486 
621 
0.0787973 0.963502 
622 
0.592535 0.588209 
623 
0.891432 0.766608 
624 
0.178741 0.429404 
625 
0.289381 0.286825 
626 
0.824141 0.681879 
627 
0.858313 0.121656 
628 
0.381889 0.835767 
629 
0.334579 0.198416 
630 
0.484556 0.148308 
631 
0.365216 0.712832 
632 
0.962912 0.706405 
633 
0.310478 0.35465 
634 
0.526008 0.0370483 
635 
0.725055 0.619011 
636 
0.319534 0.803852 
637 
0.582513 0.91207 
638 
0.392061 0.473945 
639 
0.678678 0.570802 
640 
0.90335 0.968059 
641 
0.857628 0.72749 
642 
0.649938 0.71594 
643 
0.849146 0.0318267 
644 
0.551707 0.183725 
645 
0.230242 0.036263 
646 
0.332033 0.595458 
647 
0.749095 0.294945 
648 
0.301863 0.059573 
649 
0.649595 0.827871 
650 
0.0966213 0.37465 
651 
0.446882 0.416156 
652 
0.178502 0.0293952 
653 
0.328226 0.570563 
654 
0.50334 0.00690321 
655 
0.141365 0.40669 
656 
0.974962 0.998992 
657 
0.13418 0.6249 
658 
0.714933 0.983326 
659 
0.656727 0.26664 
660 
0.167051 0.886969 
661 
0.302903 0.499084 
662 
0.482427 0.0519979 
663 
0.794029 0.78429 
664 
0.111571 0.443625 
665 
0.612161 0.208192 
666 
0.818274 0.0590438 
667 
0.624348 0.996776 
668 
0.088439 0.952573 
669 
0.567339 0.591779 
670 
0.959477 0.708704 
671 
0.998469 0.934439 
672 
0.707696 0.132649 
673 
0.559339 0.422628 
674 
0.115975 0.216065 
675 
0.689268 0.283027 
676 
0.103034 0.992171 
677 
0.782111 0.585461 
678 
0.044169 0.57614 
679 
0.369751 0.15574 
680 
0.019765 0.981913 
681 
0.363932 0.838039 
682 
0.0409567 0.98828 
683 
0.834816 0.129396 
684 
0.940853 0.402155 
685 
0.721175 0.90033 
686 
0.110858 0.719644 
687 
0.834768 0.818554 
688 
0.852294 0.394107 
689 
0.241183 0.968269 
690 
0.610172 0.930451 
691 
0.251296 0.713207 
692 
0.922622 0.0334067 
693 
0.298668 0.966791 
694 
0.609547 0.668419 
695 
0.122531 0.629312 
696 
0.650332 0.486463 
697 
0.467352 0.691289 
698 
0.474743 0.302167 
699 
0.820685 0.415596 
700 
0.704322 0.54186 
701 
0.315926 0.815181 
702 
0.261504 0.150694 
703 
0.633735 0.113797 
704 
0.544801 0.874918 
705 
0.0820662 0.154973 
706 
0.805369 0.333362 
707 
0.86818 0.727991 
708 
0.366769 0.166848 
709 
0.694782 0.976316 
710 
0.835267 0.817313 
711 
0.605628 0.485599 
712 
0.303776 0.0729795 
713 
0.176888 0.778519 
714 
0.375147 0.997573 
715 
0.194115 0.0794691 
716 
0.539432 0.51004 
717 
0.89465 0.800936 
718 
0.660734 0.528385 
719 
0.914733 0.205535 
720 
0.403302 0.9968 
721 
0.360509 0.208671 
722 
0.330162 0.228689 
723 
0.936662 0.69693 
724 
0.395537 0.631444 
725 
0.673246 0.230804 
726 
0.448756 0.278874 
727 
0.716403 0.752532 
728 
0.351853 0.893291 
729 
0.531051 0.727 
730 
0.890864 0.725165 
731 
0.806469 0.430296 
732 
0.235205 0.701119 
733 
0.231232 0.89594 
734 
0.229504 0.145966 
735 
0.101475 0.632806 
736 
0.142765 0.461984 
737 
0.841477 0.472927 
738 
0.690672 0.778139 
739 
0.169857 0.086209 
740 
0.409582 0.843103 
741 
0.317013 0.858339 
742 
0.121977 0.0334157 
743 
0.610871 0.47383 
744 
0.926707 0.141922 
745 
0.200831 0.817571 
746 
0.867087 0.0073003 
747 
0.247867 0.102292 
748 
0.70842 0.479099 
749 
0.998232 0.937923 
750 
0.625065 0.0997069 
751 
0.570729 0.76783 
752 
0.561691 0.412206 
753 
0.240757 0.252363 
754 
0.190345 0.410614 
755 
0.338572 0.599927 
756 
0.253718 0.655585 
757 
0.458266 0.375695 
758 
0.689 0.0691369 
759 
0.849525 0.615707 
760 
0.211059 0.0503558 
761 
0.433278 0.0781455 
762 
0.0576561 0.681145 
763 
0.180438 0.766076 
764 
0.160244 0.17867 
765 
0.703999 0.785309 
766 
0.278377 0.274729 
767 
0.55314 0.840067 
768 
0.686935 0.793897 
769 
0.0924303 0.87728 
770 
0.204511 0.431002 
771 
0.477208 0.458229 
772 
0.086587 0.935474 
773 
0.833924 0.775587 
774 
0.00461045 0.683449 
775 
0.391295 0.215669 
776 
0.733804 0.824572 
777 
0.293814 0.791461 
778 
0.505717 0.474252 
779 
0.557536 0.665962 
780 
0.652922 0.261535 
781 
0.451271 0.931299 
782 
0.536264 0.00441034 
783 
0.771366 0.223199 
784 
0.798307 0.863797 
785 
0.100479 0.00281874 
786 
0.294799 0.577686 
787 
0.461048 0.381386 
788 
0.51316 0.294971 
789 
0.156973 0.51777 
790 
0.97842 0.548268 
791 
0.733439 0.712224 
792 
0.37284 0.0272539 
793 
0.503685 0.878558 
794 
0.501506 0.0612211 
795 
0.544519 0.154429 
796 
0.322756 0.99579 
797 
0.0857276 0.85902 
798 
0.000200375 0.857094 
799 
0.0822189 0.798508 
800 
0.720891 0.182698 
801 
0.801326 0.0156899 
802 
0.760384 0.262374 
803 
0.397076 0.273544 
804 
0.557346 0.554049 
805 
0.791315 0.535765 
806 
0.102317 0.524754 
807 
0.24799 0.475158 
808 
0.552008 0.751675 
809 
0.353715 0.0535146 
810 
0.812896 0.898235 
811 
0.207943 0.135652 
812 
0.894025 0.293671 
813 
0.994672 0.894225 
814 
0.150765 0.0768913 
815 
0.692733 0.871656 
816 
0.259589 0.494059 
817 
0.887345 0.0199734 
818 
0.756433 0.284421 
819 
0.293518 0.313779 
820 
0.838471 0.0848326 
821 
0.849544 0.940788 
822 
0.609587 0.0975341 
823 
0.415945 0.161595 
824 
0.849209 0.76966 
825 
0.21511 0.662105 
826 
0.667895 0.423053 
827 
0.797757 0.56192 
828 
0.716724 0.79243 
829 
0.456145 0.867488 
830 
0.869321 0.148877 
831 
0.739144 0.12891 
832 
0.642936 0.626489 
833 
0.148883 0.399369 
834 
0.910911 0.442401 
835 
0.713148 0.749381 
836 
0.527234 0.562692 
837 
0.690169 0.136821 
838 
0.660226 0.106114 
839 
0.298416 0.509435 
840 
0.875775 0.513526 
841 
0.17154 0.54367 
842 
0.936579 0.969297 
843 
0.105589 0.653302 
844 
0.761727 0.561734 
845 
0.520791 0.631048 
846 
0.710611 0.259934 
847 
0.759958 0.353547 
848 
0.886424 0.908841 
849 
0.752917 0.797334 
850 
0.351242 0.466065 
851 
0.546715 0.878476 
852 
0.0287571 0.236884 
853 
0.0152972 0.688983 
854 
0.342999 0.313713 
855 
0.198419 0.218773 
856 
0.827239 0.369959 
857 
0.762443 0.763818 
858 
0.339256 0.868032 
859 
0.41712 0.100983 
860 
0.429766 0.93791 
861 
0.73203 0.140377 
862 
0.197845 0.491988 
863 
0.493924 0.0842685 
864 
0.400829 0.246841 
865 
0.881603 0.752072 
866 
0.712906 0.428318 
867 
0.630548 0.741663 
868 
0.665203 0.645845 
869 
0.430647 0.00820108 
870 
0.959558 0.629065 
871 
0.226974 0.786797 
872 
0.999024 0.989417 
873 
0.550615 0.33828 
874 
0.857449 0.967735 
875 
0.439263 0.287216 
876 
0.905645 0.171293 
877 
0.427593 0.10349 
878 
0.663281 0.921517 
879 
0.187759 0.0641099 
880 
0.168358 0.0693614 
881 
0.816181 0.881264 
882 
0.49768 0.446729 
883 
0.622928 0.162882 
884 
0.0925742 0.0535741 
885 
0.171083 0.0521324 
886 
0.682639 0.398057 
887 
0.83893 0.681663 
888 
0.387475 0.389545 
889 
0.0199434 0.244924 
890 
0.357279 0.459206 
891 
0.53214 0.262925 
892 
0.630499 0.959732 
893 
0.366415 0.29378 
894 
0.88125 0.554173 
895 
0.357889 0.0496079 
896 
0.623535 0.174071 
897 
0.930872 0.121214 
898 
0.6208 0.5538 
899 
0.284096 0.713374 
900 
0.607374 0.45518 
901 
0.765507 0.290014 
902 
0.853237 0.604436 
903 
0.971677 0.240712 
904 
0.993981 0.99162 
905 
0.485636 0.35126 
906 
0.450826 0.0177754 
907 
0.614185 0.0813253 
908 
0.977508 0.9806 
909 
0.375105 0.858757 
910 
0.534773 0.732994 
911 
0.908365 0.158308 
912 
0.907065 0.839238 
913 
0.279522 0.527865 
914 
0.393038 0.563619 
915 
0.24124 0.00041157 
916 
0.0187986 0.00674636 
917 
0.290425 0.872036 
918 
0.611183 0.262102 
919 
0.112747 0.605164 
920 
0.253723 0.598383 
921 
0.956424 0.704549 
922 
0.616159 0.570609 
923 
0.785874 0.593667 
924 
0.551208 0.160979 
925 
0.452424 0.0859815 
926 
0.893974 0.360789 
927 
0.24429 0.801039 
928 
0.200027 0.523812 
929 
0.328904 0.593064 
930 
0.0874309 0.570144 
931 
0.593476 0.10623 
932 
0.57689 0.883901 
933 
0.978265 0.188073 
934 
0.146003 0.0910128 
935 
0.793236 0.399725 
936 
0.689396 0.74966 
937 
0.104274 0.305555 
938 
0.320269 0.890149 
939 
0.899221 0.871477 
940 
0.0511278 0.351645 
941 
0.957459 0.945101 
942 
0.712434 0.201748 
943 
0.74614 0.912461 
944 
0.72556 0.0750444 
945 
0.505525 0.812991 
946 
0.645188 0.099001 
947 
0.919221 0.222078 
948 
0.982902 0.897486 
949 
0.410151 0.128905 
950 
0.988499 0.203388 
951 
0.52863 0.677895 
952 
0.953048 0.632905 
953 
0.98345 0.273317 
954 
0.523053 0.882671 
955 
0.144794 0.574181 
956 
0.234316 0.102252 
957 
0.519282 0.946751 
958 
0.304001 0.265423 
959 
0.859212 0.0295607 
960 
0.340467 0.364737 
961 
0.842552 0.985655 
962 
0.463738 0.761772 
963 
0.207734 0.44664 
964 
0.659258 0.617885 
965 
0.575544 0.647757 
966 
0.821273 0.104175 
967 
0.325652 0.774321 
968 
0.737079 0.309102 
969 
0.0476372 0.260133 
970 
0.191773 0.192431 
971 
0.834314 0.426089 
972 
0.294683 0.353596 
973 
0.37284 0.598684 
974 
0.619019 0.232052 
975 
0.628245 0.959485 
976 
0.596789 0.470796 
977 
0.945141 0.0605265 
978 
0.232569 0.152874 
979 
0.507166 0.891827 
980 
0.770759 0.0827106 
981 
0.539584 0.592032 
982 
0.186885 0.865236 
983 
0.366352 0.923965 
984 
0.174338 0.41399 
985 
0.184097 0.366111 
986 
0.606421 0.0184106 
987 
0.7922 0.901104 
988 
0.372007 0.16504 
989 
0.499788 0.991025 
990 
0.397092 0.128032 
991 
0.950511 0.993881 
992 
0.598829 0.895651 
993 
0.054407 0.831397 
994 
0.0485254 0.561573 
995 
0.723224 0.819285 
996 
0.644284 0.262808 
997 
0.411316 0.831169 
998 
0.128045 0.777669 
999 
0.755134 0.302382 
1000 
0.191658 0.939231 
1001 
0.668493 0.798079 
1002 
0.957641 0.460693 
1003 
0.699183 0.329648 
1004 
0.625734 0.198971 
1005 
0.320673 0.0228256 
1006 
0.327003 0.271183 
1007 
0.0167061 0.925831 
1008 
0.166835 0.0711131 
1009 
0.757229 0.21536 
1010 
0.632686 0.480453 
1011 
0.0346445 0.27697 
1012 
0.743261 0.445961 
1013 
0.108139 0.871306 
1014 
0.223629 0.863273 
1015 
0.173688 0.415288 
1016 
0.802504 0.842182 
1017 
0.213367 0.760145 
1018 
0.302875 0.912549 
1019 
0.089793 0.928609 
1020 
0.11152 0.410466 
1021 
0.951434 0.438523 
1022 
0.68165 0.96814 
1023 
0.364354 0.848484 
1024 
0.0392536 0.121583 
1025 
0.0638441 0.67194 
1026 
0.602036 0.0984887 
1027 
0.94891 0.345297 
1028 
0.544449 0.0570493 
1029 
0.216603 0.768079 
1030 
0.920322 0.390291 
1031 
0.183367 0.722826 
1032 
0.232473 0.396733 
1033 
0.482971 0.535348 
1034 
0.309283 0.572764 
1035 
0.463956 0.420803 
1036 
0.98323 0.41539 
1037 
0.859325 0.66488 
1038 
0.383531 0.22368 
1039 
0.513364 0.422784 
1040 
0.345262 0.577208 
1041 
0.0947244 0.947298 
1042 
0.675697 0.0436344 
1043 
0.292595 0.220146 
1044 
0.100684 0.509198 
1045 
0.988225 0.0210059 
1046 
0.899489 0.171592 
1047 
0.743832 0.131962 
1048 
0.568325 0.226803 
1049 
0.667309 0.877608 
1050 
0.799567 0.131265 
1051 
0.29841 0.782797 
1052 
0.546656 0.157735 
1053 
0.447677 0.930187 
1054 
0.381415 0.96104 
1055 
0.352971 0.726678 
1056 
0.538248 0.447696 
1057 
0.673976 0.213945 
1058 
0.49133 0.966571 
1059 
0.434091 0.592014 
1060 
0.475769 0.422316 
1061 
0.61302 0.375258 
1062 
0.593908 0.356851 
1063 
0.50722 0.162233 
1064 
0.583654 0.174529 
1065 
0.03984 0.383221 
1066 
0.305795 0.33825 
1067 
0.166018 0.852451 
1068 
0.495986 0.613695 
1069 
0.782637 0.877401 
1070 
0.574736 0.135609 
1071 
0.604078 0.112984 
1072 
0.583304 0.278054 
1073 
0.326929 0.0746342 
1074 
0.244625 0.76102 
1075 
0.666648 0.720394 
1076 
0.183336 0.279667 
1077 
0.0956527 0.777243 
1078 
0.636519 0.602873 
1079 
0.939476 0.220173 
1080 
0.777402 0.979316 
1081 
0.603394 0.0831967 
1082 
0.317566 0.769413 
1083 
0.935647 0.813552 
1084 
0.383108 0.718285 
1085 
0.690952 0.957843 
1086 
0.853893 0.29503 
1087 
0.0708273 0.437197 
1088 
0.573084 0.397756 
1089 
0.511832 0.81771 
1090 
0.158776 0.17848 
1091 
0.538104 0.342112 
1092 
0.458147 0.633757 
1093 
0.119355 0.094666 
1094 
0.236629 0.0588306 
1095 
0.314839 0.0140315 
1096 
0.0381465 0.918234 
1097 
0.0972283 0.355712 
1098 
0.687646 0.0328756 
1099 
0.169264 0.0707542 
1100 
0.75116 0.860216 
1101 
0.0285976 0.605053 
1102 
0.155247 0.0994248 
1103 
0.042251 0.728331 
1104 
0.497181 0.554083 
1105 
0.546041 0.655957 
1106 
0.732562 0.0841446 
1107 
0.998068 0.190709 
1108 
0.717901 0.117423 
1109 
0.285375 0.954531 
1110 
0.176254 0.600215 
1111 
0.968562 0.2144 
1112 
0.518448 0.0657906 
1113 
0.570113 0.206094 
1114 
0.0986662 0.739377 
1115 
0.276849 0.849826 
1116 
0.599593 0.305446 
1117 
0.45488 0.75484 
1118 
0.404871 0.497131 
1119 
0.483171 0.902052 
1120 
0.0512136 0.0292116 
1121 
0.558009 0.783776 
1122 
0.113356 0.556077 
1123 
0.974485 0.831257 
1124 
0.6735 0.259861 
1125 
0.785788 0.849754 
1126 
0.860075 0.754351 
1127 
0.0641546 0.378523 
1128 
0.820141 0.634267 
1129 
0.584618 0.918807 
1130 
0.373644 0.861466 
1131 
0.768634 0.973237 
1132 
0.166913 0.223514 
1133 
0.728077 0.571784 
1134 
0.720645 0.211248 
1135 
0.473836 0.771858 
1136 
0.240459 0.0318445 
1137 
0.555634 0.353816 
1138 
0.587922 0.53012 
1139 
0.185073 0.261422 
1140 
0.78998 0.970861 
1141 
0.111176 0.650056 
1142 
0.725212 0.175331 
1143 
0.0285789 0.545353 
1144 
0.809598 0.613197 
1145 
0.46416 0.183242 
1146 
0.474663 0.232794 
1147 
0.156479 0.641576 
1148 
0.456308 0.884556 
1149 
0.21336 0.176953 
1150 
0.0958042 0.687195 
1151 
0.948811 0.336264 
1152 
0.71904 0.504445 
1153 
0.690079 0.306962 
1154 
0.0345645 0.875152 
1155 
0.568384 0.824545 
1156 
0.846013 0.67956 
1157 
0.4746 0.571225 
1158 
0.854891 0.503179 
1159 
0.116578 0.664489 
1160 
0.116376 0.580739 
1161 
0.847731 0.591039 
1162 
0.813533 0.00421068 
1163 
0.232615 0.269841 
1164 
0.888767 0.445975 
1165 
0.446793 0.984571 
1166 
0.13317 0.395604 
1167 
0.320835 0.85221 
1168 
0.900049 0.0109139 
1169 
0.159171 0.934614 
1170 
0.886066 0.727555 
1171 
0.759158 0.732079 
1172 
0.407115 0.233759 
1173 
0.303305 0.262006 
1174 
0.736938 0.419883 
1175 
0.926495 0.853314 
1176 
0.000621976 0.774226 
1177 
0.444353 0.814155 
1178 
0.778437 0.676968 
1179 
0.0839959 0.667204 
1180 
0.122943 0.530789 
1181 
0.651775 0.256113 
1182 
0.926394 0.97261 
1183 
0.108323 0.826443 
1184 
0.983524 0.267494 
1185 
0.761057 0.86959 
1186 
0.995049 0.520215 
1187 
0.601669 0.402164 
1188 
0.753974 0.904974 
1189 
0.66417 0.490912 
1190 
0.324857 0.590665 
1191 
0.344226 0.325479 
1192 
0.364891 0.788579 
1193 
0.139634 0.143327 
1194 
0.465547 0.22363 
1195 
0.810531 0.58849 
1196 
0.754419 0.462306 
1197 
0.844603 0.680813 
1198 
0.434916 0.952925 
1199 
0.507256 0.418439 
1200 
0.22042 0.268313 
1201 
0.288029 0.215469 
1202 
0.788528 0.889698 
1203 
0.617633 0.542502 
1204 
0.794672 0.281803 
1205 
0.0334133 0.119529 
1206 
0.872468 0.377639 
1207 
0.445008 0.237359 
1208 
0.166218 0.584642 
1209 
0.380686 0.631765 
1210 
0.808272 0.191217 
1211 
0.220255 0.562691 
1212 
0.653523 0.0648574 
1213 
0.243504 0.0884387 
1214 
0.0177828 0.75076 
1215 
0.506878 0.238202 
1216 
0.019073 0.794907 
1217 
0.453671 0.807601 
1218 
0.684604 0.0713047 
1219 
0.350102 0.479276 
1220 
0.353108 0.383515 
1221 
0.598805 0.225576 
1222 
0.761155 0.0438129 
1223 
0.462935 0.927372 
1224 
0.628455 0.843622 
1225 
0.559137 0.436727 
1226 
0.0348388 0.779392 
1227 
0.999418 0.688362 
1228 
0.844249 0.242922 
1229 
0.776801 0.862032 
1230 
0.993683 0.283678 
1231 
0.100235 0.0127557 
1232 
0.0785849 0.553906 
1233 
0.820356 0.763189 
1234 
0.625211 0.170459 
1235 
0.242466 0.978319 
1236 
0.553974 0.841271 
1237 
0.203895 0.315129 
1238 
0.885084 0.666831 
1239 
0.242501 0.513538 
1240 
0.510452 0.801638 
1241 
0.950265 0.545291 
1242 
0.58103 0.949683 
1243 
0.233653 0.42528 
1244 
0.192605 0.0104533 
1245 
0.287312 0.186288 
1246 
0.294132 0.387546 
1247 
0.199044 0.372717 
1248 
0.941452 0.0194002 
1249 
0.135906 0.566663 
1250 
0.189859 0.378372 
1251 
0.544982 0.743833 
1252 
0.219642 0.748877 
1253 
0.0589612 0.104726 
1254 
0.415708 0.301462 
1255 
0.618264 0.92616 
1256 
0.1031 0.568529 
1257 
0.471451 0.684131 
1258 
0.518212 0.705104 
1259 
0.10941 0.710818 
1260 
0.715557 0.396722 
1261 
0.897106 0.00968846 
1262 
0.784269 0.0961499 
1263 
0.382405 0.725721 
1264 
0.11555 0.518311 
1265 
0.292384 0.305409 
1266 
0.896683 0.837366 
1267 
0.0492414 0.116325 
1268 
0.586244 0.108203 
1269 
0.22105 0.00195138 
1270 
0.409665 0.839315 
1271 
0.928111 0.512765 
1272 
0.407844 0.399562 
1273 
0.196896 0.926056 
1274 
0.104666 0.306306 
1275 
0.636874 0.820223 
1276 
0.703028 0.53398 
1277 
0.829911 0.487297 
1278 
0.63013 0.212316 
1279 
0.213018 0.74568 
1280 
0.730627 0.505402 
1281 
0.0510887 0.62731 
1282 
0.342768 0.10033 
1283 
0.743634 0.929012 
1284 
0.208533 0.964685 
1285 
0.930963 0.618198 
1286 
0.803999 0.859074 
1287 
0.130963 0.211843 
1288 
0.258637 0.327859 
1289 
0.137899 0.363302 
1290 
0.634165 0.774773 
1291 
0.183525 0.337194 
1292 
0.308754 0.0134359 
1293 
0.824491 0.938884 
1294 
0.225752 0.0375086 
1295 
0.684564 0.956379 
1296 
0.542911 0.735652 
1297 
0.583689 0.885679 
1298 
0.835982 0.327323 
1299 
0.814691 0.0445151 
1300 
0.292008 0.745654 
1301 
0.662713 0.0960069 
1302 
0.604728 0.793676 
1303 
0.30785 0.863365 
1304 
0.121535 0.44575 
1305 
0.226667 0.7557 
1306 
0.220523 0.410192 
1307 
0.0928935 0.529277 
1308 
0.423628 0.917384 
1309 
0.46816 0.64938 
1310 
0.954893 0.152724 
1311 
0.605759 0.497803 
1312 
0.888376 0.189448 
1313 
0.383482 0.724358 
1314 
0.516771 0.198173 
1315 
0.768874 0.808778 
1316 
0.943827 0.431586 
1317 
0.904785 0.548555 
1318 
0.225262 0.212635 
1319 
0.41192 0.346796 
1320 
0.658385 0.638587 
1321 
0.102496 0.878908 
1322 
0.0487795 0.19539 
1323 
0.408184 0.472408 
1324 
0.112774 0.876345 
1325 
0.121788 0.0676665 
1326 
0.0290684 0.727547 
1327 
0.56547 0.917444 
1328 
0.916995 0.948952 
1329 
0.641803 0.433765 
1330 
0.147125 0.410676 
1331 
0.242544 0.0909516 
1332 
0.842263 0.147329 
1333 
0.639507 0.0675247 
1334 
0.359964 0.0514266 
1335 
0.414321 0.0183486 
1336 
0.690014 0.516817 
1337 
0.897256 0.738793 
1338 
0.712207 0.305441 
1339 
0.211201 0.824981 
1340 
0.181785 0.332989 
1341 
0.892647 0.210854 
1342 
0.060536 0.458117 
1343 
0.128298 0.977531 
1344 
0.407069 0.770101 
1345 
0.411296 0.554194 
1346 
0.180778 0.65384 
1347 
0.645146 0.0230404 
1348 
0.801168 0.284653 
1349 
0.0905651 0.161132 
1350 
0.336079 0.504886 
1351 
0.179481 0.0260929 
1352 
0.0217036 0.0767372 
1353 
0.764886 0.733911 
1354 
0.382178 0.976087 
1355 
0.558892 0.563963 
1356 
0.309076 0.451539 
1357 
0.774817 0.369612 
1358 
0.909656 0.903115 
1359 
0.347143 0.316726 
1360 
0.673217 0.758439 
1361 
0.87092 0.853994 
1362 
0.412279 0.516066 
1363 
0.877035 0.213447 
1364 
0.800718 0.9676 
1365 
0.374579 0.136797 
1366 
0.472486 0.55406 
1367 
0.16289 0.494189 
1368 
0.630797 0.927777 
1369 
0.2281 0.012975 
1370 
0.903864 0.786992 
1371 
0.576938 0.21294 
1372 
0.238531 0.351756 
1373 
0.582553 0.148187 
1374 
0.254871 0.929696 
1375 
0.464913 0.928088 
1376 
0.688135 0.335832 
1377 
0.782082 0.100414 
1378 
0.851898 0.659116 
1379 
0.313861 0.652617 
1380 
0.626716 0.68844 
1381 
0.789414 0.0992019 
1382 
0.2425 0.952304 
1383 
0.593391 0.873297 
1384 
0.880081 0.821492 
1385 
0.886272 0.783945 
1386 
0.608483 0.46321 
1387 
0.996885 0.847014 
1388 
0.814966 0.579438 
1389 
0.995201 0.0698368 
1390 
0.509134 0.460113 
1391 
0.997924 0.197269 
1392 
0.795946 0.780006 
1393 
0.297683 0.647844 
1394 
0.439123 0.611544 
1395 
0.300461 0.0658386 
1396 
0.299983 0.0898745 
1397 
0.16504 0.542483 
1398 
0.0421787 0.758432 
1399 
0.41578 0.92226 
1400 
0.579923 0.302052 
1401 
0.706205 0.188407 
1402 
0.765262 0.70309 
1403 
0.0354204 0.580228 
1404 
0.282528 0.0306212 
1405 
0.650065 0.791662 
1406 
0.490735 0.647989 
1407 
0.988931 0.28668 
1408 
0.427995 0.286614 
1409 
0.934524 0.867118 
1410 
0.898158 0.234985 
1411 
0.932956 0.198141 
1412 
0.324859 0.0979968 
1413 
0.740624 0.367038 
1414 
0.856429 0.156404 
1415 
0.289298 0.436352 
1416 
0.458456 0.995502 
1417 
0.624758 0.223718 
1418 
0.698592 0.660179 
1419 
0.803945 0.98112 
1420 
0.6908 0.45401 
1421 
0.772783 0.181535 
1422 
0.101999 0.761714 
1423 
0.468215 0.529994 
1424 
0.0483278 0.40274 
1425 
0.397112 0.946485 
1426 
0.637725 0.330068 
1427 
0.144626 0.962584 
1428 
0.428065 0.88525 
1429 
0.329622 0.284494 
1430 
0.0416544 0.61892 
1431 
0.720846 0.50011 
1432 
0.614423 0.345604 
1433 
0.723828 0.313015 
1434 
0.0057829 0.527773 
1435 
0.294135 0.696583 
1436 
0.981783 0.066918 
1437 
0.878118 0.0837821 
1438 
0.828632 0.346333 
1439 
0.613776 0.87696 
1440 
0.749073 0.0108883 
1441 
0.823445 0.386797 
1442 
0.340957 0.968071 
1443 
0.349381 0.769022 
1444 
0.853322 0.679004 
1445 
0.0535153 0.894976 
1446 
0.297924 0.774361 
1447 
0.395086 0.912346 
1448 
0.119965 0.118914 
1449 
0.225361 0.125748 
1450 
0.646687 0.519497 
1451 
0.822331 0.62847 
1452 
0.586415 0.700449 
1453 
0.712253 0.415046 
1454 
0.0467815 0.326029 
1455 
0.292006 0.795854 
1456 
0.336917 0.115451 
1457 
0.182651 0.677874 
1458 
0.0835225 0.532033 
1459 
0.446895 0.936844 
1460 
0.211036 0.500411 
1461 
0.831821 0.50896 
1462 
0.274771 0.226907 
1463 
0.421306 0.394736 
1464 
0.345821 0.646667 
1465 
0.520484 0.992509 
1466 
0.166164 0.342815 
1467 
0.620979 0.752578 
1468 
0.0432634 0.333232 
1469 
0.167625 0.0900449 
1470 
0.659261 0.459631 
1471 
0.885899 0.996178 
1472 
0.575082 0.0685503 
1473 
0.674052 0.658604 
1474 
0.600583 0.120947 
1475 
0.595449 0.811619 
1476 
0.621357 0.427269 
1477 
0.320579 0.896129 
1478 
0.654177 0.741885 
1479 
0.290865 0.999998 
1480 
0.388552 0.811349 
1481 
0.992507 0.554716 
1482 
0.154164 0.613486 
1483 
0.307294 0.197427 
1484 
0.946718 0.474919 
1485 
0.287472 0.605978 
1486 
0.934549 0.173371 
1487 
0.602156 0.509631 
1488 
0.241922 0.276208 
1489 
0.168235 0.842504 
1490 
0.397155 0.763684 
1491 
0.654123 0.018512 
1492 
0.190953 0.974702 
1493 
0.914641 0.84513 
1494 
0.716587 0.205506 
1495 
0.845128 0.105139 
1496 
0.0168548 0.837635 
1497 
0.659855 0.171019 
1498 
0.451121 0.967149 
1499 
0.368446 0.397839 
1500 
0.442068 0.655918 
1501 
0.00381699 0.376618 
1502 
0.82929 0.605973 
1503 
0.886249 0.0712111 
1504 
0.882181 0.0544842 
1505 
0.913715 0.279336 
1506 
0.818168 0.567839 
1507 
0.297848 0.00912133 
1508 
0.542541 0.212488 
1509 
0.854251 0.259128 
1510 
0.417994 0.699379 
1511 
0.364267 0.434849 
1512 
0.537014 0.0241223 
1513 
0.605868 0.988135 
1514 
0.991272 0.974314 
1515 
0.385973 0.43334 
1516 
0.630232 0.38979 
1517 
0.809958 0.459522 
1518 
0.995763 0.696207 
1519 
0.530733 0.877944 
1520 
0.750691 0.444448 
1521 
0.15728 0.568859 
1522 
0.0122867 0.455128 
1523 
0.57798 0.554828 
1524 
0.667616 0.432231 
1525 
0.813955 0.0856101 
1526 
0.131611 0.178223 
1527 
0.520459 0.668625 
1528 
0.202345 0.126327 
1529 
0.656759 0.193617 
1530 
0.10064 0.0427324 
1531 
0.626957 0.730872 
1532 
0.432523 0.436914 
1533 
0.190394 0.428286 
1534 
0.133121 0.721126 
1535 
0.306231 0.883812 
1536 
0.165575 0.463511 
1537 
0.452671 0.177861 
1538 
0.918638 0.030651 
1539 
0.732689 0.586254 
1540 
0.462882 0.546644 
1541 
0.671864 0.594493 
1542 
0.724867 0.192323 
1543 
0.263118 0.927212 
1544 
0.31865 0.919877 
1545 
0.120828 0.41929 
1546 
0.962609 0.747785 
1547 
0.150163 0.395132 
1548 
0.184699 0.340557 
1549 
0.823418 0.31782 
1550 
0.0616832 0.129648 
1551 
0.201632 0.227258 
1552 
0.593159 0.654303 
1553 
0.405119 0.511797 
1554 
0.684954 0.137808 
1555 
0.0980518 0.147836 
1556 
0.684452 0.769916 
1557 
0.742329 0.409319 
1558 
0.96224 0.00544703 
1559 
0.336531 0.28089 
1560 
0.925324 0.457359 
1561 
0.70018 0.887933 
1562 
0.205144 0.850343 
1563 
0.283065 0.389843 
1564 
0.1909 0.106483 
1565 
0.707664 0.252583 
1566 
0.236131 0.909296 
1567 
0.479841 0.82929 
1568 
0.563599 0.88496 
1569 
0.341087 0.248553 
1570 
0.0227674 0.439139 
1571 
0.396389 0.70722 
1572 
0.209055 0.138719 
1573 
0.116539 0.171295 
1574 
0.144166 0.453069 
1575 
0.452185 0.0694894 
1576 
0.910428 0.152365 
1577 
0.957422 0.115572 
1578 
0.00270822 0.240487 
1579 
0.505416 0.193608 
1580 
0.34697 0.213079 
1581 
0.446191 0.583101 
1582 
0.122375 0.926032 
1583 
0.412391 0.685974 
1584 
0.810991 0.753478 
1585 
0.934527 0.833759 
1586 
0.192617 0.330916 
1587 
0.540978 0.401673 
1588 
0.469634 0.657517 
1589 
0.572968 0.6138 
1590 
0.110586 0.0251529 
1591 
0.683289 0.0210144 
1592 
0.177518 0.640711 
1593 
0.136587 0.180226 
1594 
0.881198 0.642003 
1595 
0.373834 0.228168 
1596 
0.855082 0.820025 
1597 
0.811269 0.977457 
1598 
0.746057 0.22366 
1599 
0.663431 0.557048 
1600 
0.977138 0.597958 
1601 
0.390806 0.169756 
1602 
0.928873 0.931784 
1603 
0.571428 0.398507 
1604 
0.589301 0.144396 
1605 
0.0123068 0.699887 
1606 
0.169549 0.695596 
1607 
0.720902 0.347067 
1608 
0.336307 0.857488 
1609 
0.527294 0.217506 
1610 
0.499491 0.901128 
1611 
0.445674 0.354573 
1612 
0.721153 0.256943 
1613 
0.33203 0.46721 
1614 
0.480602 0.995461 
1615 
0.0242575 0.45774 
1616 
0.593419 0.415064 
1617 
0.627496 0.522292 
1618 
0.346848 0.198924 
1619 
0.920799 0.93615 
1620 
0.343321 0.933106 
1621 
0.636037 0.51287 
1622 
0.628702 0.356938 
1623 
0.859937 0.965009 
1624 
0.214427 0.387231 
1625 
0.182515 0.713918 
1626 
0.288359 0.628188 
1627 
0.0684908 0.00951171 
1628 
0.885131 0.400521 
1629 
0.476721 0.365734 
1630 
0.395983 0.500979 
1631 
0.823474 0.989402 
1632 
0.916043 0.45097 
1633 
0.511694 0.262891 
1634 
0.649894 0.432493 
1635 
0.199041 0.993215 
1636 
0.365599 0.835077 
1637 
0.506085 0.994301 
1638 
0.192015 0.366023 
1639 
0.95931 0.406442 
1640 
0.753254 0.141825 
1641 
0.12036 0.0416124 
1642 
0.770013 0.18885 
1643 
0.0511241 0.655145 
1644 
0.589372 0.527845 
1645 
0.0208782 0.985354 
1646 
0.0288244 0.844352 
1647 
0.974756 0.944867 
1648 
0.295322 0.486449 
1649 
0.207758 0.945217 
1650 
0.918942 0.406799 
1651 
0.938432 0.284541 
1652 
0.241877 0.444517 
1653 
0.278842 0.433892 
1654 
0.81054 0.238153 
1655 
0.840334 0.563793 
1656 
0.379977 0.960694 
1657 
0.605406 0.149991 
1658 
0.149544 0.65653 
1659 
0.805135 0.738916 
1660 
0.184375 0.826014 
1661 
0.72427 0.213199 
1662 
0.670366 0.699026 
1663 
0.158067 0.965688 
1664 
0.185475 0.365825 
1665 
0.910905 0.104417 
1666 
0.772624 0.849336 
1667 
0.388959 0.0145009 
1668 
0.293853 0.667801 
1669 
0.448393 0.104393 
1670 
0.905953 0.288727 
1671 
0.668186 0.285931 
1672 
0.24942 0.273591 
1673 
0.435922 0.398964 
1674 
0.930121 0.241057 
1675 
0.13788 0.114496 
1676 
0.0670707 0.86215 
1677 
0.327695 0.737437 
1678 
0.561175 0.485762 
1679 
0.703125 0.74665 
1680 
0.851587 0.614029 
1681 
0.851067 0.624212 
1682 
0.463365 0.240026 
1683 
0.638712 0.757219 
1684 
0.907827 0.0871053 
1685 
0.861611 0.81378 
1686 
0.375832 0.529797 
1687 
0.0997112 0.625253 
1688 
0.803389 0.535633 
1689 
0.0242171 0.73351 
1690 
0.77669 0.162097 
1691 
0.848006 0.843761 
1692 
0.0242469 0.175702 
1693 
0.581197 0.585422 
1694 
0.661464 0.284322 
1695 
0.332072 0.513051 
1696 
0.898351 0.18314 
1697 
0.137262 0.361716 
1698 
0.423166 0.775975 
1699 
0.118935 0.330993 
1700 
0.86308 0.980546 
1701 
0.144773 0.238912 
1702 
0.510344 0.244484 
1703 
0.864165 0.313733 
1704 
0.780117 0.888382 
1705 
0.0472428 0.556807 
1706 
0.0504792 0.895249 
1707 
0.400568 0.0747262 
1708 
0.0709503 0.981766 
1709 
0.660148 0.732414 
1710 
0.266087 0.992221 
1711 
0.245465 0.164438 
1712 
0.175361 0.382727 
1713 
0.526155 0.598527 
1714 
0.158702 0.64509 
1715 
0.929519 0.0217816 
1716 
0.625636 0.0742925 
1717 
0.260694 0.13598 
1718 
0.318777 0.124859 
1719 
0.449713 0.098894 
1720 
0.013241 0.496956 
1721 
0.655701 0.0637202 
1722 
0.392205 0.0562695 
1723 
0.138446 0.463155 
1724 
0.0380351 0.798595 
1725 
0.195569 0.304122 
1726 
0.790816 0.441033 
1727 
0.468561 0.966177 
1728 
0.82376 0.994716 
1729 
0.564703 0.982462 
1730 
0.639805 0.494223 
1731 
0.0042436 0.265442 
1732 
0.568515 0.264938 
1733 
0.401422 0.887292 
1734 
0.389796 0.851135 
1735 
0.986186 0.403037 
1736 
0.348091 0.641887 
1737 
0.466758 0.740295 
1738 
0.698157 0.605204 
1739 
0.20345 0.736192 
1740 
0.403799 0.399019 
1741 
0.0403143 0.194615 
1742 
0.840052 0.508875 
1743 
0.160791 0.663813 
1744 
0.503591 0.725495 
1745 
0.646275 0.143396 
1746 
0.219717 0.650518 
1747 
0.408838 0.788232 
1748 
0.915456 0.81026 
1749 
0.675524 0.305252 
1750 
0.661395 0.66171 
1751 
0.70829 0.00948531 
1752 
0.303598 0.175047 
1753 
0.749781 0.00175434 
1754 
0.780251 0.953231 
1755 
0.737946 0.18405 
1756 
0.352249 0.778261 
1757 
0.378665 0.192302 
1758 
0.287136 0.539456 
1759 
0.856114 0.790726 
1760 
0.264951 0.502389 
1761 
0.934123 0.484668 
1762 
0.152907 0.342961 
1763 
0.2729 0.0683628 
1764 
0.15322 0.948424 
1765 
0.373615 0.814615 
1766 
0.610135 0.0819044 
1767 
0.8241 0.913732 
1768 
0.256952 0.573881 
1769 
0.915487 0.0372028 
1770 
0.527111 0.653433 
1771 
0.221253 0.879361 
1772 
0.431693 0.599918 
1773 
0.0716626 0.718829 
1774 
0.139374 0.927777 
1775 
0.509556 0.404324 
1776 
0.430166 0.443678 
1777 
0.888992 0.583073 
1778 
0.786639 0.161892 
1779 
0.651436 0.939859 
1780 
0.110317 0.0250505 
1781 
0.754474 0.720451 
1782 
0.106955 0.578574 
1783 
0.634183 0.363907 
1784 
0.152455 0.54967 
1785 
0.401109 0.679566 
1786 
0.203103 0.622362 
1787 
0.558927 0.634796 
1788 
0.22228 0.630589 
1789 
0.353625 0.361654 
1790 
0.558366 0.863181 
1791 
0.765978 0.988532 
1792 
0.306859 0.65497 
1793 
0.571605 0.0934975 
1794 
0.816862 0.223041 
1795 
0.0333564 0.927179 
1796 
0.248091 0.78783 
1797 
0.64763 0.355046 
1798 
0.366404 0.281814 
1799 
0.718953 0.518859 
1800 
0.831484 0.120062 
1801 
0.198425 0.0345863 
1802 
0.742424 0.757352 
1803 
0.669382 0.964705 
1804 
0.387941 0.0230075 
1805 
0.326358 0.946308 
1806 
0.886188 0.0923366 
1807 
0.93484 0.193047 
1808 
0.747307 0.506445 
1809 
0.286544 0.564169 
1810 
0.729486 0.319901 
1811 
0.491348 0.977577 
1812 
0.107731 0.138978 
1813 
0.332623 0.474135 
1814 
0.420792 0.0515758 
1815 
0.992994 0.252275 
1816 
0.171638 0.191419 
1817 
0.286862 0.914062 
1818 
0.948771 0.956244 
1819 
0.878767 0.336712 
1820 
0.979252 0.205125 
1821 
0.28302 0.86544 
1822 
0.297462 0.21786 
1823 
0.0584866 0.0447686 
1824 
0.724304 0.345031 
1825 
0.608938 0.45379 
1826 
0.664932 0.100286 
1827 
0.431367 0.772663 
1828 
0.239264 0.76399 
1829 
0.246798 0.660056 
1830 
0.815566 0.239793 
1831 
0.912331 0.987204 
1832 
0.431212 0.199193 
1833 
0.901266 0.379983 
1834 
0.155437 0.780033 
1835 
0.716695 0.134688 
1836 
0.985158 0.999715 
1837 
0.000127999 0.28262 
1838 
0.217575 0.0586146 
1839 
0.327389 0.941879 
1840 
0.403646 0.936326 
1841 
0.395669 0.0685775 
1842 
0.0366122 0.827036 
1843 
0.841241 0.275876 
1844 
0.591026 0.088039 
1845 
0.935932 0.406592 
1846 
0.327832 0.848263 
1847 
0.393796 0.759044 
1848 
0.0474557 0.295062 
1849 
0.139027 0.202893 
1850 
0.075095 0.855722 
1851 
0.337581 0.0602532 
1852 
0.855437 0.337709 
1853 
0.342873 0.0730118 
1854 
0.396323 0.670262 
1855 
0.0148911 0.799969 
1856 
0.606588 0.41056 
1857 
0.868547 0.643201 
1858 
0.237597 0.709787 
1859 
0.919077 0.828623 
1860 
0.797826 0.855009 
1861 
0.235215 0.125658 
1862 
0.703272 0.629011 
1863 
0.884702 0.750727 
1864 
0.924073 0.0237283 
1865 
0.95362 0.999168 
1866 
0.87945 0.291201 
1867 
0.0594212 0.734887 
1868 
0.62891 0.402295 
1869 
0.807899 0.025233 
1870 
0.0725565 0.82279 
1871 
0.825202 0.679145 
1872 
0.233351 0.693749 
1873 
0.322345 0.470947 
1874 
0.403536 0.241422 
1875 
0.29957 0.201362 
1876 
0.0964307 0.534785 
1877 
0.32702 0.799702 
1878 
0.163796 0.211722 
1879 
0.55043 0.0878692 
1880 
0.23545 0.504049 
1881 
0.0870371 0.1149 
1882 
0.79525 0.146458 
1883 
0.849787 0.424159 
1884 
0.548753 0.657686 
1885 
0.449392 0.621309 
1886 
0.480477 0.274594 
1887 
0.300454 0.713827 
1888 
0.968343 0.6228 
1889 
0.184775 0.371879 
1890 
0.864222 0.484345 
1891 
0.573241 0.960653 
1892 
0.01913 0.900261 
1893 
0.760355 0.182926 
1894 
0.111983 0.310784 
1895 
0.270795 0.347432 
1896 
0.814834 0.357832 
1897 
0.462333 0.610084 
1898 
0.504291 0.31212 
1899 
0.0342431 0.0530437 
