1400 1
0 1 1 1 1 1 0 0 0 1 0 0 1 0 1 0 0 1 1 1 0 1 0 0 0 1 1 1 0 0 0 0 0 0 0 0 0 1 1 1 1 1 1 0 0 1 1 0 1 1 0 1 1 1 0 0 0 0 1 1 1 0 0 1 1 0 0 0 0 1 0 1 1 0 0 0 0 0 1 1 0 0 1 0 1 0 0 0 1 0 0 1 1 0 1 1 1 1 0 0 1 1 0 1 1 1 0 0 0 1 0 1 0 0 1 0 1 0 1 1 1 1 0 1 0 0 1 0 0 0 1 0 0 1 0 0 1 0 0 1 0 1 1 1 1 1 1 1 0 1 0 0 1 1 0 0 0 0 1 0 1 0 1 1 0 1 0 0 0 1 0 1 0 1 1 0 1 1 0 1 0 1 0 0 1 0 0 1 1 0 0 0 1 0 0 0 0 1 0 1 0 1 1 1 1 0 0 0 0 1 0 1 0 1 1 0 0 0 0 1 1 1 0 0 1 1 1 0 1 0 1 0 1 1 0 1 0 1 0 0 0 1 0 1 0 0 0 1 1 0 1 0 0 0 1 0 0 1 0 1 1 0 0 1 0 0 1 0 0 1 1 1 1 0 1 0 0 1 1 0 0 1 1 1 1 1 1 0 0 0 0 0 1 0 0 0 1 0 1 0 0 1 1 1 1 1 0 0 1 0 1 0 1 0 1 1 0 1 0 1 0 0 0 0 1 1 1 1 1 0 0 0 0 0 0 0 1 0 1 1 1 0 1 1 1 1 1 0 1 1 1 0 0 0 1 0 1 1 0 1 0 1 0 0 1 0 1 1 1 0 1 1 1 1 0 1 1 0 0 1 0 0 0 1 0 0 0 0 1 1 0 0 0 1 1 0 0 0 0 0 1 0 1 1 1 0 1 1 1 0 0 1 0 1 1 1 1 1 0 1 1 1 0 0 1 1 1 1 0 0 0 0 0 0 0 0 1 0 0 0 1 1 0 0 0 0 0 0 0 1 0 1 1 1 0 0 1 1 0 0 0 1 1 1 1 0 0 1 1 0 0 0 0 1 1 1 1 1 0 0 1 1 0 0 0 0 1 0 0 0 0 1 0 0 0 0 0 1 1 0 0 0 1 0 1 0 0 1 0 0 0 0 0 0 1 1 1 1 1 0 0 0 0 0 1 1 1 0 0 1 0 1 1 0 0 1 1 0 1 0 1 0 0 0 1 0 1 1 1 1 0 0 0 0 1 0 0 0 0 1 0 1 0 0 0 1 0 1 0 0 0 0 0 1 0 0 1 0 1 1 0 0 0 1 1 1 0 1 0 1 1 1 1 0 1 1 1 0 1 0 0 0 0 1 1 1 0 1 0 0 1 1 0 0 1 0 0 0 0 1 1 1 0 1 0 0 1 0 1 1 0 0 1 1 0 1 1 0 1 0 1 1 0 0 0 0 0 0 1 1 0 1 1 1 0 1 0 0 0 1 1 1 0 1 1 0 1 1 1 1 0 1 1 1 1 0 0 0 1 1 0 1 1 1 1 0 1 1 0 0 1 0 1 0 0 1 1 0 0 1 0 1 0 0 0 0 1 1 1 0 1 0 0 0 0 0 1 0 0 0 0 0 1 0 0 0 0 0 1 1 1 0 0 0 1 1 1 0 1 1 1 0 0 0 1 0 1 1 1 1 1 0 0 1 1 1 1 1 1 1 1 1 1 0 0 1 0 0 0 1 0 0 0 1 1 0 0 0 0 1 0 0 0 1 1 1 0 1 1 0 1 1 0 1 1 1 0 0 0 1 0 1 1 1 1 1 0 1 0 0 1 1 1 0 0 1 0 1 1 0 0 0 1 1 0 1 1 1 0 0 0 0 0 0 0 0 0 0 0 0 1 0 0 1 0 1 0 1 1 0 1 0 1 1 0 1 1 0 1 0 1 0 1 0 1 1 0 1 0 1 0 0 1 1 0 0 0 1 0 0 1 0 0 1 0 1 1 0 1 0 0 1 1 0 1 0 0 0 0 1 0 1 0 0 1 0 1 0 0 1 0 0 0 1 1 0 1 1 1 1 0 0 0 1 0 0 0 1 1 1 0 0 1 1 0 1 0 0 1 0 0 0 1 0 0 1 1 0 0 1 1 1 1 0 1 0 1 0 0 1 0 1 0 0 0 1 1 1 1 1 0 0 0 1 1 1 1 1 0 0 0 0 1 0 1 1 1 1 1 0 1 0 1 1 0 0 1 0 0 1 0 0 1 1 0 1 1 0 0 0 0 1 0 0 0 0 0 0 1 0 1 1 0 1 1 1 0 0 0 0 0 1 1 0 1 0 1 1 1 0 0 0 0 1 1 1 1 1 0 1 0 0 1 1 1 0 1 0 1 0 1 0 0 1 0 0 0 0 0 1 1 0 0 0 0 1 0 0 1 1 0 0 0 1 1 0 0 1 0 0 1 0 1 0 1 0 0 0 1 1 0 1 0 0 0 0 0 1 1 0 1 1 1 1 1 1 0 0 0 1 1 0 1 1 1 1 1 0 0 1 1 0 0 0 1 1 1 0 0 0 1 0 0 1 0 0 0 0 1 1 0 1 0 0 1 0 0 1 0 0 0 0 1 1 1 1 1 0 0 0 1 0 0 0 0 1 1 1 0 1 1 0 1 0 1 1 0 1 0 1 0 1 0 0 1 0 0 1 1 1 1 1 0 0 0 1 0 0 0 0 0 0 1 0 0 1 1 1 1 0 1 0 0 0 1 0 1 0 0 0 0 0 0 1 1 0 0 1 1 1 0 1 0 0 0 1 0 0 1 1 1 1 0 0 0 1 1 1 0 1 0 0 0 1 0 1 0 1 1 1 1 0 1 1 1 0 1 0 0 0 0 0 0 0 0 0 0 0 0 1 0 1 0 0 1 0 0 1 0 0 1 1 1 1 1 1 0 1 0 1 0 0 1 0 1 0 1 0 1 0 0 1 0 0 0 0 1 1 0 0 0 0 0 0 0 0 0 0 1 1 0 0 0 0 1 0 1 1 1 0 0 1 0 1 0 1 1 0 1 0 1 0 0 1 1 1 0 0 0 0 0 0 0 0 1 0 1 0 1 0 1 0 0 0 1 1 0 1 0 0 0 0 1 1 0 1 0 0 0 1 
0 
0.62703 0.894028 
1 
0.770023 0.873283 
2 
0.528309 0.203701 
3 
0.38686 0.134139 
4 
0.397067 0.175747 
5 
0.908244 0.634755 
6 
0.850296 0.766276 
7 
0.149196 0.630776 
8 
0.607103 0.511099 
9 
0.00494139 0.417185 
10 
0.758457 0.735276 
11 
0.612071 0.274243 
12 
0.729777 0.973938 
13 
0.670851 0.145417 
14 
0.583036 0.0152668 
15 
0.898665 0.210066 
16 
0.909295 0.668689 
17 
0.083349 0.437605 
18 
0.872389 0.470209 
19 
0.571744 0.269456 
20 
0.645956 0.479988 
21 
0.904211 0.496252 
22 
0.246264 0.0534064 
23 
0.127028 0.853367 
24 
0.564505 0.13197 
25 
0.270552 0.322962 
26 
0.867246 0.882622 
27 
0.597205 0.597023 
28 
0.85656 0.268056 
29 
0.74244 0.439596 
30 
0.283323 0.641105 
31 
0.649661 0.192618 
32 
0.309794 0.73301 
33 
0.630223 0.182183 
34 
0.20322 0.201966 
35 
0.451639 0.849176 
36 
0.681954 0.355849 
37 
0.345428 0.928218 
38 
0.409256 0.472456 
39 
0.781585 0.973761 
40 
0.604426 0.0521369 
41 
0.296723 0.471672 
42 
0.934759 0.893928 
43 
0.0686945 0.791319 
44 
0.161984 0.811134 
45 
0.230915 0.445307 
46 
0.452239 0.880576 
47 
0.637925 0.762033 
48 
0.613586 0.268147 
49 
0.944216 0.816806 
50 
0.470114 0.395854 
51 
0.665982 0.152068 
52 
0.751704 0.0114096 
53 
0.0802863 0.16096 
54 
0.483866 0.861871 
55 
0.134721 0.0882913 
56 
0.914008 0.431444 
57 
0.559963 0.848768 
58 
0.325371 0.628658 
59 
0.640087 0.487355 
60 
0.439792 0.871002 
61 
0.932662 0.892031 
62 
0.751578 0.570587 
63 
0.654064 0.365164 
64 
0.838734 0.598279 
65 
0.18197 0.308847 
66 
0.994134 0.847952 
67 
0.460915 0.745838 
68 
0.859362 0.541202 
69 
0.906798 0.343227 
70 
0.403073 0.0415184 
71 
0.431519 0.317082 
72 
0.472962 0.991482 
73 
0.165849 0.798333 
74 
0.620139 0.805936 
75 
0.285689 0.059931 
76 
0.676938 0.218351 
77 
0.951962 0.428516 
78 
0.788937 0.606025 
79 
0.79368 0.627671 
80 
0.204305 0.975651 
81 
0.936518 0.198438 
82 
0.823603 0.397434 
83 
0.944276 0.682964 
84 
0.938636 0.851073 
85 
0.0261917 0.341709 
86 
0.892592 0.45771 
87 
0.658791 0.365554 
88 
0.449192 0.82464 
89 
0.163887 0.0693316 
90 
0.630576 0.449576 
91 
0.129263 0.307514 
92 
0.667926 0.0812244 
93 
0.73603 0.456864 
94 
0.68725 0.529711 
95 
0.0845345 0.891554 
96 
0.505361 0.0210528 
97 
0.0899927 0.328964 
98 
0.418487 0.0342687 
99 
0.011928 0.357122 
100 
0.885342 0.0381196 
101 
0.698831 0.777934 
102 
0.49583 0.357622 
103 
0.143488 0.945022 
104 
0.182262 0.307375 
105 
0.0143538 0.812838 
106 
0.756951 0.143616 
107 
0.120353 0.424877 
108 
0.224841 0.856383 
109 
0.881741 0.912091 
110 
0.386094 0.966275 
111 
0.803645 0.891455 
112 
0.987328 0.893638 
113 
0.220418 0.405815 
114 
0.927907 0.232346 
115 
0.762937 0.813249 
116 
0.270466 0.461769 
117 
0.591183 0.766296 
118 
0.819391 0.734671 
119 
0.711318 0.0016529 
120 
0.0420457 0.725672 
121 
0.814491 0.798997 
122 
0.869288 0.934844 
123 
0.223874 0.0941291 
124 
0.791227 0.105615 
125 
0.0062198 0.177321 
126 
0.0718902 0.809865 
127 
0.0687751 0.0592183 
128 
0.703503 0.289193 
129 
0.465033 0.631409 
130 
0.52154 0.22797 
131 
0.444658 0.792005 
132 
0.689739 0.0358408 
133 
0.558301 0.50913 
134 
0.770511 0.269619 
135 
0.510783 0.812557 
136 
0.995291 0.325274 
137 
0.611554 0.864579 
138 
0.260118 0.835428 
139 
0.958708 0.051345 
140 
0.941043 0.964928 
141 
0.228666 0.0129327 
142 
0.774793 0.297441 
143 
0.0721511 0.478296 
144 
0.586634 0.537184 
145 
0.109705 0.108174 
146 
0.765155 0.554363 
147 
0.900179 0.454894 
148 
0.590204 0.45848 
149 
0.964023 0.360715 
150 
0.7281 0.474806 
151 
0.173272 0.723391 
152 
0.80008 0.784826 
153 
0.58797 0.0601981 
154 
0.620254 0.546679 
155 
0.111543 0.561296 
156 
0.511607 0.340209 
157 
0.574229 0.2864 
158 
0.637649 0.64638 
159 
0.764696 0.224283 
160 
0.183564 0.874401 
161 
0.332457 0.948719 
162 
0.428764 0.232636 
163 
0.403613 0.0189683 
164 
0.691117 0.367636 
165 
0.379684 0.419216 
166 
0.842442 0.552956 
167 
0.142607 0.642522 
168 
0.337782 0.730577 
169 
0.70272 0.958036 
170 
0.277256 0.814264 
171 
0.519332 0.788863 
172 
0.154472 0.093561 
173 
0.0752626 0.792122 
174 
0.739941 0.839959 
175 
0.0164049 0.923505 
176 
0.71436 0.348862 
177 
0.872224 0.143124 
178 
0.581498 0.275837 
179 
0.162092 0.272615 
180 
0.643473 0.541776 
181 
0.691831 0.485915 
182 
0.094732 0.834438 
183 
0.128437 0.432514 
184 
0.565015 0.831158 
185 
0.39055 0.842271 
186 
0.645421 0.909882 
187 
0.631134 0.799894 
188 
0.00344298 0.706396 
189 
0.592015 0.743384 
190 
0.546355 0.60842 
191 
0.666889 0.260714 
192 
0.957282 0.539113 
193 
0.403838 0.53878 
194 
0.81495 0.565931 
195 
0.811395 0.458423 
196 
0.107707 0.503226 
197 
0.944338 0.202439 
198 
0.337664 0.0727753 
199 
0.634953 0.90268 
200 
0.903933 0.0255027 
201 
0.744951 0.549354 
202 
0.935385 0.376084 
203 
0.349248 0.938828 
204 
0.0824804 0.941263 
205 
0.682212 0.628835 
206 
0.549683 0.349101 
207 
0.88955 0.506965 
208 
0.888214 0.293388 
209 
0.0457457 0.703165 
210 
0.859319 0.857141 
211 
0.161588 0.967026 
212 
0.360367 0.105926 
213 
0.169464 0.698031 
214 
0.178701 0.804417 
215 
0.600711 0.082634 
216 
0.82992 0.345662 
217 
0.631988 0.765305 
218 
0.721746 0.981236 
219 
0.704132 0.804226 
220 
0.9225 0.386344 
221 
0.433061 0.472183 
222 
0.735445 0.322611 
223 
0.979148 0.623659 
224 
0.615999 0.024894 
225 
0.326824 0.475318 
226 
0.882035 0.488412 
227 
0.442344 0.242402 
228 
0.594337 0.611808 
229 
0.940433 0.773038 
230 
0.416225 0.541144 
231 
0.855672 0.246145 
232 
0.886806 0.487661 
233 
0.0114496 0.608552 
234 
0.468897 0.715582 
235 
0.412778 0.391397 
236 
0.101926 0.845839 
237 
0.86358 0.837371 
238 
0.16845 0.842728 
239 
0.46103 0.784449 
240 
0.867622 0.787854 
241 
0.259767 0.749657 
242 
0.276265 0.702111 
243 
0.992059 0.870603 
244 
0.313919 0.932492 
245 
0.643641 0.730144 
246 
0.473636 0.499313 
247 
0.976289 0.360442 
248 
0.986974 0.987739 
249 
0.968993 0.455871 
250 
0.703321 0.381771 
251 
0.847268 0.805246 
252 
0.22761 0.710848 
253 
0.642617 0.396061 
254 
0.553576 0.103647 
255 
0.18051 0.421197 
256 
0.8915 0.440277 
257 
0.170854 0.167766 
258 
0.142388 0.162913 
259 
0.0383686 0.456308 
260 
0.0954044 0.68201 
261 
0.186452 0.56904 
262 
0.181323 0.162741 
263 
0.929482 0.168297 
264 
0.15048 0.898475 
265 
0.624168 0.853801 
266 
0.280246 0.471436 
267 
0.659047 0.507856 
268 
0.182284 0.301664 
269 
0.903917 0.735859 
270 
0.405311 0.0844268 
271 
0.157057 0.296811 
272 
0.524704 0.327911 
273 
0.464577 0.667093 
274 
0.490824 0.502946 
275 
0.1234 0.586228 
276 
0.184955 0.309852 
277 
0.155268 0.366278 
278 
0.472593 0.0847501 
279 
0.534575 0.623073 
280 
0.983225 0.158743 
281 
0.476873 0.263471 
282 
0.630179 0.13592 
283 
0.771328 0.812463 
284 
0.437584 0.675245 
285 
0.548323 0.842895 
286 
0.759671 0.705379 
287 
0.139706 0.284376 
288 
0.0332902 0.604283 
289 
0.951468 0.524114 
290 
0.107229 0.0748683 
291 
0.110342 0.292184 
292 
0.38472 0.26561 
293 
0.658462 0.857313 
294 
0.35036 0.193037 
295 
0.480386 0.333585 
296 
0.35178 0.957259 
297 
0.597057 0.98196 
298 
0.0931796 0.368384 
299 
0.794423 0.530764 
300 
0.043629 0.342746 
301 
0.373659 0.8033 
302 
0.0481249 0.513365 
303 
0.0876759 0.0814152 
304 
0.117648 0.039144 
305 
0.605529 0.224877 
306 
0.114012 0.715871 
307 
0.51706 0.498732 
308 
0.981481 0.175522 
309 
0.356045 0.331841 
310 
0.368559 0.836431 
311 
0.665426 0.72034 
312 
0.79369 0.262483 
313 
0.7023 0.88687 
314 
0.630867 0.496723 
315 
0.417634 0.674496 
316 
0.839469 0.791293 
317 
0.477796 0.887593 
318 
0.304658 0.565472 
319 
0.969009 0.422306 
320 
0.604616 0.574538 
321 
0.647182 0.718629 
322 
0.290408 0.164243 
323 
0.217361 0.271889 
324 
0.339765 0.573406 
325 
0.60373 0.708324 
326 
0.409838 0.269156 
327 
0.428664 0.203528 
328 
0.531639 0.130964 
329 
0.0903978 0.162506 
330 
0.627687 0.508032 
331 
0.837002 0.467155 
332 
0.299324 0.314798 
333 
0.354749 0.603982 
334 
0.88027 0.323758 
335 
0.0262878 0.484887 
336 
0.898295 0.67347 
337 
0.203516 0.188703 
338 
0.837712 0.420877 
339 
0.460592 0.177477 
340 
0.994283 0.0643223 
341 
0.885802 0.404121 
342 
0.333478 0.314466 
343 
0.607649 0.865117 
344 
0.44543 0.698046 
345 
0.0276222 0.0731169 
346 
0.206078 0.864624 
347 
0.540272 0.505403 
348 
0.179422 0.895021 
349 
0.109385 0.0596926 
350 
0.218779 0.135673 
351 
0.544579 0.117074 
352 
0.809142 0.748095 
353 
0.305777 0.646855 
354 
0.168972 0.76637 
355 
0.824332 0.163255 
356 
0.830692 0.710134 
357 
0.567375 0.16417 
358 
0.0245998 0.175024 
359 
0.0292868 0.47003 
360 
0.87307 0.056909 
361 
0.543147 0.0791481 
362 
0.921533 0.0834191 
363 
0.584551 0.100955 
364 
0.97844 0.693935 
365 
0.160648 0.197219 
366 
0.829608 0.705227 
367 
0.314293 0.63875 
368 
0.453322 0.62007 
369 
0.285605 0.622294 
370 
0.38644 0.109937 
371 
0.785548 0.217132 
372 
0.820071 0.352923 
373 
0.381303 0.844671 
374 
0.527947 0.410589 
375 
0.314701 0.401017 
376 
0.467498 0.857848 
377 
0.480165 0.389031 
378 
0.941267 0.064716 
379 
0.489986 0.919707 
380 
0.758651 0.650634 
381 
0.116926 0.588259 
382 
0.355861 0.431219 
383 
0.227009 0.809183 
384 
0.0512896 0.512615 
385 
0.431477 0.43773 
386 
0.622552 0.217025 
387 
0.654862 0.442623 
388 
0.569949 0.0361646 
389 
0.287295 0.0978961 
390 
0.446754 0.601996 
391 
0.498913 0.914252 
392 
0.459843 0.979079 
393 
0.303284 0.40111 
394 
0.0437947 0.79327 
395 
0.320817 0.802446 
396 
0.443904 0.437743 
397 
0.390705 0.799765 
398 
0.868962 0.617715 
399 
0.608949 0.920252 
400 
0.130329 0.0404258 
401 
0.357982 0.752881 
402 
0.257451 0.0128438 
403 
0.195505 0.8274 
404 
0.0490084 0.482799 
405 
0.925296 0.495762 
406 
0.084795 0.424209 
407 
0.410015 0.544638 
408 
0.403288 0.713298 
409 
0.945748 0.447083 
410 
0.506568 0.266565 
411 
0.249529 0.950472 
412 
0.704308 0.640234 
413 
0.750237 0.573271 
414 
0.257948 0.359186 
415 
0.493522 0.388278 
416 
0.399612 0.851504 
417 
0.141159 0.657063 
418 
0.864348 0.336664 
419 
0.484463 0.913356 
420 
0.819463 0.409759 
421 
0.409119 0.904258 
422 
0.833969 0.819133 
423 
0.448896 0.237257 
424 
0.532431 0.394644 
425 
0.68434 0.0389993 
426 
0.66121 0.933868 
427 
0.989471 0.365518 
428 
0.574102 0.739709 
429 
0.938789 0.832051 
430 
0.0988948 0.432311 
431 
0.220328 0.498507 
432 
0.283815 0.361487 
433 
0.15557 0.148163 
434 
0.698151 0.640033 
435 
0.0615193 0.517614 
436 
0.0497923 0.470638 
437 
0.421872 0.883761 
438 
0.289771 0.870768 
439 
0.121018 0.822202 
440 
0.265412 0.805357 
441 
0.861202 0.926622 
442 
0.739226 0.850673 
443 
0.29214 0.313328 
444 
0.590382 0.230928 
445 
0.145379 0.689277 
446 
0.66324 0.365707 
447 
0.187783 0.947055 
448 
0.727194 0.343353 
449 
0.0952177 0.425345 
450 
0.983386 0.156737 
451 
0.942958 0.0331784 
452 
0.627375 0.36483 
453 
0.916939 0.917146 
454 
0.235598 0.0379572 
455 
0.739348 0.50101 
456 
0.843315 0.60055 
457 
0.427632 0.582541 
458 
0.451223 0.719772 
459 
0.895869 0.0416049 
460 
0.950701 0.0412477 
461 
0.730881 0.61394 
462 
0.406955 0.918665 
463 
0.560995 0.134149 
464 
0.262018 0.656213 
465 
0.559494 0.245404 
466 
0.81295 0.502452 
467 
0.278582 0.440325 
468 
0.867283 0.195522 
469 
0.357471 0.102881 
470 
0.233479 0.0968193 
471 
0.603891 0.0767937 
472 
0.697369 0.0315233 
473 
0.659334 0.148593 
474 
0.751296 0.555203 
475 
0.190197 0.701996 
476 
0.596451 0.921079 
477 
0.315937 0.00340554 
478 
0.839744 0.876931 
479 
0.137555 0.101761 
480 
0.533144 0.697048 
481 
0.347165 0.346094 
482 
0.199501 0.625748 
483 
0.786418 0.0667833 
484 
0.82127 0.143889 
485 
0.169664 0.0547486 
486 
0.240708 0.773555 
487 
0.131542 0.938078 
488 
0.805078 0.790876 
489 
0.0866704 0.556374 
490 
0.346079 0.276868 
491 
0.25837 0.94253 
492 
0.197947 0.574307 
493 
0.945936 0.0376903 
494 
0.451238 0.0834903 
495 
0.139452 0.984382 
496 
0.780539 0.486617 
497 
0.330476 0.98004 
498 
0.112365 0.116894 
499 
0.0468229 0.933635 
500 
0.260784 0.216487 
501 
0.988383 0.501492 
502 
0.990042 0.119925 
503 
0.43957 0.79512 
504 
0.910802 0.52624 
505 
0.351494 0.256881 
506 
0.803108 0.609864 
507 
0.199412 0.00105504 
508 
0.18417 0.145347 
509 
0.0387453 0.635408 
510 
0.228838 0.178197 
511 
0.619791 0.00937635 
512 
0.664814 0.950267 
513 
0.989416 0.777179 
514 
0.0671611 0.0362388 
515 
0.710814 0.327945 
516 
0.252726 0.699197 
517 
0.829437 0.242767 
518 
0.819122 0.269007 
519 
0.0378871 0.729924 
520 
0.795247 0.389381 
521 
0.986805 0.598356 
522 
0.999244 0.186217 
523 
0.599411 0.183415 
524 
0.331564 0.638156 
525 
0.818823 0.560402 
526 
0.816353 0.438614 
527 
0.569778 0.481167 
528 
0.38888 0.559194 
529 
0.258346 0.456042 
530 
0.595433 0.96916 
531 
0.783986 0.848159 
532 
0.668357 0.613423 
533 
0.0909259 0.487479 
534 
0.88243 0.128813 
535 
0.217403 0.677678 
536 
0.518194 0.204209 
537 
0.276033 0.517438 
538 
0.390426 0.875444 
539 
0.700853 0.72199 
540 
0.5136 0.519676 
541 
0.282392 0.329954 
542 
0.95829 0.85217 
543 
0.811121 0.34717 
544 
0.411364 0.0694673 
545 
0.803212 0.00679716 
546 
0.0386275 0.587198 
547 
0.854956 0.706984 
548 
0.200621 0.945882 
549 
0.194464 0.0830516 
550 
0.0746946 0.411867 
551 
0.760729 0.592888 
552 
0.616076 0.0367628 
553 
0.110326 0.00650129 
554 
0.912207 0.811179 
555 
0.728491 0.425808 
556 
0.330855 0.0108831 
557 
0.755761 0.289144 
558 
0.863053 0.566882 
559 
0.636315 0.274417 
560 
0.636349 0.439526 
561 
0.281214 0.674977 
562 
0.0267244 0.13617 
563 
0.381961 0.227346 
564 
0.0820519 0.576425 
565 
0.310397 0.156746 
566 
0.988292 0.0711267 
567 
0.749635 0.604367 
568 
0.107889 0.859961 
569 
0.610869 0.0200966 
570 
0.67114 0.33936 
571 
0.445904 0.00199478 
572 
0.350243 0.201665 
573 
0.291139 0.213296 
574 
0.768547 0.927454 
575 
0.487713 0.404897 
576 
0.36698 0.768928 
577 
0.0798737 0.393704 
578 
0.905098 0.461835 
579 
0.62105 0.98715 
580 
0.0382599 0.931448 
581 
0.143896 0.0265517 
582 
0.00257425 0.893531 
583 
0.630919 0.110464 
584 
0.753492 0.241788 
585 
0.13056 0.424632 
586 
0.581148 0.576464 
587 
0.426627 0.931391 
588 
0.77813 0.717766 
589 
0.144687 0.546677 
590 
0.64522 0.6324 
591 
0.951574 0.0122 
592 
0.401328 0.0314475 
593 
0.405905 0.306426 
594 
0.493282 0.0269548 
595 
0.293576 0.531542 
596 
0.958402 0.437472 
597 
0.558094 0.960977 
598 
0.331004 0.189013 
599 
0.0714403 0.0844957 
600 
0.430801 0.202001 
601 
0.509128 0.0119488 
602 
0.778465 0.935755 
603 
0.94334 0.556595 
604 
0.653521 0.0880265 
605 
0.103272 0.298741 
606 
0.720427 0.0548455 
607 
0.310941 0.121755 
608 
0.086293 0.716845 
609 
0.428181 0.579575 
610 
0.7438 0.721757 
611 
0.111118 0.702202 
612 
0.15923 0.669212 
613 
0.663179 0.490233 
614 
0.858225 0.734619 
615 
0.574729 0.289026 
616 
0.93662 0.0838568 
617 
0.300975 0.715085 
618 
0.0196115 0.244314 
619 
0.271679 0.673132 
620 
0.332341 0.374951 
621 
0.971873 0.0527677 
622 
0.429797 0.282814 
623 
0.174523 0.51609 
624 
0.999659 0.602704 
625 
0.0956651 0.743459 
626 
0.324461 0.206783 
627 
0.445661 0.483691 
628 
0.875995 0.10884 
629 
0.973924 0.73422 
630 
0.843459 0.548653 
631 
0.0232459 0.780079 
632 
0.63251 0.324221 
633 
0.495164 0.652121 
634 
0.568535 0.766843 
635 
0.325254 0.900876 
636 
0.141795 0.297127 
637 
0.953644 0.571591 
638 
0.57994 0.128167 
639 
0.0876807 0.579599 
640 
0.73087 0.183346 
641 
0.323058 0.0553314 
642 
0.390129 0.768719 
643 
0.539022 0.266124 
644 
0.877559 0.512946 
645 
0.000343386 0.721019 
646 
0.0615992 0.0235893 
647 
0.501098 0.694109 
648 
0.34781 0.996262 
649 
0.34623 0.916345 
650 
0.763106 0.671484 
651 
0.817221 0.9049 
652 
0.96861 0.770865 
653 
0.476491 0.548551 
654 
0.899032 0.564172 
655 
0.12815 0.629902 
656 
0.747518 0.451208 
657 
0.685234 0.137647 
658 
0.219927 0.224256 
659 
0.40377 0.0974866 
660 
0.737202 0.404114 
661 
0.818506 0.798801 
662 
0.427703 0.319604 
663 
0.49291 0.775513 
664 
0.315866 0.839141 
665 
0.691858 0.0789719 
666 
0.510624 0.50908 
667 
0.983872 0.479235 
668 
0.279945 0.460364 
669 
0.0277856 0.178977 
670 
0.0245357 0.155935 
671 
0.80888 0.772054 
672 
0.607143 0.494113 
673 
0.9097 0.827071 
674 
0.718369 0.31347 
675 
0.924557 0.455571 
676 
0.717584 0.743063 
677 
0.254372 0.145287 
678 
0.0626666 0.747283 
679 
0.9208 0.378533 
680 
0.586423 0.612658 
681 
0.457505 0.0970475 
682 
0.121738 0.441377 
683 
0.576282 0.401683 
684 
0.90174 0.604068 
685 
0.58066 0.926276 
686 
0.760004 0.38954 
687 
0.69833 0.367147 
688 
0.883653 0.60803 
689 
0.194217 0.602022 
690 
0.9215 0.118775 
691 
0.0575932 0.639084 
692 
0.861837 0.311966 
693 
0.784371 0.924504 
694 
0.0592481 0.705171 
695 
0.303037 0.645671 
696 
0.317829 0.760541 
697 
0.742719 0.439567 
698 
0.201918 0.319001 
699 
0.84125 0.103658 
700 
0.923069 0.42191 
701 
0.0299344 0.683073 
702 
0.811449 0.728264 
703 
0.0502195 0.695102 
704 
0.336294 0.244437 
705 
0.297124 0.257795 
706 
0.363212 0.354717 
707 
0.896879 0.225049 
708 
0.666683 0.68125 
709 
0.149553 0.725931 
710 
0.386421 0.45259 
711 
0.371602 0.704251 
712 
0.213131 0.114321 
713 
0.143817 0.415049 
714 
0.433322 0.985067 
715 
0.518707 0.356391 
716 
0.406977 0.548642 
717 
0.0394636 0.218426 
718 
0.276906 0.0896831 
719 
0.913528 0.6132 
720 
0.33412 0.210653 
721 
0.870995 0.697332 
722 
0.56537 0.767874 
723 
0.922381 0.232053 
724 
0.449124 0.0719342 
725 
0.957984 0.835545 
726 
0.524524 0.329586 
727 
0.539796 0.737655 
728 
0.443907 0.683613 
729 
0.152704 0.877229 
730 
0.66868 0.671411 
731 
0.23362 0.0756572 
732 
0.220053 0.273084 
733 
0.294083 0.496959 
734 
0.362767 0.207612 
735 
0.110159 0.696887 
736 
0.418265 0.981153 
737 
0.394219 0.983635 
738 
0.749027 0.3166 
739 
0.215688 0.198151 
740 
0.388534 0.173672 
741 
0.0336964 0.913058 
742 
0.503259 0.573492 
743 
0.650713 0.947166 
744 
0.257106 0.803417 
745 
0.824395 0.925786 
746 
0.474829 0.0580155 
747 
0.00144311 0.694882 
748 
0.331099 0.295527 
749 
0.191841 0.693866 
750 
0.503138 0.302 
751 
0.390753 0.921403 
752 
0.283153 0.784972 
753 
0.905038 0.0321802 
754 
0.101572 0.120726 
755 
0.230331 0.490106 
756 
0.294398 0.264028 
757 
0.403165 0.797656 
758 
0.83752 0.053878 
759 
0.744822 0.0946254 
760 
0.857295 0.569217 
761 
0.0204113 0.332124 
762 
0.627233 0.0218545 
763 
0.0270062 0.958332 
764 
0.317381 0.218847 
765 
0.652198 0.820519 
766 
0.520847 0.0429517 
767 
0.741922 0.804 
768 
0.827924 0.64696 
769 
0.83618 0.929496 
770 
0.767686 0.0665114 
771 
0.419603 0.0620831 
772 
0.330539 0.822767 
773 
0.859739 0.168059 
774 
0.876645 0.604562 
775 
0.262684 0.733941 
776 
0.173779 0.283096 
777 
0.0660651 0.801012 
778 
0.30495 0.0930713 
779 
0.759344 0.622331 
780 
0.311918 0.411542 
781 
0.44285 0.832765 
782 
0.454494 0.184773 
783 
0.636765 0.282418 
784 
0.831733 0.472946 
785 
0.211914 0.599418 
786 
0.539457 0.631517 
787 
0.661501 0.869996 
788 
0.454285 0.521241 
789 
0.0380548 0.33093 
790 
0.125802 0.300739 
791 
0.0648708 0.299581 
792 
0.583835 0.130936 
793 
0.100593 0.888785 
794 
0.224007 0.859937 
795 
0.511116 0.535926 
796 
0.271479 0.953966 
797 
0.368691 0.725973 
798 
0.138739 0.00545625 
799 
0.00839136 0.970472 
800 
0.478402 0.220306 
801 
0.56989 0.0178588 
802 
0.851823 0.231391 
803 
0.887855 0.306107 
804 
0.752632 0.925909 
805 
0.637037 0.878435 
806 
0.226649 0.701908 
807 
0.178016 0.810483 
808 
0.832844 0.278609 
809 
0.699268 0.0568513 
810 
0.138546 0.210383 
811 
0.592777 0.410025 
812 
0.16435 0.961468 
813 
0.135999 0.303088 
814 
0.966924 0.14439 
815 
0.27356 0.445326 
816 
0.364696 0.84345 
817 
0.463185 0.216519 
818 
0.0748416 0.351039 
819 
0.522626 0.827474 
820 
0.276949 0.159663 
821 
0.705909 0.503597 
822 
0.861572 0.883925 
823 
0.314081 0.694416 
824 
0.162534 0.0133483 
825 
0.751267 0.30108 
826 
0.223732 0.344044 
827 
0.711105 0.388081 
828 
0.305512 0.847104 
829 
0.69117 0.272436 
830 
0.991494 0.96473 
831 
0.717762 0.35619 
832 
0.80818 0.180946 
833 
0.572708 0.883022 
834 
0.531986 0.0953341 
835 
0.710496 0.808935 
836 
0.254998 0.416404 
837 
0.312532 0.116569 
838 
0.300329 0.626613 
839 
0.810985 0.462862 
840 
0.639961 0.562252 
841 
0.763942 0.863693 
842 
0.906296 0.475047 
843 
0.251774 0.211807 
844 
0.322151 0.942944 
845 
0.484243 0.313645 
846 
0.907673 0.202005 
847 
0.669834 0.715854 
848 
0.382951 0.242542 
849 
0.598875 0.914937 
850 
0.337876 0.309371 
851 
0.723872 0.592874 
852 
0.725775 0.0364037 
853 
0.709443 0.026104 
854 
0.663016 0.520428 
855 
0.488966 0.302977 
856 
0.0826798 0.252909 
857 
0.16667 0.988976 
858 
0.727956 0.418443 
859 
0.200783 0.0501065 
860 
0.361387 0.685026 
861 
0.363751 0.26906 
862 
0.887031 0.0335853 
863 
0.984914 0.269983 
864 
0.276128 0.583789 
865 
0.18492 0.614004 
866 
0.89316 0.908791 
867 
0.206878 0.618935 
868 
0.945195 0.916321 
869 
0.645039 0.608211 
870 
0.436749 0.134006 
871 
0.911188 0.519429 
872 
0.386914 0.0778578 
873 
0.508405 0.11487 
874 
0.496301 0.709188 
875 
0.164976 0.857688 
876 
0.394214 0.528728 
877 
0.126748 0.281245 
878 
0.562313 0.111662 
879 
0.551228 0.83844 
880 
0.695452 0.736148 
881 
0.452445 0.588612 
882 
0.644939 0.659323 
883 
0.207547 0.590134 
884 
0.575644 0.852586 
885 
0.198345 0.012393 
886 
0.986592 0.109533 
887 
0.531822 0.373507 
888 
0.187391 0.0402264 
889 
0.488376 0.683692 
890 
0.749414 0.653353 
891 
0.541381 0.143628 
892 
0.18208 0.668129 
893 
0.424873 0.744393 
894 
0.779791 0.976101 
895 
0.582834 0.475243 
896 
0.712249 0.0352784 
897 
0.0638549 0.357188 
898 
0.694601 0.271402 
899 
0.947321 0.270245 
900 
0.123988 0.145667 
901 
0.282638 0.110581 
902 
0.2552 0.81446 
903 
0.484087 0.442591 
904 
0.854686 0.972464 
905 
0.126284 0.6041 
906 
0.625817 0.667664 
907 
0.747728 0.807897 
908 
0.335793 0.172601 
909 
0.55229 0.115585 
910 
0.148702 0.135124 
911 
0.590828 0.860951 
912 
0.170403 0.654683 
913 
0.218139 0.865004 
914 
0.926085 0.16546 
915 
0.135249 0.0500733 
916 
0.311127 0.417887 
917 
0.160654 0.566327 
918 
0.232347 0.644741 
919 
0.00891842 0.0870328 
920 
0.617205 0.135202 
921 
0.691133 0.243022 
922 
0.802867 0.438861 
923 
0.0509187 0.13866 
924 
0.611463 0.603209 
925 
0.254245 0.760165 
926 
0.738333 0.845073 
927 
0.621116 0.908736 
928 
0.499756 0.839255 
929 
0.77374 0.42584 
930 
0.00471507 0.908989 
931 
0.475914 0.315842 
932 
0.326876 0.636568 
933 
0.882169 0.559222 
934 
0.281309 0.891087 
935 
0.646255 0.898514 
936 
0.0262896 0.337388 
937 
0.141535 0.829156 
938 
0.776249 0.192454 
939 
0.967816 0.387712 
940 
0.795663 0.222061 
941 
0.147877 0.533997 
942 
0.0671338 0.768993 
943 
0.442733 0.566889 
944 
0.608248 0.216473 
945 
0.99273 0.612963 
946 
0.125462 0.468643 
947 
0.928805 0.452337 
948 
0.105211 0.810974 
949 
0.0115596 0.38652 
950 
0.702062 0.657815 
951 
0.285034 0.728351 
952 
0.995203 0.426569 
953 
0.557507 0.771452 
954 
0.619023 0.525324 
955 
0.159164 0.414686 
956 
0.747385 0.307041 
957 
0.948682 0.814518 
958 
0.0760345 0.391415 
959 
0.381408 0.684283 
960 
0.607888 0.374138 
961 
0.297246 0.73335 
962 
0.842781 0.226051 
963 
0.185687 0.947992 
964 
0.0370257 0.197247 
965 
0.334512 0.739087 
966 
0.855061 0.619546 
967 
0.467438 0.850264 
968 
0.0461144 0.0249458 
969 
0.621716 0.665137 
970 
0.550269 0.78088 
971 
0.0798228 0.297654 
972 
0.087921 0.0285051 
973 
0.112172 0.163955 
974 
0.41992 0.49358 
975 
0.848238 0.0278081 
976 
0.867718 0.145484 
977 
0.761158 0.710499 
978 
0.371536 0.946845 
979 
0.658491 0.408562 
980 
0.144092 0.993003 
981 
0.147649 0.999154 
982 
0.612548 0.615087 
983 
0.849418 0.658663 
984 
0.640033 0.471134 
985 
0.3238 0.190302 
986 
0.252014 0.403623 
987 
0.487956 0.339935 
988 
0.432128 0.600129 
989 
0.50389 0.852048 
990 
0.093709 0.352129 
991 
0.879856 0.961427 
992 
0.497613 0.641014 
993 
0.671926 0.869149 
994 
0.587859 0.330416 
995 
0.277711 0.731951 
996 
0.323419 0.425359 
997 
0.731105 0.935968 
998 
0.0404467 0.580523 
999 
0.59463 0.68048 
1000 
0.0516566 0.91843 
1001 
0.870782 0.30367 
1002 
0.322053 0.358738 
1003 
0.643605 0.75418 
1004 
0.958867 0.147496 
1005 
0.606228 0.0525762 
1006 
0.499624 0.486084 
1007 
0.014003 0.997237 
1008 
0.127098 0.685929 
1009 
0.866386 0.714957 
1010 
0.0163449 0.144097 
1011 
0.446909 0.339764 
1012 
0.569456 0.178014 
1013 
0.275732 0.609903 
1014 
0.758536 0.870362 
1015 
0.290383 0.810193 
1016 
0.788792 0.161165 
1017 
0.113864 0.110845 
1018 
0.519903 0.757469 
1019 
0.865025 0.47877 
1020 
0.904965 0.471253 
1021 
0.531347 0.404589 
1022 
0.957338 0.54535 
1023 
0.401826 0.0844357 
1024 
0.231278 0.268213 
1025 
0.799393 0.247623 
1026 
0.41231 0.246302 
1027 
0.587387 0.981766 
1028 
0.424315 0.863119 
1029 
0.591669 0.182852 
1030 
0.733481 0.882052 
1031 
0.993045 0.522273 
1032 
0.0432166 0.106908 
1033 
0.633118 0.56312 
1034 
0.864377 0.498143 
1035 
0.0418903 0.769342 
1036 
0.969397 0.573237 
1037 
0.173931 0.926735 
1038 
0.118587 0.575757 
1039 
0.0111703 0.349865 
1040 
0.84397 0.810563 
1041 
0.597488 0.256279 
1042 
0.056865 0.184875 
1043 
0.238045 0.48118 
1044 
0.0479944 0.829714 
1045 
0.664032 0.781476 
1046 
0.711766 0.657077 
1047 
0.303749 0.754982 
1048 
0.763986 0.936867 
1049 
0.318102 0.628363 
1050 
0.435011 0.359993 
1051 
0.397705 0.404407 
1052 
0.93323 0.571636 
1053 
0.331142 0.0518163 
1054 
0.147393 0.342312 
1055 
0.401681 0.991362 
1056 
0.152876 0.999169 
1057 
0.247642 0.209741 
1058 
0.184044 0.485687 
1059 
0.690921 0.232039 
1060 
0.315401 0.354953 
1061 
0.0135142 0.0271665 
1062 
0.0120301 0.317263 
1063 
0.782149 0.776016 
1064 
0.25413 0.100251 
1065 
0.404379 0.689141 
1066 
0.460244 0.802083 
1067 
0.0935481 0.393473 
1068 
0.373719 0.42469 
1069 
0.44529 0.521112 
1070 
0.767002 0.846971 
1071 
0.512474 0.919878 
1072 
0.84614 0.760116 
1073 
0.129619 0.0301842 
1074 
0.245802 0.820539 
1075 
0.262223 0.561203 
1076 
0.175492 0.275737 
1077 
0.588369 0.187523 
1078 
0.593 0.370518 
1079 
0.963538 0.84713 
1080 
0.47077 0.367917 
1081 
0.536271 0.931013 
1082 
0.17 0.629819 
1083 
0.324487 0.543719 
1084 
0.0545094 0.769776 
1085 
0.0648309 0.821512 
1086 
0.616747 0.577305 
1087 
0.74139 0.462887 
1088 
0.337421 0.871008 
1089 
0.493071 0.583223 
1090 
0.691548 0.755294 
1091 
0.144426 0.86704 
1092 
0.0310312 0.732795 
1093 
0.0545629 0.624031 
1094 
0.103313 0.0181011 
1095 
0.471162 0.574083 
1096 
0.386018 0.00743288 
1097 
0.505096 0.556018 
1098 
0.637252 0.829583 
1099 
0.0997373 0.691761 
1100 
0.59936 0.164568 
1101 
0.513273 0.216107 
1102 
0.741873 0.254663 
1103 
0.678994 0.0792938 
1104 
0.125671 0.172065 
1105 
0.662517 0.817219 
1106 
0.927359 0.806942 
1107 
0.68426 0.95839 
1108 
0.539737 0.738823 
1109 
0.582422 0.643051 
1110 
0.756924 0.0535836 
1111 
0.217134 0.142942 
1112 
0.0610165 0.72223 
1113 
0.69896 0.698269 
1114 
0.551813 0.798697 
1115 
0.39003 0.151173 
1116 
0.963265 0.903303 
1117 
0.36728 0.705138 
1118 
0.157966 0.0462733 
1119 
0.784432 0.283638 
1120 
0.218338 0.446949 
1121 
0.100857 0.145697 
1122 
0.253891 0.785117 
1123 
0.104088 0.793628 
1124 
0.523939 0.686509 
1125 
0.436679 0.280863 
1126 
0.740093 0.653813 
1127 
0.423804 0.80111 
1128 
0.376043 0.122764 
1129 
0.499378 0.927856 
1130 
0.921461 0.889408 
1131 
0.0790288 0.884726 
1132 
0.792711 0.446308 
1133 
0.589864 0.950678 
1134 
0.492582 0.374296 
1135 
0.234315 0.71092 
1136 
0.821245 0.335172 
1137 
0.856617 0.0751354 
1138 
0.120289 0.960705 
1139 
0.868764 0.644228 
1140 
0.647214 0.305443 
1141 
0.925091 0.387308 
1142 
0.959255 0.348895 
1143 
0.188417 0.335298 
1144 
0.471659 0.687795 
1145 
0.263154 0.39312 
1146 
0.577203 0.342183 
1147 
0.277845 0.369915 
1148 
0.788491 0.867709 
1149 
0.320592 0.281073 
1150 
0.242005 0.554908 
1151 
0.991993 0.0632496 
1152 
0.89008 0.84861 
1153 
0.138385 0.0103687 
1154 
0.809315 0.00714874 
1155 
0.654597 0.45653 
1156 
0.312591 0.579688 
1157 
0.843837 0.271847 
1158 
0.928583 0.0322546 
1159 
0.607145 0.400242 
1160 
0.72005 0.870299 
1161 
0.793361 0.297253 
1162 
0.212482 0.0712063 
1163 
0.667168 0.000973345 
1164 
0.938915 0.98776 
1165 
0.282046 0.180921 
1166 
0.542668 0.274039 
1167 
0.24417 0.432748 
1168 
0.12265 0.382555 
1169 
0.443117 0.931965 
1170 
0.389704 0.0977134 
1171 
0.388495 0.702295 
1172 
0.677401 0.232332 
1173 
0.974142 0.605984 
1174 
0.264587 0.581287 
1175 
0.00622506 0.984637 
1176 
0.451586 0.799586 
1177 
0.28189 0.664068 
1178 
0.870792 0.949058 
1179 
0.665041 0.809708 
1180 
0.936818 0.947088 
1181 
0.990628 0.479486 
1182 
0.221127 0.234799 
1183 
0.912234 0.343777 
1184 
0.617354 0.355351 
1185 
0.275742 0.00705794 
1186 
0.453065 0.664236 
1187 
0.709353 0.130466 
1188 
0.896568 0.683495 
1189 
0.736449 0.161155 
1190 
0.264782 0.742674 
1191 
0.145792 0.716368 
1192 
0.54226 0.427682 
1193 
0.380436 0.413053 
1194 
0.376739 0.0454776 
1195 
0.222761 0.313558 
1196 
0.992565 0.213389 
1197 
0.793044 0.213692 
1198 
0.448188 0.705279 
1199 
0.557469 0.0655417 
1200 
0.06063 0.83321 
1201 
0.0725997 0.513695 
1202 
0.497447 0.781953 
1203 
0.64416 0.394015 
1204 
0.465448 0.380609 
1205 
0.55517 0.730231 
1206 
0.123283 0.700962 
1207 
0.446599 0.665543 
1208 
0.128643 0.827035 
1209 
0.0785962 0.505383 
1210 
0.872513 0.301357 
1211 
0.818941 0.865078 
1212 
0.514746 0.611985 
1213 
0.0787706 0.962934 
1214 
0.317264 0.63624 
1215 
0.0284755 0.377894 
1216 
0.46945 0.101075 
1217 
0.891589 0.966897 
1218 
0.883028 0.535749 
1219 
0.360912 0.348477 
1220 
0.916358 0.916082 
1221 
0.0787072 0.0396411 
1222 
0.617044 0.525306 
1223 
0.705185 0.745688 
1224 
0.352342 0.783781 
1225 
0.251071 0.224855 
1226 
0.0851376 0.0700116 
1227 
0.089933 0.599884 
1228 
0.681997 0.168704 
1229 
0.562817 0.999261 
1230 
0.804943 0.591293 
1231 
0.377155 0.274393 
1232 
0.692368 0.268744 
1233 
0.24129 0.575396 
1234 
0.804492 0.602202 
1235 
0.923873 0.72085 
1236 
0.518284 0.00257989 
1237 
0.760491 0.135329 
1238 
0.527886 0.465676 
1239 
0.881016 0.880228 
1240 
0.249457 0.132087 
1241 
0.105083 0.334594 
1242 
0.202099 0.195016 
1243 
0.934478 0.884096 
1244 
0.363719 0.497295 
1245 
0.883357 0.168662 
1246 
0.0885879 0.260512 
1247 
0.443056 0.780956 
1248 
0.529255 0.684346 
1249 
0.356352 0.333748 
1250 
0.286548 0.280225 
1251 
0.0545978 0.804832 
1252 
0.282805 0.815089 
1253 
0.940161 0.810691 
1254 
0.280765 0.821177 
1255 
0.690919 0.530221 
1256 
0.953265 0.796001 
1257 
0.864815 0.155363 
1258 
0.991017 0.799293 
1259 
0.0394591 0.354736 
1260 
0.296588 0.922816 
1261 
0.523398 0.385176 
1262 
0.183327 0.966454 
1263 
0.166132 0.712583 
1264 
0.6508 0.522484 
1265 
0.0463305 0.937347 
1266 
0.802709 0.100928 
1267 
0.74218 0.0855131 
1268 
0.916017 0.68234 
1269 
0.896204 0.196782 
1270 
0.503518 0.587122 
1271 
0.727003 0.456782 
1272 
0.383123 0.591819 
1273 
0.612146 0.37414 
1274 
0.391112 0.651605 
1275 
0.728876 0.6877 
1276 
0.574421 0.252274 
1277 
0.0728762 0.757748 
1278 
0.218728 0.239008 
1279 
0.470331 0.869527 
1280 
0.761492 0.516662 
1281 
0.806875 0.564201 
1282 
0.61759 0.549054 
1283 
0.649714 0.533607 
1284 
0.231395 0.545917 
1285 
0.730389 0.734913 
1286 
0.13304 0.457393 
1287 
0.191695 0.516163 
1288 
0.0492118 0.803841 
1289 
0.890303 0.440324 
1290 
0.455446 0.619179 
1291 
0.128024 0.0298664 
1292 
0.871453 0.2009 
1293 
0.787615 0.0901811 
1294 
0.439908 0.257946 
1295 
0.959708 0.2014 
1296 
0.774607 0.766583 
1297 
0.765601 0.392197 
1298 
0.315637 0.415314 
1299 
0.925804 0.547032 
1300 
0.961232 0.656194 
1301 
0.281945 0.0942718 
1302 
0.113587 0.473639 
1303 
0.610435 0.162798 
1304 
0.27748 0.500739 
1305 
0.603122 0.732926 
1306 
0.119918 0.731146 
1307 
0.762792 0.991371 
1308 
0.932046 0.550407 
1309 
0.0815522 0.371955 
1310 
0.808352 0.0412606 
1311 
0.573355 0.58296 
1312 
0.807844 0.338956 
1313 
0.975157 0.123481 
1314 
0.75427 0.900961 
1315 
0.670513 0.715502 
1316 
0.557154 0.952458 
1317 
0.809774 0.670741 
1318 
0.426097 0.420209 
1319 
0.83354 0.703577 
1320 
0.920948 0.436662 
1321 
0.436503 0.0408654 
1322 
0.167808 0.199296 
1323 
0.0322365 0.0998543 
1324 
0.749702 0.113789 
1325 
0.471809 0.558055 
1326 
0.155049 0.0451635 
1327 
0.141014 0.962893 
1328 
0.384119 0.116171 
1329 
0.086374 0.138389 
1330 
0.0171317 0.756887 
1331 
0.853891 0.574286 
1332 
0.709345 0.663665 
1333 
0.245027 0.135442 
1334 
0.0838739 0.0785668 
1335 
0.839019 0.00482142 
1336 
0.515229 0.275522 
1337 
0.0456868 0.683037 
1338 
0.474818 0.0779234 
1339 
0.782891 0.22452 
1340 
0.191712 0.2547 
1341 
0.782575 0.346761 
1342 
0.299863 0.923589 
1343 
0.309654 0.683982 
1344 
0.0397603 0.396028 
1345 
0.822371 0.0568919 
1346 
0.152915 0.676262 
1347 
0.631178 0.86226 
1348 
0.339927 0.876205 
1349 
0.997701 0.423801 
1350 
0.954772 0.83672 
1351 
0.428623 0.470001 
1352 
0.112242 0.474309 
1353 
0.153037 0.58706 
1354 
0.552233 0.935928 
1355 
0.81158 0.743945 
1356 
0.190628 0.594155 
1357 
0.0907063 0.490491 
1358 
0.517744 0.400361 
1359 
0.174473 0.557504 
1360 
0.796389 0.996844 
1361 
0.614396 0.949304 
1362 
0.673107 0.245575 
1363 
0.811564 0.0130342 
1364 
0.12178 0.809265 
1365 
0.436835 0.0765519 
1366 
0.645986 0.865458 
1367 
0.546552 0.758228 
1368 
0.339767 0.69959 
1369 
0.345288 0.892 
1370 
0.635518 0.156868 
1371 
0.635945 0.826145 
1372 
0.751023 0.726651 
1373 
0.316636 0.268767 
1374 
0.127012 0.491109 
1375 
0.826272 0.923401 
1376 
0.487953 0.440668 
1377 
0.872705 0.16106 
1378 
0.686243 0.684269 
1379 
0.174094 0.808022 
1380 
0.493535 0.61093 
1381 
0.884574 0.13952 
1382 
0.476388 0.431127 
1383 
0.897748 0.816155 
1384 
0.130716 0.243036 
1385 
0.708155 0.766234 
1386 
0.399904 0.3441 
1387 
0.592379 0.150927 
1388 
0.0707515 0.909015 
1389 
0.419694 0.197763 
1390 
0.400124 0.245966 
1391 
0.121164 0.888077 
1392 
0.686634 0.993869 
1393 
0.0491377 0.372876 
1394 
0.678139 0.223232 
1395 
0.180899 0.171673 
1396 
0.834162 0.0654727 
1397 
0.311193 0.31055 
1398 
0.496599 0.208942 
1399 
0.126705 0.627316 
