86 2
0 0 0 1 1 0 1 1 1 0 0 0 1 0 0 0 1 0 1 1 1 1 0 0 1 0 0 1 1 1 0 1 0 1 1 1 0 1 1 0 0 0 1 0 0 0 0 0 1 0 0 1 0 1 1 0 0 0 0 1 0 1 1 1 1 1 1 0 1 1 1 1 1 0 0 0 1 1 1 0 0 1 0 0 1 0 
0 72 
0.203745 0.651377 0.967051 0.173414 
1 61 
0.240466 0.516588 0.501944 0.90516 
2 60 
0.206929 0.41577 0.718153 0.685572 
3 47 
0.630272 0.90132 0.265835 0.54405 
4 70 
0.144985 0.731459 0.650908 0.843166 
5 36 
0.677144 0.798286 0.639555 0.493333 
6 54 
0.224346 0.697079 0.851249 0.191397 
7 65 
0.455357 0.431863 0.387081 0.957301 
8 55 
0.588478 0.16423 0.752794 0.306631 
9 20 
0.493678 0.936903 0.751121 0.759513 
10 50 
0.318323 0.904497 0.212412 0.969231 
11 0 
0.0696539 0.646376 0.545949 0.709209 
12 63 
0.745821 0.933555 0.836787 0.59707 
13 34 
0.70728 0.0524267 0.556815 0.0943616 
14 74 
0.893838 0.682839 0.173957 0.646632 
15 58 
0.0237589 0.140309 0.926374 0.77488 
16 84 
0.407327 0.0932035 0.80432 0.619739 
17 44 
0.551983 0.689393 0.70881 0.097932 
18 35 
0.848519 0.843753 0.332157 0.685306 
19 0 
0.457109 0.392587 0.493249 0.0139236 
20 52 
0.502977 0.907762 0.169788 0.676934 
21 73 
0.159258 0.700693 0.694703 0.0856323 
22 69 
0.594525 0.492959 0.568776 0.398845 
23 80 
0.631211 0.950828 0.802092 0.340021 
24 60 
0.200694 0.18854 0.892512 0.532851 
25 34 
0.333335 0.98996 0.266433 0.826584 
26 64 
0.753382 0.329561 0.911645 0.92317 
27 23 
0.466039 0.0824284 0.707188 0.160742 
28 71 
0.182761 0.755267 0.66102 0.751537 
29 42 
0.773718 0.382748 0.104939 0.57581 
30 73 
0.153699 0.776504 0.911309 0.0462111 
31 7 
0.785156 0.379546 0.299316 0.0515889 
32 38 
0.3032 0.804971 0.535691 0.214845 
33 82 
0.542186 0.680884 0.810569 0.249374 
34 29 
0.97863 0.432135 0.596893 0.63965 
35 30 
0.751005 0.413368 0.56642 0.855944 
36 85 
0.28919 0.00964255 0.765683 0.200499 
37 64 
0.0750383 0.985655 0.4354 0.374354 
38 45 
0.64153 0.677554 0.842214 0.17722 
39 49 
0.570355 0.719406 0.573283 0.380924 
40 37 
0.414909 0.359554 0.400914 0.0118015 
41 56 
0.584586 0.762806 0.412571 0.151007 
42 15 
0.401749 0.440196 0.628392 0.167432 
43 62 
0.684246 0.24247 0.62635 0.119646 
44 67 
0.663593 0.761175 0.294378 0.505808 
45 78 
0.186777 0.0761624 0.657801 0.760059 
46 27 
0.626581 0.174968 0.81664 0.0274954 
47 36 
0.815843 0.612082 0.949575 0.228414 
48 70 
0.568325 0.630164 0.203285 0.196718 
49 4 
0.84398 0.880964 0.0400658 0.47033 
50 60 
0.65689 0.133923 0.761785 0.951268 
51 24 
0.70018 0.138045 0.715893 0.357981 
52 83 
0.17298 0.984563 0.0730717 0.989619 
53 25 
0.259841 0.805463 0.62414 0.209416 
54 30 
0.387228 0.777741 0.66404 0.590513 
55 27 
0.461636 0.434493 0.855423 0.501702 
56 64 
0.856033 0.158592 0.0387462 0.617817 
57 54 
0.678477 0.317997 0.247905 0.39437 
58 15 
0.146009 0.56735 0.660541 0.219081 
59 1 
0.672599 0.478921 0.362432 0.296739 
60 51 
0.396309 0.683967 0.466079 0.0603492 
61 12 
0.440538 0.521985 0.708973 0.295962 
62 55 
0.613795 0.151994 0.182279 0.652542 
63 59 
0.292139 0.331019 0.0878088 0.540044 
64 42 
0.763788 0.686053 0.292739 0.424329 
65 41 
0.849709 0.0969281 0.384055 0.212141 
66 2 
0.0723926 0.608449 0.0776339 0.538472 
67 81 
0.352114 0.97901 0.190784 0.0610861 
68 85 
0.214471 0.674882 0.426966 0.39675 
69 38 
0.196777 0.688889 0.658442 0.284586 
70 58 
0.383831 0.0483738 0.914986 0.67657 
71 1 
0.82012 0.526279 0.569631 0.204175 
72 0 
0.963298 0.276567 0.346869 0.0409316 
73 44 
0.0156676 0.393045 0.794049 0.206451 
74 17 
0.069021 0.420922 0.129013 0.495987 
75 30 
0.456436 0.692764 0.50656 0.114878 
76 23 
0.735494 0.498709 0.0257242 0.65048 
77 55 
0.498427 0.4706 0.701559 0.0680576 
78 0 
0.439979 0.0313554 0.951342 0.786848 
79 63 
0.766381 0.802515 0.465332 0.56043 
80 62 
0.919463 0.629451 0.429888 0.0484761 
81 58 
0.24756 0.504912 0.818203 0.75412 
82 74 
0.795553 0.489614 0.1185 0.821277 
83 23 
0.29378 0.319704 0.610693 0.995339 
84 62 
0.285468 0.435317 0.419117 0.236809 
85 0 
0.491404 0.00319053 0.0246804 0.956736 
