600 1
1 0 0 1 0 1 0 1 0 1 1 0 0 0 1 0 1 0 0 0 0 1 1 1 0 1 0 0 1 1 0 1 1 1 1 0 1 1 0 1 1 0 0 0 0 0 1 0 1 1 0 1 1 0 1 0 0 0 1 0 1 0 0 1 0 0 0 1 0 1 1 0 1 0 1 0 1 0 1 1 0 0 1 0 1 0 1 0 1 1 1 1 0 0 1 1 0 0 1 1 1 1 1 1 0 1 0 0 0 0 1 1 0 1 0 0 0 0 0 1 0 0 1 1 0 0 0 1 1 0 1 1 1 1 1 0 0 0 0 1 0 0 0 1 0 1 0 0 1 1 0 0 1 0 1 0 1 0 0 0 1 0 0 1 1 1 1 0 0 0 0 1 1 1 1 0 0 1 1 0 1 0 1 1 0 1 0 0 0 1 1 1 1 1 1 1 1 1 0 0 0 1 1 0 0 1 0 1 1 0 0 0 0 0 0 1 1 0 0 0 0 1 0 0 1 1 0 1 1 1 0 1 0 0 0 1 1 1 1 1 1 0 0 0 1 0 0 1 1 1 1 0 1 0 0 1 0 1 1 1 0 1 1 1 0 0 1 0 1 1 1 1 0 0 0 0 1 1 1 1 1 1 1 0 0 0 0 0 0 1 0 1 1 0 1 0 1 1 0 1 1 0 1 0 1 0 0 0 0 0 0 1 0 0 0 1 1 1 0 1 1 1 1 1 0 0 1 1 0 0 1 1 1 0 0 1 1 1 0 1 0 0 1 1 1 0 0 0 0 1 0 1 0 0 1 1 1 1 1 1 0 0 1 0 1 0 1 1 1 0 1 0 1 1 1 0 0 0 1 0 0 0 0 1 1 0 0 0 1 0 0 0 1 0 0 1 1 0 0 1 1 0 1 0 1 1 1 0 0 1 1 1 0 0 0 0 0 1 1 0 0 0 1 1 1 0 1 0 1 0 0 0 0 0 1 0 0 1 1 1 1 0 0 0 1 1 1 0 1 0 1 0 1 0 0 0 1 1 1 0 0 0 1 1 0 1 0 1 1 1 0 1 0 1 0 0 1 0 0 1 1 0 0 0 1 0 1 0 0 1 1 1 0 1 0 1 1 1 0 1 1 1 1 0 1 0 0 1 1 1 1 0 0 0 1 1 1 1 0 0 1 0 1 0 0 0 1 0 0 0 0 1 0 0 0 0 1 1 0 1 1 0 0 1 1 0 1 0 0 0 1 0 1 1 0 0 0 0 1 0 1 0 0 0 1 1 1 1 0 0 1 0 1 1 0 1 0 0 0 0 1 1 1 1 1 0 0 1 1 0 0 1 1 1 0 1 1 0 1 0 
0 
0.299726 0.654437 
1 
0.14879 0.369081 
2 
0.0494884 0.698122 
3 
0.799441 0.914237 
4 
0.314998 0.371423 
5 
0.734896 0.67993 
6 
0.530984 0.61543 
7 
0.172522 0.322504 
8 
0.171467 0.414075 
9 
0.594269 0.367338 
10 
0.696691 0.88934 
11 
0.458457 0.0728004 
12 
0.331024 0.945779 
13 
0.111893 0.573605 
14 
0.147345 0.0944382 
15 
0.269156 0.447071 
16 
0.748875 0.417947 
17 
0.816152 0.798363 
18 
0.116069 0.615593 
19 
0.7126 0.431068 
20 
0.987017 0.447496 
21 
0.110998 0.518 
22 
0.0629262 0.283519 
23 
0.840504 0.234393 
24 
0.697595 0.434774 
25 
0.601731 0.394286 
26 
0.324114 0.0601878 
27 
0.467086 0.655138 
28 
0.00596629 0.57898 
29 
0.228744 0.153312 
30 
0.673418 0.4979 
31 
0.600383 0.422293 
32 
0.915847 0.416535 
33 
0.220656 0.0319156 
34 
0.0321285 0.933256 
35 
0.462983 0.0191451 
36 
0.380752 0.573981 
37 
0.537145 0.443679 
38 
0.8575 0.37765 
39 
0.678072 0.555095 
40 
0.812423 0.279803 
41 
0.949381 0.136537 
42 
0.33999 0.416468 
43 
0.791675 0.345957 
44 
0.995447 0.0204186 
45 
0.499268 0.668865 
46 
0.518319 0.0996513 
47 
0.0911573 0.434165 
48 
0.516186 0.311813 
49 
0.466081 0.548315 
50 
0.245069 0.929064 
51 
0.56746 0.625822 
52 
0.503045 0.104605 
53 
0.0695 0.360545 
54 
0.482255 0.747572 
55 
0.91564 0.294678 
56 
0.0273744 0.865021 
57 
0.431215 0.367365 
58 
0.281489 0.22289 
59 
0.713321 0.276936 
60 
0.243309 0.21259 
61 
0.945801 0.761627 
62 
0.312241 0.0369579 
63 
0.195792 0.828428 
64 
0.348771 0.661873 
65 
0.376743 0.59384 
66 
0.590937 0.944203 
67 
0.219662 0.0939814 
68 
0.0488079 0.289162 
69 
0.454526 0.531063 
70 
0.0367334 0.370166 
71 
0.825741 0.0641078 
72 
0.235188 0.256956 
73 
0.431473 0.516676 
74 
0.479846 0.144794 
75 
0.793612 0.723155 
76 
0.357384 0.739413 
77 
0.484782 0.669625 
78 
0.776371 0.680574 
79 
0.498053 0.125142 
80 
0.342448 0.874795 
81 
0.718982 0.933384 
82 
0.818998 0.938643 
83 
0.0273658 0.867806 
84 
0.227805 0.481892 
85 
0.398869 0.264538 
86 
0.852058 0.224609 
87 
0.328646 0.0872459 
88 
0.481565 0.760119 
89 
0.603922 0.961411 
90 
0.904913 0.397534 
91 
0.684566 0.262297 
92 
0.136947 0.169348 
93 
0.931922 0.913317 
94 
0.849923 0.429975 
95 
0.0384589 0.19237 
96 
0.30477 0.757441 
97 
0.125755 0.123768 
98 
0.696084 0.15312 
99 
0.991574 0.923889 
100 
0.635012 0.390442 
101 
0.188427 0.487071 
102 
0.615052 0.517074 
103 
0.574317 0.0966169 
104 
0.277192 0.178239 
105 
0.0580283 0.182105 
106 
0.575773 0.742595 
107 
0.444402 0.71272 
108 
0.911943 0.376324 
109 
0.626037 0.761866 
110 
0.806299 0.664496 
111 
0.954236 0.111069 
112 
0.421937 0.0799907 
113 
0.234836 0.118021 
114 
0.233111 0.22641 
115 
0.0419096 0.868124 
116 
0.616852 0.230337 
117 
0.355195 0.231904 
118 
0.747411 0.929511 
119 
0.32852 0.0246031 
120 
0.10775 0.386549 
121 
0.206708 0.683523 
122 
0.129143 0.65111 
123 
0.396243 0.0410862 
124 
0.027434 0.02228 
125 
0.802952 0.833733 
126 
0.686776 0.757188 
127 
0.944801 0.108713 
128 
0.837179 0.179637 
129 
0.226733 0.0702899 
130 
0.406047 0.268643 
131 
0.938414 0.0228993 
132 
0.49898 0.293608 
133 
0.254803 0.246391 
134 
0.223119 0.583323 
135 
0.270994 0.330869 
136 
0.969872 0.477702 
137 
0.0143922 0.0990153 
138 
0.128812 0.410635 
139 
0.140101 0.156246 
140 
0.432915 0.943053 
141 
0.989979 0.119691 
142 
0.700241 0.93478 
143 
0.228404 0.53742 
144 
0.114417 0.455137 
145 
0.60771 0.520464 
146 
0.72378 0.546123 
147 
0.543364 0.22276 
148 
0.839731 0.798166 
149 
0.46915 0.0628507 
150 
0.38149 0.740144 
151 
0.39372 0.351362 
152 
0.217846 0.408112 
153 
0.450377 0.346658 
154 
0.818747 0.590478 
155 
0.502904 0.251662 
156 
0.533532 0.492882 
157 
0.371353 0.233773 
158 
0.427662 0.599757 
159 
0.771193 0.542079 
160 
0.0548943 0.378902 
161 
0.0625433 0.778674 
162 
0.925026 0.605907 
163 
0.00143402 0.764757 
164 
0.404073 0.470584 
165 
0.827608 0.785563 
166 
0.210728 0.221328 
167 
0.136924 0.428574 
168 
0.62944 0.587301 
169 
0.775232 0.448187 
170 
0.17778 0.278136 
171 
0.69985 0.711311 
172 
0.771018 0.0712031 
173 
0.945084 0.198681 
174 
0.67096 0.716277 
175 
0.74076 0.725855 
176 
0.095179 0.803303 
177 
0.504529 0.0202048 
178 
0.40921 0.505963 
179 
0.784962 0.813283 
180 
0.976547 0.61257 
181 
0.598846 0.187275 
182 
0.833898 0.73577 
183 
0.61585 0.463338 
184 
0.323072 0.391082 
185 
0.911525 0.500851 
186 
0.669218 0.611375 
187 
0.212162 0.440236 
188 
0.682578 0.157246 
189 
0.638917 0.353538 
190 
0.873523 0.379676 
191 
0.0793929 0.968702 
192 
0.182979 0.583922 
193 
0.988907 0.592189 
194 
0.0898845 0.773869 
195 
0.405472 0.0664317 
196 
0.386439 0.00431772 
197 
0.253707 0.220336 
198 
0.740088 0.869557 
199 
0.683674 0.0631598 
200 
0.260639 0.595199 
201 
0.564011 0.929856 
202 
0.206574 0.776173 
203 
0.370092 0.889152 
204 
0.93342 0.00900886 
205 
0.242691 0.806943 
206 
0.388685 0.322083 
207 
0.775645 0.571664 
208 
0.906005 0.764551 
209 
0.163853 0.99589 
210 
0.53842 0.569325 
211 
0.0623214 0.924859 
212 
0.573642 0.316029 
213 
0.145195 0.313731 
214 
0.185586 0.828869 
215 
0.37689 0.446224 
216 
0.424068 0.940901 
217 
0.37608 0.630642 
218 
0.717075 0.746172 
219 
0.519795 0.650495 
220 
0.755181 0.762485 
221 
0.457437 0.143866 
222 
0.0845685 0.233082 
223 
0.71553 0.990574 
224 
0.997634 0.879383 
225 
0.986463 0.536054 
226 
0.448708 0.0487848 
227 
0.460912 0.0223504 
228 
0.364814 0.606107 
229 
0.336081 0.550399 
230 
0.434976 0.712971 
231 
0.996623 0.859044 
232 
0.653873 0.372703 
233 
0.489686 0.370948 
234 
0.118876 0.00948083 
235 
0.0214423 0.874057 
236 
0.771966 0.47888 
237 
0.0179235 0.856534 
238 
0.711962 0.733454 
239 
0.847108 0.709595 
240 
0.612837 0.833572 
241 
0.245649 0.0615453 
242 
0.882356 0.706561 
243 
0.0838956 0.24717 
244 
0.312668 0.419977 
245 
0.797569 0.747644 
246 
0.132948 0.794192 
247 
0.606688 0.78682 
248 
0.166895 0.0963744 
249 
0.157768 0.285771 
250 
0.105855 0.17921 
251 
0.159828 0.877821 
252 
0.65809 0.177752 
253 
0.734356 0.370052 
254 
0.911206 0.581464 
255 
0.0796473 0.524043 
256 
0.415035 0.325296 
257 
0.585588 0.297392 
258 
0.0318578 0.669484 
259 
0.544562 0.344526 
260 
0.0894605 0.342131 
261 
0.0921703 0.222408 
262 
0.136323 0.698858 
263 
0.0092286 0.303218 
264 
0.795233 0.166996 
265 
0.588989 0.901088 
266 
0.346207 0.748818 
267 
0.778909 0.00429657 
268 
0.926569 0.513265 
269 
0.374348 0.837775 
270 
0.0947287 0.453996 
271 
0.361818 0.509764 
272 
0.779292 0.947407 
273 
0.807156 0.81115 
274 
0.616891 0.351717 
275 
0.155676 0.706351 
276 
0.693848 0.247846 
277 
0.92876 0.830171 
278 
0.946705 0.937988 
279 
0.133389 0.741937 
280 
0.104985 0.722378 
281 
0.643026 0.451191 
282 
0.471195 0.421935 
283 
0.455488 0.397765 
284 
0.9352 0.829836 
285 
0.23554 0.0299284 
286 
0.283832 0.597358 
287 
0.539692 0.0631242 
288 
0.544765 0.346848 
289 
0.874274 0.161656 
290 
0.698565 0.0299501 
291 
0.868007 0.392413 
292 
0.277796 0.796767 
293 
0.222584 0.224501 
294 
0.734755 0.355972 
295 
0.966438 0.83974 
296 
0.0783503 0.609464 
297 
0.290931 0.549546 
298 
0.0313987 0.746419 
299 
0.94731 0.966598 
300 
0.576255 0.182851 
301 
0.996527 0.860087 
302 
0.780209 0.536219 
303 
0.923212 0.324974 
304 
0.883067 0.797486 
305 
0.48663 0.581633 
306 
0.827436 0.354638 
307 
0.974046 0.105232 
308 
0.151405 0.19663 
309 
0.329733 0.88616 
310 
0.552602 0.296171 
311 
0.7259 0.630953 
312 
0.905635 0.0168308 
313 
0.180498 0.937034 
314 
0.76325 0.127809 
315 
0.903633 0.339505 
316 
0.310659 0.900159 
317 
0.199593 0.0908683 
318 
0.436379 0.122804 
319 
0.415843 0.319446 
320 
0.92029 0.902473 
321 
0.901078 0.747726 
322 
0.25711 0.875124 
323 
0.852958 0.408515 
324 
0.0717542 0.182691 
325 
0.294675 0.624357 
326 
0.478862 0.0205742 
327 
0.255309 0.384498 
328 
0.037405 0.435807 
329 
0.321532 0.800655 
330 
0.563616 0.225164 
331 
0.14016 0.874276 
332 
0.125324 0.339753 
333 
0.965144 0.561702 
334 
0.462557 0.380986 
335 
0.881148 0.382847 
336 
0.283459 0.782226 
337 
0.130573 0.54057 
338 
0.657351 0.983531 
339 
0.949085 0.729105 
340 
0.166222 0.243759 
341 
0.353462 0.645085 
342 
0.264333 0.608771 
343 
0.0295823 0.301738 
344 
0.0445782 0.351114 
345 
0.102393 0.608194 
346 
0.576279 0.242553 
347 
0.48247 0.701603 
348 
0.582306 0.447614 
349 
0.263305 0.0448637 
350 
0.8286 0.144453 
351 
0.427711 0.11206 
352 
0.926679 0.558284 
353 
0.652629 0.58403 
354 
0.541816 0.601714 
355 
0.313135 0.708038 
356 
0.845473 0.666597 
357 
0.353122 0.109807 
358 
0.275368 0.382705 
359 
0.411545 0.319946 
360 
0.733819 0.513938 
361 
0.92814 0.310097 
362 
0.756492 0.41061 
363 
0.0117 0.338798 
364 
0.858224 0.275005 
365 
0.383662 0.686825 
366 
0.419458 0.811373 
367 
0.798884 0.346137 
368 
0.369657 0.451514 
369 
0.930167 0.911473 
370 
0.0532277 0.243303 
371 
0.619511 0.898701 
372 
0.9099 0.972633 
373 
0.00850731 0.185267 
374 
0.355337 0.420052 
375 
0.505213 0.0891562 
376 
0.933991 0.433354 
377 
0.399254 0.690482 
378 
0.843964 0.410954 
379 
0.0292804 0.702189 
380 
0.685958 0.412942 
381 
0.389013 0.105416 
382 
0.224315 0.187898 
383 
0.451553 0.593973 
384 
0.639412 0.381721 
385 
0.505446 0.692639 
386 
0.625024 0.124956 
387 
0.59134 0.534923 
388 
0.0975894 0.599847 
389 
0.720191 0.452927 
390 
0.0198998 0.225404 
391 
0.542083 0.95389 
392 
0.658758 0.941337 
393 
0.644373 0.502722 
394 
0.35229 0.673653 
395 
0.204911 0.0382486 
396 
0.0865952 0.593924 
397 
0.143665 0.310911 
398 
0.781822 0.595218 
399 
0.904883 0.421234 
400 
0.976939 0.410329 
401 
0.113873 0.601963 
402 
0.535286 0.705213 
403 
0.136886 0.632875 
404 
0.305061 0.857077 
405 
0.0858019 0.324961 
406 
0.0824808 0.627885 
407 
0.278851 0.741239 
408 
0.569222 0.923224 
409 
0.243961 0.921512 
410 
0.596876 0.448871 
411 
0.95976 0.683472 
412 
0.0427955 0.103425 
413 
0.994382 0.824618 
414 
0.698643 0.899266 
415 
0.245851 0.675583 
416 
0.309595 0.359725 
417 
0.277545 0.84488 
418 
0.0649382 0.414431 
419 
0.477755 0.369999 
420 
0.271508 0.563557 
421 
0.69496 0.353989 
422 
0.191442 0.973811 
423 
0.0952276 0.760664 
424 
0.897034 0.339188 
425 
0.682175 0.493911 
426 
0.78806 0.641936 
427 
0.177383 0.830855 
428 
0.745361 0.171765 
429 
0.655473 0.444005 
430 
0.0710303 0.901324 
431 
0.119587 0.380625 
432 
0.261049 0.397132 
433 
0.225505 0.325987 
434 
0.811564 0.70326 
435 
0.695986 0.0830718 
436 
0.266817 0.390946 
437 
0.437061 0.458259 
438 
0.364757 0.532288 
439 
0.218922 0.261792 
440 
0.871477 0.901098 
441 
0.755702 0.659536 
442 
0.543034 0.933085 
443 
0.490392 0.288395 
444 
0.10485 0.145865 
445 
0.732399 0.17588 
446 
0.0471889 0.851986 
447 
0.556505 0.308238 
448 
0.249119 0.78201 
449 
0.634225 0.0606822 
450 
0.48527 0.330212 
451 
0.143754 0.752087 
452 
0.721158 0.580815 
453 
0.210346 0.0859154 
454 
0.113103 0.429268 
455 
0.347707 0.98458 
456 
0.330366 0.103409 
457 
0.644116 0.873399 
458 
0.0364943 0.134508 
459 
0.161794 0.141344 
460 
0.280373 0.894193 
461 
0.317224 0.327562 
462 
0.746179 0.873729 
463 
0.6358 0.995298 
464 
0.655739 0.270025 
465 
0.05598 0.141009 
466 
0.600237 0.199734 
467 
0.893096 0.321395 
468 
0.780549 0.103442 
469 
0.407311 0.893652 
470 
0.53271 0.755018 
471 
0.878232 0.863076 
472 
0.858427 0.522349 
473 
0.736475 0.894921 
474 
0.656857 0.898269 
475 
0.0362652 0.93723 
476 
0.792462 0.353489 
477 
0.264791 0.538642 
478 
0.227219 0.900591 
479 
0.533939 0.882958 
480 
0.170616 0.589919 
481 
0.0239668 0.770853 
482 
0.789653 0.917063 
483 
0.0922486 0.570202 
484 
0.0205046 0.499559 
485 
0.463855 0.553215 
486 
0.254577 0.342087 
487 
0.41629 0.113004 
488 
0.864435 0.152766 
489 
0.00792474 0.521292 
490 
0.0510349 0.0441899 
491 
0.458522 0.843497 
492 
0.397679 0.723313 
493 
0.382139 0.624898 
494 
0.623904 0.916078 
495 
0.507855 0.794521 
496 
0.505998 0.531822 
497 
0.565374 0.295651 
498 
0.448885 0.657623 
499 
0.865853 0.46939 
500 
0.157182 0.329708 
501 
0.0226043 0.411759 
502 
0.671795 0.438895 
503 
0.524762 0.53623 
504 
0.59166 0.532687 
505 
0.0575223 0.642695 
506 
0.576877 0.516044 
507 
0.486192 0.974556 
508 
0.239358 0.868331 
509 
0.599454 0.863262 
510 
0.784409 0.107309 
511 
0.657783 0.290407 
512 
0.639132 0.223156 
513 
0.586058 0.0880167 
514 
0.880779 0.451911 
515 
0.557406 0.0379608 
516 
0.781619 0.580011 
517 
0.449719 0.453414 
518 
0.0189054 0.974481 
519 
0.989644 0.610566 
520 
0.507168 0.0471659 
521 
0.253261 0.0840451 
522 
0.56321 0.739454 
523 
0.0586012 0.802568 
524 
0.607785 0.658055 
525 
0.66583 0.392194 
526 
0.765365 0.323612 
527 
0.682601 0.404496 
528 
0.546769 0.268658 
529 
0.492513 0.427548 
530 
0.720569 0.0499192 
531 
0.465508 0.502188 
532 
0.62993 0.915228 
533 
0.955602 0.648835 
534 
0.889709 0.945246 
535 
0.259401 0.396877 
536 
0.992412 0.512662 
537 
0.480923 0.555622 
538 
0.252116 0.539524 
539 
0.358189 0.859901 
540 
0.197579 0.024019 
541 
0.252094 0.962943 
542 
0.347631 0.934695 
543 
0.36744 0.8944 
544 
0.203353 0.859952 
545 
0.321947 0.923923 
546 
0.909872 0.787456 
547 
0.426111 0.539802 
548 
0.702684 0.381713 
549 
0.188637 0.592393 
550 
0.326959 0.448038 
551 
0.98927 0.31937 
552 
0.9607 0.470193 
553 
0.874992 0.212816 
554 
0.00971668 0.233181 
555 
0.0727169 0.207296 
556 
0.2572 0.324811 
557 
0.170239 0.604831 
558 
0.259506 0.537678 
559 
0.499231 0.46286 
560 
0.397631 0.821179 
561 
0.386782 0.307503 
562 
0.608635 0.812893 
563 
0.847304 0.311318 
564 
0.194607 0.0359411 
565 
0.903711 0.521565 
566 
0.483979 0.892982 
567 
0.840936 0.44468 
568 
0.363175 0.715927 
569 
0.657496 0.372891 
570 
0.949109 0.730213 
571 
0.580187 0.206309 
572 
0.0550241 0.750426 
573 
0.81114 0.31453 
574 
0.288104 0.310372 
575 
0.77739 0.685735 
576 
0.13155 0.164172 
577 
0.993238 0.740185 
578 
0.977066 0.840542 
579 
0.0515035 0.171672 
580 
0.876483 0.955215 
581 
0.693238 0.360462 
582 
0.848196 0.534173 
583 
0.805142 0.211371 
584 
0.250101 0.462638 
585 
0.584262 0.199209 
586 
0.192851 0.164449 
587 
0.405518 0.247875 
588 
0.914875 0.216659 
589 
0.562405 0.202979 
590 
0.527031 0.339795 
591 
0.888714 0.658581 
592 
0.503967 0.881952 
593 
0.398766 0.481033 
594 
0.722494 0.45027 
595 
0.652706 0.598977 
596 
0.405484 0.345943 
597 
0.959439 0.253681 
598 
0.880116 0.764581 
599 
0.465052 0.130217 
