37 2
0 1 0 0 0 1 0 0 1 1 1 0 0 0 0 1 1 1 0 0 0 1 0 1 0 0 1 1 1 0 1 0 1 0 0 0 1 
0 11 
0.142925 0.946434 0.731912 0.924392 
1 27 
0.349588 0.294514 0.268365 0.906406 
2 16 
0.673153 0.822524 0.279051 0.676834 
3 28 
0.142255 0.674494 0.625721 0.307879 
4 16 
0.389005 0.512626 0.701306 0.997804 
5 34 
0.53679 0.636032 0.201404 0.823747 
6 11 
0.217991 0.966671 0.788217 0.949903 
7 21 
0.71364 0.299491 0.185577 0.982005 
8 2 
0.840944 0.655158 0.0284209 0.119995 
9 17 
0.34229 0.262249 0.00648535 0.968011 
10 25 
0.444971 0.357016 0.0827551 0.146278 
11 8 
0.541971 0.683067 0.990851 0.743375 
12 30 
0.832634 0.961366 0.473486 0.620851 
13 12 
0.364549 0.334491 0.210759 0.550126 
14 33 
0.416655 0.39107 0.971654 0.445076 
15 10 
0.303646 0.787366 0.773314 0.310131 
16 23 
0.343443 0.755102 0.112393 0.426198 
17 7 
0.467212 0.968168 0.584447 0.458063 
18 19 
0.0912614 0.290698 0.672909 0.564747 
19 12 
0.584177 0.929296 0.24604 0.794936 
20 25 
0.562536 0.211591 0.870492 0.53419 
21 34 
0.381557 0.837835 0.444034 0.154871 
22 31 
0.199411 0.498314 0.903068 0.311803 
23 13 
0.804448 0.779015 0.892681 0.388896 
24 11 
0.604224 0.480157 0.527776 0.277133 
25 28 
0.439325 0.86131 0.9742 0.685365 
26 7 
0.453622 0.247901 0.867837 0.324115 
27 33 
0.524504 0.705672 0.619926 0.968538 
28 1 
0.767892 0.167948 0.358858 0.670961 
29 10 
0.28337 0.475409 0.258767 0.176051 
30 2 
0.495845 0.780275 0.344461 0.0236217 
31 14 
0.389365 0.462947 0.918717 0.363565 
32 4 
0.574962 0.817188 0.396212 0.442799 
33 12 
0.178303 0.967303 0.846974 0.798229 
34 6 
0.707517 0.566121 0.103789 0.0663748 
35 13 
0.58354 0.349745 0.712491 0.842307 
36 32 
0.576795 0.338152 0.30607 0.921256 
