96 2
0 0 1 1 1 1 0 1 1 0 0 1 1 0 0 0 1 0 1 0 0 1 1 1 0 0 1 1 0 0 1 1 1 1 1 1 1 1 0 1 0 1 1 0 0 0 1 1 1 1 0 0 1 0 0 0 1 0 1 0 1 1 1 1 1 1 0 0 1 1 0 0 1 1 1 1 0 0 1 1 0 0 0 1 1 0 0 1 1 0 0 0 0 0 0 1 
0 30 
0.486147 0.247459 0.826376 0.100499 
1 90 
0.601842 0.372356 0.388795 0.662192 
2 93 
0.701259 0.175465 0.797873 0.712932 
3 21 
0.898611 0.601098 0.378426 0.481823 
4 92 
0.424573 0.516841 0.769141 0.47631 
5 63 
0.721303 0.877779 0.845884 0.621374 
6 7 
0.945659 0.107521 0.485739 0.772035 
7 38 
0.28272 0.373877 0.580377 0.671516 
8 26 
0.207582 0.372775 0.211534 0.00545509 
9 15 
0.0328502 0.904066 0.686804 0.411276 
10 85 
0.0640737 0.835849 0.90273 0.833214 
11 88 
0.790969 0.554517 0.189938 0.636853 
12 6 
0.428218 0.582512 0.283413 0.913958 
13 58 
0.491433 0.196678 0.728423 0.0718097 
14 38 
0.764493 0.279392 0.240969 0.976026 
15 40 
0.326675 0.00887669 0.188913 0.0134791 
16 3 
0.574802 0.0775528 0.256002 0.477531 
17 30 
0.568161 0.2685 0.465284 0.758099 
18 57 
0.641176 0.186318 0.487864 0.924588 
19 91 
0.842411 0.416021 0.296954 0.570834 
20 57 
0.165148 0.335327 0.767223 0.406117 
21 64 
0.0520697 0.732792 0.32023 0.240983 
22 70 
0.740383 0.815784 0.823824 0.996385 
23 86 
0.734591 0.564546 0.561816 0.199875 
24 50 
0.467169 0.841051 0.508963 0.955033 
25 1 
0.609238 0.797444 0.18166 0.906192 
26 20 
0.669491 0.0713407 0.703605 0.436714 
27 91 
0.0149586 0.488784 0.210249 0.335189 
28 35 
0.95652 0.0755714 0.545551 0.780344 
29 77 
0.838867 0.514935 0.636502 0.400683 
30 74 
0.959147 0.867852 0.555861 0.468109 
31 17 
0.3215 0.0773477 0.62033 0.50316 
32 43 
0.988608 0.172652 0.0548809 0.692213 
33 44 
0.532338 0.707172 0.0981497 0.742588 
34 13 
0.827916 0.699108 0.117932 0.373467 
35 47 
0.189888 0.212334 0.994387 0.82639 
36 45 
0.709197 0.785536 0.48087 0.265058 
37 18 
0.303755 0.586558 0.330994 0.924084 
38 18 
0.314534 0.912692 0.26237 0.369415 
39 67 
0.871736 0.901753 0.312077 0.969886 
40 2 
0.354438 0.797802 0.34345 0.472369 
41 85 
0.822902 0.662257 0.383604 0.817289 
42 95 
0.996621 0.526487 0.274183 0.477491 
43 42 
0.527829 0.781246 0.378103 0.858823 
44 42 
0.467822 0.173357 0.618023 0.730192 
45 25 
0.222928 0.601928 0.444524 0.535006 
46 72 
0.0888655 0.889443 0.369615 0.432315 
47 30 
0.540884 0.255217 0.0240702 0.924488 
48 78 
0.512717 0.92111 0.598993 0.786901 
49 46 
0.390538 0.31473 0.179846 0.768642 
50 81 
0.885177 0.236463 0.346909 0.503199 
51 19 
0.88968 0.726127 0.568583 0.334205 
52 50 
0.140396 0.42307 0.150576 0.510011 
53 94 
0.512389 0.0508956 0.110602 0.53646 
54 91 
0.183109 0.0491768 0.896494 0.782102 
55 23 
0.295094 0.172641 0.150807 0.474941 
56 58 
0.32436 0.360117 0.177746 0.671269 
57 73 
0.144401 0.56095 0.589444 0.712984 
58 36 
0.850577 0.85338 0.318225 0.0011531 
59 71 
0.17361 0.513542 0.414287 0.284212 
60 39 
0.38967 0.467321 0.0991787 0.286164 
61 16 
0.935256 0.581258 0.422064 0.0860637 
62 38 
0.363347 0.410424 0.416316 0.541092 
63 29 
0.279632 0.685493 0.642643 0.869076 
64 34 
0.537797 0.719652 0.251857 0.856022 
65 28 
0.615248 0.0296322 0.234348 0.0295346 
66 59 
0.28435 0.419205 0.781166 0.383529 
67 92 
0.0305893 0.318785 0.286627 0.452653 
68 7 
0.342826 0.816 0.815272 0.759141 
69 66 
0.896965 0.0387735 0.0425857 0.539608 
70 76 
0.441063 0.0774057 0.627502 0.69292 
71 80 
0.348307 0.308168 0.96306 0.582655 
72 70 
0.276905 0.867005 0.756908 0.0580706 
73 61 
0.462276 0.0886598 0.569319 0.748903 
74 84 
0.974167 0.0917291 0.357313 0.78944 
75 59 
0.714405 0.686405 0.889644 0.756991 
76 74 
0.797493 0.198054 0.303419 0.424995 
77 48 
0.236847 0.773302 0.199142 0.199907 
78 38 
0.536845 0.476812 0.222962 0.293752 
79 85 
0.473496 0.756029 0.623542 0.0428148 
80 42 
0.164855 0.016982 0.596661 0.522168 
81 77 
0.447532 0.236574 0.492827 0.337176 
82 22 
0.71884 0.134669 0.191619 0.022259 
83 2 
0.0825927 0.259106 0.332966 0.281735 
84 51 
0.688923 0.818579 0.935825 0.911886 
85 66 
0.470707 0.385382 0.86836 0.0942494 
86 11 
0.373292 0.259105 0.445179 0.969954 
87 90 
0.2516 0.417485 0.0178469 0.744427 
88 39 
0.0114117 0.463267 0.88933 0.20303 
89 39 
0.448994 0.285623 0.744632 0.78196 
90 2 
0.203645 0.470883 0.385937 0.13947 
91 22 
0.498269 0.610177 0.768151 0.366629 
92 95 
0.196347 0.739921 0.963531 0.641526 
93 7 
0.744804 0.893126 0.12736 0.762651 
94 13 
0.882021 0.774063 0.10082 0.771351 
95 22 
0.586346 0.220345 0.262716 0.330977 
