30 6
0 1 1 1 0 0 1 1 1 0 1 1 1 0 1 1 0 1 0 0 0 0 1 0 1 1 1 0 1 1 
0 10 17 21 24 18 
0.277773 0.664996 0.145845 0.649658 0.19116 0.505218 0.730495 0.115836 0.302094 0.970603 0.652263 0.756305 0.346579 0.753624 0.931731 0.421873 0.677837 0.241297 0.837168 0.525801 0.514985 0.974395 0.692914 0.992511 0.162786 0.0729252 0.567146 0.212785 0.942455 0.0174173 0.0208916 0.220229 0.682413 0.166736 0.869886 0.873573 0.671954 0.600381 0.989409 0.974049 0.570984 0.641672 0.730353 0.917564 0.395295 0.662084 0.339436 0.0731323 0.903381 0.176604 0.598933 0.418366 0.150999 0.291847 0.410877 0.313785 0.364772 0.978023 0.52657 0.307227 0.99544 0.547461 0.527456 0.677853 
1 5 23 16 22 0 
0.540835 0.360201 0.568707 0.182507 0.0905537 0.486271 0.577802 0.752638 0.825707 0.650934 0.656018 0.00231109 0.249867 0.0743839 0.15331 0.541714 0.485261 0.467096 0.906486 0.463283 0.993666 0.213713 0.458723 0.541127 0.741169 0.136576 0.255325 0.138511 0.688003 0.641477 0.136234 0.228838 0.00167756 0.704942 0.411345 0.0922313 0.191213 0.989147 0.844869 0.0169199 0.640082 0.500887 0.019231 0.889949 0.575271 0.172541 0.431663 0.0605316 0.639637 0.338149 0.523815 0.633303 0.551863 0.982538 0.17443 0.293032 0.119114 0.429755 0.431543 0.807118 0.071232 0.567778 0.0359558 0.0729095 
2 15 19 16 26 23 
0.0100096 0.480852 0.07653 0.510897 0.500083 0.966479 0.0861677 0.672624 0.398142 0.146699 0.312262 0.736292 0.670514 0.945565 0.288154 0.653052 0.119995 0.581186 0.772167 0.549749 0.0127298 0.579284 0.620981 0.580508 0.61524 0.693891 0.853227 0.0625408 0.859032 0.317159 0.498989 0.869041 0.798011 0.575519 0.379938 0.298094 0.541998 0.466106 0.970719 0.94014 0.612805 0.282981 0.676432 0.283319 0.228545 0.964586 0.936371 0.34854 0.545772 0.708538 0.898289 0.558502 0.287822 0.519271 0.13901 0.903062 0.213162 0.992237 0.965603 0.0721933 0.309396 0.464592 0.941235 0.107408 
3 1 0 13 18 9 
0.376221 0.522249 0.400084 0.659201 0.198681 0.683403 0.887747 0.163267 0.619774 0.236286 0.709039 0.328312 0.134575 0.267541 0.616134 0.653846 0.406551 0.519196 0.867007 0.398788 0.484799 0.939201 0.708184 0.949391 0.880435 0.815592 0.989502 0.201608 0.221094 0.57161 0.988887 0.597314 0.0938591 0.38897 0.256516 0.29254 0.0723733 0.144262 0.455806 0.692147 0.380549 0.164845 0.0204595 0.515124 0.432386 0.636594 0.16897 0.838937 0.15579 0.0359774 0.237725 0.640589 0.975178 0.945909 0.58998 0.855614 0.761501 0.579481 0.0572219 0.982595 0.151092 0.0461087 0.579909 0.244951 
4 19 13 14 21 15 
0.1996 0.361236 0.158142 0.220059 0.87636 0.590528 0.856653 0.0453303 0.429466 0.0124432 0.0813077 0.667191 0.653032 0.0564859 0.6131 0.243012 0.9121 0.374601 0.822493 0.969321 0.357196 0.973585 0.0154301 0.937105 0.218536 0.450509 0.77353 0.756027 0.957962 0.754218 0.749323 0.157562 0.115454 0.907465 0.377621 0.991814 0.497994 0.234275 0.0371446 0.927459 0.246718 0.118452 0.59465 0.89975 0.174938 0.207751 0.142762 0.0870378 0.582352 0.965255 0.0563592 0.939548 0.938841 0.0717893 0.876653 0.157377 0.522299 0.650184 0.913403 0.48026 0.404402 0.662727 0.637822 0.519856 
5 15 6 24 2 3 
0.548815 0.995645 0.496436 0.667267 0.590296 0.396186 0.842205 0.798046 0.538947 0.929243 0.380398 0.504203 0.985602 0.319947 0.443043 0.0573914 0.1966 0.60042 0.57969 0.846784 0.513823 0.0599505 0.251185 0.17655 0.697773 0.771041 0.746743 0.713216 0.282711 0.814929 0.962935 0.831525 0.810574 0.45937 0.498792 0.40087 0.855556 0.340997 0.198916 0.394503 0.27024 0.579314 0.898706 0.255842 0.899261 0.34175 0.313234 0.095861 0.94217 0.892924 0.942645 0.455993 0.952875 0.19383 0.632544 0.650647 0.964871 0.379286 0.363864 0.247581 0.194215 0.326798 0.0791067 0.00478916 
6 3 13 2 7 14 
0.0362281 0.189136 0.18389 0.934934 0.444979 0.0831506 0.276684 0.758213 0.179012 0.218854 0.651137 0.121656 0.674847 0.604011 0.315486 0.30739 0.254659 0.280357 0.686676 0.618522 0.527938 0.880891 0.945321 0.607045 0.885681 0.731489 0.184944 0.29134 0.373214 0.10384 0.895915 0.409442 0.292977 0.0798043 0.344376 0.737955 0.162955 0.62106 0.496168 0.341967 0.839914 0.147305 0.463623 0.51476 0.751316 0.779109 0.822151 0.00597516 0.0594661 0.508827 0.624498 0.587405 0.389719 0.569818 0.19445 0.275399 0.301308 0.379393 0.566739 0.674522 0.483233 0.462654 0.0839641 0.77621 
7 20 15 26 27 13 
0.0103337 0.0473795 0.889315 0.157639 0.511002 0.404075 0.908955 0.290112 0.226226 0.914931 0.349578 0.735053 0.539428 0.936982 0.124771 0.109247 0.131432 0.400171 0.410554 0.510825 0.96691 0.0850763 0.994059 0.429563 0.16904 0.770269 0.972021 0.597381 0.284434 0.677434 0.646782 0.294768 0.724813 0.536097 0.452407 0.235816 0.940172 0.361362 0.525927 0.166397 0.276293 0.875505 0.90145 0.815721 0.812487 0.0262219 0.924967 0.943919 0.426393 0.335522 0.454744 0.393302 0.420598 0.448803 0.822865 0.589638 0.219071 0.794886 0.187019 0.503505 0.47232 0.833801 0.798273 0.197133 
8 1 22 19 28 24 
0.476467 0.888334 0.834382 0.377917 0.704055 0.646869 0.404139 0.629022 0.590788 0.830532 0.964544 0.0455322 0.223834 0.385142 0.494335 0.0466988 0.97478 0.713406 0.841585 0.161799 0.216912 0.313905 0.9956 0.0151848 0.511038 0.365498 0.265864 0.943988 0.675567 0.877906 0.902864 0.152034 0.76624 0.737246 0.529951 0.470295 0.384115 0.93409 0.0993174 0.974903 0.764621 0.063861 0.0204351 0.988455 0.449003 0.51477 0.0351538 0.423782 0.228177 0.876739 0.585581 0.445088 0.190644 0.581181 0.460273 0.701682 0.946679 0.726138 0.64567 0.622246 0.604044 0.548534 0.774279 0.370284 
9 15 7 5 14 4 
0.939897 0.644798 0.002941 0.00375771 0.665233 0.991396 0.45276 0.180003 0.0265498 0.876543 0.40818 0.903289 0.462124 0.853268 0.0939324 0.0433054 0.313541 0.795615 0.989984 0.0396786 0.441284 0.61223 0.643722 0.989818 0.386509 0.0140063 0.275598 0.690739 0.854586 0.945493 0.929059 0.794482 0.590291 0.932 0.79824 0.255524 0.923396 0.251 0.435527 0.949946 0.127543 0.843706 0.853235 0.589667 0.696974 0.947167 0.632972 0.010515 0.742782 0.622957 0.0501936 0.184066 0.235187 0.693916 0.173885 0.621696 0.707922 0.449483 0.312436 0.562508 0.394976 0.241495 0.35699 0.985267 
10 18 25 4 23 6 
0.676317 0.0468368 0.533773 0.520023 0.900071 0.12344 0.216998 0.847238 0.756413 0.227513 0.59002 0.379369 0.277706 0.774086 0.614556 0.971622 0.947971 0.236253 0.679544 0.397454 0.548688 0.242052 0.79243 0.790183 0.599042 0.777697 0.963678 0.754272 0.0184873 0.0605688 0.160502 0.694805 0.107406 0.694276 0.214828 0.00747703 0.817716 0.431826 0.854715 0.574129 0.659338 0.444735 0.953498 0.937044 0.218821 0.568054 0.908666 0.166792 0.804307 0.58821 0.564246 0.352995 0.830262 0.356675 0.143178 0.429304 0.134372 0.106856 0.183576 0.152859 0.167425 0.344078 0.847664 0.27483 
11 1 7 21 2 15 
0.430198 0.153656 0.581758 0.383696 0.0906999 0.80058 0.95175 0.999366 0.967372 0.756057 0.587576 0.531618 0.109052 0.417838 0.888293 0.252231 0.847142 0.0226647 0.359087 0.0307183 0.175524 0.526511 0.374797 0.0231877 0.801342 0.41315 0.0856795 0.0836494 0.26922 0.579997 0.220672 0.699418 0.733653 0.802431 0.0831141 0.824353 0.60301 0.0348645 0.823719 0.570382 0.790922 0.411295 0.102 0.899974 0.829134 0.990293 0.152205 0.676276 0.0129575 0.511291 0.706994 0.188481 0.0378026 0.0817909 0.211669 0.839145 0.494941 0.297349 0.922794 0.764161 0.877346 0.143466 0.463579 0.610998 
12 13 16 11 17 22 
0.11929 0.372479 0.670365 0.22129 0.272454 0.499498 0.211582 0.424658 0.175775 0.22454 0.935949 0.882769 0.413021 0.973752 0.96456 0.62469 0.812896 0.459501 0.922039 0.73569 0.223662 0.799385 0.879157 0.687241 0.410383 0.825054 0.233935 0.845734 0.373961 0.815492 0.104803 0.493251 0.187972 0.775168 0.71454 0.460425 0.274667 0.926123 0.885083 0.450441 0.150663 0.821033 0.33321 0.563684 0.794785 0.29777 0.188375 0.607681 0.757271 0.110414 0.343371 0.980933 0.909798 0.222528 0.668175 0.320181 0.0475816 0.902109 0.165915 0.421543 0.717602 0.270718 0.914793 0.905574 
13 8 3 24 26 20 
0.251082 0.770995 0.70612 0.0721151 0.104205 0.269804 0.8669 0.401975 0.458178 0.474581 0.159246 0.568592 0.817952 0.14018 0.47839 0.0404804 0.808354 0.798571 0.0880621 0.710464 0.964485 0.509605 0.428066 0.235204 0.424398 0.333639 0.28109 0.0537316 0.699638 0.601643 0.609188 0.95072 0.372638 0.315308 0.0228353 0.476843 0.585112 0.889735 0.878818 0.0432899 0.364316 0.0380643 0.611882 0.182268 0.178244 0.0902717 0.222749 0.986598 0.888843 0.310811 0.697062 0.853328 0.820415 0.125128 0.0885317 0.244813 0.458767 0.369622 0.298545 0.158405 0.971265 0.907733 0.109125 0.343903 
14 19 26 20 3 18 
0.851442 0.386011 0.737629 0.463324 0.56828 0.915873 0.553596 0.791028 0.902471 0.442438 0.101839 0.599533 0.295767 0.922255 0.724661 0.384298 0.167068 0.183428 0.75392 0.465613 0.341833 0.725185 0.373346 0.450958 0.0690885 0.596387 0.582918 0.889835 0.40454 0.604614 0.589399 0.255982 0.990625 0.327028 0.719306 0.558905 0.242901 0.272902 0.349933 0.145372 0.715341 0.451772 0.744905 0.0111072 0.374027 0.469566 0.395405 0.541095 0.652994 0.149325 0.00670778 0.994827 0.874511 0.380054 0.445785 0.943599 0.976441 0.0287028 0.833434 0.380981 0.633316 0.422833 0.636963 0.623941 
15 16 1 21 8 22 
0.138133 0.344513 0.984551 0.883039 0.35562 0.358578 0.352605 0.751025 0.899673 0.00559898 0.900351 0.906381 0.000425814 0.774861 0.286435 0.44621 0.71846 0.262876 0.474913 0.551894 0.643857 0.10823 0.974727 0.280821 0.732171 0.724588 0.63709 0.915017 0.71735 0.266262 0.447796 0.855483 0.610775 0.432348 0.738522 0.966395 0.790926 0.0911266 0.717421 0.690599 0.0967256 0.617771 0.59698 0.0971514 0.392633 0.883415 0.543362 0.111093 0.146291 0.018275 0.662987 0.790148 0.126505 0.637715 0.070969 0.858676 0.362303 0.708059 0.773693 0.0796525 0.974322 0.221489 0.935136 0.585097 
16 29 19 20 13 10 
0.268913 0.135363 0.861509 0.886684 0.732343 0.958661 0.279317 0.615758 0.502023 0.39041 0.762049 0.520298 0.0533974 0.552197 0.646802 0.691112 0.623166 0.505478 0.0534148 0.331225 0.279171 0.133067 0.305547 0.50066 0.0682028 0.890644 0.154498 0.74186 0.442136 0.599261 0.506644 0.711049 0.734624 0.368154 0.597733 0.466967 0.326814 0.87705 0.0827243 0.828837 0.26746 0.844773 0.349135 0.320857 0.39697 0.995937 0.0119694 0.0201359 0.501415 0.0653842 0.351361 0.780586 0.198451 0.656908 0.281246 0.266654 0.547552 0.435744 0.0085145 0.989688 0.0350049 0.515159 0.700737 0.769629 
17 18 12 15 29 19 
0.0389639 0.44298 0.164093 0.388099 0.763838 0.561063 0.384036 0.775807 0.581199 0.885451 0.841191 0.93256 0.666036 0.0396426 0.589468 0.947282 0.306297 0.13702 0.383026 0.314811 0.126709 0.418031 0.82997 0.827446 0.18766 0.713282 0.125916 0.424256 0.923409 0.301436 0.743575 0.962373 0.744417 0.907668 0.350472 0.508254 0.468731 0.734507 0.284061 0.0499293 0.619958 0.125252 0.982489 0.285994 0.164895 0.571957 0.233277 0.471192 0.708977 0.616303 0.786003 0.835686 0.0343341 0.615973 0.663132 0.221994 0.329255 0.789048 0.64625 0.252664 0.0904842 0.389825 0.215037 0.834901 
18 9 24 17 3 23 
0.816153 0.919974 0.752468 0.798642 0.205968 0.917363 0.370599 0.439245 0.388555 0.0795762 0.0555478 0.174558 0.915262 0.0898818 0.790531 0.578393 0.311876 0.119786 0.367441 0.958126 0.372451 0.457925 0.34795 0.587488 0.292826 0.645444 0.152997 0.635981 0.411667 0.453013 0.263197 0.227821 0.372987 0.0156648 0.0264627 0.578955 0.933028 0.397062 0.0182001 0.321582 0.476638 0.0737479 0.49614 0.3919 0.16363 0.286671 0.970293 0.475506 0.406457 0.337735 0.433631 0.778908 0.79566 0.781582 0.366396 0.0884861 0.427025 0.519393 0.724467 0.838693 0.972406 0.987664 0.0665131 0.345393 
19 29 9 24 1 13 
0.942549 0.257938 0.966676 0.0162965 0.754078 0.358575 0.179926 0.0407486 0.328869 0.655432 0.447205 0.666603 0.0890632 0.226113 0.462263 0.870645 0.592509 0.550749 0.29767 0.111902 0.275216 0.136363 0.0843077 0.26288 0.202876 0.429701 0.266209 0.295852 0.354049 0.202565 0.785889 0.296598 0.460503 0.752565 0.312895 0.214582 0.11114 0.492821 0.25533 0.440009 0.148253 0.702536 0.106612 0.237316 0.928649 0.568876 0.107961 0.521157 0.119625 0.405631 0.633059 0.394841 0.541994 0.717367 0.657722 0.74487 0.147068 0.923931 0.0407212 0.501117 0.126496 0.82661 0.797715 0.586999 
20 27 24 2 26 22 
0.0569111 0.130325 0.751683 0.759447 0.236937 0.988999 0.688095 0.805813 0.0969603 0.209253 0.925438 0.502591 0.842312 0.32028 0.0445849 0.559678 0.978001 0.789454 0.706746 0.901932 0.830176 0.207863 0.0284281 0.656786 0.00557846 0.615428 0.235961 0.116188 0.417009 0.926277 0.719619 0.47392 0.0566019 0.471302 0.233366 0.293539 0.460302 0.921462 0.0993522 0.557262 0.130714 0.0247903 0.0598533 0.973026 0.34507 0.104438 0.532704 0.323071 0.893893 0.239451 0.225003 0.724068 0.447314 0.253431 0.380854 0.452892 0.868859 0.616816 0.569081 0.285868 0.543093 0.2887 0.759787 0.599694 
21 14 4 7 26 23 
0.777566 0.0453295 0.0173761 0.837419 0.0183555 0.362446 0.941857 0.55106 0.685517 0.83575 0.790511 0.91052 0.559818 0.237825 0.163952 0.940672 0.690717 0.0328109 0.557488 0.259798 0.318679 0.100581 0.548497 0.0784658 0.700275 0.308499 0.0716194 0.593509 0.528803 0.986235 0.586095 0.306369 0.031564 0.603471 0.143788 0.0499195 0.965917 0.0856449 0.600979 0.651434 0.921395 0.39149 0.561954 0.481213 0.629315 0.725906 0.421885 0.320032 0.758717 0.979373 0.579829 0.0773956 0.0799538 0.128326 0.155861 0.780229 0.436825 0.227481 0.373737 0.965628 0.213715 0.959832 0.271997 0.245279 
22 12 23 4 21 24 
0.896178 0.180653 0.422824 0.287668 0.742608 0.904037 0.916983 0.468514 0.325922 0.237015 0.227231 0.305296 0.816844 0.304626 0.38525 0.94517 0.460488 0.165478 0.381995 0.687969 0.539216 0.347624 0.901684 0.499048 0.61962 0.146963 0.0623507 0.0354045 0.442162 0.59157 0.536834 0.33834 0.772224 0.959658 0.626009 0.514831 0.863695 0.542992 0.983345 0.189617 0.780006 0.210576 0.494913 0.59685 0.515202 0.880163 0.54202 0.97569 0.0456409 0.924015 0.663659 0.584857 0.271639 0.565342 0.0839046 0.891259 0.712306 0.146255 0.926664 0.154468 0.737826 0.463498 0.492808 0.510049 
23 3 24 15 22 14 
0.00822493 0.476468 0.441814 0.218801 0.971381 0.0386642 0.734003 0.851543 0.580684 0.709693 0.897184 0.5047 0.373351 0.482041 0.776339 0.938694 0.565945 0.667598 0.650999 0.712201 0.594262 0.805467 0.450026 0.0577595 0.298275 0.960075 0.480915 0.417092 0.984955 0.767765 0.0788996 0.99318 0.244233 0.520714 0.211981 0.215613 0.559378 0.945984 0.0671565 0.140062 0.655676 0.964341 0.644762 0.0290277 0.446381 0.4211 0.967722 0.0123266 0.0886985 0.618721 0.724527 0.68296 0.424188 0.174553 0.74072 0.722463 0.134629 0.221635 0.139555 0.119584 0.9894 0.218454 0.112764 0.233633 
24 16 15 21 12 10 
0.516403 0.438608 0.926405 0.480743 0.08337 0.955433 0.927125 0.50447 0.923154 0.939451 0.593169 0.541875 0.663979 0.276129 0.966063 0.838532 0.0168492 0.688526 0.97316 0.238484 0.828081 0.0927443 0.227884 0.0465349 0.205508 0.461517 0.785703 0.530253 0.910764 0.0842489 0.800982 0.427166 0.522857 0.727386 0.90791 0.606227 0.682819 0.835035 0.110698 0.605973 0.774486 0.703866 0.147848 0.438464 0.979996 0.113911 0.276996 0.996845 0.802437 0.250157 0.235329 0.630518 0.342901 0.463213 0.677053 0.548409 0.92473 0.462756 0.0786625 0.835494 0.547005 0.879644 0.26266 0.069862 
25 6 17 21 1 15 
0.786787 0.895822 0.780091 0.490653 0.0436703 0.218555 0.470649 0.157582 0.495551 0.467494 0.960019 0.745708 0.702823 0.590537 0.0886094 0.166036 0.26759 0.637019 0.0907663 0.730346 0.715681 0.92626 0.277351 0.595325 0.188921 0.347213 0.202356 0.359491 0.0233023 0.492205 0.365096 0.810089 0.388027 0.145187 0.300742 0.431697 0.363742 0.771391 0.589279 0.859293 0.238884 0.549298 0.605002 0.941707 0.139835 0.693611 0.107743 0.407425 0.33063 0.198509 0.137771 0.0463111 0.124769 0.415122 0.641636 0.31369 0.762335 0.843992 0.673181 0.785638 0.336197 0.0382773 0.595727 0.724224 
26 24 18 20 21 15 
0.406499 0.906744 0.294497 0.0115011 0.848451 0.434332 0.705112 0.956193 0.841757 0.0357421 0.154702 0.979529 0.0820532 0.279472 0.394651 0.723689 0.593162 0.156986 0.567681 0.266343 0.942624 0.903878 0.304621 0.538351 0.628101 0.488085 0.434819 0.784022 0.0352906 0.102679 0.529222 0.44179 0.00942226 0.823719 0.453291 0.857873 0.258051 0.158403 0.814066 0.0998089 0.194145 0.968769 0.0793375 0.276199 0.248241 0.473989 0.999888 0.841403 0.630975 0.567569 0.107746 0.573599 0.471447 0.412367 0.11195 0.0995487 0.900451 0.546769 0.883571 0.935742 0.649448 0.412793 0.377532 0.65887 
27 5 6 17 25 14 
0.330809 0.594372 0.183372 0.299578 0.67371 0.45957 0.547819 0.147698 0.459458 0.389221 0.778673 0.0270278 0.496967 0.352273 0.498475 0.909334 0.464223 0.598024 0.809785 0.0109919 0.481595 0.745527 0.66044 0.894388 0.123059 0.31931 0.1309 0.953882 0.836053 0.625463 0.943108 0.166862 0.219836 0.12648 0.46644 0.893546 0.58605 0.0142589 0.0412441 0.0455084 0.40348 0.819918 0.0725362 0.900447 0.17219 0.571011 0.809781 0.636413 0.169035 0.619566 0.647405 0.65063 0.365094 0.307845 0.545018 0.488152 0.627155 0.675917 0.442034 0.463208 0.30138 0.385142 0.63007 0.521216 
28 23 6 21 12 18 
0.14318 0.51425 0.275923 0.215717 0.414697 0.448114 0.786728 0.224478 0.0845265 0.955763 0.844045 0.731931 0.606393 0.209138 0.0397759 0.151411 0.697291 0.666931 0.827328 0.139325 0.130139 0.128708 0.524467 0.760209 0.649924 0.0360895 0.85672 0.0646861 0.133762 0.967489 0.520692 0.276942 0.481739 0.796615 0.492659 0.896436 0.244729 0.279387 0.120914 0.329255 0.23515 0.964959 0.0611866 0.841543 0.174097 0.100962 0.992953 0.871388 0.767893 0.820281 0.0107132 0.898032 0.948989 0.535181 0.658241 0.598914 0.57127 0.51496 0.6636 0.705032 0.48245 0.184292 0.981974 0.964189 
29 3 19 5 28 13 
0.554891 0.989169 0.946498 0.616078 0.830712 0.120596 0.71704 0.823665 0.991984 0.484933 0.643946 0.00269691 0.382965 0.592935 0.537877 0.0412059 0.191849 0.109148 0.556166 0.855449 0.814179 0.0386161 0.039741 0.796153 0.00280485 0.020648 0.270785 0.86343 0.246284 0.0248045 0.844969 0.801175 0.0139733 0.791467 0.417253 0.844685 0.912062 0.134293 0.66835 0.904046 0.619227 0.312296 0.906743 0.00219177 0.905231 0.444621 0.0433977 0.0970806 0.553768 0.599564 0.95253 0.367947 0.63818 0.992271 0.1641 0.640985 0.0129188 0.434886 0.504415 0.259203 0.45969 0.349383 0.0603778 0.473663 
