29 1
1 1 0 1 0 0 1 0 1 0 1 1 0 1 0 0 0 1 0 1 0 0 1 0 1 0 1 1 0 
0 
0.95644 0.743056 
1 
0.718292 0.710488 
2 
0.714026 0.0199323 
3 
0.821152 0.77023 
4 
0.279137 0.813359 
5 
0.384679 0.389809 
6 
0.872235 0.329402 
7 
0.488996 0.96469 
8 
0.897944 0.0716276 
9 
0.804938 0.714879 
10 
0.675901 0.905465 
11 
0.932139 0.0827205 
12 
0.225024 0.179001 
13 
0.179323 0.439341 
14 
0.231652 0.584205 
15 
0.867878 0.188092 
16 
0.327261 0.58617 
17 
0.89858 0.0412869 
18 
0.606102 0.719732 
19 
0.811516 0.885239 
20 
0.533091 0.196195 
21 
0.275048 0.405326 
22 
0.525597 0.764044 
23 
0.370016 0.423541 
24 
0.835671 0.174955 
25 
0.13842 0.511572 
26 
0.0804198 0.0705587 
27 
0.594293 0.305444 
28 
0.24956 0.773616 
