58 4
0 1 0 1 1 0 0 1 0 1 0 0 1 0 1 0 0 0 1 1 1 0 0 0 1 1 1 0 1 1 1 0 1 0 0 1 0 1 0 1 1 1 0 0 0 0 1 1 0 1 1 0 0 1 1 0 1 1 
0 34 4 32 
0.582482 0.368115 0.899993 0.492459 0.650714 0.00224122 0.46903 0.531777 0.362741 0.845789 0.290977 0.640471 0.630274 0.328141 0.00163815 0.751934 
1 12 21 27 
0.585461 0.423271 0.834418 0.361678 0.38913 0.103815 0.832689 0.794288 0.123734 0.628045 0.626308 0.706216 0.996159 0.526302 0.198675 0.646874 
2 53 36 35 
0.891284 0.513494 0.469629 0.531755 0.143769 0.797769 0.533393 0.895702 0.880631 0.55214 0.888402 0.831393 0.137601 0.311674 0.665811 0.499278 
3 35 32 23 
0.495092 0.89336 0.960012 0.1214 0.599576 0.956172 0.647702 0.798251 0.603046 0.176245 0.465957 0.781697 0.0675281 0.979451 0.251326 0.599283 
4 9 10 18 
0.929726 0.684815 0.907325 0.761119 0.822416 0.218998 0.42693 0.321694 0.919802 0.196556 0.653662 0.414894 0.0899159 0.613674 0.536294 0.689492 
5 14 30 26 
0.172891 0.360241 0.953701 0.954588 0.427769 0.933152 0.205914 0.0270514 0.056372 0.255009 0.159727 0.0752942 0.184736 0.844542 0.982619 0.945855 
6 25 54 8 
0.988652 0.121419 0.569341 0.642313 0.536313 0.659257 0.255987 0.0726076 0.348749 0.825833 0.256604 0.836493 0.998724 0.616844 0.790194 0.953312 
7 46 28 30 
0.0716643 0.779717 0.414236 0.231391 0.855012 0.598971 0.0759329 0.837631 0.544826 0.74289 0.0392478 0.917611 0.731542 0.160667 0.486952 0.373856 
8 13 30 48 
0.769588 0.494959 0.455676 0.0261919 0.331451 0.4544 0.643036 0.121645 0.407712 0.687649 0.84499 0.566939 0.759313 0.624708 0.981174 0.990705 
9 36 26 32 
0.31735 0.124971 0.809528 0.356598 0.0425828 0.54107 0.517265 0.529535 0.914926 0.214246 0.675745 0.544769 0.983834 0.170703 0.000444712 0.0100258 
10 3 11 48 
0.6238 0.862557 0.340711 0.46879 0.429495 0.100024 0.0934982 0.410669 0.090729 0.573218 0.990815 0.157367 0.890568 0.115786 0.966894 0.247166 
11 49 10 28 
0.687904 0.422891 0.978677 0.363649 0.967659 0.962511 0.534352 0.968104 0.972537 0.0365065 0.422949 0.625598 0.660306 0.285506 0.966309 0.129096 
12 57 6 34 
0.12567 0.157063 0.795812 0.116485 0.314429 0.68638 0.232271 0.281324 0.933546 0.390639 0.789288 0.697977 0.0785434 0.212179 0.676654 0.442192 
13 49 23 38 
0.147943 0.611701 0.0130502 0.570891 0.2373 0.673356 0.856397 0.203609 0.802453 0.571398 0.269943 0.0250473 0.697068 0.427006 0.82086 0.813553 
14 52 34 22 
0.0227592 0.440786 0.436463 0.812048 0.138764 0.515006 0.0242267 0.815418 0.957198 0.204065 0.454583 0.933742 0.352008 0.0662843 0.946792 0.922899 
15 44 49 29 
0.422601 0.350694 0.777137 0.447649 0.0477618 0.204143 0.268508 0.861315 0.945578 0.775748 0.907138 0.968337 0.216535 0.343601 0.780385 0.355298 
16 6 5 41 
0.815805 0.00867651 0.625299 0.749547 0.360684 0.691583 0.69634 0.283583 0.995168 0.316488 0.0628795 0.502361 0.73909 0.413573 0.279498 0.186738 
17 13 45 7 
0.32265 0.429218 0.230995 0.229788 0.397555 0.44753 0.573389 0.17794 0.802828 0.431996 0.982551 0.973544 0.247801 0.991228 0.598843 0.997348 
18 51 3 34 
0.635496 0.285594 0.0101762 0.698375 0.787955 0.749266 0.111948 0.0674528 0.936004 0.573284 0.551093 0.391251 0.895933 0.980311 0.622246 0.125721 
19 52 15 54 
0.555806 0.872603 0.131105 0.538358 0.846147 0.378906 0.529586 0.44499 0.376255 0.881498 0.735417 0.0699426 0.516993 0.021011 0.0801188 0.215368 
20 29 12 27 
0.876419 0.765389 0.900601 0.427512 0.156639 0.796534 0.407823 0.778885 0.922255 0.78569 0.84866 0.621365 0.341496 0.721263 0.75247 0.879854 
21 48 28 5 
0.0124002 0.507631 0.290937 0.747817 0.577574 0.80793 0.768828 0.657692 0.0232988 0.577794 0.487077 0.350616 0.454213 0.252465 0.251216 0.881726 
22 36 18 52 
0.187989 0.970005 0.0752384 0.0366488 0.59137 0.416735 0.757912 0.34384 0.296588 0.325321 0.475217 0.706028 0.337722 0.982848 0.996965 0.0855389 
23 6 5 47 
0.218114 0.828194 0.432161 0.705191 0.17881 0.886375 0.957656 0.430026 0.7681 0.366761 0.477776 0.0576492 0.55475 0.447782 0.132888 0.591399 
24 14 19 11 
0.382992 0.846211 0.674632 0.858209 0.552238 0.0123532 0.841057 0.549203 0.0978921 0.401478 0.354099 0.952259 0.619592 0.182293 0.384421 0.324782 
25 32 41 19 
0.0388959 0.649199 0.268905 0.0965451 0.203949 0.716687 0.229433 0.795347 0.755839 0.779055 0.144657 0.138831 0.625265 0.819289 0.99704 0.177504 
26 34 43 42 
0.929534 0.239575 0.0808056 0.881794 0.859167 0.263098 0.266214 0.183949 0.624201 0.53701 0.466388 0.41533 0.575906 0.115587 0.684235 0.672451 
27 21 2 34 
0.114883 0.156761 0.680938 0.259541 0.295592 0.306204 0.0788296 0.292632 0.483708 0.910472 0.130729 0.210415 0.840006 0.370303 0.29122 0.7218 
28 47 34 33 
0.413419 0.178519 0.525024 0.879807 0.593849 0.100929 0.995394 0.278084 0.77338 0.31493 0.679006 0.675263 0.429813 0.835766 0.356202 0.689354 
29 30 6 4 
0.42399 0.146113 0.678655 0.554718 0.356528 0.518661 0.925022 0.647748 0.240461 0.154492 0.202066 0.228475 0.567911 0.380586 0.753498 0.447718 
30 46 26 57 
0.252519 0.627807 0.758042 0.931525 0.303071 0.187855 0.767291 0.659273 0.877209 0.898649 0.321678 0.645392 0.322639 0.467791 0.324047 0.877357 
31 33 2 15 
0.472067 0.083169 0.956871 0.674133 0.311644 0.524782 0.0547189 0.0651422 0.9725 0.0291538 0.91957 0.415613 0.281673 0.547377 0.173655 0.213198 
32 25 48 19 
0.238719 0.879138 0.831399 0.884111 0.201777 0.29919 0.208158 0.0791338 0.12351 0.0508656 0.881513 0.595577 0.134035 0.838383 0.26971 0.445678 
33 22 55 41 
0.335666 0.353582 0.43039 0.751279 0.635255 0.977767 0.924934 0.848453 0.828215 0.286444 0.828942 0.337936 0.525163 0.70808 0.169335 0.409273 
34 7 22 57 
0.98899 0.592035 0.668297 0.870503 0.187611 0.802331 0.708886 0.457321 0.24801 0.0720518 0.78175 0.75883 0.407718 0.135332 0.189221 0.158996 
35 2 1 42 
0.61904 0.995203 0.370374 0.447982 0.333139 0.895537 0.156062 0.502474 0.304811 0.0659185 0.970999 0.922242 0.0549089 0.563034 0.590538 0.925412 
36 1 56 41 
0.207966 0.640879 0.70635 0.989716 0.399709 0.114068 0.125048 0.58893 0.273064 0.895635 0.755918 0.356995 0.514676 0.751121 0.727369 0.962658 
37 35 31 2 
0.184638 0.557733 0.849958 0.239547 0.120767 0.440496 0.164959 0.871412 0.833365 0.799257 0.0793775 0.474245 0.505607 0.0690931 0.873954 0.619675 
38 49 32 23 
0.218801 0.249734 0.604451 0.969922 0.977103 0.567109 0.0541826 0.600009 0.685829 0.640917 0.527725 0.870468 0.19865 0.377683 0.110015 0.319416 
39 33 54 26 
0.651545 0.0742312 0.270206 0.125789 0.579839 0.339299 0.999743 0.199514 0.533439 0.462627 0.0922535 0.623215 0.681428 0.341988 0.227667 0.651351 
40 3 24 55 
0.919099 0.480605 0.34645 0.446824 0.351073 0.5451 0.824507 0.461088 0.864516 0.642687 0.736062 0.055344 0.294231 0.810293 0.32555 0.42002 
41 53 29 39 
0.589645 0.198288 0.88239 0.681899 0.821503 0.563818 0.0238866 0.0491697 0.215169 0.342977 0.843946 0.920702 0.262076 0.324551 0.267152 0.708901 
42 5 46 19 
0.136712 0.676768 0.176095 0.872773 0.732112 0.470326 0.683066 0.0576615 0.890346 0.0731975 0.72251 0.31011 0.662843 0.920797 0.1925 0.344742 
43 56 20 22 
0.79147 0.971487 0.711605 0.635416 0.89219 0.973682 0.959967 0.159342 0.682583 0.635591 0.971594 0.215991 0.772303 0.648362 0.392086 0.645076 
44 18 25 4 
0.438135 0.752759 0.401339 0.160645 0.0628687 0.0641823 0.0814425 0.255369 0.408924 0.823743 0.011687 0.777552 0.615213 0.983174 0.489158 0.250629 
45 40 50 7 
0.0347066 0.145423 0.846187 0.00630078 0.361414 0.618489 0.654663 0.7535 0.263565 0.0351367 0.615913 0.591707 0.473272 0.368672 0.993047 0.633917 
46 18 29 25 
0.686909 0.466153 0.539103 0.698596 0.243705 0.154315 0.681771 0.732863 0.404944 0.557135 0.195703 0.61554 0.591842 0.341126 0.461727 0.598143 
47 7 22 17 
0.456041 0.343782 0.287942 0.0719535 0.935489 0.761214 0.440625 0.928535 0.395131 0.872166 0.985764 0.110491 0.559075 0.451917 0.649594 0.257672 
48 17 56 22 
0.428486 0.208853 0.496578 0.624189 0.824393 0.0884197 0.965315 0.28612 0.686562 0.667855 0.366337 0.939368 0.123896 0.710118 0.22731 0.195849 
49 56 45 11 
0.383655 0.508641 0.559907 0.494146 0.067716 0.0118245 0.14374 0.325388 0.707447 0.947649 0.26483 0.135933 0.156502 0.761408 0.760122 0.980896 
50 0 1 39 
0.53639 0.393293 0.633353 0.475758 0.517188 0.343471 0.703068 0.713038 0.989079 0.691592 0.349512 0.563222 0.0752472 0.858153 0.123129 0.569394 
51 2 34 11 
0.251256 0.842401 0.660782 0.516087 0.978334 0.817285 0.277495 0.738456 0.798181 0.127322 0.463894 0.0651968 0.663713 0.857186 0.69855 0.13947 
52 36 15 4 
0.0310999 0.53413 0.436924 0.594321 0.609377 0.295077 0.71745 0.178771 0.220946 0.852403 0.891904 0.472203 0.694804 0.552687 0.988289 0.673138 
53 41 15 0 
0.168152 0.393106 0.875487 0.233349 0.0568189 0.732674 0.931899 0.196289 0.107048 0.97392 0.0388275 0.19446 0.00501966 0.572957 0.631385 0.599341 
54 13 2 29 
0.147408 0.169195 0.25301 0.619611 0.863999 0.805696 0.6079 0.537136 0.175668 0.873684 0.94873 0.34382 0.26679 0.824218 0.577169 0.323609 
55 40 12 15 
0.66394 0.482987 0.558726 0.8584 0.488007 0.131684 0.489785 0.0873481 0.314018 0.416247 0.404139 0.675124 0.563655 0.573334 0.928133 0.183266 
56 25 20 29 
0.974469 0.909498 0.66485 0.923199 0.253318 0.93164 0.747417 0.830486 0.255249 0.304308 0.339554 0.775148 0.968248 0.822541 0.333874 0.826648 
57 50 53 39 
0.397896 0.779576 0.73268 0.802036 0.454699 0.296335 0.37537 0.382833 0.479601 0.812703 0.116662 0.270767 0.787172 0.0261597 0.935617 0.710371 
