12 2
1 0 1 1 1 0 1 1 1 1 1 0 
0 7 
0.844156 0.263702 0.0450197 0.474584 
1 4 
0.458314 0.707508 0.971382 0.594076 
2 10 
0.328959 0.0723719 0.697608 0.505163 
3 2 
0.191805 0.408773 0.938583 0.377954 
4 6 
0.143127 0.994034 0.936934 0.896097 
5 4 
0.844644 0.174517 0.159485 0.671594 
6 11 
0.122045 0.51575 0.992217 0.167065 
7 11 
0.459081 0.625379 0.697842 0.430462 
8 5 
0.63891 0.759421 0.291827 0.336518 
9 4 
0.987877 0.528323 0.673358 0.92646 
10 5 
0.419605 0.0695872 0.900311 0.356539 
11 5 
0.485517 0.201183 0.140201 0.645003 
