46 4
1 0 0 1 0 1 0 0 1 1 1 1 0 1 1 0 1 1 0 1 0 1 0 0 0 1 1 0 1 1 1 1 0 0 1 0 1 1 1 1 1 1 0 0 0 0 
0 28 13 7 
0.744071 0.315249 0.16694 0.420952 0.8146 0.52806 0.436627 0.180684 0.705725 0.0437411 0.619829 0.050386 0.321327 0.640628 0.496887 0.737832 
1 28 33 38 
0.113847 0.195878 0.346845 0.0702127 0.799246 0.0966743 0.204744 0.356712 0.363078 0.791073 0.0552134 0.116906 0.535145 0.370462 0.283846 0.956096 
2 30 45 41 
0.365746 0.517631 0.436464 0.985575 0.568017 0.757791 0.626203 0.0649037 0.495623 0.392825 0.328348 0.0549175 0.506672 0.524226 0.401763 0.576885 
3 13 14 25 
0.680183 0.861515 0.572702 0.735397 0.978421 0.107847 0.105859 0.262267 0.0639429 0.290921 0.074173 0.456666 0.656667 0.591804 0.89313 0.642241 
4 39 37 31 
0.661269 0.553072 0.201461 0.167941 0.0772978 0.603224 0.744826 0.400769 0.101661 0.526455 0.0809524 0.963176 0.0991574 0.816349 0.941597 0.207004 
5 25 45 15 
0.213128 0.278037 0.727613 0.869795 0.869841 0.620742 0.512036 0.0296616 0.271663 0.780481 0.254386 0.418207 0.44175 0.807458 0.619668 0.609691 
6 5 3 39 
0.285525 0.324553 0.880973 0.366477 0.287729 0.98013 0.182826 0.229327 0.187135 0.105034 0.433191 0.458082 0.318162 0.711228 0.185694 0.187957 
7 30 22 37 
0.610731 0.0780996 0.480473 0.865116 0.496306 0.922224 0.672575 0.115974 0.531915 0.55733 0.338866 0.886433 0.842855 0.663419 0.767406 0.209333 
8 25 0 38 
0.180475 0.934671 0.497193 0.613666 0.392752 0.815355 0.324894 0.578447 0.00331149 0.905963 0.384883 0.703304 0.516693 0.462983 0.183778 0.38181 
9 15 17 10 
0.611715 0.41413 0.524349 0.45457 0.0775489 0.291755 0.663903 0.0286976 0.0392908 0.0560624 0.209173 0.973961 0.553256 0.822839 0.366714 0.36861 
10 25 15 3 
0.0536953 0.330043 0.0752261 0.570389 0.793026 0.259004 0.952198 0.752315 0.365005 0.00658243 0.827579 0.00292128 0.618297 0.241709 0.52727 0.0728671 
11 10 29 4 
0.858316 0.792833 0.557128 0.832277 0.346088 0.379967 0.198991 0.714699 0.527699 0.144151 0.0866205 0.581395 0.474194 0.161847 0.151783 0.26722 
12 19 40 20 
0.785855 0.110564 0.847115 0.788777 0.728861 0.0888233 0.316047 0.801728 0.408081 0.135072 0.538498 0.756036 0.993388 0.331331 0.313164 0.825665 
13 32 9 18 
0.392117 0.22083 0.168807 0.478738 0.802224 0.643001 0.640584 0.954007 0.910222 0.0614346 0.0579884 0.929757 0.84729 0.168552 0.776872 0.636067 
14 45 33 23 
0.699141 0.273776 0.0871858 0.237639 0.0298121 0.0805737 0.568969 0.342976 0.906239 0.246388 0.0361062 0.930895 0.638505 0.256936 0.0997015 0.117242 
15 44 11 32 
0.0131671 0.652924 0.819261 0.0711556 0.582681 0.666551 0.239708 0.359554 0.302618 0.137121 0.225249 0.254732 0.836261 0.499025 0.341918 0.0738998 
16 35 13 4 
0.871813 0.32873 0.889257 0.907919 0.259625 0.527761 0.164855 0.359326 0.645004 0.224015 0.102029 0.40283 0.237182 0.754953 0.222092 0.308338 
17 43 22 6 
0.191261 0.685166 0.922437 0.445993 0.521427 0.421462 0.787911 0.595327 0.9503 0.210402 0.238196 0.822113 0.539132 0.127453 0.730032 0.798757 
18 38 11 1 
0.300218 0.118903 0.260112 0.703048 0.356085 0.0150646 0.92514 0.664423 0.352699 0.813783 0.212469 0.0498868 0.00504378 0.897635 0.972324 0.451037 
19 21 8 32 
0.0143894 0.344086 0.449349 0.252585 0.166198 0.988481 0.380038 0.896231 0.787238 0.0352519 0.791118 0.945321 0.33547 0.910021 0.205432 0.0385176 
20 17 34 32 
0.93053 0.573196 0.77744 0.142999 0.623083 0.782484 0.040634 0.595406 0.233521 0.459696 0.989192 0.472468 0.474086 0.333278 0.921817 0.726671 
21 22 12 4 
0.395707 0.697536 0.141961 0.186826 0.642856 0.477431 0.096847 0.848288 0.515948 0.362954 0.0687854 0.479606 0.293484 0.641981 0.257046 0.436483 
22 41 29 39 
0.86047 0.27305 0.936813 0.849663 0.745518 0.410899 0.182941 0.667335 0.13757 0.682417 0.577633 0.244279 0.0781242 0.275168 0.38624 0.26495 
23 35 25 21 
0.766313 0.379619 0.72475 0.835098 0.859224 0.0182341 0.477079 0.11627 0.454717 0.742143 0.1558 0.931833 0.602614 0.42885 0.868646 0.452276 
24 28 36 25 
0.841702 0.417114 0.317634 0.419335 0.661393 0.395758 0.694503 0.0476332 0.660708 0.612527 0.911304 0.0225049 0.37884 0.290922 0.747255 0.213938 
25 5 8 28 
0.266417 0.220206 0.433161 0.422216 0.152039 0.0357748 0.851066 0.0206853 0.488051 0.0254332 0.30023 0.123268 0.867135 0.717344 0.440902 0.28647 
26 43 24 39 
0.426371 0.497369 0.593501 0.337674 0.519873 0.972341 0.628597 0.267129 0.186279 0.778743 0.0326183 0.877297 0.0451597 0.252824 0.310458 0.467376 
27 41 16 5 
0.425549 0.834284 0.343875 0.725779 0.957552 0.21101 0.443123 0.398454 0.49748 0.821861 0.235115 0.478454 0.248231 0.732483 0.0719545 0.585906 
28 17 34 10 
0.519486 0.230574 0.993245 0.552104 0.107871 0.0384051 0.804928 0.418329 0.505781 0.209792 0.764562 0.824222 0.635341 0.598846 0.168097 0.36112 
29 39 4 19 
0.954852 0.876587 0.626104 0.189967 0.355041 0.874335 0.92245 0.426995 0.460241 0.174807 0.471291 0.674743 0.694292 0.701865 0.667988 0.246396 
30 2 10 28 
0.228065 0.212174 0.261116 0.992627 0.0363963 0.896457 0.591473 0.204493 0.257577 0.147871 0.5836 0.06182 0.102723 0.460187 0.687923 0.29269 
31 4 38 34 
0.242222 0.0224989 0.389946 0.713513 0.697242 0.0842388 0.415378 0.36523 0.330635 0.225114 0.0716232 0.38196 0.45318 0.283797 0.643076 0.445807 
32 24 45 11 
0.524687 0.797111 0.185151 0.108286 0.858931 0.287873 0.568473 0.546854 0.580563 0.3837 0.109112 0.795702 0.625922 0.131611 0.185649 0.339435 
33 23 4 43 
0.194083 0.600523 0.979927 0.265706 0.982482 0.433107 0.549504 0.625559 0.878913 0.869697 0.165092 0.916193 0.394384 0.962203 0.101344 0.50267 
34 45 20 16 
0.96978 0.454842 0.4771 0.765483 0.0807647 0.608711 0.951131 0.4202 0.437564 0.221019 0.175013 0.631647 0.821542 0.15494 0.897353 0.804024 
35 2 15 36 
0.46696 0.316554 0.594675 0.383153 0.710938 0.556878 0.484497 0.213608 0.378011 0.873714 0.28475 0.745998 0.843494 0.739592 0.223098 0.608977 
36 18 7 11 
0.240557 0.269373 0.781127 0.41557 0.901021 0.602669 0.570509 0.798374 0.406694 0.158556 0.245231 0.836276 0.625516 0.561785 0.430951 0.0086687 
37 6 44 19 
0.48633 0.36584 0.36688 0.77108 0.111838 0.210374 0.510672 0.334936 0.819351 0.331029 0.166746 0.379459 0.571586 0.436119 0.160586 0.987156 
38 21 6 27 
0.135513 0.169949 0.716221 0.380744 0.00622563 0.341737 0.942529 0.437177 0.350405 0.215251 0.425006 0.843571 0.701581 0.790846 0.210451 0.472661 
39 2 33 6 
0.237621 0.240176 0.314363 0.404367 0.619635 0.885949 0.840486 0.780222 0.873105 0.177625 0.543477 0.43077 0.313139 0.713426 0.146991 0.693883 
40 10 22 16 
0.156829 0.839133 0.851663 0.581835 0.682704 0.553244 0.372682 0.893155 0.0259052 0.275366 0.31398 0.00923846 0.512987 0.554156 0.323601 0.917354 
41 22 14 2 
0.954013 0.0826547 0.935465 0.49749 0.513425 0.248604 0.210917 0.660416 0.942487 0.930569 0.149143 0.578899 0.0873978 0.988276 0.430563 0.669233 
42 45 32 10 
0.00971221 0.317281 0.878115 0.0189507 0.830268 0.432271 0.342552 0.747623 0.606062 0.552102 0.505463 0.560075 0.634756 0.440928 0.0575651 0.148181 
43 21 24 10 
0.63202 0.19905 0.95774 0.210919 0.286448 0.946017 0.641482 0.955681 0.616997 0.625289 0.997596 0.181132 0.635001 0.314877 0.0592477 0.653952 
44 10 33 45 
0.892768 0.0975813 0.548605 0.398231 0.657656 0.183362 0.839159 0.715221 0.331543 0.528691 0.983703 0.14014 0.160711 0.182753 0.0978797 0.37163 
45 35 32 4 
0.424883 0.660893 0.638401 0.422479 0.842026 0.273402 0.737356 0.901273 0.927354 0.882501 0.392792 0.923857 0.77527 0.490374 0.472462 0.1735 
