47 1
0 1 1 0 1 1 1 0 0 0 1 0 1 1 1 0 0 0 0 1 0 0 1 1 1 1 1 0 0 0 1 1 0 1 0 0 1 1 0 0 0 0 1 1 0 0 0 
0 
0.35841 0.404173 
1 
0.343246 0.440309 
2 
0.745331 0.841473 
3 
0.649818 0.8257 
4 
0.229999 0.384032 
5 
0.752855 0.00443763 
6 
0.869477 0.969483 
7 
0.971201 0.58534 
8 
0.764042 0.890967 
9 
0.325292 0.980038 
10 
0.0384001 0.450563 
11 
0.628764 0.482135 
12 
0.190637 0.00138008 
13 
0.356182 0.513978 
14 
0.134262 0.692338 
15 
0.0437128 0.492671 
16 
0.0965111 0.386959 
17 
0.932981 0.841842 
18 
0.228431 0.582799 
19 
0.667542 0.45843 
20 
0.966831 0.420398 
21 
0.462868 0.836308 
22 
0.389881 0.434069 
23 
0.421648 0.153923 
24 
0.325036 0.74694 
25 
0.133961 0.363436 
26 
0.197504 0.762725 
27 
0.84557 0.38814 
28 
0.764106 0.201753 
29 
0.902118 0.898367 
30 
0.89409 0.945831 
31 
0.391039 0.990601 
32 
0.33279 0.32402 
33 
0.832444 0.561221 
34 
0.906819 0.499986 
35 
0.0196511 0.873649 
36 
0.920384 0.482519 
37 
0.709957 0.310265 
38 
0.916588 0.131605 
39 
0.464189 0.241624 
40 
0.878545 0.59815 
41 
0.60506 0.0760493 
42 
0.360875 0.45063 
43 
0.46419 0.124981 
44 
0.652383 0.366308 
45 
0.023348 0.546473 
46 
0.312139 0.414387 
