24 1
0 1 1 0 0 1 0 0 0 0 1 0 1 1 1 0 1 0 0 0 0 1 0 1 
0 
0.27647 0.894026 
1 
0.930038 0.42125 
2 
0.470677 0.288049 
3 
0.549059 0.670601 
4 
0.9053 0.987783 
5 
0.264032 0.168385 
6 
0.328869 0.904611 
7 
0.701558 0.380153 
8 
0.158612 0.655151 
9 
0.695984 0.732922 
10 
0.217055 0.336549 
11 
0.705245 0.725725 
12 
0.496462 0.360415 
13 
0.189077 0.972852 
14 
0.204639 0.957839 
15 
0.487756 0.481109 
16 
0.851865 0.417794 
17 
0.902359 0.322542 
18 
0.705843 0.451418 
19 
0.993143 0.611143 
20 
0.439201 0.257175 
21 
0.779528 0.76807 
22 
0.161786 0.481086 
23 
0.148223 0.320398 
