18 2
1 0 1 0 0 0 1 0 0 1 0 1 1 0 0 1 1 1 
0 7 
0.00237074 0.316553 0.100265 0.438322 
1 10 
0.202431 0.574369 0.0302595 0.651981 
2 16 
0.949664 0.99264 0.104816 0.84709 
3 16 
0.316231 0.201519 0.0551899 0.706286 
4 17 
0.35298 0.69649 0.442206 0.706769 
5 4 
0.0347909 0.916878 0.489255 0.405169 
6 11 
0.901093 0.407539 0.507724 0.00135815 
7 1 
0.20379 0.420231 0.702665 0.855771 
8 7 
0.652329 0.848411 0.656179 0.499419 
9 13 
0.97241 0.700938 0.108434 0.678696 
10 15 
0.461415 0.375186 0.219946 0.168184 
11 9 
0.254737 0.0850615 0.521146 0.659906 
12 16 
0.422239 0.0674453 0.783956 0.423597 
13 12 
0.456361 0.627387 0.333538 0.159026 
14 9 
0.811355 0.331568 0.541082 0.310774 
15 6 
0.513492 0.0117116 0.493247 0.192188 
16 9 
0.954662 0.567374 0.00939862 0.122846 
17 8 
0.264136 0.207907 0.12041 0.924042 
