70 2
1 1 0 0 1 0 1 1 0 0 1 0 0 1 1 0 0 0 0 1 1 1 1 1 0 0 1 1 1 1 0 1 1 0 1 1 1 1 1 0 0 1 0 1 1 0 0 0 1 0 1 1 0 1 0 1 1 0 0 1 0 1 1 0 0 1 0 0 0 0 
0 21 
0.0846911 0.064069 0.787384 0.292635 
1 18 
0.943339 0.749504 0.111383 0.571174 
2 25 
0.835528 0.444257 0.635498 0.308226 
3 31 
0.390831 0.211461 0.462988 0.140515 
4 46 
0.153524 0.882724 0.453029 0.645858 
5 58 
0.570959 0.15917 0.772275 0.780264 
6 4 
0.324421 0.864955 0.272498 0.111805 
7 14 
0.694794 0.0551436 0.907094 0.806177 
8 21 
0.69335 0.641705 0.0705744 0.328848 
9 57 
0.645734 0.719679 0.161392 0.108723 
10 55 
0.910193 0.262247 0.742919 0.363222 
11 4 
0.934181 0.0672742 0.580003 0.714445 
12 41 
0.904424 0.5794 0.548202 0.0162291 
13 4 
0.242995 0.0713726 0.644083 0.0491724 
14 24 
0.337434 0.690878 0.768264 0.666282 
15 34 
0.413999 0.385961 0.8022 0.522721 
16 69 
0.712393 0.784968 0.989074 0.0756156 
17 33 
0.796801 0.00979701 0.760347 0.376804 
18 36 
0.0360502 0.281228 0.303642 0.584252 
19 52 
0.0406309 0.827247 0.36883 0.684714 
20 42 
0.0665198 0.022148 0.567297 0.834784 
21 37 
0.208105 0.248783 0.0743909 0.0103053 
22 37 
0.320546 0.722698 0.556472 0.309619 
23 41 
0.249545 0.10642 0.808111 0.00989127 
24 67 
0.532353 0.0459415 0.764452 0.835995 
25 6 
0.0619096 0.876626 0.45744 0.430739 
26 36 
0.33386 0.497259 0.583488 0.901157 
27 66 
0.271918 0.109263 0.580826 0.346309 
28 22 
0.35233 0.666855 0.842267 0.908802 
29 21 
0.640581 0.158347 0.0828943 0.448692 
30 54 
0.566119 0.981045 0.21418 0.330571 
31 53 
0.844373 0.392481 0.693665 0.301813 
32 14 
0.255005 0.635673 0.32048 0.838493 
33 14 
0.652523 0.110411 0.646093 0.233349 
34 32 
0.765661 0.58568 0.123574 0.607928 
35 25 
0.100048 0.248508 0.652829 0.182942 
36 34 
0.821067 0.749061 0.678245 0.0352471 
37 0 
0.495284 0.87962 0.472113 0.188949 
38 6 
0.295333 0.443954 0.817107 0.615813 
39 37 
0.353938 0.268336 0.392857 3.09981e-05 
40 45 
0.849576 0.765692 0.0873646 0.97315 
41 5 
0.581847 0.0731977 0.622129 0.234676 
42 55 
0.319329 0.0557432 0.00520027 0.997574 
43 39 
0.0848322 0.492858 0.97061 0.556945 
44 51 
0.152044 0.852278 0.125761 0.969151 
45 1 
0.408208 0.323088 0.736426 0.801065 
46 14 
0.238111 0.650641 0.0888117 0.325476 
47 23 
0.462432 0.907322 0.696989 0.0845608 
48 39 
0.953128 0.40389 0.197741 0.958328 
49 40 
0.288732 0.0431606 0.894321 0.259342 
50 25 
0.576128 0.411386 0.452384 0.701889 
51 53 
0.920474 0.110097 0.703625 0.656901 
52 17 
0.0267442 0.895012 0.561802 0.115556 
53 19 
0.185593 0.577988 0.12781 0.882582 
54 30 
0.269808 0.83571 0.0664386 0.467549 
55 47 
0.467902 0.756281 0.837199 0.362223 
56 24 
0.437305 0.938352 0.427009 0.889688 
57 33 
0.807546 0.810163 0.750338 0.511171 
58 38 
0.661499 0.537915 0.362075 0.223301 
59 0 
0.582563 0.408894 0.231459 0.710372 
60 18 
0.894008 0.980181 0.127186 0.960446 
61 59 
0.921225 0.428348 0.204011 0.758424 
62 57 
0.219634 0.195728 0.728923 0.646644 
63 1 
0.369164 0.454189 0.895579 0.119502 
64 65 
0.362643 0.781 0.503274 0.724718 
65 32 
0.156745 0.307281 0.413196 0.388204 
66 11 
0.704672 0.282211 0.997834 0.831858 
67 33 
0.753083 0.671006 0.649575 0.511506 
68 60 
0.869209 0.707235 0.1905 0.515853 
69 43 
0.559664 0.970042 0.688231 0.679166 
