70 1
1 1 0 0 1 0 1 1 0 0 1 0 0 1 1 0 0 0 0 1 1 1 1 1 0 0 1 1 1 1 0 1 1 0 1 1 1 1 1 0 0 1 0 1 1 0 0 0 1 0 1 1 0 1 0 1 1 0 0 1 0 1 1 0 0 1 0 0 0 0 
0 
0.552146 0.0846911 
1 
0.064069 0.787384 
2 
0.292635 0.422296 
3 
0.943339 0.749504 
4 
0.111383 0.571174 
5 
0.786256 0.835528 
6 
0.444257 0.635498 
7 
0.308226 0.57516 
8 
0.390831 0.211461 
9 
0.462988 0.140515 
10 
0.748802 0.153524 
11 
0.882724 0.453029 
12 
0.645858 0.064809 
13 
0.570959 0.15917 
14 
0.772275 0.780264 
15 
0.208429 0.324421 
16 
0.864955 0.272498 
17 
0.111805 0.15759 
18 
0.694794 0.0551436 
19 
0.907094 0.806177 
20 
0.626317 0.69335 
21 
0.641705 0.0705744 
22 
0.328848 0.949931 
23 
0.645734 0.719679 
24 
0.161392 0.108723 
25 
0.860194 0.910193 
26 
0.262247 0.742919 
27 
0.363222 0.908105 
28 
0.807728 0.934181 
29 
0.0672742 0.580003 
30 
0.714445 0.275703 
31 
0.904424 0.5794 
32 
0.548202 0.0162291 
33 
0.736989 0.242995 
34 
0.0713726 0.644083 
35 
0.0491724 0.69769 
36 
0.337434 0.690878 
37 
0.768264 0.666282 
38 
0.640808 0.413999 
39 
0.385961 0.8022 
40 
0.522721 0.246155 
41 
0.712393 0.784968 
42 
0.989074 0.0756156 
43 
0.693073 0.796801 
44 
0.00979701 0.760347 
45 
0.376804 0.724242 
46 
0.0360502 0.281228 
47 
0.303642 0.584252 
48 
0.297457 0.0406309 
49 
0.827247 0.36883 
50 
0.684714 0.87642 
51 
0.0665198 0.022148 
52 
0.567297 0.834784 
53 
0.68843 0.208105 
54 
0.248783 0.0743909 
55 
0.0103053 0.771504 
56 
0.320546 0.722698 
57 
0.556472 0.309619 
58 
0.798314 0.249545 
59 
0.10642 0.808111 
60 
0.00989127 0.483224 
61 
0.532353 0.0459415 
62 
0.764452 0.835995 
63 
0.630193 0.0619096 
64 
0.876626 0.45744 
65 
0.430739 0.56134 
66 
0.33386 0.497259 
67 
0.583488 0.901157 
68 
0.332043 0.271918 
69 
0.109263 0.580826 
