34 6
1 1 1 1 0 0 1 1 1 0 0 1 0 0 1 1 1 1 0 0 0 0 0 0 0 1 0 0 0 0 0 1 0 0 
0 12 16 27 26 31 
0.00795642 0.587151 0.795431 0.370686 0.695223 0.153464 0.300957 0.659582 0.204851 0.567304 0.147479 0.217778 0.852697 0.100684 0.561672 0.145862 0.121097 0.444447 0.820645 0.934477 0.235761 0.9557 0.889019 0.187267 0.0353746 0.347947 0.235734 0.229534 0.167941 0.951161 0.333402 0.175898 0.538313 0.128833 0.546584 0.233536 0.282298 0.847541 0.893118 0.487149 0.414845 0.0405967 0.704927 0.267543 0.141281 0.266598 0.413404 0.262378 0.711045 0.234049 0.196855 0.946806 0.189749 0.0858745 0.134073 0.225124 0.433822 0.369807 0.454657 0.601763 0.320969 0.788059 0.777661 0.859281 
1 21 9 19 31 2 
0.985935 0.686339 0.586631 0.0265318 0.391266 0.854173 0.167813 0.657864 0.267577 0.430191 0.368909 0.501627 0.627046 0.315715 0.691376 0.71292 0.449788 0.916499 0.146742 0.819595 0.371156 0.748505 0.140564 0.159215 0.526166 0.999845 0.0761079 0.850411 0.0926622 0.275298 0.0221963 0.0785974 0.961637 0.608827 0.105129 0.352903 0.463 0.272942 0.0107669 0.730577 0.703133 0.379676 0.232204 0.330179 0.695391 0.923579 0.0430991 0.145179 0.840078 0.189841 0.964775 0.211235 0.938346 0.105339 0.37045 0.464512 0.105184 0.446558 0.314923 0.197846 0.721856 0.337119 0.276443 0.683493 
2 6 0 24 30 16 
0.0471622 0.139523 0.357647 0.426838 0.371727 0.687826 0.12223 0.295307 0.730925 0.267409 0.135385 0.920766 0.232184 0.34662 0.859113 0.337522 0.71707 0.323625 0.442706 0.163628 0.638548 0.640552 0.885484 0.975667 0.916995 0.568976 0.921613 0.298567 0.605372 0.330559 0.953082 0.652534 0.470083 0.310729 0.0793724 0.84181 0.998556 0.201602 0.137117 0.729481 0.469011 0.272502 0.650247 0.701195 0.619122 0.50936 0.0387177 0.336191 0.832985 0.481424 0.499819 0.471533 0.121976 0.385303 0.4472 0.0389708 0.954279 0.368813 0.337538 0.559651 0.699372 0.29062 0.212185 0.169455 
3 31 11 29 21 27 
0.329386 0.962171 0.420884 0.979633 0.663366 0.0400052 0.488993 0.702084 0.376197 0.321978 0.183508 0.876016 0.79351 0.305484 0.261319 0.24071 0.344454 0.215598 0.609523 0.681993 0.775249 0.308895 0.972613 0.987434 0.47835 0.573962 0.278991 0.489615 0.173867 0.772151 0.637996 0.503253 0.734322 0.05888 0.482886 0.397688 0.0988852 0.971879 0.0997721 0.475082 0.293857 0.28328 0.351098 0.0873675 0.588763 0.612416 0.328077 0.933218 0.828014 0.9376 0.61521 0.603263 0.246495 0.587823 0.590697 0.724845 0.161785 0.869688 0.21446 0.335653 0.641839 0.852456 0.838906 0.376161 
4 2 0 11 29 12 
0.873621 0.485303 0.587529 0.156901 0.836401 0.674896 0.745664 0.448817 0.00297378 0.678882 0.276831 0.940574 0.294093 0.880094 0.187069 0.881916 0.470791 0.911914 0.0437008 0.34048 0.126373 0.379353 0.982319 0.978829 0.218259 0.358479 0.890165 0.540051 0.132328 0.900386 0.833723 0.0059494 0.385689 0.421252 0.16285 0.22209 0.0961481 0.908515 0.670907 0.0991218 0.587397 0.947738 0.0396957 0.88149 0.827832 0.226765 0.763405 0.298623 0.138678 0.807106 0.639103 0.265051 0.186459 0.621421 0.243881 0.404718 0.979901 0.134046 0.94477 0.112229 0.0344321 0.778492 0.118179 0.420121 
5 18 3 7 11 17 
0.395014 0.776941 0.260855 0.43471 0.658431 0.088687 0.661474 0.421836 0.38731 0.800153 0.228942 0.0264128 0.0652039 0.415401 0.647834 0.309084 0.820119 0.627735 0.44313 0.764889 0.739964 0.477562 0.543381 0.858143 0.897684 0.743126 0.139172 0.539895 0.0390178 0.328716 0.853012 0.434032 0.105657 0.113868 0.868742 0.764087 0.202555 0.530216 0.185923 0.589865 0.330368 0.414865 0.616278 0.395572 0.830266 0.264112 0.704657 0.650386 0.891847 0.147787 0.415275 0.631811 0.625349 0.958656 0.489954 0.523033 0.701782 0.629125 0.0629278 0.7408 0.957841 0.91594 0.174831 0.0634976 
6 26 11 25 2 3 
0.0135084 0.822227 0.904157 0.428373 0.438505 0.299729 0.25864 0.702617 0.00438598 0.909025 0.594463 0.152173 0.3243 0.226274 0.777522 0.282956 0.716228 0.300555 0.984738 0.345353 0.363483 0.725538 0.303194 0.279423 0.900369 0.366691 0.309231 0.943942 0.194276 0.541594 0.517731 0.207785 0.363821 0.421888 0.636158 0.802326 0.721617 0.894798 0.504943 0.726003 0.803823 0.0994061 0.878176 0.128124 0.32568 0.655698 0.41108 0.0419078 0.956253 0.395818 0.387261 0.319736 0.121356 0.690454 0.59916 0.0217251 0.0571459 0.908391 0.965667 0.251422 0.449984 0.483398 0.459207 0.813806 
7 29 31 11 20 22 
0.121075 0.352905 0.793987 0.220481 0.231081 0.922111 0.546161 0.886779 0.333191 0.588069 0.843033 0.729009 0.975329 0.162769 0.850365 0.665784 0.761929 0.87209 0.72293 0.670319 0.837757 0.974352 0.120304 0.321155 0.433559 0.934109 0.226441 0.528925 0.550241 0.853343 0.519088 0.671316 0.206249 0.313075 0.891796 0.43733 0.235186 0.437957 0.324109 0.568377 0.0260259 0.167142 0.297386 0.00135512 0.329912 0.147751 0.667139 0.0918403 0.0198409 0.390068 0.76216 0.857598 0.36442 0.882464 0.178753 0.797979 0.816573 0.405194 0.326904 0.366814 0.258537 0.845993 0.0381298 0.464785 
8 25 24 4 27 13 
0.393909 0.393367 0.260017 0.395264 0.723279 0.407768 0.0624031 0.815119 0.427609 0.452472 0.577279 0.285207 0.816892 0.459742 0.46396 0.614871 0.276315 0.869154 0.941775 0.643129 0.127691 0.787768 0.681259 0.592476 0.946836 0.611185 0.494592 0.34109 0.979069 0.720817 0.303722 0.372978 0.114184 0.563739 0.768242 0.837463 0.971507 0.830645 0.652582 0.399116 0.283117 0.229861 0.684323 0.100009 0.689603 0.148283 0.71488 0.965918 0.0174371 0.656655 0.609048 0.145128 0.444423 0.290307 0.737604 0.39126 0.901492 0.232196 0.73235 0.880561 0.953013 0.0360713 0.253539 0.0671972 
9 19 4 12 20 0 
0.970432 0.135543 0.787103 0.654755 0.235552 0.476706 0.803038 0.950432 0.442624 0.820475 0.607087 0.0516716 0.965603 0.0515105 0.341978 0.703208 0.44277 0.24347 0.935404 0.17512 0.124031 0.888417 0.211191 0.37757 0.955614 0.811001 0.399351 0.860275 0.382318 0.251777 0.417517 0.35275 0.38732 0.204619 0.00750563 0.622871 0.681325 0.810544 0.573303 0.123949 0.631019 0.18039 0.175621 0.596623 0.231901 0.517599 0.29983 0.674671 0.76107 0.235234 0.849791 0.885101 0.123652 0.0609818 0.262671 0.0792661 0.871983 0.662021 0.939541 0.254301 0.913798 0.357057 0.607051 0.301118 
10 0 9 29 19 5 
0.497292 0.366951 0.0561201 0.677682 0.542571 0.652743 0.909583 0.0601703 0.952573 0.584254 0.82124 0.187807 0.434044 0.706341 0.311459 0.495026 0.969011 0.390725 0.367009 0.631032 0.330266 0.62131 0.54483 0.687323 0.228361 0.845948 0.249 0.842919 0.769937 0.492001 0.268019 0.26723 0.858952 0.32414 0.944912 0.401523 0.976882 0.854495 0.461694 0.929455 0.438749 0.282933 0.117263 0.872793 0.989274 0.428722 0.367819 0.958285 0.819447 0.734828 0.589317 0.149713 0.356138 0.134148 0.837036 0.5845 0.980096 0.0860351 0.427418 0.750034 0.578036 0.695438 0.0172632 0.436988 
11 19 21 0 28 27 
0.925915 0.255419 0.583138 0.0431777 0.128212 0.572412 0.471899 0.496031 0.530697 0.291346 0.23086 0.120015 0.441059 0.586998 0.254162 0.278094 0.171498 0.234259 0.36413 0.598916 0.984292 0.942166 0.294354 0.00155522 0.379154 0.313931 0.96373 0.217666 0.310391 0.780401 0.51787 0.236306 0.0358196 0.101009 0.279483 0.164032 0.673421 0.751383 0.660063 0.204118 0.0427293 0.890923 0.324133 0.483788 0.477921 0.578295 0.761883 0.649418 0.812554 0.126012 0.248334 0.796846 0.0681779 0.542688 0.798401 0.447332 0.856619 0.762131 0.664997 0.16701 0.542532 0.182868 0.403316 0.578352 
12 2 10 0 19 13 
0.402446 0.161416 0.476912 0.293369 0.485548 0.9607 0.77129 0.0638433 0.722582 0.420708 0.876397 0.848595 0.669042 0.673243 0.916772 0.211731 0.471644 0.364104 0.06835 0.233775 0.0291019 0.23536 0.776307 0.21197 0.638676 0.354659 0.495847 0.321476 0.0970419 0.453144 0.755658 0.499488 0.61456 0.23257 0.792857 0.100108 0.19327 0.564147 0.163951 0.915853 0.984855 0.0403482 0.764447 0.653897 0.713591 0.681219 0.865628 0.185235 0.0453239 0.933978 0.41901 0.0744258 0.169338 0.195316 0.286396 0.808014 0.549975 0.782242 0.12949 0.647017 0.235386 0.885149 0.146505 0.849946 
13 8 21 11 33 18 
0.114005 0.226841 0.488364 0.154353 0.991288 0.142261 0.867944 0.672508 0.00788903 0.0531786 0.717832 0.941867 0.472188 0.792257 0.111205 0.667505 0.078653 0.919219 0.21748 0.860895 0.048709 0.864497 0.0962814 0.933857 0.0110018 0.946227 0.0515761 0.950364 0.896281 0.362565 0.453874 0.0102859 0.589406 0.942238 0.164639 0.580694 0.0844994 0.032583 0.253202 0.0923884 0.0857615 0.971034 0.0342551 0.55795 0.763291 0.14546 0.225454 0.841944 0.0646786 0.442934 0.702839 0.113388 0.30743 0.79912 0.047245 0.318432 0.745348 0.0988211 0.268797 0.641629 0.461386 0.72267 0.651915 0.050792 
14 20 28 1 26 19 
0.884688 0.841796 0.934898 0.855722 0.876051 0.492848 0.619013 0.0215109 0.718302 0.460957 0.0861895 0.161236 0.163796 0.199577 0.468666 0.962916 0.246822 0.787098 0.708264 0.345643 0.055895 0.349893 0.807029 0.778565 0.00180703 0.857821 0.443474 0.818361 0.489307 0.192881 0.667497 0.373996 0.0346775 0.602395 0.229718 0.910729 0.0952428 0.848731 0.93224 0.813545 0.309687 0.018429 0.97478 0.473483 0.218006 0.443447 0.436399 0.464828 0.230545 0.144663 0.810471 0.28644 0.494556 0.6175 0.0650054 0.496363 0.475321 0.508479 0.314723 0.964629 0.70136 0.98222 0.338625 0.736038 
15 26 30 4 17 21 
0.579006 0.493403 0.72676 0.597435 0.468183 0.200243 0.815441 0.91163 0.636643 0.280269 0.142175 0.781306 0.0907404 0.428615 0.275862 0.708241 0.493621 0.772224 0.183562 0.00209971 0.0869477 0.148191 0.70346 0.069168 0.486816 0.439498 0.653783 0.0551582 0.0862644 0.333642 0.472231 0.66527 0.827044 0.198991 0.262706 0.295228 0.399235 0.0781468 0.206858 0.0358775 0.358416 0.349033 0.817183 0.449156 0.777648 0.093045 0.157397 0.271269 0.865269 0.340959 0.273369 0.952217 0.48915 0.976829 0.0213849 0.975966 0.416327 0.675168 0.0311244 0.502591 0.0088099 0.503356 0.167861 0.835854 
16 19 28 8 23 18 
0.33794 0.137459 0.86713 0.686973 0.954643 0.316286 0.464621 0.0476876 0.473683 0.73589 0.912957 0.814643 0.00925845 0.865174 0.303793 0.986087 0.886559 0.279759 0.402414 0.561727 0.310884 0.905005 0.570537 0.814239 0.0728662 0.406391 0.516586 0.503433 0.537474 0.618168 0.0121472 0.875413 0.755628 0.879277 0.562386 0.71027 0.195563 0.0270073 0.757958 0.669247 0.762897 0.670915 0.483889 0.772156 0.536089 0.787683 0.758243 0.422648 0.0674418 0.160656 0.984375 0.378326 0.0656611 0.554912 0.192565 0.138527 0.961303 0.709151 0.641961 0.498777 0.32732 0.654108 0.37419 0.0829473 
17 32 16 19 4 7 
0.551176 0.398195 0.726481 0.22209 0.882084 0.498637 0.758179 0.669767 0.25688 0.180827 0.737209 0.417536 0.165202 0.115534 0.483197 0.720114 0.308099 0.621725 0.681417 0.0172504 0.263685 0.180194 0.34457 0.917793 0.554385 0.427517 0.451178 0.490962 0.220735 0.180126 0.454546 0.771911 0.578321 0.181027 0.994001 0.460405 0.679664 0.75218 0.130172 0.936544 0.933007 0.86738 0.35408 0.098209 0.982914 0.837278 0.818323 0.291013 0.459002 0.49974 0.308264 0.722688 0.679935 0.652834 0.640481 0.234319 0.0803511 0.0916585 0.725281 0.301086 0.271784 0.179827 0.0729966 0.850105 
18 7 13 28 24 0 
0.440682 0.977062 0.752185 0.308062 0.331142 0.850394 0.290976 0.16842 0.668717 0.581989 0.627422 0.168457 0.890253 0.35011 0.848391 0.543087 0.99059 0.0827109 0.623438 0.0822489 0.807992 0.924524 0.354033 0.987819 0.99752 0.204138 0.348673 0.064518 0.514648 0.389191 0.883696 0.95533 0.366254 0.635881 0.263391 0.697396 0.486274 0.554367 0.865816 0.154991 0.136356 0.493238 0.323448 0.0266091 0.843348 0.171839 0.569696 0.833938 0.25455 0.193133 0.916187 0.0625423 0.117657 0.270221 0.0503614 0.115178 0.474359 0.399035 0.179696 0.989007 0.788226 0.0633914 0.944337 0.15448 
19 26 5 20 6 11 
0.340537 0.898452 0.21093 0.663985 0.925061 0.054278 0.835824 0.494756 0.888216 0.0903744 0.68789 0.804404 0.152917 0.805547 0.0746243 0.203278 0.920725 0.548983 0.602313 0.10042 0.53799 0.390539 0.163812 0.482327 0.545019 0.863084 0.690055 0.396894 0.0486299 0.45215 0.114586 0.389167 0.350602 0.325516 0.0531522 0.275663 0.379794 0.888976 0.770419 0.268011 0.979351 0.458309 0.0724143 0.132268 0.263855 0.147039 0.335546 0.18458 0.696022 0.937859 0.285 0.234012 0.328397 0.448812 0.716339 0.873416 0.311896 0.406394 0.27031 0.360526 0.858544 0.384896 0.749693 0.209146 
20 3 11 13 2 32 
0.255228 0.358217 0.671172 0.713536 0.430631 0.80344 0.977392 0.57767 0.138986 0.161972 0.273692 0.0768443 0.446972 0.507704 0.405242 0.895784 0.224042 0.278657 0.20768 0.630436 0.548968 0.568205 0.488981 0.933864 0.317898 0.698127 0.644276 0.120743 0.182936 0.734483 0.812565 0.438163 0.0926997 0.483737 0.151699 0.523331 0.287177 0.129091 0.101001 0.426163 0.291063 0.374692 0.503007 0.738035 0.882396 0.908248 0.633819 0.106439 0.186906 0.841498 0.736875 0.735873 0.409704 0.225856 0.669737 0.727602 0.923983 0.314014 0.848345 0.106918 0.0484963 0.66091 0.545081 0.141196 
21 13 27 10 15 28 
0.765528 0.857986 0.116934 0.14022 0.360993 0.854968 0.0226164 0.269242 0.488787 0.129055 0.456147 0.330285 0.86593 0.192021 0.739989 0.0917856 0.861758 0.467591 0.0157681 0.175772 0.315936 0.122686 0.224268 0.976846 0.667767 0.365464 0.121493 0.364548 0.0299911 0.553316 0.190419 0.795519 0.411302 0.307353 0.935739 0.772295 0.162321 0.958356 0.0415367 0.651108 0.0874105 0.497684 0.981394 0.95334 0.689705 0.721383 0.045126 0.551463 0.188974 0.0608941 0.727235 0.50491 0.18358 0.951503 0.481756 0.851348 0.316967 0.603249 0.215895 0.346958 0.156565 0.406314 0.142477 0.567867 
22 15 5 27 13 23 
0.381699 0.527096 0.123982 0.879383 0.50849 0.0773228 0.569088 0.229873 0.122449 0.120552 0.418847 0.183343 0.847787 0.923757 0.366923 0.79929 0.405513 0.218271 0.116257 0.00876225 0.434166 0.463215 0.165327 0.840481 0.605692 0.733194 0.554148 0.683908 0.0733568 0.430136 0.72048 0.455056 0.957232 0.844463 0.334439 0.465722 0.921786 0.903528 0.695595 0.0442345 0.0240791 0.114441 0.227577 0.871866 0.0381981 0.594501 0.671155 0.443711 0.812772 0.787412 0.452474 0.246938 0.250627 0.617801 0.0874188 0.856319 0.350995 0.641567 0.540228 0.424352 0.0717028 0.260708 0.879408 0.0289351 
23 0 30 8 32 25 
0.0711913 0.141454 0.304693 0.298769 0.0133197 0.342891 0.893269 0.684475 0.786603 0.706041 0.471887 0.239076 0.952979 0.722515 0.856877 0.0403977 0.578834 0.207873 0.681964 0.119062 0.632225 0.753667 0.37977 0.511633 0.782602 0.484941 0.72548 0.27726 0.511898 0.842855 0.467511 0.58309 0.984309 0.772204 0.881858 0.997629 0.115096 0.775128 0.682104 0.901698 0.481169 0.153991 0.140774 0.434147 0.876506 0.997652 0.474545 0.45534 0.205524 0.15651 0.574402 0.837749 0.910177 0.954172 0.349381 0.692779 0.439113 0.0748616 0.970039 0.951012 0.917717 0.43755 0.534101 0.902025 
24 32 25 29 20 17 
0.226548 0.672255 0.735749 0.367323 0.106403 0.612254 0.364974 0.580948 0.0675943 0.570498 0.737458 0.641996 0.408247 0.647634 0.596168 0.757628 0.340413 0.0352815 0.83249 0.310452 0.986293 0.750206 0.748002 0.520394 0.652232 0.957756 0.936354 0.551886 0.282606 0.12744 0.133644 0.509155 0.799696 0.869392 0.876477 0.906099 0.481647 0.241451 0.487047 0.549241 0.811949 0.224504 0.191237 0.220196 0.872139 0.787405 0.977825 0.212552 0.822687 0.810315 0.523004 0.80898 0.560521 0.271006 0.329374 0.212753 0.228762 0.265728 0.764639 0.511369 0.393168 0.898283 0.0205233 0.192864 
25 5 15 6 14 24 
0.950401 0.810514 0.989801 0.170598 0.682652 0.777206 0.148422 0.895204 0.599893 0.958737 0.418208 0.408873 0.519258 0.689214 0.738247 0.732011 0.917976 0.00397431 0.49665 0.429344 0.397142 0.394932 0.449868 0.590007 0.162607 0.346868 0.688969 0.411929 0.48532 0.274979 0.210493 0.435721 0.0854929 0.200293 0.606319 0.768145 0.977499 0.754741 0.663349 0.577392 0.713478 0.0815575 0.986264 0.232736 0.770771 0.724511 0.964746 0.688747 0.728485 0.461396 0.118091 0.125628 0.856328 0.567959 0.715634 0.0189357 0.914827 0.404604 0.430865 0.400147 0.679583 0.641358 0.835869 0.765076 
26 8 30 16 33 21 
0.19657 0.396542 0.910406 0.278128 0.382807 0.143142 0.048899 0.107318 0.107888 0.737646 0.835803 0.569284 0.855737 0.961431 0.425613 0.423697 0.677065 0.444548 0.338524 0.0816691 0.875413 0.738672 0.761252 0.516771 0.57454 0.526327 0.358422 0.016728 0.0595482 0.177573 0.213657 0.256118 0.574115 0.124063 0.534246 0.956922 0.267205 0.583145 0.0642393 0.375093 0.320791 0.900042 0.944378 0.176529 0.861473 0.36999 0.600225 0.538539 0.814539 0.93875 0.620208 0.689952 0.677421 0.38146 0.206723 0.251962 0.907787 0.565146 0.26869 0.967335 0.742718 0.482346 0.223454 0.316833 
27 33 23 14 7 31 
0.337994 0.248708 0.661636 0.238037 0.193086 0.838165 0.0995101 0.563076 0.43839 0.638049 0.377614 0.37714 0.258257 0.0675663 0.054561 0.639716 0.27429 0.306523 0.547504 0.839435 0.575212 0.514839 0.582154 0.0575584 0.738292 0.898987 0.663968 0.495992 0.172742 0.537582 0.836838 0.510736 0.78629 0.498474 0.748773 0.979376 0.336639 0.848283 0.542452 0.775029 0.486332 0.920066 0.152169 0.744589 0.987633 0.20673 0.384305 0.261922 0.513253 0.931809 0.101357 0.0884651 0.446647 0.683511 0.146023 0.18494 0.582498 0.809991 0.680932 0.75524 0.347574 0.51777 0.265976 0.133864 
28 23 16 26 24 29 
0.655692 0.127912 0.349364 0.575758 0.280082 0.0939525 0.563391 0.486812 0.478258 0.825313 6.50981e-05 0.410066 0.92667 0.0885302 0.856714 0.610181 0.234554 0.0416539 0.192679 0.0445449 0.722586 0.947919 0.392119 0.240356 0.213895 0.525983 0.2566 0.228644 0.639223 0.609483 0.0916757 0.294915 0.737396 0.44104 0.870673 0.0174776 0.534992 0.434064 0.50429 0.0132497 0.259377 0.504355 0.423316 0.186047 0.592885 0.28003 0.796228 0.827439 0.321684 0.988907 0.871984 0.0442703 0.936826 0.264102 0.284627 0.150721 0.790085 0.541227 0.379365 0.429308 0.15071 0.471041 0.724222 0.888106 
29 12 23 1 31 32 
0.409874 0.460322 0.288336 0.914229 0.883638 0.474383 0.507114 0.163668 0.270611 0.334552 0.485352 0.259519 0.206536 0.529622 0.196345 0.470638 0.814249 0.347066 0.260723 0.355476 0.726431 0.690031 0.506186 0.197471 0.414253 0.394293 0.109552 0.00914832 0.299876 0.556624 0.0381075 0.70975 0.0169455 0.326444 0.623979 0.900584 0.800827 0.131092 0.0642517 0.071438 0.465645 0.549604 0.330957 0.672181 0.0792264 0.527302 0.142819 0.893476 0.874368 0.403542 0.248952 0.600799 0.0935723 0.755138 0.79827 0.507825 0.149431 0.907822 0.516974 0.449307 0.464445 0.555081 0.159057 0.481391 
30 33 2 6 14 9 
0.446226 0.753789 0.379773 0.99583 0.0847461 0.0519538 0.0750564 0.612048 0.194773 0.968532 0.486415 0.598314 0.217484 0.0872139 0.691887 0.972622 0.885484 0.199712 0.122052 0.793305 0.716686 0.57136 0.257751 0.271767 0.730417 0.739142 0.153291 0.513453 0.121116 0.835643 0.427582 0.567342 0.589432 0.807355 0.563172 0.674178 0.859309 0.638228 0.286226 0.0540814 0.60676 0.772641 0.652396 0.824244 0.859855 0.344282 0.796866 0.745339 0.543994 0.918918 0.538645 0.26068 0.490278 0.796395 0.532446 0.220695 0.535537 0.685738 0.734149 0.656653 0.521381 0.16173 0.223995 0.110813 
31 10 32 21 24 12 
0.071217 0.882476 0.0321559 0.843858 0.534871 0.8564 0.703714 0.879154 0.653266 0.449053 0.423148 0.572184 0.987698 0.683827 0.0624623 0.784093 0.216274 0.283158 0.31963 0.902012 0.0173061 0.976283 0.423393 0.179037 0.200278 0.534205 0.148122 0.987445 0.319196 0.976516 0.41284 0.390413 0.858992 0.444996 0.234272 0.393863 0.301396 0.937985 0.273017 0.954662 0.387038 0.696164 0.526846 0.374736 0.379992 0.589308 0.158829 0.596266 0.872466 0.47846 0.498278 0.889772 0.454743 0.92167 0.0688085 0.655021 0.455876 0.21693 0.642466 0.775072 0.193447 0.0553059 0.165485 0.0524386 
32 5 10 25 17 24 
0.719318 0.75636 0.724781 0.415483 0.283206 0.0995172 0.795475 0.872515 0.258347 0.391741 0.744981 0.736806 0.890018 0.634753 0.191549 0.811689 0.703561 0.846569 0.267564 0.920491 0.489035 0.0426364 0.113938 0.544341 0.208122 0.166377 0.044643 0.607879 0.612678 0.846341 0.945622 0.331997 0.602701 0.670403 0.74748 0.885908 0.76992 0.542954 0.758422 0.0282664 0.934695 0.503403 0.765072 0.824713 0.138155 0.956621 0.636402 0.841716 0.803191 0.903966 0.762208 0.292226 0.946603 0.876146 0.836567 0.154725 0.0425225 0.88121 0.762603 0.655201 0.727551 0.708225 0.987198 0.330252 
33 5 18 7 29 17 
0.212327 0.477985 0.941886 0.0370399 0.61614 0.898508 0.673442 0.457856 0.701698 0.577408 0.220064 0.993924 0.524011 0.0962097 0.830491 0.678735 0.138732 0.7117 0.441339 0.793933 0.439251 0.149564 0.781131 0.769503 0.528192 0.515808 0.985663 0.676739 0.79344 0.960245 0.853553 0.00576641 0.438229 0.795439 0.0428063 0.0543693 0.693947 0.716248 0.512225 0.395645 0.293656 0.732289 0.389569 0.817667 0.828499 0.22006 0.496403 0.967231 0.93176 0.937742 0.761164 0.371011 0.0873058 0.542295 0.140514 0.615497 0.0581033 0.126177 0.292237 0.851543 0.0864216 0.145789 0.85731 0.524651 
